1701364374343, 2023-11-30T17:12:54.343Z, 313.11512, 260.000409
1701364374377, 2023-11-30T17:12:54.377Z, 319.1409555, 258.5415195
1701364374392, 2023-11-30T17:12:54.392Z, 336.4130063333334, 253.13889866666668
1701364374407, 2023-11-30T17:12:54.407Z, 347.55485475, 251.17335125
1701364374420, 2023-11-30T17:12:54.420Z, 361.9320224, 250.09965240000002
1701364374440, 2023-11-30T17:12:54.440Z, 382.7222778, 246.49559879999998
1701364374458, 2023-11-30T17:12:54.458Z, 405.38896800000003, 244.63902720000002
1701364374484, 2023-11-30T17:12:54.484Z, 416.6940654, 246.4094066
1701364374499, 2023-11-30T17:12:54.499Z, 426.13290859999995, 249.05802720000003
1701364374514, 2023-11-30T17:12:54.514Z, 426.2822876, 252.6903132
1701364374530, 2023-11-30T17:12:54.530Z, 430.1637802, 257.2083828
1701364374546, 2023-11-30T17:12:54.546Z, 429.36364080000004, 260.15157020000004
1701364374562, 2023-11-30T17:12:54.562Z, 430.7642794, 259.20369519999997
1701364374577, 2023-11-30T17:12:54.577Z, 432.88167599999997, 257.1498628
1701364374592, 2023-11-30T17:12:54.592Z, 436.95830559999996, 252.68803739999998
1701364374608, 2023-11-30T17:12:54.608Z, 437.68710820000007, 248.33651
1701364374639, 2023-11-30T17:12:54.639Z, 428.70941999999997, 244.50183539999998
1701364374653, 2023-11-30T17:12:54.653Z, 420.5087636, 246.32266440000004
1701364374669, 2023-11-30T17:12:54.669Z, 400.3579096, 252.30523119999998
1701364374685, 2023-11-30T17:12:54.685Z, 373.8238528, 262.2549828
1701364374700, 2023-11-30T17:12:54.700Z, 340.49869979999994, 276.77305599999994
1701364374740, 2023-11-30T17:12:54.740Z, 300.88911440000004, 296.24432959999996
1701364374762, 2023-11-30T17:12:54.762Z, 262.8718284, 313.27932419999996
1701364374777, 2023-11-30T17:12:54.777Z, 234.22143999999997, 327.511352
1701364374792, 2023-11-30T17:12:54.792Z, 216.90535559999998, 340.59349860000003
1701364374807, 2023-11-30T17:12:54.807Z, 207.829979, 346.8801086
1701364374824, 2023-11-30T17:12:54.824Z, 210.7830094, 346.3917748
1701364374839, 2023-11-30T17:12:54.839Z, 211.7428942, 346.077109
1701364374855, 2023-11-30T17:12:54.855Z, 209.5796056, 349.4357208
1701364374870, 2023-11-30T17:12:54.870Z, 202.0080154, 351.2469524
1701364374892, 2023-11-30T17:12:54.892Z, 191.43991019999999, 356.442995
1701364374901, 2023-11-30T17:12:54.901Z, 185.13937479999998, 362.9997872
1701364374922, 2023-11-30T17:12:54.922Z, 181.3178194, 367.4728988
1701364374935, 2023-11-30T17:12:54.935Z, 181.4424608, 365.0484488
1701364374947, 2023-11-30T17:12:54.947Z, 181.8202762, 361.5707474
1701364374963, 2023-11-30T17:12:54.963Z, 184.97920219999997, 353.750962
1701364374995, 2023-11-30T17:12:54.995Z, 188.6659828, 346.34601060000006
1701364375010, 2023-11-30T17:12:55.010Z, 190.5354892, 344.314413
1701364375040, 2023-11-30T17:12:55.040Z, 193.7706208, 342.8660506
1701364375056, 2023-11-30T17:12:55.056Z, 203.350045, 347.5962612
1701364375072, 2023-11-30T17:12:55.072Z, 211.5198394, 357.09549499999997
1701364375087, 2023-11-30T17:12:55.087Z, 214.03014119999997, 368.3815538
1701364375103, 2023-11-30T17:12:55.103Z, 218.45902500000003, 375.9825842
1701364375118, 2023-11-30T17:12:55.118Z, 222.37033420000003, 384.2508104
1701364375134, 2023-11-30T17:12:55.134Z, 219.7435638, 387.9429398
1701364375150, 2023-11-30T17:12:55.150Z, 221.431395, 389.10425960000003
1701364375165, 2023-11-30T17:12:55.165Z, 227.423975, 389.0812164
1701364375191, 2023-11-30T17:12:55.191Z, 231.1263622, 389.0597006
1701364375204, 2023-11-30T17:12:55.204Z, 234.6985914, 389.736594
1701364375227, 2023-11-30T17:12:55.227Z, 237.7674682, 390.52451859999996
1701364375243, 2023-11-30T17:12:55.243Z, 236.9794704, 392.14855
1701364375259, 2023-11-30T17:12:55.259Z, 234.2971348, 390.29700120000007
1701364375275, 2023-11-30T17:12:55.275Z, 232.7377798, 388.2869934
1701364375290, 2023-11-30T17:12:55.290Z, 230.51224860000002, 385.051607
1701364375305, 2023-11-30T17:12:55.305Z, 238.64281200000005, 383.51702079999995
1701364375320, 2023-11-30T17:12:55.320Z, 254.2345122, 383.0838486
1701364375343, 2023-11-30T17:12:55.343Z, 280.5766378, 386.7832958
1701364375352, 2023-11-30T17:12:55.352Z, 301.9922894, 389.57566660000003
1701364375371, 2023-11-30T17:12:55.371Z, 329.055112, 390.0496408
1701364375401, 2023-11-30T17:12:55.401Z, 346.45892100000003, 388.355917
1701364375419, 2023-11-30T17:12:55.419Z, 350.02708739999997, 390.8354366
1701364375432, 2023-11-30T17:12:55.432Z, 346.5176482, 391.638311
1701364375448, 2023-11-30T17:12:55.448Z, 345.4288218, 394.7625652
1701364375463, 2023-11-30T17:12:55.463Z, 339.1721282, 401.1967254
1701364375486, 2023-11-30T17:12:55.486Z, 330.93958119999996, 408.64897080000003
1701364375510, 2023-11-30T17:12:55.510Z, 326.1163146, 412.4757914
1701364375526, 2023-11-30T17:12:55.526Z, 316.6572318, 415.5151992
1701364375542, 2023-11-30T17:12:55.542Z, 308.4752984, 417.72814120000004
1701364375557, 2023-11-30T17:12:55.557Z, 298.5175448, 419.75660860000005
1701364375573, 2023-11-30T17:12:55.573Z, 290.2520598, 420.34792180000005
1701364375589, 2023-11-30T17:12:55.589Z, 284.7460466, 418.2546592
1701364375604, 2023-11-30T17:12:55.604Z, 283.4359366, 416.8888586
1701364375619, 2023-11-30T17:12:55.619Z, 282.0628438, 417.0842584
1701364375642, 2023-11-30T17:12:55.642Z, 282.2010662, 415.49142259999996
1701364375668, 2023-11-30T17:12:55.668Z, 282.2843934, 413.1518201999999
1701364375698, 2023-11-30T17:12:55.698Z, 284.40795760000003, 410.43188499999997
1701364375715, 2023-11-30T17:12:55.715Z, 286.60473939999997, 407.9406798
1701364375731, 2023-11-30T17:12:55.731Z, 288.49541719999996, 404.2242268
1701364375762, 2023-11-30T17:12:55.762Z, 290.1537746, 403.00146939999996
1701364375792, 2023-11-30T17:12:55.792Z, 291.3499866, 407.566546
1701364375808, 2023-11-30T17:12:55.808Z, 298.26058439999997, 415.3104766
1701364375824, 2023-11-30T17:12:55.824Z, 312.4740738, 421.6194294
1701364375840, 2023-11-30T17:12:55.840Z, 325.69688759999997, 426.9551144
1701364375857, 2023-11-30T17:12:55.857Z, 341.7798324, 432.31761079999995
1701364375874, 2023-11-30T17:12:55.874Z, 361.3718102, 432.596005
1701364375888, 2023-11-30T17:12:55.888Z, 372.5748118, 431.0425494
1701364375902, 2023-11-30T17:12:55.902Z, 373.86100180000005, 434.44012820000006
1701364375919, 2023-11-30T17:12:55.919Z, 378.1887702, 435.83540860000005
1701364375936, 2023-11-30T17:12:55.936Z, 369.71822460000004, 443.32846179999996
1701364375964, 2023-11-30T17:12:55.964Z, 363.65036, 447.3901973999999
1701364375979, 2023-11-30T17:12:55.979Z, 358.27215420000005, 451.11379539999996
1701364375996, 2023-11-30T17:12:55.996Z, 354.04925160000005, 452.60579879999995
1701364376010, 2023-11-30T17:12:56.010Z, 347.40363260000004, 455.91087559999994
1701364376026, 2023-11-30T17:12:56.026Z, 352.19494620000006, 449.6435466000001
1701364376046, 2023-11-30T17:12:56.046Z, 352.0452392, 447.4859104
1701364376072, 2023-11-30T17:12:56.072Z, 352.8518748, 444.0718296
1701364376092, 2023-11-30T17:12:56.092Z, 352.46905159999994, 439.9838294
1701364376118, 2023-11-30T17:12:56.118Z, 352.3643396, 436.89771219999994
1701364376135, 2023-11-30T17:12:56.135Z, 351.76729639999996, 440.3738380000001
1701364376165, 2023-11-30T17:12:56.165Z, 351.2074596, 443.7770098
1701364376181, 2023-11-30T17:12:56.181Z, 346.37476, 453.3029536
1701364376196, 2023-11-30T17:12:56.196Z, 345.364209, 459.4596178
1701364376211, 2023-11-30T17:12:56.211Z, 341.15344000000005, 462.26652780000006
1701364376241, 2023-11-30T17:12:56.241Z, 336.8808146, 460.14891019999993
1701364376258, 2023-11-30T17:12:56.258Z, 331.4256922, 458.4476386
1701364376274, 2023-11-30T17:12:56.274Z, 331.8922142, 452.4905728
1701364376289, 2023-11-30T17:12:56.289Z, 330.6304524, 449.62209160000003
1701364376306, 2023-11-30T17:12:56.306Z, 330.6161584, 450.50569839999997
1701364376321, 2023-11-30T17:12:56.321Z, 328.254904, 454.8754628
1701364376336, 2023-11-30T17:12:56.336Z, 328.6576268, 456.13052
1701364376352, 2023-11-30T17:12:56.352Z, 323.33739219999995, 459.0882252
1701364376368, 2023-11-30T17:12:56.368Z, 319.2915276, 459.45372740000005
1701364376388, 2023-11-30T17:12:56.388Z, 315.41200680000003, 459.0758736000001
1701364376416, 2023-11-30T17:12:56.416Z, 304.48616000000004, 461.10632000000004
1701364376432, 2023-11-30T17:12:56.432Z, 297.5271252, 462.1923466
1701364376446, 2023-11-30T17:12:56.446Z, 292.2533664, 462.45681019999995
1701364376461, 2023-11-30T17:12:56.461Z, 294.9779676, 463.9974056
1701364376476, 2023-11-30T17:12:56.476Z, 300.254789, 465.1065332
1701364376496, 2023-11-30T17:12:56.496Z, 323.136805, 457.4954664
1701364376524, 2023-11-30T17:12:56.524Z, 340.40543260000004, 452.76474740000003
1701364376541, 2023-11-30T17:12:56.541Z, 372.0960726, 438.0738714000001
1701364376570, 2023-11-30T17:12:56.570Z, 392.696333, 425.5279592
1701364376585, 2023-11-30T17:12:56.585Z, 403.58974800000004, 419.0207085999999
1701364376601, 2023-11-30T17:12:56.601Z, 408.470418, 414.286984
1701364376617, 2023-11-30T17:12:56.617Z, 412.9318964, 410.55297179999997
1701364376632, 2023-11-30T17:12:56.632Z, 405.0887014, 415.79263840000004
1701364376648, 2023-11-30T17:12:56.648Z, 400.12964380000005, 421.0494664
1701364376663, 2023-11-30T17:12:56.663Z, 402.80218560000003, 416.84686280000005
1701364376690, 2023-11-30T17:12:56.690Z, 402.42647539999996, 414.3295308
1701364376701, 2023-11-30T17:12:56.701Z, 399.36175139999995, 413.62061919999996
1701364376719, 2023-11-30T17:12:56.719Z, 398.568, 411.04336720000003
1701364376741, 2023-11-30T17:12:56.741Z, 393.6505112, 408.0896606
1701364376756, 2023-11-30T17:12:56.756Z, 382.11198160000004, 419.77031120000004
1701364376772, 2023-11-30T17:12:56.772Z, 371.6091292, 432.3209540000001
1701364376787, 2023-11-30T17:12:56.787Z, 363.9559838, 442.1145206
1701364376802, 2023-11-30T17:12:56.802Z, 350.72566459999996, 452.79201859999995
1701364376818, 2023-11-30T17:12:56.818Z, 341.5793934, 460.7367338
1701364376836, 2023-11-30T17:12:56.836Z, 337.52535040000004, 461.211301
1701364376865, 2023-11-30T17:12:56.865Z, 333.2219314, 464.0586518
1701364376881, 2023-11-30T17:12:56.881Z, 335.615115, 463.15614000000005
1701364376899, 2023-11-30T17:12:56.899Z, 345.75172680000003, 460.47457520000006
1701364376928, 2023-11-30T17:12:56.928Z, 357.66117560000004, 459.7865556
1701364376946, 2023-11-30T17:12:56.946Z, 380.7244914, 450.1391766
1701364376974, 2023-11-30T17:12:56.974Z, 404.518498, 436.90587139999997
1701364376992, 2023-11-30T17:12:56.992Z, 420.937475, 426.68659319999995
1701364377005, 2023-11-30T17:12:57.005Z, 432.5891332, 419.3287394
1701364377021, 2023-11-30T17:12:57.021Z, 439.05021500000004, 410.101167
1701364377037, 2023-11-30T17:12:57.037Z, 437.8517472, 404.1135838
1701364377052, 2023-11-30T17:12:57.052Z, 437.18931599999996, 399.7706162
1701364377068, 2023-11-30T17:12:57.068Z, 435.8425162, 396.4236358
1701364377084, 2023-11-30T17:12:57.084Z, 432.32346100000007, 394.7188916
1701364377099, 2023-11-30T17:12:57.099Z, 433.412974, 394.6970688
1701364377114, 2023-11-30T17:12:57.114Z, 431.92094660000004, 395.88599400000004
1701364377142, 2023-11-30T17:12:57.142Z, 428.58259739999994, 395.7321458
1701364377161, 2023-11-30T17:12:57.161Z, 425.71314240000004, 396.71480280000003
1701364377176, 2023-11-30T17:12:57.176Z, 427.2143972, 398.158994
1701364377192, 2023-11-30T17:12:57.192Z, 427.4032494, 400.7315866
1701364377207, 2023-11-30T17:12:57.207Z, 429.5106482, 402.3381074
1701364377223, 2023-11-30T17:12:57.223Z, 435.45767720000003, 406.33420739999997
1701364377238, 2023-11-30T17:12:57.238Z, 442.31228419999997, 409.9992942
1701364377254, 2023-11-30T17:12:57.254Z, 444.0716166, 410.6556716
1701364377270, 2023-11-30T17:12:57.270Z, 444.45162300000004, 410.17861819999996
1701364377288, 2023-11-30T17:12:57.288Z, 438.1825674, 415.8799276
1701364377316, 2023-11-30T17:12:57.316Z, 425.39909040000003, 425.1519948
1701364377333, 2023-11-30T17:12:57.333Z, 414.32398700000005, 431.3418604
1701364377350, 2023-11-30T17:12:57.350Z, 406.73105799999996, 437.53134179999995
1701364377378, 2023-11-30T17:12:57.378Z, 403.152733, 444.1442462
1701364377395, 2023-11-30T17:12:57.395Z, 414.9686726, 442.01573260000004
1701364377425, 2023-11-30T17:12:57.425Z, 430.9820680000001, 433.0981912000001
1701364377442, 2023-11-30T17:12:57.442Z, 444.80774119999995, 425.57879679999996
1701364377456, 2023-11-30T17:12:57.456Z, 457.6882964, 418.9794034
1701364377472, 2023-11-30T17:12:57.472Z, 466.27061100000003, 413.7903496
1701364377486, 2023-11-30T17:12:57.486Z, 468.8226952000001, 413.67150819999995
1701364377501, 2023-11-30T17:12:57.501Z, 469.72806760000003, 414.9518234
1701364377518, 2023-11-30T17:12:57.518Z, 468.40047599999997, 416.3743864
1701364377533, 2023-11-30T17:12:57.533Z, 469.8738918, 417.74195519999995
1701364377548, 2023-11-30T17:12:57.548Z, 474.4114224, 417.8414442
1701364377564, 2023-11-30T17:12:57.564Z, 470.819463, 412.7086310000001
1701364377591, 2023-11-30T17:12:57.591Z, 468.34615599999995, 406.5759554
1701364377610, 2023-11-30T17:12:57.610Z, 468.1552968, 402.77351880000003
1701364377626, 2023-11-30T17:12:57.626Z, 464.6491398, 399.595588
1701364377642, 2023-11-30T17:12:57.642Z, 463.212068, 397.1944344
1701364377657, 2023-11-30T17:12:57.657Z, 466.12815979999993, 396.877054
1701364377673, 2023-11-30T17:12:57.673Z, 469.96708440000003, 398.6361554
1701364377689, 2023-11-30T17:12:57.689Z, 471.8986952, 398.34292160000007
1701364377704, 2023-11-30T17:12:57.704Z, 461.7928366, 398.24196140000004
1701364377718, 2023-11-30T17:12:57.718Z, 448.1968559999999, 395.0423182
1701364377739, 2023-11-30T17:12:57.739Z, 432.70334620000006, 393.0003008
1701364377764, 2023-11-30T17:12:57.764Z, 419.19092140000004, 386.19455980000004
1701364377780, 2023-11-30T17:12:57.780Z, 404.7768408, 379.6288386
1701364377795, 2023-11-30T17:12:57.795Z, 406.123055, 372.0087662
1701364377812, 2023-11-30T17:12:57.812Z, 406.8338718, 366.85073739999996
1701364377828, 2023-11-30T17:12:57.828Z, 407.0245644, 369.74760640000005
1701364377844, 2023-11-30T17:12:57.844Z, 405.0791448, 374.37503419999996
1701364377875, 2023-11-30T17:12:57.875Z, 406.6581582, 379.08391220000004
1701364377892, 2023-11-30T17:12:57.892Z, 403.55230059999997, 380.37878279999995
1701364377908, 2023-11-30T17:12:57.908Z, 399.0686228, 381.9135898
1701364377921, 2023-11-30T17:12:57.921Z, 383.6947346, 379.3717146
1701364377938, 2023-11-30T17:12:57.938Z, 349.38970200000006, 380.11760540000006
1701364377956, 2023-11-30T17:12:57.956Z, 315.3812104, 381.0395176
1701364377970, 2023-11-30T17:12:57.970Z, 275.06323940000004, 390.1797743999999
1701364377986, 2023-11-30T17:12:57.986Z, 232.54228419999998, 400.8449506
1701364378000, 2023-11-30T17:12:58.000Z, 206.4299654, 406.9459248
1701364378015, 2023-11-30T17:12:58.015Z, 195.3065622, 414.0640128
1701364378043, 2023-11-30T17:12:58.043Z, 183.0070844, 423.2057472
1701364378061, 2023-11-30T17:12:58.061Z, 178.783547, 420.082363
1701364378077, 2023-11-30T17:12:58.077Z, 187.0931858, 409.4461056
1701364378092, 2023-11-30T17:12:58.092Z, 191.9297984, 401.1854866
1701364378108, 2023-11-30T17:12:58.108Z, 197.8639756, 392.6113066
1701364378139, 2023-11-30T17:12:58.139Z, 203.8259086, 382.21435119999995
1701364378156, 2023-11-30T17:12:58.156Z, 201.5847214, 386.8841276
1701364378171, 2023-11-30T17:12:58.171Z, 190.8113908, 396.68629599999997
1701364378188, 2023-11-30T17:12:58.188Z, 176.15429360000002, 411.1205008
1701364378219, 2023-11-30T17:12:58.219Z, 169.6744806, 417.96012179999997
1701364378234, 2023-11-30T17:12:58.234Z, 162.16428860000002, 428.0372552
1701364378265, 2023-11-30T17:12:58.265Z, 163.8077096, 430.25347299999993
1701364378281, 2023-11-30T17:12:58.281Z, 163.6575052, 433.45798299999996
1701364378296, 2023-11-30T17:12:58.296Z, 165.77992980000002, 435.59230499999995
1701364378311, 2023-11-30T17:12:58.311Z, 162.71022380000002, 442.3680332
1701364378341, 2023-11-30T17:12:58.341Z, 173.9236144, 439.901786
1701364378358, 2023-11-30T17:12:58.358Z, 182.1777788, 439.417036
1701364378374, 2023-11-30T17:12:58.374Z, 196.06979740000003, 438.2890104
1701364378391, 2023-11-30T17:12:58.391Z, 218.51356020000003, 429.82087119999994
1701364378408, 2023-11-30T17:12:58.408Z, 240.49499759999998, 421.41564159999996
1701364378421, 2023-11-30T17:12:58.421Z, 251.27743919999998, 415.93417579999993
1701364378437, 2023-11-30T17:12:58.437Z, 262.1973774, 410.090021
1701364378453, 2023-11-30T17:12:58.453Z, 268.62522060000003, 404.1573726
1701364378468, 2023-11-30T17:12:58.468Z, 272.58705399999997, 404.2788792
1701364378490, 2023-11-30T17:12:58.490Z, 273.80856559999995, 406.63875859999996
1701364378515, 2023-11-30T17:12:58.515Z, 274.079026, 410.6128466
1701364378530, 2023-11-30T17:12:58.530Z, 277.6972094, 409.9721346
1701364378545, 2023-11-30T17:12:58.545Z, 281.576503, 409.7644
1701364378561, 2023-11-30T17:12:58.561Z, 282.2344954, 407.49382660000003
1701364378577, 2023-11-30T17:12:58.577Z, 288.7782446, 405.6008862
1701364378592, 2023-11-30T17:12:58.592Z, 297.66548739999996, 406.1890408
1701364378610, 2023-11-30T17:12:58.610Z, 301.149865, 412.49182460000003
1701364378639, 2023-11-30T17:12:58.639Z, 300.742955, 418.5239296000001
1701364378655, 2023-11-30T17:12:58.655Z, 302.9083908, 421.75111319999996
1701364378671, 2023-11-30T17:12:58.671Z, 306.9640612, 425.4993496
1701364378686, 2023-11-30T17:12:58.686Z, 310.7161006, 427.94840899999997
1701364378701, 2023-11-30T17:12:58.701Z, 319.0407788, 427.58723799999996
1701364378717, 2023-11-30T17:12:58.717Z, 332.130493, 428.0080578
1701364378733, 2023-11-30T17:12:58.733Z, 338.7938368, 431.1379944
1701364378749, 2023-11-30T17:12:58.749Z, 337.3905864, 431.37529319999993
1701364378763, 2023-11-30T17:12:58.763Z, 336.73382979999997, 428.8004502
1701364378790, 2023-11-30T17:12:58.790Z, 335.2057816, 425.41600099999994
1701364378805, 2023-11-30T17:12:58.805Z, 331.32580659999996, 421.76743279999994
1701364378827, 2023-11-30T17:12:58.827Z, 326.566665, 420.1964898
1701364378842, 2023-11-30T17:12:58.842Z, 326.52032139999994, 420.28951639999997
1701364378858, 2023-11-30T17:12:58.858Z, 322.81679599999995, 423.99959979999994
1701364378873, 2023-11-30T17:12:58.873Z, 316.7253256, 429.1267726
1701364378891, 2023-11-30T17:12:58.891Z, 315.035732, 432.2957232
1701364378905, 2023-11-30T17:12:58.905Z, 318.927438, 432.9285296
1701364378921, 2023-11-30T17:12:58.921Z, 318.205941, 433.30342559999997
1701364378941, 2023-11-30T17:12:58.941Z, 321.0913628, 432.6454702
1701364378951, 2023-11-30T17:12:58.951Z, 325.3664932, 432.1680049999999
1701364378970, 2023-11-30T17:12:58.970Z, 325.63793, 433.5283314
1701364378998, 2023-11-30T17:12:58.998Z, 327.4233964, 434.74189779999995
1701364379029, 2023-11-30T17:12:59.029Z, 344.8160966, 433.8273114
1701364379045, 2023-11-30T17:12:59.045Z, 358.3133962, 432.63539460000004
1701364379060, 2023-11-30T17:12:59.060Z, 372.6496022, 429.1975931999999
1701364379086, 2023-11-30T17:12:59.086Z, 383.14477500000004, 428.1939622
1701364379107, 2023-11-30T17:12:59.107Z, 385.75354, 431.4600042
1701364379122, 2023-11-30T17:12:59.122Z, 374.86724, 435.0519924
1701364379138, 2023-11-30T17:12:59.138Z, 361.4596222, 439.37561639999996
1701364379154, 2023-11-30T17:12:59.154Z, 342.2896378, 449.2536242
1701364379169, 2023-11-30T17:12:59.169Z, 325.929345, 457.0580376
1701364379185, 2023-11-30T17:12:59.185Z, 313.80016280000007, 460.79868539999995
1701364379200, 2023-11-30T17:12:59.200Z, 293.994813, 475.2544058
1701364379215, 2023-11-30T17:12:59.215Z, 272.28858479999997, 493.1196510000001
1701364379240, 2023-11-30T17:12:59.240Z, 249.95432760000003, 507.2788958
1701364379262, 2023-11-30T17:12:59.262Z, 229.37071560000004, 520.672143
1701364379278, 2023-11-30T17:12:59.278Z, 208.68257320000004, 532.6499512
1701364379294, 2023-11-30T17:12:59.294Z, 195.5578998, 533.6550682
1701364379308, 2023-11-30T17:12:59.308Z, 186.09479460000003, 529.0454056000001
1701364379324, 2023-11-30T17:12:59.324Z, 182.43915700000002, 523.3601618
1701364379339, 2023-11-30T17:12:59.339Z, 182.0228984, 518.8104534
1701364379354, 2023-11-30T17:12:59.354Z, 182.5373916, 514.7898674
1701364379370, 2023-11-30T17:12:59.370Z, 181.7725048, 511.20570140000007
1701364379393, 2023-11-30T17:12:59.393Z, 179.472551, 510.6142014
1701364379401, 2023-11-30T17:12:59.401Z, 177.22961200000003, 512.4889547999999
1701364379421, 2023-11-30T17:12:59.421Z, 166.12152659999998, 515.2731041999999
1701364379448, 2023-11-30T17:12:59.448Z, 153.7281468, 521.1303525999999
1701364379448, 2023-11-30T17:12:59.448Z, 142.6412498, 528.1308974
1701364379464, 2023-11-30T17:12:59.464Z, 128.930873, 537.3391464
1701364379480, 2023-11-30T17:12:59.480Z, 117.7840912, 545.6696908
1701364379496, 2023-11-30T17:12:59.496Z, 106.5521248, 552.7109155999999
1701364379511, 2023-11-30T17:12:59.511Z, 97.41200719999999, 557.8805470000001
1701364379536, 2023-11-30T17:12:59.536Z, 87.75357960000001, 562.7891686
1701364379554, 2023-11-30T17:12:59.554Z, 85.44354200000001, 564.9423914
1701364379574, 2023-11-30T17:12:59.574Z, 81.24929360000002, 566.8450812
1701364379591, 2023-11-30T17:12:59.591Z, 77.682388, 569.5959408
1701364379605, 2023-11-30T17:12:59.605Z, 75.2177662, 572.1877519999999
1701364379621, 2023-11-30T17:12:59.621Z, 76.1872392, 574.485508
1701364379636, 2023-11-30T17:12:59.636Z, 72.52031579999999, 577.7795934
1701364379652, 2023-11-30T17:12:59.652Z, 75.9135432, 580.8250474
1701364379667, 2023-11-30T17:12:59.667Z, 88.3909932, 581.5481934
1701364379690, 2023-11-30T17:12:59.690Z, 104.85319180000002, 582.09471
1701364379704, 2023-11-30T17:12:59.704Z, 128.4138876, 581.800608
1701364379729, 2023-11-30T17:12:59.729Z, 154.4524432, 580.0688453999999
1701364379745, 2023-11-30T17:12:59.745Z, 178.3802588, 577.8907124000001
1701364379760, 2023-11-30T17:12:59.760Z, 204.858188, 575.7102618
1701364379780, 2023-11-30T17:12:59.780Z, 220.0413376, 571.0033702
1701364379808, 2023-11-30T17:12:59.808Z, 227.88026839999998, 567.2817308
1701364379842, 2023-11-30T17:12:59.842Z, 237.79148139999998, 566.8742067999999
1701364379853, 2023-11-30T17:12:59.853Z, 239.87012439999998, 564.0317054
1701364379871, 2023-11-30T17:12:59.871Z, 236.974681, 558.2766552
1701364379902, 2023-11-30T17:12:59.902Z, 238.5824442, 556.0807830000001
1701364379916, 2023-11-30T17:12:59.916Z, 235.2326844, 557.7156038
1701364379931, 2023-11-30T17:12:59.931Z, 231.29226, 554.8923400000001
1701364379946, 2023-11-30T17:12:59.946Z, 234.1179004, 552.5867032
1701364379961, 2023-11-30T17:12:59.961Z, 241.0232814, 552.5794814000001
1701364379985, 2023-11-30T17:12:59.985Z, 249.32339300000004, 552.221374
1701364380004, 2023-11-30T17:13:00.004Z, 265.18038220000005, 545.9953698
1701364380040, 2023-11-30T17:13:00.040Z, 282.39523019999996, 541.5165144
1701364380055, 2023-11-30T17:13:00.055Z, 294.49447799999996, 540.3967874
1701364380072, 2023-11-30T17:13:00.072Z, 300.1667332, 540.8399096
1701364380087, 2023-11-30T17:13:00.087Z, 303.7883836, 542.4979688000001
1701364380103, 2023-11-30T17:13:00.103Z, 305.31144159999997, 545.8186798
1701364380119, 2023-11-30T17:13:00.119Z, 304.43940619999995, 548.3774557999999
1701364380141, 2023-11-30T17:13:00.141Z, 302.04628080000003, 550.9932524
1701364380163, 2023-11-30T17:13:00.163Z, 301.97686, 551.5009097999999
1701364380179, 2023-11-30T17:13:00.179Z, 301.7853546, 551.098268
1701364380195, 2023-11-30T17:13:00.195Z, 298.84229080000006, 549.6345314
1701364380210, 2023-11-30T17:13:00.210Z, 291.55848, 549.8290024
1701364380226, 2023-11-30T17:13:00.226Z, 265.5600478, 555.531054
1701364380242, 2023-11-30T17:13:00.242Z, 237.570449, 563.36224
1701364380257, 2023-11-30T17:13:00.257Z, 206.99738119999998, 572.2999502
1701364380273, 2023-11-30T17:13:00.273Z, 168.7512966, 586.828996
1701364380292, 2023-11-30T17:13:00.292Z, 136.8151662, 598.6384512
1701364380304, 2023-11-30T17:13:00.304Z, 129.5732334, 606.1523679999999
1701364380320, 2023-11-30T17:13:00.320Z, 124.42829839999999, 613.7227144
1701364380336, 2023-11-30T17:13:00.336Z, 125.16981759999999, 619.8559534
1701364380352, 2023-11-30T17:13:00.352Z, 133.2174968, 621.6730386
1701364380367, 2023-11-30T17:13:00.367Z, 148.69062839999998, 625.1684929999999
1701364380382, 2023-11-30T17:13:00.382Z, 159.9912846, 625.9495656000001
1701364380398, 2023-11-30T17:13:00.398Z, 167.5978022, 625.5614744
1701364380413, 2023-11-30T17:13:00.413Z, 176.4163016, 623.9022196000001
1701364380439, 2023-11-30T17:13:00.439Z, 185.2128698, 621.9733200000001
1701364380460, 2023-11-30T17:13:00.460Z, 185.86264740000001, 619.9390192000001
1701364380476, 2023-11-30T17:13:00.476Z, 185.9860694, 618.2910822
1701364380492, 2023-11-30T17:13:00.492Z, 184.4997724, 617.9669474
1701364380507, 2023-11-30T17:13:00.507Z, 179.3946482, 619.3162618
1701364380522, 2023-11-30T17:13:00.522Z, 176.404504, 626.0051392
1701364380539, 2023-11-30T17:13:00.539Z, 168.267544, 633.7515467999999
1701364380554, 2023-11-30T17:13:00.554Z, 160.46860499999997, 641.9953514
1701364380570, 2023-11-30T17:13:00.570Z, 157.15055560000002, 649.5536514
1701364380590, 2023-11-30T17:13:00.590Z, 156.446394, 656.620217
1701364380617, 2023-11-30T17:13:00.617Z, 154.08822479999998, 658.7582324000001
1701364380633, 2023-11-30T17:13:00.633Z, 149.93834159999997, 659.8628676000001
1701364380649, 2023-11-30T17:13:00.649Z, 147.36667079999998, 660.3212164
1701364380665, 2023-11-30T17:13:00.665Z, 147.0331634, 660.6478960000001
1701364380680, 2023-11-30T17:13:00.680Z, 142.36724900000002, 658.4160062000001
1701364380697, 2023-11-30T17:13:00.697Z, 138.8697242, 656.2058053999999
1701364380712, 2023-11-30T17:13:00.712Z, 138.9306216, 651.5499846
1701364380747, 2023-11-30T17:13:00.747Z, 137.99407019999998, 645.238981
1701364380759, 2023-11-30T17:13:00.759Z, 132.5906126, 638.6326182
1701364380774, 2023-11-30T17:13:00.774Z, 130.9903298, 634.217371
1701364380790, 2023-11-30T17:13:00.790Z, 132.05641880000002, 631.4876575999999
1701364380805, 2023-11-30T17:13:00.805Z, 134.2402318, 630.8677502
1701364380821, 2023-11-30T17:13:00.821Z, 142.6234064, 634.0924348000001
1701364380837, 2023-11-30T17:13:00.837Z, 152.66038020000002, 637.017768
1701364380852, 2023-11-30T17:13:00.852Z, 157.7352758, 637.7811058
1701364380868, 2023-11-30T17:13:00.868Z, 160.607351, 637.0566866
1701364380889, 2023-11-30T17:13:00.889Z, 161.4564254, 636.5623388
1701364380906, 2023-11-30T17:13:00.906Z, 160.0383926, 635.079221
1701364380931, 2023-11-30T17:13:00.931Z, 155.844918, 635.0449426
1701364380949, 2023-11-30T17:13:00.949Z, 148.89145440000001, 634.7636517999999
1701364380968, 2023-11-30T17:13:00.968Z, 140.997754, 634.6822188
1701364380978, 2023-11-30T17:13:00.978Z, 134.79684600000002, 633.8035486
1701364380994, 2023-11-30T17:13:00.994Z, 127.781071, 633.390243
1701364381024, 2023-11-30T17:13:01.024Z, 123.750358, 633.4875654
1701364381056, 2023-11-30T17:13:01.056Z, 126.899959, 636.4123993999999
1701364381070, 2023-11-30T17:13:01.070Z, 128.9131262, 639.5001503999999
1701364381086, 2023-11-30T17:13:01.086Z, 128.750432, 640.6980408000001
1701364381101, 2023-11-30T17:13:01.101Z, 128.17890500000001, 641.8198556
1701364381117, 2023-11-30T17:13:01.117Z, 126.43692700000001, 642.7727722
1701364381133, 2023-11-30T17:13:01.133Z, 128.314585, 644.8162134
1701364381148, 2023-11-30T17:13:01.148Z, 130.1774294, 646.3322418
1701364381164, 2023-11-30T17:13:01.164Z, 133.81205060000002, 649.301686
1701364381191, 2023-11-30T17:13:01.191Z, 133.51215299999998, 649.8930300000001
1701364381201, 2023-11-30T17:13:01.201Z, 134.73654879999998, 648.4834470000001
1701364381226, 2023-11-30T17:13:01.226Z, 134.4628502, 644.6309980000001
1701364381242, 2023-11-30T17:13:01.242Z, 136.9239878, 637.8671248
1701364381258, 2023-11-30T17:13:01.258Z, 136.6845792, 632.4923040000001
1701364381273, 2023-11-30T17:13:01.274Z, 142.77748400000002, 626.7322464000001
1701364381289, 2023-11-30T17:13:01.289Z, 148.0523286, 622.7297206
1701364381304, 2023-11-30T17:13:01.304Z, 149.8662372, 620.369728
1701364381320, 2023-11-30T17:13:01.320Z, 154.9582072, 622.3103564
1701364381337, 2023-11-30T17:13:01.337Z, 163.6948128, 624.0512274
1701364381367, 2023-11-30T17:13:01.367Z, 168.9304722, 627.3401132
1701364381382, 2023-11-30T17:13:01.382Z, 173.7582536, 629.95332
1701364381401, 2023-11-30T17:13:01.401Z, 174.0483338, 632.1486884
1701364381428, 2023-11-30T17:13:01.428Z, 167.4183338, 633.1146374
1701364381428, 2023-11-30T17:13:01.428Z, 158.8662954, 635.5569818000001
1701364381447, 2023-11-30T17:13:01.447Z, 152.2307638, 635.0681856
1701364381475, 2023-11-30T17:13:01.475Z, 146.14995219999997, 634.55083
1701364381491, 2023-11-30T17:13:01.491Z, 142.1679008, 637.123532
1701364381508, 2023-11-30T17:13:01.508Z, 140.76734679999998, 638.3520925999999
1701364381522, 2023-11-30T17:13:01.522Z, 143.1930388, 637.072304
1701364381538, 2023-11-30T17:13:01.538Z, 143.3595272, 637.9835488
1701364381553, 2023-11-30T17:13:01.553Z, 144.7008974, 638.1375914
1701364381570, 2023-11-30T17:13:01.570Z, 148.9916156, 635.1877498
1701364381584, 2023-11-30T17:13:01.584Z, 150.45143560000002, 633.9631517999999
1701364381599, 2023-11-30T17:13:01.599Z, 151.6648062, 633.0109666000001
1701364381615, 2023-11-30T17:13:01.615Z, 149.360303, 633.3080812000001
1701364381640, 2023-11-30T17:13:01.640Z, 144.867967, 634.4719451999999
1701364381649, 2023-11-30T17:13:01.649Z, 138.86698140000001, 634.7022863999999
1701364381671, 2023-11-30T17:13:01.671Z, 133.9435312, 633.9538866
1701364381693, 2023-11-30T17:13:01.693Z, 132.7545024, 633.5032668
1701364381708, 2023-11-30T17:13:01.708Z, 132.0124558, 631.774789
1701364381723, 2023-11-30T17:13:01.723Z, 135.5686172, 630.8645362
1701364381739, 2023-11-30T17:13:01.739Z, 140.94151399999998, 632.1971487999999
1701364381755, 2023-11-30T17:13:01.755Z, 143.6523354, 633.8391848
1701364381770, 2023-11-30T17:13:01.770Z, 142.066848, 636.4512637999999
1701364381788, 2023-11-30T17:13:01.788Z, 139.72461319999996, 639.6945988
1701364381817, 2023-11-30T17:13:01.817Z, 136.9948896, 644.3691613999999
1701364381832, 2023-11-30T17:13:01.832Z, 136.4620142, 646.6990764
1701364381851, 2023-11-30T17:13:01.851Z, 135.000533, 648.9167927999999
1701364381865, 2023-11-30T17:13:01.865Z, 133.46631340000002, 651.1769836
1701364381879, 2023-11-30T17:13:01.879Z, 135.82005220000002, 654.2178336
1701364381895, 2023-11-30T17:13:01.895Z, 140.4352576, 654.6181819999999
1701364381910, 2023-11-30T17:13:01.910Z, 143.4543604, 656.0556409999999
1701364381940, 2023-11-30T17:13:01.940Z, 150.1985184, 660.2730561999999
1701364381957, 2023-11-30T17:13:01.957Z, 156.7521642, 664.1378834
1701364381972, 2023-11-30T17:13:01.972Z, 161.605905, 666.7033892
1701364381987, 2023-11-30T17:13:01.987Z, 158.476237, 668.7337210000001
1701364382003, 2023-11-30T17:13:02.003Z, 155.5669082, 674.7207922
1701364382019, 2023-11-30T17:13:02.019Z, 154.3017122, 683.4274046
1701364382035, 2023-11-30T17:13:02.035Z, 153.291544, 692.2426948
1701364382051, 2023-11-30T17:13:02.051Z, 153.64342040000002, 702.6603223999999
1701364382066, 2023-11-30T17:13:02.066Z, 151.9244954, 712.9329944
1701364382090, 2023-11-30T17:13:02.090Z, 153.965937, 720.7832036
1701364382113, 2023-11-30T17:13:02.113Z, 153.5473274, 722.123895
1701364382129, 2023-11-30T17:13:02.129Z, 153.828562, 723.5514544
1701364382144, 2023-11-30T17:13:02.144Z, 155.9324148, 724.6022294
1701364382160, 2023-11-30T17:13:02.160Z, 163.2596432, 726.9243262000001
1701364382175, 2023-11-30T17:13:02.175Z, 166.554278, 727.8181326
1701364382190, 2023-11-30T17:13:02.190Z, 171.1358614, 730.0012262
1701364382206, 2023-11-30T17:13:02.206Z, 174.2427212, 729.9479578
1701364382222, 2023-11-30T17:13:02.222Z, 176.2335552, 731.563153
1701364382252, 2023-11-30T17:13:02.252Z, 175.1224812, 732.4002017999999
1701364382270, 2023-11-30T17:13:02.270Z, 169.4272034, 730.9514014
1701364382283, 2023-11-30T17:13:02.283Z, 165.9666066, 730.6733158000001
1701364382284, 2023-11-30T17:13:02.284Z, 162.18513000000002, 732.995737
1701364382301, 2023-11-30T17:13:02.301Z, 155.3755622, 734.9743088
1701364382330, 2023-11-30T17:13:02.330Z, 156.162007, 736.9591258
1701364382345, 2023-11-30T17:13:02.345Z, 159.975761, 739.9386528
1701364382361, 2023-11-30T17:13:02.361Z, 160.9614096, 741.6629702
1701364382390, 2023-11-30T17:13:02.390Z, 165.57148, 742.4230302
1701364382408, 2023-11-30T17:13:02.408Z, 176.7997416, 740.3558298
1701364382424, 2023-11-30T17:13:02.424Z, 184.0804948, 735.5994372
1701364382439, 2023-11-30T17:13:02.439Z, 194.4674506, 730.9714164
1701364382454, 2023-11-30T17:13:02.454Z, 205.82346139999999, 728.2951232
1701364382469, 2023-11-30T17:13:02.469Z, 212.0336308, 725.1189287999999
1701364382485, 2023-11-30T17:13:02.485Z, 214.8811776, 723.0783166000001
1701364382500, 2023-11-30T17:13:02.500Z, 216.4335384, 725.3038382000001
1701364382516, 2023-11-30T17:13:02.516Z, 214.7167938, 728.205109
1701364382540, 2023-11-30T17:13:02.540Z, 208.76754580000002, 729.1855843999999
1701364382550, 2023-11-30T17:13:02.550Z, 203.8941582, 731.5083986
1701364382578, 2023-11-30T17:13:02.578Z, 198.04371499999996, 735.4852083999999
1701364382593, 2023-11-30T17:13:02.593Z, 192.3021228, 737.9304248
1701364382609, 2023-11-30T17:13:02.609Z, 187.6346706, 739.357302
1701364382624, 2023-11-30T17:13:02.624Z, 189.9853352, 743.1877394
1701364382640, 2023-11-30T17:13:02.640Z, 192.53385680000002, 745.7065482
1701364382658, 2023-11-30T17:13:02.658Z, 193.69692179999998, 745.5644566
1701364382671, 2023-11-30T17:13:02.671Z, 197.8505186, 746.408521
1701364382688, 2023-11-30T17:13:02.688Z, 200.4048724, 747.8925508
1701364382718, 2023-11-30T17:13:02.718Z, 198.625599, 747.2971496
1701364382734, 2023-11-30T17:13:02.734Z, 193.7058296, 746.8844114
1701364382751, 2023-11-30T17:13:02.751Z, 181.6125778, 745.5920967999999
1701364382768, 2023-11-30T17:13:02.768Z, 168.5896786, 744.2996361999999
1701364382781, 2023-11-30T17:13:02.781Z, 155.2929298, 743.5688749999999
1701364382797, 2023-11-30T17:13:02.797Z, 143.9137364, 742.6468318
1701364382813, 2023-11-30T17:13:02.813Z, 137.183357, 742.2798895999999
1701364382840, 2023-11-30T17:13:02.840Z, 138.4293024, 743.6864508
1701364382858, 2023-11-30T17:13:02.858Z, 139.2843942, 744.4004956
1701364382873, 2023-11-30T17:13:02.873Z, 147.5163732, 744.5729294
1701364382889, 2023-11-30T17:13:02.889Z, 157.9346724, 745.5604334
1701364382904, 2023-11-30T17:13:02.904Z, 172.4981752, 747.1131126
1701364382920, 2023-11-30T17:13:02.920Z, 185.622639, 747.9810776
1701364382937, 2023-11-30T17:13:02.937Z, 198.95239120000002, 750.602248
1701364382951, 2023-11-30T17:13:02.951Z, 208.734159, 752.638448
1701364382967, 2023-11-30T17:13:02.967Z, 210.62313899999998, 750.2557794
1701364382992, 2023-11-30T17:13:02.992Z, 206.7323014, 746.1373064000002
1701364383014, 2023-11-30T17:13:03.014Z, 205.1286728, 741.1122578000001
1701364383029, 2023-11-30T17:13:03.029Z, 205.08365039999998, 735.4574495999999
1701364383045, 2023-11-30T17:13:03.045Z, 206.39119820000002, 731.2167787999999
1701364383061, 2023-11-30T17:13:03.061Z, 209.93280600000003, 728.3355865999999
1701364383077, 2023-11-30T17:13:03.077Z, 216.9677478, 727.4588894
1701364383093, 2023-11-30T17:13:03.093Z, 224.83255560000003, 728.9505367999999
1701364383110, 2023-11-30T17:13:03.110Z, 231.6822142, 731.1829364
1701364383153, 2023-11-30T17:13:03.153Z, 233.86127000000002, 731.671698
1701364383169, 2023-11-30T17:13:03.169Z, 240.47312859999997, 735.6624548
1701364383185, 2023-11-30T17:13:03.185Z, 244.8042504, 738.5206292
1701364383203, 2023-11-30T17:13:03.203Z, 245.2909596, 738.7466191999999
1701364383234, 2023-11-30T17:13:03.234Z, 244.7603512, 737.2173971999999
1701364383265, 2023-11-30T17:13:03.265Z, 245.0632438, 736.3906681999999
1701364383278, 2023-11-30T17:13:03.278Z, 245.2165392, 735.3072462
1701364383295, 2023-11-30T17:13:03.295Z, 242.174793, 733.235815
1701364383310, 2023-11-30T17:13:03.310Z, 236.94033640000004, 731.3646257999999
1701364383326, 2023-11-30T17:13:03.326Z, 220.2954072, 728.9515104
1701364383342, 2023-11-30T17:13:03.342Z, 206.33171480000001, 730.6791846
1701364383358, 2023-11-30T17:13:03.358Z, 193.4265702, 731.5582346000001
1701364383373, 2023-11-30T17:13:03.373Z, 181.3266528, 733.6754338000001
1701364383389, 2023-11-30T17:13:03.389Z, 173.67928360000002, 735.5981777999999
1701364383403, 2023-11-30T17:13:03.403Z, 176.70805739999997, 737.7001514000001
1701364383420, 2023-11-30T17:13:03.420Z, 175.95149, 737.5718610000001
1701364383442, 2023-11-30T17:13:03.442Z, 171.496048, 735.5706700000001
1701364383467, 2023-11-30T17:13:03.467Z, 166.4324716, 735.0227282
1701364383483, 2023-11-30T17:13:03.483Z, 162.908073, 735.3199074
1701364383498, 2023-11-30T17:13:03.498Z, 157.8578148, 734.0228860000001
1701364383513, 2023-11-30T17:13:03.513Z, 155.121262, 731.7667624000001
1701364383529, 2023-11-30T17:13:03.529Z, 154.3886978, 731.509247
1701364383545, 2023-11-30T17:13:03.545Z, 156.36102540000002, 729.4565646
1701364383562, 2023-11-30T17:13:03.562Z, 154.940851, 725.0520278
1701364383592, 2023-11-30T17:13:03.592Z, 151.10109960000003, 714.8782187999999
1701364383624, 2023-11-30T17:13:03.624Z, 148.2135718, 699.362825
1701364383640, 2023-11-30T17:13:03.640Z, 144.85476, 679.6699494
1701364383671, 2023-11-30T17:13:03.671Z, 147.15300760000002, 653.6408366000001
1701364383686, 2023-11-30T17:13:03.686Z, 150.92168180000002, 629.0163152
1701364383718, 2023-11-30T17:13:03.718Z, 165.9027682, 609.8765068
1701364383740, 2023-11-30T17:13:03.740Z, 181.54672599999998, 594.5803578
1701364383756, 2023-11-30T17:13:03.756Z, 195.38310020000003, 583.4202972
1701364383781, 2023-11-30T17:13:03.781Z, 199.88062100000002, 578.8635297999999
1701364383813, 2023-11-30T17:13:03.813Z, 203.58392940000002, 566.6883316000001
1701364383830, 2023-11-30T17:13:03.830Z, 193.4365872, 553.8559244
1701364383859, 2023-11-30T17:13:03.859Z, 180.94964879999998, 534.2226332
1701364383890, 2023-11-30T17:13:03.890Z, 169.4734756, 476.53233020000005
1701364383906, 2023-11-30T17:13:03.906Z, 159.6995952, 418.13316599999996
1701364383923, 2023-11-30T17:13:03.923Z, 154.4854462, 368.41478020000005
1701364383938, 2023-11-30T17:13:03.938Z, 156.6275936, 322.1994764
1701364383955, 2023-11-30T17:13:03.955Z, 157.8673088, 283.3572846
1701364383969, 2023-11-30T17:13:03.969Z, 156.90133559999998, 284.7834084
1701364383985, 2023-11-30T17:13:03.985Z, 158.9444666, 288.28842599999996
1701364384000, 2023-11-30T17:13:04.000Z, 157.062509, 293.5907072
1701364384017, 2023-11-30T17:13:04.017Z, 156.5625658, 299.87499859999997
1701364384036, 2023-11-30T17:13:04.036Z, 157.5189514, 306.85881
1701364384062, 2023-11-30T17:13:04.062Z, 167.2006182, 310.5466584
1701364384077, 2023-11-30T17:13:04.077Z, 177.534744, 310.1390546
1701364384093, 2023-11-30T17:13:04.093Z, 188.281415, 308.90651919999993
1701364384108, 2023-11-30T17:13:04.108Z, 198.6253258, 304.3069626
1701364384124, 2023-11-30T17:13:04.124Z, 209.6513746, 299.48180199999996
1701364384140, 2023-11-30T17:13:04.140Z, 216.9463236, 294.35925280000004
1701364384155, 2023-11-30T17:13:04.155Z, 232.5024688, 290.9934174
1701364384170, 2023-11-30T17:13:04.170Z, 251.42665440000002, 286.449367
1701364384189, 2023-11-30T17:13:04.189Z, 273.8484522, 282.4004446
1701364384218, 2023-11-30T17:13:04.218Z, 294.276773, 277.4661562
1701364384236, 2023-11-30T17:13:04.236Z, 304.71210460000003, 274.8143774
1701364384265, 2023-11-30T17:13:04.265Z, 305.2841712, 273.3411682
1701364384265, 2023-11-30T17:13:04.265Z, 302.5516086, 272.20151500000003
1701364384280, 2023-11-30T17:13:04.280Z, 293.455197, 272.2817526
1701364384295, 2023-11-30T17:13:04.295Z, 284.761259, 274.8624132
1701364384311, 2023-11-30T17:13:04.311Z, 278.7024614, 279.54107940000006
1701364384339, 2023-11-30T17:13:04.339Z, 270.6286356, 286.8488962
1701364384349, 2023-11-30T17:13:04.349Z, 258.7391074, 294.8187104
1701364384369, 2023-11-30T17:13:04.369Z, 263.2204292, 292.95108020000004
1701364384388, 2023-11-30T17:13:04.388Z, 276.9052014, 284.760334
1701364384406, 2023-11-30T17:13:04.406Z, 283.8657998, 280.46324560000005
1701364384420, 2023-11-30T17:13:04.420Z, 303.9426313999999, 272.68118979999997
1701364384435, 2023-11-30T17:13:04.435Z, 332.76129679999997, 265.9290338
1701364384450, 2023-11-30T17:13:04.450Z, 345.79121219999996, 268.34119280000004
1701364384466, 2023-11-30T17:13:04.466Z, 349.12653, 275.722238
1701364384488, 2023-11-30T17:13:04.488Z, 362.5384436, 282.04548940000006
1701364384513, 2023-11-30T17:13:04.513Z, 364.342017, 290.3842492
1701364384528, 2023-11-30T17:13:04.528Z, 361.8762154, 295.00352319999996
1701364384543, 2023-11-30T17:13:04.543Z, 359.20505399999996, 301.74137460000003
1701364384558, 2023-11-30T17:13:04.558Z, 361.5841762, 300.16338299999995
1701364384575, 2023-11-30T17:13:04.575Z, 366.3434776, 289.6720338
1701364384590, 2023-11-30T17:13:04.590Z, 369.1662816, 279.8964008
1701364384606, 2023-11-30T17:13:04.606Z, 375.61567120000007, 273.93884399999996
1701364384621, 2023-11-30T17:13:04.621Z, 380.36509020000005, 266.34690600000005
1701364384640, 2023-11-30T17:13:04.640Z, 386.4818494, 266.5074264
1701364384669, 2023-11-30T17:13:04.669Z, 392.3248776, 269.3443042
1701364384685, 2023-11-30T17:13:04.685Z, 398.24820279999994, 274.408469
1701364384700, 2023-11-30T17:13:04.700Z, 401.7623652, 277.04321940000005
1701364384716, 2023-11-30T17:13:04.716Z, 402.7082646, 279.0249922
1701364384732, 2023-11-30T17:13:04.732Z, 400.70823099999996, 281.08660819999994
1701364384747, 2023-11-30T17:13:04.747Z, 396.9923166, 282.3580532
1701364384762, 2023-11-30T17:13:04.762Z, 394.9223198, 278.4701538
1701364384789, 2023-11-30T17:13:04.789Z, 394.3779434, 273.5653012
1701364384809, 2023-11-30T17:13:04.809Z, 397.106126, 270.39269279999996
1701364384824, 2023-11-30T17:13:04.824Z, 401.2744614, 264.9967248
1701364384840, 2023-11-30T17:13:04.840Z, 406.62289, 260.1705562
1701364384855, 2023-11-30T17:13:04.855Z, 410.04481400000003, 257.2302396
1701364384870, 2023-11-30T17:13:04.870Z, 411.3493586000001, 255.3500366
1701364384885, 2023-11-30T17:13:04.885Z, 414.5269562, 251.97695819999998
1701364384904, 2023-11-30T17:13:04.904Z, 412.28786740000004, 252.1104128
1701364384916, 2023-11-30T17:13:04.916Z, 408.35704159999995, 253.22383099999996
1701364384938, 2023-11-30T17:13:04.938Z, 403.725542, 257.9872696
1701364384964, 2023-11-30T17:13:04.964Z, 402.11131919999997, 263.1090244
1701364384979, 2023-11-30T17:13:04.979Z, 400.0342034, 269.0317648
1701364384996, 2023-11-30T17:13:04.996Z, 397.2065182, 277.10579160000003
1701364385010, 2023-11-30T17:13:05.010Z, 396.3430496, 283.6860172
1701364385026, 2023-11-30T17:13:05.026Z, 401.2803974, 283.338699
1701364385042, 2023-11-30T17:13:05.042Z, 398.5785824, 286.4665374
1701364385058, 2023-11-30T17:13:05.058Z, 399.0218704, 285.9406508
1701364385073, 2023-11-30T17:13:05.073Z, 402.753299, 281.5461514
1701364385104, 2023-11-30T17:13:05.104Z, 408.0894212, 275.23138439999997
1701364385120, 2023-11-30T17:13:05.120Z, 412.71093140000005, 271.8628268
1701364385136, 2023-11-30T17:13:05.136Z, 419.68838500000004, 266.92800120000004
1701364385152, 2023-11-30T17:13:05.152Z, 423.48290779999996, 265.69680800000003
1701364385168, 2023-11-30T17:13:05.168Z, 422.91856040000005, 271.587919
1701364385184, 2023-11-30T17:13:05.184Z, 421.77716840000005, 280.2244574
1701364385199, 2023-11-30T17:13:05.199Z, 421.03833220000007, 286.76081439999996
1701364385215, 2023-11-30T17:13:05.215Z, 416.71308980000003, 295.54495940000004
1701364385239, 2023-11-30T17:13:05.239Z, 416.894966, 301.0032834
1701364385249, 2023-11-30T17:13:05.249Z, 418.1848342, 302.0397156
1701364385269, 2023-11-30T17:13:05.269Z, 418.39876519999996, 303.087022
1701364385292, 2023-11-30T17:13:05.292Z, 418.4402046, 305.1133826
1701364385308, 2023-11-30T17:13:05.308Z, 425.6649622, 300.99826620000005
1701364385324, 2023-11-30T17:13:05.324Z, 434.3384826, 299.18513220000006
1701364385339, 2023-11-30T17:13:05.339Z, 453.0217838, 295.4221926
1701364385354, 2023-11-30T17:13:05.354Z, 493.6954448, 290.4528086
1701364385370, 2023-11-30T17:13:05.370Z, 562.94901, 281.24730120000004
1701364385389, 2023-11-30T17:13:05.389Z, 649.9951532, 273.5028792
1701364385417, 2023-11-30T17:13:05.417Z, 733.8434656, 265.87670640000005
1701364385433, 2023-11-30T17:13:05.433Z, 815.7797668000001, 256.94931859999997
1701364385450, 2023-11-30T17:13:05.450Z, 931.7382718000001, 247.1685452
1701364385466, 2023-11-30T17:13:05.466Z, 1018.574056, 240.859756
1701364385480, 2023-11-30T17:13:05.480Z, 1091.0645464, 235.963415
1701364385510, 2023-11-30T17:13:05.510Z, 1172.125166, 231.07132500000003
1701364385541, 2023-11-30T17:13:05.541Z, 1254.1022344, 227.465184
1701364385557, 2023-11-30T17:13:05.557Z, 1282.0935372, 225.16051080000003
1701364385572, 2023-11-30T17:13:05.572Z, 1314.2814558, 223.98792840000002
1701364385588, 2023-11-30T17:13:05.588Z, 1344.9852412, 221.97436980000003
1701364385605, 2023-11-30T17:13:05.605Z, 1361.7263408000001, 220.6165454
1701364385620, 2023-11-30T17:13:05.620Z, 1375.5415618, 219.53636880000005
1701364385635, 2023-11-30T17:13:05.635Z, 1394.4912054, 217.94463100000002
1701364385651, 2023-11-30T17:13:05.651Z, 1405.3600528, 216.7038174
1701364385690, 2023-11-30T17:13:05.690Z, 1405.9511395999998, 212.5383988
1701364385716, 2023-11-30T17:13:05.716Z, 1407.988305, 208.8632232
1701364385731, 2023-11-30T17:13:05.731Z, 1376.294497, 201.64649479999997
1701364385745, 2023-11-30T17:13:05.745Z, 1318.4572676, 198.070251
1701364385761, 2023-11-30T17:13:05.761Z, 1263.9711238, 193.72447879999999
1701364385777, 2023-11-30T17:13:05.777Z, 1215.3316142, 192.4827082
1701364385792, 2023-11-30T17:13:05.792Z, 1163.5524494000001, 192.4764328
1701364385806, 2023-11-30T17:13:05.806Z, 1142.3995944, 195.83043160000003
1701364385822, 2023-11-30T17:13:05.822Z, 1142.0007580000001, 195.71880900000002
1701364385838, 2023-11-30T17:13:05.838Z, 1138.4696088, 197.97106360000004
1701364385858, 2023-11-30T17:13:05.858Z, 1138.8722229999998, 197.90981219999998
1701364385871, 2023-11-30T17:13:05.871Z, 1150.781547, 192.8824744
1701364385886, 2023-11-30T17:13:05.886Z, 1156.8721335999999, 191.708598
1701364385904, 2023-11-30T17:13:05.904Z, 1158.8163028, 192.8219198
1701364385917, 2023-11-30T17:13:05.917Z, 1158.2915114, 192.9669652
1701364385932, 2023-11-30T17:13:05.932Z, 1154.8333022, 195.31755660000002
1701364385948, 2023-11-30T17:13:05.948Z, 1151.2709143999998, 197.4418778
1701364385964, 2023-11-30T17:13:05.964Z, 1152.5258939999999, 196.6107252
1701364385995, 2023-11-30T17:13:05.995Z, 1157.4608249999999, 193.0198896
1701364386011, 2023-11-30T17:13:06.011Z, 1168.2074693999998, 189.29346519999999
1701364386042, 2023-11-30T17:13:06.042Z, 1169.6475232, 191.9928618
1701364386060, 2023-11-30T17:13:06.060Z, 1147.6279920000002, 205.4785002
1701364386074, 2023-11-30T17:13:06.074Z, 1125.3300826, 218.29678140000001
1701364386089, 2023-11-30T17:13:06.089Z, 1104.2590066, 230.468813
1701364386104, 2023-11-30T17:13:06.104Z, 1081.5839456, 242.0627442
1701364386120, 2023-11-30T17:13:06.120Z, 1073.0104434, 244.0781382
1701364386152, 2023-11-30T17:13:06.152Z, 1076.6993326, 240.41242119999998
1701364386168, 2023-11-30T17:13:06.168Z, 1078.1097176, 237.81941419999998
1701364386200, 2023-11-30T17:13:06.200Z, 1079.239167, 235.352452
1701364386231, 2023-11-30T17:13:06.231Z, 1084.1325822000001, 230.8357744
1701364386247, 2023-11-30T17:13:06.247Z, 1085.2393124000002, 229.407216
1701364386265, 2023-11-30T17:13:06.265Z, 1087.2240158, 228.2625776
1701364386286, 2023-11-30T17:13:06.286Z, 1096.7231292000001, 223.71961040000002
1701364386311, 2023-11-30T17:13:06.311Z, 1103.8532252, 220.95245560000004
1701364386327, 2023-11-30T17:13:06.327Z, 1107.0742382, 220.56474480000003
1701364386343, 2023-11-30T17:13:06.343Z, 1107.7887183999999, 221.1748442
1701364386358, 2023-11-30T17:13:06.358Z, 1111.1301238, 220.04718119999998
1701364386375, 2023-11-30T17:13:06.375Z, 1110.1472386, 220.9170662
1701364386390, 2023-11-30T17:13:06.390Z, 1108.6511891999999, 221.95938180000002
1701364386406, 2023-11-30T17:13:06.406Z, 1108.2989684, 222.1807136
1701364386421, 2023-11-30T17:13:06.421Z, 1106.6867684, 222.9462378
1701364386442, 2023-11-30T17:13:06.442Z, 1103.4664492, 224.433682
1701364386468, 2023-11-30T17:13:06.468Z, 1102.239281, 224.13488360000002
1701364386485, 2023-11-30T17:13:06.485Z, 1101.565092, 221.4342326
1701364386515, 2023-11-30T17:13:06.515Z, 1101.2687684, 217.96367840000002
1701364386532, 2023-11-30T17:13:06.532Z, 1103.1681484, 213.4191492
1701364386549, 2023-11-30T17:13:06.549Z, 1107.1694000000002, 208.20557739999998
1701364386563, 2023-11-30T17:13:06.563Z, 1109.6283396, 205.45492080000002
1701364386590, 2023-11-30T17:13:06.590Z, 1111.3750688, 205.53389980000003
1701364386602, 2023-11-30T17:13:06.602Z, 1112.4731148, 207.01665400000002
1701364386625, 2023-11-30T17:13:06.625Z, 1112.8012454, 210.1715364
1701364386641, 2023-11-30T17:13:06.641Z, 1113.6841482, 213.32571560000002
1701364386656, 2023-11-30T17:13:06.656Z, 1114.2474496, 215.1744382
1701364386670, 2023-11-30T17:13:06.670Z, 1114.5281181999999, 215.89087259999997
1701364386685, 2023-11-30T17:13:06.685Z, 1114.3106168, 214.873097
1701364386701, 2023-11-30T17:13:06.701Z, 1113.5226796000002, 211.135646
1701364386716, 2023-11-30T17:13:06.716Z, 1112.4395892, 206.8983842
1701364386738, 2023-11-30T17:13:06.738Z, 1111.320686, 203.12137239999998
1701364386765, 2023-11-30T17:13:06.765Z, 1110.4151558, 199.30404819999998
1701364386780, 2023-11-30T17:13:06.780Z, 1115.7818638, 198.87434880000004
1701364386794, 2023-11-30T17:13:06.794Z, 1131.582353, 203.7479136
1701364386809, 2023-11-30T17:13:06.809Z, 1161.7391736, 210.79569759999998
1701364386825, 2023-11-30T17:13:06.825Z, 1242.0156071999997, 227.48809819999997
1701364386842, 2023-11-30T17:13:06.842Z, 1329.890334, 246.1678586
1701364386857, 2023-11-30T17:13:06.857Z, 1417.3904029999999, 264.093804
1701364386872, 2023-11-30T17:13:06.872Z, 1498.375693, 278.9871704
1701364386891, 2023-11-30T17:13:06.891Z, 1573.9504766, 294.589977
1701364386919, 2023-11-30T17:13:06.919Z, 1598.9902796, 301.23624520000004
1701364386936, 2023-11-30T17:13:06.936Z, 1614.3656684000002, 310.33522700000003
1701364386967, 2023-11-30T17:13:06.967Z, 1624.8494616000003, 318.7819202
1701364386982, 2023-11-30T17:13:06.982Z, 1631.1341818, 328.24173720000005
1701364386997, 2023-11-30T17:13:06.997Z, 1628.2352722, 335.20837200000005
1701364387015, 2023-11-30T17:13:07.015Z, 1625.6261709999999, 341.601408
1701364387043, 2023-11-30T17:13:07.043Z, 1625.0670662000002, 344.558245
1701364387062, 2023-11-30T17:13:07.062Z, 1623.63573, 347.1975012
1701364387078, 2023-11-30T17:13:07.078Z, 1622.6810792, 348.71413079999996
1701364387093, 2023-11-30T17:13:07.093Z, 1624.418777, 348.5922822
1701364387108, 2023-11-30T17:13:07.108Z, 1623.9491882, 349.905555
1701364387123, 2023-11-30T17:13:07.123Z, 1632.1581504, 346.2258902
1701364387139, 2023-11-30T17:13:07.139Z, 1638.1820414, 343.8978174
1701364387155, 2023-11-30T17:13:07.155Z, 1643.3200774000002, 341.1147582
1701364387170, 2023-11-30T17:13:07.170Z, 1642.6135817999998, 340.6711986
1701364387202, 2023-11-30T17:13:07.202Z, 1641.2287462, 341.889408
1701364387219, 2023-11-30T17:13:07.219Z, 1631.6543603999999, 348.46171680000003
1701364387234, 2023-11-30T17:13:07.234Z, 1626.1861986, 352.4254794
1701364387251, 2023-11-30T17:13:07.251Z, 1628.8788542000002, 352.353294
1701364387266, 2023-11-30T17:13:07.266Z, 1634.3075967999998, 352.49576859999996
1701364387281, 2023-11-30T17:13:07.281Z, 1644.638682, 349.46915479999996
1701364387297, 2023-11-30T17:13:07.297Z, 1656.3219702000001, 346.1611214
1701364387323, 2023-11-30T17:13:07.323Z, 1666.2826878, 344.7941362
1701364387340, 2023-11-30T17:13:07.340Z, 1669.8113170000001, 347.2079794
1701364387361, 2023-11-30T17:13:07.361Z, 1680.4147927999998, 342.99012300000004
1701364387376, 2023-11-30T17:13:07.376Z, 1686.7039519999998, 341.3070364
1701364387391, 2023-11-30T17:13:07.391Z, 1691.4225555999997, 340.09815340000006
1701364387407, 2023-11-30T17:13:07.407Z, 1693.7757476, 341.40378640000006
1701364387423, 2023-11-30T17:13:07.423Z, 1694.0095022, 342.46327240000005
1701364387437, 2023-11-30T17:13:07.437Z, 1686.4301442, 350.58925880000004
1701364387453, 2023-11-30T17:13:07.453Z, 1682.3658813999998, 355.15521019999994
1701364387469, 2023-11-30T17:13:07.469Z, 1678.3517174, 359.9935288
1701364387491, 2023-11-30T17:13:07.491Z, 1677.7751080000003, 362.0927782
1701364387515, 2023-11-30T17:13:07.515Z, 1678.637713, 363.054695
1701364387532, 2023-11-30T17:13:07.532Z, 1675.1462874000001, 363.0260362
1701364387548, 2023-11-30T17:13:07.548Z, 1671.5356156000003, 361.9390352
1701364387565, 2023-11-30T17:13:07.565Z, 1613.8001248, 378.8798594
1701364387595, 2023-11-30T17:13:07.595Z, 1545.1178968, 399.1413926
1701364387609, 2023-11-30T17:13:07.609Z, 1472.6026969999998, 421.48695580000003
1701364387640, 2023-11-30T17:13:07.640Z, 1403.480376, 444.3813164
1701364387657, 2023-11-30T17:13:07.657Z, 1325.8920494000001, 473.51380559999996
1701364387671, 2023-11-30T17:13:07.671Z, 1303.6036622, 482.0795384
1701364387686, 2023-11-30T17:13:07.686Z, 1290.7282882, 486.33136300000007
1701364387701, 2023-11-30T17:13:07.701Z, 1279.8242363999998, 491.639763
1701364387717, 2023-11-30T17:13:07.717Z, 1270.9831763999998, 496.34945559999994
1701364387733, 2023-11-30T17:13:07.733Z, 1269.8716789999999, 496.98694879999994
1701364387749, 2023-11-30T17:13:07.749Z, 1267.1441268, 499.58682580000004
1701364387765, 2023-11-30T17:13:07.765Z, 1264.0548862, 502.8611172000001
1701364387790, 2023-11-30T17:13:07.790Z, 1263.2582682, 503.12236640000003
1701364387818, 2023-11-30T17:13:07.818Z, 1257.0562924, 502.2341096
1701364387827, 2023-11-30T17:13:07.827Z, 1246.7347412000001, 502.44529
1701364387843, 2023-11-30T17:13:07.843Z, 1232.2247646, 503.25917839999994
1701364387858, 2023-11-30T17:13:07.858Z, 1217.2439332, 503.3134782
1701364387874, 2023-11-30T17:13:07.874Z, 1200.963249, 505.4669322
1701364387890, 2023-11-30T17:13:07.890Z, 1191.2809318, 508.7454858
1701364387905, 2023-11-30T17:13:07.905Z, 1184.308057, 510.07043300000004
1701364387921, 2023-11-30T17:13:07.921Z, 1184.2010562, 506.5967614
1701364387942, 2023-11-30T17:13:07.942Z, 1187.8637250000002, 500.8245164
1701364387953, 2023-11-30T17:13:07.953Z, 1189.5526772, 495.541122
1701364387971, 2023-11-30T17:13:07.971Z, 1187.6630475999998, 490.9514352
1701364388000, 2023-11-30T17:13:08.000Z, 1186.6708290000001, 487.19770639999996
1701364388017, 2023-11-30T17:13:08.017Z, 1182.498902, 487.63488659999996
1701364388046, 2023-11-30T17:13:08.046Z, 1175.6521052, 491.3486059999999
1701364388063, 2023-11-30T17:13:08.063Z, 1172.2673154, 493.3395376
1701364388085, 2023-11-30T17:13:08.085Z, 1171.9688075999998, 494.7425986
1701364388108, 2023-11-30T17:13:08.108Z, 1171.8282199999999, 496.3610238
1701364388124, 2023-11-30T17:13:08.124Z, 1171.672282, 496.9513672
1701364388140, 2023-11-30T17:13:08.140Z, 1165.2176082, 493.93569319999995
1701364388155, 2023-11-30T17:13:08.155Z, 1157.7980054, 490.843737
1701364388171, 2023-11-30T17:13:08.171Z, 1149.2216026, 488.62727400000006
1701364388187, 2023-11-30T17:13:08.187Z, 1140.3428864, 486.40072799999996
1701364388202, 2023-11-30T17:13:08.202Z, 1131.6717615999999, 485.92969000000005
1701364388217, 2023-11-30T17:13:08.217Z, 1129.4714544000003, 488.3614834
1701364388242, 2023-11-30T17:13:08.242Z, 1127.9412453999998, 491.54150280000005
1701364388265, 2023-11-30T17:13:08.265Z, 1127.2894316, 492.433539
1701364388280, 2023-11-30T17:13:08.280Z, 1127.0289214, 492.0531546
1701364388298, 2023-11-30T17:13:08.298Z, 1127.9827879999998, 488.23294559999994
1701364388313, 2023-11-30T17:13:08.313Z, 1130.9821153999999, 484.5740118
1701364388327, 2023-11-30T17:13:08.327Z, 1134.5706556, 480.2931334
1701364388341, 2023-11-30T17:13:08.341Z, 1137.0424088, 476.49428900000004
1701364388357, 2023-11-30T17:13:08.357Z, 1139.7446798, 473.0571828
1701364388374, 2023-11-30T17:13:08.374Z, 1141.5408538, 470.9919922
1701364388391, 2023-11-30T17:13:08.391Z, 1141.052496, 468.9987138
1701364388405, 2023-11-30T17:13:08.405Z, 1139.1412946, 467.59391420000003
1701364388420, 2023-11-30T17:13:08.420Z, 1134.6909566, 469.49386919999995
1701364388451, 2023-11-30T17:13:08.451Z, 1132.0457806, 471.3516152
1701364388468, 2023-11-30T17:13:08.468Z, 1133.5528544000001, 472.0295480000001
1701364388485, 2023-11-30T17:13:08.485Z, 1134.4558566, 472.5790292
1701364388499, 2023-11-30T17:13:08.499Z, 1134.4829666, 473.7328972
1701364388514, 2023-11-30T17:13:08.514Z, 1140.5626312, 468.63038399999994
1701364388537, 2023-11-30T17:13:08.537Z, 1142.1384364, 467.1803124
1701364388562, 2023-11-30T17:13:08.562Z, 1137.4838928, 470.22074940000005
1701364388578, 2023-11-30T17:13:08.578Z, 1132.167091, 474.7176406
1701364388592, 2023-11-30T17:13:08.592Z, 1128.0374706, 478.6838804
1701364388608, 2023-11-30T17:13:08.608Z, 1121.6592872, 485.8320896
1701364388624, 2023-11-30T17:13:08.624Z, 1118.2721446, 490.1963578
1701364388640, 2023-11-30T17:13:08.640Z, 1116.9882182000001, 492.2737068
1701364388656, 2023-11-30T17:13:08.656Z, 1117.1608828, 492.84770319999996
1701364388671, 2023-11-30T17:13:08.671Z, 1119.7809445999999, 491.909601
1701364388692, 2023-11-30T17:13:08.692Z, 1128.0713848, 486.120409
1701364388717, 2023-11-30T17:13:08.717Z, 1135.3420244000001, 480.3531944
1701364388733, 2023-11-30T17:13:08.733Z, 1140.7865528000002, 475.9105912
1701364388748, 2023-11-30T17:13:08.748Z, 1146.3391198000002, 469.40895659999995
1701364388766, 2023-11-30T17:13:08.766Z, 1149.5001434, 464.30678880000005
1701364388782, 2023-11-30T17:13:08.782Z, 1142.3533936000001, 467.5446540000001
1701364388812, 2023-11-30T17:13:08.812Z, 1134.0416276, 471.9930322
1701364388843, 2023-11-30T17:13:08.843Z, 1126.588304, 476.4320798
1701364388859, 2023-11-30T17:13:08.859Z, 1119.9554022, 482.6196082
1701364388875, 2023-11-30T17:13:08.875Z, 1113.8740962, 488.92619319999994
1701364388891, 2023-11-30T17:13:08.891Z, 1112.3888418000001, 492.08803
1701364388907, 2023-11-30T17:13:08.907Z, 1113.2177678, 493.89765499999993
1701364388922, 2023-11-30T17:13:08.922Z, 1113.9621148, 496.41353360000005
1701364388938, 2023-11-30T17:13:08.938Z, 1112.95514, 499.6631936
1701364388953, 2023-11-30T17:13:08.953Z, 1113.929441, 499.7154294
1701364388969, 2023-11-30T17:13:08.969Z, 1120.5263368, 494.93331120000005
1701364388986, 2023-11-30T17:13:08.986Z, 1125.8262288, 490.80537080000005
1701364389016, 2023-11-30T17:13:09.016Z, 1131.9341958, 487.4418568
1701364389032, 2023-11-30T17:13:09.032Z, 1148.1674254, 519.6792266
1701364389049, 2023-11-30T17:13:09.049Z, 1169.7799036000001, 563.308465
1701364389079, 2023-11-30T17:13:09.079Z, 1183.3084834000001, 613.7624539999999
1701364389096, 2023-11-30T17:13:09.096Z, 1197.8783528000001, 665.1031954
1701364389109, 2023-11-30T17:13:09.109Z, 1211.1932846, 715.5376411999999
1701364389140, 2023-11-30T17:13:09.140Z, 1212.9101156000002, 730.8197412
1701364389157, 2023-11-30T17:13:09.157Z, 1207.3416602, 736.801789
1701364389172, 2023-11-30T17:13:09.172Z, 1203.5169905999999, 739.846289
1701364389188, 2023-11-30T17:13:09.188Z, 1199.1350609999997, 745.8209672
1701364389203, 2023-11-30T17:13:09.203Z, 1196.1363072, 750.0280258
1701364389219, 2023-11-30T17:13:09.219Z, 1195.5531044, 754.4301462
1701364389236, 2023-11-30T17:13:09.236Z, 1195.5784652, 761.3809808
1701364389250, 2023-11-30T17:13:09.250Z, 1197.7558326, 770.4677526
1701364389267, 2023-11-30T17:13:09.267Z, 1199.1864552, 778.5353374
1701364389298, 2023-11-30T17:13:09.298Z, 1201.1996906, 787.2423452
1701364389315, 2023-11-30T17:13:09.315Z, 1201.8531548, 796.1241791999998
1701364389329, 2023-11-30T17:13:09.329Z, 1200.6281434, 806.7028813999999
1701364389345, 2023-11-30T17:13:09.345Z, 1196.2673920000002, 816.6339
1701364389360, 2023-11-30T17:13:09.360Z, 1193.0332792, 822.7728042000001
1701364389376, 2023-11-30T17:13:09.376Z, 1189.5727714, 827.9080924
1701364389391, 2023-11-30T17:13:09.391Z, 1187.18633, 831.3633137999999
1701364389407, 2023-11-30T17:13:09.407Z, 1181.4723958, 832.3716498
1701364389422, 2023-11-30T17:13:09.422Z, 1176.6366726, 832.8234091999999
1701364389453, 2023-11-30T17:13:09.453Z, 1172.1420561999998, 835.8055732
1701364389470, 2023-11-30T17:13:09.470Z, 1167.277612, 840.0843314
1701364389484, 2023-11-30T17:13:09.484Z, 1162.5834412, 844.9601563999998
1701364389500, 2023-11-30T17:13:09.500Z, 1164.9705786, 846.7826000000001
1701364389515, 2023-11-30T17:13:09.515Z, 1171.3122574000001, 845.3479424
1701364389531, 2023-11-30T17:13:09.531Z, 1175.3800802, 842.0151416000001
1701364389548, 2023-11-30T17:13:09.548Z, 1179.4130952, 838.2603531999999
1701364389562, 2023-11-30T17:13:09.562Z, 1183.3897866, 834.6873754000001
1701364389590, 2023-11-30T17:13:09.590Z, 1182.0546116, 836.8676722
1701364389609, 2023-11-30T17:13:09.609Z, 1176.486215, 842.926037
1701364389625, 2023-11-30T17:13:09.625Z, 1168.6831129999998, 850.6826637999999
1701364389640, 2023-11-30T17:13:09.640Z, 1162.6049442, 857.7034212000001
1701364389655, 2023-11-30T17:13:09.655Z, 1156.5148433999998, 864.611441
1701364389671, 2023-11-30T17:13:09.671Z, 1152.9774634, 868.0142576000001
1701364389686, 2023-11-30T17:13:09.686Z, 1149.5212164, 870.7162685999999
1701364389701, 2023-11-30T17:13:09.701Z, 1147.4862216, 871.0233462
1701364389717, 2023-11-30T17:13:09.717Z, 1143.3132332, 871.6999308000001
1701364389744, 2023-11-30T17:13:09.744Z, 1139.1307278, 871.0437194
1701364389764, 2023-11-30T17:13:09.764Z, 1135.847576, 869.261364
1701364389779, 2023-11-30T17:13:09.779Z, 1133.9025622000001, 866.6768946
1701364389795, 2023-11-30T17:13:09.795Z, 1136.5663318000002, 863.4990012000001
1701364389811, 2023-11-30T17:13:09.811Z, 1138.6598922, 860.3281063999999
1701364389827, 2023-11-30T17:13:09.827Z, 1147.680151, 855.7763955999999
1701364389844, 2023-11-30T17:13:09.844Z, 1159.7034172, 856.2657314
1701364389863, 2023-11-30T17:13:09.863Z, 1169.4615952, 855.6448389999999
1701364389888, 2023-11-30T17:13:09.888Z, 1174.4512137999998, 857.5144858
1701364389904, 2023-11-30T17:13:09.904Z, 1179.208215, 859.8110113999999
1701364389920, 2023-11-30T17:13:09.920Z, 1176.3368361999999, 863.9932481999998
1701364389936, 2023-11-30T17:13:09.936Z, 1166.4119022, 863.3476678
1701364389951, 2023-11-30T17:13:09.951Z, 1158.8266813999999, 863.2239059999999
1701364389971, 2023-11-30T17:13:09.971Z, 1154.7880612, 860.8141552000001
1701364389983, 2023-11-30T17:13:09.983Z, 1152.3460645999999, 857.1942738
1701364389998, 2023-11-30T17:13:09.998Z, 1150.6179198, 853.3035808000001
1701364390014, 2023-11-30T17:13:10.014Z, 1152.2891061999999, 850.103683
1701364390041, 2023-11-30T17:13:10.041Z, 1151.611896, 848.057568
1701364390064, 2023-11-30T17:13:10.064Z, 1147.5278634000001, 847.1521934
1701364390077, 2023-11-30T17:13:10.077Z, 1139.192494, 846.7475190000001
1701364390092, 2023-11-30T17:13:10.092Z, 1128.6351908, 846.7960322000001
1701364390107, 2023-11-30T17:13:10.107Z, 1114.0317977999998, 845.8875614000001
1701364390123, 2023-11-30T17:13:10.123Z, 1099.1254657999998, 845.8671468
1701364390138, 2023-11-30T17:13:10.138Z, 1091.0923126000002, 845.6736902
1701364390154, 2023-11-30T17:13:10.154Z, 1087.6541408, 845.3742188
1701364390169, 2023-11-30T17:13:10.169Z, 1087.3004406000002, 844.9726770000001
1701364390189, 2023-11-30T17:13:10.189Z, 1082.2902018, 847.4006403999999
1701364390200, 2023-11-30T17:13:10.200Z, 1082.8856781999998, 848.4386336
1701364390221, 2023-11-30T17:13:10.221Z, 1078.0799759999998, 848.8564074
1701364390247, 2023-11-30T17:13:10.247Z, 1073.8324998, 848.8799216
1701364390294, 2023-11-30T17:13:10.294Z, 1065.2317668, 851.9498596
1701364390311, 2023-11-30T17:13:10.311Z, 1067.8895564, 851.78588
1701364390339, 2023-11-30T17:13:10.339Z, 1067.5913228, 851.9603706
1701364390355, 2023-11-30T17:13:10.355Z, 1075.1980638, 849.1656143999999
1701364390370, 2023-11-30T17:13:10.370Z, 1081.3353204, 846.3870604
1701364390386, 2023-11-30T17:13:10.386Z, 1090.9425046000001, 841.8186499999999
1701364390401, 2023-11-30T17:13:10.401Z, 1098.2113101999998, 838.3776278000001
1701364390417, 2023-11-30T17:13:10.417Z, 1104.8170318, 835.7306888
1701364390433, 2023-11-30T17:13:10.433Z, 1104.4573486000002, 836.3638592
1701364390448, 2023-11-30T17:13:10.448Z, 1106.9212828, 839.3856194
1701364390463, 2023-11-30T17:13:10.463Z, 1109.8287587999998, 841.3602122
1701364390489, 2023-11-30T17:13:10.490Z, 1124.0703048, 838.1415238
1701364390510, 2023-11-30T17:13:10.510Z, 1137.34501, 835.4979397999999
1701364390526, 2023-11-30T17:13:10.526Z, 1149.0034184, 833.379697
1701364390542, 2023-11-30T17:13:10.542Z, 1157.0254664, 826.7265379999999
1701364390556, 2023-11-30T17:13:10.556Z, 1163.4775644, 821.4625995999999
1701364390572, 2023-11-30T17:13:10.572Z, 1157.5092094, 822.3963044
1701364390586, 2023-11-30T17:13:10.586Z, 1150.4937098, 823.8910538
1701364390602, 2023-11-30T17:13:10.602Z, 1143.1551236, 827.4063874
1701364390617, 2023-11-30T17:13:10.617Z, 1135.591793, 835.5102084
1701364390640, 2023-11-30T17:13:10.640Z, 1130.452263, 840.616871
1701364390664, 2023-11-30T17:13:10.664Z, 1125.7630829999998, 844.3792108
1701364390680, 2023-11-30T17:13:10.680Z, 1122.4503776000001, 846.2939474000001
1701364390695, 2023-11-30T17:13:10.695Z, 1121.489402, 845.6439039999999
1701364390711, 2023-11-30T17:13:10.711Z, 1122.2396359999998, 842.8203266
1701364390733, 2023-11-30T17:13:10.733Z, 1123.0880424, 841.6686788000001
1701364390743, 2023-11-30T17:13:10.743Z, 1124.8723156, 840.3189988
1701364390760, 2023-11-30T17:13:10.760Z, 1129.751805, 837.0924900000002
1701364390789, 2023-11-30T17:13:10.789Z, 1132.0274336, 833.3961518
1701364390821, 2023-11-30T17:13:10.821Z, 1133.7429974000001, 829.6971242
1701364390835, 2023-11-30T17:13:10.835Z, 1135.1082460000002, 828.693827
1701364390852, 2023-11-30T17:13:10.852Z, 1138.4738418000002, 827.4931166
1701364390867, 2023-11-30T17:13:10.867Z, 1137.8432288, 830.1834326000001
1701364390883, 2023-11-30T17:13:10.883Z, 1139.5975708, 833.6692402000001
1701364390898, 2023-11-30T17:13:10.898Z, 1141.2698100000002, 836.7145166
1701364390913, 2023-11-30T17:13:10.913Z, 1139.0488042000002, 837.4194870000001
1701364390945, 2023-11-30T17:13:10.945Z, 1136.0968246, 839.608481
1701364390961, 2023-11-30T17:13:10.961Z, 1148.3477888, 842.1780832000001
1701364390978, 2023-11-30T17:13:10.978Z, 1168.9203542, 847.6833352
1701364390994, 2023-11-30T17:13:10.994Z, 1214.9049768, 861.5035045999999
1701364391745, 2023-11-30T17:13:11.745Z, 1273.8545002, 869.8517732
1701364391760, 2023-11-30T17:13:11.760Z, 1326.4403634, 858.8301058000001