1701364345644, 2023-11-30T17:12:25.644Z, 1244.179397, 178.033362
1701364345668, 2023-11-30T17:12:25.668Z, 1233.3841785, 168.60288
1701364345683, 2023-11-30T17:12:25.683Z, 1229.284793, 163.49451966666666
1701364345699, 2023-11-30T17:12:25.699Z, 1227.91609525, 158.905271
1701364345715, 2023-11-30T17:12:25.715Z, 1232.5480857999999, 156.064697
1701364345730, 2023-11-30T17:12:25.730Z, 1240.6977843999998, 148.8955442
1701364345745, 2023-11-30T17:12:25.745Z, 1255.3238458, 145.9414554
1701364345791, 2023-11-30T17:12:25.791Z, 1302.9266258000002, 141.6369398
1701364345806, 2023-11-30T17:12:25.806Z, 1354.7725684, 136.1126688
1701364345822, 2023-11-30T17:12:25.822Z, 1398.4500638, 132.1901118
1701364345839, 2023-11-30T17:12:25.839Z, 1436.5014412, 128.3237128
1701364345858, 2023-11-30T17:12:25.858Z, 1471.1381598, 124.6905104
1701364345871, 2023-11-30T17:12:25.871Z, 1474.3579756000001, 123.06211900000001
1701364345885, 2023-11-30T17:12:25.885Z, 1472.1134613999998, 125.056585
1701364345902, 2023-11-30T17:12:25.902Z, 1469.6836888, 129.126061
1701364345918, 2023-11-30T17:12:25.918Z, 1464.2441204, 136.1106206
1701364345942, 2023-11-30T17:12:25.942Z, 1455.8679306, 147.5203896
1701364345966, 2023-11-30T17:12:25.966Z, 1445.9628258, 159.72735459999998
1701364345983, 2023-11-30T17:12:25.983Z, 1440.4030896, 169.89978100000002
1701364345998, 2023-11-30T17:12:25.998Z, 1444.0583840000002, 176.147118
1701364346014, 2023-11-30T17:12:26.014Z, 1454.2400174000002, 180.7851024
1701364346031, 2023-11-30T17:12:26.031Z, 1482.7774281999998, 181.0295744
1701364346059, 2023-11-30T17:12:26.059Z, 1514.1534041999998, 188.474432
1701364346093, 2023-11-30T17:12:26.093Z, 1546.5881279999999, 195.30884999999998
1701364346107, 2023-11-30T17:12:26.107Z, 1572.0724756000002, 205.127908
1701364346128, 2023-11-30T17:12:26.128Z, 1595.9098524, 212.31718099999998
1701364346154, 2023-11-30T17:12:26.154Z, 1605.845966, 218.649408
1701364346170, 2023-11-30T17:12:26.170Z, 1613.5231778, 218.5173052
1701364346185, 2023-11-30T17:12:26.185Z, 1615.2864206, 221.04032139999998
1701364346200, 2023-11-30T17:12:26.200Z, 1616.7704336, 221.40790699999997
1701364346217, 2023-11-30T17:12:26.217Z, 1616.565695, 222.674644
1701364346249, 2023-11-30T17:12:26.249Z, 1613.6896122000003, 224.0732978
1701364346265, 2023-11-30T17:12:26.265Z, 1607.026328, 222.6433708
1701364346280, 2023-11-30T17:12:26.280Z, 1594.8963378, 219.6629434
1701364346311, 2023-11-30T17:12:26.311Z, 1580.7721842, 217.41188060000005
1701364346327, 2023-11-30T17:12:26.327Z, 1561.8283344000001, 215.43617400000002
1701364346358, 2023-11-30T17:12:26.358Z, 1539.2711592, 213.16388560000001
1701364346374, 2023-11-30T17:12:26.374Z, 1519.7686356, 212.704886
1701364346391, 2023-11-30T17:12:26.391Z, 1460.1713796, 214.16070639999998
1701364346419, 2023-11-30T17:12:26.419Z, 1336.8980817999998, 216.021792
1701364346437, 2023-11-30T17:12:26.437Z, 1156.9409082, 226.229078
1701364346451, 2023-11-30T17:12:26.451Z, 962.0101416000001, 240.9590454
1701364346467, 2023-11-30T17:12:26.467Z, 746.7706666, 260.41468619999995
1701364346482, 2023-11-30T17:12:26.482Z, 562.4151612000001, 281.2179866
1701364346498, 2023-11-30T17:12:26.498Z, 440.98555400000004, 300.5247124
1701364346514, 2023-11-30T17:12:26.514Z, 371.75044099999997, 317.5525892
1701364346542, 2023-11-30T17:12:26.542Z, 315.39507280000004, 342.7931694
1701364346560, 2023-11-30T17:12:26.560Z, 277.91244500000005, 364.47886
1701364346575, 2023-11-30T17:12:26.575Z, 254.96953419999994, 384.8393242
1701364346591, 2023-11-30T17:12:26.591Z, 236.70928599999996, 403.82153600000004
1701364346606, 2023-11-30T17:12:26.606Z, 222.6471478, 420.8395176
1701364346625, 2023-11-30T17:12:26.625Z, 217.9326014, 426.3892872
1701364346637, 2023-11-30T17:12:26.637Z, 217.9759886, 433.7568134
1701364346653, 2023-11-30T17:12:26.653Z, 218.33405739999998, 438.62777559999995
1701364346668, 2023-11-30T17:12:26.668Z, 217.5853954, 443.70775100000003
1701364346687, 2023-11-30T17:12:26.687Z, 219.7521838, 445.0322994
1701364346716, 2023-11-30T17:12:26.716Z, 217.2434526, 444.65365600000007
1701364346731, 2023-11-30T17:12:26.731Z, 211.71869880000003, 442.877378
1701364346751, 2023-11-30T17:12:26.751Z, 205.3218374, 443.81808579999995
1701364346778, 2023-11-30T17:12:26.778Z, 198.6560552, 446.24864099999996
1701364346796, 2023-11-30T17:12:26.796Z, 189.72589680000002, 452.0149642
1701364346824, 2023-11-30T17:12:26.824Z, 186.27230079999998, 457.79872340000003
1701364346842, 2023-11-30T17:12:26.842Z, 187.10861219999998, 464.0446438
1701364346855, 2023-11-30T17:12:26.855Z, 186.73321479999998, 468.981474
1701364346871, 2023-11-30T17:12:26.871Z, 183.1065282, 483.409079
1701364346886, 2023-11-30T17:12:26.886Z, 183.10328639999997, 494.97137039999996
1701364346901, 2023-11-30T17:12:26.901Z, 179.953681, 508.85761220000006
1701364346918, 2023-11-30T17:12:26.918Z, 172.2117966, 520.6674811999999
1701364346933, 2023-11-30T17:12:26.933Z, 167.3047842, 532.5317180000001
1701364346949, 2023-11-30T17:12:26.949Z, 166.1392392, 534.4776154
1701364346965, 2023-11-30T17:12:26.965Z, 166.1953388, 537.3808108000001
1701364346991, 2023-11-30T17:12:26.991Z, 167.7744822, 537.6823556
1701364347012, 2023-11-30T17:12:27.012Z, 169.5018322, 538.2713158
1701364347027, 2023-11-30T17:12:27.027Z, 167.3176634, 537.4525562000001
1701364347043, 2023-11-30T17:12:27.043Z, 164.6783122, 536.5479766000001
1701364347058, 2023-11-30T17:12:27.058Z, 160.238175, 534.4761376
1701364347074, 2023-11-30T17:12:27.074Z, 154.9129324, 533.2045362000001
1701364347090, 2023-11-30T17:12:27.090Z, 149.5953184, 531.596558
1701364347105, 2023-11-30T17:12:27.105Z, 148.18697039999998, 530.7481270000001
1701364347123, 2023-11-30T17:12:27.123Z, 146.99854639999998, 529.8860093999999
1701364347137, 2023-11-30T17:12:27.137Z, 147.23988400000002, 528.9223352
1701364347156, 2023-11-30T17:12:27.156Z, 149.3839602, 528.8822186
1701364347184, 2023-11-30T17:12:27.184Z, 153.54766279999998, 532.8819275999999
1701364347203, 2023-11-30T17:12:27.203Z, 156.84809539999998, 536.6561992
1701364347230, 2023-11-30T17:12:27.230Z, 160.5227538, 540.5863554
1701364347245, 2023-11-30T17:12:27.245Z, 163.2013528, 545.1722288
1701364347261, 2023-11-30T17:12:27.261Z, 165.3528754, 549.0801343999999
1701364347307, 2023-11-30T17:12:27.307Z, 172.92570899999998, 541.9520088000002
1701364347322, 2023-11-30T17:12:27.322Z, 178.72433259999997, 539.615575
1701364347337, 2023-11-30T17:12:27.337Z, 187.2330394, 534.3830576
1701364347354, 2023-11-30T17:12:27.354Z, 194.77675140000002, 530.7057494000001
1701364347368, 2023-11-30T17:12:27.368Z, 198.98277720000002, 524.7809643999999
1701364347384, 2023-11-30T17:12:27.384Z, 198.13049299999997, 525.2114485999999
1701364347400, 2023-11-30T17:12:27.400Z, 203.09033000000002, 521.5789867999999
1701364347415, 2023-11-30T17:12:27.415Z, 211.42401600000002, 520.5923064
1701364347441, 2023-11-30T17:12:27.441Z, 231.2270896, 514.7733817999999
1701364347463, 2023-11-30T17:12:27.463Z, 256.3027694, 510.8847184
1701364347479, 2023-11-30T17:12:27.479Z, 282.954889, 504.6616932
1701364347492, 2023-11-30T17:12:27.492Z, 307.412525, 498.48607359999994
1701364347508, 2023-11-30T17:12:27.508Z, 324.9043656, 492.58890059999993
1701364347524, 2023-11-30T17:12:27.524Z, 333.40315979999997, 488.279326
1701364347555, 2023-11-30T17:12:27.555Z, 338.6794296, 482.58589
1701364347571, 2023-11-30T17:12:27.571Z, 340.3231726, 480.7502184
1701364347587, 2023-11-30T17:12:27.587Z, 333.4757794, 486.003046
1701364347618, 2023-11-30T17:12:27.618Z, 329.3222726, 490.1306858
1701364347634, 2023-11-30T17:12:27.634Z, 321.99565240000004, 493.4362623999999
1701364347653, 2023-11-30T17:12:27.653Z, 316.24472240000006, 497.6484918
1701364347666, 2023-11-30T17:12:27.666Z, 312.28252000000003, 500.30051619999995
1701364347682, 2023-11-30T17:12:27.682Z, 309.9540922, 499.2540182000001
1701364347698, 2023-11-30T17:12:27.698Z, 308.53704619999996, 497.968721
1701364347713, 2023-11-30T17:12:27.713Z, 308.54183379999995, 499.157334
1701364347740, 2023-11-30T17:12:27.740Z, 305.96946560000004, 503.8230172
1701364347759, 2023-11-30T17:12:27.759Z, 302.5079078, 509.4996218
1701364347775, 2023-11-30T17:12:27.775Z, 306.2356702, 511.04632939999993
1701364347790, 2023-11-30T17:12:27.790Z, 315.8993458, 513.2947946
1701364347806, 2023-11-30T17:12:27.806Z, 325.8571844, 513.2016854
1701364347822, 2023-11-30T17:12:27.822Z, 334.74271120000003, 510.05183539999996
1701364347837, 2023-11-30T17:12:27.837Z, 340.78558119999997, 508.6503106
1701364347853, 2023-11-30T17:12:27.853Z, 347.58884459999996, 507.52602579999996
1701364347869, 2023-11-30T17:12:27.869Z, 345.434507, 507.55555979999997
1701364347890, 2023-11-30T17:12:27.890Z, 343.50629119999996, 514.1840473999999
1701364347915, 2023-11-30T17:12:27.915Z, 344.16221920000004, 521.1235446
1701364347930, 2023-11-30T17:12:27.930Z, 346.781825, 526.029264
1701364347945, 2023-11-30T17:12:27.945Z, 348.176204, 530.5699458
1701364347961, 2023-11-30T17:12:27.961Z, 348.33843900000005, 535.6369756
1701364347977, 2023-11-30T17:12:27.977Z, 347.99658400000004, 535.9352224
1701364347992, 2023-11-30T17:12:27.992Z, 347.8353846, 536.2828354
1701364348011, 2023-11-30T17:12:28.011Z, 348.20706579999995, 536.979202
1701364348039, 2023-11-30T17:12:28.039Z, 348.41066179999996, 538.8599262
1701364348071, 2023-11-30T17:12:28.071Z, 352.91322019999996, 540.4853782
1701364348086, 2023-11-30T17:12:28.086Z, 354.6492372, 546.2276730000001
1701364348102, 2023-11-30T17:12:28.102Z, 357.4998656, 548.3437306000001
1701364348118, 2023-11-30T17:12:28.118Z, 365.53382799999997, 550.8519112
1701364348134, 2023-11-30T17:12:28.134Z, 373.87879080000005, 551.9949954
1701364348148, 2023-11-30T17:12:28.148Z, 380.162289, 552.0357342
1701364348164, 2023-11-30T17:12:28.164Z, 390.0724422, 546.9933176000001
1701364348191, 2023-11-30T17:12:28.191Z, 401.1466544, 545.257529
1701364348210, 2023-11-30T17:12:28.210Z, 406.8099544, 543.4632928
1701364348227, 2023-11-30T17:12:28.227Z, 411.82824379999994, 542.6958006000001
1701364348242, 2023-11-30T17:12:28.242Z, 416.5082612, 541.6926145999998
1701364348258, 2023-11-30T17:12:28.258Z, 417.682442, 540.2425604
1701364348274, 2023-11-30T17:12:28.274Z, 416.9200244, 536.924346
1701364348289, 2023-11-30T17:12:28.289Z, 419.03403280000003, 528.4316074000001
1701364348305, 2023-11-30T17:12:28.305Z, 419.9947346, 520.5214386
1701364348320, 2023-11-30T17:12:28.320Z, 414.6302202, 519.5970422
1701364348340, 2023-11-30T17:12:28.340Z, 417.7182748, 510.6687529999999
1701364348373, 2023-11-30T17:12:28.373Z, 418.46402019999994, 503.54183679999994
1701364348399, 2023-11-30T17:12:28.399Z, 413.4010568, 502.00452740000003
1701364348416, 2023-11-30T17:12:28.416Z, 402.9625884, 500.15758859999994
1701364348444, 2023-11-30T17:12:28.444Z, 400.11983039999996, 490.291634
1701364348460, 2023-11-30T17:12:28.460Z, 391.0591158, 491.68619500000005
1701364348506, 2023-11-30T17:12:28.506Z, 385.2676292, 491.1988562
1701364348522, 2023-11-30T17:12:28.522Z, 379.7075002, 490.0765906
1701364348537, 2023-11-30T17:12:28.537Z, 375.758767, 489.83558839999995
1701364348552, 2023-11-30T17:12:28.552Z, 368.48656719999997, 490.3313446
1701364348568, 2023-11-30T17:12:28.568Z, 359.309525, 489.6235874
1701364348585, 2023-11-30T17:12:28.585Z, 350.3853236, 489.4844746
1701364348599, 2023-11-30T17:12:28.599Z, 344.4241948, 489.299633
1701364348615, 2023-11-30T17:12:28.615Z, 343.55080019999997, 488.195107
1701364348640, 2023-11-30T17:12:28.640Z, 348.3835763999999, 487.46586899999994
1701364348664, 2023-11-30T17:12:28.664Z, 354.5322082, 486.12365299999993
1701364348679, 2023-11-30T17:12:28.679Z, 357.519661, 486.5569368
1701364348693, 2023-11-30T17:12:28.693Z, 358.2055516, 488.4774891999999
1701364348707, 2023-11-30T17:12:28.707Z, 357.430733, 490.53997200000003
1701364348723, 2023-11-30T17:12:28.723Z, 350.22985099999994, 497.79189320000006
1701364348740, 2023-11-30T17:12:28.740Z, 344.78128699999996, 505.853694
1701364348755, 2023-11-30T17:12:28.755Z, 340.44398179999996, 517.558531
1701364348770, 2023-11-30T17:12:28.770Z, 337.438915, 528.3010694000001
1701364348791, 2023-11-30T17:12:28.791Z, 336.0251254, 539.9888452
1701364348802, 2023-11-30T17:12:28.802Z, 338.8931936, 536.2983068
1701364348834, 2023-11-30T17:12:28.834Z, 349.31070980000004, 534.7486081999999
1701364348851, 2023-11-30T17:12:28.851Z, 372.84858340000005, 525.9658674
1701364348882, 2023-11-30T17:12:28.882Z, 408.4449444, 511.763071
1701364348899, 2023-11-30T17:12:28.899Z, 447.64741599999996, 495.95116399999995
1701364348913, 2023-11-30T17:12:28.913Z, 498.5083562, 495.2073899999999
1701364348939, 2023-11-30T17:12:28.939Z, 540.9469019999999, 492.2394144
1701364348956, 2023-11-30T17:12:28.956Z, 573.5611461999999, 492.04632000000004
1701364348976, 2023-11-30T17:12:28.976Z, 594.7376231999999, 496.66505040000004
1701364348992, 2023-11-30T17:12:28.992Z, 609.9042870000001, 500.86273300000005
1701364349008, 2023-11-30T17:12:29.008Z, 612.6852252000001, 499.8028028
1701364349024, 2023-11-30T17:12:29.024Z, 617.4145596000001, 496.5473344
1701364349041, 2023-11-30T17:12:29.041Z, 612.7553110000001, 494.2517052
1701364349056, 2023-11-30T17:12:29.056Z, 594.5651658, 490.68520800000005
1701364349073, 2023-11-30T17:12:29.073Z, 573.6860628000001, 487.51725500000003
1701364349095, 2023-11-30T17:12:29.095Z, 545.2775118, 484.7638854
1701364349118, 2023-11-30T17:12:29.118Z, 510.4339062, 485.3664046
1701364349132, 2023-11-30T17:12:29.132Z, 479.2913756, 486.09406500000006
1701364349151, 2023-11-30T17:12:29.151Z, 463.5090808, 486.60637799999995
1701364349165, 2023-11-30T17:12:29.165Z, 452.88373179999996, 487.70525680000003
1701364349183, 2023-11-30T17:12:29.183Z, 449.05125819999995, 489.2251956
1701364349213, 2023-11-30T17:12:29.213Z, 449.79236679999997, 488.312777
1701364349243, 2023-11-30T17:12:29.243Z, 451.02460460000003, 481.5867478
1701364349259, 2023-11-30T17:12:29.259Z, 450.0485208, 472.7399892
1701364349275, 2023-11-30T17:12:29.275Z, 452.9835866, 463.225968
1701364349291, 2023-11-30T17:12:29.291Z, 452.93888460000005, 455.5827232
1701364349307, 2023-11-30T17:12:29.307Z, 454.5101616, 447.2263654
1701364349323, 2023-11-30T17:12:29.323Z, 460.51193720000003, 444.44167179999994
1701364349338, 2023-11-30T17:12:29.338Z, 465.388594, 446.12630480000007
1701364349354, 2023-11-30T17:12:29.354Z, 462.0117964, 450.6655968
1701364349370, 2023-11-30T17:12:29.370Z, 454.39361040000006, 463.5260972
1701364349391, 2023-11-30T17:12:29.391Z, 437.2716978, 484.87671119999993
1701364349416, 2023-11-30T17:12:29.416Z, 416.2973438, 507.7276854
1701364349431, 2023-11-30T17:12:29.431Z, 394.8870008, 531.0084918
1701364349447, 2023-11-30T17:12:29.447Z, 377.3070594, 548.8682344
1701364349462, 2023-11-30T17:12:29.463Z, 366.3749726, 557.7200731999999
1701364349479, 2023-11-30T17:12:29.479Z, 366.4196094, 555.7044092
1701364349513, 2023-11-30T17:12:29.513Z, 365.978367, 549.1963089999999
1701364349526, 2023-11-30T17:12:29.526Z, 370.3605842, 539.7719762
1701364349542, 2023-11-30T17:12:29.542Z, 375.4361222, 532.2690374
1701364349558, 2023-11-30T17:12:29.558Z, 383.36355480000003, 520.8439547999999
1701364349574, 2023-11-30T17:12:29.574Z, 386.4754464, 514.4018354
1701364349589, 2023-11-30T17:12:29.589Z, 396.3222634, 508.33351999999996
1701364349604, 2023-11-30T17:12:29.604Z, 400.70836799999995, 511.14487599999995
1701364349622, 2023-11-30T17:12:29.622Z, 397.50577880000003, 512.4885724
1701364349636, 2023-11-30T17:12:29.636Z, 397.84358979999996, 511.2118576
1701364349651, 2023-11-30T17:12:29.651Z, 399.2328656, 508.66891999999996
1701364349669, 2023-11-30T17:12:29.669Z, 395.2374254, 508.87093699999997
1701364349691, 2023-11-30T17:12:29.691Z, 389.0387812, 503.12969919999995
1701364349702, 2023-11-30T17:12:29.702Z, 391.08923919999995, 498.86952600000006
1701364349728, 2023-11-30T17:12:29.728Z, 386.8409068, 501.06851960000006
1701364349743, 2023-11-30T17:12:29.743Z, 380.589217, 506.6832836
1701364349759, 2023-11-30T17:12:29.759Z, 380.54268040000005, 509.3710545999999
1701364349775, 2023-11-30T17:12:29.775Z, 391.57920240000004, 508.038163
1701364349790, 2023-11-30T17:12:29.790Z, 400.26403220000003, 509.0124592
1701364349806, 2023-11-30T17:12:29.806Z, 407.17847300000005, 509.68261640000003
1701364349821, 2023-11-30T17:12:29.821Z, 430.5352814, 504.8348594
1701364349837, 2023-11-30T17:12:29.837Z, 448.8359162, 502.6181558
1701364349866, 2023-11-30T17:12:29.866Z, 458.22609840000007, 503.7242448
1701364349882, 2023-11-30T17:12:29.882Z, 469.1096366, 503.320961
1701364349930, 2023-11-30T17:12:29.930Z, 454.67958819999996, 497.9547616
1701364349961, 2023-11-30T17:12:29.961Z, 425.6625486, 494.5824532
1701364350006, 2023-11-30T17:12:30.006Z, 398.8168044, 486.7215526
1701364350022, 2023-11-30T17:12:30.022Z, 371.3196426, 479.52753140000004
1701364350053, 2023-11-30T17:12:30.053Z, 342.35912859999996, 471.4626596
1701364350068, 2023-11-30T17:12:30.068Z, 337.80910839999996, 467.2486832000001
1701364350099, 2023-11-30T17:12:30.099Z, 327.579847, 463.1177014
1701364350115, 2023-11-30T17:12:30.115Z, 316.5932448, 463.1880912
1701364350140, 2023-11-30T17:12:30.140Z, 311.4766598, 461.0375054
1701364350163, 2023-11-30T17:12:30.163Z, 308.87901, 459.36214279999996
1701364350179, 2023-11-30T17:12:30.179Z, 315.9067976, 443.50070639999996
1701364350194, 2023-11-30T17:12:30.194Z, 328.413432, 426.96129920000004
1701364350210, 2023-11-30T17:12:30.210Z, 338.62005200000004, 411.42186119999997
1701364350225, 2023-11-30T17:12:30.225Z, 348.09142340000005, 394.76380800000004
1701364350241, 2023-11-30T17:12:30.241Z, 356.32163760000003, 378.5282914
1701364350257, 2023-11-30T17:12:30.257Z, 354.7841022, 375.91831579999996
1701364350273, 2023-11-30T17:12:30.273Z, 355.9816022, 374.160655
1701364350288, 2023-11-30T17:12:30.288Z, 355.25937120000003, 370.15166519999997
1701364350305, 2023-11-30T17:12:30.305Z, 352.5298548, 364.3159596
1701364350335, 2023-11-30T17:12:30.335Z, 352.1862228, 355.66229740000006
1701364350351, 2023-11-30T17:12:30.351Z, 365.0169954, 340.513255
1701364350367, 2023-11-30T17:12:30.367Z, 377.23025440000004, 323.89433240000005
1701364350382, 2023-11-30T17:12:30.382Z, 388.40566079999996, 307.211044
1701364350398, 2023-11-30T17:12:30.398Z, 399.41907119999996, 293.23680260000003
1701364350413, 2023-11-30T17:12:30.413Z, 407.688212, 279.796016
1701364350440, 2023-11-30T17:12:30.440Z, 405.49588200000005, 273.03956260000007
1701364350461, 2023-11-30T17:12:30.461Z, 401.7568966, 267.59390680000007
1701364350476, 2023-11-30T17:12:30.476Z, 400.566757, 263.8390942
1701364350491, 2023-11-30T17:12:30.491Z, 401.8550196, 260.7178594
1701364350507, 2023-11-30T17:12:30.507Z, 403.297384, 259.5889142
1701364350522, 2023-11-30T17:12:30.522Z, 402.8941688, 260.5607238
1701364350537, 2023-11-30T17:12:30.537Z, 404.9200522, 261.39944760000003
1701364350552, 2023-11-30T17:12:30.552Z, 407.439724, 262.4094076
1701364350567, 2023-11-30T17:12:30.567Z, 406.54549499999996, 262.88487599999996
1701364350590, 2023-11-30T17:12:30.590Z, 406.36236440000005, 263.7778912
1701364350613, 2023-11-30T17:12:30.613Z, 406.81093, 262.6480778
1701364350629, 2023-11-30T17:12:30.629Z, 404.3013776, 263.00333680000006
1701364350647, 2023-11-30T17:12:30.647Z, 401.9622716, 264.13635839999995
1701364350661, 2023-11-30T17:12:30.661Z, 397.8020166, 267.411123
1701364350677, 2023-11-30T17:12:30.677Z, 391.6997046, 272.0878828
1701364350692, 2023-11-30T17:12:30.692Z, 389.69051340000004, 277.8497466
1701364350711, 2023-11-30T17:12:30.711Z, 386.7468104000001, 282.86108720000004
1701364350739, 2023-11-30T17:12:30.739Z, 382.4652642, 287.31852779999997
1701364350755, 2023-11-30T17:12:30.755Z, 383.69681019999996, 289.96006500000004
1701364350786, 2023-11-30T17:12:30.786Z, 386.41142299999996, 290.3506572
1701364350801, 2023-11-30T17:12:30.801Z, 389.3526276, 286.2937906
1701364350833, 2023-11-30T17:12:30.833Z, 395.153776, 282.4517234
1701364350848, 2023-11-30T17:12:30.848Z, 402.3710588, 280.2674408
1701364350865, 2023-11-30T17:12:30.865Z, 406.6348798, 279.0052464
1701364350891, 2023-11-30T17:12:30.891Z, 419.1226092, 281.0464078
1701364350912, 2023-11-30T17:12:30.912Z, 447.2188098, 287.8674116
1701364350943, 2023-11-30T17:12:30.943Z, 551.6782863999999, 291.616488
1701364350957, 2023-11-30T17:12:30.957Z, 700.235063, 294.6872836
1701364350974, 2023-11-30T17:12:30.974Z, 859.4201298, 299.2205814
1701364350989, 2023-11-30T17:12:30.989Z, 1023.2467172, 302.3875132
1701364351005, 2023-11-30T17:12:31.005Z, 1169.414662, 305.6062586
1701364351020, 2023-11-30T17:12:31.020Z, 1240.8453516000002, 311.7993728
1701364351041, 2023-11-30T17:12:31.041Z, 1267.7237264, 319.12181979999997
1701364351066, 2023-11-30T17:12:31.066Z, 1284.5889138, 326.2157706
1701364351082, 2023-11-30T17:12:31.082Z, 1289.3388166, 330.9218792
1701364351097, 2023-11-30T17:12:31.097Z, 1293.6462346, 332.25358339999997
1701364351113, 2023-11-30T17:12:31.113Z, 1295.3694648, 332.71609479999995
1701364351129, 2023-11-30T17:12:31.129Z, 1303.6664896, 329.5493258
1701364351146, 2023-11-30T17:12:31.146Z, 1310.7971032, 324.17179479999993
1701364351162, 2023-11-30T17:12:31.162Z, 1314.5426398, 320.25310499999995
1701364351192, 2023-11-30T17:12:31.192Z, 1321.0089414, 316.4334872
1701364351207, 2023-11-30T17:12:31.207Z, 1337.592576, 302.80890039999997
1701364351222, 2023-11-30T17:12:31.222Z, 1350.4534608, 287.9872774
1701364351238, 2023-11-30T17:12:31.238Z, 1373.2601388, 261.884232
1701364351269, 2023-11-30T17:12:31.269Z, 1400.235819, 233.54282199999997
1701364351285, 2023-11-30T17:12:31.285Z, 1424.7933553999999, 205.3018422
1701364351301, 2023-11-30T17:12:31.301Z, 1439.2180128, 186.31061140000003
1701364351316, 2023-11-30T17:12:31.316Z, 1450.8020576, 169.23652859999999
1701364351342, 2023-11-30T17:12:31.342Z, 1455.3804202, 165.6130458
1701364351363, 2023-11-30T17:12:31.363Z, 1457.8932260000001, 162.9468898
1701364351379, 2023-11-30T17:12:31.379Z, 1459.6540069999999, 163.11132740000002
1701364351396, 2023-11-30T17:12:31.396Z, 1480.7311728, 164.6389732
1701364351411, 2023-11-30T17:12:31.411Z, 1514.4372101999998, 159.2605372
1701364351427, 2023-11-30T17:12:31.427Z, 1542.3194387999997, 155.701648
1701364351442, 2023-11-30T17:12:31.442Z, 1571.2455631999999, 155.63191360000002
1701364351458, 2023-11-30T17:12:31.458Z, 1616.0449906, 149.1670042
1701364351473, 2023-11-30T17:12:31.473Z, 1640.8911926, 143.632366
1701364351503, 2023-11-30T17:12:31.503Z, 1655.1928278, 146.0216204
1701364351519, 2023-11-30T17:12:31.519Z, 1670.8038474, 147.3740664
1701364351535, 2023-11-30T17:12:31.535Z, 1671.7207616, 149.93931999999998
1701364351550, 2023-11-30T17:12:31.550Z, 1642.5562932, 160.634388
1701364351580, 2023-11-30T17:12:31.580Z, 1594.7043595999999, 171.131113
1701364351597, 2023-11-30T17:12:31.597Z, 1534.6964922000002, 182.0053764
1701364351613, 2023-11-30T17:12:31.613Z, 1469.064401, 190.6264592
1701364351647, 2023-11-30T17:12:31.647Z, 1412.364167, 195.18813920000002
1701364351661, 2023-11-30T17:12:31.661Z, 1362.1022681999998, 199.35129899999998
1701364351680, 2023-11-30T17:12:31.680Z, 1326.3307002000001, 202.97480119999997
1701364351692, 2023-11-30T17:12:31.693Z, 1300.7166751999998, 205.37588599999998
1701364351707, 2023-11-30T17:12:31.707Z, 1285.4885028, 206.1129656
1701364351723, 2023-11-30T17:12:31.723Z, 1272.3635208, 209.18411120000002
1701364351738, 2023-11-30T17:12:31.738Z, 1268.8255366, 209.3318456
1701364351753, 2023-11-30T17:12:31.753Z, 1270.9280732, 207.94430440000002
1701364351770, 2023-11-30T17:12:31.770Z, 1271.586187, 208.82354700000002
1701364351800, 2023-11-30T17:12:31.800Z, 1269.7545645999999, 210.97983680000002
1701364351816, 2023-11-30T17:12:31.816Z, 1270.2858137999997, 210.8729042
1701364351848, 2023-11-30T17:12:31.848Z, 1264.7779501999999, 213.3410766
1701364351864, 2023-11-30T17:12:31.864Z, 1259.5802284000001, 216.6077206
1701364351883, 2023-11-30T17:12:31.883Z, 1239.9896199999998, 218.1530854
1701364351910, 2023-11-30T17:12:31.910Z, 1206.0559818, 224.88908080000002
1701364351943, 2023-11-30T17:12:31.943Z, 1169.0608895999999, 232.937498
1701364351956, 2023-11-30T17:12:31.956Z, 1138.6072589999999, 236.22911459999995
1701364351973, 2023-11-30T17:12:31.973Z, 1105.2663502, 239.9076556
1701364351989, 2023-11-30T17:12:31.989Z, 1087.5778692, 243.52350340000004
1701364352004, 2023-11-30T17:12:32.004Z, 1083.9231564, 241.98830820000003
1701364352020, 2023-11-30T17:12:32.020Z, 1090.7816112, 232.5494074
1701364352037, 2023-11-30T17:12:32.037Z, 1095.0017442, 225.26862
1701364352052, 2023-11-30T17:12:32.052Z, 1100.2664406, 217.2347428
1701364352068, 2023-11-30T17:12:32.068Z, 1106.5433464, 208.7386622
1701364352089, 2023-11-30T17:12:32.089Z, 1113.2138502, 200.17249859999998
1701364352115, 2023-11-30T17:12:32.115Z, 1112.5014218000001, 199.19376359999998
1701364352133, 2023-11-30T17:12:32.133Z, 1111.9594726, 200.1379456
1701364352147, 2023-11-30T17:12:32.147Z, 1112.3337453999998, 201.49665399999998
1701364352161, 2023-11-30T17:12:32.161Z, 1113.6203588, 202.69645
1701364352177, 2023-11-30T17:12:32.177Z, 1117.0945887999999, 204.0303132
1701364352193, 2023-11-30T17:12:32.193Z, 1120.6947756, 205.0848486
1701364352209, 2023-11-30T17:12:32.209Z, 1124.4730240000001, 204.82805359999998
1701364352224, 2023-11-30T17:12:32.224Z, 1127.2425956, 204.761763
1701364352243, 2023-11-30T17:12:32.243Z, 1125.303958, 205.084118
1701364352255, 2023-11-30T17:12:32.255Z, 1119.4021078, 205.95080760000002
1701364352271, 2023-11-30T17:12:32.271Z, 1113.4026864, 206.60329000000002
1701364352286, 2023-11-30T17:12:32.286Z, 1106.7293014000002, 207.72060300000004
1701364352301, 2023-11-30T17:12:32.301Z, 1100.002542, 208.705872
1701364352318, 2023-11-30T17:12:32.318Z, 1097.072623, 209.49098840000002
1701364352332, 2023-11-30T17:12:32.332Z, 1099.3280763999999, 207.9876764
1701364352348, 2023-11-30T17:12:32.348Z, 1102.1969904000002, 206.27172919999998
1701364352363, 2023-11-30T17:12:32.363Z, 1103.0731664, 205.19288360000002
1701364352391, 2023-11-30T17:12:32.391Z, 1101.4226644, 205.4664212
1701364352410, 2023-11-30T17:12:32.410Z, 1097.420938, 206.4444872
1701364352424, 2023-11-30T17:12:32.424Z, 1085.3722008, 210.015301
1701364352439, 2023-11-30T17:12:32.439Z, 1075.2908896000001, 213.0641708
1701364352455, 2023-11-30T17:12:32.455Z, 1069.7392946, 215.0388168
1701364352471, 2023-11-30T17:12:32.471Z, 1077.4884666, 210.5794832
1701364352487, 2023-11-30T17:12:32.487Z, 1084.4741820000002, 205.78507380000002
1701364352503, 2023-11-30T17:12:32.503Z, 1093.9988508000001, 201.28007799999997
1701364352517, 2023-11-30T17:12:32.517Z, 1106.5484940000001, 194.2456936
1701364352536, 2023-11-30T17:12:32.536Z, 1115.1560734, 189.3635132
1701364352564, 2023-11-30T17:12:32.564Z, 1118.1538432000002, 187.0367716
1701364352579, 2023-11-30T17:12:32.579Z, 1124.0883376000002, 184.63833060000002
1701364352597, 2023-11-30T17:12:32.597Z, 1121.6247725999997, 186.65448759999998
1701364352612, 2023-11-30T17:12:32.612Z, 1117.0534936, 190.12486739999997
1701364352626, 2023-11-30T17:12:32.626Z, 1114.4149286, 191.688072
1701364352643, 2023-11-30T17:12:32.643Z, 1107.6234094, 194.838029
1701364352659, 2023-11-30T17:12:32.659Z, 1097.7750804000002, 197.69041220000003
1701364352673, 2023-11-30T17:12:32.673Z, 1097.0960522, 195.07952519999998
1701364352693, 2023-11-30T17:12:32.693Z, 1097.9825976, 191.241924
1701364352703, 2023-11-30T17:12:32.703Z, 1098.2860038000003, 187.70763619999997
1701364352720, 2023-11-30T17:12:32.720Z, 1095.5846582, 190.5593746
1701364352751, 2023-11-30T17:12:32.751Z, 1102.4465174000002, 191.9694944
1701364352767, 2023-11-30T17:12:32.767Z, 1110.2668256000002, 193.234153
1701364352782, 2023-11-30T17:12:32.782Z, 1114.9194276000003, 197.1865766
1701364352798, 2023-11-30T17:12:32.798Z, 1118.689816, 201.6050954
1701364352814, 2023-11-30T17:12:32.814Z, 1126.1666168000002, 199.6725906
1701364352846, 2023-11-30T17:12:32.846Z, 1123.8858340000002, 199.9185374
1701364352861, 2023-11-30T17:12:32.861Z, 1122.7762238, 200.2805974
1701364352877, 2023-11-30T17:12:32.877Z, 1115.8907958, 202.9929982
1701364352893, 2023-11-30T17:12:32.893Z, 1112.7525554, 202.9795426
1701364352907, 2023-11-30T17:12:32.907Z, 1109.3862611999998, 203.28241699999998
1701364352922, 2023-11-30T17:12:32.922Z, 1110.6727024, 198.73592060000001
1701364352938, 2023-11-30T17:12:32.938Z, 1111.1811254, 194.00977860000003
1701364352954, 2023-11-30T17:12:32.954Z, 1116.0747588, 186.7237988
1701364352969, 2023-11-30T17:12:32.969Z, 1119.474222, 180.53678
1701364352989, 2023-11-30T17:12:32.989Z, 1121.8706378, 175.39314280000002
1701364353017, 2023-11-30T17:12:33.017Z, 1122.0964096, 174.47113
1701364353031, 2023-11-30T17:12:33.031Z, 1118.7829201999998, 176.4370434
1701364353047, 2023-11-30T17:12:33.047Z, 1113.0628166, 180.87609319999999
1701364353080, 2023-11-30T17:12:33.080Z, 1104.6010576, 187.4556068
1701364353095, 2023-11-30T17:12:33.095Z, 1096.6320382, 192.5964074
1701364353112, 2023-11-30T17:12:33.112Z, 1191.1180588, 222.600637
1701364353125, 2023-11-30T17:12:33.125Z, 1294.3141842, 250.12023119999998
1701364353143, 2023-11-30T17:12:33.143Z, 1406.5661802, 276.187997
1701364353156, 2023-11-30T17:12:33.156Z, 1520.1733558, 303.73527939999997
1701364353171, 2023-11-30T17:12:33.171Z, 1633.3989968, 332.46431259999997
1701364353187, 2023-11-30T17:12:33.187Z, 1646.2671880000003, 337.7805046
1701364353203, 2023-11-30T17:12:33.203Z, 1654.6040611999997, 342.4943866
1701364353218, 2023-11-30T17:12:33.218Z, 1657.7946748000002, 345.9198078
1701364353234, 2023-11-30T17:12:33.234Z, 1667.0717184, 342.147063
1701364353250, 2023-11-30T17:12:33.250Z, 1675.7562868, 339.66401779999995
1701364353266, 2023-11-30T17:12:33.266Z, 1685.1232757999999, 337.3839944
1701364353297, 2023-11-30T17:12:33.297Z, 1694.0997086, 337.0789012
1701364353312, 2023-11-30T17:12:33.312Z, 1701.9543141999998, 339.942699
1701364353330, 2023-11-30T17:12:33.330Z, 1705.4247289999998, 347.6191968
1701364353343, 2023-11-30T17:12:33.343Z, 1712.0711164, 353.19715699999995
1701364353360, 2023-11-30T17:12:33.360Z, 1716.2048564000002, 358.17763
1701364353375, 2023-11-30T17:12:33.375Z, 1723.7050862, 350.24711780000007
1701364353390, 2023-11-30T17:12:33.390Z, 1729.5862216, 341.21428520000006
1701364353405, 2023-11-30T17:12:33.405Z, 1718.1931334, 332.4903694
1701364353420, 2023-11-30T17:12:33.420Z, 1706.7459584, 323.376619
1701364353439, 2023-11-30T17:12:33.439Z, 1690.5528609999997, 310.3589126
1701364353466, 2023-11-30T17:12:33.466Z, 1653.5927952000002, 312.1056304
1701364353482, 2023-11-30T17:12:33.482Z, 1619.2491945999998, 311.45156259999993
1701364353497, 2023-11-30T17:12:33.497Z, 1603.9092775999998, 307.9962632
1701364353513, 2023-11-30T17:12:33.513Z, 1582.9062081999996, 306.72414059999994
1701364353530, 2023-11-30T17:12:33.530Z, 1565.3812765999999, 309.29055959999994
1701364353547, 2023-11-30T17:12:33.547Z, 1559.1168039999998, 312.4288995999999
1701364353575, 2023-11-30T17:12:33.575Z, 1551.1481752, 316.7041028
1701364353593, 2023-11-30T17:12:33.593Z, 1542.3119464, 324.6066334
1701364353607, 2023-11-30T17:12:33.607Z, 1538.758933, 331.56585800000005
1701364353621, 2023-11-30T17:12:33.621Z, 1537.6137062, 337.78588440000004
1701364353636, 2023-11-30T17:12:33.636Z, 1548.9310944000001, 341.90927939999995
1701364353652, 2023-11-30T17:12:33.652Z, 1565.0977336, 345.75820020000003
1701364353668, 2023-11-30T17:12:33.668Z, 1577.5398622, 348.64682400000004
1701364353683, 2023-11-30T17:12:33.683Z, 1589.9049781999997, 350.35114020000003
1701364353699, 2023-11-30T17:12:33.699Z, 1600.6743924, 352.3143698
1701364353715, 2023-11-30T17:12:33.715Z, 1609.3611366, 350.3111256
1701364353742, 2023-11-30T17:12:33.742Z, 1616.2428306000002, 346.6286142
1701364353753, 2023-11-30T17:12:33.753Z, 1628.2136226, 341.9514412
1701364353781, 2023-11-30T17:12:33.781Z, 1631.910448, 343.41125780000004
1701364353795, 2023-11-30T17:12:33.795Z, 1635.8924434, 344.79305120000004
1701364353811, 2023-11-30T17:12:33.811Z, 1637.4972334, 346.8663712
1701364353827, 2023-11-30T17:12:33.827Z, 1634.840788, 352.687331
1701364353842, 2023-11-30T17:12:33.842Z, 1622.4116938, 366.56971459999994
1701364353858, 2023-11-30T17:12:33.858Z, 1621.5206352, 369.7325328
1701364353874, 2023-11-30T17:12:33.874Z, 1622.3533868, 369.773274
1701364353888, 2023-11-30T17:12:33.888Z, 1622.7748536, 369.7586742
1701364353907, 2023-11-30T17:12:33.907Z, 1622.11507, 369.6617602
1701364353936, 2023-11-30T17:12:33.936Z, 1628.0964496, 361.3838686
1701364353966, 2023-11-30T17:12:33.967Z, 1631.0858521999999, 356.283337
1701364353983, 2023-11-30T17:12:33.983Z, 1634.1815908, 352.6785754
1701364353998, 2023-11-30T17:12:33.998Z, 1634.5348208, 352.19998
1701364354016, 2023-11-30T17:12:34.016Z, 1635.9780048, 351.1625298
1701364354044, 2023-11-30T17:12:34.044Z, 1633.7923610000003, 353.1273924
1701364354060, 2023-11-30T17:12:34.060Z, 1624.6391061999998, 361.12311579999994
1701364354077, 2023-11-30T17:12:34.077Z, 1614.0283536000002, 370.47566919999997
1701364354092, 2023-11-30T17:12:34.092Z, 1606.1932542, 376.0242698
1701364354108, 2023-11-30T17:12:34.108Z, 1592.9597086, 385.443848
1701364354127, 2023-11-30T17:12:34.127Z, 1581.6128374000002, 393.71076700000003
1701364354141, 2023-11-30T17:12:34.141Z, 1578.0581588, 396.36650799999995
1701364354155, 2023-11-30T17:12:34.155Z, 1578.7085935999999, 396.1653706
1701364354191, 2023-11-30T17:12:34.191Z, 1581.8197633999998, 395.7486624
1701364354235, 2023-11-30T17:12:34.235Z, 1585.985274, 394.67513420000006
1701364354249, 2023-11-30T17:12:34.249Z, 1589.8941129999998, 393.2350292
1701364354266, 2023-11-30T17:12:34.266Z, 1589.8278889999997, 393.864857
1701364354296, 2023-11-30T17:12:34.296Z, 1586.0720485999998, 397.2703724
1701364354312, 2023-11-30T17:12:34.312Z, 1576.5730191999999, 403.0293446
1701364354339, 2023-11-30T17:12:34.339Z, 1562.0289852, 404.5775966
1701364354358, 2023-11-30T17:12:34.358Z, 1526.8677971999998, 408.88502
1701364354376, 2023-11-30T17:12:34.376Z, 1481.0064618, 417.52226979999995
1701364354394, 2023-11-30T17:12:34.394Z, 1428.940529, 429.16952040000007
1701364354407, 2023-11-30T17:12:34.407Z, 1367.4960672000002, 445.6589078
1701364354424, 2023-11-30T17:12:34.424Z, 1299.142471, 471.40831280000003
1701364354437, 2023-11-30T17:12:34.437Z, 1254.6972312, 492.40026
1701364354453, 2023-11-30T17:12:34.453Z, 1221.5140968, 508.0361298000001
1701364354469, 2023-11-30T17:12:34.469Z, 1192.8110876, 521.2511406
1701364354492, 2023-11-30T17:12:34.492Z, 1167.1066436, 530.4548686
1701364354516, 2023-11-30T17:12:34.516Z, 1158.270603, 530.2638469999999
1701364354534, 2023-11-30T17:12:34.534Z, 1148.6479524, 530.5864176000001
1701364354564, 2023-11-30T17:12:34.564Z, 1137.9192025999998, 531.1322722
1701364354580, 2023-11-30T17:12:34.580Z, 1127.3580676, 530.9343002
1701364354612, 2023-11-30T17:12:34.612Z, 1124.016779, 528.8445972000001
1701364354647, 2023-11-30T17:12:34.647Z, 1123.5997541999998, 524.4267898
1701364354659, 2023-11-30T17:12:34.659Z, 1125.0216367999997, 519.66777
1701364354676, 2023-11-30T17:12:34.676Z, 1138.0113047999998, 510.24779100000006
1701364354692, 2023-11-30T17:12:34.692Z, 1155.7994288000002, 499.126144
1701364354709, 2023-11-30T17:12:34.709Z, 1171.730501, 490.2693928
1701364354725, 2023-11-30T17:12:34.725Z, 1186.5158386, 483.1375952
1701364354740, 2023-11-30T17:12:34.740Z, 1198.063317, 477.03845359999997
1701364354754, 2023-11-30T17:12:34.754Z, 1198.5009196, 477.7133452
1701364354770, 2023-11-30T17:12:34.770Z, 1199.0034277999998, 481.437327
1701364354789, 2023-11-30T17:12:34.789Z, 1202.619225, 484.6796652
1701364354817, 2023-11-30T17:12:34.817Z, 1202.8700297999999, 489.0943156
1701364354832, 2023-11-30T17:12:34.832Z, 1201.0660400000002, 493.9801412
1701364354848, 2023-11-30T17:12:34.848Z, 1201.1935310000001, 496.19947080000003
1701364354864, 2023-11-30T17:12:34.864Z, 1197.6732024, 497.45081339999996
1701364354879, 2023-11-30T17:12:34.880Z, 1195.4109458, 498.5296351999999
1701364354897, 2023-11-30T17:12:34.897Z, 1204.2202966, 503.4019938
1701364354928, 2023-11-30T17:12:34.928Z, 1216.7609684000001, 508.523099
1701364354958, 2023-11-30T17:12:34.958Z, 1234.7206702, 518.3164747999999
1701364354975, 2023-11-30T17:12:34.975Z, 1253.1417444, 528.8198448
1701364354992, 2023-11-30T17:12:34.992Z, 1270.1247704000002, 538.3046046
1701364355004, 2023-11-30T17:12:35.004Z, 1279.0515876, 542.5565796
1701364355023, 2023-11-30T17:12:35.023Z, 1287.2286402000002, 544.1858776
1701364355036, 2023-11-30T17:12:35.036Z, 1289.0698344, 541.615589
1701364355050, 2023-11-30T17:12:35.050Z, 1289.9008032000002, 538.2270618
1701364355066, 2023-11-30T17:12:35.066Z, 1289.7007934, 535.9919995999999
1701364355093, 2023-11-30T17:12:35.093Z, 1287.8131996, 535.3257874
1701364355102, 2023-11-30T17:12:35.102Z, 1285.3099246, 536.8889196
1701364355129, 2023-11-30T17:12:35.129Z, 1282.0989164, 540.3963041999999
1701364355145, 2023-11-30T17:12:35.145Z, 1280.5287151999999, 542.4524491999999
1701364355160, 2023-11-30T17:12:35.160Z, 1279.341665, 543.2408744
1701364355176, 2023-11-30T17:12:35.176Z, 1279.0776815999998, 543.0612091999999
1701364355209, 2023-11-30T17:12:35.209Z, 1274.7332646, 542.7109668
1701364355224, 2023-11-30T17:12:35.224Z, 1258.7328058, 544.2335116
1701364355252, 2023-11-30T17:12:35.252Z, 1239.8957156000001, 546.5007062000001
1701364355268, 2023-11-30T17:12:35.268Z, 1217.1958018, 550.1061481999999
1701364355284, 2023-11-30T17:12:35.284Z, 1197.3455040000001, 550.7806278
1701364355315, 2023-11-30T17:12:35.315Z, 1180.4751732, 551.5478412
1701364355330, 2023-11-30T17:12:35.330Z, 1176.0820838, 548.8950824
1701364355347, 2023-11-30T17:12:35.347Z, 1172.8880777999998, 547.6266585999999
1701364355376, 2023-11-30T17:12:35.376Z, 1173.7357769999999, 545.2643418
1701364355394, 2023-11-30T17:12:35.394Z, 1171.0328344, 544.9564445999999
1701364355408, 2023-11-30T17:12:35.408Z, 1169.8315464, 545.3351747999999
1701364355424, 2023-11-30T17:12:35.424Z, 1168.6330233999997, 545.4941514
1701364355438, 2023-11-30T17:12:35.438Z, 1167.5443436, 543.8001063999999
1701364355454, 2023-11-30T17:12:35.454Z, 1163.5117676000002, 542.5801513999999
1701364355470, 2023-11-30T17:12:35.470Z, 1160.5696816, 543.0033683999999
1701364355485, 2023-11-30T17:12:35.485Z, 1157.3485402000001, 542.5292722
1701364355504, 2023-11-30T17:12:35.504Z, 1155.2052144000002, 544.681725
1701364355518, 2023-11-30T17:12:35.518Z, 1153.3243774, 547.7670762
1701364355542, 2023-11-30T17:12:35.542Z, 1153.9330814, 550.3980332
1701364355565, 2023-11-30T17:12:35.565Z, 1153.00188, 551.452709
1701364355579, 2023-11-30T17:12:35.579Z, 1151.9661496, 552.4161026
1701364355595, 2023-11-30T17:12:35.595Z, 1149.6982324, 550.6053392000001
1701364355611, 2023-11-30T17:12:35.611Z, 1147.1350108000001, 548.6397418
1701364355625, 2023-11-30T17:12:35.625Z, 1141.7428863999999, 544.3717688
1701364355643, 2023-11-30T17:12:35.643Z, 1136.7029456, 540.8169642
1701364355658, 2023-11-30T17:12:35.658Z, 1130.4539495999998, 537.3778474000001
1701364355674, 2023-11-30T17:12:35.674Z, 1123.3355494, 535.3665589999999
1701364355689, 2023-11-30T17:12:35.689Z, 1116.399625, 533.5994352
1701364355721, 2023-11-30T17:12:35.721Z, 1110.7040114000001, 533.8441846
1701364355736, 2023-11-30T17:12:35.736Z, 1107.5427774, 533.1677716
1701364355751, 2023-11-30T17:12:35.751Z, 1106.5103068, 532.7478562
1701364355767, 2023-11-30T17:12:35.767Z, 1106.2442058000001, 531.3653288
1701364355783, 2023-11-30T17:12:35.783Z, 1105.0222978, 530.6575574000001
1701364355798, 2023-11-30T17:12:35.798Z, 1105.8837724, 530.4509822
1701364355814, 2023-11-30T17:12:35.814Z, 1105.1279634, 531.2163832
1701364355841, 2023-11-30T17:12:35.841Z, 1103.4235472, 529.8188406
1701364355862, 2023-11-30T17:12:35.862Z, 1101.0831954, 528.3668542
1701364355876, 2023-11-30T17:12:35.876Z, 1099.685937, 526.3761184
1701364355892, 2023-11-30T17:12:35.892Z, 1098.4881104, 525.3891196000001
1701364355908, 2023-11-30T17:12:35.908Z, 1098.014034, 524.380122
1701364355924, 2023-11-30T17:12:35.924Z, 1097.3771972, 525.5700912
1701364355941, 2023-11-30T17:12:35.941Z, 1096.7993430000001, 527.4658698000001
1701364355956, 2023-11-30T17:12:35.956Z, 1096.311375, 528.0649262000001
1701364355974, 2023-11-30T17:12:35.974Z, 1096.4412238, 522.7225746
1701364355992, 2023-11-30T17:12:35.992Z, 1096.9129966, 512.1076382
1701364356003, 2023-11-30T17:12:36.003Z, 1099.1181514, 497.6123288
1701364356023, 2023-11-30T17:12:36.023Z, 1104.1055378, 475.4824326
1701364356050, 2023-11-30T17:12:36.050Z, 1110.7425534, 450.8506748
1701364356066, 2023-11-30T17:12:36.066Z, 1118.0230842, 423.63399340000007
1701364356081, 2023-11-30T17:12:36.081Z, 1124.7047756, 401.61411560000005
1701364356097, 2023-11-30T17:12:36.097Z, 1130.2266018, 383.5118202
1701364356113, 2023-11-30T17:12:36.113Z, 1133.9551706, 371.940153
1701364356136, 2023-11-30T17:12:36.136Z, 1140.2689158, 361.48385659999997
1701364356158, 2023-11-30T17:12:36.158Z, 1150.4969906000001, 356.8054032
1701364356174, 2023-11-30T17:12:36.174Z, 1157.0513818000002, 354.2188928
1701364356191, 2023-11-30T17:12:36.191Z, 1159.8469788, 352.8877898
1701364356206, 2023-11-30T17:12:36.206Z, 1161.8599574, 352.00727900000004
1701364356222, 2023-11-30T17:12:36.222Z, 1161.9377304, 351.82675059999997
1701364356237, 2023-11-30T17:12:36.237Z, 1142.0590452000001, 356.2972094
1701364356252, 2023-11-30T17:12:36.252Z, 1106.7216826, 358.5926367999999
1701364356267, 2023-11-30T17:12:36.267Z, 1056.0021256, 362.76878320000003
1701364356291, 2023-11-30T17:12:36.291Z, 1009.7335166, 363.0757032
1701364356308, 2023-11-30T17:12:36.308Z, 956.0608441999999, 364.7022068
1701364356331, 2023-11-30T17:12:36.331Z, 911.3228311999999, 363.8484042
1701364356361, 2023-11-30T17:12:36.361Z, 883.3393543999998, 359.7068394
1701364356377, 2023-11-30T17:12:36.377Z, 875.9045436, 350.91818839999996
1701364356393, 2023-11-30T17:12:36.393Z, 848.8665037999999, 344.68537319999996
1701364356407, 2023-11-30T17:12:36.407Z, 816.4143032, 338.8357812
1701364356423, 2023-11-30T17:12:36.423Z, 740.6950046, 314.9983916
1701364356442, 2023-11-30T17:12:36.442Z, 662.5702863999999, 293.2915404
1701364356455, 2023-11-30T17:12:36.455Z, 570.6009316000001, 274.79421160000004
1701364356473, 2023-11-30T17:12:36.473Z, 467.7510394000001, 236.66122260000003
1701364356487, 2023-11-30T17:12:36.487Z, 377.59194879999995, 201.77661319999999
1701364356503, 2023-11-30T17:12:36.503Z, 340.2561008, 190.0629604
1701364356518, 2023-11-30T17:12:36.518Z, 303.2760702, 177.25925859999998
1701364356534, 2023-11-30T17:12:36.534Z, 263.6952304, 157.4513426
1701364356550, 2023-11-30T17:12:36.550Z, 248.1867808, 157.5605966
1701364356564, 2023-11-30T17:12:36.564Z, 236.46204479999997, 155.21678699999998
1701364356587, 2023-11-30T17:12:36.587Z, 213.3198864, 146.1241094
1701364356612, 2023-11-30T17:12:36.612Z, 192.68780399999997, 143.26378340000002
1701364356627, 2023-11-30T17:12:36.627Z, 185.5819998, 147.3871482
1701364356642, 2023-11-30T17:12:36.642Z, 180.084136, 153.37332880000002
1701364356659, 2023-11-30T17:12:36.659Z, 168.7100078, 159.0235456
1701364356674, 2023-11-30T17:12:36.674Z, 167.560203, 164.8939762
1701364356689, 2023-11-30T17:12:36.689Z, 168.92678840000002, 176.4282236
1701364356705, 2023-11-30T17:12:36.705Z, 172.79673780000002, 187.00366780000002
1701364356719, 2023-11-30T17:12:36.719Z, 178.37429820000003, 197.925362
1701364356742, 2023-11-30T17:12:36.742Z, 184.49748900000003, 212.62735820000003
1701364356767, 2023-11-30T17:12:36.767Z, 190.2008522, 227.6774934
1701364356782, 2023-11-30T17:12:36.782Z, 197.05065099999996, 233.6503088
1701364356798, 2023-11-30T17:12:36.798Z, 213.08053479999998, 238.341796
1701364356814, 2023-11-30T17:12:36.814Z, 251.30341119999997, 243.45072520000002
1701364356846, 2023-11-30T17:12:36.846Z, 342.9738704, 262.1919224
1701364356862, 2023-11-30T17:12:36.862Z, 434.86549460000003, 283.2924386
1701364356893, 2023-11-30T17:12:36.893Z, 607.2667595999999, 339.14230940000004
1701364356908, 2023-11-30T17:12:36.908Z, 769.3361091999999, 395.0443386
1701364356925, 2023-11-30T17:12:36.925Z, 912.266648, 451.3931622
1701364356940, 2023-11-30T17:12:36.940Z, 1002.2891696, 488.32084199999997
1701364356957, 2023-11-30T17:12:36.957Z, 1088.4133256, 523.6645014
1701364356972, 2023-11-30T17:12:36.972Z, 1092.3176102, 521.9337444
1701364356987, 2023-11-30T17:12:36.987Z, 1097.5370734, 520.0470177999999
1701364357002, 2023-11-30T17:12:37.002Z, 1103.6570141999998, 514.3672495999999
1701364357018, 2023-11-30T17:12:37.018Z, 1107.1346609999998, 510.748358
1701364357039, 2023-11-30T17:12:37.039Z, 1112.600538, 507.4333871999999
1701364357065, 2023-11-30T17:12:37.065Z, 1119.5093247999998, 506.278545
1701364357081, 2023-11-30T17:12:37.081Z, 1130.1685634, 506.002304
1701364357097, 2023-11-30T17:12:37.097Z, 1136.4019136, 507.4254516
1701364357113, 2023-11-30T17:12:37.113Z, 1144.293336, 508.38631559999993
1701364357128, 2023-11-30T17:12:37.128Z, 1152.9645573999999, 508.10415
1701364357146, 2023-11-30T17:12:37.146Z, 1165.010474, 509.4580456
1701364357175, 2023-11-30T17:12:37.175Z, 1173.2374812, 509.57711179999995
1701364357193, 2023-11-30T17:12:37.193Z, 1192.1664145999998, 509.56032020000004
1701364357223, 2023-11-30T17:12:37.223Z, 1212.1545451999998, 509.74655240000004
1701364357239, 2023-11-30T17:12:37.239Z, 1239.7257844, 509.9083932
1701364357255, 2023-11-30T17:12:37.255Z, 1271.1199368, 508.2891718000001
1701364357270, 2023-11-30T17:12:37.270Z, 1298.1579588, 509.7502576
1701364357287, 2023-11-30T17:12:37.287Z, 1320.8497822, 513.7645768
1701364357301, 2023-11-30T17:12:37.301Z, 1340.0237874, 518.6865022
1701364357317, 2023-11-30T17:12:37.317Z, 1351.3153074, 522.8150883999999
1701364357341, 2023-11-30T17:12:37.341Z, 1350.9065584, 530.2371158000001
1701364357352, 2023-11-30T17:12:37.352Z, 1355.3399944, 534.193965
1701364357379, 2023-11-30T17:12:37.379Z, 1351.4421404, 535.2401156
1701364357394, 2023-11-30T17:12:37.394Z, 1349.273692, 534.295426
1701364357410, 2023-11-30T17:12:37.410Z, 1345.0502256, 534.8221685999999
1701364357426, 2023-11-30T17:12:37.426Z, 1337.3473686, 530.8868308000001
1701364357441, 2023-11-30T17:12:37.441Z, 1325.5591654, 527.8472236
1701364357462, 2023-11-30T17:12:37.462Z, 1309.4968316, 524.4759868
1701364357488, 2023-11-30T17:12:37.488Z, 1296.737722, 523.5661828
1701364357506, 2023-11-30T17:12:37.506Z, 1282.2765382, 522.2330847999999
1701364357534, 2023-11-30T17:12:37.534Z, 1274.1565693999999, 522.0391384000001
1701364357550, 2023-11-30T17:12:37.550Z, 1269.3691948, 519.1199882000001
1701364357581, 2023-11-30T17:12:37.581Z, 1272.3889914, 518.8972157999999
1701364357595, 2023-11-30T17:12:37.595Z, 1252.326701, 511.5153372000001
1701364357611, 2023-11-30T17:12:37.611Z, 1233.9059706, 503.74221499999993
1701364357642, 2023-11-30T17:12:37.642Z, 1213.3962506, 496.514738
1701364357658, 2023-11-30T17:12:37.658Z, 1189.3635006, 493.7930134
1701364357674, 2023-11-30T17:12:37.674Z, 1165.7132207999998, 487.6057468
1701364357690, 2023-11-30T17:12:37.690Z, 1160.6676488, 488.29946060000003
1701364357705, 2023-11-30T17:12:37.705Z, 1155.7731456000001, 489.2548126
1701364357722, 2023-11-30T17:12:37.722Z, 1150.3062494, 490.65316779999995
1701364357738, 2023-11-30T17:12:37.738Z, 1146.2454094, 490.9842992
1701364357751, 2023-11-30T17:12:37.751Z, 1139.7863874, 492.78012500000006
1701364357767, 2023-11-30T17:12:37.767Z, 1133.8674478, 493.35211719999995
1701364357798, 2023-11-30T17:12:37.798Z, 1128.6057976, 491.65157719999996
1701364357813, 2023-11-30T17:12:37.813Z, 1125.489864, 489.04684340000006
1701364357828, 2023-11-30T17:12:37.828Z, 1122.8367502, 485.768793
1701364357844, 2023-11-30T17:12:37.844Z, 1120.298158, 482.91139840000005
1701364357860, 2023-11-30T17:12:37.860Z, 1118.8856952, 479.42679019999997
1701364357875, 2023-11-30T17:12:37.875Z, 1117.3773024, 478.94789579999997
1701364357891, 2023-11-30T17:12:37.891Z, 1116.1804613999998, 478.55470180000003
1701364357908, 2023-11-30T17:12:37.908Z, 1116.1585453999999, 478.29472619999996
1701364357924, 2023-11-30T17:12:37.924Z, 1115.1170459999998, 477.0444614
1701364357941, 2023-11-30T17:12:37.941Z, 1114.0463943999998, 476.33949240000004
1701364357969, 2023-11-30T17:12:37.969Z, 1113.2513744, 475.4712566
1701364357984, 2023-11-30T17:12:37.984Z, 1112.4946610000002, 474.347138
1701364358001, 2023-11-30T17:12:38.001Z, 1112.0148674, 473.3327364
1701364358030, 2023-11-30T17:12:38.030Z, 1112.9371622, 473.7127716
1701364358045, 2023-11-30T17:12:38.045Z, 1113.6681516, 474.55833540000003
1701364358077, 2023-11-30T17:12:38.077Z, 1115.3739056, 474.5417408
1701364358093, 2023-11-30T17:12:38.093Z, 1105.7625148, 482.8222594
1701364358109, 2023-11-30T17:12:38.109Z, 1098.5348688, 487.94351919999997
1701364358125, 2023-11-30T17:12:38.125Z, 1094.7110228, 490.7293159999999
1701364358140, 2023-11-30T17:12:38.140Z, 1101.2947841999999, 491.61175860000003
1701364358155, 2023-11-30T17:12:38.155Z, 1105.7014589999999, 494.0540788
1701364358172, 2023-11-30T17:12:38.172Z, 1117.6197416, 489.6614042
1701364358188, 2023-11-30T17:12:38.188Z, 1126.9407385999998, 487.5725756
1701364358202, 2023-11-30T17:12:38.202Z, 1130.4217456, 486.814389
1701364358217, 2023-11-30T17:12:38.217Z, 1122.3143404, 486.9028568
1701364358242, 2023-11-30T17:12:38.242Z, 1114.8310004, 485.9195436
1701364358270, 2023-11-30T17:12:38.270Z, 1072.849861, 467.72307180000007
1701364358297, 2023-11-30T17:12:38.297Z, 993.8828917999999, 436.162418
1701364358315, 2023-11-30T17:12:38.315Z, 883.0542966, 394.22777140000005
1701364358343, 2023-11-30T17:12:38.343Z, 767.1014474000001, 352.64011760000005
1701364358375, 2023-11-30T17:12:38.375Z, 632.8641104000001, 317.5837598
1701364358390, 2023-11-30T17:12:38.390Z, 535.2752118000001, 298.51229739999997
1701364358406, 2023-11-30T17:12:38.406Z, 482.234491, 287.85134120000004
1701364358421, 2023-11-30T17:12:38.421Z, 462.54864239999995, 286.9357608
1701364358438, 2023-11-30T17:12:38.438Z, 446.4028056, 285.1841068
1701364358455, 2023-11-30T17:12:38.455Z, 447.9006526, 279.1865002
1701364358467, 2023-11-30T17:12:38.467Z, 449.3319866, 271.3035744
1701364358484, 2023-11-30T17:12:38.484Z, 436.8364432, 270.7719916
1701364358498, 2023-11-30T17:12:38.498Z, 424.22549419999996, 269.278937
1701364358515, 2023-11-30T17:12:38.515Z, 411.7705632, 269.3586608
1701364358541, 2023-11-30T17:12:38.541Z, 399.28298920000003, 267.6115282
1701364358561, 2023-11-30T17:12:38.561Z, 387.5002054, 270.54810540000005
1701364358577, 2023-11-30T17:12:38.577Z, 374.18887400000006, 276.6072332
1701364358593, 2023-11-30T17:12:38.593Z, 357.4058854000001, 287.329514
1701364358608, 2023-11-30T17:12:38.608Z, 348.19216760000006, 293.420143
1701364358624, 2023-11-30T17:12:38.624Z, 343.2309462, 295.9237002
1701364358639, 2023-11-30T17:12:38.639Z, 339.3944554, 295.40399080000003
1701364358655, 2023-11-30T17:12:38.655Z, 343.3203024, 289.4940324
1701364358670, 2023-11-30T17:12:38.670Z, 351.1997144, 279.4948966
1701364358692, 2023-11-30T17:12:38.692Z, 354.92038219999995, 271.52387799999997
1701364358716, 2023-11-30T17:12:38.716Z, 355.58997280000006, 267.50208079999993
1701364358732, 2023-11-30T17:12:38.732Z, 356.47138640000003, 265.83823739999997
1701364358747, 2023-11-30T17:12:38.747Z, 361.1321648, 268.158203
1701364358766, 2023-11-30T17:12:38.766Z, 460.9519888, 299.2003804
1701364358795, 2023-11-30T17:12:38.795Z, 578.9736706, 337.0570316
1701364358811, 2023-11-30T17:12:38.811Z, 713.5350234, 379.0210794
1701364358838, 2023-11-30T17:12:38.838Z, 863.3105772000001, 422.42647
1701364358857, 2023-11-30T17:12:38.857Z, 1024.599496, 463.97908720000004
1701364358889, 2023-11-30T17:12:38.889Z, 1084.071799, 481.1752644
1701364358905, 2023-11-30T17:12:38.905Z, 1128.0836956, 492.19918880000006
1701364358934, 2023-11-30T17:12:38.934Z, 1149.9817256000001, 500.2215344
1701364358950, 2023-11-30T17:12:38.950Z, 1155.4659592, 504.90748
1701364358967, 2023-11-30T17:12:38.967Z, 1146.1162898, 508.89621139999997
1701364358990, 2023-11-30T17:12:38.990Z, 1144.282622, 510.0262654
1701364359013, 2023-11-30T17:12:39.013Z, 1137.7647268, 513.3801228
1701364359028, 2023-11-30T17:12:39.028Z, 1138.5227652, 515.7802697999999
1701364359044, 2023-11-30T17:12:39.044Z, 1143.7545288000001, 515.2874171999999
1701364359059, 2023-11-30T17:12:39.059Z, 1147.279997, 514.6876618
1701364359075, 2023-11-30T17:12:39.075Z, 1151.091729, 513.1712107999999
1701364359091, 2023-11-30T17:12:39.091Z, 1158.1081938, 511.088205
1701364359106, 2023-11-30T17:12:39.106Z, 1163.6246996, 508.2943682
1701364359123, 2023-11-30T17:12:39.123Z, 1165.9441875999999, 508.44776220000006
1701364359143, 2023-11-30T17:12:39.143Z, 1177.6605462, 508.42565319999994
1701364359153, 2023-11-30T17:12:39.153Z, 1193.0038923999998, 509.0491048
1701364359170, 2023-11-30T17:12:39.170Z, 1213.6609835999998, 507.4319901999999
1701364359199, 2023-11-30T17:12:39.199Z, 1236.0417107999997, 505.58698960000004
1701364359215, 2023-11-30T17:12:39.215Z, 1264.7650945999999, 505.84778239999997
1701364359231, 2023-11-30T17:12:39.231Z, 1285.0168348, 505.34684659999994
1701364359247, 2023-11-30T17:12:39.247Z, 1300.4947258, 505.038044
1701364359261, 2023-11-30T17:12:39.261Z, 1310.1047397999998, 506.59611760000007
1701364359286, 2023-11-30T17:12:39.286Z, 1317.5510418, 508.3324826
1701364359307, 2023-11-30T17:12:39.307Z, 1318.3284491999998, 507.2324028
1701364359323, 2023-11-30T17:12:39.323Z, 1318.6289198, 506.8146342
1701364359338, 2023-11-30T17:12:39.338Z, 1317.7051454, 506.8395957999999
1701364359354, 2023-11-30T17:12:39.354Z, 1313.983022, 508.68220940000003
1701364359371, 2023-11-30T17:12:39.371Z, 1312.2303588, 509.523912
1701364359388, 2023-11-30T17:12:39.388Z, 1302.584809, 512.8017142
1701364359402, 2023-11-30T17:12:39.402Z, 1289.6059923999999, 515.8857667999999
1701364359419, 2023-11-30T17:12:39.419Z, 1275.8052608000003, 519.8639295999999
1701364359458, 2023-11-30T17:12:39.458Z, 1262.2955442, 523.1491532
1701364359466, 2023-11-30T17:12:39.466Z, 1247.1560138, 527.2667031999999
1701364359488, 2023-11-30T17:12:39.488Z, 1238.1657727999998, 530.4341046000001
1701364359513, 2023-11-30T17:12:39.513Z, 1231.1606788000001, 534.3380030000001
1701364359536, 2023-11-30T17:12:39.536Z, 1225.3260642, 535.6347493999999
1701364359548, 2023-11-30T17:12:39.548Z, 1219.7977916000002, 536.6263207999999
1701364359560, 2023-11-30T17:12:39.560Z, 1213.1622874, 538.4722274
1701364359594, 2023-11-30T17:12:39.594Z, 1206.1079774000002, 539.0343288
1701364359608, 2023-11-30T17:12:39.608Z, 1197.5013774000001, 538.3238382
1701364359623, 2023-11-30T17:12:39.623Z, 1187.0671198, 537.9310886
1701364359639, 2023-11-30T17:12:39.639Z, 1177.7221788, 535.9290696
1701364359655, 2023-11-30T17:12:39.655Z, 1162.9236708, 537.761871
1701364359671, 2023-11-30T17:12:39.671Z, 1154.5621532, 536.1113226
1701364359687, 2023-11-30T17:12:39.687Z, 1149.5292189999998, 536.0045702
1701364359703, 2023-11-30T17:12:39.703Z, 1146.8243154, 537.78736
1701364359719, 2023-11-30T17:12:39.719Z, 1145.9086419999999, 540.3159006
1701364359739, 2023-11-30T17:12:39.739Z, 1152.1973240000002, 538.5417070000001
1701364359757, 2023-11-30T17:12:39.757Z, 1157.1497693999997, 538.9809029999999
1701364359783, 2023-11-30T17:12:39.783Z, 1160.4650784, 538.9059662
1701364359802, 2023-11-30T17:12:39.802Z, 1163.500542, 534.6800196
1701364359818, 2023-11-30T17:12:39.818Z, 1164.4497494, 530.475602
1701364359830, 2023-11-30T17:12:39.830Z, 1164.2280416, 526.280242
1701364359846, 2023-11-30T17:12:39.846Z, 1160.8369632, 521.5302101999999
1701364359861, 2023-11-30T17:12:39.861Z, 1158.9452485999998, 515.8320054
1701364359905, 2023-11-30T17:12:39.905Z, 1156.062485, 513.2791436
1701364359916, 2023-11-30T17:12:39.916Z, 1153.5124238, 512.2338488
1701364359943, 2023-11-30T17:12:39.943Z, 1154.9516736, 514.5562656
1701364359956, 2023-11-30T17:12:39.956Z, 1156.3812532, 519.5845534
1701364359972, 2023-11-30T17:12:39.972Z, 1156.5481064, 525.3833205999999
1701364359987, 2023-11-30T17:12:39.987Z, 1158.926644, 534.9842462
1701364360005, 2023-11-30T17:12:40.005Z, 1161.7147724000001, 545.537845
1701364360019, 2023-11-30T17:12:40.019Z, 1161.1852546, 557.7449292
1701364360042, 2023-11-30T17:12:40.042Z, 1160.1854196, 573.9144140000001
1701364360066, 2023-11-30T17:12:40.066Z, 1161.933039, 593.7625400000001
1701364360081, 2023-11-30T17:12:40.081Z, 1170.2234442, 623.0450128
1701364360096, 2023-11-30T17:12:40.096Z, 1176.4637744, 653.1960992
1701364360111, 2023-11-30T17:12:40.111Z, 1183.4269903999998, 677.7227124
1701364360142, 2023-11-30T17:12:40.142Z, 1193.4561864, 697.3776828
1701364360160, 2023-11-30T17:12:40.160Z, 1200.4385486, 714.3838086
1701364360189, 2023-11-30T17:12:40.189Z, 1200.5762868, 718.369996
1701364360208, 2023-11-30T17:12:40.208Z, 1201.1407984000002, 719.5792024
1701364360238, 2023-11-30T17:12:40.238Z, 1200.5192216, 720.3458488
1701364360254, 2023-11-30T17:12:40.254Z, 1197.681884, 720.8942337999999
1701364360270, 2023-11-30T17:12:40.270Z, 1197.0851058, 715.9775528
1701364360286, 2023-11-30T17:12:40.286Z, 1196.6840222, 710.4653454
1701364360300, 2023-11-30T17:12:40.300Z, 1197.6935846000001, 704.5365194
1701364360316, 2023-11-30T17:12:40.316Z, 1199.051896, 701.1138682000001
1701364360343, 2023-11-30T17:12:40.343Z, 1199.8820822, 699.2006428
1701364360358, 2023-11-30T17:12:40.358Z, 1200.0384992, 701.557779
1701364360378, 2023-11-30T17:12:40.378Z, 1199.8777843999999, 704.9443166
1701364360395, 2023-11-30T17:12:40.395Z, 1199.6349857999999, 707.9050516
1701364360410, 2023-11-30T17:12:40.410Z, 1199.074396, 710.1086742
1701364360425, 2023-11-30T17:12:40.425Z, 1198.9193134000002, 710.872286
1701364360441, 2023-11-30T17:12:40.441Z, 1199.0549506000002, 710.6587046000001
1701364360457, 2023-11-30T17:12:40.457Z, 1200.4416403999999, 712.9428094
1701364360472, 2023-11-30T17:12:40.472Z, 1199.9315624, 704.9893574
1701364360491, 2023-11-30T17:12:40.491Z, 1197.7970384, 684.2424978
1701364360503, 2023-11-30T17:12:40.503Z, 1195.5355642, 665.6233186
1701364360523, 2023-11-30T17:12:40.523Z, 1192.2452794, 642.5127698
1701364360550, 2023-11-30T17:12:40.550Z, 1187.5392812000002, 616.5239337999999
1701364360565, 2023-11-30T17:12:40.565Z, 1183.3849412, 601.9724318000001
1701364360582, 2023-11-30T17:12:40.582Z, 1183.1044678, 598.5954995999999
1701364360598, 2023-11-30T17:12:40.598Z, 1187.2131292, 591.5204382
1701364360614, 2023-11-30T17:12:40.614Z, 1190.8585171999998, 605.7764094
1701364360638, 2023-11-30T17:12:40.638Z, 1194.2933592, 622.1358051999999
1701364360659, 2023-11-30T17:12:40.659Z, 1195.6879305999998, 652.1901184000001
1701364360675, 2023-11-30T17:12:40.675Z, 1192.2644346, 692.0981285999999
1701364360691, 2023-11-30T17:12:40.691Z, 1183.6739476, 737.205488
1701364360705, 2023-11-30T17:12:40.705Z, 1178.6548183999998, 764.0091808
1701364360722, 2023-11-30T17:12:40.722Z, 1174.8384409999999, 788.8247248
1701364360740, 2023-11-30T17:12:40.740Z, 1173.9664776000002, 800.6817588
1701364360754, 2023-11-30T17:12:40.754Z, 1174.1111913999998, 803.6535058
1701364360770, 2023-11-30T17:12:40.770Z, 1173.7027296, 803.4064536000001
1701364360792, 2023-11-30T17:12:40.792Z, 1170.3717205999997, 805.2262642
1701364360816, 2023-11-30T17:12:40.816Z, 1168.3928224, 807.4679156
1701364360831, 2023-11-30T17:12:40.831Z, 1167.9548426, 807.7813536
1701364360847, 2023-11-30T17:12:40.847Z, 1172.5114959999999, 807.8353279999999
1701364360862, 2023-11-30T17:12:40.862Z, 1177.3092734, 807.8167084
1701364360862, 2023-11-30T17:12:40.862Z, 1181.9591526, 807.0852917999999
1701364360881, 2023-11-30T17:12:40.881Z, 1184.0244456, 804.6305682
1701364360909, 2023-11-30T17:12:40.909Z, 1184.4283286, 802.690334
1701364360943, 2023-11-30T17:12:40.943Z, 1177.9062052, 796.9076699999999
1701364360957, 2023-11-30T17:12:40.957Z, 1171.2839614, 791.1731407999999
1701364360973, 2023-11-30T17:12:40.973Z, 1159.3847609999998, 789.733634
1701364360988, 2023-11-30T17:12:40.988Z, 1152.5121224, 786.8472574
1701364361004, 2023-11-30T17:12:41.004Z, 1146.5721330000001, 783.8429688
1701364361020, 2023-11-30T17:12:41.020Z, 1147.8465838, 780.4261231999999
1701364361037, 2023-11-30T17:12:41.037Z, 1150.4370764, 777.2092646
1701364361053, 2023-11-30T17:12:41.053Z, 1160.4006744, 768.4134177999999
1701364361069, 2023-11-30T17:12:41.069Z, 1170.910889, 766.4998082
1701364361090, 2023-11-30T17:12:41.090Z, 1176.8511468000002, 771.4549986
1701364361116, 2023-11-30T17:12:41.116Z, 1179.2894611999998, 781.7579552
1701364361132, 2023-11-30T17:12:41.132Z, 1180.4044172000001, 793.1810599999999
1701364361147, 2023-11-30T17:12:41.147Z, 1179.3023846, 808.4408682000001
1701364361163, 2023-11-30T17:12:41.163Z, 1175.124595, 818.849993
1701364361178, 2023-11-30T17:12:41.178Z, 1175.2555046000002, 822.478288
1701364361195, 2023-11-30T17:12:41.195Z, 1174.524431, 825.5756062
1701364361225, 2023-11-30T17:12:41.225Z, 1173.4165452, 827.8717194000001
1701364361242, 2023-11-30T17:12:41.242Z, 1172.8864681999999, 828.5611655999999
1701364361271, 2023-11-30T17:12:41.271Z, 1169.7997926, 830.1458177999999
1701364361288, 2023-11-30T17:12:41.288Z, 1170.3316404000002, 832.1341454000001
1701364361302, 2023-11-30T17:12:41.302Z, 1172.501468, 833.7243533999999
1701364361319, 2023-11-30T17:12:41.319Z, 1175.0445132, 835.763039
1701364361335, 2023-11-30T17:12:41.335Z, 1173.9237122, 838.0995812000001
1701364361350, 2023-11-30T17:12:41.350Z, 1173.3216872, 840.0446386000001
1701364361365, 2023-11-30T17:12:41.365Z, 1166.302039, 842.9197925999999
1701364361390, 2023-11-30T17:12:41.390Z, 1153.9234208, 850.780285
1701364361402, 2023-11-30T17:12:41.402Z, 1143.158973, 857.4267268
1701364361427, 2023-11-30T17:12:41.427Z, 1142.1644666, 860.5482056000001
1701364361441, 2023-11-30T17:12:41.441Z, 1141.7472396, 863.8243206
1701364361457, 2023-11-30T17:12:41.457Z, 1140.1222452, 864.5464593999999
1701364361472, 2023-11-30T17:12:41.472Z, 1142.6177828, 859.6812917999999
1701364361488, 2023-11-30T17:12:41.488Z, 1140.3868613999998, 858.6478380000001
1701364361506, 2023-11-30T17:12:41.506Z, 1133.0926438000001, 859.9996687999999
1701364361520, 2023-11-30T17:12:41.520Z, 1123.9266852, 861.3355856000001
1701364361539, 2023-11-30T17:12:41.539Z, 1115.611488, 865.3504649999999
1701364361568, 2023-11-30T17:12:41.568Z, 1110.0206716, 870.4201808
1701364361582, 2023-11-30T17:12:41.582Z, 1108.7960528, 872.2196406
1701364361628, 2023-11-30T17:12:41.628Z, 1108.3864608, 874.3385138
1701364361646, 2023-11-30T17:12:41.646Z, 1117.2991482000002, 870.5622089999999
1701364361660, 2023-11-30T17:12:41.660Z, 1132.0963717999998, 861.7910572000001
1701364361692, 2023-11-30T17:12:41.692Z, 1146.6224622, 850.6641872
1701364361709, 2023-11-30T17:12:41.709Z, 1157.0385316, 842.9805576000001
1701364361724, 2023-11-30T17:12:41.724Z, 1164.973412, 836.6944796
1701364361738, 2023-11-30T17:12:41.738Z, 1164.567093, 835.6675278
1701364361753, 2023-11-30T17:12:41.753Z, 1155.8261963999998, 842.4473793999999
1701364361769, 2023-11-30T17:12:41.769Z, 1147.9946082, 849.1540197999999
1701364361785, 2023-11-30T17:12:41.785Z, 1145.15566, 852.4422969999999
1701364361800, 2023-11-30T17:12:41.800Z, 1140.6943044, 856.0709878
1701364361815, 2023-11-30T17:12:41.815Z, 1138.3108304000002, 859.0526192000001
1701364361841, 2023-11-30T17:12:41.841Z, 1140.7878912, 858.5106235999999
1701364361852, 2023-11-30T17:12:41.852Z, 1140.2950913999998, 859.8927926
1701364361878, 2023-11-30T17:12:41.878Z, 1137.8273964, 861.0996134000001
1701364361891, 2023-11-30T17:12:41.891Z, 1134.1070091999998, 861.8116109999999
1701364361910, 2023-11-30T17:12:41.910Z, 1128.7210642000002, 863.2584049999999
1701364361922, 2023-11-30T17:12:41.922Z, 1122.7573650000002, 863.5042662
1701364361937, 2023-11-30T17:12:41.937Z, 1113.9602084, 865.6932516
1701364361954, 2023-11-30T17:12:41.954Z, 1107.8950662000002, 867.1659814000001
1701364361969, 2023-11-30T17:12:41.969Z, 1105.0785965999999, 867.8016012
1701364361989, 2023-11-30T17:12:41.989Z, 1104.6879902, 866.9981746
1701364362007, 2023-11-30T17:12:42.007Z, 1103.22739, 863.6030036
1701364362031, 2023-11-30T17:12:42.031Z, 1106.2125164000001, 859.9523904
1701364362047, 2023-11-30T17:12:42.047Z, 1107.1243988, 855.9871452
1701364362063, 2023-11-30T17:12:42.063Z, 1110.6578955999998, 852.1903011999999
1701364362079, 2023-11-30T17:12:42.079Z, 1110.1050668, 849.7432558
1701364362099, 2023-11-30T17:12:42.099Z, 1112.6348632, 849.3293962
1701364362111, 2023-11-30T17:12:42.111Z, 1110.7936854, 848.0945204000002
1701364362142, 2023-11-30T17:12:42.142Z, 1106.8233156000001, 847.8309008
1701364362158, 2023-11-30T17:12:42.158Z, 1098.5928878, 848.4941308
1701364362173, 2023-11-30T17:12:42.173Z, 1092.461376, 847.9501045999999
1701364362189, 2023-11-30T17:12:42.189Z, 1086.6074502, 847.2040192000001
1701364362206, 2023-11-30T17:12:42.206Z, 1080.6612502, 845.0108988
1701364362221, 2023-11-30T17:12:42.221Z, 1076.6840836, 842.9964448000001
1701364362237, 2023-11-30T17:12:42.237Z, 1077.077006, 840.1319523999998
1701364362253, 2023-11-30T17:12:42.253Z, 1076.9761122, 839.8428992000001
1701364362270, 2023-11-30T17:12:42.270Z, 1078.2892779999997, 840.114586
1701364362294, 2023-11-30T17:12:42.294Z, 1081.6368154, 842.1175793999998
1701364362316, 2023-11-30T17:12:42.316Z, 1087.3992114, 843.0946414
1701364362331, 2023-11-30T17:12:42.331Z, 1090.1254014, 843.83117
1701364362347, 2023-11-30T17:12:42.347Z, 1092.754465, 844.2104548
1701364362366, 2023-11-30T17:12:42.366Z, 1096.858841, 846.9862188000001
1701364362381, 2023-11-30T17:12:42.381Z, 1101.5836026000002, 848.1774594000001
1701364362394, 2023-11-30T17:12:42.394Z, 1105.0201966, 851.1673466
1701364362411, 2023-11-30T17:12:42.411Z, 1109.8751442, 854.3559171999999
1701364362441, 2023-11-30T17:12:42.441Z, 1114.0709997999998, 853.9638874
1701364362458, 2023-11-30T17:12:42.458Z, 1114.8525028, 853.6702248000001
1701364362474, 2023-11-30T17:12:42.474Z, 1116.4239388, 854.642092
1701364362489, 2023-11-30T17:12:42.489Z, 1113.1917105999996, 855.9833394
1701364362505, 2023-11-30T17:12:42.505Z, 1111.2855502, 856.3221742
1701364362521, 2023-11-30T17:12:42.521Z, 1110.719926, 859.3129584000001
1701364362537, 2023-11-30T17:12:42.537Z, 1109.3333126, 860.1134536
1701364362553, 2023-11-30T17:12:42.553Z, 1107.4785618, 859.5889442
1701364362569, 2023-11-30T17:12:42.569Z, 1110.0550722, 857.3317588
1701364362591, 2023-11-30T17:12:42.591Z, 1111.0005827999998, 855.1376903999999
1701364362615, 2023-11-30T17:12:42.615Z, 1110.9988528, 853.3518496
1701364362631, 2023-11-30T17:12:42.631Z, 1109.9877378, 852.721974
1701364362647, 2023-11-30T17:12:42.647Z, 1109.5256366, 851.747134
1701364362664, 2023-11-30T17:12:42.664Z, 1110.9348545999999, 850.4041008
1701364362681, 2023-11-30T17:12:42.681Z, 1112.7568744, 849.3181768000001
1701364362709, 2023-11-30T17:12:42.709Z, 1115.2701246000001, 847.6637058
1701364362742, 2023-11-30T17:12:42.742Z, 1118.3588346000001, 844.6962828
1701364362755, 2023-11-30T17:12:42.755Z, 1120.3625876, 842.7091446000001
1701364362786, 2023-11-30T17:12:42.786Z, 1120.0118006, 840.6642650000001
1701364362802, 2023-11-30T17:12:42.802Z, 1122.3552800000002, 839.4096632000001
1701364362834, 2023-11-30T17:12:42.834Z, 1129.7207, 837.3855131999999
1701364362834, 2023-11-30T17:12:42.834Z, 1137.1645622, 835.8251702
1701364362850, 2023-11-30T17:12:42.850Z, 1144.0391852, 834.6322746
1701364362864, 2023-11-30T17:12:42.864Z, 1152.268254, 832.0327702000001
1701364362886, 2023-11-30T17:12:42.886Z, 1154.4173536, 829.7041751999999
1701364362904, 2023-11-30T17:12:42.904Z, 1147.6668522, 828.4640363999999
1701364362926, 2023-11-30T17:12:42.926Z, 1141.1346303999999, 827.2087594000001
1701364362942, 2023-11-30T17:12:42.942Z, 1136.3581758, 825.4626099999999
1701364362957, 2023-11-30T17:12:42.957Z, 1131.9520112, 826.477901
1701364362972, 2023-11-30T17:12:42.972Z, 1129.54197, 827.218964
1701364362987, 2023-11-30T17:12:42.987Z, 1129.9751880000001, 828.4842564
1701364363003, 2023-11-30T17:12:43.003Z, 1131.5226066, 829.6305462
1701364363019, 2023-11-30T17:12:43.019Z, 1133.4623612, 830.7685773999999
1701364363040, 2023-11-30T17:12:43.040Z, 1138.7902914000001, 831.4551552
1701364363067, 2023-11-30T17:12:43.067Z, 1145.3103717999998, 833.5103158
1701364363080, 2023-11-30T17:12:43.080Z, 1154.2861521999998, 835.320318
1701364363096, 2023-11-30T17:12:43.096Z, 1162.9232956, 837.6013919999999
1701364363110, 2023-11-30T17:12:43.110Z, 1171.2165958, 839.4360472000001
1701364363127, 2023-11-30T17:12:43.127Z, 1173.5661862, 841.8344162
1701364363142, 2023-11-30T17:12:43.142Z, 1175.2196188000003, 842.3989802
1701364363157, 2023-11-30T17:12:43.157Z, 1175.0016022, 842.4680542
1701364363192, 2023-11-30T17:12:43.192Z, 1174.7615720000001, 840.4944732
1701364363204, 2023-11-30T17:12:43.204Z, 1175.1998452, 838.7542729999999
1701364363222, 2023-11-30T17:12:43.222Z, 1181.3110396000002, 836.4835557999999
1701364363235, 2023-11-30T17:12:43.235Z, 1188.5822540000001, 835.4589178
1701364363251, 2023-11-30T17:12:43.251Z, 1197.1814186, 833.8487658
1701364363267, 2023-11-30T17:12:43.267Z, 1206.4247434000001, 833.8169726
1701364363284, 2023-11-30T17:12:43.284Z, 1213.8095596, 832.7908024000001
1701364363299, 2023-11-30T17:12:43.299Z, 1216.604647, 831.4752596000001
1701364363314, 2023-11-30T17:12:43.314Z, 1218.7098498, 827.7868071999999
1701364363338, 2023-11-30T17:12:43.338Z, 1218.4053752, 824.9544503999999
1701364363361, 2023-11-30T17:12:43.361Z, 1213.729522, 821.6053749999999
1701364363376, 2023-11-30T17:12:43.376Z, 1209.4677822, 820.2607742
1701364363393, 2023-11-30T17:12:43.393Z, 1204.3159464, 819.6045826
1701364363408, 2023-11-30T17:12:43.408Z, 1197.7732262000002, 820.9140018
1701364363424, 2023-11-30T17:12:43.424Z, 1190.8238258000001, 823.3074616
1701364363438, 2023-11-30T17:12:43.438Z, 1187.4018978, 826.1688452000001
1701364363453, 2023-11-30T17:12:43.453Z, 1183.8758964, 829.6566213999998
1701364363469, 2023-11-30T17:12:43.469Z, 1181.017746, 832.5615232
1701364363490, 2023-11-30T17:12:43.490Z, 1179.4942482, 834.3811614
1701364363516, 2023-11-30T17:12:43.516Z, 1180.4011085999998, 835.002332
1701364363536, 2023-11-30T17:12:43.536Z, 1177.1600004, 836.9364806000001
1701364363563, 2023-11-30T17:12:43.563Z, 1172.9578858, 838.7280549999999
1701364363578, 2023-11-30T17:12:43.578Z, 1168.0120716, 840.8281154
1701364363593, 2023-11-30T17:12:43.593Z, 1163.289979, 842.4249898
1701364363609, 2023-11-30T17:12:43.609Z, 1156.977338, 845.9844604
1701364363657, 2023-11-30T17:12:43.657Z, 1155.1662738, 845.6173220000001
1701364363671, 2023-11-30T17:12:43.671Z, 1150.6870602000001, 849.7429702
1701364363687, 2023-11-30T17:12:43.687Z, 1146.6244956, 852.1215135999998
1701364363704, 2023-11-30T17:12:43.704Z, 1143.1327477999998, 854.7728664
1701364363719, 2023-11-30T17:12:43.719Z, 1140.6682212, 855.6532117999999
1701364363735, 2023-11-30T17:12:43.735Z, 1139.6338812, 859.0347524000001
1701364363751, 2023-11-30T17:12:43.751Z, 1141.5659582, 858.1938704
1701364363767, 2023-11-30T17:12:43.767Z, 1145.7872237999998, 857.9381282
1701364363786, 2023-11-30T17:12:43.786Z, 1149.7729213999999, 857.289093
1701364363804, 2023-11-30T17:12:43.804Z, 1155.9144076, 854.0492883999999
1701364363828, 2023-11-30T17:12:43.828Z, 1161.2613832, 853.8442359999999
1701364363857, 2023-11-30T17:12:43.857Z, 1174.1347784, 857.0317628
1701364365291, 2023-11-30T17:12:45.291Z, 1183.1895046, 810.6570092
1701364365308, 2023-11-30T17:12:45.308Z, 1193.1444103999997, 766.5211612
1701364365324, 2023-11-30T17:12:45.324Z, 1187.7281834, 710.2017960000001
1701364365338, 2023-11-30T17:12:45.338Z, 1166.6919354, 636.2282032
1701364365354, 2023-11-30T17:12:45.354Z, 1136.2507586000002, 552.9265686000001
1701364365371, 2023-11-30T17:12:45.371Z, 1116.0286908, 529.2360824
1701364365386, 2023-11-30T17:12:45.386Z, 1068.2906528, 472.527801
1701364365402, 2023-11-30T17:12:45.402Z, 1033.3333214, 430.3656952
1701364365417, 2023-11-30T17:12:45.417Z, 1012.8895124000001, 403.64576120000004
1701364365443, 2023-11-30T17:12:45.443Z, 995.3236489999999, 381.6339156
1701364365465, 2023-11-30T17:12:45.465Z, 969.4587678, 350.6233332
1701364365481, 2023-11-30T17:12:45.481Z, 969.5865288000001, 352.39433379999997
1701364365495, 2023-11-30T17:12:45.495Z, 969.7939036, 355.47736599999996
1701364365512, 2023-11-30T17:12:45.512Z, 969.7710930000001, 358.0018332000001
1701364365526, 2023-11-30T17:12:45.526Z, 969.171599, 360.0324186
1701364365543, 2023-11-30T17:12:45.543Z, 968.565531, 361.774039
1701364365559, 2023-11-30T17:12:45.559Z, 966.7161570000001, 361.9735908
1701364365591, 2023-11-30T17:12:45.591Z, 964.8912502, 360.89683460000003
1701364365604, 2023-11-30T17:12:45.604Z, 968.5880842, 351.53781680000003
1701364365635, 2023-11-30T17:12:45.635Z, 972.5670980000001, 341.2287378