1701370368027, 2023-11-30T18:52:48.027Z, 1389.690975, 465.080624
1701370368070, 2023-11-30T18:52:48.070Z, 1390.1904184999999, 463.547843
1701370368087, 2023-11-30T18:52:48.087Z, 1390.555438333333, 462.2570196666666
1701370368118, 2023-11-30T18:52:48.118Z, 1391.2232089999998, 461.796873
1701370368134, 2023-11-30T18:52:48.134Z, 1392.2790065999998, 462.4971028
1701370368152, 2023-11-30T18:52:48.152Z, 1393.7499032, 461.54204899999996
1701370368179, 2023-11-30T18:52:48.179Z, 1395.1248148, 460.67965179999993
1701370368197, 2023-11-30T18:52:48.197Z, 1394.8940374000001, 458.4530902
1701370368211, 2023-11-30T18:52:48.211Z, 1392.8696064, 456.07936540000003
1701370368242, 2023-11-30T18:52:48.242Z, 1390.2934414, 454.0156982
1701370368258, 2023-11-30T18:52:48.258Z, 1387.9315344, 453.3063297999999
1701370368289, 2023-11-30T18:52:48.289Z, 1384.5254884, 454.24745139999993
1701370368305, 2023-11-30T18:52:48.305Z, 1382.6395124, 457.42350239999996
1701370368346, 2023-11-30T18:52:48.346Z, 1381.0905097999998, 462.0668802
1701370368382, 2023-11-30T18:52:48.382Z, 1340.3737762, 461.1702884
1701370368399, 2023-11-30T18:52:48.399Z, 1296.2343501999999, 460.5915424
1701370368429, 2023-11-30T18:52:48.429Z, 1250.716405, 458.6538064
1701370368445, 2023-11-30T18:52:48.445Z, 1205.7079032, 456.52046740000003
1701370368474, 2023-11-30T18:52:48.474Z, 1164.6696414, 453.5307658
1701370368522, 2023-11-30T18:52:48.522Z, 1167.598589, 453.13967520000006
1701370368538, 2023-11-30T18:52:48.538Z, 1176.686762, 451.30220479999997
1701370368570, 2023-11-30T18:52:48.570Z, 1249.3380322, 450.6489482
1701370368585, 2023-11-30T18:52:48.585Z, 1311.9819252000002, 447.15391200000005
1701370368616, 2023-11-30T18:52:48.616Z, 1386.2107918, 445.4815012
1701370368633, 2023-11-30T18:52:48.633Z, 1445.4432160000001, 444.99149100000005
1701370368648, 2023-11-30T18:52:48.648Z, 1519.3964376, 448.1775826
1701370368662, 2023-11-30T18:52:48.662Z, 1536.6694082, 451.3839053999999
1701370368693, 2023-11-30T18:52:48.693Z, 1531.9644176, 454.94750460000006
1701370368708, 2023-11-30T18:52:48.708Z, 1512.6071788, 456.83489440000005
1701370368739, 2023-11-30T18:52:48.739Z, 1502.9516336000002, 459.8002606
1701370368755, 2023-11-30T18:52:48.755Z, 1475.2611732, 460.7585406
1701370368796, 2023-11-30T18:52:48.796Z, 1442.9019398, 462.115838
1701370368835, 2023-11-30T18:52:48.835Z, 1447.3897958000002, 476.37985499999996
1701370368853, 2023-11-30T18:52:48.853Z, 1450.598324, 492.6136084
1701370368879, 2023-11-30T18:52:48.879Z, 1434.4070804, 510.9913424
1701370368898, 2023-11-30T18:52:48.898Z, 1397.2498707999998, 536.1827848
1701370368927, 2023-11-30T18:52:48.927Z, 1341.9507878, 565.7650098
1701370368974, 2023-11-30T18:52:48.974Z, 1279.7689988, 590.3617206
1701370368989, 2023-11-30T18:52:48.989Z, 1217.7548992, 614.7027836
1701370369022, 2023-11-30T18:52:49.022Z, 1173.0459026, 638.0301004
1701370369037, 2023-11-30T18:52:49.037Z, 1149.3707952, 653.6017889999999
1701370369070, 2023-11-30T18:52:49.070Z, 1147.3078084, 663.6071364
1701370369085, 2023-11-30T18:52:49.085Z, 1147.8465326, 668.1721653999999
1701370369101, 2023-11-30T18:52:49.101Z, 1149.2457332, 670.4763756
1701370369119, 2023-11-30T18:52:49.119Z, 1152.1165569999998, 672.3258432
1701370369133, 2023-11-30T18:52:49.133Z, 1130.9252992, 673.1624506
1701370369152, 2023-11-30T18:52:49.152Z, 1108.8826148, 675.1633628000001
1701370369162, 2023-11-30T18:52:49.162Z, 1091.5814388, 681.0008458
1701370369179, 2023-11-30T18:52:49.179Z, 1068.0736964, 684.2371246
1701370369194, 2023-11-30T18:52:49.194Z, 1048.9089884, 686.1233542
1701370369209, 2023-11-30T18:52:49.209Z, 1054.9683602, 689.5402354
1701370369248, 2023-11-30T18:52:49.248Z, 1028.6113004, 685.3092254000001
1701370369276, 2023-11-30T18:52:49.276Z, 994.1610281999999, 678.4523298
1701370369303, 2023-11-30T18:52:49.303Z, 964.3564186, 674.7495728
1701370369335, 2023-11-30T18:52:49.335Z, 934.6437474, 671.1482368000001
1701370369352, 2023-11-30T18:52:49.352Z, 902.5498964000001, 666.7035864
1701370369368, 2023-11-30T18:52:49.368Z, 901.4586423999999, 669.0225499999999
1701370369412, 2023-11-30T18:52:49.412Z, 903.6534382, 671.7056338
1701370369431, 2023-11-30T18:52:49.431Z, 908.1472550000001, 673.7544072
1701370369460, 2023-11-30T18:52:49.460Z, 957.2698412, 679.1090288
1701370369478, 2023-11-30T18:52:49.478Z, 1022.1661007999999, 685.7751416
1701370369509, 2023-11-30T18:52:49.509Z, 1086.9050662000002, 691.7408476
1701370369525, 2023-11-30T18:52:49.525Z, 1150.9773416, 696.2888424
1701370369551, 2023-11-30T18:52:49.551Z, 1215.3035048, 700.4499660000001
1701370369572, 2023-11-30T18:52:49.572Z, 1196.0067780000002, 693.146954
1701370369604, 2023-11-30T18:52:49.604Z, 1158.6966754, 684.1519599999999
1701370369620, 2023-11-30T18:52:49.620Z, 1119.3335494, 674.7783978
1701370369652, 2023-11-30T18:52:49.652Z, 1073.9887386, 664.2635142
1701370369667, 2023-11-30T18:52:49.667Z, 1028.945435, 653.6839249999999
1701370369701, 2023-11-30T18:52:49.701Z, 1011.5636109999999, 652.8071984
1701370369731, 2023-11-30T18:52:49.731Z, 998.1451034000002, 652.6243896
1701370369749, 2023-11-30T18:52:49.749Z, 1010.5857062000001, 659.7191816000001
1701370369783, 2023-11-30T18:52:49.783Z, 1032.3977226, 669.3103002
1701370369795, 2023-11-30T18:52:49.795Z, 1053.4967002, 679.1854678000001
1701370369825, 2023-11-30T18:52:49.825Z, 1082.7583184, 688.0377888
1701370369873, 2023-11-30T18:52:49.873Z, 1109.6301262000002, 696.840798
1701370369887, 2023-11-30T18:52:49.887Z, 1108.5597042000002, 699.1886711999999
1701370369919, 2023-11-30T18:52:49.919Z, 1102.3023382, 701.1441988
1701370369934, 2023-11-30T18:52:49.934Z, 1096.3378618, 703.618245
1701370369952, 2023-11-30T18:52:49.952Z, 1089.7296842, 706.4353674
1701370369982, 2023-11-30T18:52:49.982Z, 1084.698501, 707.97587
1701370369999, 2023-11-30T18:52:49.999Z, 1082.9808944000001, 709.5229336
1701370370015, 2023-11-30T18:52:50.015Z, 1082.6573627999999, 709.7717365999999
1701370370044, 2023-11-30T18:52:50.044Z, 1040.1615782, 700.4064754
1701370370062, 2023-11-30T18:52:50.062Z, 996.4775256, 689.9767770000001
1701370370077, 2023-11-30T18:52:50.077Z, 952.2544614000001, 680.8933858
1701370370093, 2023-11-30T18:52:50.093Z, 906.3295093999999, 672.1795232000001
1701370370113, 2023-11-30T18:52:50.113Z, 860.0064411999999, 663.7947300000001
1701370370167, 2023-11-30T18:52:50.167Z, 858.1975064000001, 664.2393364000001
1701370370189, 2023-11-30T18:52:50.189Z, 858.274186, 665.0847724
1701370370206, 2023-11-30T18:52:50.206Z, 861.7695018000001, 665.8861948000001
1701370370238, 2023-11-30T18:52:50.238Z, 866.6139402000001, 667.3951544
1701370370253, 2023-11-30T18:52:50.253Z, 911.2961250000001, 679.5880340000001
1701370370290, 2023-11-30T18:52:50.290Z, 955.375309, 692.5294962
1701370370341, 2023-11-30T18:52:50.341Z, 1001.6592261999998, 705.4078266
1701370370372, 2023-11-30T18:52:50.372Z, 1038.243699, 718.975263
1701370370388, 2023-11-30T18:52:50.388Z, 1072.7761388, 733.2216771999999
1701370370419, 2023-11-30T18:52:50.419Z, 1068.8161178, 736.058417
1701370370441, 2023-11-30T18:52:50.441Z, 1064.1809046, 737.2525023999999
1701370370453, 2023-11-30T18:52:50.453Z, 1054.4421078, 738.5086378
1701370370486, 2023-11-30T18:52:50.486Z, 1030.283206, 735.049792
1701370370502, 2023-11-30T18:52:50.502Z, 994.053613, 728.1528665999999
1701370370519, 2023-11-30T18:52:50.519Z, 948.4713276, 720.3991911999999
1701370370567, 2023-11-30T18:52:50.567Z, 901.2306362000002, 714.3534503999999
1701370370578, 2023-11-30T18:52:50.578Z, 857.7396928000001, 708.4865386
1701370370612, 2023-11-30T18:52:50.612Z, 835.964552, 707.0367554000001
1701370370658, 2023-11-30T18:52:50.658Z, 829.8950054, 707.4447078
1701370370674, 2023-11-30T18:52:50.674Z, 862.9255078, 712.0998985999998
1701370370693, 2023-11-30T18:52:50.693Z, 909.084799, 719.108664
1701370370721, 2023-11-30T18:52:50.721Z, 953.571954, 726.0867852
1701370370746, 2023-11-30T18:52:50.746Z, 999.0047451999999, 732.2673732
1701370370787, 2023-11-30T18:52:50.787Z, 1043.9674455999998, 737.591823
1701370370805, 2023-11-30T18:52:50.805Z, 1058.8118621999997, 739.8296072
1701370370837, 2023-11-30T18:52:50.837Z, 1059.2507468, 739.7278349999999
1701370370863, 2023-11-30T18:52:50.863Z, 1059.5777421999999, 739.4214801999999
1701370370877, 2023-11-30T18:52:50.877Z, 1058.9791774, 739.573556
1701370370899, 2023-11-30T18:52:50.899Z, 1057.6130096, 739.951909
1701370370924, 2023-11-30T18:52:50.924Z, 1055.7268964, 739.4057886
1701370370941, 2023-11-30T18:52:50.941Z, 1016.4424857999999, 732.8496038000001
1701370370970, 2023-11-30T18:52:50.970Z, 992.8907674, 728.610939
1701370370986, 2023-11-30T18:52:50.986Z, 967.8018384000001, 724.9954482
1701370371017, 2023-11-30T18:52:51.017Z, 935.0009636000001, 714.3963183999999
1701370371064, 2023-11-30T18:52:51.064Z, 921.2056464, 709.6448911999998
1701370371079, 2023-11-30T18:52:51.079Z, 958.9215865999998, 714.2878594
1701370371095, 2023-11-30T18:52:51.095Z, 982.8222927999999, 716.4689238000001
1701370371127, 2023-11-30T18:52:51.127Z, 1009.4342048000001, 718.2636688
1701370371142, 2023-11-30T18:52:51.142Z, 1043.6484960000003, 727.2470762
1701370371173, 2023-11-30T18:52:51.173Z, 1057.2358187999998, 729.8956378
1701370371219, 2023-11-30T18:52:51.219Z, 1060.0490258000002, 729.3710674
1701370371234, 2023-11-30T18:52:51.234Z, 1062.3229502, 728.719112
1701370371265, 2023-11-30T18:52:51.265Z, 1064.1857574, 728.0110788
1701370371281, 2023-11-30T18:52:51.281Z, 1066.1821563999997, 726.8395711999999
1701370371313, 2023-11-30T18:52:51.313Z, 1070.7771123999999, 726.3181336
1701370371327, 2023-11-30T18:52:51.327Z, 1073.5509296, 724.7431918
1701370371349, 2023-11-30T18:52:51.349Z, 1075.8157426, 723.1570466000001
1701370371374, 2023-11-30T18:52:51.374Z, 1046.0910758, 716.0062548
1701370371391, 2023-11-30T18:52:51.391Z, 1006.7187854, 707.7928304
1701370371421, 2023-11-30T18:52:51.421Z, 961.7732698, 701.2304396000001
1701370371452, 2023-11-30T18:52:51.452Z, 914.9425945999999, 694.223848
1701370371497, 2023-11-30T18:52:51.497Z, 867.94967, 689.0711916
1701370371530, 2023-11-30T18:52:51.530Z, 852.0780511999999, 689.6687462
1701370371544, 2023-11-30T18:52:51.544Z, 845.539416, 692.4914398
1701370371576, 2023-11-30T18:52:51.576Z, 838.6838272000001, 695.4755322
1701370371591, 2023-11-30T18:52:51.591Z, 830.4368242, 699.8593692000001
1701370371621, 2023-11-30T18:52:51.621Z, 823.5218728, 701.6193206
1701370371669, 2023-11-30T18:52:51.669Z, 827.6161952, 704.2767431999999
1701370371684, 2023-11-30T18:52:51.684Z, 860.5177221999999, 709.052492
1701370371716, 2023-11-30T18:52:51.716Z, 910.4367599999999, 713.7693648
1701370371732, 2023-11-30T18:52:51.732Z, 963.6300626, 717.6568298
1701370371748, 2023-11-30T18:52:51.748Z, 1015.3788705999999, 722.5162287999999
1701370371765, 2023-11-30T18:52:51.765Z, 1056.4637526, 725.9207736
1701370371784, 2023-11-30T18:52:51.784Z, 1070.3491408, 725.7829489999999
1701370371805, 2023-11-30T18:52:51.805Z, 1029.9044532, 719.1874553999999
1701370371826, 2023-11-30T18:52:51.826Z, 988.9191642, 712.6473219999999
1701370371843, 2023-11-30T18:52:51.843Z, 955.1540067999998, 705.9154112
1701370371873, 2023-11-30T18:52:51.873Z, 913.7110972, 697.8791630000001
1701370371889, 2023-11-30T18:52:51.889Z, 867.0848834000001, 688.3032324
1701370371906, 2023-11-30T18:52:51.906Z, 862.3219456, 684.6584414
1701370371949, 2023-11-30T18:52:51.949Z, 854.3062006, 690.433085
1701370371985, 2023-11-30T18:52:51.985Z, 847.7171418000001, 703.9750981999999
1701370372000, 2023-11-30T18:52:52.000Z, 879.043439, 741.0423529999999
1701370372033, 2023-11-30T18:52:52.033Z, 924.6376586, 785.542172
1701370372048, 2023-11-30T18:52:52.048Z, 971.6043047999999, 828.4884245999999
1701370372081, 2023-11-30T18:52:52.081Z, 1024.222117, 860.3920614000001
1701370372127, 2023-11-30T18:52:52.127Z, 1067.7927668, 883.1983558
1701370372142, 2023-11-30T18:52:52.142Z, 1080.9024872, 884.5217878
1701370372159, 2023-11-30T18:52:52.159Z, 1083.7319078, 882.2665804000001
1701370372174, 2023-11-30T18:52:52.174Z, 1084.8622602, 881.2260208
1701370372206, 2023-11-30T18:52:52.206Z, 1083.9322307999998, 882.686967
1701370372222, 2023-11-30T18:52:52.222Z, 1083.3183332, 885.4558841999999
1701370372250, 2023-11-30T18:52:52.250Z, 1082.1139068, 888.0456409999999
1701370372268, 2023-11-30T18:52:52.268Z, 1047.7808638, 886.4784536000001
1701370372301, 2023-11-30T18:52:52.301Z, 1002.7655728000002, 883.8309974
1701370372317, 2023-11-30T18:52:52.317Z, 955.7201355999999, 877.3745504000001
1701370372348, 2023-11-30T18:52:52.348Z, 906.823932, 872.9134286000001
1701370372364, 2023-11-30T18:52:52.364Z, 858.0550578, 867.7440104
1701370372398, 2023-11-30T18:52:52.398Z, 840.4871266, 865.559748
1701370372427, 2023-11-30T18:52:52.427Z, 841.1337295999999, 866.9181913999998
1701370372455, 2023-11-30T18:52:52.455Z, 859.810664, 873.4376457999999
1701370372472, 2023-11-30T18:52:52.472Z, 904.1502290000001, 881.039734
1701370372502, 2023-11-30T18:52:52.502Z, 949.0405102000001, 889.0233452
1701370372517, 2023-11-30T18:52:52.517Z, 995.1424092, 897.6628059999999
1701370372564, 2023-11-30T18:52:52.564Z, 1034.1067554, 902.813667
1701370372580, 2023-11-30T18:52:52.580Z, 1057.1288244000002, 905.4596510000001
1701370372612, 2023-11-30T18:52:52.612Z, 1056.2140686, 905.5114974000002
1701370372627, 2023-11-30T18:52:52.627Z, 1055.1680000000001, 906.2483436
1701370372659, 2023-11-30T18:52:52.659Z, 1056.0877682, 904.9064794
1701370372675, 2023-11-30T18:52:52.675Z, 1058.5453585999999, 903.4426907999999
1701370372731, 2023-11-30T18:52:52.731Z, 1060.5333856, 902.001998
1701370372741, 2023-11-30T18:52:52.741Z, 1028.7709316, 893.2921404000001
1701370372786, 2023-11-30T18:52:52.786Z, 1030.985195, 885.5102504
1701370372801, 2023-11-30T18:52:52.801Z, 1025.3064926000002, 878.1620456
1701370372818, 2023-11-30T18:52:52.818Z, 1011.9504896000001, 872.1232906000001
1701370372867, 2023-11-30T18:52:52.867Z, 967.1839938, 865.3706448
1701370372896, 2023-11-30T18:52:52.896Z, 959.7526170000001, 861.8566988
1701370372909, 2023-11-30T18:52:52.909Z, 917.3266052000001, 858.2983198
1701370372926, 2023-11-30T18:52:52.926Z, 881.2585462000001, 855.057098
1701370372956, 2023-11-30T18:52:52.956Z, 851.7439846, 851.3386441999999
1701370372973, 2023-11-30T18:52:52.973Z, 847.5177718000001, 850.4927126
1701370373019, 2023-11-30T18:52:53.019Z, 842.4541632, 853.0008541999999
1701370373035, 2023-11-30T18:52:53.035Z, 853.1991172, 852.6717702
1701370373066, 2023-11-30T18:52:53.066Z, 918.8218015999998, 859.9861684
1701370373081, 2023-11-30T18:52:53.081Z, 995.8054456, 868.4560657999998
1701370373114, 2023-11-30T18:52:53.114Z, 1094.0082464, 875.4906832
1701370373132, 2023-11-30T18:52:53.132Z, 1193.2392857999998, 881.0672846
1701370373162, 2023-11-30T18:52:53.162Z, 1273.8081865999998, 886.4812688
1701370373181, 2023-11-30T18:52:53.181Z, 1293.6246544, 882.6203474
1701370373194, 2023-11-30T18:52:53.194Z, 1283.0452149999999, 866.4301245999999
1701370373223, 2023-11-30T18:52:53.223Z, 1245.671579, 845.3791696000001
1701370373237, 2023-11-30T18:52:53.237Z, 1203.6785674, 823.6482081999999
1701370373253, 2023-11-30T18:52:53.253Z, 1162.3803870000002, 800.3832436
1701370373298, 2023-11-30T18:52:53.298Z, 1128.8462298000002, 777.5527
1701370373317, 2023-11-30T18:52:53.317Z, 1123.1926844, 767.6451224
1701370373333, 2023-11-30T18:52:53.333Z, 1136.3345252, 761.7521363999999
1701370373349, 2023-11-30T18:52:53.349Z, 1152.6998333999998, 757.5524733999999
1701370373380, 2023-11-30T18:52:53.380Z, 1179.6584394, 757.0800544000001
1701370373395, 2023-11-30T18:52:53.395Z, 1203.9188718, 758.8029306000001
1701370373424, 2023-11-30T18:52:53.424Z, 1219.0143584, 759.2307010000001
1701370373471, 2023-11-30T18:52:53.471Z, 1225.5803099999998, 760.7350316
1701370373486, 2023-11-30T18:52:53.486Z, 1230.1417557999998, 762.9297399999999
1701370373502, 2023-11-30T18:52:53.502Z, 1228.4780885999999, 763.5044948000001
1701370373517, 2023-11-30T18:52:53.517Z, 1267.0540189999997, 767.9383571999999
1701370373533, 2023-11-30T18:52:53.533Z, 1308.3498408, 773.1555582
1701370373548, 2023-11-30T18:52:53.548Z, 1373.0279452, 781.1719626
1701370373564, 2023-11-30T18:52:53.564Z, 1433.5971144, 787.6414024000001
1701370373579, 2023-11-30T18:52:53.580Z, 1491.3256506, 794.629355