1701369849267, 2023-11-30T18:44:09.267Z, 234.98707, 348.238947
1701369849284, 2023-11-30T18:44:09.284Z, 183.396506, 331.7455035
1701369849303, 2023-11-30T18:44:09.303Z, 192.7359283333333, 330.34285133333333
1701369849330, 2023-11-30T18:44:09.330Z, 169.77193975, 327.71671475
1701369849346, 2023-11-30T18:44:09.346Z, 171.2353772, 326.25544179999997
1701369849395, 2023-11-30T18:44:09.395Z, 137.0121534, 332.5799634
1701369849425, 2023-11-30T18:44:09.425Z, 131.2174904, 348.96070399999996
1701369849472, 2023-11-30T18:44:09.472Z, 99.41167300000001, 355.5332766
1701369849512, 2023-11-30T18:44:09.512Z, 82.9031388, 365.6080558
1701369849570, 2023-11-30T18:44:09.570Z, 51.30429499999999, 377.4606234
1701369849613, 2023-11-30T18:44:09.613Z, 48.816117399999996, 365.5039352
1701369849927, 2023-11-30T18:44:09.927Z, 96.6153478, 378.4342434
1701369849961, 2023-11-30T18:44:09.961Z, 155.017333, 395.4036806
1701369850020, 2023-11-30T18:44:10.020Z, 220.2289948, 410.4107596
1701369850051, 2023-11-30T18:44:10.051Z, 283.57863699999996, 424.16130599999997
1701369850334, 2023-11-30T18:44:10.334Z, 315.51886260000003, 475.30919059999997
1701369850380, 2023-11-30T18:44:10.380Z, 290.581182, 498.33910419999995
1701369850598, 2023-11-30T18:44:10.598Z, 284.1851146, 527.3665278000001
1701369850645, 2023-11-30T18:44:10.645Z, 269.28521040000004, 546.1623188
1701369850693, 2023-11-30T18:44:10.693Z, 257.3678464000001, 567.5400252000001
1701369850897, 2023-11-30T18:44:10.897Z, 242.21214959999998, 561.0294277999999
1701369850911, 2023-11-30T18:44:10.911Z, 240.81835840000002, 554.5126086
1701369850958, 2023-11-30T18:44:10.958Z, 221.40239419999997, 544.3405666
1701369850988, 2023-11-30T18:44:10.988Z, 214.80346060000002, 540.353691
1701369851036, 2023-11-30T18:44:11.036Z, 176.3291378, 548.5142244
1701369851052, 2023-11-30T18:44:11.052Z, 155.0579304, 565.1529298000002
1701369851082, 2023-11-30T18:44:11.082Z, 125.30654880000002, 574.3776842
1701369851097, 2023-11-30T18:44:11.097Z, 111.6854064, 581.5339814
1701369851118, 2023-11-30T18:44:11.118Z, 87.01341380000001, 593.5531212
1701369851146, 2023-11-30T18:44:11.146Z, 102.9839338, 588.8986305999999
1701369851271, 2023-11-30T18:44:11.271Z, 204.3320796, 587.3627948000001
1701369851317, 2023-11-30T18:44:11.317Z, 298.57309139999995, 592.0128394000001
1701369851365, 2023-11-30T18:44:11.365Z, 374.98081659999997, 600.7127152
1701369851415, 2023-11-30T18:44:11.415Z, 457.82679360000003, 609.048162
1701369851543, 2023-11-30T18:44:11.543Z, 432.04497819999995, 554.6407054
1701369851588, 2023-11-30T18:44:11.588Z, 327.98912759999996, 495.38646180000006
1701369851636, 2023-11-30T18:44:11.636Z, 253.74726700000002, 439.237399
1701369851681, 2023-11-30T18:44:11.681Z, 195.6848532, 368.90659400000004
1701369851728, 2023-11-30T18:44:11.728Z, 139.16771119999999, 291.79714780000006
1701369852393, 2023-11-30T18:44:12.393Z, 231.8630044, 277.3746204
1701369852442, 2023-11-30T18:44:12.442Z, 444.2113308, 243.82653639999998
1701369852486, 2023-11-30T18:44:12.486Z, 679.3088362000001, 216.167999
1701369852628, 2023-11-30T18:44:12.628Z, 919.5644055999999, 204.5132626
1701369852724, 2023-11-30T18:44:12.724Z, 1157.9078765999998, 198.9205826
1701369852888, 2023-11-30T18:44:12.888Z, 1266.7412702000001, 154.48548839999998
1701369852931, 2023-11-30T18:44:12.931Z, 1247.9595198000002, 148.18714319999998
1701369852945, 2023-11-30T18:44:12.945Z, 1177.238166, 133.900496
1701369853163, 2023-11-30T18:44:13.163Z, 1196.4312613999998, 163.456483
1701369853335, 2023-11-30T18:44:13.335Z, 1149.0914606, 160.8298502
1701369853376, 2023-11-30T18:44:13.376Z, 1153.4891280000002, 206.73431339999996
1701369853428, 2023-11-30T18:44:13.428Z, 1263.6924973999999, 251.4935426
1701369853524, 2023-11-30T18:44:13.524Z, 1369.0078296, 298.03001320000004
1701369853560, 2023-11-30T18:44:13.560Z, 1191.2597958, 286.9521452
1701369853618, 2023-11-30T18:44:13.618Z, 1043.1609514, 328.6055458
1701369853664, 2023-11-30T18:44:13.664Z, 831.9826509999999, 362.401505
1701369853743, 2023-11-30T18:44:13.743Z, 546.1513285999999, 385.8306862
1701369853791, 2023-11-30T18:44:13.791Z, 265.93480680000005, 406.9157762
1701369853837, 2023-11-30T18:44:13.837Z, 158.19993159999999, 438.93879219999997
1701369853883, 2023-11-30T18:44:13.883Z, 77.603065, 455.54280520000003
1701369853929, 2023-11-30T18:44:13.929Z, 87.7750356, 471.7663924
1701369853977, 2023-11-30T18:44:13.977Z, 78.867523, 476.18853820000004
1701369854373, 2023-11-30T18:44:14.373Z, 105.5486128, 452.31950059999997
1701369854831, 2023-11-30T18:44:14.831Z, 98.82276920000001, 410.5628778
1701369854879, 2023-11-30T18:44:14.879Z, 105.13235420000001, 372.1558506
1701369854911, 2023-11-30T18:44:14.911Z, 111.392992, 334.37883919999996
1701369854958, 2023-11-30T18:44:14.958Z, 182.68257260000001, 309.9739222
1701369855005, 2023-11-30T18:44:15.005Z, 221.8257422, 313.73495620000006
1701369855319, 2023-11-30T18:44:15.319Z, 498.9240296, 322.0211592
1701369855360, 2023-11-30T18:44:15.360Z, 773.7915340000001, 312.5278278
1701369855460, 2023-11-30T18:44:15.460Z, 1064.5401338, 327.2447142
1701369855554, 2023-11-30T18:44:15.554Z, 1290.311784, 328.18556739999997
1701369855633, 2023-11-30T18:44:15.633Z, 1369.6156556, 304.15309799999994
1701369855650, 2023-11-30T18:44:15.650Z, 1265.0430244, 297.36669300000005
1701369855680, 2023-11-30T18:44:15.680Z, 1231.659048, 316.183584
1701369855728, 2023-11-30T18:44:15.728Z, 1189.0607624, 312.3997826
1701369855809, 2023-11-30T18:44:15.809Z, 1115.4296522, 300.6095026
1701369855838, 2023-11-30T18:44:15.838Z, 1185.0565156, 313.5190186
1701369855884, 2023-11-30T18:44:15.884Z, 1226.1278318, 324.2483722
1701369855899, 2023-11-30T18:44:15.899Z, 1194.4401464, 319.1938136
1701369855931, 2023-11-30T18:44:15.931Z, 1051.6590846000001, 342.20301120000005
1701369855983, 2023-11-30T18:44:15.983Z, 823.520751, 389.5923962
1701369856009, 2023-11-30T18:44:16.009Z, 618.6459372000002, 428.4224308
1701369856641, 2023-11-30T18:44:16.641Z, 445.2360118, 493.0143994
1701369856670, 2023-11-30T18:44:16.670Z, 244.35810500000002, 547.344601
1701369856810, 2023-11-30T18:44:16.810Z, 212.39969659999997, 587.5304308
1701369856840, 2023-11-30T18:44:16.841Z, 233.06760179999998, 589.8180436
1701369856903, 2023-11-30T18:44:16.903Z, 276.660827, 617.9305584
1701369856949, 2023-11-30T18:44:16.949Z, 328.58857580000006, 629.6521556
1701369856981, 2023-11-30T18:44:16.981Z, 407.4114174, 649.4686714000001
1701369857029, 2023-11-30T18:44:17.029Z, 416.70643540000003, 651.3413866000001
1701369857061, 2023-11-30T18:44:17.061Z, 487.81881060000006, 674.7275076
1701369857077, 2023-11-30T18:44:17.077Z, 512.8931749999999, 683.8265578
1701369857124, 2023-11-30T18:44:17.124Z, 508.90562040000003, 683.2827348000001
1701369857172, 2023-11-30T18:44:17.172Z, 507.0404718, 684.5513462000001
1701369857223, 2023-11-30T18:44:17.223Z, 699.4878338000001, 653.8379612000001
1701369857250, 2023-11-30T18:44:17.250Z, 895.2312347999999, 622.2227106
1701369857280, 2023-11-30T18:44:17.280Z, 1090.5845828, 588.0326338
1701369857327, 2023-11-30T18:44:17.327Z, 1184.6595095999999, 535.3170588
1701369857375, 2023-11-30T18:44:17.375Z, 1291.3016756, 486.09264620000005
1701369857425, 2023-11-30T18:44:17.425Z, 1213.4085561999998, 474.16716560000003
1701369857460, 2023-11-30T18:44:17.460Z, 1131.1094079999998, 462.46401960000003
1701369857516, 2023-11-30T18:44:17.516Z, 1048.9081256, 450.07558200000005
1701369858227, 2023-11-30T18:44:18.227Z, 1113.9723542, 464.127889
1701369858255, 2023-11-30T18:44:18.255Z, 1258.0154854, 492.1018314
1701369858293, 2023-11-30T18:44:18.293Z, 1358.6598870000003, 512.0465535999999
1701369858306, 2023-11-30T18:44:18.306Z, 1488.7751332, 536.1969004
1701369858338, 2023-11-30T18:44:18.338Z, 1583.966056, 558.3712951999998
1701369858353, 2023-11-30T18:44:18.353Z, 1641.8494058, 572.2963047999999
1701369858367, 2023-11-30T18:44:18.367Z, 1591.6328656, 564.3325642
1701369858385, 2023-11-30T18:44:18.385Z, 1596.5177278, 565.7832804
1701369858413, 2023-11-30T18:44:18.413Z, 1554.4377820000002, 560.1927204000001
1701369858428, 2023-11-30T18:44:18.428Z, 1578.242582, 562.9635562
1701369858459, 2023-11-30T18:44:18.459Z, 1563.934675, 562.0820746000002
1701369858476, 2023-11-30T18:44:18.476Z, 1597.1136456, 570.1235198
1701369858514, 2023-11-30T18:44:18.514Z, 1568.0706608, 567.1531324
1701369858554, 2023-11-30T18:44:18.554Z, 1514.5691161999998, 569.2976724
1701369858570, 2023-11-30T18:44:18.570Z, 1444.2321596000002, 578.3308006
1701369858587, 2023-11-30T18:44:18.587Z, 1398.503691, 593.4790164000001
1701369858604, 2023-11-30T18:44:18.604Z, 1325.7398538000002, 609.9960836
1701369858680, 2023-11-30T18:44:18.680Z, 1266.5152834, 631.2921212
1701369858695, 2023-11-30T18:44:18.695Z, 1266.375915, 655.8617908
1701369858727, 2023-11-30T18:44:18.727Z, 1235.4262296, 670.0395684000001
1701369858742, 2023-11-30T18:44:18.742Z, 1231.1306772, 680.6899599999999
1701369858773, 2023-11-30T18:44:18.773Z, 1204.5278635999998, 683.9721854
1701369858790, 2023-11-30T18:44:18.790Z, 1226.5244097999998, 685.8163913999999
1701369858838, 2023-11-30T18:44:18.838Z, 1216.1622508, 683.112907
1701369858887, 2023-11-30T18:44:18.887Z, 1271.7035722, 676.0782024
1701369858920, 2023-11-30T18:44:18.920Z, 1284.4658482, 666.4759275999999
1701369858962, 2023-11-30T18:44:18.962Z, 1330.1015206, 656.0862885999999
1701369859014, 2023-11-30T18:44:19.014Z, 1337.0187959999998, 651.587889
1701369859061, 2023-11-30T18:44:19.061Z, 1336.0610182, 647.0923106
1701369859138, 2023-11-30T18:44:19.138Z, 1220.2779566000002, 648.1826046
1701369859156, 2023-11-30T18:44:19.156Z, 1145.5255792, 651.2621144
1701369859173, 2023-11-30T18:44:19.173Z, 1057.0570404, 653.1876400000001
1701369859201, 2023-11-30T18:44:19.201Z, 1020.9422400000001, 652.0191206000001
1701369859215, 2023-11-30T18:44:19.215Z, 991.5925914, 650.1064332
1701369859234, 2023-11-30T18:44:19.234Z, 1053.9368651999998, 645.4956930000001
1701369859260, 2023-11-30T18:44:19.260Z, 1072.0611536000001, 641.8429034000001
1701369859281, 2023-11-30T18:44:19.281Z, 1125.0254924, 639.2497856
1701369859311, 2023-11-30T18:44:19.311Z, 1137.1260207999999, 637.629056
1701369859326, 2023-11-30T18:44:19.327Z, 1215.4272174000002, 633.710781
1701369859358, 2023-11-30T18:44:19.358Z, 1222.4179424, 632.1165438
1701369859374, 2023-11-30T18:44:19.374Z, 1253.6875376, 624.0484058
1701369859410, 2023-11-30T18:44:19.410Z, 1244.1281304, 623.8644054
1701369859452, 2023-11-30T18:44:19.452Z, 1219.8679172, 625.0751796000001
1701369859471, 2023-11-30T18:44:19.471Z, 1166.597918, 631.0489385999999
1701369859499, 2023-11-30T18:44:19.499Z, 1139.9563318, 631.3571068000001
1701369859514, 2023-11-30T18:44:19.514Z, 1131.8089532, 640.1370284000001
1701369859530, 2023-11-30T18:44:19.530Z, 1116.6430696000002, 648.3478896
1701369859575, 2023-11-30T18:44:19.575Z, 1105.0872248, 658.4101668000001
1701369859590, 2023-11-30T18:44:19.590Z, 1079.4424128, 666.6882042
1701369859622, 2023-11-30T18:44:19.622Z, 1070.7155166, 681.6595536000001
1701369859638, 2023-11-30T18:44:19.638Z, 1089.0827304, 690.4165990000001
1701369859669, 2023-11-30T18:44:19.669Z, 1091.4330872, 695.2062377999999
1701369859686, 2023-11-30T18:44:19.686Z, 1108.0396634, 697.3614912
1701369859710, 2023-11-30T18:44:19.710Z, 1094.445542, 695.6391894
1701369859734, 2023-11-30T18:44:19.734Z, 1082.9466228, 690.3379762
1701369859765, 2023-11-30T18:44:19.765Z, 1013.3031859999999, 689.452992
1701369859781, 2023-11-30T18:44:19.781Z, 987.4423927999999, 686.2615514
1701369859799, 2023-11-30T18:44:19.799Z, 955.9115916000001, 685.6788382000001
1701369859828, 2023-11-30T18:44:19.828Z, 972.0899042000001, 689.3689732
1701369859862, 2023-11-30T18:44:19.862Z, 962.7455468, 694.9517466
1701369859890, 2023-11-30T18:44:19.890Z, 947.2588732, 691.9642286
1701369859906, 2023-11-30T18:44:19.906Z, 926.3789588, 690.1557660000001
1701369859937, 2023-11-30T18:44:19.937Z, 912.9982496, 682.1041644
1701369859953, 2023-11-30T18:44:19.953Z, 903.7930938000002, 681.07761
1701369859985, 2023-11-30T18:44:19.985Z, 913.9293471999999, 678.7368826
1701369860032, 2023-11-30T18:44:20.032Z, 915.2517682, 685.5737929999999
1701369860050, 2023-11-30T18:44:20.050Z, 906.3014678, 688.3374323999999
1701369860080, 2023-11-30T18:44:20.080Z, 899.2936706, 698.0926661999999
1701369860096, 2023-11-30T18:44:20.096Z, 866.0982898, 701.2029152
1701369860128, 2023-11-30T18:44:20.128Z, 836.4563168000001, 704.0400028
1701369860143, 2023-11-30T18:44:20.143Z, 831.7958714, 705.2108522000001
1701369860161, 2023-11-30T18:44:20.161Z, 826.4106307999998, 703.4333914
1701369860191, 2023-11-30T18:44:20.191Z, 836.0545784, 697.8493412
1701369860207, 2023-11-30T18:44:20.207Z, 849.1224602, 692.5086044000001
1701369860240, 2023-11-30T18:44:20.240Z, 886.6324452000001, 690.6556898
1701369860254, 2023-11-30T18:44:20.254Z, 909.2554065999999, 686.9152524
1701369860270, 2023-11-30T18:44:20.270Z, 950.7045048, 689.5430188
1701369860312, 2023-11-30T18:44:20.312Z, 968.2196516, 691.1216366000001
1701369860350, 2023-11-30T18:44:20.350Z, 949.1204363999999, 698.0371314
1701369860364, 2023-11-30T18:44:20.364Z, 907.6114232, 701.3471856
1701369860395, 2023-11-30T18:44:20.395Z, 884.25929, 706.868787
1701369860411, 2023-11-30T18:44:20.411Z, 865.6540728, 712.6969872
1701369860443, 2023-11-30T18:44:20.443Z, 852.7042888, 716.075563
1701369860489, 2023-11-30T18:44:20.489Z, 857.1919009999999, 707.8314176
1701369860504, 2023-11-30T18:44:20.504Z, 866.0536906, 699.6828842
1701369860521, 2023-11-30T18:44:20.521Z, 868.9433002, 691.7685846
1701369860536, 2023-11-30T18:44:20.536Z, 898.9502640000001, 685.331484
1701369860567, 2023-11-30T18:44:20.567Z, 893.7502132000002, 680.1276114
1701369860583, 2023-11-30T18:44:20.583Z, 928.279349, 679.4673081999999
1701369860611, 2023-11-30T18:44:20.611Z, 955.7220008, 677.8784736
1701369860632, 2023-11-30T18:44:20.632Z, 997.7101046, 678.7201436
1701369860662, 2023-11-30T18:44:20.662Z, 969.1155522000001, 680.2456532
1701369860678, 2023-11-30T18:44:20.678Z, 991.4206206000001, 682.9015138000001
1701369860709, 2023-11-30T18:44:20.709Z, 974.8538758000001, 690.4417786
1701369860728, 2023-11-30T18:44:20.728Z, 978.6971622000001, 697.9656219999999
1701369860760, 2023-11-30T18:44:20.760Z, 948.03984, 704.386866
1701369860802, 2023-11-30T18:44:20.802Z, 927.9446338, 702.4498828000001
1701369860819, 2023-11-30T18:44:20.819Z, 911.1206202000001, 701.4526436
1701369860853, 2023-11-30T18:44:20.853Z, 901.3579158, 694.6295968000001
1701369860866, 2023-11-30T18:44:20.866Z, 895.9749334, 688.768314
1701369860880, 2023-11-30T18:44:20.880Z, 901.7585412000001, 678.5000332
1701369860923, 2023-11-30T18:44:20.923Z, 900.4494116, 672.1741918
1701369860939, 2023-11-30T18:44:20.939Z, 908.766482, 664.7502104
1701369860978, 2023-11-30T18:44:20.978Z, 905.8688758000001, 652.4517216
1701369860992, 2023-11-30T18:44:20.992Z, 927.5503587999999, 642.1775365999999
1701369861024, 2023-11-30T18:44:21.024Z, 928.8143016, 640.9295428
1701369861040, 2023-11-30T18:44:21.040Z, 957.9046489999998, 641.1122258
1701369861060, 2023-11-30T18:44:21.060Z, 953.7774047999999, 640.0164864000001
1701369861087, 2023-11-30T18:44:21.087Z, 983.7578443999998, 644.8960042
1701369861105, 2023-11-30T18:44:21.105Z, 958.8136534000001, 641.8068796
1701369861135, 2023-11-30T18:44:21.135Z, 989.6368634, 634.5869048000001
1701369861151, 2023-11-30T18:44:21.151Z, 987.254557, 628.8034612
1701369861166, 2023-11-30T18:44:21.166Z, 1010.3204552, 625.1184312
1701369861212, 2023-11-30T18:44:21.212Z, 987.6333452000001, 622.4137831999999
1701369861246, 2023-11-30T18:44:21.246Z, 962.3009792, 624.9879586
1701369861261, 2023-11-30T18:44:21.261Z, 914.0175734000001, 625.4899766
1701369861294, 2023-11-30T18:44:21.294Z, 894.9727426, 624.2097383999999
1701369861309, 2023-11-30T18:44:21.309Z, 891.2757114, 622.9670494
1701369861342, 2023-11-30T18:44:21.342Z, 906.3347700000002, 622.7747282
1701369861388, 2023-11-30T18:44:21.388Z, 902.5562432, 625.1534988000001
1701369861405, 2023-11-30T18:44:21.405Z, 900.254126, 627.3483308
1701369861424, 2023-11-30T18:44:21.424Z, 893.4124052000001, 632.1876536000001
1701369861451, 2023-11-30T18:44:21.451Z, 876.9381633999999, 636.3270200000001
1701369861464, 2023-11-30T18:44:21.464Z, 877.1673844000001, 648.0329025999999
1701369861481, 2023-11-30T18:44:21.481Z, 929.6206669999999, 666.1088860000001
1701369861509, 2023-11-30T18:44:21.509Z, 961.7739406000001, 706.656895
1701369861527, 2023-11-30T18:44:21.527Z, 1019.5369912, 749.0046648
1701369861558, 2023-11-30T18:44:21.558Z, 1042.5112777999998, 786.8761842
1701369861575, 2023-11-30T18:44:21.575Z, 1069.8837778000002, 819.5385382000001
1701369861606, 2023-11-30T18:44:21.606Z, 1057.6564214, 851.0209676000001
1701369861621, 2023-11-30T18:44:21.621Z, 1081.588215, 861.8447147999999
1701369861704, 2023-11-30T18:44:21.704Z, 1046.9882229999998, 854.3295937999999
1701369861719, 2023-11-30T18:44:21.719Z, 1028.792163, 851.2779008
1701369861752, 2023-11-30T18:44:21.752Z, 1004.1830162, 850.8194582
1701369861763, 2023-11-30T18:44:21.763Z, 1024.2651202, 848.7460658
1701369861779, 2023-11-30T18:44:21.779Z, 1017.3197442000001, 847.1765024
1701369861826, 2023-11-30T18:44:21.826Z, 1015.3055044, 860.1939308000001
1701369861842, 2023-11-30T18:44:21.842Z, 1009.210996, 862.0188596
1701369861876, 2023-11-30T18:44:21.876Z, 1004.2097809999999, 853.4192006000001
1701369861890, 2023-11-30T18:44:21.890Z, 967.1068152, 840.4410114
1701369861922, 2023-11-30T18:44:21.922Z, 930.8579692, 818.5584704
1701369861939, 2023-11-30T18:44:21.939Z, 922.1870601999999, 797.4354740000001
1701369861960, 2023-11-30T18:44:21.960Z, 907.7632115999999, 772.7061745999999
1701369861986, 2023-11-30T18:44:21.986Z, 911.6602266000002, 750.2593698
1701369862018, 2023-11-30T18:44:22.018Z, 920.926083, 721.2379154
1701369862033, 2023-11-30T18:44:22.033Z, 961.9722192000002, 694.9668514
1701369862051, 2023-11-30T18:44:22.051Z, 979.2093457999999, 669.0440828
1701369862079, 2023-11-30T18:44:22.079Z, 1025.3361512, 656.7993018
1701369862111, 2023-11-30T18:44:22.111Z, 1013.9217036, 650.0635528
1701369862141, 2023-11-30T18:44:22.141Z, 987.9966897999999, 654.2149698000001
1701369862158, 2023-11-30T18:44:22.158Z, 938.7830196000001, 662.3940064000001
1701369862189, 2023-11-30T18:44:22.189Z, 918.9454708, 667.9392806
1701369862206, 2023-11-30T18:44:22.206Z, 906.8364670000001, 669.172374
1701369862237, 2023-11-30T18:44:22.237Z, 922.1386028, 665.3475792
1701369862285, 2023-11-30T18:44:22.285Z, 927.3352488, 657.8202594
1701369862300, 2023-11-30T18:44:22.300Z, 936.6091511999999, 650.4191772
1701369862330, 2023-11-30T18:44:22.330Z, 930.6382888, 652.3001906000001
1701369862346, 2023-11-30T18:44:22.346Z, 945.6159016000001, 654.5779835999999
1701369862376, 2023-11-30T18:44:22.376Z, 948.5039141999999, 658.6669396
1701369862392, 2023-11-30T18:44:22.392Z, 962.2591663999999, 661.2156016000001
1701369862410, 2023-11-30T18:44:22.410Z, 973.4818696, 661.4496606
1701369862439, 2023-11-30T18:44:22.439Z, 1001.1524710000001, 655.2229668
1701369862456, 2023-11-30T18:44:22.456Z, 977.3820346, 651.897217
1701369862487, 2023-11-30T18:44:22.487Z, 998.4223949999999, 649.3041327999999
1701369862504, 2023-11-30T18:44:22.504Z, 1032.630832, 644.5103494
1701369862519, 2023-11-30T18:44:22.519Z, 1083.983198, 642.9000876
1701369862562, 2023-11-30T18:44:22.562Z, 1093.6323626, 637.7130285999999
1701369862597, 2023-11-30T18:44:22.597Z, 1066.2397704, 637.1490894000001
1701369862645, 2023-11-30T18:44:22.645Z, 1010.9751242, 635.9624838
1701369862661, 2023-11-30T18:44:22.661Z, 960.0142306, 636.0133462
1701369862692, 2023-11-30T18:44:22.692Z, 880.9161524000001, 643.8716746
1701369862725, 2023-11-30T18:44:22.725Z, 834.4630778000001, 655.3110324
1701369862754, 2023-11-30T18:44:22.754Z, 849.1825826, 660.6963968
1701369862772, 2023-11-30T18:44:22.772Z, 850.1698442, 663.4646942
1701369862800, 2023-11-30T18:44:22.800Z, 899.1707978000001, 661.0134276000001
1701369862816, 2023-11-30T18:44:22.816Z, 929.1499633999999, 652.247282
1701369862832, 2023-11-30T18:44:22.832Z, 975.9905190000002, 643.826732
1701369862864, 2023-11-30T18:44:22.864Z, 994.9229170000001, 642.2813558
1701369862911, 2023-11-30T18:44:22.911Z, 1018.2679968, 645.3605898000001
1701369862927, 2023-11-30T18:44:22.927Z, 989.5787727999999, 649.0936718
1701369862958, 2023-11-30T18:44:22.958Z, 987.361525, 653.3469328
1701369862973, 2023-11-30T18:44:22.973Z, 968.3996932, 656.8194418
1701369863009, 2023-11-30T18:44:23.009Z, 955.4878996, 655.7561754000001
1701369863039, 2023-11-30T18:44:23.039Z, 955.8265693999999, 650.3151204
1701369863068, 2023-11-30T18:44:23.068Z, 955.7651914, 648.8940642
1701369863100, 2023-11-30T18:44:23.100Z, 954.3517024, 643.9185545999999
1701369863101, 2023-11-30T18:44:23.101Z, 957.1234836, 637.2135214
1701369863132, 2023-11-30T18:44:23.132Z, 952.911014, 632.9367393999999
1701369863178, 2023-11-30T18:44:23.178Z, 924.2718288, 635.2666323999999
1701369863194, 2023-11-30T18:44:23.194Z, 894.406928, 638.7361773999999
1701369863225, 2023-11-30T18:44:23.225Z, 866.4419968, 642.0978577999999
1701369863241, 2023-11-30T18:44:23.241Z, 835.8559914, 642.777702
1701369863273, 2023-11-30T18:44:23.273Z, 814.0010808, 639.4135067999999
1701369863649, 2023-11-30T18:44:23.649Z, 961.7831818000001, 666.5259024
1701369863680, 2023-11-30T18:44:23.680Z, 1044.6487496, 697.5101156
1701369863698, 2023-11-30T18:44:23.698Z, 1178.158533, 735.3396294
1701369863726, 2023-11-30T18:44:23.726Z, 1267.6943994, 773.3430348
1701369863742, 2023-11-30T18:44:23.742Z, 1403.3094804, 820.6454037999999
1701369863774, 2023-11-30T18:44:23.774Z, 1399.932908, 833.5678152
1701369863836, 2023-11-30T18:44:23.836Z, 1528.3096123999999, 851.1340643999999