1701370077214, 2023-11-30T18:47:57.214Z, 176.253098, 553.442033
1701370077248, 2023-11-30T18:47:57.248Z, 182.519363, 560.4920185000001
1701370077264, 2023-11-30T18:47:57.264Z, 184.46140233333335, 560.2368346666667
1701370077296, 2023-11-30T18:47:57.296Z, 181.91317675000002, 558.602383
1701370077312, 2023-11-30T18:47:57.312Z, 175.3943256, 556.6811688
1701370077345, 2023-11-30T18:47:57.345Z, 168.5580468, 555.6875653999999
1701370077389, 2023-11-30T18:47:57.389Z, 147.21092099999998, 552.8035917999999
1701370077403, 2023-11-30T18:47:57.403Z, 125.05162759999999, 551.090119
1701370077434, 2023-11-30T18:47:57.434Z, 104.0829794, 549.8930538
1701370077450, 2023-11-30T18:47:57.450Z, 88.2768822, 548.4012814
1701370077486, 2023-11-30T18:47:57.486Z, 73.84144380000001, 547.7774942
1701370077504, 2023-11-30T18:47:57.504Z, 70.4730764, 549.3241178000001
1701370077535, 2023-11-30T18:47:57.535Z, 67.6078848, 550.483369
1701370077584, 2023-11-30T18:47:57.584Z, 56.70183000000001, 548.7427107999999
1701370077871, 2023-11-30T18:47:57.871Z, 59.8170348, 548.0451446
1701370077889, 2023-11-30T18:47:57.889Z, 70.2831164, 547.8546200000001
1701370077919, 2023-11-30T18:47:57.919Z, 86.4805256, 545.7294854
1701370077933, 2023-11-30T18:47:57.933Z, 97.8299432, 549.1451626
1701370077957, 2023-11-30T18:47:57.957Z, 118.104351, 556.0108998
1701370077983, 2023-11-30T18:47:57.983Z, 123.9167258, 563.3186026000001
1701370078001, 2023-11-30T18:47:58.001Z, 119.5613394, 571.367361
1701370078029, 2023-11-30T18:47:58.029Z, 110.4121738, 578.1352648
1701370078045, 2023-11-30T18:47:58.045Z, 106.59514420000001, 579.9087436000001
1701370078060, 2023-11-30T18:47:58.060Z, 104.13594560000001, 582.0877522000001
1701370078328, 2023-11-30T18:47:58.328Z, 117.6797648, 606.6983
1701370078344, 2023-11-30T18:47:58.344Z, 128.9571504, 629.7322962
1701370078360, 2023-11-30T18:47:58.360Z, 129.2797106, 653.193282
1701370078391, 2023-11-30T18:47:58.391Z, 130.6514232, 679.0812426
1701370078633, 2023-11-30T18:47:58.633Z, 133.5262432, 672.7525715999999
1701370078738, 2023-11-30T18:47:58.738Z, 130.0876802, 702.4150953999999
1701370078770, 2023-11-30T18:47:58.770Z, 147.166733, 737.6750844000001
1701370078786, 2023-11-30T18:47:58.786Z, 172.0434374, 771.5943110000001
1701370078818, 2023-11-30T18:47:58.818Z, 190.025171, 803.5118962
1701370078832, 2023-11-30T18:47:58.832Z, 175.4937898, 860.5928554
1701370079224, 2023-11-30T18:47:59.224Z, 153.0109564, 816.5515594
1701370079239, 2023-11-30T18:47:59.239Z, 146.27957080000002, 773.9955034000001
1701370079271, 2023-11-30T18:47:59.271Z, 145.12929860000003, 732.4055836
1701370079288, 2023-11-30T18:47:59.288Z, 148.87056120000003, 688.973487
1701370079679, 2023-11-30T18:47:59.679Z, 155.1864286, 625.7076932
1701370079694, 2023-11-30T18:47:59.694Z, 167.36838000000003, 605.9416352000001
1701370079713, 2023-11-30T18:47:59.713Z, 159.2671454, 581.2360298
1701370079741, 2023-11-30T18:47:59.741Z, 147.3702652, 557.2155215999999
1701370079757, 2023-11-30T18:47:59.757Z, 135.7365902, 534.9366501999999
1701370079772, 2023-11-30T18:47:59.772Z, 129.2056516, 531.7192141999999
1701370080086, 2023-11-30T18:48:00.086Z, 381.96282080000003, 463.665897
1701370080116, 2023-11-30T18:48:00.116Z, 562.4584956000001, 411.22621660000004
1701370080132, 2023-11-30T18:48:00.132Z, 734.1999922000001, 361.8261366
1701370080162, 2023-11-30T18:48:00.162Z, 895.995492, 316.84951179999996
1701370080176, 2023-11-30T18:48:00.176Z, 1091.2531948, 285.07674499999996
1701370080203, 2023-11-30T18:48:00.203Z, 1019.739335, 318.0110778
1701370080225, 2023-11-30T18:48:00.225Z, 1007.7710115999998, 332.4861458
1701370080254, 2023-11-30T18:48:00.254Z, 999.2612142, 340.3962396
1701370080269, 2023-11-30T18:48:00.269Z, 1010.0538982, 342.4905336
1701370080300, 2023-11-30T18:48:00.300Z, 1003.0154036, 334.28880139999995
1701370080316, 2023-11-30T18:48:00.316Z, 1007.0309649999999, 327.5670848
1701370080355, 2023-11-30T18:48:00.355Z, 999.189848, 310.7527546
1701370080393, 2023-11-30T18:48:00.393Z, 1038.485996, 291.35404559999995
1701370080408, 2023-11-30T18:48:00.408Z, 1048.1972764, 276.2391864
1701370080442, 2023-11-30T18:48:00.442Z, 1090.8665145999998, 268.2923534
1701370080455, 2023-11-30T18:48:00.455Z, 1129.419742, 267.61799140000005
1701370080486, 2023-11-30T18:48:00.486Z, 1176.0943123999998, 267.18504859999996
1701370080548, 2023-11-30T18:48:00.548Z, 1235.6698585999998, 288.8788478
1701370080567, 2023-11-30T18:48:00.567Z, 1295.7653012, 302.0551028
1701370080581, 2023-11-30T18:48:00.581Z, 1317.7220579999998, 308.1358864
1701370080631, 2023-11-30T18:48:00.631Z, 1329.9297364, 303.4855608
1701370080706, 2023-11-30T18:48:00.706Z, 1324.920659, 304.417342
1701370080805, 2023-11-30T18:48:00.805Z, 1266.207672, 290.4787988
1701370080847, 2023-11-30T18:48:00.847Z, 1229.6577518000001, 281.94565780000005
1701370080861, 2023-11-30T18:48:00.861Z, 1205.5637597999998, 277.7974286
1701370080880, 2023-11-30T18:48:00.880Z, 1184.4861394, 274.3432946
1701370080923, 2023-11-30T18:48:00.923Z, 1186.5141312, 273.9900576
1701370080970, 2023-11-30T18:48:00.970Z, 1188.7125647999999, 270.5280966
1701370080985, 2023-11-30T18:48:00.985Z, 1188.3324831999998, 269.0905064
1701370081032, 2023-11-30T18:48:01.032Z, 1184.3265934, 270.50551260000003
1701370081079, 2023-11-30T18:48:01.079Z, 1212.432997, 282.19402019999995
1701370081105, 2023-11-30T18:48:01.105Z, 1209.260151, 285.9289858
1701370081125, 2023-11-30T18:48:01.125Z, 1220.4808500000001, 295.5322202
1701370081154, 2023-11-30T18:48:01.154Z, 1224.4251922, 299.7886486
1701370081169, 2023-11-30T18:48:01.169Z, 1245.1966346000002, 306.2508474
1701370081200, 2023-11-30T18:48:01.200Z, 1237.22381, 303.2728902
1701370081255, 2023-11-30T18:48:01.255Z, 1276.6093492, 300.4664134
1701370081297, 2023-11-30T18:48:01.297Z, 1315.7398446, 290.4722596
1701370081337, 2023-11-30T18:48:01.337Z, 1369.1684706, 279.9815594
1701370081384, 2023-11-30T18:48:01.384Z, 1409.663588, 261.848643
1701370081430, 2023-11-30T18:48:01.430Z, 1440.0906698, 246.686829
1701370081467, 2023-11-30T18:48:01.467Z, 1451.0390911999998, 247.23833960000002
1701370081510, 2023-11-30T18:48:01.510Z, 1413.7319744000001, 268.925213
1701370081540, 2023-11-30T18:48:01.540Z, 1356.8979347999998, 301.76300679999997
1701370081555, 2023-11-30T18:48:01.555Z, 1298.6182999999999, 343.25124900000003
1701370081571, 2023-11-30T18:48:01.571Z, 1241.6018536, 383.85768459999997
1701370081602, 2023-11-30T18:48:01.602Z, 1187.9816438, 416.5911272
1701370081621, 2023-11-30T18:48:01.621Z, 1173.1273104, 422.53590920000005
1701370081648, 2023-11-30T18:48:01.648Z, 1168.3232232, 426.7110662
1701370081668, 2023-11-30T18:48:01.668Z, 1167.8716474, 420.35117460000004
1701370081705, 2023-11-30T18:48:01.705Z, 1174.1806714, 409.0603708
1701370081741, 2023-11-30T18:48:01.741Z, 1181.564727, 401.84635460000004
1701370081757, 2023-11-30T18:48:01.757Z, 1184.4699316, 403.46588740000004
1701370081790, 2023-11-30T18:48:01.790Z, 1191.6415812, 400.5818276
1701370081806, 2023-11-30T18:48:01.806Z, 1215.3104497999998, 413.3551805999999
1701370081838, 2023-11-30T18:48:01.838Z, 1236.4376545999999, 427.947939
1701370081871, 2023-11-30T18:48:01.871Z, 1239.6766578000002, 432.3378058
1701370081901, 2023-11-30T18:48:01.901Z, 1244.5133946, 437.01684880000005
1701370081919, 2023-11-30T18:48:01.919Z, 1244.1056821999998, 440.00506459999997
1701370081949, 2023-11-30T18:48:01.949Z, 1247.7540316, 440.76216480000005
1701370081981, 2023-11-30T18:48:01.981Z, 1240.8908179999999, 436.2442748
1701370082003, 2023-11-30T18:48:02.003Z, 1250.1866777999999, 438.4131416
1701370082059, 2023-11-30T18:48:02.059Z, 1249.3493776, 437.7400028
1701370082074, 2023-11-30T18:48:02.074Z, 1249.263467, 440.95550579999997
1701370082106, 2023-11-30T18:48:02.106Z, 1224.7847874, 436.05405679999996
1701370082199, 2023-11-30T18:48:02.199Z, 1211.1306476, 435.0692456
1701370082232, 2023-11-30T18:48:02.232Z, 1193.4696908, 441.2357776
1701370082246, 2023-11-30T18:48:02.246Z, 1186.7403362, 447.92506519999995
1701370082279, 2023-11-30T18:48:02.279Z, 1182.4366698, 452.0256834
1701370082326, 2023-11-30T18:48:02.326Z, 1184.8061202000001, 450.0941448
1701370082340, 2023-11-30T18:48:02.340Z, 1187.7574216, 450.37214439999997
1701370082371, 2023-11-30T18:48:02.371Z, 1191.1938006, 445.0967296
1701370082388, 2023-11-30T18:48:02.388Z, 1214.227829, 448.037298
1701370082419, 2023-11-30T18:48:02.419Z, 1225.0877904000001, 446.5189644
1701370082433, 2023-11-30T18:48:02.433Z, 1247.3368098, 455.58306200000004
1701370082455, 2023-11-30T18:48:02.455Z, 1253.9739776, 458.2273282
1701370082481, 2023-11-30T18:48:02.481Z, 1259.7248077999998, 458.4516942
1701370082498, 2023-11-30T18:48:02.498Z, 1239.6842007999999, 449.7133936
1701370082529, 2023-11-30T18:48:02.529Z, 1234.7360468, 443.9441428
1701370082545, 2023-11-30T18:48:02.545Z, 1211.1352188, 433.00313939999995
1701370082562, 2023-11-30T18:48:02.562Z, 1204.1225082, 428.5897446
1701370082606, 2023-11-30T18:48:02.606Z, 1199.3823172, 427.27463119999993
1701370082640, 2023-11-30T18:48:02.640Z, 1196.3528306, 429.24238239999994
1701370082658, 2023-11-30T18:48:02.658Z, 1191.5963118, 432.02339319999993
1701370082690, 2023-11-30T18:48:02.690Z, 1191.887569, 430.93568940000006
1701370082772, 2023-11-30T18:48:02.772Z, 1199.581955, 427.71706800000004
1701370082851, 2023-11-30T18:48:02.851Z, 1249.9879666, 433.2133562
1701370083356, 2023-11-30T18:48:03.356Z, 1180.2220258, 475.0840453999999
1701370083417, 2023-11-30T18:48:03.417Z, 1118.9507330000001, 510.24172120000003
1701370083473, 2023-11-30T18:48:03.473Z, 1058.2850629999998, 547.2811496
1701370083522, 2023-11-30T18:48:03.522Z, 989.4100340000001, 584.5099846
1701370083575, 2023-11-30T18:48:03.575Z, 880.355005, 611.5642664
1701370083613, 2023-11-30T18:48:03.613Z, 909.9836376000001, 608.6609646
1701370083645, 2023-11-30T18:48:03.645Z, 929.0678478, 614.2783176
1701370083674, 2023-11-30T18:48:03.674Z, 951.912024, 628.7374194
1701370083697, 2023-11-30T18:48:03.697Z, 976.5200972, 645.8508828
1701370083748, 2023-11-30T18:48:03.748Z, 1006.3686656, 663.972316
1701370083782, 2023-11-30T18:48:03.782Z, 1020.1879892000001, 674.5088165999999
1701370083801, 2023-11-30T18:48:03.801Z, 1041.4329146, 684.4349129999999
1701370083887, 2023-11-30T18:48:03.887Z, 1050.462933, 685.5129114
1701370083942, 2023-11-30T18:48:03.942Z, 1050.5594326, 686.4262676000001
1701370083972, 2023-11-30T18:48:03.972Z, 1059.574137, 692.4687
1701370083988, 2023-11-30T18:48:03.988Z, 1068.6079453999998, 701.0666414
1701370084003, 2023-11-30T18:48:04.003Z, 1071.6566932, 710.5786616
1701370084034, 2023-11-30T18:48:04.034Z, 1076.1404818, 722.0566562000001
1701370084050, 2023-11-30T18:48:04.050Z, 1084.163027, 731.8122812
1701370084081, 2023-11-30T18:48:04.081Z, 1077.327514, 734.4519082
1701370084128, 2023-11-30T18:48:04.128Z, 1041.5117086, 727.2165702000001
1701370084144, 2023-11-30T18:48:04.144Z, 1009.955447, 718.632889
1701370084176, 2023-11-30T18:48:04.176Z, 980.0100064000002, 708.5581196
1701370084191, 2023-11-30T18:48:04.191Z, 952.5929468, 699.0663774
1701370084211, 2023-11-30T18:48:04.211Z, 918.2800722, 689.4117044000001
1701370084239, 2023-11-30T18:48:04.239Z, 913.6456338, 687.4330155999999
1701370084255, 2023-11-30T18:48:04.255Z, 910.4245122, 685.6795574
1701370084270, 2023-11-30T18:48:04.270Z, 908.415928, 685.3930853999999
1701370084301, 2023-11-30T18:48:04.301Z, 941.0701329999999, 688.9813758
1701370084317, 2023-11-30T18:48:04.317Z, 977.6662686000002, 693.5571560000001
1701370084333, 2023-11-30T18:48:04.333Z, 1009.0293347999999, 697.1468024
1701370084347, 2023-11-30T18:48:04.347Z, 1031.3877097999998, 699.7883652
1701370084364, 2023-11-30T18:48:04.364Z, 1057.4851668, 702.9382764
1701370084404, 2023-11-30T18:48:04.404Z, 1052.1494502, 703.7209277999999
1701370084444, 2023-11-30T18:48:04.444Z, 1053.4347866, 705.349593
1701370084459, 2023-11-30T18:48:04.459Z, 1045.6587288, 705.4712883999999
1701370084491, 2023-11-30T18:48:04.491Z, 1050.9558356, 705.6841419999998
1701370084506, 2023-11-30T18:48:04.506Z, 1054.4439384, 706.066624
1701370084530, 2023-11-30T18:48:04.530Z, 1028.6525820000002, 699.1406092000001
1701370084571, 2023-11-30T18:48:04.571Z, 1022.2177206, 698.6883098000001
1701370084586, 2023-11-30T18:48:04.586Z, 1029.7641414000002, 700.5628048000001
1701370084618, 2023-11-30T18:48:04.618Z, 1032.1877706, 702.6163332
1701370084634, 2023-11-30T18:48:04.634Z, 1031.7482872, 703.6433685999999
1701370084668, 2023-11-30T18:48:04.668Z, 1059.7481455999998, 710.4808393999999
1701370084681, 2023-11-30T18:48:04.681Z, 1065.0058748000001, 710.1868701999999
1701370084706, 2023-11-30T18:48:04.706Z, 1070.7532426000002, 710.9229438
1701370084729, 2023-11-30T18:48:04.729Z, 1072.1024498, 711.272958
1701370084761, 2023-11-30T18:48:04.761Z, 1037.7095328, 702.4068626
1701370084777, 2023-11-30T18:48:04.777Z, 1003.8466962, 694.4106863999999
1701370084807, 2023-11-30T18:48:04.807Z, 977.5781725999999, 700.6663718
1701370084824, 2023-11-30T18:48:04.824Z, 960.4443021999999, 724.0623094
1701370084857, 2023-11-30T18:48:04.857Z, 968.4132173999999, 763.491315
1701370084903, 2023-11-30T18:48:04.903Z, 988.679169, 808.4856616
1701370084934, 2023-11-30T18:48:04.934Z, 1005.0561958000001, 852.3171743999999
1701370084953, 2023-11-30T18:48:04.953Z, 1022.6096276000001, 883.7746554000001
1701370085031, 2023-11-30T18:48:05.031Z, 1035.4298184, 899.4212072
1701370085111, 2023-11-30T18:48:05.111Z, 992.2113934000001, 892.181038
1701370086107, 2023-11-30T18:48:06.107Z, 971.3993623999999, 888.6056510000001
1701370086122, 2023-11-30T18:48:06.122Z, 954.2920244, 886.020341
1701370086154, 2023-11-30T18:48:06.154Z, 932.9426363999999, 882.6921231999999
1701370086169, 2023-11-30T18:48:06.169Z, 913.9172511999999, 879.415482
1701370086241, 2023-11-30T18:48:06.241Z, 912.266689, 883.7061226
1701370086264, 2023-11-30T18:48:06.264Z, 924.5119769999999, 891.3657516000001
1701370086281, 2023-11-30T18:48:06.281Z, 921.4801381999999, 894.8469616
1701370086311, 2023-11-30T18:48:06.311Z, 928.4595356, 899.3194798000001
1701370086731, 2023-11-30T18:48:06.731Z, 976.3063357999999, 895.4277046
1701370086761, 2023-11-30T18:48:06.761Z, 1039.8133246, 886.1469224
1701370086795, 2023-11-30T18:48:06.795Z, 1092.4077146, 871.7079792000001
1701370086842, 2023-11-30T18:48:06.842Z, 1158.1412043999999, 862.5306441999999
1701370086868, 2023-11-30T18:48:06.868Z, 1204.9829531999999, 852.3462534
1701370086884, 2023-11-30T18:48:06.884Z, 1232.4891228000001, 853.4917838000001
1701370086929, 2023-11-30T18:48:06.929Z, 1240.7913015999998, 854.2599473999999
1701370086961, 2023-11-30T18:48:06.961Z, 1259.49988, 859.6139714000001
1701370086977, 2023-11-30T18:48:06.977Z, 1294.222245, 866.3605289999999
1701370087010, 2023-11-30T18:48:07.010Z, 1315.8267302, 870.3049795999999
1701370087024, 2023-11-30T18:48:07.025Z, 1316.0001324, 869.5926915999999
1701370087057, 2023-11-30T18:48:07.057Z, 1327.2559729999998, 871.0493776
1701370087072, 2023-11-30T18:48:07.072Z, 1339.1738321999999, 879.510175