1701370227695, 2023-11-30T18:50:27.695Z, 29.660039, 456.669604
1701370227711, 2023-11-30T18:50:27.711Z, 26.9482165, 451.93667
1701370227727, 2023-11-30T18:50:27.727Z, 70.28827933333334, 455.7250343333333
1701370227759, 2023-11-30T18:50:27.759Z, 81.50855025, 456.1133355
1701370227773, 2023-11-30T18:50:27.773Z, 80.1872808, 454.76917219999996
1701370228164, 2023-11-30T18:50:28.164Z, 94.48455979999999, 464.64430860000004
1701370228247, 2023-11-30T18:50:28.247Z, 98.9721, 481.09871459999994
1701370228589, 2023-11-30T18:50:28.589Z, 107.3856884, 523.948057
1701370229487, 2023-11-30T18:50:29.487Z, 93.8708218, 496.34643539999996
1701370229941, 2023-11-30T18:50:29.941Z, 108.57659459999999, 472.15083080000005
1701370229987, 2023-11-30T18:50:29.988Z, 108.8758262, 435.2328072
1701370230019, 2023-11-30T18:50:30.019Z, 118.7424574, 398.09295940000004
1701370230034, 2023-11-30T18:50:30.034Z, 98.41281180000001, 332.3721364
1701370230818, 2023-11-30T18:50:30.818Z, 123.65951480000001, 419.49435800000003
1701370230831, 2023-11-30T18:50:30.831Z, 133.6960928, 501.30450499999995
1701370230894, 2023-11-30T18:50:30.894Z, 118.2608056, 576.3413898
1701370230925, 2023-11-30T18:50:30.925Z, 108.89041219999999, 646.8097783999999
1701370231020, 2023-11-30T18:50:31.020Z, 89.9189652, 714.0382664
1701370231067, 2023-11-30T18:50:31.067Z, 55.337262800000005, 703.8552978
1701370231272, 2023-11-30T18:50:31.272Z, 17.7994632, 694.3153772
1701370231286, 2023-11-30T18:50:31.286Z, 56.524001999999996, 693.0688374
1701370231319, 2023-11-30T18:50:31.319Z, 77.7261544, 693.1416214
1701370231332, 2023-11-30T18:50:31.332Z, 83.95667859999999, 694.6000508
1701370231379, 2023-11-30T18:50:31.379Z, 110.02777239999998, 692.39363
1701370231403, 2023-11-30T18:50:31.403Z, 131.4063928, 692.0826556
1701370231471, 2023-11-30T18:50:31.471Z, 87.725673, 686.7992776
1701370231503, 2023-11-30T18:50:31.503Z, 59.6040078, 679.5274044
1701370231519, 2023-11-30T18:50:31.519Z, 56.51843819999999, 671.9645697999999
1701370231555, 2023-11-30T18:50:31.555Z, 35.043052599999996, 663.9837616
1701370231784, 2023-11-30T18:50:31.784Z, 34.293152, 684.8134952
1701370232236, 2023-11-30T18:50:32.236Z, 34.470668599999996, 684.419331
1701370232284, 2023-11-30T18:50:32.284Z, 40.85139339999999, 679.1868683999999
1701370232316, 2023-11-30T18:50:32.316Z, 49.6947304, 675.7095792
1701370232330, 2023-11-30T18:50:32.330Z, 45.883950799999994, 670.7743554
1701370232345, 2023-11-30T18:50:32.345Z, 23.148978999999997, 634.7553906
1701370232979, 2023-11-30T18:50:32.979Z, 31.222815799999996, 677.3896480000001
1701370232996, 2023-11-30T18:50:32.996Z, 31.1947726, 723.1335342
1701370233026, 2023-11-30T18:50:33.026Z, 27.6940742, 768.5646848
1701370233074, 2023-11-30T18:50:33.074Z, 35.34391480000001, 819.1625494
1701370233089, 2023-11-30T18:50:33.089Z, 44.9969142, 873.9287158000001
1701370233124, 2023-11-30T18:50:33.124Z, 51.23473260000001, 866.2450136000001
1701370233141, 2023-11-30T18:50:33.141Z, 68.3587, 862.4005414
1701370233176, 2023-11-30T18:50:33.176Z, 84.56590600000001, 858.6382925999999
1701370233188, 2023-11-30T18:50:33.188Z, 111.2278646, 852.204803
1701370233437, 2023-11-30T18:50:33.437Z, 121.3802486, 854.7118164
1701370233455, 2023-11-30T18:50:33.455Z, 130.75062880000002, 862.5639080000001
1701370233485, 2023-11-30T18:50:33.485Z, 129.19119640000002, 870.6087525999999
1701370233538, 2023-11-30T18:50:33.538Z, 127.49094420000002, 879.6926348000001
1701370233552, 2023-11-30T18:50:33.552Z, 115.59145880000001, 888.238736
1701370233600, 2023-11-30T18:50:33.600Z, 118.46409560000002, 887.1754946000001
1701370233609, 2023-11-30T18:50:33.609Z, 116.921543, 890.6247965999999
1701370233625, 2023-11-30T18:50:33.625Z, 117.74359180000002, 885.7137942000002
1701370233658, 2023-11-30T18:50:33.658Z, 131.9908634, 880.5637254
1701370233676, 2023-11-30T18:50:33.676Z, 145.2412022, 875.5991928
1701370233722, 2023-11-30T18:50:33.722Z, 142.96677880000001, 868.4562051999999
1701370233863, 2023-11-30T18:50:33.863Z, 126.30529120000001, 865.640823
1701370233876, 2023-11-30T18:50:33.876Z, 106.829717, 867.7510694
1701370233891, 2023-11-30T18:50:33.891Z, 75.86359359999999, 867.8812828
1701370233922, 2023-11-30T18:50:33.922Z, 47.032669, 869.2872416
1701370233968, 2023-11-30T18:50:33.968Z, 37.033438000000004, 872.0577354000001
1701370233984, 2023-11-30T18:50:33.984Z, 42.4907612, 869.9519975999999
1701370234018, 2023-11-30T18:50:34.018Z, 50.4358718, 866.152867
1701370234035, 2023-11-30T18:50:34.035Z, 59.59664640000001, 861.1026552
1701370234063, 2023-11-30T18:50:34.063Z, 61.0184214, 861.8758383999999
1701370234078, 2023-11-30T18:50:34.078Z, 66.525818, 866.4778478000001
1701370234100, 2023-11-30T18:50:34.100Z, 74.9640864, 872.5711628000001
1701370234124, 2023-11-30T18:50:34.124Z, 100.6706836, 884.6053872
1701370234155, 2023-11-30T18:50:34.155Z, 109.5723118, 897.9117322
1701370234201, 2023-11-30T18:50:34.201Z, 125.41902420000001, 904.3669432
1701370234531, 2023-11-30T18:50:34.531Z, 131.15075900000002, 877.1038374
1701370234669, 2023-11-30T18:50:34.669Z, 118.1969932, 856.197069
1701370234888, 2023-11-30T18:50:34.888Z, 80.77197220000001, 829.511349
1701370234935, 2023-11-30T18:50:34.935Z, 76.5383224, 811.6056788
1701370235157, 2023-11-30T18:50:35.157Z, 90.1635334, 796.6877904
1701370235186, 2023-11-30T18:50:35.186Z, 107.26632359999999, 812.5763118000001
1701370235202, 2023-11-30T18:50:35.202Z, 120.2110578, 813.1961056
1701370235247, 2023-11-30T18:50:35.247Z, 123.63350840000001, 813.9961412
1701370235327, 2023-11-30T18:50:35.327Z, 136.3188456, 822.9152191999999
1701370235342, 2023-11-30T18:50:35.342Z, 124.61901040000001, 826.3275732
1701370235390, 2023-11-30T18:50:35.390Z, 121.2148424, 826.6448816
1701370235549, 2023-11-30T18:50:35.549Z, 101.58751899999999, 742.551962
1701370235565, 2023-11-30T18:50:35.565Z, 99.41967259999998, 660.558337
1701370235602, 2023-11-30T18:50:35.602Z, 69.43713939999999, 556.7086858
1701370235643, 2023-11-30T18:50:35.643Z, 60.62387840000001, 457.0652758
1701370235657, 2023-11-30T18:50:35.657Z, 76.0377268, 362.30807560000005
1701370235705, 2023-11-30T18:50:35.705Z, 120.08354879999999, 357.39091220000006
1701370235768, 2023-11-30T18:50:35.768Z, 170.32059600000002, 359.48229200000003
1701370235784, 2023-11-30T18:50:35.784Z, 204.48610480000002, 363.5297938
1701370235832, 2023-11-30T18:50:35.832Z, 200.2858348, 357.14116300000006
1701370236003, 2023-11-30T18:50:36.003Z, 213.54319660000002, 354.3452096
1701370236018, 2023-11-30T18:50:36.018Z, 224.97700760000004, 353.2436455999999
1701370236052, 2023-11-30T18:50:36.052Z, 199.8907882, 347.19843019999996
1701370236099, 2023-11-30T18:50:36.099Z, 196.5378176, 345.842375
1701370236130, 2023-11-30T18:50:36.130Z, 208.98081779999998, 352.97329379999996
1701370236147, 2023-11-30T18:50:36.147Z, 171.55973479999997, 353.9912656
1701370236178, 2023-11-30T18:50:36.178Z, 128.20896199999999, 334.830862
1701370236222, 2023-11-30T18:50:36.222Z, 117.6083396, 310.9041268
1701370236238, 2023-11-30T18:50:36.238Z, 104.26863660000001, 284.5248992
1701370236253, 2023-11-30T18:50:36.253Z, 323.3366288, 295.6513012
1701370236269, 2023-11-30T18:50:36.269Z, 441.1044922, 288.85442159999997
1701370236283, 2023-11-30T18:50:36.283Z, 547.8990302, 298.5241994
1701370236316, 2023-11-30T18:50:36.316Z, 671.9073522, 307.9600908
1701370236333, 2023-11-30T18:50:36.333Z, 859.0207801999999, 324.71625639999996
1701370236351, 2023-11-30T18:50:36.351Z, 824.383662, 300.65130719999996
1701370236380, 2023-11-30T18:50:36.380Z, 903.2270560000001, 300.49651719999997
1701370236395, 2023-11-30T18:50:36.395Z, 997.3502765999999, 299.3263906
1701370236411, 2023-11-30T18:50:36.411Z, 1067.5388512000002, 297.06303280000003
1701370236442, 2023-11-30T18:50:36.442Z, 1074.2550022, 286.6249366
1701370236458, 2023-11-30T18:50:36.458Z, 1094.0696892, 283.5673868
1701370236534, 2023-11-30T18:50:36.534Z, 1121.1185236000001, 274.25812800000006
1701370236582, 2023-11-30T18:50:36.582Z, 1122.7071538, 281.9238216
1701370236631, 2023-11-30T18:50:36.631Z, 1128.0162960000002, 288.5837616
1701370236691, 2023-11-30T18:50:36.691Z, 1212.3006534, 310.02049980000004
1701370236723, 2023-11-30T18:50:36.723Z, 1242.5371, 323.72848919999996
1701370236737, 2023-11-30T18:50:36.737Z, 1233.4640964, 336.32259419999997
1701370236754, 2023-11-30T18:50:36.754Z, 1248.5916088, 336.9137446
1701370236770, 2023-11-30T18:50:36.770Z, 1296.6569361999998, 343.15923639999994
1701370236800, 2023-11-30T18:50:36.800Z, 1250.4748998, 339.427335
1701370236848, 2023-11-30T18:50:36.848Z, 1212.7032803999998, 341.3054254
1701370236864, 2023-11-30T18:50:36.864Z, 1201.4923457999998, 344.5709702
1701370236894, 2023-11-30T18:50:36.894Z, 1199.3659296, 338.815141
1701370236909, 2023-11-30T18:50:36.909Z, 1184.3764728, 334.07839260000003
1701370236987, 2023-11-30T18:50:36.987Z, 1165.7854757999999, 331.7840646
1701370237033, 2023-11-30T18:50:37.033Z, 1162.4506962, 323.6072158
1701370237081, 2023-11-30T18:50:37.081Z, 1155.7057556, 312.936398
1701370237128, 2023-11-30T18:50:37.128Z, 1149.2617438000002, 314.17777820000003
1701370237143, 2023-11-30T18:50:37.143Z, 1119.4965728, 315.1530646
1701370237173, 2023-11-30T18:50:37.173Z, 1105.2897874, 316.567236
1701370237204, 2023-11-30T18:50:37.204Z, 1105.233372, 322.6182676
1701370237250, 2023-11-30T18:50:37.250Z, 1107.443341, 325.0607446
1701370237297, 2023-11-30T18:50:37.297Z, 1112.7857216, 327.0724582
1701370237313, 2023-11-30T18:50:37.313Z, 1118.4253844, 328.58898239999996
1701370237364, 2023-11-30T18:50:37.364Z, 1222.6957806, 331.1510598
1701370237478, 2023-11-30T18:50:37.478Z, 1272.6196055999999, 335.83094259999996
1701370237518, 2023-11-30T18:50:37.518Z, 1324.8502524, 331.4873806
1701370237566, 2023-11-30T18:50:37.566Z, 1351.175855, 331.37685359999995
1701370237598, 2023-11-30T18:50:37.598Z, 1371.6911026, 333.11355199999997
1701370237609, 2023-11-30T18:50:37.609Z, 1281.8732832, 324.1891308
1701370237639, 2023-11-30T18:50:37.639Z, 1272.3885396, 312.28769900000003
1701370237655, 2023-11-30T18:50:37.655Z, 1240.1177647999998, 315.23936059999994
1701370237671, 2023-11-30T18:50:37.671Z, 1220.2732813999999, 311.35104179999996
1701370237703, 2023-11-30T18:50:37.703Z, 1207.4753732000001, 305.4938628
1701370237733, 2023-11-30T18:50:37.733Z, 1207.661542, 303.7594772
1701370237749, 2023-11-30T18:50:37.749Z, 1189.9234116, 299.2462802
1701370237766, 2023-11-30T18:50:37.766Z, 1207.0251606, 297.1224424
1701370237799, 2023-11-30T18:50:37.799Z, 1232.2950806000001, 297.79458139999997
1701370237891, 2023-11-30T18:50:37.891Z, 1275.6216022, 308.551663
1701370237923, 2023-11-30T18:50:37.923Z, 1330.9121788, 295.9720266
1701370237970, 2023-11-30T18:50:37.970Z, 1373.0662814, 300.4843496
1701370238032, 2023-11-30T18:50:38.032Z, 1389.1019902, 311.318449
1701370238114, 2023-11-30T18:50:38.114Z, 1410.1097678, 313.2953372
1701370238128, 2023-11-30T18:50:38.128Z, 1488.7944582000002, 308.4265426
1701370238160, 2023-11-30T18:50:38.160Z, 1515.5675471999998, 327.2717604
1701370238211, 2023-11-30T18:50:38.211Z, 1507.5896474, 330.4559968
1701370238254, 2023-11-30T18:50:38.254Z, 1486.8545241999998, 330.9276132
1701370238270, 2023-11-30T18:50:38.270Z, 1459.5854791999998, 342.980256
1701370238318, 2023-11-30T18:50:38.318Z, 1417.1843502, 372.7374174
1701370238333, 2023-11-30T18:50:38.333Z, 1374.40173, 401.42210780000005
1701370238373, 2023-11-30T18:50:38.373Z, 1348.3426044, 434.8822512
1701370238382, 2023-11-30T18:50:38.382Z, 1337.6262994, 464.0891242000001
1701370238397, 2023-11-30T18:50:38.397Z, 1348.566542, 489.20226520000006
1701370238428, 2023-11-30T18:50:38.428Z, 1295.772359, 493.26087440000003
1701370238472, 2023-11-30T18:50:38.472Z, 1255.1018896, 492.8937284
1701370238487, 2023-11-30T18:50:38.487Z, 1271.0166284000002, 493.43415860000005
1701370238518, 2023-11-30T18:50:38.518Z, 1260.0734826, 483.73977
1701370238533, 2023-11-30T18:50:38.533Z, 1303.4725468, 479.1708624
1701370238565, 2023-11-30T18:50:38.565Z, 1302.2932026, 475.35446440000004
1701370238581, 2023-11-30T18:50:38.581Z, 1359.2944246, 477.595858
1701370238612, 2023-11-30T18:50:38.612Z, 1349.6964192, 474.7100198
1701370238628, 2023-11-30T18:50:38.628Z, 1391.36273, 481.965116
1701370238658, 2023-11-30T18:50:38.658Z, 1345.7450216, 473.5598422
1701370238673, 2023-11-30T18:50:38.673Z, 1383.124067, 470.7051104
1701370238689, 2023-11-30T18:50:38.689Z, 1358.6458814, 458.50850760000003
1701370238704, 2023-11-30T18:50:38.704Z, 1399.570783, 452.4768934
1701370238943, 2023-11-30T18:50:38.943Z, 1395.9496273999998, 451.4524698
1701370238971, 2023-11-30T18:50:38.971Z, 1356.7894302, 463.61084259999996
1701370238987, 2023-11-30T18:50:38.987Z, 1300.7053614000001, 469.8970838
1701370239019, 2023-11-30T18:50:39.019Z, 1262.7493958, 481.937817
1701370239034, 2023-11-30T18:50:39.034Z, 1211.817042, 487.5464588
1701370239059, 2023-11-30T18:50:39.059Z, 1178.2150114, 483.601978
1701370239098, 2023-11-30T18:50:39.098Z, 1180.4847476, 474.6346128
1701370239136, 2023-11-30T18:50:39.136Z, 1164.7407249999999, 464.90367159999994
1701370239174, 2023-11-30T18:50:39.174Z, 1169.842321, 456.6517362000001
1701370239258, 2023-11-30T18:50:39.258Z, 1191.0028348, 455.81490620000005
1701370239273, 2023-11-30T18:50:39.273Z, 1224.5719754, 457.4657618
1701370239303, 2023-11-30T18:50:39.303Z, 1274.5334186, 461.85312519999997
1701370239319, 2023-11-30T18:50:39.319Z, 1319.8994634, 468.31958460000004
1701370239335, 2023-11-30T18:50:39.335Z, 1358.0766749999998, 476.82801
1701370239381, 2023-11-30T18:50:39.381Z, 1362.217135, 478.38468759999995
1701370239401, 2023-11-30T18:50:39.401Z, 1360.0010538, 480.802794
1701370239432, 2023-11-30T18:50:39.432Z, 1326.4111002000002, 493.39670820000003
1701370239464, 2023-11-30T18:50:39.464Z, 1296.9086874, 510.3234884
1701370239497, 2023-11-30T18:50:39.497Z, 1276.4849138, 535.0390282000001
1701370239539, 2023-11-30T18:50:39.539Z, 1230.4413546, 560.8615248
1701370239572, 2023-11-30T18:50:39.572Z, 1153.5702056, 586.8148140000001
1701370239613, 2023-11-30T18:50:39.613Z, 1111.9361926000001, 601.9000896
1701370239631, 2023-11-30T18:50:39.631Z, 1104.628715, 609.3709454
1701370239665, 2023-11-30T18:50:39.665Z, 1100.684348, 607.954578
1701370239691, 2023-11-30T18:50:39.691Z, 1073.5262097999998, 605.1072656
1701370239707, 2023-11-30T18:50:39.707Z, 1078.9396522, 601.7670932
1701370239737, 2023-11-30T18:50:39.737Z, 1081.0943612, 597.8080818
1701370239753, 2023-11-30T18:50:39.753Z, 1047.1678204000002, 595.4399172000001
1701370239769, 2023-11-30T18:50:39.769Z, 1000.2605606000001, 593.5357319999999
1701370239815, 2023-11-30T18:50:39.815Z, 1000.0755160000001, 593.0603918
1701370239831, 2023-11-30T18:50:39.831Z, 998.7853351999998, 592.6709558
1701370239862, 2023-11-30T18:50:39.862Z, 986.4162648000001, 587.2476976
1701370239878, 2023-11-30T18:50:39.878Z, 978.2354532000002, 582.4241076000001
1701370239910, 2023-11-30T18:50:39.910Z, 958.9085408000001, 576.3834314
1701370239925, 2023-11-30T18:50:39.925Z, 938.5601307999999, 569.5519978
1701370239949, 2023-11-30T18:50:39.949Z, 925.0302752, 570.306037
1701370239972, 2023-11-30T18:50:39.972Z, 940.751253, 573.7979668
1701370240003, 2023-11-30T18:50:40.003Z, 925.7338892, 579.9011307999999
1701370240019, 2023-11-30T18:50:40.019Z, 955.1594643999999, 591.7518081999999
1701370240049, 2023-11-30T18:50:40.049Z, 983.4309470000001, 605.0318464
1701370240064, 2023-11-30T18:50:40.064Z, 1018.1220059999999, 613.3272342
1701370240100, 2023-11-30T18:50:40.100Z, 997.4094724, 628.7293316
1701370240144, 2023-11-30T18:50:40.144Z, 998.1969392000001, 642.199137
1701370240161, 2023-11-30T18:50:40.161Z, 965.8899865999999, 651.0571391999999
1701370240174, 2023-11-30T18:50:40.174Z, 934.6411936000001, 660.6236935999999
1701370240205, 2023-11-30T18:50:40.205Z, 891.874605, 665.6064468000001
1701370240220, 2023-11-30T18:50:40.220Z, 887.2170917999999, 664.1367124
1701370240267, 2023-11-30T18:50:40.267Z, 891.3966617999998, 660.9732284
1701370240282, 2023-11-30T18:50:40.282Z, 896.6817321999999, 658.5220138000001
1701370240314, 2023-11-30T18:50:40.314Z, 905.6028616, 654.2623288000001
1701370240328, 2023-11-30T18:50:40.328Z, 914.1302437999999, 651.0953648000001
1701370240360, 2023-11-30T18:50:40.360Z, 922.4313764000001, 649.3656736
1701370240377, 2023-11-30T18:50:40.377Z, 928.3365891999999, 649.1775782000001
1701370240400, 2023-11-30T18:50:40.400Z, 932.3895912, 649.3567228
1701370240424, 2023-11-30T18:50:40.424Z, 930.3383981999999, 652.7723516
1701370240454, 2023-11-30T18:50:40.454Z, 915.2369780000001, 655.2852376
1701370240470, 2023-11-30T18:50:40.470Z, 895.3232254000001, 657.4205208
1701370240502, 2023-11-30T18:50:40.502Z, 868.7442003999998, 656.7315401999999
1701370240518, 2023-11-30T18:50:40.518Z, 843.0008746, 654.8669732000001
1701370240551, 2023-11-30T18:50:40.551Z, 820.9280507999999, 648.972401
1701370240580, 2023-11-30T18:50:40.580Z, 809.9617876, 646.19172
1701370240596, 2023-11-30T18:50:40.596Z, 802.5958808, 647.2087046
1701370240628, 2023-11-30T18:50:40.628Z, 801.9849946, 650.262861
1701370240644, 2023-11-30T18:50:40.644Z, 804.111492, 651.2059814
1701370240675, 2023-11-30T18:50:40.675Z, 807.7890292, 651.0351246
1701370240723, 2023-11-30T18:50:40.723Z, 811.178844, 649.393601
1701370240738, 2023-11-30T18:50:40.738Z, 815.169304, 644.84905
1701370240771, 2023-11-30T18:50:40.771Z, 810.0141424, 645.2621572
1701370240786, 2023-11-30T18:50:40.786Z, 800.691736, 648.9743156
1701370240804, 2023-11-30T18:50:40.804Z, 791.380817, 657.9374703999999
1701370240851, 2023-11-30T18:50:40.851Z, 784.3905834, 668.2540782
1701370240897, 2023-11-30T18:50:40.897Z, 781.239666, 680.3219099999999
1701370240920, 2023-11-30T18:50:40.920Z, 787.800157, 692.2935244
1701370240945, 2023-11-30T18:50:40.945Z, 811.0777994000001, 713.7546972
1701370240964, 2023-11-30T18:50:40.964Z, 833.8114914, 733.1079933999999
1701370241007, 2023-11-30T18:50:41.007Z, 855.9036622, 757.0738168
1701370241039, 2023-11-30T18:50:41.039Z, 873.3006062000001, 783.294236
1701370241054, 2023-11-30T18:50:41.054Z, 890.6748064, 813.2187844000001
1701370241086, 2023-11-30T18:50:41.086Z, 893.1554487999999, 833.5044322
1701370241104, 2023-11-30T18:50:41.104Z, 893.6341017999999, 852.5919746000002
1701370241120, 2023-11-30T18:50:41.120Z, 892.1552232, 866.7001284
1701370241179, 2023-11-30T18:50:41.179Z, 889.9896048, 877.0264954
1701370241196, 2023-11-30T18:50:41.196Z, 886.4851087999999, 878.7845674
1701370241228, 2023-11-30T18:50:41.228Z, 875.3922724, 883.4279168
1701370241243, 2023-11-30T18:50:41.243Z, 874.026931, 888.8759056000001
1701370241257, 2023-11-30T18:50:41.257Z, 877.3795750000002, 894.8356834
1701370241305, 2023-11-30T18:50:41.305Z, 891.5272798, 900.5764984
1701370241319, 2023-11-30T18:50:41.319Z, 915.0686421999999, 906.5605137999999
1701370241350, 2023-11-30T18:50:41.350Z, 935.1317847999999, 907.6983115999999
1701370241365, 2023-11-30T18:50:41.365Z, 956.881033, 908.7981545999999
1701370241397, 2023-11-30T18:50:41.397Z, 964.2096717999999, 908.200842
1701370241449, 2023-11-30T18:50:41.449Z, 950.8821436000001, 906.6890209999999
1701370241491, 2023-11-30T18:50:41.491Z, 922.5874447999998, 904.8041043999999
1701370241505, 2023-11-30T18:50:41.505Z, 902.1884839999999, 904.6589608
1701370241526, 2023-11-30T18:50:41.526Z, 872.0261886000001, 903.8074094
1701370241552, 2023-11-30T18:50:41.552Z, 852.9035514, 903.7070826000001
1701370241571, 2023-11-30T18:50:41.571Z, 845.2431270000001, 904.6588568
1701370241615, 2023-11-30T18:50:41.615Z, 843.513048, 904.878349
1701370241631, 2023-11-30T18:50:41.631Z, 844.7715456, 904.5098190000001
1701370241661, 2023-11-30T18:50:41.661Z, 843.850245, 902.0565386000001
1701370241677, 2023-11-30T18:50:41.677Z, 843.9249908000002, 898.5276188
1701370241709, 2023-11-30T18:50:41.709Z, 852.2784778000001, 894.7091806000001
1701370241724, 2023-11-30T18:50:41.724Z, 860.4516651999999, 892.4995139999999
1701370241750, 2023-11-30T18:50:41.750Z, 870.7106848, 891.8940888
1701370241770, 2023-11-30T18:50:41.770Z, 885.0775408, 894.3649250000001
1701370241801, 2023-11-30T18:50:41.801Z, 907.0225264000001, 895.4911398
1701370241817, 2023-11-30T18:50:41.817Z, 918.1133331999999, 898.8544853999999
1701370241850, 2023-11-30T18:50:41.850Z, 929.1687572000001, 900.6426578
1701370241865, 2023-11-30T18:50:41.865Z, 938.1031563999999, 900.5204826000002
1701370242475, 2023-11-30T18:50:42.475Z, 923.1611894, 897.9520514
1701370242526, 2023-11-30T18:50:42.526Z, 895.2875996, 897.383606
1701370242552, 2023-11-30T18:50:42.552Z, 869.3586438, 894.5963752
1701370242567, 2023-11-30T18:50:42.567Z, 842.9695236, 892.580154
1701370242598, 2023-11-30T18:50:42.598Z, 857.9197252, 894.4220232
1701370242614, 2023-11-30T18:50:42.614Z, 870.4151284, 893.0676586000002
1701370242629, 2023-11-30T18:50:42.629Z, 902.4601477999998, 890.3490009999999
1701370242650, 2023-11-30T18:50:42.650Z, 923.8905021999999, 885.8883605999999
1701370242677, 2023-11-30T18:50:42.677Z, 953.1855679999999, 878.1080337999999
1701370242709, 2023-11-30T18:50:42.709Z, 931.4790595999999, 860.9319763999999
1701370242723, 2023-11-30T18:50:42.723Z, 958.8506506, 849.4655836
1701370242742, 2023-11-30T18:50:42.742Z, 945.8873746000002, 838.3468032000001
1701370242770, 2023-11-30T18:50:42.770Z, 964.4505161999999, 839.0074404000001
1701370242801, 2023-11-30T18:50:42.801Z, 955.8363590000001, 841.0817770000001
1701370242831, 2023-11-30T18:50:42.831Z, 942.5308468, 846.9104870000001
1701370242847, 2023-11-30T18:50:42.847Z, 902.3737668000001, 849.6009612
1701370242878, 2023-11-30T18:50:42.878Z, 885.9556186, 852.6136412
1701370242893, 2023-11-30T18:50:42.893Z, 849.5749079999999, 844.8718756000001
1701370242925, 2023-11-30T18:50:42.925Z, 832.7798544000001, 839.1702005999999
1701370242974, 2023-11-30T18:50:42.974Z, 827.8546348, 834.4683977999999
1701370242987, 2023-11-30T18:50:42.987Z, 825.6123486, 831.7062562000001
1701370243019, 2023-11-30T18:50:43.019Z, 817.9461824, 829.2043814000001
1701370243033, 2023-11-30T18:50:43.033Z, 844.4495735999999, 828.0487305999999
1701370243065, 2023-11-30T18:50:43.065Z, 849.6292162, 824.651226
1701370243081, 2023-11-30T18:50:43.081Z, 877.2864232, 822.1351023999999
1701370243101, 2023-11-30T18:50:43.101Z, 891.0775292000001, 818.3021948
1701370243128, 2023-11-30T18:50:43.128Z, 927.8982926000001, 817.4542217999999
1701370243159, 2023-11-30T18:50:43.159Z, 911.7022598, 816.4872356
1701370243174, 2023-11-30T18:50:43.174Z, 941.939583, 819.5213997999999
1701370243191, 2023-11-30T18:50:43.191Z, 924.855091, 823.499116
1701370243221, 2023-11-30T18:50:43.221Z, 939.8059796, 828.1561392
1701370243333, 2023-11-30T18:50:43.333Z, 902.712507, 828.9603887999999
1701370243443, 2023-11-30T18:50:43.443Z, 891.5414062000002, 824.9088945999999
1701370243475, 2023-11-30T18:50:43.475Z, 850.8824236, 818.3545578
1701370243490, 2023-11-30T18:50:43.490Z, 839.0466804, 810.6437456
1701370243523, 2023-11-30T18:50:43.523Z, 809.5980468, 802.2924105999999
1701370243536, 2023-11-30T18:50:43.536Z, 816.6525488, 795.1328831999999
1701370243741, 2023-11-30T18:50:43.741Z, 809.7465086, 773.8366156
1701370243756, 2023-11-30T18:50:43.756Z, 811.47999, 763.8179285999998
1701370243787, 2023-11-30T18:50:43.787Z, 807.921277, 763.2015756
1701370243802, 2023-11-30T18:50:43.802Z, 803.4594072, 767.3443675999999
1701370243819, 2023-11-30T18:50:43.819Z, 802.9097703999998, 766.463374
1701370243864, 2023-11-30T18:50:43.864Z, 810.2443998, 786.8588194
1701370243880, 2023-11-30T18:50:43.880Z, 816.2683734, 794.1745246
1701370243910, 2023-11-30T18:50:43.910Z, 822.5252408, 793.5060642000001
1701370243926, 2023-11-30T18:50:43.926Z, 865.8300686, 791.9623834
1701370243958, 2023-11-30T18:50:43.958Z, 881.4835439999999, 796.4214564
1701370243974, 2023-11-30T18:50:43.974Z, 912.1521986, 797.906788
1701370244431, 2023-11-30T18:50:44.431Z, 1013.7000367999999, 809.254238
1701370244451, 2023-11-30T18:50:44.451Z, 1120.3676722, 762.0499567999999
1701370244495, 2023-11-30T18:50:44.495Z, 1192.4798122, 687.0619122
1701370244508, 2023-11-30T18:50:44.508Z, 1293.1546196, 596.7133484
1701370244542, 2023-11-30T18:50:44.542Z, 1358.2624906, 456.14817359999995