1701369483925, 2023-11-30T18:38:03.925Z, 25.15734, 305.701472
1701369483952, 2023-11-30T18:38:03.952Z, 58.459158, 312.1528875
1701369483968, 2023-11-30T18:38:03.968Z, 101.35387066666665, 320.866074
1701369483983, 2023-11-30T18:38:03.983Z, 93.53003125, 319.594215
1701369484017, 2023-11-30T18:38:04.017Z, 79.9979238, 315.8483876
1701369484030, 2023-11-30T18:38:04.030Z, 75.1206426, 314.94260799999995
1701369484171, 2023-11-30T18:38:04.171Z, 61.250973, 303.56012580000004
1701369484201, 2023-11-30T18:38:04.201Z, 25.7441648, 274.7052448
1701369484357, 2023-11-30T18:38:04.357Z, 27.8199136, 261.97246759999996
1701369484527, 2023-11-30T18:38:04.527Z, 39.0602078, 215.92432740000004
1701369488518, 2023-11-30T18:38:08.518Z, 263.8541442, 181.88077619999999
1701369488566, 2023-11-30T18:38:08.566Z, 482.0178186, 156.29441839999998
1701369488582, 2023-11-30T18:38:08.582Z, 702.3484070000001, 146.17125419999996
1701369488661, 2023-11-30T18:38:08.661Z, 911.2918082, 116.22421179999999
1701369488677, 2023-11-30T18:38:08.677Z, 1116.1512956, 127.2363116
1701369488708, 2023-11-30T18:38:08.708Z, 1110.8019174, 127.25404600000002
1701369488740, 2023-11-30T18:38:08.740Z, 1111.0473654, 122.59497080000001
1701369488962, 2023-11-30T18:38:08.962Z, 1052.8258474, 135.09519799999998
1701369488977, 2023-11-30T18:38:08.977Z, 995.9716758000002, 145.7837178
1701369489007, 2023-11-30T18:38:09.007Z, 944.1682290000001, 147.705701
1701369489068, 2023-11-30T18:38:09.068Z, 897.2486183999999, 145.7299056
1701369489103, 2023-11-30T18:38:09.103Z, 846.8770984, 147.22652300000001
1701369489117, 2023-11-30T18:38:09.118Z, 857.436391, 128.11339800000002
1701369489147, 2023-11-30T18:38:09.147Z, 863.3970499999999, 119.87164
1701369489194, 2023-11-30T18:38:09.194Z, 868.8499036, 114.5025482
1701369489257, 2023-11-30T18:38:09.258Z, 1047.5917828, 141.4200702
1701369489304, 2023-11-30T18:38:09.304Z, 1221.1922114000001, 174.1874656
1701369489397, 2023-11-30T18:38:09.397Z, 1399.7440616, 206.804329
1701369489433, 2023-11-30T18:38:09.433Z, 1566.0068634, 253.18718900000005
1701369489479, 2023-11-30T18:38:09.479Z, 1736.9094107999997, 293.6112164
1701369489553, 2023-11-30T18:38:09.553Z, 1602.1391608, 318.85018260000004
1701369489600, 2023-11-30T18:38:09.600Z, 1470.4466034, 341.3382752
1701369489646, 2023-11-30T18:38:09.646Z, 1333.3036268, 362.9905752
1701369489709, 2023-11-30T18:38:09.709Z, 1217.7808724000001, 363.08864200000005
1701369489726, 2023-11-30T18:38:09.726Z, 1098.7920503999999, 370.3789824
1701369489757, 2023-11-30T18:38:09.757Z, 1109.1854331999998, 362.36655959999996
1701369489772, 2023-11-30T18:38:09.772Z, 1121.5313978, 352.802428
1701369489787, 2023-11-30T18:38:09.787Z, 1132.1232487999998, 345.816058
1701369489817, 2023-11-30T18:38:09.817Z, 1134.2934885999998, 342.8253334
1701369489914, 2023-11-30T18:38:09.914Z, 1148.5395044000002, 333.415001
1701369490196, 2023-11-30T18:38:10.196Z, 1206.5945508, 337.5411844
1701369490339, 2023-11-30T18:38:10.339Z, 1329.0131432, 324.1971522
1701369490383, 2023-11-30T18:38:10.383Z, 1455.5291000000002, 327.9506316
1701369490420, 2023-11-30T18:38:10.420Z, 1582.5456222, 325.2459208
1701369490459, 2023-11-30T18:38:10.459Z, 1696.3538128, 320.84427519999997
1701369490473, 2023-11-30T18:38:10.473Z, 1762.3978188, 305.83672559999997
1701369490520, 2023-11-30T18:38:10.520Z, 1766.8182626000003, 312.6986132
1701369490552, 2023-11-30T18:38:10.552Z, 1639.4040658, 317.5239142
1701369490584, 2023-11-30T18:38:10.584Z, 1508.2703288, 329.72058
1701369490628, 2023-11-30T18:38:10.628Z, 1376.8324984, 347.1592232
1701369490676, 2023-11-30T18:38:10.676Z, 1245.6722834, 365.77418720000003
1701369490718, 2023-11-30T18:38:10.718Z, 1114.9394379999999, 383.40999180000006
1701369490815, 2023-11-30T18:38:10.815Z, 1110.6758462000003, 380.0666778
1701369490829, 2023-11-30T18:38:10.830Z, 1112.5417330000002, 376.1761974
1701369490954, 2023-11-30T18:38:10.954Z, 1120.1728742, 367.96626779999997
1701369490969, 2023-11-30T18:38:10.970Z, 1127.2031206, 357.0095508
1701369491002, 2023-11-30T18:38:11.002Z, 1129.9125518, 343.6449956
1701369491035, 2023-11-30T18:38:11.035Z, 1133.4691624000002, 337.7352304
1701369491079, 2023-11-30T18:38:11.079Z, 1134.1771536, 332.743424
1701369491095, 2023-11-30T18:38:11.095Z, 1128.6850582000002, 332.6628882
1701369491128, 2023-11-30T18:38:11.128Z, 1123.4756080000002, 336.8316212
1701369491144, 2023-11-30T18:38:11.144Z, 1120.9500844000002, 338.03597279999997
1701369491191, 2023-11-30T18:38:11.191Z, 1117.4844560000001, 338.95968400000004
1701369491222, 2023-11-30T18:38:11.222Z, 1116.420474, 338.4602826
1701369491237, 2023-11-30T18:38:11.237Z, 1115.266263, 340.25520539999997
1701369491268, 2023-11-30T18:38:11.268Z, 1116.4740078, 336.8395534
1701369491284, 2023-11-30T18:38:11.284Z, 1116.335052, 334.2401546
1701369491507, 2023-11-30T18:38:11.507Z, 1188.6120594, 323.21634059999997
1701369491536, 2023-11-30T18:38:11.536Z, 1188.7998042000002, 313.5212336000001
1701369491552, 2023-11-30T18:38:11.552Z, 1213.1727344, 302.07257319999997
1701369491583, 2023-11-30T18:38:11.583Z, 1221.2359674000002, 296.0355396
1701369491599, 2023-11-30T18:38:11.599Z, 1222.7191858, 291.811534
1701369491621, 2023-11-30T18:38:11.621Z, 1154.4385798000003, 295.01101980000004
1701369491644, 2023-11-30T18:38:11.644Z, 1176.3234328, 296.70253660000003
1701369491662, 2023-11-30T18:38:11.662Z, 1169.7075739999998, 298.274887
1701369491988, 2023-11-30T18:38:11.988Z, 1211.7746974, 311.9314174
1701369492023, 2023-11-30T18:38:12.023Z, 1260.2393624000001, 332.5740028
1701369492068, 2023-11-30T18:38:12.068Z, 1309.3192144, 362.70042359999997
1701369492175, 2023-11-30T18:38:12.175Z, 1379.8633856, 391.2757578
1701369492409, 2023-11-30T18:38:12.409Z, 1303.5962418, 436.14438200000006
1701369492427, 2023-11-30T18:38:12.427Z, 1195.335326, 466.2093096
1701369492454, 2023-11-30T18:38:12.454Z, 1087.5219214, 487.694017
1701369492473, 2023-11-30T18:38:12.473Z, 976.6241827999999, 499.10670279999994
1701369492502, 2023-11-30T18:38:12.502Z, 823.3252763999999, 515.2277096
1701369492521, 2023-11-30T18:38:12.521Z, 821.3069626, 512.7293815999999
1701369492533, 2023-11-30T18:38:12.533Z, 820.1455126000001, 507.0218059999999
1701369492562, 2023-11-30T18:38:12.562Z, 820.1588404, 502.8679242
1701369492578, 2023-11-30T18:38:12.578Z, 829.2155133999998, 497.99495319999994
1701369492609, 2023-11-30T18:38:12.609Z, 846.2754431999999, 495.3093742
1701369492625, 2023-11-30T18:38:12.625Z, 864.1340028000001, 496.94839119999995
1701369492669, 2023-11-30T18:38:12.669Z, 897.5725398000001, 503.235816
1701369492703, 2023-11-30T18:38:12.703Z, 929.2089098, 506.9322676
1701369492719, 2023-11-30T18:38:12.719Z, 952.6885988000001, 510.3181925999999
1701369492751, 2023-11-30T18:38:12.751Z, 968.1549894, 512.512148
1701369492768, 2023-11-30T18:38:12.768Z, 982.5569702, 513.6498204
1701369492799, 2023-11-30T18:38:12.799Z, 983.9277474, 512.9919418
1701369492984, 2023-11-30T18:38:12.984Z, 997.9335183999999, 502.1573694
1701369493016, 2023-11-30T18:38:13.016Z, 1005.1880124000002, 489.82030199999997
1701369493033, 2023-11-30T18:38:13.033Z, 1012.7500383999999, 477.1678774
1701369493064, 2023-11-30T18:38:13.064Z, 1018.6056590000001, 469.8655756
1701369493080, 2023-11-30T18:38:13.080Z, 1022.0848688000002, 461.207748
1701369493299, 2023-11-30T18:38:13.299Z, 1051.5270688, 460.444623
1701369493329, 2023-11-30T18:38:13.329Z, 1074.8778496000002, 465.8570852
1701369493345, 2023-11-30T18:38:13.345Z, 1098.5251632000002, 470.06266079999995
1701369493376, 2023-11-30T18:38:13.376Z, 1119.3659646, 470.3471732
1701369493392, 2023-11-30T18:38:13.392Z, 1138.4534776, 471.3780034
1701369493419, 2023-11-30T18:38:13.419Z, 1119.8705432, 475.0034972
1701369493438, 2023-11-30T18:38:13.438Z, 1110.1549751999999, 476.88058920000003
1701369493469, 2023-11-30T18:38:13.469Z, 1100.7654596, 477.4335966
1701369493484, 2023-11-30T18:38:13.484Z, 1098.3187974, 475.16716299999996
1701369493516, 2023-11-30T18:38:13.516Z, 1097.7448725999998, 475.25790500000005
1701369493531, 2023-11-30T18:38:13.531Z, 1097.0952988, 476.40031579999993
1701369493567, 2023-11-30T18:38:13.567Z, 1094.4847018, 479.5535254
1701369493611, 2023-11-30T18:38:13.611Z, 1054.5571538, 489.6232992
1701369493626, 2023-11-30T18:38:13.626Z, 1011.8603744, 500.31617659999995
1701369493642, 2023-11-30T18:38:13.642Z, 969.8600002, 503.9074104
1701369493659, 2023-11-30T18:38:13.659Z, 930.0888197999999, 506.22909039999996
1701369493689, 2023-11-30T18:38:13.689Z, 899.3609474000001, 501.81123740000004
1701369494705, 2023-11-30T18:38:14.705Z, 725.3346988000001, 459.90675300000004
1701369494938, 2023-11-30T18:38:14.938Z, 591.338645, 398.71060719999997
1701369495331, 2023-11-30T18:38:15.331Z, 451.9374938000001, 376.92064899999997
1701369495371, 2023-11-30T18:38:15.371Z, 385.66138179999996, 379.2175326
1701369495410, 2023-11-30T18:38:15.410Z, 368.28466319999995, 393.318165
1701369495425, 2023-11-30T18:38:15.425Z, 509.0176014, 435.5577298
1701369495456, 2023-11-30T18:38:15.456Z, 639.0089824, 500.68142520000004
1701369495475, 2023-11-30T18:38:15.475Z, 774.4157234, 529.3478028000001
1701369495530, 2023-11-30T18:38:15.530Z, 837.0553401999999, 528.3501957999999
1701369495563, 2023-11-30T18:38:15.563Z, 848.472566, 517.699078
1701369495602, 2023-11-30T18:38:15.602Z, 880.1183360000001, 515.0492151999999
1701369495617, 2023-11-30T18:38:15.617Z, 882.9254274000001, 510.5160352
1701369495664, 2023-11-30T18:38:15.664Z, 875.3739018, 508.7804432
1701369495686, 2023-11-30T18:38:15.686Z, 871.5930046, 509.77986039999996
1701369495709, 2023-11-30T18:38:15.709Z, 871.5620636000001, 511.02690759999996
1701369495739, 2023-11-30T18:38:15.739Z, 874.072183, 508.69540960000006
1701369495770, 2023-11-30T18:38:15.770Z, 882.8901414, 504.7979181999999
1701369495786, 2023-11-30T18:38:15.786Z, 901.1940790000001, 499.42760280000005
1701369495820, 2023-11-30T18:38:15.820Z, 909.9765396, 502.83602140000005
1701369495865, 2023-11-30T18:38:15.865Z, 914.0815186, 506.3067669999999
1701369495895, 2023-11-30T18:38:15.895Z, 912.6377411999999, 509.541069
1701369495910, 2023-11-30T18:38:15.910Z, 903.4466517999999, 514.7487072
1701369495941, 2023-11-30T18:38:15.941Z, 891.0652264, 517.8036684
1701369495988, 2023-11-30T18:38:15.988Z, 882.6403393999999, 516.4737898000001
1701369496004, 2023-11-30T18:38:16.004Z, 873.5121504000001, 514.824207
1701369496034, 2023-11-30T18:38:16.034Z, 868.8528739999999, 510.2545512
1701369496050, 2023-11-30T18:38:16.050Z, 868.9515786, 500.4815348
1701369496081, 2023-11-30T18:38:16.081Z, 872.455012, 491.79161780000004
1701369496096, 2023-11-30T18:38:16.096Z, 874.1084962000001, 480.9315802
1701369496129, 2023-11-30T18:38:16.129Z, 874.9181302000001, 470.8910178
1701369496143, 2023-11-30T18:38:16.143Z, 875.4864496000002, 463.84935499999995
1701369496162, 2023-11-30T18:38:16.162Z, 872.0289462000001, 460.5906048
1701369496191, 2023-11-30T18:38:16.191Z, 868.3722335999998, 458.40771800000005
1701369496207, 2023-11-30T18:38:16.207Z, 868.3649518, 457.47611919999997
1701369496223, 2023-11-30T18:38:16.223Z, 870.9186548, 456.17782580000005
1701369496271, 2023-11-30T18:38:16.271Z, 879.4796144, 453.58363959999997
1701369496301, 2023-11-30T18:38:16.301Z, 894.3686948000001, 451.9066106
1701369496317, 2023-11-30T18:38:16.317Z, 908.4894792000001, 449.4643488
1701369496348, 2023-11-30T18:38:16.348Z, 920.7570130000001, 450.1568034
1701369496364, 2023-11-30T18:38:16.364Z, 932.0885093999999, 451.09412499999996
1701369496396, 2023-11-30T18:38:16.396Z, 937.0535551999999, 454.35419659999997
1701369496445, 2023-11-30T18:38:16.445Z, 937.8176778000001, 458.4468002
1701369496490, 2023-11-30T18:38:16.490Z, 946.0588878000001, 459.8198144
1701369496521, 2023-11-30T18:38:16.521Z, 956.8155897999999, 459.5914578
1701369496568, 2023-11-30T18:38:16.568Z, 964.1799416, 468.395514
1701369496614, 2023-11-30T18:38:16.614Z, 974.8734516000001, 467.6498954
1701369496662, 2023-11-30T18:38:16.662Z, 983.0409761999999, 469.4904782
1701369496908, 2023-11-30T18:38:16.908Z, 1011.6976744, 472.615813
1701369496926, 2023-11-30T18:38:16.926Z, 1029.3081066, 480.58934639999995
1701369496954, 2023-11-30T18:38:16.954Z, 1051.0038284, 479.87181439999995
1701369496971, 2023-11-30T18:38:16.971Z, 1073.166374, 482.60662599999995
1701369497383, 2023-11-30T18:38:17.383Z, 1066.0555632, 490.9797332
1701369497429, 2023-11-30T18:38:17.429Z, 1039.3883536, 495.1030402
1701369497442, 2023-11-30T18:38:17.442Z, 1026.1735078000002, 492.5484256
1701369497668, 2023-11-30T18:38:17.668Z, 1003.850152, 481.5678898
1701369497679, 2023-11-30T18:38:17.679Z, 977.5746940000001, 476.72308380000004
1701369497720, 2023-11-30T18:38:17.720Z, 981.9970102, 458.7466262
1701369497737, 2023-11-30T18:38:17.737Z, 978.6797522, 447.31278840000004
1701369497843, 2023-11-30T18:38:17.843Z, 968.2333524, 434.48156339999997
1701369497858, 2023-11-30T18:38:17.858Z, 962.7684313999998, 438.236099
1701369497872, 2023-11-30T18:38:17.872Z, 960.5273722, 440.2322414
1701369497901, 2023-11-30T18:38:17.901Z, 958.32258, 445.91682860000003
1701369497915, 2023-11-30T18:38:17.915Z, 959.8125825999999, 446.8771874
1701369498105, 2023-11-30T18:38:18.105Z, 965.5339978, 447.80660539999997
1701369498119, 2023-11-30T18:38:18.119Z, 989.2408513999999, 439.7368008
1701369498148, 2023-11-30T18:38:18.148Z, 1010.7310044, 433.1028274
1701369498195, 2023-11-30T18:38:18.195Z, 1033.1120945999999, 427.3638591999999
1701369498240, 2023-11-30T18:38:18.240Z, 1056.0997744000001, 432.330349
1701369498275, 2023-11-30T18:38:18.275Z, 1080.7353628, 436.7661516
1701369498304, 2023-11-30T18:38:18.304Z, 1093.4626514000001, 441.4786328
1701369498320, 2023-11-30T18:38:18.320Z, 1109.0482604000001, 444.6113114
1701369498353, 2023-11-30T18:38:18.353Z, 1126.4483486000004, 446.90956960000005
1701369498382, 2023-11-30T18:38:18.382Z, 1132.3493400000002, 443.2897812
1701369498397, 2023-11-30T18:38:18.397Z, 1117.5323834, 445.4703134
1701369498413, 2023-11-30T18:38:18.413Z, 1088.6692102000002, 448.22742940000006
1701369498429, 2023-11-30T18:38:18.429Z, 1051.2206144, 452.2148542
1701369498460, 2023-11-30T18:38:18.460Z, 984.3668206, 456.8226522
1701369498476, 2023-11-30T18:38:18.476Z, 926.1215361999999, 460.0383258
1701369498516, 2023-11-30T18:38:18.516Z, 885.1576423999999, 460.0137468
1701369498551, 2023-11-30T18:38:18.551Z, 854.5778528000001, 460.0749502
1701369498567, 2023-11-30T18:38:18.567Z, 817.0940634000001, 465.5127598
1701369498598, 2023-11-30T18:38:18.598Z, 813.7685475999999, 468.648726
1701369498614, 2023-11-30T18:38:18.614Z, 809.3838118000001, 471.0358528
1701369498645, 2023-11-30T18:38:18.645Z, 804.660191, 470.27713780000005
1701369498833, 2023-11-30T18:38:18.833Z, 808.5962619999999, 469.27678299999997
1701369498865, 2023-11-30T18:38:18.865Z, 812.3896622, 468.3311416
1701369498882, 2023-11-30T18:38:18.882Z, 809.1963749999999, 468.5387066
1701369498915, 2023-11-30T18:38:18.915Z, 809.6446952, 467.05558899999994
1701369498928, 2023-11-30T18:38:18.928Z, 809.0239282, 468.5994382
1701369499148, 2023-11-30T18:38:19.148Z, 811.9501032000001, 467.943358
1701369499179, 2023-11-30T18:38:19.179Z, 819.574913, 472.5073374
1701369499196, 2023-11-30T18:38:19.196Z, 830.3418165999999, 489.1080204
1701369499235, 2023-11-30T18:38:19.235Z, 838.0903378, 520.1872034
1701369499245, 2023-11-30T18:38:19.245Z, 845.908891, 552.713639
1701369499267, 2023-11-30T18:38:19.267Z, 845.0446915999999, 596.5538442
1701369499289, 2023-11-30T18:38:19.289Z, 852.8608972, 628.7707561999999
1701369499319, 2023-11-30T18:38:19.319Z, 856.9764902, 649.6307442
1701369499335, 2023-11-30T18:38:19.335Z, 862.8436153999999, 656.711423
1701369499367, 2023-11-30T18:38:19.367Z, 868.3099194, 662.5206836
1701369499382, 2023-11-30T18:38:19.382Z, 869.6722980000001, 661.3278124000001
1701369499417, 2023-11-30T18:38:19.417Z, 864.5894134, 665.3918518
1701369499460, 2023-11-30T18:38:19.460Z, 855.4189252, 673.8882144
1701369499473, 2023-11-30T18:38:19.473Z, 843.4948658, 684.8372534
1701369499495, 2023-11-30T18:38:19.495Z, 832.3718415999999, 695.8207704
1701369499520, 2023-11-30T18:38:19.520Z, 824.0667102000001, 705.6744094
1701369499539, 2023-11-30T18:38:19.539Z, 821.511124, 710.5768351999999
1701369499584, 2023-11-30T18:38:19.584Z, 824.1869564000001, 712.0254056
1701369499600, 2023-11-30T18:38:19.600Z, 833.6898022000001, 711.9729457999999
1701369499631, 2023-11-30T18:38:19.631Z, 837.0080691999999, 721.392998
1701369499645, 2023-11-30T18:38:19.645Z, 840.3904032, 728.6894996
1701369499677, 2023-11-30T18:38:19.677Z, 838.9890573999999, 738.8019526
1701369499694, 2023-11-30T18:38:19.694Z, 837.3554146, 748.4830254000001
1701369499716, 2023-11-30T18:38:19.716Z, 837.2331984, 756.8332832000001
1701369499740, 2023-11-30T18:38:19.740Z, 841.0433042000001, 755.9271216
1701369499771, 2023-11-30T18:38:19.771Z, 842.2333878, 757.7249634
1701369499787, 2023-11-30T18:38:19.787Z, 847.4170957999999, 757.8051418000001
1701369499808, 2023-11-30T18:38:19.808Z, 847.4399246, 759.8241326
1701369499833, 2023-11-30T18:38:19.833Z, 842.0575924000001, 763.3578602
1701369500035, 2023-11-30T18:38:20.035Z, 837.3790314, 782.1775284000001
1701369500050, 2023-11-30T18:38:20.050Z, 840.6546615999999, 796.3121852
1701369500083, 2023-11-30T18:38:20.083Z, 845.1870575999999, 803.7862046
1701369500096, 2023-11-30T18:38:20.096Z, 853.1200554000001, 805.131099
1701369500128, 2023-11-30T18:38:20.128Z, 853.4105372, 808.4030959999999
1701369500142, 2023-11-30T18:38:20.142Z, 855.0354245999999, 795.4824517999999
1701369500166, 2023-11-30T18:38:20.166Z, 849.7924300000001, 785.6736592
1701369500189, 2023-11-30T18:38:20.189Z, 845.6515784, 783.1783124
1701369500219, 2023-11-30T18:38:20.219Z, 839.800559, 785.9724502000001
1701369500234, 2023-11-30T18:38:20.234Z, 839.6933804, 788.3651355999999
1701369500266, 2023-11-30T18:38:20.266Z, 838.6351001999999, 792.1099824
1701369500281, 2023-11-30T18:38:20.281Z, 839.7146, 795.3157138
1701369500316, 2023-11-30T18:38:20.316Z, 834.5430555999999, 795.7692596
1701369500347, 2023-11-30T18:38:20.347Z, 831.674696, 792.5024473999999
1701369500375, 2023-11-30T18:38:20.375Z, 827.9925368, 786.941685
1701369500405, 2023-11-30T18:38:20.405Z, 824.7526364000001, 779.4684764
1701369500421, 2023-11-30T18:38:20.421Z, 818.750914, 770.2757146
1701369500438, 2023-11-30T18:38:20.438Z, 815.6773216, 760.305559
1701369500483, 2023-11-30T18:38:20.483Z, 811.9887912, 752.0501321999999
1701369500500, 2023-11-30T18:38:20.500Z, 808.0991142, 746.020097
1701369500530, 2023-11-30T18:38:20.530Z, 804.3719568, 741.6972548
1701369500545, 2023-11-30T18:38:20.545Z, 808.0044261999999, 736.6501678
1701369500577, 2023-11-30T18:38:20.577Z, 815.6613098, 734.7066619999999
1701369500592, 2023-11-30T18:38:20.592Z, 826.4810685999998, 733.2751068
1701369500950, 2023-11-30T18:38:20.950Z, 825.2904446, 727.0494404000001
1701369500980, 2023-11-30T18:38:20.980Z, 820.219976, 720.7822067999999
1701369500996, 2023-11-30T18:38:20.996Z, 810.1992064, 717.3365406
1701369501026, 2023-11-30T18:38:21.026Z, 799.676458, 710.1788948
1701369501043, 2023-11-30T18:38:21.043Z, 786.4238802, 702.5558848000001
1701369501066, 2023-11-30T18:38:21.066Z, 785.493701, 701.4355899999999
1701369501092, 2023-11-30T18:38:21.092Z, 788.9721092, 700.4562256
1701369501122, 2023-11-30T18:38:21.122Z, 792.6685191999999, 699.8391322
1701369501137, 2023-11-30T18:38:21.137Z, 795.5868014, 701.8636414
1701369501155, 2023-11-30T18:38:21.155Z, 799.2881059999999, 705.1519856
1701369501170, 2023-11-30T18:38:21.170Z, 803.0409669999999, 706.6693862
1701369501219, 2023-11-30T18:38:21.219Z, 806.6462100000001, 708.6512548000001
1701369501248, 2023-11-30T18:38:21.248Z, 811.7448546, 709.9461982
1701369501264, 2023-11-30T18:38:21.264Z, 815.4339154, 711.0589130000001
1701369501295, 2023-11-30T18:38:21.295Z, 817.3894164000001, 710.0627184
1701369501311, 2023-11-30T18:38:21.311Z, 818.413036, 709.3363792
1701369501345, 2023-11-30T18:38:21.345Z, 819.5560420000002, 707.3456956
1701369501393, 2023-11-30T18:38:21.393Z, 816.7387222, 706.6510780000001
1701369501406, 2023-11-30T18:38:21.406Z, 812.0113374, 707.2576036
1701369501437, 2023-11-30T18:38:21.437Z, 808.002782, 709.4749509999999
1701369501453, 2023-11-30T18:38:21.453Z, 804.9344648, 711.1841979999999
1701369501471, 2023-11-30T18:38:21.471Z, 797.3349598000001, 716.593065
1701369501500, 2023-11-30T18:38:21.500Z, 792.0633782000001, 722.0806872
1701369501666, 2023-11-30T18:38:21.666Z, 796.0074662000001, 721.4170546000001
1701369501707, 2023-11-30T18:38:21.707Z, 789.4130474, 725.0946446000002
1701369501723, 2023-11-30T18:38:21.723Z, 783.545572, 728.4608938
1701369501741, 2023-11-30T18:38:21.741Z, 782.4602275999999, 728.1467001999999
1701369501768, 2023-11-30T18:38:21.768Z, 779.5547514, 727.1921724000001
1701369501786, 2023-11-30T18:38:21.786Z, 768.2445650000001, 733.3013218
1701369501831, 2023-11-30T18:38:21.831Z, 767.1224976000001, 736.0329306
1701369501861, 2023-11-30T18:38:21.861Z, 763.7355273999999, 740.149283
1701369501877, 2023-11-30T18:38:21.877Z, 754.4138307999999, 745.1400858
1701369501892, 2023-11-30T18:38:21.892Z, 746.3007338, 749.8536954
1701369501924, 2023-11-30T18:38:21.924Z, 741.049297, 751.9778438000001
1701369501942, 2023-11-30T18:38:21.942Z, 737.5550852, 751.4632859999999
1701369502308, 2023-11-30T18:38:22.308Z, 749.9765912, 745.3598902000001
1701369502326, 2023-11-30T18:38:22.326Z, 759.7353102000001, 742.4526278000001
1701369502355, 2023-11-30T18:38:22.355Z, 769.5245224000001, 738.9525448
1701369502387, 2023-11-30T18:38:22.387Z, 777.7884306, 735.8320786
1701369502402, 2023-11-30T18:38:22.402Z, 784.8547775999999, 734.111856
1701369502567, 2023-11-30T18:38:22.567Z, 777.6038435999999, 733.4943022
1701369502606, 2023-11-30T18:38:22.606Z, 770.8045394, 733.0918436
1701369502620, 2023-11-30T18:38:22.620Z, 765.7304892, 733.1699886
1701369502652, 2023-11-30T18:38:22.652Z, 761.718966, 733.5526824
1701369502667, 2023-11-30T18:38:22.667Z, 758.3636884, 734.0525284
1701369502687, 2023-11-30T18:38:22.687Z, 754.80603, 738.6040854
1701369502746, 2023-11-30T18:38:22.746Z, 762.6800574000001, 738.6034298
1701369502761, 2023-11-30T18:38:22.761Z, 773.1590802000001, 738.1958154
1701369502777, 2023-11-30T18:38:22.777Z, 850.6164288, 771.3560972
1701369502964, 2023-11-30T18:38:22.964Z, 946.8523584000001, 805.798008
1701369502979, 2023-11-30T18:38:22.979Z, 1042.5535624, 837.3714718000001
1701369503074, 2023-11-30T18:38:23.074Z, 1145.0969022000002, 870.840242
1701369503091, 2023-11-30T18:38:23.091Z, 1243.8456578, 903.9101910000002