1701370352344, 2023-11-30T18:52:32.344Z, 71.51885, 662.217946
1701370352359, 2023-11-30T18:52:32.359Z, 67.722374, 672.2290985
1701370352389, 2023-11-30T18:52:32.389Z, 66.625213, 683.7392393333333
1701370352420, 2023-11-30T18:52:32.420Z, 66.0351085, 692.196796
1701370352437, 2023-11-30T18:52:32.437Z, 65.0914712, 697.2628011999999
1701370352469, 2023-11-30T18:52:32.469Z, 62.6536558, 710.2859186
1701370352485, 2023-11-30T18:52:32.485Z, 61.860058200000005, 719.5937736
1701370352516, 2023-11-30T18:52:32.516Z, 59.1445878, 725.5344768
1701370352531, 2023-11-30T18:52:32.531Z, 54.147673399999995, 732.8283886
1701370352546, 2023-11-30T18:52:32.546Z, 49.0940696, 741.5769464
1701370352560, 2023-11-30T18:52:32.560Z, 44.3806118, 748.9015348
1701370352605, 2023-11-30T18:52:32.605Z, 37.4997862, 760.9808696
1701370352640, 2023-11-30T18:52:32.640Z, 31.666862400000003, 772.0544108
1701370352654, 2023-11-30T18:52:32.654Z, 27.600637799999998, 779.7700496
1701370352686, 2023-11-30T18:52:32.686Z, 24.2149078, 786.098452
1701370352702, 2023-11-30T18:52:32.702Z, 21.0590828, 791.7893098000001
1701370352733, 2023-11-30T18:52:32.733Z, 20.2288566, 793.8103102000001
1701370352783, 2023-11-30T18:52:32.783Z, 23.230332600000004, 795.8393376
1701370352999, 2023-11-30T18:52:32.999Z, 32.7591412, 773.4820984
1701370353014, 2023-11-30T18:52:33.014Z, 49.1800754, 750.53856
1701370353051, 2023-11-30T18:52:33.051Z, 67.16549599999999, 727.6345825999999
1701370353232, 2023-11-30T18:52:33.232Z, 71.73331160000001, 706.2846768
1701370353312, 2023-11-30T18:52:33.312Z, 81.8102494, 696.0572735999999
1701370353326, 2023-11-30T18:52:33.326Z, 86.501046, 710.2764897999999
1701370353350, 2023-11-30T18:52:33.350Z, 83.1374988, 722.3007002
1701370353547, 2023-11-30T18:52:33.547Z, 63.858537999999996, 724.0161403999998
1701370353579, 2023-11-30T18:52:33.579Z, 64.5183582, 723.0405846
1701370353593, 2023-11-30T18:52:33.593Z, 76.26754580000001, 706.8039128
1701370353624, 2023-11-30T18:52:33.624Z, 80.9136536, 691.5402722
1701370353670, 2023-11-30T18:52:33.670Z, 82.6848528, 679.4115089999999
1701370353687, 2023-11-30T18:52:33.687Z, 115.75633359999999, 680.7891228
1701370353719, 2023-11-30T18:52:33.719Z, 136.8254702, 669.0499389999999
1701370353735, 2023-11-30T18:52:33.735Z, 152.4579614, 672.1337229999999
1701370353766, 2023-11-30T18:52:33.766Z, 224.1438132, 661.5805333999999
1701370353782, 2023-11-30T18:52:33.782Z, 398.0903542, 629.203269
1701370353799, 2023-11-30T18:52:33.799Z, 565.4267563999999, 581.8538126000001
1701370353814, 2023-11-30T18:52:33.814Z, 730.0609518, 542.499642
1701370353846, 2023-11-30T18:52:33.846Z, 883.7992106000002, 486.81720459999997
1701370353863, 2023-11-30T18:52:33.863Z, 987.9066604, 443.2873574
1701370353888, 2023-11-30T18:52:33.888Z, 994.6077601999999, 420.580079
1701370353907, 2023-11-30T18:52:33.907Z, 990.8531986, 410.1807559999999
1701370353948, 2023-11-30T18:52:33.948Z, 989.1995024, 406.5394356
1701370353982, 2023-11-30T18:52:33.982Z, 994.6240884000001, 410.6928752
1701370353999, 2023-11-30T18:52:33.999Z, 1025.2595176, 420.6303226
1701370354030, 2023-11-30T18:52:34.030Z, 1064.2853676, 433.0121924
1701370354047, 2023-11-30T18:52:34.047Z, 1103.1925582, 445.1038584
1701370354079, 2023-11-30T18:52:34.079Z, 1148.6365952, 455.02027580000004
1701370354124, 2023-11-30T18:52:34.124Z, 1198.787507, 461.308313
1701370354140, 2023-11-30T18:52:34.140Z, 1229.1151054, 459.669941
1701370354158, 2023-11-30T18:52:34.158Z, 1263.4279921999998, 456.16207240000006
1701370354187, 2023-11-30T18:52:34.187Z, 1298.7167452, 453.06770040000004
1701370354203, 2023-11-30T18:52:34.203Z, 1334.1771074, 456.28177159999996
1701370354223, 2023-11-30T18:52:34.223Z, 1355.9925947999998, 461.024313
1701370354250, 2023-11-30T18:52:34.250Z, 1369.4689214, 468.26504839999996
1701370354267, 2023-11-30T18:52:34.267Z, 1342.7022943999998, 466.05139840000004
1701370354298, 2023-11-30T18:52:34.298Z, 1310.7563355999998, 461.2530176
1701370354314, 2023-11-30T18:52:34.314Z, 1276.9294118, 450.13462820000007
1701370354347, 2023-11-30T18:52:34.347Z, 1238.7613286, 438.1868194
1701370354364, 2023-11-30T18:52:34.364Z, 1202.4332122, 426.28518679999996
1701370354399, 2023-11-30T18:52:34.399Z, 1193.7045154, 423.9306432
1701370354440, 2023-11-30T18:52:34.440Z, 1190.1816848, 420.27899180000003
1701370354455, 2023-11-30T18:52:34.455Z, 1187.6511228, 416.4077698
1701370354472, 2023-11-30T18:52:34.472Z, 1187.9573673999998, 412.3330264
1701370354488, 2023-11-30T18:52:34.488Z, 1189.200441, 408.053138
1701370354518, 2023-11-30T18:52:34.518Z, 1188.8426648, 400.9255998
1701370354565, 2023-11-30T18:52:34.565Z, 1186.0593486000002, 398.47755799999993
1701370354581, 2023-11-30T18:52:34.581Z, 1183.395462, 395.89287879999995
1701370354615, 2023-11-30T18:52:34.615Z, 1212.2175578000001, 402.621181
1701370354630, 2023-11-30T18:52:34.630Z, 1253.056851, 413.9514974
1701370354660, 2023-11-30T18:52:34.660Z, 1294.2678634, 429.74521960000004
1701370354675, 2023-11-30T18:52:34.675Z, 1337.4113272, 444.7752472
1701370354697, 2023-11-30T18:52:34.697Z, 1380.0147929999998, 461.44989100000004
1701370354722, 2023-11-30T18:52:34.722Z, 1373.8328411999998, 466.0201924
1701370354754, 2023-11-30T18:52:34.754Z, 1336.5222671999998, 462.765844
1701370354769, 2023-11-30T18:52:34.769Z, 1296.5406662, 457.6355926
1701370354786, 2023-11-30T18:52:34.786Z, 1252.1662104, 450.5141206
1701370354816, 2023-11-30T18:52:34.816Z, 1208.0417228, 442.28416960000004
1701370354862, 2023-11-30T18:52:34.862Z, 1181.450282, 434.1585862
1701370354879, 2023-11-30T18:52:34.879Z, 1172.5441096, 430.67223160000003
1701370354909, 2023-11-30T18:52:34.909Z, 1166.095343, 427.2948738
1701370354925, 2023-11-30T18:52:34.925Z, 1134.8807386, 418.3990624
1701370354940, 2023-11-30T18:52:34.940Z, 1086.309102, 402.98390200000006
1701370354974, 2023-11-30T18:52:34.974Z, 1035.6945586, 389.94279359999996
1701370355019, 2023-11-30T18:52:35.019Z, 976.7256756, 370.3188924
1701370355034, 2023-11-30T18:52:35.034Z, 918.6396996, 350.725691
1701370355066, 2023-11-30T18:52:35.066Z, 924.7318558, 340.7702302
1701370355081, 2023-11-30T18:52:35.081Z, 971.3489872, 337.91461599999997
1701370355114, 2023-11-30T18:52:35.114Z, 1043.9713212, 348.1399828
1701370355130, 2023-11-30T18:52:35.130Z, 1125.0705816, 362.5935108
1701370355169, 2023-11-30T18:52:35.169Z, 1208.047187, 381.9442662
1701370355181, 2023-11-30T18:52:35.181Z, 1249.7010374, 398.34017059999996
1701370355210, 2023-11-30T18:52:35.210Z, 1254.5665094, 417.53859299999993
1701370355224, 2023-11-30T18:52:35.224Z, 1232.1984318, 424.0353274
1701370355259, 2023-11-30T18:52:35.259Z, 1211.6838426, 430.29236720000006
1701370355319, 2023-11-30T18:52:35.319Z, 1187.709087, 428.75733879999996
1701370355334, 2023-11-30T18:52:35.334Z, 1168.3511318, 425.1318008
1701370355350, 2023-11-30T18:52:35.350Z, 1162.6302253999997, 417.6083942
1701370355389, 2023-11-30T18:52:35.389Z, 1159.8372798, 411.3413216
1701370355398, 2023-11-30T18:52:35.398Z, 1156.2008448000001, 406.90315819999995
1701370355429, 2023-11-30T18:52:35.429Z, 1153.058814, 406.06821460000003
1701370355478, 2023-11-30T18:52:35.478Z, 1151.3425724, 407.9684932
1701370355495, 2023-11-30T18:52:35.495Z, 1149.4007056, 410.5544692
1701370355516, 2023-11-30T18:52:35.516Z, 1188.3838144000001, 419.01450000000006
1701370355529, 2023-11-30T18:52:35.529Z, 1232.7019624, 429.3324138
1701370355559, 2023-11-30T18:52:35.559Z, 1281.0399439999999, 440.5808306
1701370355580, 2023-11-30T18:52:35.580Z, 1328.3740564, 452.0496784
1701370355602, 2023-11-30T18:52:35.602Z, 1374.8675668, 463.1304258
1701370355624, 2023-11-30T18:52:35.624Z, 1381.1248658, 466.9936576
1701370355654, 2023-11-30T18:52:35.654Z, 1382.2985046, 467.90405139999996
1701370355674, 2023-11-30T18:52:35.674Z, 1381.6649886, 464.8661684
1701370355702, 2023-11-30T18:52:35.702Z, 1383.0653632, 461.0312166
1701370355718, 2023-11-30T18:52:35.718Z, 1386.7511464000002, 459.058363
1701370355751, 2023-11-30T18:52:35.751Z, 1381.5347637999998, 457.3989648
1701370355778, 2023-11-30T18:52:35.778Z, 1346.9111514, 453.75317780000006
1701370355834, 2023-11-30T18:52:35.834Z, 1318.4032602, 452.04234280000003
1701370355853, 2023-11-30T18:52:35.853Z, 1335.7004118, 450.83988239999996
1701370355889, 2023-11-30T18:52:35.889Z, 1352.7529576, 449.29576080000004
1701370355921, 2023-11-30T18:52:35.921Z, 1377.8322204, 448.9129688
1701370355937, 2023-11-30T18:52:35.937Z, 1433.463758, 450.97893480000005
1701370355979, 2023-11-30T18:52:35.979Z, 1487.6750206000002, 456.23762800000003
1701370355985, 2023-11-30T18:52:35.985Z, 1531.9656206, 467.84437719999994
1701370356016, 2023-11-30T18:52:36.016Z, 1581.5043586, 477.75566180000004
1701370356037, 2023-11-30T18:52:36.037Z, 1631.2640748000001, 485.82795500000003
1701370356068, 2023-11-30T18:52:36.068Z, 1648.8235646, 487.238968
1701370356104, 2023-11-30T18:52:36.104Z, 1651.1917414, 484.30245279999997
1701370356123, 2023-11-30T18:52:36.123Z, 1613.742814, 475.9967522
1701370356203, 2023-11-30T18:52:36.203Z, 1563.6784968, 468.49043
1701370356213, 2023-11-30T18:52:36.213Z, 1511.1030138, 462.83626160000006
1701370356226, 2023-11-30T18:52:36.226Z, 1470.6380576, 472.65403960000003
1701370356244, 2023-11-30T18:52:36.244Z, 1439.4440556, 483.6777554
1701370356265, 2023-11-30T18:52:36.265Z, 1380.027219, 520.3034302
1701370356296, 2023-11-30T18:52:36.296Z, 1321.8964786000001, 560.7143032
1701370356303, 2023-11-30T18:52:36.303Z, 1266.5908857999998, 600.103955
1701370356336, 2023-11-30T18:52:36.336Z, 1228.8514567999998, 627.3676292
1701370356381, 2023-11-30T18:52:36.381Z, 1190.1919584, 659.2357741999999
1701370356396, 2023-11-30T18:52:36.396Z, 1182.5640154, 665.7011218
1701370356434, 2023-11-30T18:52:36.434Z, 1180.3887324, 668.9590766
1701370356442, 2023-11-30T18:52:36.442Z, 1178.182561, 671.5578232
1701370356472, 2023-11-30T18:52:36.472Z, 1178.1542374, 676.7607914
1701370356499, 2023-11-30T18:52:36.499Z, 1180.9470002, 675.32456
1701370356519, 2023-11-30T18:52:36.519Z, 1143.7361324, 661.869987
1701370356550, 2023-11-30T18:52:36.550Z, 1101.2881874, 646.2954162
1701370356568, 2023-11-30T18:52:36.568Z, 1053.0465140000001, 633.8905602
1701370356598, 2023-11-30T18:52:36.598Z, 1003.7543063999999, 620.7659332000001
1701370356614, 2023-11-30T18:52:36.614Z, 952.1099846000001, 610.7968912
1701370356654, 2023-11-30T18:52:36.654Z, 943.0815570000001, 612.1386974
1701370356697, 2023-11-30T18:52:36.697Z, 941.4503142, 616.0959662
1701370356712, 2023-11-30T18:52:36.712Z, 950.4357952, 622.0194538000001
1701370356744, 2023-11-30T18:52:36.744Z, 961.5508944000001, 630.2335814
1701370356772, 2023-11-30T18:52:36.772Z, 975.2309585999999, 636.5593096
1701370356821, 2023-11-30T18:52:36.821Z, 982.4181188, 641.4019972
1701370356852, 2023-11-30T18:52:36.852Z, 988.5344232, 644.6270169999999
1701370356868, 2023-11-30T18:52:36.868Z, 1034.1996998, 654.7810833999999
1701370356890, 2023-11-30T18:52:36.890Z, 1090.9933345999998, 667.7542350000001
1701370356916, 2023-11-30T18:52:36.916Z, 1149.2608458, 682.8981765999999
1701370356930, 2023-11-30T18:52:36.930Z, 1211.7390524000002, 698.6005666
1701370356964, 2023-11-30T18:52:36.964Z, 1274.9986814, 713.9263018
1701370356978, 2023-11-30T18:52:36.978Z, 1294.1124162, 717.8031856
1701370356994, 2023-11-30T18:52:36.994Z, 1296.4296227999998, 721.4189128
1701370357011, 2023-11-30T18:52:37.011Z, 1290.4970258, 723.1436322000001
1701370357042, 2023-11-30T18:52:37.042Z, 1265.155388, 722.1166926000001
1701370357057, 2023-11-30T18:52:37.057Z, 1216.7019575999998, 720.1198420000001
1701370357101, 2023-11-30T18:52:37.101Z, 1179.5891066, 720.7956182
1701370357137, 2023-11-30T18:52:37.137Z, 1136.6709438, 722.164819
1701370357155, 2023-11-30T18:52:37.155Z, 1095.2205738, 723.3959668
1701370357186, 2023-11-30T18:52:37.186Z, 1074.9678775999998, 727.9732005999999
1701370357203, 2023-11-30T18:52:37.203Z, 1075.5872414, 734.073348
1701370357234, 2023-11-30T18:52:37.234Z, 1063.1558592, 737.7990887999999
1701370357286, 2023-11-30T18:52:37.286Z, 1060.0091042, 738.0110917999999
1701370357294, 2023-11-30T18:52:37.294Z, 1060.3003672, 738.962106
1701370357310, 2023-11-30T18:52:37.310Z, 1053.4788992, 740.2216396000001
1701370357326, 2023-11-30T18:52:37.326Z, 1046.6366560000001, 741.5123878
1701370357356, 2023-11-30T18:52:37.356Z, 1043.3179786, 743.6637868
1701370357371, 2023-11-30T18:52:37.371Z, 1042.1107266, 745.5717306
1701370357398, 2023-11-30T18:52:37.398Z, 1041.5107137999998, 747.7300506
1701370357421, 2023-11-30T18:52:37.421Z, 1029.8736742, 744.4715462
1701370357450, 2023-11-30T18:52:37.450Z, 1000.2891325999999, 736.9634748
1701370357465, 2023-11-30T18:52:37.465Z, 957.3492297999999, 725.6000408
1701370357497, 2023-11-30T18:52:37.497Z, 913.3391614, 713.7504395999999
1701370357514, 2023-11-30T18:52:37.514Z, 868.7852952, 701.891202
1701370357551, 2023-11-30T18:52:37.551Z, 843.1947845999999, 691.2568896
1701370357593, 2023-11-30T18:52:37.593Z, 834.6561760000001, 684.9119256
1701370357608, 2023-11-30T18:52:37.608Z, 837.2852434, 681.5160239999999
1701370357623, 2023-11-30T18:52:37.623Z, 835.2599323999999, 685.549225
1701370357655, 2023-11-30T18:52:37.655Z, 826.3205688, 676.7769099999999
1701370357671, 2023-11-30T18:52:37.671Z, 812.8267468, 666.0143191999999
1701370357716, 2023-11-30T18:52:37.716Z, 809.5799114, 669.8615796
1701370357732, 2023-11-30T18:52:37.732Z, 822.742777, 677.1645678
1701370357764, 2023-11-30T18:52:37.764Z, 859.3980528, 682.5199718
1701370357779, 2023-11-30T18:52:37.779Z, 909.5957953999999, 702.1581982
1701370357795, 2023-11-30T18:52:37.795Z, 978.0235931999999, 730.2662886
1701370357811, 2023-11-30T18:52:37.811Z, 1035.0230814, 740.9894596
1701370357828, 2023-11-30T18:52:37.828Z, 1069.6695782, 747.1191787999999
1701370357865, 2023-11-30T18:52:37.865Z, 1035.1102958, 740.6122939999999
1701370357879, 2023-11-30T18:52:37.879Z, 993.1859462, 732.4942734
1701370357906, 2023-11-30T18:52:37.906Z, 939.8332742, 720.1602958
1701370357921, 2023-11-30T18:52:37.921Z, 885.2636392000001, 705.9915941999999
1701370357940, 2023-11-30T18:52:37.940Z, 835.2156906, 695.7277712
1701370357954, 2023-11-30T18:52:37.954Z, 835.2801394, 692.0506422000001
1701370357998, 2023-11-30T18:52:37.998Z, 835.757229, 691.1400586000001
1701370358032, 2023-11-30T18:52:38.032Z, 831.0087178, 691.3949872
1701370358048, 2023-11-30T18:52:38.048Z, 857.1544554, 700.8064138
1701370358063, 2023-11-30T18:52:38.063Z, 898.2216634, 709.634132
1701370358079, 2023-11-30T18:52:38.079Z, 957.4714621999999, 722.0679242
1701370358096, 2023-11-30T18:52:38.096Z, 1008.2641302, 729.5945936
1701370358110, 2023-11-30T18:52:38.110Z, 1075.081267, 739.9300672
1701370358126, 2023-11-30T18:52:38.126Z, 1117.188498, 746.225312
1701370358175, 2023-11-30T18:52:38.175Z, 1134.3273862, 746.0180344
1701370358190, 2023-11-30T18:52:38.190Z, 1123.4618292, 741.300288
1701370358221, 2023-11-30T18:52:38.221Z, 1118.1787254, 740.3820448
1701370358235, 2023-11-30T18:52:38.235Z, 1096.6522362, 736.555967
1701370358253, 2023-11-30T18:52:38.253Z, 1072.8334909999999, 732.2970022
1701370358283, 2023-11-30T18:52:38.283Z, 1060.8431578, 731.4306628
1701370358316, 2023-11-30T18:52:38.316Z, 1058.3065821999999, 731.943635
1701370358329, 2023-11-30T18:52:38.329Z, 1030.9330799999998, 724.4522650000001
1701370358345, 2023-11-30T18:52:38.345Z, 993.3059094, 715.1215540000001
1701370358361, 2023-11-30T18:52:38.361Z, 950.8815576000001, 705.5181752000001
1701370358394, 2023-11-30T18:52:38.394Z, 906.8442798, 695.9383174000001
1701370358412, 2023-11-30T18:52:38.412Z, 862.9967053999999, 686.8217934
1701370358450, 2023-11-30T18:52:38.450Z, 848.4886923999999, 683.1651114
1701370358488, 2023-11-30T18:52:38.488Z, 844.905781, 681.2061242000001
1701370358504, 2023-11-30T18:52:38.504Z, 846.7053675999999, 679.0865658
1701370358534, 2023-11-30T18:52:38.534Z, 849.7281746000001, 678.9720522
1701370358549, 2023-11-30T18:52:38.549Z, 853.033987, 677.9425432
1701370358661, 2023-11-30T18:52:38.661Z, 926.9150969999998, 702.658515
1701370358676, 2023-11-30T18:52:38.676Z, 1006.2669659999999, 719.61228
1701370358705, 2023-11-30T18:52:38.705Z, 1087.9977370000001, 738.3516176
1701370358720, 2023-11-30T18:52:38.720Z, 1173.0464908000001, 762.1952624
1701370358751, 2023-11-30T18:52:38.751Z, 1258.1416986, 785.2823472
1701370358766, 2023-11-30T18:52:38.766Z, 1270.9830778, 782.081599
1701370358798, 2023-11-30T18:52:38.798Z, 1272.0994803999997, 792.2040720000001
1701370358814, 2023-11-30T18:52:38.814Z, 1270.3742940000002, 800.5841688
1701370358852, 2023-11-30T18:52:38.852Z, 1271.1915678, 799.4903854
1701370358862, 2023-11-30T18:52:38.862Z, 1275.9517190000001, 795.8480271999999
1701370358900, 2023-11-30T18:52:38.900Z, 1283.0690728, 791.6991372
1701370358941, 2023-11-30T18:52:38.941Z, 1294.3405453999999, 778.2353407999999
1701370358957, 2023-11-30T18:52:38.957Z, 1304.5243476, 763.0451985999999
1701370358972, 2023-11-30T18:52:38.972Z, 1308.2626767999998, 744.9841136
1701370358988, 2023-11-30T18:52:38.988Z, 1307.4319264, 730.4582543999999
1701370359018, 2023-11-30T18:52:39.018Z, 1304.140447, 716.4742303999999
1701370359063, 2023-11-30T18:52:39.063Z, 1303.154448, 708.1647106
1701370359085, 2023-11-30T18:52:39.085Z, 1304.6764876, 706.2844206
1701370359112, 2023-11-30T18:52:39.112Z, 1307.2083034, 721.554967
1701370359127, 2023-11-30T18:52:39.127Z, 1298.4073844, 735.8323586
1701370359159, 2023-11-30T18:52:39.159Z, 1280.931857, 751.9513764000001
1701370359174, 2023-11-30T18:52:39.174Z, 1248.0423092, 766.8533775999999
1701370359198, 2023-11-30T18:52:39.198Z, 1204.3457384, 776.7003168
1701370359223, 2023-11-30T18:52:39.223Z, 1143.5550396, 772.2495408
1701370359253, 2023-11-30T18:52:39.253Z, 1080.7290908, 766.7092537999999
1701370359269, 2023-11-30T18:52:39.269Z, 1013.581372, 756.0144278
1701370359301, 2023-11-30T18:52:39.301Z, 961.3042579999999, 745.6831018
1701370359318, 2023-11-30T18:52:39.318Z, 918.4312895999999, 736.0614372
1701370359364, 2023-11-30T18:52:39.364Z, 899.9867476, 733.1747763999999
1701370359382, 2023-11-30T18:52:39.382Z, 908.2971658, 736.2355212
1701370359411, 2023-11-30T18:52:39.411Z, 926.9489047999999, 743.3927682000001
1701370359427, 2023-11-30T18:52:39.427Z, 975.4664442, 755.8255142
1701370359444, 2023-11-30T18:52:39.444Z, 1024.8077298, 768.8809314
1701370359475, 2023-11-30T18:52:39.475Z, 1074.1861074, 779.9092544
1701370359525, 2023-11-30T18:52:39.525Z, 1111.2562746, 788.1506357999999
1701370359537, 2023-11-30T18:52:39.537Z, 1151.4105204000002, 798.5015712
1701370359568, 2023-11-30T18:52:39.568Z, 1161.5368874, 802.7535646
1701370359584, 2023-11-30T18:52:39.584Z, 1168.2575121999998, 803.7861924
1701370359615, 2023-11-30T18:52:39.615Z, 1158.7119198, 788.6898708
1701370359630, 2023-11-30T18:52:39.630Z, 1147.1471884, 772.856366
1701370359649, 2023-11-30T18:52:39.649Z, 1125.652206, 753.0551032000001
1701370359677, 2023-11-30T18:52:39.677Z, 1093.3719264, 731.409201
1701370359694, 2023-11-30T18:52:39.694Z, 1047.1927406, 711.0977114
1701370359725, 2023-11-30T18:52:39.725Z, 1002.2703165999999, 703.50985
1701370359743, 2023-11-30T18:52:39.743Z, 957.8279398000001, 696.821831
1701370359758, 2023-11-30T18:52:39.758Z, 923.5646315999999, 692.3354410000001
1701370359797, 2023-11-30T18:52:39.797Z, 895.682753, 687.997092
1701370359837, 2023-11-30T18:52:39.837Z, 888.5417380000001, 685.3137386000001
1701370359851, 2023-11-30T18:52:39.851Z, 906.1635064, 685.9672976
1701370359882, 2023-11-30T18:52:39.882Z, 945.6009146, 687.8035355999999
1701370359898, 2023-11-30T18:52:39.898Z, 985.2997552, 689.206552
1701370359914, 2023-11-30T18:52:39.914Z, 1027.7761438000002, 692.3159516
1701370359929, 2023-11-30T18:52:39.929Z, 1063.6144558, 694.4084833999999
1701370359977, 2023-11-30T18:52:39.977Z, 1079.9599022, 695.9045132
1701370359992, 2023-11-30T18:52:39.992Z, 1077.912607, 696.7461168
1701370360008, 2023-11-30T18:52:40.008Z, 1077.3030162, 697.6448084
1701370360038, 2023-11-30T18:52:40.038Z, 1077.98805, 697.5051474
1701370360069, 2023-11-30T18:52:40.069Z, 1080.0914349999998, 697.5008286
1701370360070, 2023-11-30T18:52:40.070Z, 1084.0157138, 695.6034957999999
1701370360096, 2023-11-30T18:52:40.096Z, 1084.6916305999998, 692.185311
1701370360116, 2023-11-30T18:52:40.116Z, 1039.7248152, 676.2495826
1701370360147, 2023-11-30T18:52:40.147Z, 992.8927324, 659.7700514
1701370360163, 2023-11-30T18:52:40.163Z, 946.4927314, 644.1281274
1701370360194, 2023-11-30T18:52:40.194Z, 900.6908106000001, 630.1409668
1701370360210, 2023-11-30T18:52:40.210Z, 854.982934, 616.5780672
1701370360257, 2023-11-30T18:52:40.257Z, 853.298631, 617.6101295999999
1701370360291, 2023-11-30T18:52:40.291Z, 881.5527254000001, 627.2858572
1701370360305, 2023-11-30T18:52:40.305Z, 904.7553726, 634.6687118
1701370360325, 2023-11-30T18:52:40.325Z, 945.5565442000001, 646.1606888
1701370360352, 2023-11-30T18:52:40.352Z, 986.6143251999999, 658.2850056
1701370360368, 2023-11-30T18:52:40.368Z, 1026.6039548, 670.8865508000001
1701370360416, 2023-11-30T18:52:40.416Z, 1041.0959594, 679.6195608
1701370360430, 2023-11-30T18:52:40.430Z, 1060.3684774, 690.527067
1701370360460, 2023-11-30T18:52:40.460Z, 1061.7189156000002, 696.570464
1701370360492, 2023-11-30T18:52:40.492Z, 1063.0299592000001, 699.8533511999999
1701370360508, 2023-11-30T18:52:40.508Z, 1064.1784108000002, 701.3503097999999
1701370360523, 2023-11-30T18:52:40.523Z, 1063.6243784000003, 698.5334383999999
1701370360548, 2023-11-30T18:52:40.548Z, 1063.4614735999999, 695.13077
1701370360569, 2023-11-30T18:52:40.569Z, 1062.980773, 690.6970556
1701370360588, 2023-11-30T18:52:40.588Z, 1063.4314707999997, 688.6080172
1701370360603, 2023-11-30T18:52:40.603Z, 1065.158593, 686.6938635999999
1701370360616, 2023-11-30T18:52:40.616Z, 1066.0419729999999, 686.0809984
1701370360647, 2023-11-30T18:52:40.647Z, 1066.4077584000001, 686.2971906
1701370360663, 2023-11-30T18:52:40.663Z, 1066.610098, 688.1643168
1701370360699, 2023-11-30T18:52:40.699Z, 1066.2196882, 690.2993101999999
1701370360742, 2023-11-30T18:52:40.742Z, 1065.3124692000001, 692.2885355999999
1701370360757, 2023-11-30T18:52:40.757Z, 1064.4441834000002, 694.1842882000001
1701370360787, 2023-11-30T18:52:40.787Z, 1061.9631718, 696.291089
1701370360802, 2023-11-30T18:52:40.802Z, 1059.4092632, 697.49692
1701370360818, 2023-11-30T18:52:40.818Z, 1057.7711254, 697.6196560000001
1701370360866, 2023-11-30T18:52:40.866Z, 1066.6850977999998, 695.117024
1701370360881, 2023-11-30T18:52:40.881Z, 1076.53387, 692.319146
1701370360897, 2023-11-30T18:52:40.897Z, 1175.9328632000002, 726.6300401999999
1701370360913, 2023-11-30T18:52:40.913Z, 1275.6020216, 764.8681942000001
1701370360944, 2023-11-30T18:52:40.944Z, 1388.9839246, 807.233018
1701370360960, 2023-11-30T18:52:40.960Z, 1472.4481546, 845.1262641999999
1701370360975, 2023-11-30T18:52:40.975Z, 1551.206063, 881.7369996
1701370360997, 2023-11-30T18:52:40.997Z, 1492.0812475999999, 870.4973414
1701370361024, 2023-11-30T18:52:41.024Z, 1435.9131828, 853.1743354
1701370361056, 2023-11-30T18:52:41.056Z, 1369.8136252, 828.5184018
1701370361069, 2023-11-30T18:52:41.069Z, 1319.4433248, 813.7533538
1701370361099, 2023-11-30T18:52:41.099Z, 1267.6762466, 801.3975278
1701370361115, 2023-11-30T18:52:41.115Z, 1267.5886636, 799.6551661999999
1701370361162, 2023-11-30T18:52:41.162Z, 1264.8046823999998, 800.8540856
1701370361178, 2023-11-30T18:52:41.178Z, 1258.4237776, 805.9994039999999
1701370361193, 2023-11-30T18:52:41.193Z, 1257.1775309999998, 806.812801
1701370361223, 2023-11-30T18:52:41.223Z, 1296.5350168, 818.472724
1701370361239, 2023-11-30T18:52:41.239Z, 1343.1572113999998, 833.8482796000001
1701370361257, 2023-11-30T18:52:41.257Z, 1395.7646044, 849.5091468
1701370361271, 2023-11-30T18:52:41.271Z, 1447.9818454, 865.7720670000001
1701370361379, 2023-11-30T18:52:41.379Z, 1500.8735066, 886.2959621999998
1701370361411, 2023-11-30T18:52:41.411Z, 1481.856428, 892.4142754000001
1701370361426, 2023-11-30T18:52:41.426Z, 1473.1286771999999, 895.8951827999999