1714470021729, 2024-04-30T09:40:21.729Z, 0.651654, 613.913748
1714470021821, 2024-04-30T09:40:21.821Z, 67.345478, 625.8537140000001
1714470021837, 2024-04-30T09:40:21.837Z, 73.65795466666667, 628.386978
1714470021868, 2024-04-30T09:40:21.868Z, 71.958074, 627.40697125
1714470021996, 2024-04-30T09:40:21.996Z, 72.91128219999999, 643.8991066
1714470022044, 2024-04-30T09:40:22.044Z, 101.2056892, 659.4979988
1714470022090, 2024-04-30T09:40:22.090Z, 105.0117166, 669.7758222
1714470022123, 2024-04-30T09:40:22.123Z, 119.78348059999999, 675.6060434
1714470022138, 2024-04-30T09:40:22.138Z, 137.4013828, 683.6655448
1714470022153, 2024-04-30T09:40:22.153Z, 146.8122462, 677.70838
1714470022184, 2024-04-30T09:40:22.184Z, 150.158905, 667.0868916
1714470022200, 2024-04-30T09:40:22.200Z, 149.38107540000001, 655.0880988000001
1714470022314, 2024-04-30T09:40:22.314Z, 152.9505972, 676.8623862
1714470022480, 2024-04-30T09:40:22.480Z, 407.1079698, 568.3876202
1714470022730, 2024-04-30T09:40:22.730Z, 426.6495376, 598.551435
1714470023078, 2024-04-30T09:40:23.078Z, 400.5894948, 648.0346864
1714470023394, 2024-04-30T09:40:23.394Z, 438.2112846, 681.6019456
1714470023526, 2024-04-30T09:40:23.526Z, 425.30334519999997, 684.7069744
1714470023590, 2024-04-30T09:40:23.590Z, 268.481757, 752.090899
1714470023844, 2024-04-30T09:40:23.844Z, 296.98652519999996, 756.9063229999999
1714470023937, 2024-04-30T09:40:23.937Z, 369.8913192, 732.6820238
1714470024026, 2024-04-30T09:40:24.026Z, 375.7876738, 731.0299141999999
1714470024076, 2024-04-30T09:40:24.076Z, 438.39283779999994, 735.3656209999999
1714470024122, 2024-04-30T09:40:24.122Z, 384.6870312, 804.5016978
1714470024246, 2024-04-30T09:40:24.246Z, 426.51949279999997, 783.2557336
1714470024336, 2024-04-30T09:40:24.336Z, 410.3387444, 782.1811700000001
1714470024381, 2024-04-30T09:40:24.381Z, 401.427632, 776.3555054
1714470024430, 2024-04-30T09:40:24.430Z, 383.44806660000006, 765.4378502
1714470024444, 2024-04-30T09:40:24.444Z, 376.24820059999996, 755.2177949999999
1714470024486, 2024-04-30T09:40:24.486Z, 274.7833162, 741.3146623999999
1714470024785, 2024-04-30T09:40:24.785Z, 248.3403368, 726.9455225999999
1714470024830, 2024-04-30T09:40:24.830Z, 211.79397339999997, 714.0940232
1714470024846, 2024-04-30T09:40:24.846Z, 147.70548599999998, 693.1671958000001
1714470024874, 2024-04-30T09:40:24.874Z, 92.249596, 674.8198596000001
1714470024889, 2024-04-30T09:40:24.889Z, 115.915694, 682.4577545999999
1714470024921, 2024-04-30T09:40:24.921Z, 121.6478516, 681.6122266
1714470024968, 2024-04-30T09:40:24.968Z, 141.7985496, 676.1256288
1714470025100, 2024-04-30T09:40:25.100Z, 201.6436286, 697.0638542
1714470025145, 2024-04-30T09:40:25.145Z, 245.9614294, 712.5428472
1714470025195, 2024-04-30T09:40:25.195Z, 252.4289098, 724.8151495999999
1714470025251, 2024-04-30T09:40:25.251Z, 263.0073054, 738.5589096
1714470025282, 2024-04-30T09:40:25.282Z, 283.8033664, 740.6663624
1714470025297, 2024-04-30T09:40:25.297Z, 289.97603519999996, 724.3069186
1714470025329, 2024-04-30T09:40:25.329Z, 300.5229574, 712.7396014
1714470025345, 2024-04-30T09:40:25.345Z, 320.42771200000004, 692.3195189999999
1714470025416, 2024-04-30T09:40:25.416Z, 318.17543820000003, 676.9601691999999
1714470025462, 2024-04-30T09:40:25.462Z, 298.7340076, 681.9492809999999
1714470025560, 2024-04-30T09:40:25.560Z, 309.32781380000006, 687.2640167999999
1714470025608, 2024-04-30T09:40:25.608Z, 318.9560794, 695.5925203999999
1714470025655, 2024-04-30T09:40:25.655Z, 331.6677642, 700.2134675999998
1714470025702, 2024-04-30T09:40:25.702Z, 356.5119902, 699.2855046
1714470025733, 2024-04-30T09:40:25.733Z, 385.81112160000004, 688.657475
1714470025780, 2024-04-30T09:40:25.780Z, 389.3807672, 676.6000821999999
1714470025796, 2024-04-30T09:40:25.796Z, 395.668832, 658.6083186
1714470025822, 2024-04-30T09:40:25.822Z, 390.270407, 639.7779210000001
1714470025857, 2024-04-30T09:40:25.857Z, 388.96218839999995, 624.5963576
1714470025873, 2024-04-30T09:40:25.873Z, 384.63431099999997, 611.7346066
1714470025889, 2024-04-30T09:40:25.889Z, 376.6225594, 597.43049
1714470025937, 2024-04-30T09:40:25.937Z, 373.19916780000005, 583.9234286
1714470026003, 2024-04-30T09:40:26.003Z, 378.2780194, 577.2995394000001
1714470026018, 2024-04-30T09:40:26.018Z, 382.8157646000001, 573.038721
1714470026063, 2024-04-30T09:40:26.063Z, 390.9417356, 566.9008620000001
1714470026137, 2024-04-30T09:40:26.137Z, 344.5668999999999, 544.8608746000001
1714470026152, 2024-04-30T09:40:26.152Z, 313.1236686, 521.6839051999999
1714470026182, 2024-04-30T09:40:26.182Z, 316.679959, 505.68253000000004
1714470026247, 2024-04-30T09:40:26.247Z, 325.0213088, 498.88041780000003
1714470026273, 2024-04-30T09:40:26.273Z, 338.7980078, 500.95470240000003
1714470026287, 2024-04-30T09:40:26.287Z, 412.4947776, 523.7918674
1714470026370, 2024-04-30T09:40:26.370Z, 450.5054416, 547.0726219999999
1714470026427, 2024-04-30T09:40:26.427Z, 452.18530380000004, 535.0527420000001
1714470026454, 2024-04-30T09:40:26.454Z, 435.50610340000003, 504.79065599999996
1714470026514, 2024-04-30T09:40:26.514Z, 407.69917860000004, 467.9379492
1714470026545, 2024-04-30T09:40:26.545Z, 372.747779, 430.8078514
1714470026589, 2024-04-30T09:40:26.589Z, 361.7628018, 414.31114020000007
1714470026634, 2024-04-30T09:40:26.634Z, 354.8538172, 429.9420394
1714470026679, 2024-04-30T09:40:26.679Z, 362.16851579999997, 457.09110599999997
1714470026727, 2024-04-30T09:40:26.727Z, 368.6483568, 487.61824480000007
1714470026770, 2024-04-30T09:40:26.770Z, 375.1397856, 514.2319632000001
1714470026784, 2024-04-30T09:40:26.784Z, 374.44981459999997, 521.3157282
1714470026814, 2024-04-30T09:40:26.814Z, 396.8443124, 521.8405288
1714470026829, 2024-04-30T09:40:26.829Z, 414.195167, 521.4237472000001
1714470026885, 2024-04-30T09:40:26.885Z, 414.2525594, 527.8367352
1714470026905, 2024-04-30T09:40:26.905Z, 395.65631799999994, 547.5234434
1714470026920, 2024-04-30T09:40:26.920Z, 372.15825, 576.4972892
1714470026949, 2024-04-30T09:40:26.949Z, 329.7378768, 602.4497404
1714470026964, 2024-04-30T09:40:26.964Z, 289.0597082, 629.1276169999999
1714470026995, 2024-04-30T09:40:26.995Z, 255.65034599999998, 648.2163858
1714470027042, 2024-04-30T09:40:27.042Z, 238.6818672, 656.6130918
1714470027057, 2024-04-30T09:40:27.057Z, 223.3647548, 649.6897152
1714470027089, 2024-04-30T09:40:27.089Z, 204.8202526, 647.7319908000001
1714470027104, 2024-04-30T09:40:27.104Z, 188.0404682, 642.9792798000001
1714470027134, 2024-04-30T09:40:27.134Z, 182.15220979999998, 635.2956678
1714470027151, 2024-04-30T09:40:27.151Z, 181.91123159999998, 629.644883
1714470027173, 2024-04-30T09:40:27.173Z, 193.25914319999998, 633.5683618
1714470027190, 2024-04-30T09:40:27.190Z, 200.26741900000002, 634.241316
1714470027229, 2024-04-30T09:40:27.229Z, 206.01630500000002, 635.5010242
1714470027244, 2024-04-30T09:40:27.244Z, 221.95089620000005, 644.4373372
1714470027276, 2024-04-30T09:40:27.276Z, 226.6930922, 648.0947796
1714470027291, 2024-04-30T09:40:27.291Z, 225.1511544, 649.5055062
1714470027323, 2024-04-30T09:40:27.323Z, 227.88229220000002, 653.7655068
1714470027354, 2024-04-30T09:40:27.354Z, 222.24214, 653.4185122000001
1714470027370, 2024-04-30T09:40:27.370Z, 208.85280780000002, 647.2387498
1714470027401, 2024-04-30T09:40:27.401Z, 198.7795124, 642.7631349999999
1714470027417, 2024-04-30T09:40:27.417Z, 189.1332778, 637.6677726
1714470027447, 2024-04-30T09:40:27.447Z, 175.19621479999998, 630.4351672
1714470027486, 2024-04-30T09:40:27.486Z, 162.50900380000002, 624.9274012
1714470027502, 2024-04-30T09:40:27.502Z, 143.5915664, 615.5361482
1714470027531, 2024-04-30T09:40:27.531Z, 133.98751339999998, 607.1425836
1714470027546, 2024-04-30T09:40:27.546Z, 123.71179240000001, 599.4082676
1714470027576, 2024-04-30T09:40:27.576Z, 117.138163, 588.9633086
1714470027592, 2024-04-30T09:40:27.592Z, 125.08709180000001, 585.6676898
1714470027622, 2024-04-30T09:40:27.622Z, 143.1101026, 589.212847
1714470027639, 2024-04-30T09:40:27.639Z, 163.17256819999997, 597.1489668
1714470027666, 2024-04-30T09:40:27.666Z, 178.2922986, 602.3016890000001
1714470027681, 2024-04-30T09:40:27.681Z, 197.8415538, 611.6413188
1714470027725, 2024-04-30T09:40:27.725Z, 207.57085539999997, 616.8869902
1714470027740, 2024-04-30T09:40:27.740Z, 217.25709260000002, 621.4003253999999
1714470027772, 2024-04-30T09:40:27.772Z, 211.5665814, 620.6942856
1714470027802, 2024-04-30T09:40:27.802Z, 217.48752259999998, 617.150129
1714470027818, 2024-04-30T09:40:27.818Z, 220.68639560000003, 614.1045766
1714470027849, 2024-04-30T09:40:27.849Z, 226.5392832, 611.3169255999999
1714470027863, 2024-04-30T09:40:27.863Z, 234.6166372, 605.9046087999999
1714470027894, 2024-04-30T09:40:27.894Z, 246.80794619999998, 600.7758044
1714470027935, 2024-04-30T09:40:27.935Z, 243.64657860000003, 598.2899266000001
1714470027949, 2024-04-30T09:40:27.949Z, 243.32384000000002, 598.8319574
1714470027980, 2024-04-30T09:40:27.980Z, 245.29371139999998, 598.941156
1714470027995, 2024-04-30T09:40:27.995Z, 240.969763, 596.7343092
1714470028025, 2024-04-30T09:40:28.025Z, 247.84808400000003, 595.9645448
1714470028039, 2024-04-30T09:40:28.039Z, 262.4455618, 597.5166413999999
1714470028071, 2024-04-30T09:40:28.071Z, 275.62217100000004, 597.2123003999999
1714470028089, 2024-04-30T09:40:28.089Z, 292.5847816, 600.4034610000001
1714470028114, 2024-04-30T09:40:28.114Z, 312.7844798, 610.2458598000001
1714470028130, 2024-04-30T09:40:28.130Z, 326.5227394, 619.6928525999999
1714470028160, 2024-04-30T09:40:28.160Z, 339.3404345999999, 628.2579678
1714470028174, 2024-04-30T09:40:28.174Z, 351.936468, 634.4550454
1714470028221, 2024-04-30T09:40:28.221Z, 363.8422808, 635.8758666
1714470028252, 2024-04-30T09:40:28.252Z, 374.6103672, 631.3514258
1714470028268, 2024-04-30T09:40:28.268Z, 386.1199454, 627.6568214
1714470028299, 2024-04-30T09:40:28.299Z, 394.4641216, 623.088939
1714470028314, 2024-04-30T09:40:28.314Z, 401.492092, 615.7124558
1714470028346, 2024-04-30T09:40:28.346Z, 398.5008574, 607.0069062
1714470028385, 2024-04-30T09:40:28.385Z, 391.2473476, 597.5402076
1714470028400, 2024-04-30T09:40:28.400Z, 385.41190040000004, 589.4149924000001
1714470028430, 2024-04-30T09:40:28.430Z, 386.01332560000003, 596.959317
1714470028475, 2024-04-30T09:40:28.475Z, 385.4793694, 610.587221
1714470028521, 2024-04-30T09:40:28.521Z, 391.20136160000004, 621.1117542
1714470028534, 2024-04-30T09:40:28.534Z, 398.9959306, 632.9703566000001
1714470028565, 2024-04-30T09:40:28.565Z, 415.37612900000005, 637.6142886
1714470028580, 2024-04-30T09:40:28.580Z, 436.9284602000001, 629.8937491999999
1714470028610, 2024-04-30T09:40:28.610Z, 459.2568456, 620.3262689999999
1714470028625, 2024-04-30T09:40:28.625Z, 478.37861499999997, 616.5835509999999
1714470028671, 2024-04-30T09:40:28.671Z, 501.4843062, 618.2784308
1714470028703, 2024-04-30T09:40:28.703Z, 509.47606800000005, 624.3543884000001
1714470028750, 2024-04-30T09:40:28.750Z, 503.9909842, 624.6142538
1714470028765, 2024-04-30T09:40:28.765Z, 501.3338338, 619.1734692
1714470028795, 2024-04-30T09:40:28.795Z, 506.81564820000006, 615.9599340000001
1714470028835, 2024-04-30T09:40:28.835Z, 512.3115508, 606.6330326
1714470028850, 2024-04-30T09:40:28.850Z, 521.6805098, 599.954804
1714470028881, 2024-04-30T09:40:28.881Z, 532.8280224, 602.3296884000001
1714470028894, 2024-04-30T09:40:28.894Z, 542.2997414, 608.8493062
1714470028925, 2024-04-30T09:40:28.925Z, 546.0690266, 612.5544676
1714470028944, 2024-04-30T09:40:28.944Z, 546.7504992, 617.6716203999999
1714470028975, 2024-04-30T09:40:28.975Z, 550.5525439999999, 620.5099846
1714470028985, 2024-04-30T09:40:28.985Z, 557.9044546, 617.2639754
1714470029015, 2024-04-30T09:40:29.015Z, 570.9393102, 613.8251456
1714470029030, 2024-04-30T09:40:29.030Z, 585.9540718000001, 610.1857504000001
1714470029061, 2024-04-30T09:40:29.061Z, 595.5774800000002, 606.7940734
1714470029076, 2024-04-30T09:40:29.076Z, 597.0672326, 606.5092526000001
1714470029121, 2024-04-30T09:40:29.121Z, 592.5820878, 609.2760584
1714470029155, 2024-04-30T09:40:29.155Z, 576.2569036, 617.5374894
1714470029170, 2024-04-30T09:40:29.170Z, 555.4317454, 630.0448742
1714470029201, 2024-04-30T09:40:29.201Z, 537.511855, 643.8902266
1714470029216, 2024-04-30T09:40:29.216Z, 526.3834887999999, 654.5666702
1714470029247, 2024-04-30T09:40:29.247Z, 522.3944624, 662.3699942000001
1714470029290, 2024-04-30T09:40:29.290Z, 520.4216708, 663.4762404
1714470029304, 2024-04-30T09:40:29.304Z, 520.8928552, 661.0268508
1714470029332, 2024-04-30T09:40:29.332Z, 516.4002922, 658.589277
1714470029347, 2024-04-30T09:40:29.347Z, 511.4308134, 657.4949338
1714470029377, 2024-04-30T09:40:29.377Z, 505.2681398, 657.1215726
1714470029395, 2024-04-30T09:40:29.395Z, 500.7887124, 660.283256
1714470029422, 2024-04-30T09:40:29.422Z, 495.68493639999997, 663.9507062
1714470029436, 2024-04-30T09:40:29.436Z, 495.72713539999995, 666.4616282
1714470029466, 2024-04-30T09:40:29.466Z, 501.02789679999995, 667.2744227999999
1714470029482, 2024-04-30T09:40:29.482Z, 505.6956166, 667.6097900000001
1714470029514, 2024-04-30T09:40:29.514Z, 515.6710777999999, 662.8097972
1714470029529, 2024-04-30T09:40:29.529Z, 525.5450308, 658.5183784000001
1714470029544, 2024-04-30T09:40:29.544Z, 531.0758636, 655.5180602
1714470029573, 2024-04-30T09:40:29.573Z, 530.695846, 653.5954276
1714470029602, 2024-04-30T09:40:29.602Z, 531.6402648, 652.4060346
1714470029617, 2024-04-30T09:40:29.617Z, 527.001407, 657.1028382000001
1714470029647, 2024-04-30T09:40:29.647Z, 523.972275, 661.1760172
1714470029662, 2024-04-30T09:40:29.662Z, 527.591789, 664.0249052
1714470029673, 2024-04-30T09:40:29.673Z, 531.918118, 666.1990355999999
1714470029694, 2024-04-30T09:40:29.694Z, 535.2539393999999, 667.789859
1714470029737, 2024-04-30T09:40:29.737Z, 542.1356378, 666.5229057999999
1714470029763, 2024-04-30T09:40:29.763Z, 546.8892116, 665.6110981999998
1714470029794, 2024-04-30T09:40:29.794Z, 555.2064473999999, 664.0305539999999
1714470029809, 2024-04-30T09:40:29.809Z, 566.4298706, 663.9893432000001
1714470029827, 2024-04-30T09:40:29.827Z, 577.9877086, 663.9420126
1714470029842, 2024-04-30T09:40:29.842Z, 586.9143766000001, 665.044799
1714470029873, 2024-04-30T09:40:29.873Z, 597.9800010000001, 666.626739
1714470029888, 2024-04-30T09:40:29.888Z, 602.3350272, 668.2491396
1714470029919, 2024-04-30T09:40:29.919Z, 603.3174032, 669.1159034
1714470029934, 2024-04-30T09:40:29.934Z, 607.1061236, 668.1296218
1714470029965, 2024-04-30T09:40:29.965Z, 612.5924352, 666.0126244
1714470029981, 2024-04-30T09:40:29.981Z, 614.512423, 663.2789816000001
1714470030023, 2024-04-30T09:40:30.023Z, 611.5903158, 667.0277120000001
1714470030052, 2024-04-30T09:40:30.052Z, 609.1578655999999, 670.779182
1714470030067, 2024-04-30T09:40:30.067Z, 533.8173756, 687.7362408000001
1714470030099, 2024-04-30T09:40:30.099Z, 431.51443979999993, 710.326785
1714470030122, 2024-04-30T09:40:30.122Z, 334.0151462, 735.7851952
1714470030153, 2024-04-30T09:40:30.153Z, 241.1544766, 753.7522923999999
1714470030200, 2024-04-30T09:40:30.200Z, 151.2745078, 776.3424246
1714470030215, 2024-04-30T09:40:30.215Z, 131.305152, 787.4988097999999
1714470030231, 2024-04-30T09:40:30.231Z, 140.326941, 788.6208612
1714470030247, 2024-04-30T09:40:30.247Z, 146.5474422, 785.7586596
1714470030277, 2024-04-30T09:40:30.277Z, 155.32703840000002, 784.4870791999999
1714470030295, 2024-04-30T09:40:30.295Z, 161.5527176, 778.5837131999999
1714470030321, 2024-04-30T09:40:30.321Z, 169.16315219999998, 773.4871626
1714470030335, 2024-04-30T09:40:30.335Z, 178.4755444, 778.9495422
1714470030364, 2024-04-30T09:40:30.364Z, 184.1635286, 784.0644432
1714470030380, 2024-04-30T09:40:30.380Z, 184.6919236, 785.888952
1714470030414, 2024-04-30T09:40:30.414Z, 181.0129866, 785.8601138
1714470030425, 2024-04-30T09:40:30.425Z, 178.45207620000002, 788.5886342
1714470030471, 2024-04-30T09:40:30.471Z, 173.50191039999999, 788.4985992
1714470030500, 2024-04-30T09:40:30.500Z, 172.842944, 789.1893314
1714470030515, 2024-04-30T09:40:30.515Z, 173.7037726, 788.5512236000001
1714470030546, 2024-04-30T09:40:30.546Z, 172.6480082, 790.3829298
1714470030560, 2024-04-30T09:40:30.560Z, 169.1189378, 788.8400300000001
1714470030595, 2024-04-30T09:40:30.595Z, 162.67540079999998, 785.1845375999999
1714470030639, 2024-04-30T09:40:30.639Z, 158.82522519999998, 782.8425996
1714470030653, 2024-04-30T09:40:30.653Z, 160.1345686, 786.0350381999999
1714470030684, 2024-04-30T09:40:30.684Z, 170.19253199999997, 788.6612499999999
1714470030700, 2024-04-30T09:40:30.700Z, 179.9759354, 790.6268121999999
1714470030731, 2024-04-30T09:40:30.731Z, 188.0598478, 791.9965618
1714470030746, 2024-04-30T09:40:30.746Z, 187.8596822, 792.5988426
1714470030771, 2024-04-30T09:40:30.771Z, 186.222885, 792.7894217999999
1714470030785, 2024-04-30T09:40:30.785Z, 180.1161308, 794.010906
1714470030815, 2024-04-30T09:40:30.815Z, 173.8620542, 796.1967394
1714470030830, 2024-04-30T09:40:30.830Z, 170.25775259999998, 798.314316
1714470030860, 2024-04-30T09:40:30.860Z, 171.478001, 799.982568
1714470030875, 2024-04-30T09:40:30.875Z, 171.5894808, 801.0974828000001
1714470030921, 2024-04-30T09:40:30.921Z, 186.593746, 806.622991
1714470030963, 2024-04-30T09:40:30.963Z, 200.136367, 779.2838171999999
1714470030994, 2024-04-30T09:40:30.994Z, 208.20688479999998, 705.6771648
1714470031580, 2024-04-30T09:40:31.580Z, 189.34325080000002, 645.8649847999999
1714470031851, 2024-04-30T09:40:31.851Z, 240.42538640000004, 585.9200108
1714470031896, 2024-04-30T09:40:31.896Z, 276.1094346, 526.1970957999999
1714470031941, 2024-04-30T09:40:31.941Z, 316.3203356, 497.7470766
1714470031987, 2024-04-30T09:40:31.987Z, 348.146816, 498.15830399999993
1714470032001, 2024-04-30T09:40:32.001Z, 396.9891408, 476.5061454
1714470032037, 2024-04-30T09:40:32.037Z, 373.57466439999996, 453.37497
1714470032053, 2024-04-30T09:40:32.053Z, 342.2752312, 417.2119068
1714470032089, 2024-04-30T09:40:32.089Z, 297.25399899999996, 376.3935246
1714470032105, 2024-04-30T09:40:32.105Z, 262.7596574, 352.0436406
1714470032123, 2024-04-30T09:40:32.123Z, 235.60803, 333.94911920000004
1714470032360, 2024-04-30T09:40:32.360Z, 180.07422839999998, 308.0992992
1714470032389, 2024-04-30T09:40:32.389Z, 133.2728098, 296.5820418
1714470032436, 2024-04-30T09:40:32.436Z, 97.2454618, 294.776987
1714470032450, 2024-04-30T09:40:32.450Z, 66.9909754, 295.1383886
1714470032480, 2024-04-30T09:40:32.480Z, 47.232049399999994, 297.8553842
1714470032495, 2024-04-30T09:40:32.495Z, 56.8303488, 310.4159062
1714470032525, 2024-04-30T09:40:32.525Z, 65.50197920000001, 320.11657080000003
1714470032545, 2024-04-30T09:40:32.545Z, 74.5513088, 325.7476754
1714470032585, 2024-04-30T09:40:32.585Z, 84.0117522, 332.7154476
1714470032630, 2024-04-30T09:40:32.630Z, 92.77566119999999, 338.25812740000003
1714470032661, 2024-04-30T09:40:32.661Z, 109.15835480000001, 343.3055122
1714470032675, 2024-04-30T09:40:32.675Z, 126.4143284, 343.9042702
1714470032721, 2024-04-30T09:40:32.721Z, 143.1346164, 340.22089780000005
1714470032753, 2024-04-30T09:40:32.753Z, 156.57756600000002, 333.2234748
1714470032768, 2024-04-30T09:40:32.768Z, 160.6448378, 325.66295699999995
1714470032798, 2024-04-30T09:40:32.798Z, 154.9696194, 320.4013222
1714470032814, 2024-04-30T09:40:32.814Z, 149.8939534, 315.64465499999994
1714470032845, 2024-04-30T09:40:32.845Z, 143.90660780000002, 311.7963484
1714470032885, 2024-04-30T09:40:32.885Z, 136.4128584, 303.25628079999996
1714470032906, 2024-04-30T09:40:32.906Z, 130.9056644, 297.5109778
1714470032931, 2024-04-30T09:40:32.931Z, 126.9327374, 289.597874
1714470032945, 2024-04-30T09:40:32.945Z, 123.3824122, 281.1562302
1714470032975, 2024-04-30T09:40:32.975Z, 121.59212400000001, 275.03584600000005
1714470032990, 2024-04-30T09:40:32.990Z, 120.7781964, 273.6770836
1714470033021, 2024-04-30T09:40:33.021Z, 120.1819248, 269.62039060000006
1714470033040, 2024-04-30T09:40:33.040Z, 120.930564, 266.3437658
1714470033065, 2024-04-30T09:40:33.065Z, 126.06610479999999, 268.9653458
1714470033080, 2024-04-30T09:40:33.080Z, 130.0980186, 272.988116
1714470033110, 2024-04-30T09:40:33.110Z, 133.3134384, 278.7910512
1714470033126, 2024-04-30T09:40:33.126Z, 135.31828180000002, 288.8020698
1714470033170, 2024-04-30T09:40:33.170Z, 136.25073519999998, 296.35936019999997
1714470033200, 2024-04-30T09:40:33.200Z, 133.0628686, 299.8860156
1714470033218, 2024-04-30T09:40:33.218Z, 126.32001840000001, 299.32731720000004
1714470033265, 2024-04-30T09:40:33.265Z, 117.77515220000001, 289.7958462
1714470033295, 2024-04-30T09:40:33.295Z, 110.18151660000001, 276.12696259999996
1714470033335, 2024-04-30T09:40:33.335Z, 104.45478599999998, 264.10323800000003
1714470033350, 2024-04-30T09:40:33.350Z, 93.37213220000001, 256.777531
1714470033380, 2024-04-30T09:40:33.380Z, 83.787596, 255.26363579999997
1714470033395, 2024-04-30T09:40:33.395Z, 76.2058342, 263.18704379999997
1714470033430, 2024-04-30T09:40:33.430Z, 68.3059734, 272.54136
1714470033446, 2024-04-30T09:40:33.446Z, 60.693246599999995, 281.24989220000003
1714470033477, 2024-04-30T09:40:33.477Z, 59.339193, 282.4216226
1714470033489, 2024-04-30T09:40:33.489Z, 62.3747172, 279.9830176
1714470033515, 2024-04-30T09:40:33.515Z, 80.6135846, 293.02965520000004
1714470033530, 2024-04-30T09:40:33.530Z, 97.441747, 306.685397
1714470033560, 2024-04-30T09:40:33.560Z, 106.24249320000001, 317.3611292
1714470033577, 2024-04-30T09:40:33.577Z, 112.26032860000001, 328.3027172
1714470033620, 2024-04-30T09:40:33.620Z, 112.23858419999999, 335.4233916
1714470033649, 2024-04-30T09:40:33.649Z, 98.8028272, 322.4647932
1714470033664, 2024-04-30T09:40:33.664Z, 86.54258440000001, 308.77693039999997
1714470033694, 2024-04-30T09:40:33.694Z, 80.4646058, 300.2089802
1714470033709, 2024-04-30T09:40:33.709Z, 75.757914, 293.0645166
1714470033739, 2024-04-30T09:40:33.739Z, 78.14303, 291.0179998
1714470033785, 2024-04-30T09:40:33.785Z, 80.83829800000001, 296.7999552
1714470033800, 2024-04-30T09:40:33.800Z, 83.5706016, 302.6274644
1714470033835, 2024-04-30T09:40:33.835Z, 85.97337480000002, 306.4542824
1714470033856, 2024-04-30T09:40:33.856Z, 84.75323840000001, 308.19196100000005
1714470033888, 2024-04-30T09:40:33.888Z, 76.84711879999999, 309.0032764
1714470033904, 2024-04-30T09:40:33.904Z, 68.90318239999999, 306.4851378
1714470035094, 2024-04-30T09:40:35.094Z, 394.78488619999996, 384.57225819999996
1714470035151, 2024-04-30T09:40:35.151Z, 732.7034658, 447.8101384
1714470035229, 2024-04-30T09:40:35.229Z, 1064.1705032, 571.8956074
1714470035449, 2024-04-30T09:40:35.449Z, 1397.9052987999999, 558.5316366
1714470035585, 2024-04-30T09:40:35.585Z, 1730.766211, 541.9950872
1714470035601, 2024-04-30T09:40:35.601Z, 1730.0016445999997, 444.6496804
1714470035693, 2024-04-30T09:40:35.693Z, 1692.3577123999999, 384.0424086
1714470035787, 2024-04-30T09:40:35.787Z, 1630.214026, 281.9527514
1714470035818, 2024-04-30T09:40:35.818Z, 1596.1021698, 305.1847196
1714470035903, 2024-04-30T09:40:35.903Z, 1557.3675289999999, 331.7294382
1714470036148, 2024-04-30T09:40:36.148Z, 1506.7420908, 369.09539759999996
1714470036184, 2024-04-30T09:40:36.184Z, 1473.4674882000002, 380.43349739999996
1714470036415, 2024-04-30T09:40:36.415Z, 1487.6321842000002, 393.5441876
1714470036727, 2024-04-30T09:40:36.727Z, 1444.1448196, 379.12795040000003
1714470036743, 2024-04-30T09:40:36.743Z, 1404.7219408, 363.65457519999995
1714470036800, 2024-04-30T09:40:36.800Z, 1380.6969411999999, 335.1565224
1714470036814, 2024-04-30T09:40:36.814Z, 1366.5407778000001, 311.00699339999994
1714470036859, 2024-04-30T09:40:36.859Z, 1332.2162142, 275.3022228
1714470036892, 2024-04-30T09:40:36.892Z, 1330.5993836, 279.33398900000003
1714470036934, 2024-04-30T09:40:36.934Z, 1329.5552022, 282.86311839999996
1714470036949, 2024-04-30T09:40:36.949Z, 1329.1737414, 288.56248739999995
1714470037070, 2024-04-30T09:40:37.070Z, 1324.1827832000001, 302.766164
1714470037115, 2024-04-30T09:40:37.115Z, 1338.8380948, 315.2094328
1714470037163, 2024-04-30T09:40:37.163Z, 1357.6640208000001, 321.9830662
1714470037179, 2024-04-30T09:40:37.179Z, 1377.9160776, 332.6266764
1714470037223, 2024-04-30T09:40:37.223Z, 1403.943844, 347.1747582
1714470037256, 2024-04-30T09:40:37.256Z, 1443.2712066, 364.71645580000006
1714470037389, 2024-04-30T09:40:37.389Z, 1302.2719624, 439.6144994
1714470037402, 2024-04-30T09:40:37.402Z, 1179.5742877999999, 419.8394466
1714470037448, 2024-04-30T09:40:37.448Z, 971.021168, 459.4820481999999
1714470037616, 2024-04-30T09:40:37.616Z, 686.0774575999999, 541.6466574
1714470037700, 2024-04-30T09:40:37.700Z, 435.61148940000004, 621.3002779999999
1714470037715, 2024-04-30T09:40:37.715Z, 352.8968868, 637.5610288
1714470037744, 2024-04-30T09:40:37.744Z, 232.67456320000002, 720.1481111999999
1714470037759, 2024-04-30T09:40:37.759Z, 196.84711679999998, 695.6215808000001
1714470037835, 2024-04-30T09:40:37.835Z, 227.6250306, 611.5005216000001
1714470037865, 2024-04-30T09:40:37.865Z, 240.48646739999998, 557.1761546
1714470037880, 2024-04-30T09:40:37.880Z, 252.08856300000002, 500.97985179999995
1714470037895, 2024-04-30T09:40:37.895Z, 298.05871160000004, 510.74361200000004
1714470037944, 2024-04-30T09:40:37.944Z, 355.5742756, 597.6818728000001
1714470038015, 2024-04-30T09:40:38.015Z, 360.1122808, 668.3443642
1714470038060, 2024-04-30T09:40:38.060Z, 377.5184916, 712.7070324
1714470038075, 2024-04-30T09:40:38.075Z, 396.1840436, 758.9416364000001
1714470038195, 2024-04-30T09:40:38.195Z, 427.26581939999994, 626.9484964000001
1714470038210, 2024-04-30T09:40:38.210Z, 473.1384352, 585.9957244
1714470038600, 2024-04-30T09:40:38.600Z, 651.7514052, 631.0300043999999
1714470038616, 2024-04-30T09:40:38.616Z, 792.9769804, 663.1718477999999
1714470038663, 2024-04-30T09:40:38.663Z, 938.2447024, 697.6226538000001
1714470040086, 2024-04-30T09:40:40.086Z, 904.4387002, 861.2655058
1714470040107, 2024-04-30T09:40:40.107Z, 844.3422050000001, 900.8790923999999
1714470040130, 2024-04-30T09:40:40.130Z, 706.5456384000001, 882.0291476
1714470040176, 2024-04-30T09:40:40.176Z, 568.1230474, 863.8204652000001
1714470040221, 2024-04-30T09:40:40.221Z, 449.08044920000003, 847.7064336
1714470040330, 2024-04-30T09:40:40.330Z, 469.81447719999994, 859.8843358
1714470040822, 2024-04-30T09:40:40.822Z, 602.8995024, 869.6894915999999
1714470041814, 2024-04-30T09:40:41.814Z, 786.3552932, 824.9236508
1714470042082, 2024-04-30T09:40:42.082Z, 946.4768194000001, 845.5694802
1714470042204, 2024-04-30T09:40:42.204Z, 1024.085181, 847.2706988
1714470042234, 2024-04-30T09:40:42.234Z, 1091.6149678000002, 829.5566244000001
1714470042249, 2024-04-30T09:40:42.249Z, 1023.5106111999997, 808.4428368
1714470042265, 2024-04-30T09:40:42.265Z, 910.7426257999999, 846.3011993999999
1714470042340, 2024-04-30T09:40:42.340Z, 715.270092, 789.4783126
1714470042356, 2024-04-30T09:40:42.356Z, 585.7131780000001, 761.5190334
1714470042433, 2024-04-30T09:40:42.433Z, 473.1484632, 756.160174
1714470042449, 2024-04-30T09:40:42.449Z, 367.81214280000006, 770.4514736
1714470042471, 2024-04-30T09:40:42.471Z, 246.48694740000002, 744.7478342
1714470042520, 2024-04-30T09:40:42.520Z, 230.59814079999995, 736.3423108
1714470042561, 2024-04-30T09:40:42.561Z, 210.80556500000003, 712.7997882
1714470042576, 2024-04-30T09:40:42.576Z, 190.2590138, 676.0612082
1714470042627, 2024-04-30T09:40:42.627Z, 223.803262, 631.4206128
1714470042682, 2024-04-30T09:40:42.682Z, 267.0180432, 624.1569346
1714470042717, 2024-04-30T09:40:42.717Z, 310.858032, 628.927105
1714470042833, 2024-04-30T09:40:42.833Z, 495.6973522, 671.4043678
1714470042847, 2024-04-30T09:40:42.847Z, 668.0786402, 691.4848746
1714470042881, 2024-04-30T09:40:42.881Z, 801.7026653999999, 709.579874
1714470042895, 2024-04-30T09:40:42.895Z, 929.5846743999998, 719.4032916000001
1714470042928, 2024-04-30T09:40:42.928Z, 1058.2739582, 761.6750096
1714470042938, 2024-04-30T09:40:42.938Z, 1051.1485746000003, 759.1543466
1714470043014, 2024-04-30T09:40:43.014Z, 1050.6430166000002, 782.9708635999999
1714470043027, 2024-04-30T09:40:43.027Z, 1045.1604938, 800.6860988000001
1714470043077, 2024-04-30T09:40:43.077Z, 1066.3466510000003, 828.7075543999999
1714470043105, 2024-04-30T09:40:43.105Z, 1083.3329214, 822.0847041999999
1714470043120, 2024-04-30T09:40:43.120Z, 1089.220872, 821.2347895999999
1714470043151, 2024-04-30T09:40:43.151Z, 1104.5631056, 831.325757
1714470043167, 2024-04-30T09:40:43.167Z, 1113.0243294, 831.804067
1714470043700, 2024-04-30T09:40:43.700Z, 1120.5508112000002, 848.9708838
1714470044286, 2024-04-30T09:40:44.286Z, 1127.9329488, 839.3132982
1714470044331, 2024-04-30T09:40:44.331Z, 1121.4182174000002, 820.2298881999999
1714470044362, 2024-04-30T09:40:44.362Z, 1110.7566174, 786.422451
1714470044422, 2024-04-30T09:40:44.422Z, 1142.5878816, 788.3477752
1714470044948, 2024-04-30T09:40:44.948Z, 910.389288, 697.5646878
1714470045638, 2024-04-30T09:40:45.638Z, 923.6110044, 711.07876
1714470045665, 2024-04-30T09:40:45.666Z, 909.5373682, 756.7601624
1714470045682, 2024-04-30T09:40:45.682Z, 915.4368416000001, 789.6923972
1714470045714, 2024-04-30T09:40:45.714Z, 884.7399708, 798.7864797999999
1714470045728, 2024-04-30T09:40:45.728Z, 1126.3040066, 875.5158978
1714470045771, 2024-04-30T09:40:45.771Z, 1105.3109496, 884.9923902
1714470045800, 2024-04-30T09:40:45.800Z, 1144.8598384000002, 868.0142470000001
1714470045818, 2024-04-30T09:40:45.818Z, 1162.3025269999998, 857.2905549999999
1714470045848, 2024-04-30T09:40:45.848Z, 1185.2663836, 846.2222268000002
1714470045860, 2024-04-30T09:40:45.860Z, 1177.1426194, 838.134793
1714470045893, 2024-04-30T09:40:45.893Z, 1187.896757, 818.4566245999999
1714470045935, 2024-04-30T09:40:45.935Z, 1180.7837458, 804.2435025999999
1714470045954, 2024-04-30T09:40:45.954Z, 1177.0018741999997, 796.6407722
1714470045963, 2024-04-30T09:40:45.963Z, 1176.8903756, 786.0361146
1714470045980, 2024-04-30T09:40:45.980Z, 1173.4471104, 778.1945708000001
1714470045995, 2024-04-30T09:40:45.995Z, 1143.1036067999999, 773.6807566
1714470046009, 2024-04-30T09:40:46.009Z, 1132.8740124, 769.9729713999999
1714470046043, 2024-04-30T09:40:46.043Z, 1126.7627182, 767.4439608
1714470046073, 2024-04-30T09:40:46.073Z, 1126.1921998000003, 767.8698509999999
1714470046088, 2024-04-30T09:40:46.088Z, 1132.6835444, 766.8131346
1714470046120, 2024-04-30T09:40:46.120Z, 1167.9648464, 765.1651488
1714470046135, 2024-04-30T09:40:46.135Z, 1182.8886742, 763.0324712000001
1714470046151, 2024-04-30T09:40:46.151Z, 1189.9020601999998, 759.1843436000001
1714470046166, 2024-04-30T09:40:46.166Z, 1179.6227186, 762.0471603999999
1714470046221, 2024-04-30T09:40:46.221Z, 1178.1566897999999, 765.8976875999999
1714470046253, 2024-04-30T09:40:46.253Z, 1170.9683736, 770.8219988000001
1714470046265, 2024-04-30T09:40:46.265Z, 1176.136386, 772.4928056000001
1714470046281, 2024-04-30T09:40:46.281Z, 1182.1088602, 774.9075612
1714470046310, 2024-04-30T09:40:46.310Z, 1197.6234166, 773.1031691999999
1714470046342, 2024-04-30T09:40:46.342Z, 1202.9748586, 772.5134878000001
1714470046368, 2024-04-30T09:40:46.368Z, 1210.810473, 762.2658738
1714470046385, 2024-04-30T09:40:46.385Z, 1208.352587, 755.3510926
1714470046400, 2024-04-30T09:40:46.400Z, 1214.1668453999998, 752.2736116
1714470046412, 2024-04-30T09:40:46.412Z, 1219.9638129999998, 747.6378546000001
1714470046445, 2024-04-30T09:40:46.445Z, 1218.2632204, 750.1872372
1714470046494, 2024-04-30T09:40:46.494Z, 1210.8354764, 761.4990432000001
1714470046539, 2024-04-30T09:40:46.539Z, 1184.3377804, 775.3537272000001
1714470046554, 2024-04-30T09:40:46.554Z, 1145.129379, 785.5149240000001
1714470046586, 2024-04-30T09:40:46.586Z, 1123.3846306, 808.5254454
1714470046760, 2024-04-30T09:40:46.760Z, 1120.479804, 810.7473818
1714470046853, 2024-04-30T09:40:46.853Z, 1122.4455272, 813.5615792
1714470046865, 2024-04-30T09:40:46.865Z, 1137.8236466, 814.7561536
1714470046897, 2024-04-30T09:40:46.897Z, 1150.5134644, 819.014257
1714470046942, 2024-04-30T09:40:46.942Z, 1153.6875218, 829.5938718
1714470047074, 2024-04-30T09:40:47.074Z, 1137.0112874000001, 833.7467696
1714470047120, 2024-04-30T09:40:47.120Z, 1162.4813524, 832.7369081999999
1714470047149, 2024-04-30T09:40:47.149Z, 1201.9150172000002, 827.3717128000001
1714470047168, 2024-04-30T09:40:47.168Z, 1253.0125973999998, 820.239294
1714470047194, 2024-04-30T09:40:47.194Z, 1310.7846302, 796.0908489999999
1714470047209, 2024-04-30T09:40:47.209Z, 1375.4234953999999, 792.7597544
1714470047256, 2024-04-30T09:40:47.256Z, 1412.2249944, 799.7815442
1714470047287, 2024-04-30T09:40:47.287Z, 1438.985127, 804.4346124
1714470047301, 2024-04-30T09:40:47.301Z, 1463.2449572, 808.9912262
1714470047333, 2024-04-30T09:40:47.333Z, 1470.4457574, 804.6052366
1714470047349, 2024-04-30T09:40:47.349Z, 1478.2649396000002, 803.1038784
1714470047379, 2024-04-30T09:40:47.379Z, 1479.4606588000001, 806.2892806
1714470047395, 2024-04-30T09:40:47.395Z, 1482.4420016, 814.8423064
1714470047424, 2024-04-30T09:40:47.424Z, 1487.9757548000002, 821.5899956000001
1714470047444, 2024-04-30T09:40:47.444Z, 1494.6427724, 833.148467
1714470047473, 2024-04-30T09:40:47.473Z, 1502.4132892, 840.2869843999999
1714470047488, 2024-04-30T09:40:47.488Z, 1508.9693818, 842.0884232000001
1714470047505, 2024-04-30T09:40:47.505Z, 1513.9665937999998, 843.564595
1714470047520, 2024-04-30T09:40:47.520Z, 1512.7398535999998, 845.7134704
1714470047537, 2024-04-30T09:40:47.537Z, 1511.0087859999999, 848.647037