1714469664812, 2024-04-30T09:34:24.813Z, 422.500861, 571.243022
1714469664847, 2024-04-30T09:34:24.847Z, 409.244367, 569.5663535
1714469664897, 2024-04-30T09:34:24.897Z, 412.2005483333333, 563.8548649999999
1714469664942, 2024-04-30T09:34:24.942Z, 419.66803025, 555.115679
1714469664990, 2024-04-30T09:34:24.990Z, 437.88893079999997, 555.3510822000001
1714469665026, 2024-04-30T09:34:25.026Z, 452.1207864, 553.2796502
1714469665087, 2024-04-30T09:34:25.087Z, 466.26635000000005, 534.6396016
1714469665115, 2024-04-30T09:34:25.115Z, 474.801864, 519.0160076
1714469665131, 2024-04-30T09:34:25.131Z, 480.1721248, 507.79350839999995
1714469665161, 2024-04-30T09:34:25.161Z, 481.3746262000001, 486.7792098
1714469665207, 2024-04-30T09:34:25.207Z, 490.3297208, 465.2626064
1714469665247, 2024-04-30T09:34:25.247Z, 506.5087168, 462.47366299999993
1714469665292, 2024-04-30T09:34:25.292Z, 524.5759850000001, 459.9325175999999
1714469665337, 2024-04-30T09:34:25.337Z, 501.33312799999993, 476.99826240000004
1714469665428, 2024-04-30T09:34:25.428Z, 476.4712864, 507.2818754
1714469665473, 2024-04-30T09:34:25.473Z, 447.3552092000001, 540.7131722
1714469665549, 2024-04-30T09:34:25.549Z, 457.1466804, 620.918449
1714469665564, 2024-04-30T09:34:25.564Z, 470.0793987999999, 702.6052842
1714469665611, 2024-04-30T09:34:25.611Z, 526.5124616, 763.2495772
1714469665658, 2024-04-30T09:34:25.658Z, 576.4728776, 813.2166566
1714469665698, 2024-04-30T09:34:25.698Z, 626.8416348000001, 859.4221283999999
1714469665742, 2024-04-30T09:34:25.742Z, 607.9691762, 799.5475806
1714469665758, 2024-04-30T09:34:25.758Z, 599.3488264, 736.5724622
1714469665787, 2024-04-30T09:34:25.787Z, 591.3471682, 674.796245
1714469665803, 2024-04-30T09:34:25.803Z, 585.0597518000001, 614.8951422
1714469665833, 2024-04-30T09:34:25.833Z, 582.307494, 553.9214168000001
1714469665847, 2024-04-30T09:34:25.847Z, 605.5703324, 542.5557498000001
1714469665877, 2024-04-30T09:34:25.877Z, 613.656013, 531.072028
1714469665892, 2024-04-30T09:34:25.892Z, 585.6626358000001, 461.89381560000004
1714469665922, 2024-04-30T09:34:25.922Z, 553.8638834000001, 390.1371634000001
1714469665938, 2024-04-30T09:34:25.938Z, 520.1846685999999, 324.0899704
1714469666014, 2024-04-30T09:34:26.014Z, 508.4971806, 319.7372496
1714469666060, 2024-04-30T09:34:26.060Z, 522.9985466, 343.0406402
1714469666214, 2024-04-30T09:34:26.214Z, 454.105959, 304.8308958
1714469666245, 2024-04-30T09:34:26.245Z, 479.403251, 390.4504256
1714469666327, 2024-04-30T09:34:26.327Z, 468.46603020000003, 473.22050980000006
1714469666342, 2024-04-30T09:34:26.342Z, 438.02064199999995, 502.50572700000004
1714469666372, 2024-04-30T09:34:26.372Z, 334.87944619999996, 508.5260972
1714469666433, 2024-04-30T09:34:26.433Z, 370.13233039999994, 631.8906374000001
1714469666510, 2024-04-30T09:34:26.510Z, 312.046918, 634.5855008
1714469666557, 2024-04-30T09:34:26.557Z, 286.66861800000004, 633.7085725999999
1714469666596, 2024-04-30T09:34:26.596Z, 262.78094039999996, 633.3269378000001
1714469666641, 2024-04-30T09:34:26.641Z, 285.6320138, 630.2642458
1714469666732, 2024-04-30T09:34:26.732Z, 281.8536102, 632.6582266
1714469666746, 2024-04-30T09:34:26.746Z, 273.04348880000003, 589.5131147999999
1714469666776, 2024-04-30T09:34:26.776Z, 267.8964316, 548.1813664
1714469666790, 2024-04-30T09:34:26.790Z, 258.75961760000007, 531.304804
1714469666821, 2024-04-30T09:34:26.821Z, 241.7046832, 520.1041802
1714469666837, 2024-04-30T09:34:26.837Z, 223.3228026, 508.4010846
1714469666884, 2024-04-30T09:34:26.884Z, 205.957935, 544.4072920000001
1714469666916, 2024-04-30T09:34:26.916Z, 189.09170939999998, 579.7620377999999
1714469666930, 2024-04-30T09:34:26.930Z, 177.65230420000003, 589.2237022000002
1714469666961, 2024-04-30T09:34:26.961Z, 184.5368758, 588.893178
1714469666976, 2024-04-30T09:34:26.976Z, 195.3100998, 585.2785449999999
1714469667008, 2024-04-30T09:34:27.008Z, 208.96434719999996, 578.866246
1714469667049, 2024-04-30T09:34:27.049Z, 217.52674500000003, 572.1472168
1714469667064, 2024-04-30T09:34:27.064Z, 222.137036, 566.2129798000001
1714469667094, 2024-04-30T09:34:27.094Z, 232.28510160000002, 563.6034566000001
1714469667109, 2024-04-30T09:34:27.109Z, 245.208878, 562.3033146
1714469667139, 2024-04-30T09:34:27.139Z, 260.650912, 562.252355
1714469667185, 2024-04-30T09:34:27.185Z, 277.969822, 563.5904336
1714469667199, 2024-04-30T09:34:27.199Z, 296.447228, 564.8305274
1714469667226, 2024-04-30T09:34:27.226Z, 294.0347032, 565.533948
1714469667244, 2024-04-30T09:34:27.244Z, 289.0081558, 565.6627814
1714469667274, 2024-04-30T09:34:27.274Z, 283.4122558, 562.5038496
1714469667289, 2024-04-30T09:34:27.289Z, 278.5736994, 558.7679466
1714469667364, 2024-04-30T09:34:27.364Z, 278.88193220000005, 548.3768862000001
1714469667379, 2024-04-30T09:34:27.379Z, 286.13762699999995, 538.5781698000001
1714469667409, 2024-04-30T09:34:27.409Z, 302.62338200000005, 527.9264742
1714469667426, 2024-04-30T09:34:27.426Z, 317.03339040000003, 517.2655106
1714469667456, 2024-04-30T09:34:27.456Z, 330.718387, 506.5441764
1714469667499, 2024-04-30T09:34:27.499Z, 338.5179514, 504.030058
1714469667514, 2024-04-30T09:34:27.514Z, 345.0501428, 502.84699680000006
1714469667565, 2024-04-30T09:34:27.565Z, 341.28675239999995, 507.08513059999996
1714469667581, 2024-04-30T09:34:27.581Z, 338.67502759999996, 512.431425
1714469667597, 2024-04-30T09:34:27.597Z, 333.9234966, 516.5737182
1714469667611, 2024-04-30T09:34:27.611Z, 327.4347014, 518.896184
1714469667636, 2024-04-30T09:34:27.636Z, 321.2598954, 520.0363254
1714469667648, 2024-04-30T09:34:27.648Z, 315.65163140000004, 516.3633745999999
1714469667680, 2024-04-30T09:34:27.680Z, 308.4174084, 512.5768244
1714469667696, 2024-04-30T09:34:27.696Z, 303.8006014, 510.4884392
1714469667722, 2024-04-30T09:34:27.722Z, 300.85921759999997, 514.0276535999999
1714469667737, 2024-04-30T09:34:27.737Z, 296.66738399999997, 518.5131072
1714469667783, 2024-04-30T09:34:27.783Z, 292.97569680000004, 524.3593074
1714469667815, 2024-04-30T09:34:27.815Z, 289.8506616, 532.45017
1714469667831, 2024-04-30T09:34:27.831Z, 287.0510108, 539.2861989999999
1714469667862, 2024-04-30T09:34:27.862Z, 286.98894740000003, 544.888002
1714469667878, 2024-04-30T09:34:27.878Z, 287.6277956, 549.37201
1714469667908, 2024-04-30T09:34:27.908Z, 288.261009, 551.7202452
1714469667947, 2024-04-30T09:34:27.947Z, 282.9626694, 561.6722821999999
1714469667961, 2024-04-30T09:34:27.961Z, 263.5815106, 600.0284898
1714469667991, 2024-04-30T09:34:27.991Z, 250.2754966, 626.1350642
1714469668006, 2024-04-30T09:34:28.006Z, 237.6304166, 651.4802674
1714469668036, 2024-04-30T09:34:28.036Z, 250.91090260000001, 645.9998644
1714469668051, 2024-04-30T09:34:28.051Z, 272.6108328, 634.3890365999999
1714469668083, 2024-04-30T09:34:28.083Z, 307.214128, 595.8569891999999
1714469668097, 2024-04-30T09:34:28.097Z, 334.9734632, 565.7982458
1714469668127, 2024-04-30T09:34:28.127Z, 367.51060479999995, 537.1740958
1714469668143, 2024-04-30T09:34:28.143Z, 378.3158563999999, 539.4102214
1714469668158, 2024-04-30T09:34:28.158Z, 396.83162999999996, 536.1687988000001
1714469668173, 2024-04-30T09:34:28.173Z, 420.5721802, 540.5685174
1714469668188, 2024-04-30T09:34:28.189Z, 440.90156340000004, 535.9237704000001
1714469668234, 2024-04-30T09:34:28.234Z, 470.2325756, 543.3592132000001
1714469668260, 2024-04-30T09:34:28.260Z, 487.07633160000006, 539.1341120000001
1714469668275, 2024-04-30T09:34:28.275Z, 503.30555100000004, 542.1762288000001
1714469668307, 2024-04-30T09:34:28.307Z, 527.7190892, 528.0155821999999
1714469668320, 2024-04-30T09:34:28.320Z, 551.581386, 523.0783277999999
1714469668395, 2024-04-30T09:34:28.395Z, 540.0474608, 512.0298836
1714469668410, 2024-04-30T09:34:28.410Z, 542.7111126000001, 514.9695818
1714469668440, 2024-04-30T09:34:28.440Z, 541.1533272, 512.8892088
1714469668458, 2024-04-30T09:34:28.458Z, 528.3590682, 518.0639692000001
1714469668486, 2024-04-30T09:34:28.486Z, 513.7733386, 524.8336013999999
1714469668500, 2024-04-30T09:34:28.500Z, 505.1271393999999, 527.7002758000001
1714469668531, 2024-04-30T09:34:28.531Z, 482.5393794, 530.8935349999999
1714469668547, 2024-04-30T09:34:28.547Z, 468.0941887999999, 530.8867616
1714469668578, 2024-04-30T09:34:28.578Z, 453.0819654, 531.8819791999999
1714469668593, 2024-04-30T09:34:28.593Z, 443.92772699999995, 530.990387
1714469668625, 2024-04-30T09:34:28.625Z, 466.128921, 523.455815
1714469668681, 2024-04-30T09:34:28.681Z, 493.3078974, 515.7996866000001
1714469668711, 2024-04-30T09:34:28.711Z, 507.1135306, 511.9718666
1714469668725, 2024-04-30T09:34:28.725Z, 517.9383938000001, 511.5790038
1714469668755, 2024-04-30T09:34:28.755Z, 506.6063384, 518.9010224
1714469668770, 2024-04-30T09:34:28.770Z, 489.62537999999995, 527.4623524
1714469668805, 2024-04-30T09:34:28.805Z, 467.1705346, 538.3327108000001
1714469668845, 2024-04-30T09:34:28.845Z, 437.284763, 552.7399767999999
1714469668860, 2024-04-30T09:34:28.860Z, 420.0026626, 561.6641574
1714469668890, 2024-04-30T09:34:28.890Z, 428.343163, 564.5492584
1714469668905, 2024-04-30T09:34:28.905Z, 445.3165886, 563.822204
1714469668936, 2024-04-30T09:34:28.936Z, 446.725165, 565.2928463999999
1714469668951, 2024-04-30T09:34:28.951Z, 458.10983959999993, 562.5498578
1714469668981, 2024-04-30T09:34:28.981Z, 463.83549759999994, 561.6405173999999
1714469668995, 2024-04-30T09:34:28.995Z, 474.9079538, 555.2607864
1714469669025, 2024-04-30T09:34:29.025Z, 458.2930864, 553.8485328
1714469669071, 2024-04-30T09:34:29.071Z, 486.1556989999999, 542.7795552
1714469669085, 2024-04-30T09:34:29.085Z, 507.0882334, 534.2740108
1714469669250, 2024-04-30T09:34:29.250Z, 541.2327154, 526.5695836
1714469669279, 2024-04-30T09:34:29.279Z, 565.1582476, 522.6792757999999
1714469669295, 2024-04-30T09:34:29.295Z, 600.6829072, 523.0383343999999
1714469669310, 2024-04-30T09:34:29.310Z, 619.1640202000001, 526.8673292
1714469669387, 2024-04-30T09:34:29.387Z, 642.9125944, 524.9545452
1714469669403, 2024-04-30T09:34:29.403Z, 646.7230396000001, 521.2935848000001
1714469669431, 2024-04-30T09:34:29.431Z, 643.2306427999999, 515.6227486
1714469669445, 2024-04-30T09:34:29.445Z, 636.8876951999999, 508.84422720000003
1714469669475, 2024-04-30T09:34:29.475Z, 628.8717260000001, 502.8484926
1714469669490, 2024-04-30T09:34:29.490Z, 622.2321019999999, 502.25357220000006
1714469669520, 2024-04-30T09:34:29.520Z, 619.6041465999999, 506.69732220000003
1714469669581, 2024-04-30T09:34:29.581Z, 622.772754, 512.0493748
1714469669611, 2024-04-30T09:34:29.611Z, 623.3793432, 514.0481004
1714469669625, 2024-04-30T09:34:29.625Z, 622.6116364000001, 515.2281049999999
1714469669655, 2024-04-30T09:34:29.655Z, 615.0535664, 514.7323958
1714469669670, 2024-04-30T09:34:29.670Z, 584.1942996, 519.9727812
1714469669700, 2024-04-30T09:34:29.700Z, 562.090126, 526.3306645999999
1714469669745, 2024-04-30T09:34:29.745Z, 572.0895232, 525.3670316
1714469669760, 2024-04-30T09:34:29.760Z, 582.7345356, 523.585052
1714469669791, 2024-04-30T09:34:29.791Z, 595.4802632000001, 522.6740038
1714469669807, 2024-04-30T09:34:29.807Z, 627.0226484000001, 515.9630862
1714469669838, 2024-04-30T09:34:29.838Z, 652.2462064000001, 510.7785428
1714469669854, 2024-04-30T09:34:29.854Z, 652.0147794, 518.1956536
1714469669881, 2024-04-30T09:34:29.881Z, 652.7102794, 524.5859786
1714469669897, 2024-04-30T09:34:29.897Z, 655.1542726, 527.8850930000001
1714469669928, 2024-04-30T09:34:29.928Z, 658.8907422, 524.6552842
1714469669942, 2024-04-30T09:34:29.942Z, 662.6619602, 519.415347
1714469669972, 2024-04-30T09:34:29.972Z, 659.822426, 513.1501708
1714469669986, 2024-04-30T09:34:29.986Z, 626.054662, 536.1666336
1714469670033, 2024-04-30T09:34:30.033Z, 590.6977846000001, 565.1864018
1714469670062, 2024-04-30T09:34:30.062Z, 601.2260276, 567.6480687999999
1714469670080, 2024-04-30T09:34:30.080Z, 614.1479578000001, 566.9580210000001
1714469670107, 2024-04-30T09:34:30.107Z, 627.7704507999999, 564.3578542
1714469670122, 2024-04-30T09:34:30.122Z, 670.7971188, 534.3143653999999
1714469670152, 2024-04-30T09:34:30.152Z, 719.7589938, 498.5447717999999
1714469670197, 2024-04-30T09:34:30.197Z, 724.743435, 488.12052140000003
1714469670213, 2024-04-30T09:34:30.213Z, 724.867904, 465.273192
1714469670244, 2024-04-30T09:34:30.244Z, 729.8832686, 455.021937
1714469670259, 2024-04-30T09:34:30.259Z, 724.8128746, 462.15722859999994
1714469670290, 2024-04-30T09:34:30.290Z, 695.2774539999999, 466.51013760000006
1714469670306, 2024-04-30T09:34:30.306Z, 629.7347384, 473.1627208
1714469670331, 2024-04-30T09:34:30.331Z, 526.8636251999999, 495.14227120000004
1714469670345, 2024-04-30T09:34:30.345Z, 408.1539884, 509.7074638
1714469670375, 2024-04-30T09:34:30.375Z, 288.7912994, 508.9980872
1714469670420, 2024-04-30T09:34:30.420Z, 193.447205, 515.0374380000001
1714469670482, 2024-04-30T09:34:30.482Z, 139.4280672, 533.9816262
1714469670510, 2024-04-30T09:34:30.510Z, 111.8146576, 553.0692832000001
1714469670525, 2024-04-30T09:34:30.525Z, 87.05735540000002, 566.1849902
1714469670555, 2024-04-30T09:34:30.555Z, 77.62297580000002, 577.8911234
1714469670570, 2024-04-30T09:34:30.570Z, 70.3817488, 587.5112464
1714469670601, 2024-04-30T09:34:30.601Z, 71.8667834, 587.1580428
1714469670645, 2024-04-30T09:34:30.645Z, 80.6184542, 585.9128921999999
1714469670660, 2024-04-30T09:34:30.660Z, 99.64091880000001, 586.2922954
1714469670690, 2024-04-30T09:34:30.690Z, 116.13989120000001, 585.973609
1714469670705, 2024-04-30T09:34:30.705Z, 131.093592, 583.2597358
1714469670735, 2024-04-30T09:34:30.735Z, 129.901434, 580.289102
1714469670781, 2024-04-30T09:34:30.781Z, 132.0217408, 577.6497916000001
1714469670825, 2024-04-30T09:34:30.825Z, 132.429566, 572.154263
1714469670840, 2024-04-30T09:34:30.840Z, 133.93601800000002, 567.857622
1714469670871, 2024-04-30T09:34:30.871Z, 134.1924436, 565.5395507999999
1714469670885, 2024-04-30T09:34:30.885Z, 140.02450040000002, 566.4729102
1714469670935, 2024-04-30T09:34:30.935Z, 148.220599, 567.7626084000001
1714469670963, 2024-04-30T09:34:30.963Z, 164.3351648, 576.712531
1714469670978, 2024-04-30T09:34:30.978Z, 176.4951602, 584.1397417999999
1714469671008, 2024-04-30T09:34:31.008Z, 182.1658956, 590.3390276
1714469671023, 2024-04-30T09:34:31.023Z, 185.0243366, 593.7576005999999
1714469671053, 2024-04-30T09:34:31.053Z, 181.46342199999998, 595.7139617999999
1714469671099, 2024-04-30T09:34:31.099Z, 169.8830898, 591.4782034
1714469671115, 2024-04-30T09:34:31.115Z, 159.2560626, 587.5351880000001
1714469671145, 2024-04-30T09:34:31.145Z, 149.9167872, 583.0422106
1714469671160, 2024-04-30T09:34:31.160Z, 139.170195, 577.8984559999999
1714469671191, 2024-04-30T09:34:31.191Z, 134.69634760000002, 575.5280055999999
1714469671206, 2024-04-30T09:34:31.206Z, 123.54106920000001, 575.792281
1714469671231, 2024-04-30T09:34:31.231Z, 125.2580696, 573.301085
1714469671245, 2024-04-30T09:34:31.245Z, 133.0861576, 573.0747878
1714469671275, 2024-04-30T09:34:31.275Z, 143.24032920000002, 572.0116144
1714469671290, 2024-04-30T09:34:31.290Z, 156.7991268, 568.7542558
1714469671320, 2024-04-30T09:34:31.320Z, 177.8509994, 563.6086146
1714469671387, 2024-04-30T09:34:31.387Z, 185.3210694, 564.8895292000001
1714469671413, 2024-04-30T09:34:31.413Z, 191.5734426, 566.6827936
1714469671428, 2024-04-30T09:34:31.428Z, 195.379949, 569.3592648000001
1714469671458, 2024-04-30T09:34:31.458Z, 196.6991162, 573.5611806
1714469671473, 2024-04-30T09:34:31.473Z, 198.837108, 577.9199354
1714469671501, 2024-04-30T09:34:31.501Z, 202.21444079999998, 579.2509524
1714469671549, 2024-04-30T09:34:31.549Z, 207.2524692, 575.5840734
1714469671564, 2024-04-30T09:34:31.564Z, 215.52125259999997, 573.0739996
1714469671594, 2024-04-30T09:34:31.594Z, 231.1120938, 571.7287813999999
1714469671610, 2024-04-30T09:34:31.610Z, 252.762646, 567.6155483999999
1714469671641, 2024-04-30T09:34:31.641Z, 281.17345320000004, 562.580206
1714469671774, 2024-04-30T09:34:31.774Z, 386.9518932, 562.7316453999999
1714469671787, 2024-04-30T09:34:31.787Z, 488.2671754, 556.4448356
1714469671862, 2024-04-30T09:34:31.862Z, 583.5396852, 556.2957097999999
1714469672040, 2024-04-30T09:34:32.040Z, 560.7548348, 533.7958283999999
1714469672536, 2024-04-30T09:34:32.536Z, 630.2111504, 491.3909175999999
1714469672550, 2024-04-30T09:34:32.550Z, 613.6557418, 447.1058228
1714469672583, 2024-04-30T09:34:32.583Z, 596.6651767999999, 410.02864239999997
1714469672626, 2024-04-30T09:34:32.626Z, 570.6286378, 361.3083568
1714469672641, 2024-04-30T09:34:32.641Z, 634.8530314, 328.552574
1714469672672, 2024-04-30T09:34:32.672Z, 598.2019922, 315.3943704
1714469672807, 2024-04-30T09:34:32.807Z, 541.0164714, 314.05465100000004
1714469673079, 2024-04-30T09:34:33.079Z, 523.4440632, 350.70605620000003
1714469673092, 2024-04-30T09:34:33.092Z, 508.2639456, 386.67083560000003
1714469673122, 2024-04-30T09:34:33.122Z, 501.8374774, 428.80980639999996
1714469673138, 2024-04-30T09:34:33.138Z, 489.88106660000005, 468.26730259999994
1714469673181, 2024-04-30T09:34:33.181Z, 505.5550227999999, 491.76535720000004
1714469673211, 2024-04-30T09:34:33.211Z, 506.592255, 455.81571920000005
1714469673225, 2024-04-30T09:34:33.225Z, 512.506652, 426.1444312
1714469673392, 2024-04-30T09:34:33.392Z, 521.0645457999999, 413.5602473999999
1714469673407, 2024-04-30T09:34:33.407Z, 548.4435964, 376.99830119999996
1714469673452, 2024-04-30T09:34:33.452Z, 570.1218126, 360.47963539999995
1714469673497, 2024-04-30T09:34:33.497Z, 546.7900638, 367.26333459999995
1714469673634, 2024-04-30T09:34:33.634Z, 577.2614908, 393.602851
1714469673662, 2024-04-30T09:34:33.662Z, 607.2977324, 418.10424220000004
1714469673708, 2024-04-30T09:34:33.708Z, 620.6087364, 467.5147132
1714469673723, 2024-04-30T09:34:33.723Z, 640.7770628000001, 499.4842404
1714469673755, 2024-04-30T09:34:33.755Z, 692.6897548, 530.8057582
1714469673796, 2024-04-30T09:34:33.796Z, 686.486223, 540.221953
1714469673811, 2024-04-30T09:34:33.811Z, 687.1864752, 530.217354
1714469673842, 2024-04-30T09:34:33.842Z, 686.0416472, 525.3239506
1714469673858, 2024-04-30T09:34:33.858Z, 684.621402, 529.2601761999999
1714469673931, 2024-04-30T09:34:33.931Z, 663.4967614, 531.0912891999999
1714469673946, 2024-04-30T09:34:33.946Z, 643.3929575999999, 533.5382012
1714469673975, 2024-04-30T09:34:33.975Z, 631.5438572, 532.6547114
1714469673990, 2024-04-30T09:34:33.990Z, 626.4125958, 530.7972468
1714469674035, 2024-04-30T09:34:34.035Z, 620.2513298, 521.2759016
1714469674111, 2024-04-30T09:34:34.111Z, 628.8038768, 505.4140932
1714469674155, 2024-04-30T09:34:34.155Z, 644.4184706, 502.4816372
1714469674200, 2024-04-30T09:34:34.200Z, 659.5711888, 514.1591000000001
1714469674246, 2024-04-30T09:34:34.246Z, 676.5017696, 526.2973784000001
1714469674291, 2024-04-30T09:34:34.291Z, 589.508325, 542.4109559999999
1714469674305, 2024-04-30T09:34:34.305Z, 497.56322679999994, 563.890825
1714469674335, 2024-04-30T09:34:34.335Z, 393.5151758, 552.0293646
1714469674350, 2024-04-30T09:34:34.350Z, 282.450777, 524.034756
1714469674382, 2024-04-30T09:34:34.382Z, 167.3198256, 492.66898440000006
1714469674425, 2024-04-30T09:34:34.425Z, 146.458148, 446.622167
1714469674831, 2024-04-30T09:34:34.831Z, 144.30967220000002, 386.04083
1714469675010, 2024-04-30T09:34:35.010Z, 253.4343346, 331.53438500000004
1714469675087, 2024-04-30T09:34:35.087Z, 351.9767606, 335.9233716
1714469675103, 2024-04-30T09:34:35.103Z, 452.9442696, 332.733313
1714469675190, 2024-04-30T09:34:35.190Z, 539.750293, 424.375048
1714469675235, 2024-04-30T09:34:35.235Z, 592.9510969999999, 507.5326188
1714469676273, 2024-04-30T09:34:36.273Z, 469.1087052, 615.0845702
1714469676288, 2024-04-30T09:34:36.288Z, 358.7365022, 675.1859260000001
1714469676496, 2024-04-30T09:34:36.496Z, 343.921889, 748.8145006000001
1714469676511, 2024-04-30T09:34:36.511Z, 351.4478416, 739.8719561999999
1714469676587, 2024-04-30T09:34:36.587Z, 334.2367676, 743.5386704
1714469676616, 2024-04-30T09:34:36.616Z, 387.9456116, 737.1367382000001
1714469676901, 2024-04-30T09:34:36.901Z, 410.44004479999995, 723.4681482
1714469676946, 2024-04-30T09:34:36.946Z, 338.6454316, 703.148584
1714469676991, 2024-04-30T09:34:36.991Z, 268.66530539999997, 681.9782978000001
1714469677036, 2024-04-30T09:34:37.036Z, 238.29670059999998, 671.6614660000001
1714469677082, 2024-04-30T09:34:37.082Z, 216.91147080000002, 664.7375834000001
1714469677140, 2024-04-30T09:34:37.140Z, 242.93360140000004, 666.9486360000001
1714469677172, 2024-04-30T09:34:37.172Z, 277.1543612, 673.4119932
1714469677266, 2024-04-30T09:34:37.266Z, 326.0148202, 684.2904734
1714469677312, 2024-04-30T09:34:37.312Z, 385.2290492, 695.7994037999999
1714469677359, 2024-04-30T09:34:37.359Z, 437.49708739999994, 704.3750567999999
1714469677396, 2024-04-30T09:34:37.396Z, 475.25379499999997, 710.2709081999999
1714469677453, 2024-04-30T09:34:37.453Z, 486.6387498, 717.5272054
1714469677486, 2024-04-30T09:34:37.486Z, 474.4695216, 724.4241546000001
1714469677532, 2024-04-30T09:34:37.532Z, 455.15659639999996, 730.7568709999999
1714469677578, 2024-04-30T09:34:37.578Z, 435.2045806, 735.4099944
1714469677624, 2024-04-30T09:34:37.624Z, 412.78017359999996, 740.7775698
1714469677640, 2024-04-30T09:34:37.640Z, 407.0900468, 742.5507254
1714469677717, 2024-04-30T09:34:37.717Z, 407.54992400000003, 747.2198058
1714469677813, 2024-04-30T09:34:37.813Z, 403.68070819999997, 755.8479696
1714469677892, 2024-04-30T09:34:37.892Z, 408.1722212, 766.9987016
1714469678839, 2024-04-30T09:34:38.839Z, 444.4146678, 778.7468643999999
1714469678933, 2024-04-30T09:34:38.933Z, 488.1443284, 791.353385
1714469679073, 2024-04-30T09:34:39.073Z, 541.7394308, 792.5567994
1714469679119, 2024-04-30T09:34:39.119Z, 588.346826, 773.6603044
1714469679203, 2024-04-30T09:34:39.203Z, 623.7856806, 747.9128484
1714469679245, 2024-04-30T09:34:39.245Z, 629.0530188, 728.13706
1714469679293, 2024-04-30T09:34:39.293Z, 626.8322542, 707.5000452
1714469679483, 2024-04-30T09:34:39.484Z, 611.5031572, 694.3783138000001
1714469679516, 2024-04-30T09:34:39.516Z, 604.0648411999999, 696.2662726000001
1714469679527, 2024-04-30T09:34:39.527Z, 600.1508484, 703.595809
1714469679558, 2024-04-30T09:34:39.558Z, 595.3606281999998, 703.5689163999999
1714469679574, 2024-04-30T09:34:39.574Z, 590.5412494, 703.2475828
1714469679605, 2024-04-30T09:34:39.605Z, 588.0326837999999, 696.4479444
1714469679708, 2024-04-30T09:34:39.708Z, 585.6958574, 690.204613
1714469679741, 2024-04-30T09:34:39.741Z, 585.0054332, 676.5614641999999
1714469679783, 2024-04-30T09:34:39.783Z, 582.6572764, 663.7994993999998
1714469679798, 2024-04-30T09:34:39.798Z, 579.3547698, 649.5332608000001
1714469679827, 2024-04-30T09:34:39.827Z, 577.9702786, 640.1590091999999
1714469679980, 2024-04-30T09:34:39.980Z, 574.6150422000001, 609.6050862
1714469680012, 2024-04-30T09:34:40.012Z, 584.0406064, 608.8020048000001
1714469680029, 2024-04-30T09:34:40.029Z, 595.2114856000001, 608.0021422
1714469680097, 2024-04-30T09:34:40.097Z, 595.8114112000001, 588.4945427999999
1714469680158, 2024-04-30T09:34:40.158Z, 610.9057838000001, 593.4237948
1714469680187, 2024-04-30T09:34:40.187Z, 626.257241, 613.5674958
1714469680248, 2024-04-30T09:34:40.248Z, 626.0948298000001, 605.2589611999999
1714469680279, 2024-04-30T09:34:40.279Z, 626.3418503999999, 597.8595176
1714469680295, 2024-04-30T09:34:40.295Z, 637.9652652, 612.2360654
1714469680327, 2024-04-30T09:34:40.327Z, 639.5713002, 602.5165956000001
1714469680342, 2024-04-30T09:34:40.342Z, 649.4032392, 597.4716136000001
1714469680384, 2024-04-30T09:34:40.384Z, 660.5852664, 600.4571092
1714469680396, 2024-04-30T09:34:40.396Z, 671.3002826, 602.6065614
1714469680412, 2024-04-30T09:34:40.412Z, 695.3082366000001, 601.6840946
1714469680431, 2024-04-30T09:34:40.431Z, 716.2567146, 599.0058666
1714469680457, 2024-04-30T09:34:40.457Z, 734.9923850000001, 595.0708074
1714469680484, 2024-04-30T09:34:40.484Z, 756.9807412, 605.9294696000001
1714469680548, 2024-04-30T09:34:40.548Z, 771.8764198000001, 606.0594026
1714469680563, 2024-04-30T09:34:40.563Z, 774.5638522000002, 607.2744276
1714469680608, 2024-04-30T09:34:40.608Z, 786.1132854, 609.9874204
1714469680655, 2024-04-30T09:34:40.655Z, 803.7030916, 612.9578300000001
1714469680744, 2024-04-30T09:34:40.744Z, 908.6027338, 573.9404528
1714469680787, 2024-04-30T09:34:40.787Z, 1018.3597163999999, 542.9061636
1714469680833, 2024-04-30T09:34:40.833Z, 1130.5539899999999, 514.2348758
1714469680877, 2024-04-30T09:34:40.877Z, 1232.938034, 477.91536240000005
1714469681014, 2024-04-30T09:34:41.014Z, 1328.3664236, 454.82241839999995
1714469681061, 2024-04-30T09:34:41.061Z, 1331.7746608, 457.0326185999999
1714469681109, 2024-04-30T09:34:41.109Z, 1337.3285324, 461.3271392
1714469681147, 2024-04-30T09:34:41.147Z, 1341.3638136, 461.08752080000005
1714469681192, 2024-04-30T09:34:41.192Z, 1345.7240604, 466.63071820000005
1714469681203, 2024-04-30T09:34:41.203Z, 1308.298204, 496.27284019999996
1714469681287, 2024-04-30T09:34:41.287Z, 1196.8633282, 516.5997496
1714469681327, 2024-04-30T09:34:41.327Z, 1091.4868947999998, 567.3385501999999
1714469681362, 2024-04-30T09:34:41.362Z, 975.7366964, 602.1345824
1714469681387, 2024-04-30T09:34:41.387Z, 855.1198662, 635.6726602
1714469681463, 2024-04-30T09:34:41.463Z, 774.3460428000001, 634.4305039999999
1714469681494, 2024-04-30T09:34:41.494Z, 780.7061102000001, 641.9355208
1714469681508, 2024-04-30T09:34:41.508Z, 781.2955690000001, 620.1682436
1714469681556, 2024-04-30T09:34:41.556Z, 789.0661668, 620.7643882
1714469681598, 2024-04-30T09:34:41.598Z, 800.8717960000001, 623.120334
1714469681673, 2024-04-30T09:34:41.673Z, 800.791506, 616.8852146
1714469681688, 2024-04-30T09:34:41.688Z, 788.9638716, 611.0060740000001
1714469681733, 2024-04-30T09:34:41.733Z, 781.2768573999999, 600.8334718
1714469681777, 2024-04-30T09:34:41.777Z, 777.6229584, 588.8760506000001
1714469681809, 2024-04-30T09:34:41.809Z, 775.8596282, 578.069101
1714469681855, 2024-04-30T09:34:41.855Z, 772.5508884, 568.8296963999999
1714469681896, 2024-04-30T09:34:41.896Z, 748.7476770000001, 568.8020932
1714469681941, 2024-04-30T09:34:41.941Z, 661.2300418, 574.9953401999999
1714469681986, 2024-04-30T09:34:41.986Z, 557.8083060000001, 592.8626700000001
1714469682032, 2024-04-30T09:34:42.032Z, 453.2459794, 616.3866009999999
1714469682046, 2024-04-30T09:34:42.046Z, 358.5438334, 645.8798482
1714469682080, 2024-04-30T09:34:42.080Z, 269.99996419999997, 659.9510984000001
1714469682095, 2024-04-30T09:34:42.095Z, 241.17235780000001, 671.6597079999999
1714469682121, 2024-04-30T09:34:42.121Z, 224.64507519999998, 669.3076543999999
1714469682182, 2024-04-30T09:34:42.182Z, 208.88239240000001, 659.926295
1714469682213, 2024-04-30T09:34:42.213Z, 194.98775419999998, 649.8606554
1714469682229, 2024-04-30T09:34:42.229Z, 194.78512500000002, 646.1469010000001
1714469682261, 2024-04-30T09:34:42.261Z, 194.0592462, 642.3551580000001
1714469682276, 2024-04-30T09:34:42.276Z, 193.97883159999998, 639.4030166
1714469682309, 2024-04-30T09:34:42.309Z, 191.0970742, 646.752513
1714469682346, 2024-04-30T09:34:42.346Z, 187.49017, 654.1606300000001
1714469682360, 2024-04-30T09:34:42.360Z, 184.8181566, 660.7962445999999
1714469682396, 2024-04-30T09:34:42.396Z, 177.1492334, 664.9620120000001
1714469682412, 2024-04-30T09:34:42.412Z, 169.97090680000002, 669.0666464000001
1714469682450, 2024-04-30T09:34:42.450Z, 167.5579994, 664.3996976000001
1714469682465, 2024-04-30T09:34:42.465Z, 168.620207, 660.6524022000001
1714469682487, 2024-04-30T09:34:42.487Z, 171.4307106, 658.2657262
1714469682530, 2024-04-30T09:34:42.530Z, 172.6666586, 648.6419654
1714469682546, 2024-04-30T09:34:42.546Z, 168.6109662, 634.4473270000001
1714469682574, 2024-04-30T09:34:42.574Z, 163.061465, 622.4007708
1714469682590, 2024-04-30T09:34:42.590Z, 155.24880420000002, 611.661953
1714469682633, 2024-04-30T09:34:42.633Z, 146.3865696, 602.3923345999999
1714469682661, 2024-04-30T09:34:42.661Z, 145.8491796, 603.5044833999999
1714469682706, 2024-04-30T09:34:42.706Z, 155.63594840000002, 606.9471386
1714469682721, 2024-04-30T09:34:42.721Z, 164.5781562, 606.3401648000001
1714469682751, 2024-04-30T09:34:42.751Z, 170.3721754, 601.2371012
1714469682796, 2024-04-30T09:34:42.796Z, 177.37210480000002, 594.330971
1714469682854, 2024-04-30T09:34:42.854Z, 179.9630564, 584.0708988
1714469682869, 2024-04-30T09:34:42.869Z, 177.165799, 575.8003632
1714469682886, 2024-04-30T09:34:42.886Z, 187.005799, 589.2964796
1714469682901, 2024-04-30T09:34:42.901Z, 198.0114902, 604.070463
1714469682932, 2024-04-30T09:34:42.932Z, 204.7840374, 614.8193908
1714469682948, 2024-04-30T09:34:42.948Z, 220.57959180000003, 624.8363592
1714469682979, 2024-04-30T09:34:42.979Z, 239.5718918, 630.5610176
1714469682994, 2024-04-30T09:34:42.994Z, 248.85530319999998, 619.2735862000001
1714469683025, 2024-04-30T09:34:43.025Z, 263.4210534, 612.7105574
1714469683040, 2024-04-30T09:34:43.040Z, 280.8072366, 610.6680342000001
1714469683082, 2024-04-30T09:34:43.082Z, 295.15403899999995, 614.6103701999999
1714469683111, 2024-04-30T09:34:43.111Z, 307.3228948, 618.7168784
1714469683127, 2024-04-30T09:34:43.127Z, 315.9998202, 617.9428432000001
1714469683156, 2024-04-30T09:34:43.156Z, 322.5857058, 610.9349393999998
1714469683171, 2024-04-30T09:34:43.171Z, 329.55434840000004, 602.3570628
1714469683201, 2024-04-30T09:34:43.201Z, 335.0160372, 593.1385422
1714469683251, 2024-04-30T09:34:43.251Z, 345.655705, 592.2983389999999
1714469683262, 2024-04-30T09:34:43.262Z, 355.4161464, 590.3467132
1714469683291, 2024-04-30T09:34:43.291Z, 360.7120738, 593.6121978
1714469683306, 2024-04-30T09:34:43.306Z, 363.9844216, 597.9592197999999
1714469683352, 2024-04-30T09:34:43.352Z, 366.2699922, 599.2439564
1714469683383, 2024-04-30T09:34:43.383Z, 367.14429299999995, 594.1014994
1714469683399, 2024-04-30T09:34:43.399Z, 384.19249099999996, 590.1179256
1714469683430, 2024-04-30T09:34:43.430Z, 405.2417896, 585.003548
1714469683445, 2024-04-30T09:34:43.445Z, 427.4647328, 580.1532623999999
1714469683492, 2024-04-30T09:34:43.492Z, 447.94940499999996, 574.0230726000001
1714469683622, 2024-04-30T09:34:43.622Z, 466.75259320000004, 565.3482198
1714469683652, 2024-04-30T09:34:43.652Z, 470.2212754, 559.0887546
1714469683702, 2024-04-30T09:34:43.702Z, 473.82009500000004, 551.698576
1714469683718, 2024-04-30T09:34:43.718Z, 476.14771959999996, 545.555419
1714469683743, 2024-04-30T09:34:43.743Z, 477.7011542, 542.3014354
1714469683757, 2024-04-30T09:34:43.757Z, 475.762617, 546.8430874
1714469683787, 2024-04-30T09:34:43.787Z, 472.9025028, 553.6223558
1714469683803, 2024-04-30T09:34:43.803Z, 471.5037206, 566.7974288
1714469683832, 2024-04-30T09:34:43.832Z, 470.85141080000005, 581.0942394000001
1714469683847, 2024-04-30T09:34:43.847Z, 471.8498122, 595.3454364000002
1714469683892, 2024-04-30T09:34:43.892Z, 473.1654514, 607.5360939999999
1714469683936, 2024-04-30T09:34:43.936Z, 475.4828802, 612.7416565999999
1714469683983, 2024-04-30T09:34:43.983Z, 480.96869260000005, 603.4071136
1714469684026, 2024-04-30T09:34:44.026Z, 489.9307282, 584.6258335999999
1714469684162, 2024-04-30T09:34:44.162Z, 503.1790811999999, 565.0964538000001
1714469684207, 2024-04-30T09:34:44.207Z, 517.9157994, 558.4665696
1714469684297, 2024-04-30T09:34:44.297Z, 534.4364574, 541.9257190000001
1714469684522, 2024-04-30T09:34:44.522Z, 562.3171878, 541.7163986
1714469684552, 2024-04-30T09:34:44.552Z, 588.5033568000001, 553.7100376000001
1714469684644, 2024-04-30T09:34:44.644Z, 614.266922, 565.5924672000001
1714469684659, 2024-04-30T09:34:44.659Z, 639.3547062, 562.2780236000001
1714469684691, 2024-04-30T09:34:44.691Z, 662.9631772, 570.33429
1714469684706, 2024-04-30T09:34:44.706Z, 669.4011928, 572.3612116
1714469684747, 2024-04-30T09:34:44.747Z, 675.4632789999999, 566.9645078
1714469684777, 2024-04-30T09:34:44.777Z, 670.8849588, 562.9069846
1714469684792, 2024-04-30T09:34:44.792Z, 661.644634, 559.7898258
1714469684806, 2024-04-30T09:34:44.806Z, 646.7118882000001, 553.0738716
1714469684837, 2024-04-30T09:34:44.837Z, 632.1088052, 554.72395
1714469684917, 2024-04-30T09:34:44.917Z, 616.1946771999999, 556.192057
1714469684928, 2024-04-30T09:34:44.928Z, 607.0741062, 555.2331781999999
1714469684957, 2024-04-30T09:34:44.957Z, 597.656608, 557.0328382
1714469684972, 2024-04-30T09:34:44.972Z, 589.5836594, 567.5309278
1714469685002, 2024-04-30T09:34:45.002Z, 582.4927938, 568.9148948
1714469685046, 2024-04-30T09:34:45.046Z, 575.4657912, 573.9936832
1714469685062, 2024-04-30T09:34:45.062Z, 569.8839112, 578.5335564
1714469685108, 2024-04-30T09:34:45.108Z, 571.6667858000001, 578.8189823999999
1714469685139, 2024-04-30T09:34:45.139Z, 580.2786236, 575.7322190000001
1714469685154, 2024-04-30T09:34:45.154Z, 592.666081, 571.6125374000001
1714469685197, 2024-04-30T09:34:45.197Z, 619.7235566, 561.9147256
1714469685226, 2024-04-30T09:34:45.226Z, 648.0060412, 553.246861
1714469685241, 2024-04-30T09:34:45.241Z, 674.97367, 546.9967308
1714469685270, 2024-04-30T09:34:45.270Z, 697.8167628, 543.1363818
1714469685286, 2024-04-30T09:34:45.286Z, 715.3510976, 539.7906222
1714469685331, 2024-04-30T09:34:45.331Z, 716.0369388, 543.0597172
1714469685360, 2024-04-30T09:34:45.360Z, 715.28049, 547.6431798
1714469685375, 2024-04-30T09:34:45.375Z, 716.053951, 553.9662838
1714469685405, 2024-04-30T09:34:45.405Z, 717.9491948000001, 558.5752246
1714469685421, 2024-04-30T09:34:45.421Z, 720.6832242, 564.3504746
1714469685456, 2024-04-30T09:34:45.456Z, 725.1344246, 568.2735348
1714469685499, 2024-04-30T09:34:45.499Z, 731.8666238, 575.6893936
1714469685514, 2024-04-30T09:34:45.514Z, 736.1522634, 579.9571761999999
1714469685558, 2024-04-30T09:34:45.558Z, 740.5192430000001, 584.4028608
1714469685587, 2024-04-30T09:34:45.587Z, 746.0966762, 585.8037528
1714469685602, 2024-04-30T09:34:45.602Z, 752.1763252000001, 586.975164
1714469685631, 2024-04-30T09:34:45.631Z, 713.436464, 588.6856902
1714469685644, 2024-04-30T09:34:45.644Z, 664.9533816000001, 590.0918513999999
1714469685675, 2024-04-30T09:34:45.675Z, 556.1949642, 599.9653972
1714469685690, 2024-04-30T09:34:45.690Z, 452.0621008, 609.536317
1714469685719, 2024-04-30T09:34:45.719Z, 344.37550120000003, 611.7715802
1714469685734, 2024-04-30T09:34:45.734Z, 271.57546620000005, 612.1273324
1714469685787, 2024-04-30T09:34:45.787Z, 188.6064098, 612.7376079999999
1714469685820, 2024-04-30T09:34:45.820Z, 167.557771, 617.0278352
1714469685836, 2024-04-30T09:34:45.836Z, 143.8637792, 621.8147648
1714469685866, 2024-04-30T09:34:45.866Z, 113.30394100000001, 634.5550188
1714469685882, 2024-04-30T09:34:45.882Z, 88.7525592, 644.3633092
1714469685912, 2024-04-30T09:34:45.912Z, 78.8074358, 653.155883
1714469685950, 2024-04-30T09:34:45.950Z, 68.9512414, 648.7360782000001
1714469685963, 2024-04-30T09:34:45.963Z, 72.5139746, 644.519479
1714469685994, 2024-04-30T09:34:45.994Z, 79.76911040000002, 640.3493598000001
1714469686008, 2024-04-30T09:34:46.008Z, 73.7869538, 636.4259042
1714469686038, 2024-04-30T09:34:46.038Z, 76.689272, 634.1264154
1714469686053, 2024-04-30T09:34:46.053Z, 88.57786640000002, 632.3215085999999
1714469686099, 2024-04-30T09:34:46.099Z, 74.80200160000001, 637.0662254
1714469686130, 2024-04-30T09:34:46.130Z, 66.43481560000001, 642.0420999999999
1714469686145, 2024-04-30T09:34:46.145Z, 75.74447239999999, 646.9185044
1714469686176, 2024-04-30T09:34:46.176Z, 114.97570479999999, 652.125892
1714469686191, 2024-04-30T09:34:46.191Z, 135.5279492, 656.3989399999999
1714469686231, 2024-04-30T09:34:46.231Z, 210.41242939999998, 651.5774496
1714469686261, 2024-04-30T09:34:46.261Z, 337.76336860000004, 633.842162
1714469686276, 2024-04-30T09:34:46.276Z, 539.5954896000001, 601.7664992
1714469686300, 2024-04-30T09:34:46.300Z, 710.4527724, 592.868008
1714469686317, 2024-04-30T09:34:46.317Z, 894.7457754, 585.2214324
1714469686332, 2024-04-30T09:34:46.332Z, 1038.6338206, 571.4341179999999
1714469686364, 2024-04-30T09:34:46.364Z, 1103.691181, 567.5328417999999
1714469686395, 2024-04-30T09:34:46.395Z, 1116.4803336, 582.051946
1714469686411, 2024-04-30T09:34:46.411Z, 1136.4434938000002, 571.5901344000001
1714469686442, 2024-04-30T09:34:46.442Z, 1150.746071, 560.3053238
1714469686473, 2024-04-30T09:34:46.473Z, 1155.1076662, 561.0089452
1714469686489, 2024-04-30T09:34:46.489Z, 1184.2657872, 563.0912182
1714469686504, 2024-04-30T09:34:46.504Z, 1182.9224204000002, 557.5572748
1714469686532, 2024-04-30T09:34:46.532Z, 1170.5142074, 553.8432848
1714469686545, 2024-04-30T09:34:46.545Z, 1157.8687112, 550.8036056000001
1714469686576, 2024-04-30T09:34:46.576Z, 1154.105155, 544.7906149999999
1714469686590, 2024-04-30T09:34:46.590Z, 1152.9091297999998, 542.2248292
1714469686621, 2024-04-30T09:34:46.621Z, 1154.6915632, 543.9805976
1714469686636, 2024-04-30T09:34:46.636Z, 1151.6115614, 545.7912446
1714469686681, 2024-04-30T09:34:46.681Z, 1149.234007, 548.078532
1714469686714, 2024-04-30T09:34:46.714Z, 1137.305854, 551.290945
1714469686726, 2024-04-30T09:34:46.726Z, 1126.1709256, 550.786786
1714469686756, 2024-04-30T09:34:46.756Z, 1118.1245212, 548.7623888
1714469686771, 2024-04-30T09:34:46.771Z, 1115.1298063999998, 546.9683782
1714469686801, 2024-04-30T09:34:46.801Z, 1118.9722001999999, 546.4766952
1714469686982, 2024-04-30T09:34:46.982Z, 1124.54129, 553.7140754
1714469686996, 2024-04-30T09:34:46.996Z, 1126.4608332, 559.7689788
1714469687008, 2024-04-30T09:34:47.008Z, 1126.8288334000001, 566.8602572
1714469687025, 2024-04-30T09:34:47.025Z, 1126.8323156000001, 572.3272211999999
1714469687041, 2024-04-30T09:34:47.041Z, 1117.5273803999999, 573.9992128
1714469687086, 2024-04-30T09:34:47.086Z, 1126.0269192, 581.6095652
1714469687133, 2024-04-30T09:34:47.133Z, 1140.2458086, 594.0906683999999
1714469687177, 2024-04-30T09:34:47.177Z, 1154.509448, 606.7645977999999
1714469687221, 2024-04-30T09:34:47.221Z, 1234.1675314, 606.7874408
1714469687252, 2024-04-30T09:34:47.252Z, 1313.6026215999998, 606.7935850000001
1714469687319, 2024-04-30T09:34:47.319Z, 1374.608703, 590.2440014
1714469687361, 2024-04-30T09:34:47.361Z, 1434.2904374000002, 582.7437958
1714469687392, 2024-04-30T09:34:47.392Z, 1488.8684982, 570.8064656
1714469687408, 2024-04-30T09:34:47.408Z, 1478.2226224, 574.1367344
1714469687433, 2024-04-30T09:34:47.433Z, 1468.5142616, 571.6079950000001
1714469687447, 2024-04-30T09:34:47.447Z, 1465.9482782, 571.2956064
1714469687477, 2024-04-30T09:34:47.477Z, 1459.871341, 558.0009358
1714469687492, 2024-04-30T09:34:47.492Z, 1461.865002, 549.3811886000001
1714469687544, 2024-04-30T09:34:47.544Z, 1463.8243739999998, 538.9766216
1714469687588, 2024-04-30T09:34:47.588Z, 1464.5112072, 535.5272152
1714469687642, 2024-04-30T09:34:47.642Z, 1464.1634582000002, 532.6659938
1714469687689, 2024-04-30T09:34:47.689Z, 1468.7872092000002, 533.7088434
1714469687797, 2024-04-30T09:34:47.797Z, 1536.6257592, 585.8391466
1714469687813, 2024-04-30T09:34:47.813Z, 1581.4586472, 622.0215278
1714469687860, 2024-04-30T09:34:47.860Z, 1645.1675137999998, 671.1597148
1714469687942, 2024-04-30T09:34:47.942Z, 1696.8511856, 748.5002802
1714469688333, 2024-04-30T09:34:48.333Z, 1693.3389353999999, 747.0599164
1714469688346, 2024-04-30T09:34:48.346Z, 1623.6860154, 693.9235004
1714469688403, 2024-04-30T09:34:48.403Z, 1577.0710190000002, 657.5185548000001
1714469688437, 2024-04-30T09:34:48.437Z, 1512.7856788000001, 610.1740172000001
1714469688483, 2024-04-30T09:34:48.483Z, 1458.7878992, 536.4667222
1714469688519, 2024-04-30T09:34:48.519Z, 1457.1307230000002, 541.7397506000001
1714469688531, 2024-04-30T09:34:48.531Z, 1455.6512394000001, 544.1165085999999
1714469688576, 2024-04-30T09:34:48.576Z, 1454.8563683999998, 545.3371602000001
1714469688607, 2024-04-30T09:34:48.607Z, 1456.4142713999997, 545.0292526000001
1714469688647, 2024-04-30T09:34:48.647Z, 1330.3531418, 564.8012716000001
1714469688662, 2024-04-30T09:34:48.662Z, 1174.9071841999998, 581.2691304000001
1714469688690, 2024-04-30T09:34:48.690Z, 982.8119827999999, 599.3361242000001
1714469688705, 2024-04-30T09:34:48.705Z, 723.9418542000001, 620.6555462
1714469688735, 2024-04-30T09:34:48.735Z, 468.8528378, 644.6042594
1714469688749, 2024-04-30T09:34:48.749Z, 347.88413479999997, 644.8641926
1714469688781, 2024-04-30T09:34:48.781Z, 261.8140488, 644.863562
1714469688795, 2024-04-30T09:34:48.795Z, 208.47140720000002, 648.140117
1714469688827, 2024-04-30T09:34:48.827Z, 214.83721, 647.6959844
1714469688846, 2024-04-30T09:34:48.846Z, 216.43861539999997, 645.8117673999999
1714469688873, 2024-04-30T09:34:48.873Z, 204.2626118, 652.5544921999999
1714469688888, 2024-04-30T09:34:48.888Z, 191.005829, 659.5786449999999
1714469688931, 2024-04-30T09:34:48.931Z, 176.94119740000002, 667.3903226
1714469688960, 2024-04-30T09:34:48.960Z, 163.46744840000002, 674.770953
1714469688975, 2024-04-30T09:34:48.975Z, 151.71720620000002, 680.3776976
1714469689004, 2024-04-30T09:34:49.004Z, 148.0142618, 679.3164672
1714469689019, 2024-04-30T09:34:49.019Z, 144.68276260000002, 677.5387841999999
1714469689049, 2024-04-30T09:34:49.049Z, 151.74140660000003, 674.9048396000001
1714469689095, 2024-04-30T09:34:49.095Z, 165.96115640000002, 676.4622062000001
1714469689109, 2024-04-30T09:34:49.109Z, 186.61676400000002, 679.2604567999999
1714469689139, 2024-04-30T09:34:49.139Z, 194.6877662, 683.7026788000001
1714469689154, 2024-04-30T09:34:49.154Z, 208.86339740000003, 690.9350848
1714469689184, 2024-04-30T09:34:49.184Z, 202.41544460000003, 692.7237054
1714469689200, 2024-04-30T09:34:49.200Z, 194.09849599999998, 691.2061375999999
1714469689231, 2024-04-30T09:34:49.231Z, 174.83825380000002, 688.8523038
1714469689246, 2024-04-30T09:34:49.246Z, 165.91904939999998, 682.4587544
1714469689277, 2024-04-30T09:34:49.277Z, 146.3159998, 672.49576
1714469689292, 2024-04-30T09:34:49.292Z, 147.626825, 663.1985384
1714469689323, 2024-04-30T09:34:49.323Z, 146.43180579999998, 655.2796409999999
1714469689338, 2024-04-30T09:34:49.338Z, 152.6608046, 647.8594876
1714469689381, 2024-04-30T09:34:49.381Z, 157.74440859999999, 645.3093077999999
1714469689410, 2024-04-30T09:34:49.410Z, 165.236585, 647.2411689999999
1714469689425, 2024-04-30T09:34:49.425Z, 167.14185260000002, 652.1455208
1714469689455, 2024-04-30T09:34:49.455Z, 168.841395, 656.474792
1714469689470, 2024-04-30T09:34:49.470Z, 173.138686, 660.2477424
1714469689500, 2024-04-30T09:34:49.500Z, 177.90609279999998, 661.2644934
1714469689547, 2024-04-30T09:34:49.547Z, 174.15439800000001, 659.3068271999999
1714469689559, 2024-04-30T09:34:49.559Z, 171.3208796, 656.8211466
1714469689590, 2024-04-30T09:34:49.590Z, 167.337362, 652.702113
1714469689604, 2024-04-30T09:34:49.604Z, 166.0111952, 645.9285354000001
1714469689634, 2024-04-30T09:34:49.634Z, 158.7828948, 640.177851
1714469689651, 2024-04-30T09:34:49.651Z, 162.6548172, 635.7600521999999
1714469689681, 2024-04-30T09:34:49.681Z, 158.7765668, 634.4400497999999
1714469689697, 2024-04-30T09:34:49.697Z, 162.699431, 636.9495709999999
1714469689712, 2024-04-30T09:34:49.712Z, 160.8881518, 643.2105506
1714469689728, 2024-04-30T09:34:49.728Z, 159.81394880000002, 649.1360116000001
1714469689743, 2024-04-30T09:34:49.743Z, 162.2953582, 654.388293
1714469689774, 2024-04-30T09:34:49.774Z, 169.6326876, 656.9164654
1714469689789, 2024-04-30T09:34:49.789Z, 172.8115912, 656.5409204
1714469689831, 2024-04-30T09:34:49.831Z, 183.3607672, 651.0961599999999
1714469689860, 2024-04-30T09:34:49.860Z, 198.9427856, 644.7263692
1714469689875, 2024-04-30T09:34:49.875Z, 195.36174, 642.6415684
1714469689905, 2024-04-30T09:34:49.905Z, 187.2360302, 639.2728284
1714469689920, 2024-04-30T09:34:49.920Z, 184.77770260000003, 635.2291928000001
1714469689955, 2024-04-30T09:34:49.955Z, 168.89522799999997, 635.6030422000001
1714469689995, 2024-04-30T09:34:49.995Z, 145.6855094, 636.2321588
1714469690010, 2024-04-30T09:34:50.010Z, 133.3471856, 632.6781114
1714469690040, 2024-04-30T09:34:50.040Z, 133.06443099999998, 630.6173546
1714469690056, 2024-04-30T09:34:50.056Z, 147.7169524, 631.2093619999999
1714469690087, 2024-04-30T09:34:50.087Z, 158.13840760000002, 632.8457726
1714469690102, 2024-04-30T09:34:50.102Z, 183.7044644, 632.6279322
1714469690131, 2024-04-30T09:34:50.131Z, 207.6240316, 630.9850704
1714469690145, 2024-04-30T09:34:50.145Z, 228.29581580000004, 628.1253068
1714469690175, 2024-04-30T09:34:50.175Z, 224.74335639999998, 626.4901118
1714469690189, 2024-04-30T09:34:50.189Z, 233.68012800000002, 624.4624352000001
1714469690219, 2024-04-30T09:34:50.219Z, 233.9238386, 628.5160410000001
1714469690235, 2024-04-30T09:34:50.235Z, 241.25492260000001, 632.4523282000001
1714469690281, 2024-04-30T09:34:50.281Z, 240.10004919999997, 640.4881690000001
1714469690310, 2024-04-30T09:34:50.310Z, 242.70017760000002, 644.7906399999999
1714469690325, 2024-04-30T09:34:50.325Z, 239.7452632, 648.506077
1714469690355, 2024-04-30T09:34:50.355Z, 243.888431, 647.5239208
1714469690374, 2024-04-30T09:34:50.374Z, 242.8789382, 647.3243878000001
1714469690404, 2024-04-30T09:34:50.404Z, 244.567985, 643.5660582
1714469690445, 2024-04-30T09:34:50.445Z, 248.5765844, 643.3385366
1714469690460, 2024-04-30T09:34:50.460Z, 250.36441920000001, 641.839926
1714469690491, 2024-04-30T09:34:50.491Z, 252.6976358, 640.0967441999999
1714469690506, 2024-04-30T09:34:50.506Z, 266.03986399999997, 635.9038336
1714469690538, 2024-04-30T09:34:50.538Z, 276.6704188, 633.7248626
1714469690554, 2024-04-30T09:34:50.554Z, 292.5001174, 627.1854856
1714469690581, 2024-04-30T09:34:50.581Z, 304.1813124, 623.0170422000001
1714469690595, 2024-04-30T09:34:50.595Z, 316.0302082, 619.568188
1714469690625, 2024-04-30T09:34:50.625Z, 311.6263028, 620.8079568
1714469690640, 2024-04-30T09:34:50.640Z, 318.5293358, 619.4282482
1714469690670, 2024-04-30T09:34:50.670Z, 312.70157340000003, 622.8064164
1714469690685, 2024-04-30T09:34:50.685Z, 315.94048139999995, 623.3796056
1714469690731, 2024-04-30T09:34:50.731Z, 308.6226106, 627.5446602
1714469690760, 2024-04-30T09:34:50.760Z, 292.9491058, 627.3541862
1714469690775, 2024-04-30T09:34:50.775Z, 268.4708858, 627.5293352
1714469690805, 2024-04-30T09:34:50.805Z, 248.66959419999998, 624.8661347999999
1714469690820, 2024-04-30T09:34:50.820Z, 233.0290508, 622.0715702
1714469690851, 2024-04-30T09:34:50.851Z, 220.76454679999998, 616.3730628000001
1714469690895, 2024-04-30T09:34:50.895Z, 208.5979198, 615.2765936000001
1714469690911, 2024-04-30T09:34:50.911Z, 202.6107992, 615.2509036
1714469690940, 2024-04-30T09:34:50.940Z, 187.1086034, 617.6235668000002
1714469690955, 2024-04-30T09:34:50.955Z, 169.5247908, 622.5010972000001
1714469690985, 2024-04-30T09:34:50.985Z, 153.6473874, 627.4702256
1714469691000, 2024-04-30T09:34:51.000Z, 153.7428528, 627.6907875999999
1714469691031, 2024-04-30T09:34:51.031Z, 145.95092300000002, 627.7615837999999
1714469691045, 2024-04-30T09:34:51.045Z, 150.1247318, 625.8762162
1714469691075, 2024-04-30T09:34:51.075Z, 150.8363002, 623.6336138
1714469691090, 2024-04-30T09:34:51.090Z, 163.544848, 621.8736346
1714469691120, 2024-04-30T09:34:51.120Z, 174.3988812, 623.626323
1714469691135, 2024-04-30T09:34:51.135Z, 195.248424, 625.0778297999999
1714469691185, 2024-04-30T09:34:51.185Z, 208.56454920000002, 625.8837894000001
1714469691214, 2024-04-30T09:34:51.214Z, 215.840939, 629.3348573999999
1714469691229, 2024-04-30T09:34:51.229Z, 212.99234459999997, 631.9483658
1714469691259, 2024-04-30T09:34:51.259Z, 210.0079248, 633.8553526
1714469691274, 2024-04-30T09:34:51.274Z, 204.7040308, 635.4837479999999
1714469691304, 2024-04-30T09:34:51.304Z, 214.9121932, 636.16854
1714469691349, 2024-04-30T09:34:51.349Z, 229.26434200000003, 634.1249958
1714469691364, 2024-04-30T09:34:51.364Z, 244.073124, 631.9883474
1714469691396, 2024-04-30T09:34:51.396Z, 255.67463560000002, 629.8070568
1714469691411, 2024-04-30T09:34:51.411Z, 274.3425418, 626.3259816
1714469691443, 2024-04-30T09:34:51.443Z, 279.47085239999996, 626.1059187999999
1714469691458, 2024-04-30T09:34:51.458Z, 288.2169084, 626.5531791999999
1714469691485, 2024-04-30T09:34:51.485Z, 293.0215804, 627.5339164
1714469691498, 2024-04-30T09:34:51.498Z, 303.90800980000006, 627.7443645999999
1714469691527, 2024-04-30T09:34:51.527Z, 300.4509114, 629.6727396
1714469691544, 2024-04-30T09:34:51.544Z, 307.7446768000001, 628.5779042
1714469691581, 2024-04-30T09:34:51.581Z, 308.1997904, 626.6016224
1714469691597, 2024-04-30T09:34:51.597Z, 316.6975908, 625.0348476
1714469691632, 2024-04-30T09:34:51.632Z, 315.3296502, 623.5718383999999
1714469691661, 2024-04-30T09:34:51.661Z, 314.6516342, 620.6251994
1714469691676, 2024-04-30T09:34:51.676Z, 308.88262539999994, 618.842625
1714469691707, 2024-04-30T09:34:51.707Z, 308.2122788, 617.2647222
1714469691722, 2024-04-30T09:34:51.722Z, 311.42260980000003, 612.3397374
1714469691754, 2024-04-30T09:34:51.754Z, 324.2744630000001, 607.3229232000001
1714469691796, 2024-04-30T09:34:51.796Z, 337.3610928, 604.3900848000001
1714469691811, 2024-04-30T09:34:51.811Z, 354.1437288, 599.9036996000001
1714469691841, 2024-04-30T09:34:51.841Z, 363.8037776, 596.9199656000001
1714469691886, 2024-04-30T09:34:51.886Z, 367.00786579999993, 596.429063
1714469691901, 2024-04-30T09:34:51.901Z, 378.27707399999997, 597.4017167999999
1714469691933, 2024-04-30T09:34:51.933Z, 388.3544694, 600.069976
1714469691945, 2024-04-30T09:34:51.945Z, 403.41661459999995, 602.8362612
1714469691974, 2024-04-30T09:34:51.974Z, 418.25649840000005, 605.5984769999999
1714469692024, 2024-04-30T09:34:52.024Z, 424.201403, 609.3118962000001
1714469692034, 2024-04-30T09:34:52.034Z, 422.9662128, 609.5766678
1714469692081, 2024-04-30T09:34:52.081Z, 434.43901880000004, 603.5522282000001
1714469692112, 2024-04-30T09:34:52.112Z, 419.7013264, 605.3826833999999
1714469692127, 2024-04-30T09:34:52.127Z, 410.9296916, 605.4306496
1714469692158, 2024-04-30T09:34:52.158Z, 408.28686200000004, 603.8818926
1714469692205, 2024-04-30T09:34:52.205Z, 393.0958942, 601.3383124
1714469692247, 2024-04-30T09:34:52.247Z, 365.3959128, 601.6429896000001
1714469692262, 2024-04-30T09:34:52.262Z, 353.9006524, 595.6436621999999
1714469692292, 2024-04-30T09:34:52.292Z, 339.8057594, 590.6618926
1714469692307, 2024-04-30T09:34:52.307Z, 332.3234542, 584.7695942
1714469692337, 2024-04-30T09:34:52.337Z, 326.5863114, 587.0209924
1714469692352, 2024-04-30T09:34:52.352Z, 329.91927180000005, 590.3723916
1714469692383, 2024-04-30T09:34:52.383Z, 334.2014252, 594.8130006
1714469692397, 2024-04-30T09:34:52.397Z, 344.68480680000005, 598.2224338
1714469692427, 2024-04-30T09:34:52.427Z, 351.8863864, 601.9033152
1714469692442, 2024-04-30T09:34:52.442Z, 371.0440846, 599.7389884
1714469692472, 2024-04-30T09:34:52.472Z, 385.8204778, 596.5751096
1714469692489, 2024-04-30T09:34:52.489Z, 406.38022140000004, 590.5117167999999
1714469692533, 2024-04-30T09:34:52.533Z, 417.450058, 584.6637532
1714469692562, 2024-04-30T09:34:52.562Z, 418.23379939999995, 584.2431404
1714469692577, 2024-04-30T09:34:52.577Z, 416.15893020000004, 583.9172774
1714469692607, 2024-04-30T09:34:52.607Z, 413.65911560000006, 585.4941547999999
1714469692622, 2024-04-30T09:34:52.622Z, 412.33039019999995, 586.7708162
1714469692637, 2024-04-30T09:34:52.637Z, 424.22637399999996, 586.2471642
1714469692653, 2024-04-30T09:34:52.653Z, 440.9338914, 584.2702670000001
1714469692697, 2024-04-30T09:34:52.697Z, 455.6186962, 584.4067108000002
1714469692742, 2024-04-30T09:34:52.742Z, 470.6110436, 586.0904066
1714469692757, 2024-04-30T09:34:52.757Z, 479.0881654, 589.6209576
1714469692787, 2024-04-30T09:34:52.787Z, 471.7367656, 595.1884326
1714469692804, 2024-04-30T09:34:52.804Z, 454.0415902000001, 598.3014118000001
1714469692833, 2024-04-30T09:34:52.833Z, 403.80393519999996, 603.2483352000002
1714469692847, 2024-04-30T09:34:52.847Z, 355.7509038, 605.4857064
1714469692877, 2024-04-30T09:34:52.877Z, 297.1559242, 607.2523086
1714469692894, 2024-04-30T09:34:52.894Z, 251.37488760000002, 608.0319072
1714469692905, 2024-04-30T09:34:52.905Z, 223.09738000000002, 608.9731856000001
1714469692922, 2024-04-30T09:34:52.922Z, 217.9409878, 608.3618286
1714469692938, 2024-04-30T09:34:52.938Z, 212.4381516, 607.9159102000001
1714469692983, 2024-04-30T09:34:52.983Z, 216.66651460000003, 608.213143
1714469693013, 2024-04-30T09:34:53.013Z, 214.5609806, 611.1628062
1714469693029, 2024-04-30T09:34:53.029Z, 206.70289199999996, 614.158717
1714469693060, 2024-04-30T09:34:53.060Z, 206.97948460000003, 616.8176072
1714469693078, 2024-04-30T09:34:53.078Z, 212.2211272, 619.4469442
1714469693106, 2024-04-30T09:34:53.106Z, 215.63649159999994, 622.020276
1714469693147, 2024-04-30T09:34:53.147Z, 218.63258460000003, 622.776096
1714469693162, 2024-04-30T09:34:53.162Z, 227.3264662, 624.1706308
1714469693195, 2024-04-30T09:34:53.195Z, 235.5869382, 626.9856852
1714469693214, 2024-04-30T09:34:53.214Z, 245.0696806, 629.7604734
1714469693245, 2024-04-30T09:34:53.245Z, 253.9398036, 632.6250193999999
1714469693261, 2024-04-30T09:34:53.261Z, 267.851577, 635.776037
1714469693283, 2024-04-30T09:34:53.283Z, 270.8028526, 637.2117686
1714469693299, 2024-04-30T09:34:53.299Z, 280.6878012, 636.6173712
1714469693327, 2024-04-30T09:34:53.327Z, 282.309013, 635.9437396
1714469693342, 2024-04-30T09:34:53.342Z, 292.3933812, 635.3361364
1714469693373, 2024-04-30T09:34:53.373Z, 297.1228732, 634.0531372
1714469693388, 2024-04-30T09:34:53.388Z, 310.92639640000004, 634.1397752
1714469693435, 2024-04-30T09:34:53.435Z, 311.02764379999996, 632.1465404
1714469693465, 2024-04-30T09:34:53.465Z, 311.69727720000003, 633.5339802000001
1714469693480, 2024-04-30T09:34:53.480Z, 309.5192838, 634.3165262
1714469693512, 2024-04-30T09:34:53.512Z, 304.6437038, 637.2082414
1714469693528, 2024-04-30T09:34:53.528Z, 301.7604356, 638.3439466
1714469693558, 2024-04-30T09:34:53.558Z, 301.14861039999994, 640.0955608
1714469693597, 2024-04-30T09:34:53.597Z, 296.9720334, 637.7723457999999
1714469693612, 2024-04-30T09:34:53.612Z, 299.98868759999993, 637.2713286
1714469693652, 2024-04-30T09:34:53.652Z, 307.2977458, 635.6074408
1714469693667, 2024-04-30T09:34:53.667Z, 315.84230979999995, 634.6916687999999
1714469693699, 2024-04-30T09:34:53.699Z, 329.5203936, 634.0397008
1714469693715, 2024-04-30T09:34:53.715Z, 351.57314399999996, 633.1847197999999
1714469693734, 2024-04-30T09:34:53.734Z, 357.7822986, 630.4302562
1714469693747, 2024-04-30T09:34:53.747Z, 367.4897522, 626.2480102000001
1714469693780, 2024-04-30T09:34:53.780Z, 369.7650552, 621.523696
1714469693824, 2024-04-30T09:34:53.824Z, 371.6936262, 616.9027870000001
1714469693839, 2024-04-30T09:34:53.839Z, 374.7403738, 609.1501946000001
1714469693883, 2024-04-30T09:34:53.883Z, 392.6492086, 604.2899744
1714469693916, 2024-04-30T09:34:53.916Z, 392.2127372, 603.0143984
1714469693932, 2024-04-30T09:34:53.932Z, 394.81917460000005, 602.6032804
1714469693964, 2024-04-30T09:34:53.964Z, 399.176757, 605.8632405999999
1714469693979, 2024-04-30T09:34:53.979Z, 405.3595726, 612.5440134
1714469694010, 2024-04-30T09:34:54.010Z, 407.22413600000004, 620.0701415999999
1714469694047, 2024-04-30T09:34:54.047Z, 420.4658098, 627.1227748
1714469694062, 2024-04-30T09:34:54.062Z, 433.70818380000003, 630.6706654
1714469694092, 2024-04-30T09:34:54.092Z, 448.2007468, 630.6266164000001
1714469694107, 2024-04-30T09:34:54.107Z, 461.67957800000005, 627.3904319999999
1714469694136, 2024-04-30T09:34:54.136Z, 470.3659388, 619.8768404
1714469694150, 2024-04-30T09:34:54.150Z, 487.5518706, 609.3881692
1714469694181, 2024-04-30T09:34:54.181Z, 503.8492365999999, 605.2530128000001
1714469694198, 2024-04-30T09:34:54.198Z, 523.1049866, 599.8005116
1714469694228, 2024-04-30T09:34:54.228Z, 526.7161193999999, 598.507731
1714469694244, 2024-04-30T09:34:54.244Z, 530.6741145999999, 598.090808
1714469694275, 2024-04-30T09:34:54.275Z, 531.1319960000001, 598.9006164
1714469694291, 2024-04-30T09:34:54.291Z, 535.4949482, 594.902205
1714469694331, 2024-04-30T09:34:54.331Z, 556.2742064, 604.2873242
1714469694346, 2024-04-30T09:34:54.346Z, 584.6576498000001, 613.6325028
1714469694359, 2024-04-30T09:34:54.359Z, 653.7975106, 637.7513878000001
1714469694375, 2024-04-30T09:34:54.375Z, 752.691577, 660.0887552
1714469694405, 2024-04-30T09:34:54.405Z, 849.355507, 684.8869320000001
1714469694420, 2024-04-30T09:34:54.420Z, 941.3755142, 700.3995246000001
1714469694450, 2024-04-30T09:34:54.450Z, 1050.659008, 708.5499702
1714469694495, 2024-04-30T09:34:54.495Z, 1120.8650682, 695.524298
1714469694514, 2024-04-30T09:34:54.514Z, 1147.7501432000001, 689.7177066
1714469694540, 2024-04-30T09:34:54.540Z, 1174.8058414000002, 683.2047249999999
1714469694555, 2024-04-30T09:34:54.555Z, 1180.1301256, 675.4339084000001
1714469694571, 2024-04-30T09:34:54.571Z, 1168.2199142, 673.1898577999999
1714469694587, 2024-04-30T09:34:54.587Z, 1154.2832116, 678.6837148000001
1714469694602, 2024-04-30T09:34:54.602Z, 1150.2497868, 681.1223864
1714469694631, 2024-04-30T09:34:54.631Z, 1141.7744946, 681.9800556
1714469694645, 2024-04-30T09:34:54.645Z, 1137.1681542000001, 681.745675
1714469694675, 2024-04-30T09:34:54.675Z, 1131.7985388000002, 681.4844552000001
1714469694690, 2024-04-30T09:34:54.690Z, 1127.2240256, 682.2906756
1714469694725, 2024-04-30T09:34:54.725Z, 1125.6121646, 683.0949256000001
1714469694742, 2024-04-30T09:34:54.742Z, 1125.9409024000001, 685.2767562000001
1714469694781, 2024-04-30T09:34:54.781Z, 1126.5838614, 687.8557205999999
1714469694810, 2024-04-30T09:34:54.810Z, 1120.9408265999998, 694.1530106000001
1714469694825, 2024-04-30T09:34:54.825Z, 1111.147607, 695.0204068
1714469694860, 2024-04-30T09:34:54.860Z, 1104.2187454, 694.1953178
1714469694880, 2024-04-30T09:34:54.880Z, 1097.9572238, 700.386642
1714469694912, 2024-04-30T09:34:54.912Z, 1094.0935622, 708.1693266
1714469694952, 2024-04-30T09:34:54.952Z, 1094.0408086, 712.8187587999998
1714469694965, 2024-04-30T09:34:54.965Z, 1095.5862181999998, 719.2857094
1714469694992, 2024-04-30T09:34:54.992Z, 1095.0041488, 726.0985422000001
1714469695022, 2024-04-30T09:34:55.022Z, 1092.9057082, 726.5280068
1714469695037, 2024-04-30T09:34:55.037Z, 1088.9847011999998, 725.5161439999999
1714469695052, 2024-04-30T09:34:55.052Z, 1091.9320284, 727.9009906
1714469695080, 2024-04-30T09:34:55.080Z, 1099.7323265999999, 730.9553456
1714469695094, 2024-04-30T09:34:55.094Z, 1107.4109456, 732.6660664
1714469695125, 2024-04-30T09:34:55.125Z, 1117.2347302, 733.6989083999999
1714469695139, 2024-04-30T09:34:55.139Z, 1127.1707730000003, 735.2757111999999
1714469695169, 2024-04-30T09:34:55.169Z, 1132.0267244000001, 735.6440107999999
1714469695184, 2024-04-30T09:34:55.184Z, 1129.0189742, 736.109614
1714469695231, 2024-04-30T09:34:55.231Z, 1127.354822, 735.9320358000001
1714469695259, 2024-04-30T09:34:55.259Z, 1123.3757584, 735.7779208
1714469695278, 2024-04-30T09:34:55.278Z, 1119.2134488, 734.1903199999999
1714469695287, 2024-04-30T09:34:55.287Z, 1117.4357670000002, 729.3031764
1714469695304, 2024-04-30T09:34:55.304Z, 1122.358522, 722.8555868
1714469695320, 2024-04-30T09:34:55.320Z, 1124.5994574000001, 717.3807876000001
1714469695334, 2024-04-30T09:34:55.334Z, 1127.0728552, 712.3847202
1714469695350, 2024-04-30T09:34:55.350Z, 1129.169513, 707.6444718
1714469695395, 2024-04-30T09:34:55.395Z, 1131.3593786, 707.0071118000001
1714469695409, 2024-04-30T09:34:55.409Z, 1129.502308, 710.7980998
1714469695440, 2024-04-30T09:34:55.440Z, 1125.0270872, 712.0106082
1714469695455, 2024-04-30T09:34:55.455Z, 1121.3343760000002, 713.3035882
1714469695467, 2024-04-30T09:34:55.467Z, 1117.4264912, 715.2388129999999
1714469695485, 2024-04-30T09:34:55.485Z, 1113.8694472, 714.3184091999999
1714469695500, 2024-04-30T09:34:55.500Z, 1116.0561275999999, 709.0516334
1714469695531, 2024-04-30T09:34:55.531Z, 1121.84144, 705.1836162000001
1714469695546, 2024-04-30T09:34:55.546Z, 1126.6356666, 702.0293638
1714469695575, 2024-04-30T09:34:55.575Z, 1128.8501558, 697.1588554000001
1714469695595, 2024-04-30T09:34:55.595Z, 1127.2712638, 694.1462578000001
1714469695603, 2024-04-30T09:34:55.603Z, 1122.7703878, 693.0607748
1714469695620, 2024-04-30T09:34:55.620Z, 1117.2543668, 692.760949
1714469695635, 2024-04-30T09:34:55.635Z, 1107.3745078000002, 704.4814388000001
1714469695681, 2024-04-30T09:34:55.681Z, 1100.9062706, 717.9353068
1714469695710, 2024-04-30T09:34:55.710Z, 1096.1149264, 734.5478796
1714469695725, 2024-04-30T09:34:55.725Z, 1089.7443306, 751.5497148
1714469695755, 2024-04-30T09:34:55.755Z, 1081.0138777999998, 768.9526294
1714469695770, 2024-04-30T09:34:55.770Z, 1082.2023798, 767.7305134000001
1714469695799, 2024-04-30T09:34:55.799Z, 1085.3815811999998, 764.689161
1714469695845, 2024-04-30T09:34:55.845Z, 1096.7397622, 753.1853108
1714469695861, 2024-04-30T09:34:55.861Z, 1109.2915114, 741.5147512000001
1714469695893, 2024-04-30T09:34:55.893Z, 1122.7199628, 729.0306584
1714469695908, 2024-04-30T09:34:55.908Z, 1128.541823, 723.0226808
1714469695940, 2024-04-30T09:34:55.940Z, 1129.1759006, 718.3895442
1714469695955, 2024-04-30T09:34:55.955Z, 1124.2312034, 717.978832
1714469695981, 2024-04-30T09:34:55.981Z, 1118.7294306, 716.7912348
1714469695995, 2024-04-30T09:34:55.995Z, 1113.4452034, 715.4859469999999
1714469696007, 2024-04-30T09:34:56.007Z, 1110.9666679999998, 712.6519644
1714469696025, 2024-04-30T09:34:56.025Z, 1111.0774689999998, 711.1307868
1714469696039, 2024-04-30T09:34:56.039Z, 1110.0459286, 710.6004256
1714469696070, 2024-04-30T09:34:56.070Z, 1107.7434236, 714.2465050000001
1714469696084, 2024-04-30T09:34:56.084Z, 1106.771664, 724.1715768000001
1714469696131, 2024-04-30T09:34:56.131Z, 1104.5607553999998, 733.6583848
1714469696159, 2024-04-30T09:34:56.159Z, 1105.5849130000001, 748.0581212
1714469696174, 2024-04-30T09:34:56.174Z, 1108.0845708000002, 762.0247417999999
1714469696205, 2024-04-30T09:34:56.205Z, 1112.1012608, 771.9822277999999
1714469696219, 2024-04-30T09:34:56.219Z, 1115.3542272, 775.728977
1714469696234, 2024-04-30T09:34:56.234Z, 1119.5478964, 781.0450224
1714469696250, 2024-04-30T09:34:56.250Z, 1114.937106, 786.1925756
1714469696277, 2024-04-30T09:34:56.277Z, 1109.3816588000002, 790.2915204
1714469696295, 2024-04-30T09:34:56.295Z, 1102.6904481999998, 795.4712222
1714469696310, 2024-04-30T09:34:56.310Z, 1097.4621706, 798.5151574
1714469696342, 2024-04-30T09:34:56.342Z, 1091.2565412, 799.2545484
1714469696357, 2024-04-30T09:34:56.357Z, 1089.0837781999999, 791.8685728
1714469696388, 2024-04-30T09:34:56.388Z, 1088.6706164, 776.2007740000001
1714469696404, 2024-04-30T09:34:56.404Z, 1089.3384548, 760.2606296000001
1714469696430, 2024-04-30T09:34:56.430Z, 1093.1282478, 749.4685822
1714469696444, 2024-04-30T09:34:56.444Z, 1096.4807978000001, 740.6976424
1714469696475, 2024-04-30T09:34:56.475Z, 1102.6607968, 735.047725
1714469696490, 2024-04-30T09:34:56.490Z, 1105.8597532, 739.051438
1714469696520, 2024-04-30T09:34:56.520Z, 1107.7403844, 744.3338076
1714469696535, 2024-04-30T09:34:56.535Z, 1106.408628, 746.4498492
1714469696581, 2024-04-30T09:34:56.581Z, 1108.3589108, 748.6315941999999
1714469696610, 2024-04-30T09:34:56.610Z, 1110.4713694000002, 750.0398971999999
1714469696626, 2024-04-30T09:34:56.626Z, 1112.7273340000002, 752.0559317999999
1714469696655, 2024-04-30T09:34:56.655Z, 1114.965807, 758.8688253999999
1714469696674, 2024-04-30T09:34:56.674Z, 1115.4505232, 766.2921472
1714469696703, 2024-04-30T09:34:56.703Z, 1113.9262396, 773.915582
1714469696748, 2024-04-30T09:34:56.748Z, 1110.8486822, 782.2673950000001
1714469696765, 2024-04-30T09:34:56.765Z, 1108.5778518000002, 789.4613574000001
1714469696793, 2024-04-30T09:34:56.793Z, 1108.1579712, 788.1560294000001
1714469696808, 2024-04-30T09:34:56.808Z, 1110.0821174, 785.009374
1714469696838, 2024-04-30T09:34:56.838Z, 1111.5104168, 781.3650328000001
1714469696853, 2024-04-30T09:34:56.853Z, 1112.168046, 777.1495496
1714469696884, 2024-04-30T09:34:56.884Z, 1113.8365574, 773.5527625999999
1714469696897, 2024-04-30T09:34:56.897Z, 1115.4114548, 773.2161062
1714469696928, 2024-04-30T09:34:56.928Z, 1115.6874926, 774.2492238
1714469696944, 2024-04-30T09:34:56.944Z, 1116.6226306, 775.5373776
1714469696976, 2024-04-30T09:34:56.976Z, 1119.4347642, 776.1376824000001
1714469696991, 2024-04-30T09:34:56.991Z, 1121.3199342, 775.852059
1714469697006, 2024-04-30T09:34:57.006Z, 1119.6150506, 775.53346
1714469697031, 2024-04-30T09:34:57.031Z, 1118.6609996, 775.557164
1714469697060, 2024-04-30T09:34:57.060Z, 1117.5720276, 775.9102350000001
1714469697075, 2024-04-30T09:34:57.075Z, 1115.2974559999998, 777.9276543999998
1714469697105, 2024-04-30T09:34:57.105Z, 1114.9109492, 782.1893868
1714469697125, 2024-04-30T09:34:57.125Z, 1116.8111477999998, 785.4810632
1714469697152, 2024-04-30T09:34:57.152Z, 1117.2658248, 788.3371002
1714469697196, 2024-04-30T09:34:57.196Z, 1115.20352, 790.7067174
1714469697210, 2024-04-30T09:34:57.210Z, 1114.3659526, 792.4308164
1714469697241, 2024-04-30T09:34:57.241Z, 1115.3241316, 791.40016
1714469697257, 2024-04-30T09:34:57.257Z, 1118.0994206, 789.8413252
1714469697288, 2024-04-30T09:34:57.288Z, 1121.6854491999998, 788.3224184000001
1714469697304, 2024-04-30T09:34:57.304Z, 1127.8503276, 787.0660651999999
1714469697331, 2024-04-30T09:34:57.331Z, 1133.5047577999999, 782.1816192
1714469697346, 2024-04-30T09:34:57.346Z, 1136.2962538, 779.4482018000001
1714469697374, 2024-04-30T09:34:57.374Z, 1136.222995, 779.9411659999998
1714469697389, 2024-04-30T09:34:57.389Z, 1134.5324428, 781.7238046
1714469697420, 2024-04-30T09:34:57.420Z, 1131.9954334000001, 783.8552818000001
1714469697435, 2024-04-30T09:34:57.435Z, 1129.3817228, 789.2399882
1714469697481, 2024-04-30T09:34:57.481Z, 1127.146243, 791.7108029999999
1714469697492, 2024-04-30T09:34:57.492Z, 1128.1188984, 790.5518884
1714469697510, 2024-04-30T09:34:57.510Z, 1129.7112232000002, 787.0676513999999
1714469697527, 2024-04-30T09:34:57.527Z, 1131.5148259999999, 788.8394129999999
1714469697555, 2024-04-30T09:34:57.555Z, 1133.0454235999998, 789.7998777999999
1714469697569, 2024-04-30T09:34:57.569Z, 1131.4636252, 794.7945528
1714469697584, 2024-04-30T09:34:57.584Z, 1127.3823604, 799.6331596
1714469697599, 2024-04-30T09:34:57.599Z, 1126.1789946, 804.9810004
1714469697645, 2024-04-30T09:34:57.645Z, 1125.0190306, 803.1777642
1714469697661, 2024-04-30T09:34:57.661Z, 1122.4639052000002, 803.4075736
1714469697693, 2024-04-30T09:34:57.693Z, 1118.6819759999998, 800.9637336
1714469697708, 2024-04-30T09:34:57.708Z, 1117.9953126, 799.6133217999999
1714469697739, 2024-04-30T09:34:57.739Z, 1116.82722, 797.1170678
1714469697754, 2024-04-30T09:34:57.754Z, 1115.9078464, 793.8156120000001
1714469697780, 2024-04-30T09:34:57.780Z, 1117.0540796, 788.7143222000001
1714469697794, 2024-04-30T09:34:57.794Z, 1121.4865273999999, 783.7399978000001
1714469697832, 2024-04-30T09:34:57.832Z, 1124.0281864, 776.273041
1714469697847, 2024-04-30T09:34:57.847Z, 1125.1472022, 770.5130786
1714469697863, 2024-04-30T09:34:57.863Z, 1125.9309656, 766.0633068
1714469697878, 2024-04-30T09:34:57.878Z, 1126.6254961999998, 762.5907782
1714469697894, 2024-04-30T09:34:57.894Z, 1126.9821382, 759.5280294
1714469697934, 2024-04-30T09:34:57.934Z, 1129.8861728, 762.870015
1714469697973, 2024-04-30T09:34:57.973Z, 1131.7663888, 766.7335811999999
1714469697989, 2024-04-30T09:34:57.989Z, 1133.8747194000002, 772.4933021999999
1714469698020, 2024-04-30T09:34:58.020Z, 1132.7116382, 777.9146214
1714469698036, 2024-04-30T09:34:58.036Z, 1130.9654343999998, 783.6923386000001
1714469698053, 2024-04-30T09:34:58.053Z, 1127.095219, 785.9749535999999
1714469698099, 2024-04-30T09:34:58.099Z, 1125.6870563999998, 788.5604802
1714469698114, 2024-04-30T09:34:58.114Z, 1123.9748919999997, 790.1886598
1714469698146, 2024-04-30T09:34:58.146Z, 1122.2415698, 792.6162523999999
1714469698162, 2024-04-30T09:34:58.162Z, 1119.2809906, 795.452969
1714469698193, 2024-04-30T09:34:58.193Z, 1112.682458, 797.5214484
1714469698207, 2024-04-30T09:34:58.207Z, 1098.5097546000002, 799.2653786
1714469698231, 2024-04-30T09:34:58.231Z, 1059.8559202000001, 797.0617298
1714469698245, 2024-04-30T09:34:58.245Z, 973.2910930000002, 787.3652506000001
1714469698274, 2024-04-30T09:34:58.274Z, 846.0306464000001, 773.2530394
1714469698289, 2024-04-30T09:34:58.289Z, 731.4745671999999, 759.3517340000001
1714469698319, 2024-04-30T09:34:58.319Z, 570.751938, 739.5628872000001
1714469698334, 2024-04-30T09:34:58.334Z, 408.22535380000005, 723.5166704000001
1714469698384, 2024-04-30T09:34:58.384Z, 290.70229040000004, 717.3164084
1714469698413, 2024-04-30T09:34:58.413Z, 210.8300694, 711.2095206
1714469698428, 2024-04-30T09:34:58.428Z, 122.70617379999999, 705.7214984
1714469698459, 2024-04-30T09:34:58.459Z, 90.84847779999998, 704.1036230000001
1714469698488, 2024-04-30T09:34:58.488Z, 91.7046618, 703.8866426
1714469698503, 2024-04-30T09:34:58.503Z, 94.97283039999999, 697.1814978
1714469698548, 2024-04-30T09:34:58.548Z, 101.9406492, 693.1701292
1714469698563, 2024-04-30T09:34:58.563Z, 108.4188662, 688.916179
1714469698598, 2024-04-30T09:34:58.598Z, 115.44831359999998, 687.6785839999999
1714469698613, 2024-04-30T09:34:58.613Z, 123.7447684, 688.046548
1714469698645, 2024-04-30T09:34:58.645Z, 172.4712764, 697.0327658
1714469698661, 2024-04-30T09:34:58.661Z, 282.26636640000004, 714.6189757999999
1714469698686, 2024-04-30T09:34:58.686Z, 427.51518599999997, 734.4180595999999
1714469698700, 2024-04-30T09:34:58.700Z, 580.2530254, 754.719462
1714469698742, 2024-04-30T09:34:58.742Z, 822.9178813999999, 778.3080406
1714469698773, 2024-04-30T09:34:58.773Z, 1026.2351142, 799.7375652
1714469698790, 2024-04-30T09:34:58.790Z, 1173.0821826, 825.3696305999999
1714469698832, 2024-04-30T09:34:58.832Z, 1282.3087076, 843.4797876
1714469698861, 2024-04-30T09:34:58.861Z, 1377.8624224, 858.6903464
1714469698876, 2024-04-30T09:34:58.876Z, 1376.2507937999999, 868.4449953999999
1714469698918, 2024-04-30T09:34:58.918Z, 1375.9913628000002, 872.5352387999999
1714469698934, 2024-04-30T09:34:58.934Z, 1372.9982336, 871.047011
1714469698951, 2024-04-30T09:34:58.951Z, 1371.9791298, 873.9531139999999
1714469698997, 2024-04-30T09:34:58.997Z, 1375.3944405999998, 872.9476463999999
1714469699012, 2024-04-30T09:34:59.012Z, 1381.0013534000002, 865.547913
1714469699060, 2024-04-30T09:34:59.060Z, 1394.8609345999998, 854.7713106000001
1714469699107, 2024-04-30T09:34:59.107Z, 1409.1466977999999, 836.4534504
1714469699148, 2024-04-30T09:34:59.148Z, 1424.5722858, 818.021186
1714469699191, 2024-04-30T09:34:59.191Z, 1373.1128485999998, 762.0108177999999