1714469879593, 2024-04-30T09:37:59.593Z, 61.788231, 138.111315
1714469879624, 2024-04-30T09:37:59.624Z, 69.3220115, 167.7899445
1714469879640, 2024-04-30T09:37:59.640Z, 72.45249166666667, 171.58788066666668
1714469879671, 2024-04-30T09:37:59.671Z, 94.33481700000002, 189.6583095
1714469879686, 2024-04-30T09:37:59.686Z, 107.82748080000002, 202.1878434
1714469879726, 2024-04-30T09:37:59.726Z, 132.9086762, 230.579304
1714469879758, 2024-04-30T09:37:59.758Z, 157.37985880000002, 247.08147280000003
1714469879772, 2024-04-30T09:37:59.772Z, 182.66963800000002, 268.0422036
1714469879803, 2024-04-30T09:37:59.803Z, 191.76227160000002, 275.3305208
1714469879845, 2024-04-30T09:37:59.845Z, 201.1151422, 280.3335196
1714469879890, 2024-04-30T09:37:59.890Z, 206.88275900000002, 280.77523699999995
1714469879906, 2024-04-30T09:37:59.906Z, 210.84936240000002, 281.95596179999995
1714469879937, 2024-04-30T09:37:59.937Z, 223.27534740000002, 285.75937400000004
1714469879952, 2024-04-30T09:37:59.952Z, 247.232569, 292.57830799999994
1714469879983, 2024-04-30T09:37:59.983Z, 270.2301442, 300.014432
1714469879998, 2024-04-30T09:37:59.998Z, 291.30216040000005, 306.03346680000004
1714469880025, 2024-04-30T09:38:00.025Z, 316.1782344, 312.60164819999994
1714469880038, 2024-04-30T09:38:00.038Z, 332.8721702, 315.19118160000005
1714469880068, 2024-04-30T09:38:00.068Z, 339.0569074, 313.71087980000004
1714469880083, 2024-04-30T09:38:00.083Z, 345.81634340000005, 312.03691420000007
1714469880338, 2024-04-30T09:38:00.338Z, 358.523687, 331.85833679999996
1714469880353, 2024-04-30T09:38:00.353Z, 355.90386500000005, 334.46307720000004
1714469880383, 2024-04-30T09:38:00.383Z, 351.52023640000004, 337.89815079999994
1714469880398, 2024-04-30T09:38:00.398Z, 347.2699334, 345.3896452
1714469880428, 2024-04-30T09:38:00.428Z, 342.50812559999997, 353.0715916
1714469880443, 2024-04-30T09:38:00.443Z, 332.41038100000003, 340.58246340000005
1714469880474, 2024-04-30T09:38:00.474Z, 332.9722308, 344.80030880000004
1714469880488, 2024-04-30T09:38:00.488Z, 333.9808592, 348.8248948
1714469880518, 2024-04-30T09:38:00.518Z, 332.12421179999996, 348.987789
1714469880533, 2024-04-30T09:38:00.533Z, 330.174392, 348.72769959999994
1714469880563, 2024-04-30T09:38:00.563Z, 326.7353878, 346.09672120000005
1714469880578, 2024-04-30T09:38:00.578Z, 321.89357259999997, 340.8877996
1714469882141, 2024-04-30T09:38:02.141Z, 278.2205344, 349.9180424
1714469882682, 2024-04-30T09:38:02.682Z, 344.5628026, 297.0437281999999
1714469882785, 2024-04-30T09:38:02.785Z, 411.27119000000005, 244.57646119999998
1714469882816, 2024-04-30T09:38:02.816Z, 358.152471, 338.09588279999997
1714469882831, 2024-04-30T09:38:02.831Z, 306.69759039999997, 433.43264220000003
1714469882905, 2024-04-30T09:38:02.905Z, 297.81461679999995, 413.9699674
1714469883854, 2024-04-30T09:38:03.854Z, 173.53206819999997, 478.774338
1714469884134, 2024-04-30T09:38:04.134Z, 45.278738, 520.7414332
1714469884615, 2024-04-30T09:38:04.615Z, 184.6990796, 422.5612531999999
1714469884676, 2024-04-30T09:38:04.676Z, 253.501843, 435.33592319999997
1714469884705, 2024-04-30T09:38:04.705Z, 327.11460619999997, 549.0908966
1714469884722, 2024-04-30T09:38:04.722Z, 453.90502960000003, 644.7441754
1714469885490, 2024-04-30T09:38:05.490Z, 502.9745566, 765.1728216
1714469885516, 2024-04-30T09:38:05.516Z, 408.4747538, 875.4548192
1714469885531, 2024-04-30T09:38:05.531Z, 384.5925292, 874.7819668
1714469885577, 2024-04-30T09:38:05.577Z, 361.463887, 869.4516694
1714469885607, 2024-04-30T09:38:05.607Z, 299.2391464, 862.1838922
1714469885622, 2024-04-30T09:38:05.622Z, 313.4119503999999, 843.3717402
1714469885654, 2024-04-30T09:38:05.654Z, 333.66676419999993, 838.7144946000001
1714469885669, 2024-04-30T09:38:05.669Z, 354.7101822, 835.3419892
1714469885702, 2024-04-30T09:38:05.702Z, 350.23840540000003, 835.2357250000001
1714469885786, 2024-04-30T09:38:05.786Z, 329.3752392, 829.2467966
1714469885800, 2024-04-30T09:38:05.800Z, 301.872134, 825.6270526000001
1714469885831, 2024-04-30T09:38:05.831Z, 257.2414698, 805.793803
1714469885845, 2024-04-30T09:38:05.845Z, 205.99889519999996, 778.16228
1714469885877, 2024-04-30T09:38:05.877Z, 167.47854779999997, 756.5537896
1714469885890, 2024-04-30T09:38:05.890Z, 140.33471219999998, 743.0653101999999
1714469885920, 2024-04-30T09:38:05.920Z, 123.37215619999999, 738.9290022
1714469885936, 2024-04-30T09:38:05.936Z, 113.12623260000001, 739.8136382
1714469885969, 2024-04-30T09:38:05.969Z, 108.6019254, 745.603386
1714469885981, 2024-04-30T09:38:05.981Z, 108.40560580000002, 747.5053834
1714469886027, 2024-04-30T09:38:06.027Z, 101.8860506, 739.8506318000001
1714469886057, 2024-04-30T09:38:06.057Z, 102.51096320000002, 737.7153918000001
1714469886073, 2024-04-30T09:38:06.073Z, 109.72442759999998, 740.4001752
1714469886103, 2024-04-30T09:38:06.103Z, 115.8758488, 744.2520817999999
1714469886118, 2024-04-30T09:38:06.118Z, 122.1079794, 746.9151362
1714469886149, 2024-04-30T09:38:06.149Z, 129.02877220000002, 756.5231
1714469886191, 2024-04-30T09:38:06.191Z, 130.58231640000002, 757.9285098
1714469886206, 2024-04-30T09:38:06.206Z, 127.971689, 758.0459522
1714469886237, 2024-04-30T09:38:06.237Z, 126.58672020000002, 761.1654550000001
1714469886250, 2024-04-30T09:38:06.250Z, 114.9728466, 760.1490924
1714469886279, 2024-04-30T09:38:06.279Z, 105.05287899999999, 758.4140676
1714469886294, 2024-04-30T09:38:06.294Z, 92.6182782, 756.0739676
1714469886325, 2024-04-30T09:38:06.325Z, 85.0764424, 755.8317144
1714469886339, 2024-04-30T09:38:06.339Z, 78.00945920000001, 752.7543896
1714469886369, 2024-04-30T09:38:06.369Z, 85.3960902, 753.953051
1714469886384, 2024-04-30T09:38:06.384Z, 94.7911838, 756.3917198
1714469886414, 2024-04-30T09:38:06.414Z, 111.47744780000001, 758.6419372
1714469886429, 2024-04-30T09:38:06.429Z, 125.55686539999999, 762.2487272000001
1714469886476, 2024-04-30T09:38:06.476Z, 140.332495, 767.1848258
1714469886507, 2024-04-30T09:38:06.507Z, 154.56059100000002, 773.9915154
1714469886523, 2024-04-30T09:38:06.523Z, 186.4977914, 781.941457
1714469886554, 2024-04-30T09:38:06.554Z, 212.89595139999997, 788.5938736
1714469886569, 2024-04-30T09:38:06.569Z, 238.2340486, 792.5806504
1714469886639, 2024-04-30T09:38:06.639Z, 267.0603742, 786.5095478000001
1714469886654, 2024-04-30T09:38:06.654Z, 297.46957480000003, 776.8033438
1714469886688, 2024-04-30T09:38:06.688Z, 309.9938366, 764.5449154
1714469886699, 2024-04-30T09:38:06.699Z, 323.893779, 757.3997962000001
1714469886729, 2024-04-30T09:38:06.729Z, 333.6294558000001, 748.3996724000001
1714469886748, 2024-04-30T09:38:06.748Z, 339.21467459999997, 747.7549778
1714469886789, 2024-04-30T09:38:06.789Z, 334.595096, 748.3909362
1714469886802, 2024-04-30T09:38:06.802Z, 327.413011, 749.7973054
1714469886835, 2024-04-30T09:38:06.835Z, 323.22206960000005, 752.6431734
1714469886864, 2024-04-30T09:38:06.864Z, 333.01887259999995, 757.4660202
1714469886880, 2024-04-30T09:38:06.880Z, 337.5838028, 761.136071
1714469886925, 2024-04-30T09:38:06.925Z, 344.3876626, 768.4015636
1714469886954, 2024-04-30T09:38:06.954Z, 334.42807120000003, 777.0575338000001
1714469886970, 2024-04-30T09:38:06.970Z, 321.72117779999996, 781.4827068
1714469887002, 2024-04-30T09:38:07.002Z, 296.0578794, 784.897964
1714469887014, 2024-04-30T09:38:07.014Z, 277.6702728, 792.9583623999999
1714469887044, 2024-04-30T09:38:07.044Z, 262.4091328, 799.45379
1714469887089, 2024-04-30T09:38:07.089Z, 268.533396, 806.6582912
1714469887104, 2024-04-30T09:38:07.104Z, 273.57612, 814.0699998
1714469887134, 2024-04-30T09:38:07.134Z, 275.454571, 815.2696377999999
1714469887149, 2024-04-30T09:38:07.149Z, 259.25023079999994, 792.7163671999999
1714469887162, 2024-04-30T09:38:07.162Z, 237.56413719999995, 751.9024256
1714469887179, 2024-04-30T09:38:07.179Z, 211.7471784, 699.1322471999999
1714469887226, 2024-04-30T09:38:07.226Z, 184.71572600000002, 639.2469032
1714469887239, 2024-04-30T09:38:07.239Z, 162.3111, 585.469861
1714469887254, 2024-04-30T09:38:07.254Z, 162.725182, 558.6197986
1714469887269, 2024-04-30T09:38:07.269Z, 164.9403526, 550.88108
1714469887285, 2024-04-30T09:38:07.285Z, 162.0851664, 543.2748348
1714469887318, 2024-04-30T09:38:07.318Z, 159.6059796, 539.9668884
1714469887333, 2024-04-30T09:38:07.333Z, 155.8665744, 535.5528901999999
1714469887375, 2024-04-30T09:38:07.375Z, 146.0878722, 528.8488556
1714469887386, 2024-04-30T09:38:07.386Z, 138.3811164, 519.6363182000001
1714469887404, 2024-04-30T09:38:07.404Z, 137.67170099999998, 521.1123522
1714469887419, 2024-04-30T09:38:07.419Z, 131.38897020000002, 523.1644192
1714469887449, 2024-04-30T09:38:07.449Z, 146.9131012, 527.6393216
1714469887464, 2024-04-30T09:38:07.464Z, 158.79079000000002, 525.5480067999999
1714469887494, 2024-04-30T09:38:07.494Z, 177.1297212, 522.3651
1714469887539, 2024-04-30T09:38:07.539Z, 200.56838, 519.647929
1714469887554, 2024-04-30T09:38:07.554Z, 237.33648939999998, 518.8440956
1714469887584, 2024-04-30T09:38:07.584Z, 251.76569759999998, 515.9764863999999
1714469887599, 2024-04-30T09:38:07.599Z, 275.67359799999997, 517.8871316
1714469887633, 2024-04-30T09:38:07.633Z, 291.7745038, 522.4111126
1714469887644, 2024-04-30T09:38:07.644Z, 305.932534, 525.52579
1714469887676, 2024-04-30T09:38:07.676Z, 310.1403688, 529.4848326
1714469887689, 2024-04-30T09:38:07.689Z, 314.7768506, 533.3587794000001
1714469887720, 2024-04-30T09:38:07.720Z, 307.1846434, 533.3805338
1714469887736, 2024-04-30T09:38:07.736Z, 305.780735, 530.9258496
1714469887766, 2024-04-30T09:38:07.766Z, 296.1747308, 525.8195484
1714469887781, 2024-04-30T09:38:07.781Z, 294.8493582, 521.2158268000001
1714469887825, 2024-04-30T09:38:07.825Z, 288.0971858, 516.0558308
1714469887853, 2024-04-30T09:38:07.853Z, 307.21796759999995, 518.8095138
1714469887868, 2024-04-30T09:38:07.868Z, 321.642664, 521.2830814
1714469887899, 2024-04-30T09:38:07.899Z, 334.949752, 522.5613396000001
1714469887913, 2024-04-30T09:38:07.913Z, 332.8233046, 521.048494
1714469887943, 2024-04-30T09:38:07.943Z, 344.5205116, 518.9301508000001
1714469887988, 2024-04-30T09:38:07.988Z, 348.0079588, 508.70302439999995
1714469888003, 2024-04-30T09:38:08.003Z, 348.67416760000003, 494.56078240000005
1714469888033, 2024-04-30T09:38:08.033Z, 356.21085419999997, 472.6937118000001
1714469888049, 2024-04-30T09:38:08.049Z, 379.01913399999995, 456.9642086
1714469888080, 2024-04-30T09:38:08.080Z, 390.83507579999997, 439.61025920000003
1714469888095, 2024-04-30T09:38:08.095Z, 384.9356647999999, 429.98419679999995
1714469888125, 2024-04-30T09:38:08.125Z, 381.58243600000003, 422.1456982000001
1714469888141, 2024-04-30T09:38:08.141Z, 381.84542280000005, 430.44129300000003
1714469888171, 2024-04-30T09:38:08.171Z, 375.2398182, 436.3256428000001
1714469888187, 2024-04-30T09:38:08.187Z, 372.48921520000005, 449.2283412
1714469888218, 2024-04-30T09:38:08.218Z, 376.5359688, 455.4221294
1714469888234, 2024-04-30T09:38:08.234Z, 384.3694654, 465.7220064
1714469888274, 2024-04-30T09:38:08.274Z, 399.65166280000005, 473.89434659999995
1714469888319, 2024-04-30T09:38:08.319Z, 448.0011182, 478.4385626
1714469888348, 2024-04-30T09:38:08.348Z, 483.8327585999999, 480.986402
1714469888364, 2024-04-30T09:38:08.364Z, 512.7949861999999, 486.22637620000006
1714469888393, 2024-04-30T09:38:08.393Z, 531.0929182, 492.24922640000005
1714469888442, 2024-04-30T09:38:08.442Z, 542.524077, 502.0410756
1714469888453, 2024-04-30T09:38:08.453Z, 527.4467676, 511.844157
1714469888483, 2024-04-30T09:38:08.483Z, 517.8265567999999, 523.364837
1714469888498, 2024-04-30T09:38:08.498Z, 520.1143194, 524.5109556
1714469888528, 2024-04-30T09:38:08.528Z, 542.1953324, 526.4215350000001
1714469888544, 2024-04-30T09:38:08.544Z, 558.2239526000001, 529.9650915999999
1714469888574, 2024-04-30T09:38:08.574Z, 576.0497736, 535.611909
1714469888588, 2024-04-30T09:38:08.588Z, 601.6663382, 530.0088104
1714469888618, 2024-04-30T09:38:08.618Z, 618.7509524, 539.492149
1714469888634, 2024-04-30T09:38:08.634Z, 626.0959024, 547.0627268000001
1714469888663, 2024-04-30T09:38:08.663Z, 651.1290226000001, 543.5222172
1714469888679, 2024-04-30T09:38:08.679Z, 676.9269478, 537.9418252
1714469888725, 2024-04-30T09:38:08.725Z, 705.7400673999999, 542.3809932
1714469888753, 2024-04-30T09:38:08.753Z, 741.1105842, 543.3405652
1714469888769, 2024-04-30T09:38:08.769Z, 773.5512673999999, 543.9749716
1714469888799, 2024-04-30T09:38:08.799Z, 784.1265016, 545.5825992
1714469888844, 2024-04-30T09:38:08.844Z, 782.9869086000001, 552.1267414
1714469888888, 2024-04-30T09:38:08.888Z, 773.290624, 554.5141031999999
1714469888903, 2024-04-30T09:38:08.903Z, 758.7711438, 552.8329269999999
1714469888938, 2024-04-30T09:38:08.938Z, 744.5371082, 549.3881196
1714469888948, 2024-04-30T09:38:08.948Z, 739.0573914, 547.5744769999999
1714469888978, 2024-04-30T09:38:08.978Z, 752.3693989999999, 541.1115835999999
1714469888993, 2024-04-30T09:38:08.993Z, 700.4772949999999, 535.812679
1714469889026, 2024-04-30T09:38:09.026Z, 601.354853, 531.0373024
1714469889071, 2024-04-30T09:38:09.071Z, 456.58985540000003, 527.4594155999999
1714469889086, 2024-04-30T09:38:09.086Z, 315.1202546, 509.75260740000004
1714469889204, 2024-04-30T09:38:09.204Z, 167.01971640000002, 508.86437159999997
1714469889219, 2024-04-30T09:38:09.219Z, 89.2913538, 509.0450438
1714469889249, 2024-04-30T09:38:09.249Z, 64.6175902, 512.5030462
1714469889264, 2024-04-30T09:38:09.264Z, 86.65070119999999, 517.0410400000001
1714469889294, 2024-04-30T09:38:09.294Z, 107.87835420000002, 539.2069442
1714469889343, 2024-04-30T09:38:09.343Z, 112.73359479999999, 543.7385186
1714469889358, 2024-04-30T09:38:09.358Z, 114.67507500000002, 547.006813
1714469889384, 2024-04-30T09:38:09.384Z, 109.4158208, 545.3356136
1714469889399, 2024-04-30T09:38:09.399Z, 116.7435618, 545.69853
1714469889429, 2024-04-30T09:38:09.429Z, 115.18777519999999, 541.435481
1714469889444, 2024-04-30T09:38:09.444Z, 136.4880856, 539.7065174
1714469889475, 2024-04-30T09:38:09.475Z, 158.3675618, 537.2677931999999
1714469889491, 2024-04-30T09:38:09.491Z, 187.4710878, 539.0061186
1714469889523, 2024-04-30T09:38:09.523Z, 198.93535659999998, 537.2049238
1714469889538, 2024-04-30T09:38:09.538Z, 218.90117060000003, 534.0761504
1714469889569, 2024-04-30T09:38:09.569Z, 220.3093458, 530.72889
1714469889584, 2024-04-30T09:38:09.584Z, 227.52462579999997, 528.348174
1714469889625, 2024-04-30T09:38:09.625Z, 225.3173662, 526.4567203999999
1714469889654, 2024-04-30T09:38:09.654Z, 246.2457276, 525.8098534
1714469889669, 2024-04-30T09:38:09.669Z, 262.5571804, 527.7991543999999
1714469889699, 2024-04-30T09:38:09.699Z, 283.19243079999995, 528.2458012
1714469889714, 2024-04-30T09:38:09.714Z, 297.76991300000003, 527.8920746
1714469889744, 2024-04-30T09:38:09.744Z, 315.4630138, 525.021361
1714469889789, 2024-04-30T09:38:09.789Z, 311.8025016, 518.4379862
1714469889804, 2024-04-30T09:38:09.804Z, 305.8152148, 512.7709021999999
1714469889834, 2024-04-30T09:38:09.834Z, 311.3748396, 510.48065339999994
1714469889849, 2024-04-30T09:38:09.849Z, 324.6924726, 509.3517804
1714469889879, 2024-04-30T09:38:09.879Z, 345.57156999999995, 507.1302802
1714469889894, 2024-04-30T09:38:09.894Z, 375.99682999999993, 511.29838959999995
1714469889925, 2024-04-30T09:38:09.925Z, 412.17021020000004, 514.846751
1714469889940, 2024-04-30T09:38:09.940Z, 436.4808468, 512.1727118000001
1714469889971, 2024-04-30T09:38:09.971Z, 456.3850780000001, 508.9251228000001
1714469889986, 2024-04-30T09:38:09.986Z, 469.8236476, 507.0702152
1714469890017, 2024-04-30T09:38:10.017Z, 483.2451092, 508.53738839999994
1714469890033, 2024-04-30T09:38:10.033Z, 495.486438, 511.16366560000006
1714469890075, 2024-04-30T09:38:10.075Z, 518.9243432, 517.1364242
1714469890104, 2024-04-30T09:38:10.104Z, 533.7469808, 526.3667324
1714469890122, 2024-04-30T09:38:10.122Z, 550.9849072, 538.1310516
1714469890149, 2024-04-30T09:38:10.149Z, 555.2440506, 542.9533428000001
1714469890164, 2024-04-30T09:38:10.164Z, 560.0074625999999, 547.6138306
1714469890194, 2024-04-30T09:38:10.194Z, 555.5558824, 553.0028196000001
1714469890239, 2024-04-30T09:38:10.239Z, 564.416344, 555.3605617999999
1714469890254, 2024-04-30T09:38:10.254Z, 571.4532928, 554.9554903999999
1714469890288, 2024-04-30T09:38:10.288Z, 584.3032384, 554.6808118
1714469890300, 2024-04-30T09:38:10.300Z, 592.6221822, 552.4210574
1714469890330, 2024-04-30T09:38:10.330Z, 598.1758016000001, 549.3374926
1714469890344, 2024-04-30T09:38:10.344Z, 598.2542306, 547.4239016
1714469890375, 2024-04-30T09:38:10.375Z, 598.8853576, 545.0815756
1714469890390, 2024-04-30T09:38:10.390Z, 599.8864172, 543.7176034
1714469890421, 2024-04-30T09:38:10.421Z, 607.9326854, 545.1910248
1714469890437, 2024-04-30T09:38:10.437Z, 625.4581105999999, 546.5286813999999
1714469890468, 2024-04-30T09:38:10.468Z, 642.2859578, 547.2791033999999
1714469890484, 2024-04-30T09:38:10.484Z, 658.8509064, 549.1311514
1714469890524, 2024-04-30T09:38:10.524Z, 670.8007828, 549.2833191999999
1714469890553, 2024-04-30T09:38:10.553Z, 681.2372254, 544.6585588
1714469890568, 2024-04-30T09:38:10.568Z, 684.719914, 543.7263524
1714469890598, 2024-04-30T09:38:10.598Z, 690.9607824, 545.4119764
1714469890613, 2024-04-30T09:38:10.613Z, 696.1096153999999, 545.8712526
1714469890643, 2024-04-30T09:38:10.643Z, 713.8208088, 549.4935174
1714469890688, 2024-04-30T09:38:10.688Z, 727.788192, 555.3101086
1714469890707, 2024-04-30T09:38:10.707Z, 732.8448795999999, 557.7679565999999
1714469890738, 2024-04-30T09:38:10.738Z, 737.3821796, 557.2235124
1714469890750, 2024-04-30T09:38:10.750Z, 741.2181926, 560.1763626
1714469890783, 2024-04-30T09:38:10.783Z, 735.0759704, 560.158913
1714469890798, 2024-04-30T09:38:10.798Z, 630.032627, 565.0217574000001
1714469890829, 2024-04-30T09:38:10.829Z, 523.8768646, 570.7153088000001
1714469890844, 2024-04-30T09:38:10.844Z, 412.493988, 577.0212028
1714469890873, 2024-04-30T09:38:10.873Z, 298.2660926, 579.7055544
1714469890888, 2024-04-30T09:38:10.888Z, 184.3839688, 584.0718341999999
1714469890918, 2024-04-30T09:38:10.918Z, 167.9643844, 583.7271367999999
1714469890933, 2024-04-30T09:38:10.933Z, 164.8495748, 583.8836494
1714469890976, 2024-04-30T09:38:10.976Z, 159.0071198, 581.882223
1714469891005, 2024-04-30T09:38:11.005Z, 163.04750440000004, 582.8478256000001
1714469891021, 2024-04-30T09:38:11.021Z, 168.358071, 584.3610269999999
1714469891050, 2024-04-30T09:38:11.050Z, 173.84464580000002, 589.4029042
1714469891066, 2024-04-30T09:38:11.066Z, 165.9904322, 592.672348
1714469891093, 2024-04-30T09:38:11.093Z, 164.6767796, 597.9103026
1714469891138, 2024-04-30T09:38:11.138Z, 159.2608236, 599.0566646
1714469891154, 2024-04-30T09:38:11.154Z, 158.1056412, 600.3271103999999
1714469891183, 2024-04-30T09:38:11.183Z, 175.47755500000002, 595.6229778000001
1714469891198, 2024-04-30T09:38:11.198Z, 216.29574680000002, 592.5261534
1714469891229, 2024-04-30T09:38:11.229Z, 252.6525102, 588.2876421999999
1714469891244, 2024-04-30T09:38:11.244Z, 288.789711, 584.5754787999999
1714469891274, 2024-04-30T09:38:11.274Z, 313.38781359999996, 578.233329
1714469891290, 2024-04-30T09:38:11.290Z, 306.009705, 580.4771908
1714469891321, 2024-04-30T09:38:11.321Z, 275.3577222, 585.1658808
1714469891337, 2024-04-30T09:38:11.337Z, 246.4007244, 592.4318787999999
1714469891368, 2024-04-30T09:38:11.368Z, 216.99584880000003, 603.0150643999999
1714469891387, 2024-04-30T09:38:11.387Z, 190.2617586, 612.7345025999999
1714469891427, 2024-04-30T09:38:11.427Z, 179.6474652, 615.6892164000001
1714469891456, 2024-04-30T09:38:11.456Z, 170.370701, 614.6303604
1714469891471, 2024-04-30T09:38:11.471Z, 153.795606, 609.0507077999999
1714469891501, 2024-04-30T09:38:11.501Z, 129.63489959999998, 599.5779958
1714469891516, 2024-04-30T09:38:11.516Z, 113.39264959999998, 592.8612350000001
1714469891546, 2024-04-30T09:38:11.546Z, 93.83420079999999, 586.9626832
1714469891592, 2024-04-30T09:38:11.592Z, 87.47522239999999, 583.6590248
1714469891607, 2024-04-30T09:38:11.607Z, 95.7270442, 585.1745123999999
1714469891638, 2024-04-30T09:38:11.638Z, 108.3610038, 589.8868494000001
1714469891651, 2024-04-30T09:38:11.651Z, 110.12027660000001, 593.9545804
1714469891682, 2024-04-30T09:38:11.682Z, 114.6543492, 598.7169604000001
1714469891696, 2024-04-30T09:38:11.696Z, 119.8221778, 602.1736172
1714469891725, 2024-04-30T09:38:11.725Z, 128.50979999999998, 601.5273181999999
1714469891739, 2024-04-30T09:38:11.739Z, 141.09096979999998, 601.1955185999999
1714469891770, 2024-04-30T09:38:11.770Z, 160.2073046, 600.9501674
1714469891786, 2024-04-30T09:38:11.786Z, 181.6062812, 602.3830286
1714469891817, 2024-04-30T09:38:11.817Z, 193.566435, 604.1937925999999
1714469891832, 2024-04-30T09:38:11.832Z, 200.4617256, 607.1367846
1714469891875, 2024-04-30T09:38:11.875Z, 203.686221, 609.434486
1714469891903, 2024-04-30T09:38:11.903Z, 224.4014784, 613.559689
1714469891919, 2024-04-30T09:38:11.919Z, 241.86208919999999, 614.7927118
1714469891949, 2024-04-30T09:38:11.949Z, 258.21488420000003, 614.5820468
1714469891964, 2024-04-30T09:38:11.964Z, 261.981916, 613.1773534
1714469891994, 2024-04-30T09:38:11.994Z, 263.9750896, 608.9793756
1714469892038, 2024-04-30T09:38:12.038Z, 254.61933320000003, 600.9345612
1714469892054, 2024-04-30T09:38:12.054Z, 246.8250302, 593.7778038
1714469892083, 2024-04-30T09:38:12.083Z, 246.04744840000004, 587.5154304
1714469892099, 2024-04-30T09:38:12.099Z, 255.24463240000006, 583.9703584
1714469892129, 2024-04-30T09:38:12.129Z, 267.544779, 581.0478486
1714469892143, 2024-04-30T09:38:12.143Z, 276.8177764, 579.8836164
1714469892174, 2024-04-30T09:38:12.174Z, 288.6885362, 577.7500478
1714469892189, 2024-04-30T09:38:12.189Z, 297.4545322, 576.0676094
1714469892219, 2024-04-30T09:38:12.219Z, 296.79925160000005, 573.9810198
1714469892234, 2024-04-30T09:38:12.234Z, 296.49413880000003, 573.2135634
1714469892264, 2024-04-30T09:38:12.264Z, 294.3873158, 573.252429
1714469892280, 2024-04-30T09:38:12.280Z, 291.5724296, 575.448949
1714469892325, 2024-04-30T09:38:12.325Z, 289.39116320000005, 578.2932574
1714469892354, 2024-04-30T09:38:12.354Z, 289.2180682, 580.7598854
1714469892369, 2024-04-30T09:38:12.369Z, 290.4677161999999, 583.6192113999999
1714469892398, 2024-04-30T09:38:12.398Z, 290.9789174, 585.4686131999999
1714469892414, 2024-04-30T09:38:12.414Z, 293.52439999999996, 586.83069
1714469892444, 2024-04-30T09:38:12.444Z, 306.049644, 588.9844326
1714469892489, 2024-04-30T09:38:12.489Z, 320.0290208, 591.7474212
1714469892504, 2024-04-30T09:38:12.504Z, 321.29020999999995, 594.0061362
1714469892534, 2024-04-30T09:38:12.534Z, 323.85659899999996, 592.3305696
1714469892579, 2024-04-30T09:38:12.579Z, 321.8059624, 587.9884473999999
1714469892594, 2024-04-30T09:38:12.594Z, 312.35345820000003, 576.7464996000001
1714469892624, 2024-04-30T09:38:12.624Z, 312.3599616, 568.5630376000001
1714469892638, 2024-04-30T09:38:12.638Z, 323.2025474, 558.2196004
1714469892668, 2024-04-30T09:38:12.668Z, 333.76789599999995, 551.9288026
1714469892715, 2024-04-30T09:38:12.715Z, 345.6403492, 547.0848684
1714469892731, 2024-04-30T09:38:12.731Z, 357.76716539999995, 548.4925094
1714469892775, 2024-04-30T09:38:12.775Z, 372.09403239999995, 553.571443
1714469892804, 2024-04-30T09:38:12.804Z, 397.4660648, 563.2858490000001
1714469892819, 2024-04-30T09:38:12.819Z, 416.8364558, 570.7377865999999
1714469892848, 2024-04-30T09:38:12.848Z, 436.00928459999994, 578.9524894
1714469892894, 2024-04-30T09:38:12.894Z, 450.7731664, 584.7412646
1714469892938, 2024-04-30T09:38:12.938Z, 455.03014300000007, 579.5986714000001
1714469892953, 2024-04-30T09:38:12.953Z, 447.9759924, 571.952633
1714469892987, 2024-04-30T09:38:12.987Z, 439.5796972, 567.638399
1714469893003, 2024-04-30T09:38:13.003Z, 429.6795034, 563.1412346
1714469893028, 2024-04-30T09:38:13.028Z, 427.6947506, 554.111531
1714469893044, 2024-04-30T09:38:13.044Z, 430.3115804, 548.5143604
1714469893075, 2024-04-30T09:38:13.075Z, 441.36387080000003, 552.0109946
1714469893089, 2024-04-30T09:38:13.089Z, 459.76113180000004, 552.3979281999999
1714469893121, 2024-04-30T09:38:13.121Z, 487.521278, 557.1069489999999
1714469893136, 2024-04-30T09:38:13.136Z, 505.96153599999997, 565.894262
1714469893167, 2024-04-30T09:38:13.167Z, 527.1429834, 575.5472274
1714469893182, 2024-04-30T09:38:13.182Z, 537.2849694, 578.8645868
1714469893225, 2024-04-30T09:38:13.225Z, 546.9961719999999, 585.6039498000001
1714469893253, 2024-04-30T09:38:13.253Z, 550.9198399999999, 585.8908028
1714469893269, 2024-04-30T09:38:13.269Z, 555.5168756, 587.8081992000001
1714469893299, 2024-04-30T09:38:13.299Z, 556.7087509999999, 586.3639678
1714469893314, 2024-04-30T09:38:13.314Z, 561.6393752, 583.2556834
1714469893344, 2024-04-30T09:38:13.344Z, 575.7963754, 578.4221236
1714469893389, 2024-04-30T09:38:13.389Z, 593.8631184, 574.7990612
1714469893403, 2024-04-30T09:38:13.403Z, 611.3961034, 572.9860168
1714469893447, 2024-04-30T09:38:13.447Z, 626.1164104000001, 578.2442748000001
1714469893463, 2024-04-30T09:38:13.463Z, 641.2905694, 583.2438038
1714469893479, 2024-04-30T09:38:13.479Z, 652.0062186, 589.6914064
1714469893494, 2024-04-30T09:38:13.494Z, 654.041253, 596.8228418
1714469893525, 2024-04-30T09:38:13.525Z, 659.3794458, 600.4341477999999
1714469893541, 2024-04-30T09:38:13.541Z, 667.1006378, 599.6552300000001
1714469893572, 2024-04-30T09:38:13.572Z, 676.5360444, 599.1343216
1714469893588, 2024-04-30T09:38:13.588Z, 682.3977648, 600.8186838
1714469893619, 2024-04-30T09:38:13.619Z, 690.3412375999999, 605.6307376
1714469893634, 2024-04-30T09:38:13.634Z, 698.8968756, 613.9432402
1714469893675, 2024-04-30T09:38:13.675Z, 712.8127692, 622.622878
1714469893704, 2024-04-30T09:38:13.704Z, 724.4098271999999, 629.7801414
1714469893719, 2024-04-30T09:38:13.719Z, 733.3550682, 634.1845252
1714469893749, 2024-04-30T09:38:13.749Z, 733.7432522, 633.861245
1714469893764, 2024-04-30T09:38:13.764Z, 724.1229868, 629.9010976
1714469893794, 2024-04-30T09:38:13.794Z, 637.5088347999999, 631.7387728000001
1714469893838, 2024-04-30T09:38:13.838Z, 523.3729614, 635.8924868000001
1714469893853, 2024-04-30T09:38:13.853Z, 426.71439599999997, 646.9867016000001
1714469893884, 2024-04-30T09:38:13.884Z, 327.7408194, 657.8402308
1714469893899, 2024-04-30T09:38:13.899Z, 238.7959234, 670.2262350000001
1714469893929, 2024-04-30T09:38:13.929Z, 203.09163840000002, 675.4457488
1714469893945, 2024-04-30T09:38:13.945Z, 201.9893586, 679.0753584
1714469893974, 2024-04-30T09:38:13.974Z, 184.2524934, 674.2123336000001
1714469893988, 2024-04-30T09:38:13.988Z, 177.52545519999998, 671.3110681999999
1714469894018, 2024-04-30T09:38:14.018Z, 154.6594518, 665.3867276
1714469894034, 2024-04-30T09:38:14.034Z, 149.6721702, 659.5291451999999
1714469894063, 2024-04-30T09:38:14.063Z, 136.7367552, 653.1386362000001
1714469894079, 2024-04-30T09:38:14.079Z, 123.1015644, 648.0027812000001
1714469894125, 2024-04-30T09:38:14.125Z, 109.4980842, 643.2654177999999
1714469894153, 2024-04-30T09:38:14.153Z, 129.6489544, 644.8654051999999
1714469894168, 2024-04-30T09:38:14.168Z, 151.40442019999998, 647.8518895999999
1714469894198, 2024-04-30T09:38:14.198Z, 176.131292, 650.2762678000001
1714469894214, 2024-04-30T09:38:14.214Z, 206.85678159999998, 653.0950995999999
1714469894243, 2024-04-30T09:38:14.243Z, 235.4575832, 654.7638528
1714469894289, 2024-04-30T09:38:14.289Z, 245.0892014, 653.3198168000001
1714469894304, 2024-04-30T09:38:14.304Z, 257.27285439999997, 653.5005369999999
1714469894334, 2024-04-30T09:38:14.334Z, 263.62939, 655.7151160000001
1714469894349, 2024-04-30T09:38:14.349Z, 273.7614004, 660.4288978
1714469894380, 2024-04-30T09:38:14.380Z, 278.8565648, 664.4443402
1714469894397, 2024-04-30T09:38:14.397Z, 284.1794098, 668.16509
1714469894424, 2024-04-30T09:38:14.424Z, 282.78529319999996, 670.1448528
1714469894439, 2024-04-30T09:38:14.439Z, 276.8058896, 664.686701
1714469894468, 2024-04-30T09:38:14.468Z, 261.9584952, 658.105461
1714469894484, 2024-04-30T09:38:14.484Z, 251.31908820000004, 650.2804332000001
1714469894513, 2024-04-30T09:38:14.513Z, 236.86226619999997, 640.450024
1714469894528, 2024-04-30T09:38:14.528Z, 228.0662216, 632.3346303999999
1714469894575, 2024-04-30T09:38:14.575Z, 222.0808142, 628.9797774000001
1714469894603, 2024-04-30T09:38:14.603Z, 233.81932379999998, 629.7177042000001
1714469894619, 2024-04-30T09:38:14.619Z, 259.19849480000005, 632.8711842
1714469894649, 2024-04-30T09:38:14.649Z, 273.6458332, 632.8260625999999
1714469894664, 2024-04-30T09:38:14.664Z, 285.8979182, 631.5668942
1714469894694, 2024-04-30T09:38:14.694Z, 297.535796, 629.2334238000001
1714469894738, 2024-04-30T09:38:14.738Z, 288.13069759999996, 620.5308492
1714469894754, 2024-04-30T09:38:14.754Z, 281.894852, 613.321548
1714469894784, 2024-04-30T09:38:14.784Z, 281.06815620000003, 613.358242
1714469894800, 2024-04-30T09:38:14.800Z, 285.00311380000005, 610.6530314
1714469894832, 2024-04-30T09:38:14.832Z, 291.538355, 610.1685672000001
1714469894847, 2024-04-30T09:38:14.847Z, 303.3028264000001, 610.0835002
1714469894875, 2024-04-30T09:38:14.875Z, 296.84748720000005, 607.5515524
1714469894889, 2024-04-30T09:38:14.889Z, 303.6853972, 603.835971
1714469894922, 2024-04-30T09:38:14.922Z, 297.03495300000003, 602.3618918
1714469894964, 2024-04-30T09:38:14.964Z, 294.55725040000004, 599.0241445999999
1714469894978, 2024-04-30T09:38:14.978Z, 307.5372888, 596.211427
1714469895027, 2024-04-30T09:38:15.027Z, 324.9723, 591.5365972000001
1714469895069, 2024-04-30T09:38:15.069Z, 341.80394259999997, 591.8441154
1714469895099, 2024-04-30T09:38:15.099Z, 357.17208100000005, 593.3710790000001
1714469895115, 2024-04-30T09:38:15.115Z, 366.59174100000007, 595.188565
1714469895146, 2024-04-30T09:38:15.146Z, 356.1282166, 594.9169858
1714469895189, 2024-04-30T09:38:15.189Z, 340.50917319999996, 598.0074214
1714469895204, 2024-04-30T09:38:15.204Z, 323.09509579999997, 596.3611268
1714469895234, 2024-04-30T09:38:15.234Z, 313.7817264, 596.507379
1714469895249, 2024-04-30T09:38:15.249Z, 290.20696960000004, 603.3842437999999
1714469895283, 2024-04-30T09:38:15.283Z, 253.6713374, 620.9234714
1714469895294, 2024-04-30T09:38:15.294Z, 217.04874800000002, 652.837921
1714469895325, 2024-04-30T09:38:15.325Z, 190.17281879999996, 694.6518297999999
1714469895339, 2024-04-30T09:38:15.339Z, 169.76651379999998, 736.8005744
1714469895369, 2024-04-30T09:38:15.369Z, 175.79936379999998, 779.500172
1714469895388, 2024-04-30T09:38:15.388Z, 195.219688, 807.6632664000001
1714469895414, 2024-04-30T09:38:15.414Z, 219.294947, 821.6736102000001
1714469895429, 2024-04-30T09:38:15.429Z, 230.7785194, 823.320291
1714469895475, 2024-04-30T09:38:15.475Z, 237.61802479999997, 819.9353316
1714469895505, 2024-04-30T09:38:15.505Z, 240.90995399999997, 812.5388294
1714469895520, 2024-04-30T09:38:15.520Z, 243.44757919999998, 806.7732364000001
1714469895551, 2024-04-30T09:38:15.551Z, 239.54757880000003, 793.2584094
1714469895567, 2024-04-30T09:38:15.567Z, 235.36894660000002, 775.7082816
1714469895598, 2024-04-30T09:38:15.598Z, 230.228721, 759.1447946000001
1714469895639, 2024-04-30T09:38:15.639Z, 218.68835440000004, 741.4061018
1714469895654, 2024-04-30T09:38:15.654Z, 209.078987, 727.5790890000001
1714469895684, 2024-04-30T09:38:15.684Z, 200.8688292, 720.2510602
1714469895699, 2024-04-30T09:38:15.699Z, 191.9458944, 717.6323501999999
1714469895728, 2024-04-30T09:38:15.728Z, 182.921338, 715.5734593999999
1714469895743, 2024-04-30T09:38:15.743Z, 173.72425900000002, 713.4138034
1714469895775, 2024-04-30T09:38:15.775Z, 164.43906940000002, 710.1542244
1714469895789, 2024-04-30T09:38:15.789Z, 157.6243446, 706.3525076
1714469895819, 2024-04-30T09:38:15.819Z, 152.182044, 703.6577095999999
1714469895834, 2024-04-30T09:38:15.834Z, 147.73120200000002, 701.2156468
1714469895864, 2024-04-30T09:38:15.864Z, 148.29173659999998, 703.128719
1714469895879, 2024-04-30T09:38:15.879Z, 153.0511044, 706.8843222
1714469895925, 2024-04-30T09:38:15.925Z, 160.2709252, 712.8341028
1714469895953, 2024-04-30T09:38:15.953Z, 175.3300448, 718.540053
1714469895969, 2024-04-30T09:38:15.969Z, 187.0429268, 724.3096364
1714469895999, 2024-04-30T09:38:15.999Z, 190.38024460000003, 717.943907
1714469896014, 2024-04-30T09:38:16.014Z, 195.1659022, 713.0208581999999
1714469896044, 2024-04-30T09:38:16.044Z, 193.2791418, 704.6629252
1714469896089, 2024-04-30T09:38:16.089Z, 180.617847, 695.0742625999999
1714469896104, 2024-04-30T09:38:16.104Z, 178.5313382, 685.8728064
1714469896134, 2024-04-30T09:38:16.134Z, 180.2006734, 687.909335
1714469896149, 2024-04-30T09:38:16.149Z, 181.398179, 687.3003056
1714469896183, 2024-04-30T09:38:16.183Z, 189.7514422, 688.6011002
1714469896194, 2024-04-30T09:38:16.194Z, 205.1505294, 690.0512826
1714469896224, 2024-04-30T09:38:16.224Z, 218.97680959999997, 690.2415377999998
1714469896239, 2024-04-30T09:38:16.239Z, 238.34829600000003, 687.4117116
1714469896269, 2024-04-30T09:38:16.269Z, 254.61569479999997, 685.206906
1714469896315, 2024-04-30T09:38:16.315Z, 265.2836058, 682.8039682
1714469896331, 2024-04-30T09:38:16.331Z, 271.890552, 681.629199
1714469896375, 2024-04-30T09:38:16.375Z, 279.46786299999997, 684.3234438000001
1714469896403, 2024-04-30T09:38:16.403Z, 283.385448, 687.2402205999999
1714469896419, 2024-04-30T09:38:16.419Z, 284.34638459999996, 689.3271744
1714469896449, 2024-04-30T09:38:16.449Z, 283.58806859999993, 682.7785117999999
1714469896464, 2024-04-30T09:38:16.464Z, 281.722048, 678.7674231999999
1714469896494, 2024-04-30T09:38:16.494Z, 281.2759444, 668.511546
1714469896538, 2024-04-30T09:38:16.538Z, 283.9108642, 657.5687582
1714469896553, 2024-04-30T09:38:16.553Z, 295.35055300000005, 650.1143248000001
1714469896584, 2024-04-30T09:38:16.584Z, 315.35836919999997, 655.6678434
1714469896604, 2024-04-30T09:38:16.604Z, 342.1393208, 660.2691646
1714469896629, 2024-04-30T09:38:16.629Z, 359.266702, 668.1683092000001
1714469896644, 2024-04-30T09:38:16.644Z, 377.724622, 677.6619450000001
1714469896675, 2024-04-30T09:38:16.675Z, 383.418714, 682.202167
1714469896689, 2024-04-30T09:38:16.689Z, 390.04438799999997, 684.3447106000001
1714469896719, 2024-04-30T09:38:16.719Z, 387.747968, 683.2042116
1714469896736, 2024-04-30T09:38:16.736Z, 383.37248080000006, 680.0617117999999
1714469896767, 2024-04-30T09:38:16.767Z, 375.1449818, 675.2285024
1714469896782, 2024-04-30T09:38:16.782Z, 375.73721340000003, 674.0093214000001
1714469896825, 2024-04-30T09:38:16.825Z, 364.599738, 679.4678924
1714469896854, 2024-04-30T09:38:16.854Z, 347.6360032, 703.8418492
1714469896874, 2024-04-30T09:38:16.874Z, 332.7962978, 728.066985
1714469896907, 2024-04-30T09:38:16.907Z, 311.8318102, 754.7275568
1714469896923, 2024-04-30T09:38:16.923Z, 288.0283992, 779.9967393999999
1714469896955, 2024-04-30T09:38:16.955Z, 274.3257812, 798.7483021999999
1714469896993, 2024-04-30T09:38:16.993Z, 266.44344659999996, 797.7477222
1714469897007, 2024-04-30T09:38:17.007Z, 258.22020439999994, 797.0493044
1714469897034, 2024-04-30T09:38:17.034Z, 253.32148560000002, 791.6401724
1714469897049, 2024-04-30T09:38:17.049Z, 247.0553124, 785.5653669999999
1714469897079, 2024-04-30T09:38:17.079Z, 235.61281300000002, 778.1914234
1714469897098, 2024-04-30T09:38:17.098Z, 228.387612, 772.802859
1714469897125, 2024-04-30T09:38:17.125Z, 223.459172, 771.7434162000001
1714469897139, 2024-04-30T09:38:17.139Z, 222.6284438, 774.2077188000001
1714469897168, 2024-04-30T09:38:17.168Z, 223.63497160000003, 776.0969130000001
1714469897184, 2024-04-30T09:38:17.184Z, 227.043491, 776.0478702
1714469897213, 2024-04-30T09:38:17.213Z, 229.8828826, 771.3565876
1714469897229, 2024-04-30T09:38:17.229Z, 231.5654206, 759.6727696
1714469897275, 2024-04-30T09:38:17.275Z, 233.32799519999998, 749.6829663999999
1714469897304, 2024-04-30T09:38:17.304Z, 235.5798672, 744.9921114000001
1714469897319, 2024-04-30T09:38:17.319Z, 237.83132100000003, 741.9542647999999
1714469897349, 2024-04-30T09:38:17.349Z, 239.4779338, 744.3632828
1714469897364, 2024-04-30T09:38:17.364Z, 240.3201518, 752.3136432
1714469897394, 2024-04-30T09:38:17.394Z, 239.2941172, 758.3350383999999
1714469897439, 2024-04-30T09:38:17.439Z, 235.87099080000002, 759.9719548
1714469897459, 2024-04-30T09:38:17.459Z, 230.37218900000002, 760.9788058000001
1714469897488, 2024-04-30T09:38:17.488Z, 224.11420979999997, 761.4405528
1714469897504, 2024-04-30T09:38:17.504Z, 218.67662639999998, 760.9405628000001
1714469897535, 2024-04-30T09:38:17.535Z, 212.6459378, 757.8695890000001
1714469897551, 2024-04-30T09:38:17.551Z, 208.98379979999999, 755.6205992
1714469897575, 2024-04-30T09:38:17.575Z, 206.6766032, 755.0478936
1714469897589, 2024-04-30T09:38:17.589Z, 204.19797, 754.5621156
1714469897619, 2024-04-30T09:38:17.619Z, 202.02596599999998, 753.8936002
1714469897634, 2024-04-30T09:38:17.634Z, 201.8203984, 756.0551274000002
1714469897674, 2024-04-30T09:38:17.674Z, 200.68437039999998, 757.6184594
1714469897690, 2024-04-30T09:38:17.690Z, 200.861355, 758.749152
1714469897731, 2024-04-30T09:38:17.731Z, 206.5677288, 761.4276658000001
1714469897766, 2024-04-30T09:38:17.766Z, 217.7974584, 763.5686832000001
1714469897782, 2024-04-30T09:38:17.782Z, 226.98275200000003, 762.2789118000001
1714469897798, 2024-04-30T09:38:17.798Z, 240.6788472, 762.7958966
1714469897814, 2024-04-30T09:38:17.814Z, 253.49595839999998, 762.9135076
1714469897844, 2024-04-30T09:38:17.844Z, 259.7294476, 760.5140476
1714469897889, 2024-04-30T09:38:17.889Z, 263.442393, 759.3756362
1714469897904, 2024-04-30T09:38:17.904Z, 266.33323400000006, 759.7293578000001
1714469897933, 2024-04-30T09:38:17.933Z, 262.45736539999996, 756.4046007999999
1714469897950, 2024-04-30T09:38:17.950Z, 259.3595474, 754.7698766000001
1714469897979, 2024-04-30T09:38:17.979Z, 259.3581666, 756.5873588000001
1714469897994, 2024-04-30T09:38:17.994Z, 257.211946, 758.9115184
1714469898025, 2024-04-30T09:38:18.025Z, 263.3598806, 768.716288
1714469898039, 2024-04-30T09:38:18.039Z, 282.2457364, 783.7256592
1714469898069, 2024-04-30T09:38:18.069Z, 298.5488688, 796.7980464
1714469898084, 2024-04-30T09:38:18.084Z, 315.1198312, 807.6626474000001
1714469898114, 2024-04-30T09:38:18.114Z, 334.3079682, 816.8933934
1714469898129, 2024-04-30T09:38:18.129Z, 346.5517866, 819.3086254
1714469898180, 2024-04-30T09:38:18.180Z, 344.07377660000003, 815.2226386
1714469898204, 2024-04-30T09:38:18.204Z, 341.7190854, 811.3629108
1714469898219, 2024-04-30T09:38:18.219Z, 329.8159422, 806.9527998000001
1714469898249, 2024-04-30T09:38:18.249Z, 304.1959548, 804.9227666
1714469898264, 2024-04-30T09:38:18.264Z, 277.1704372, 803.9989588000001
1714469898295, 2024-04-30T09:38:18.295Z, 251.67943779999996, 811.8182402
1714469898341, 2024-04-30T09:38:18.341Z, 227.09201520000002, 818.4069012
1714469898354, 2024-04-30T09:38:18.354Z, 209.080354, 824.0041525999999
1714469898384, 2024-04-30T09:38:18.384Z, 200.34443620000002, 826.4191416
1714469898399, 2024-04-30T09:38:18.399Z, 193.66483380000003, 828.4542935999998
1714469898429, 2024-04-30T09:38:18.429Z, 188.5817028, 824.812125
1714469898444, 2024-04-30T09:38:18.444Z, 183.7175848, 822.4090831999999
1714469898475, 2024-04-30T09:38:18.475Z, 178.4914674, 820.2455464000001
1714469898489, 2024-04-30T09:38:18.489Z, 173.92947640000003, 819.9458078
1714469898523, 2024-04-30T09:38:18.523Z, 169.4574518, 820.1219054000001
1714469898539, 2024-04-30T09:38:18.539Z, 180.3997606, 829.2794702000001
1714469898579, 2024-04-30T09:38:18.579Z, 192.70843480000002, 844.9132106
1714469898594, 2024-04-30T09:38:18.594Z, 206.17456080000002, 860.5579211999999
1714469898626, 2024-04-30T09:38:18.626Z, 209.734814, 882.6047282
1714469898658, 2024-04-30T09:38:18.658Z, 211.2927024, 903.0358908000001
1714469898671, 2024-04-30T09:38:18.671Z, 201.74922999999998, 917.572312
1714469898687, 2024-04-30T09:38:18.687Z, 189.6972258, 925.277563
1714469898702, 2024-04-30T09:38:18.702Z, 180.5475872, 935.3105296
1714469898718, 2024-04-30T09:38:18.718Z, 180.35971279999998, 936.3521154
1714469898749, 2024-04-30T09:38:18.749Z, 182.1236736, 937.8758698000001
1714469898789, 2024-04-30T09:38:18.789Z, 187.2140924, 926.957821
1714469898804, 2024-04-30T09:38:18.804Z, 193.4572914, 917.4747584
1714469898834, 2024-04-30T09:38:18.834Z, 270.4610216, 862.9789135999999
1714469898849, 2024-04-30T09:38:18.849Z, 450.9113926, 767.57498
1714469898883, 2024-04-30T09:38:18.883Z, 618.4883852, 672.5284869999999
1714469898906, 2024-04-30T09:38:18.906Z, 797.7248761999999, 594.1520564
1714469898943, 2024-04-30T09:38:18.943Z, 1004.235385, 490.79273319999993
1714469898973, 2024-04-30T09:38:18.973Z, 1135.0795868, 435.4537074
1714469898985, 2024-04-30T09:38:18.985Z, 1163.9257249999998, 425.6059800000001
1714469899030, 2024-04-30T09:38:19.030Z, 1211.6774394, 405.86222000000004
1714469899108, 2024-04-30T09:38:19.108Z, 1047.667005, 414.3691704
1714469899693, 2024-04-30T09:38:19.693Z, 822.3787663999999, 463.1070704
1714469899736, 2024-04-30T09:38:19.736Z, 593.740355, 506.5385158
1714469899780, 2024-04-30T09:38:19.780Z, 371.80904759999993, 534.1365321999999
1714469899795, 2024-04-30T09:38:19.795Z, 144.67847160000002, 567.1716706
1714469899874, 2024-04-30T09:38:19.874Z, 96.3818094, 566.8821358
1714469899889, 2024-04-30T09:38:19.889Z, 80.15046079999999, 542.235046
1714469899919, 2024-04-30T09:38:19.919Z, 66.9704436, 519.6428452
1714469899935, 2024-04-30T09:38:19.935Z, 51.616479000000005, 509.99455820000003
1714469900008, 2024-04-30T09:38:20.008Z, 60.2232794, 506.88108819999997
1714469900055, 2024-04-30T09:38:20.055Z, 99.285899, 499.82646220000004
1714469900095, 2024-04-30T09:38:20.095Z, 148.028992, 494.6525732
1714469900153, 2024-04-30T09:38:20.153Z, 198.839743, 490.68955500000004
1714469900186, 2024-04-30T09:38:20.186Z, 283.5777898, 490.3921426
1714469900201, 2024-04-30T09:38:20.201Z, 355.9723106, 486.7191924
1714469900232, 2024-04-30T09:38:20.232Z, 416.5608534, 484.0656556
1714469900277, 2024-04-30T09:38:20.277Z, 484.2145125999999, 488.1504354
1714469900293, 2024-04-30T09:38:20.293Z, 553.9800988, 489.1070564
1714469900325, 2024-04-30T09:38:20.325Z, 585.0687369999999, 485.3764748
1714469900499, 2024-04-30T09:38:20.499Z, 531.8863307999999, 486.2120011999999
1714469900956, 2024-04-30T09:38:20.956Z, 453.8518614000001, 530.8818392000001
1714469901024, 2024-04-30T09:38:21.024Z, 418.94557060000005, 598.3072239999999
1714469901089, 2024-04-30T09:38:21.089Z, 384.08713780000005, 666.6575004
1714469902616, 2024-04-30T09:38:22.616Z, 297.3292602, 694.9472352
1714469903622, 2024-04-30T09:38:23.622Z, 268.8599744, 642.3473117999999
1714469903651, 2024-04-30T09:38:23.651Z, 263.04544840000005, 555.8807222
1714469903663, 2024-04-30T09:38:23.663Z, 201.6636276, 447.08077000000003
1714469903698, 2024-04-30T09:38:23.698Z, 141.0484404, 343.0538492
1714469903740, 2024-04-30T09:38:23.740Z, 131.80169500000002, 284.6037392
1714469903756, 2024-04-30T09:38:23.756Z, 135.1841026, 303.8473492
1714469903785, 2024-04-30T09:38:23.785Z, 126.7134714, 316.6076994
1714469903805, 2024-04-30T09:38:23.805Z, 118.0668004, 329.63731100000007
1714469903830, 2024-04-30T09:38:23.830Z, 110.0475726, 340.55870459999994
1714469903846, 2024-04-30T09:38:23.846Z, 104.1407512, 347.51445920000003
1714469903876, 2024-04-30T09:38:23.876Z, 101.285964, 357.4200248
1714469903890, 2024-04-30T09:38:23.890Z, 108.47706120000001, 365.20692900000006
1714469903920, 2024-04-30T09:38:23.920Z, 117.1403432, 380.4975446
1714469903937, 2024-04-30T09:38:23.937Z, 126.90484160000001, 402.00728100000003
1714469903967, 2024-04-30T09:38:23.967Z, 136.0617732, 425.5579352000001
1714469903983, 2024-04-30T09:38:23.983Z, 141.35686379999999, 443.20943619999997
1714469904028, 2024-04-30T09:38:24.028Z, 147.0005386, 465.9296816
1714469904055, 2024-04-30T09:38:24.055Z, 148.61446840000002, 480.51671699999997
1714469904071, 2024-04-30T09:38:24.071Z, 138.0919478, 474.776573
1714469904100, 2024-04-30T09:38:24.100Z, 121.21312559999998, 465.85535799999997
1714469904116, 2024-04-30T09:38:24.116Z, 107.94930200000002, 461.8049814
1714469904143, 2024-04-30T09:38:24.143Z, 98.65337380000001, 439.8990162
1714469904190, 2024-04-30T09:38:24.190Z, 91.34256020000001, 421.4995132
1714469904205, 2024-04-30T09:38:24.205Z, 92.8021118, 415.4099666
1714469904235, 2024-04-30T09:38:24.235Z, 90.9104734, 427.3570736
1714469904254, 2024-04-30T09:38:24.254Z, 84.83751600000001, 437.22530099999994
1714469904280, 2024-04-30T09:38:24.280Z, 73.6629104, 458.79323159999996
1714469904295, 2024-04-30T09:38:24.295Z, 60.7751266, 475.87284179999995
1714469904328, 2024-04-30T09:38:24.328Z, 47.3316246, 491.63691659999995
1714469904341, 2024-04-30T09:38:24.341Z, 45.1678376, 490.09910279999997
1714469904371, 2024-04-30T09:38:24.371Z, 44.7759052, 483.58321720000004
1714469904386, 2024-04-30T09:38:24.386Z, 45.9312902, 475.1707420000001
1714469904417, 2024-04-30T09:38:24.417Z, 51.0235772, 468.5674384
1714469904474, 2024-04-30T09:38:24.474Z, 57.7413774, 467.3477046
1714469904506, 2024-04-30T09:38:24.506Z, 61.904718200000005, 465.7886412
1714469904521, 2024-04-30T09:38:24.521Z, 65.6081894, 471.43644159999997
1714469904551, 2024-04-30T09:38:24.551Z, 123.67149420000001, 486.011666
1714469904593, 2024-04-30T09:38:24.593Z, 268.31575979999997, 496.8427864
1714469904638, 2024-04-30T09:38:24.638Z, 468.8533106, 507.54415600000004
1714469904655, 2024-04-30T09:38:24.655Z, 669.7115403999999, 518.5832576
1714469904683, 2024-04-30T09:38:24.683Z, 743.4322856, 523.2832968
1714469904698, 2024-04-30T09:38:24.698Z, 735.5178668000001, 518.9102402000001
1714469904728, 2024-04-30T09:38:24.728Z, 617.6774095999999, 514.4999068000001
1714469904747, 2024-04-30T09:38:24.747Z, 443.8131542, 504.61632760000003
1714469904775, 2024-04-30T09:38:24.775Z, 271.1801024, 494.3757872
1714469904791, 2024-04-30T09:38:24.791Z, 224.578282, 488.3708656
1714469904822, 2024-04-30T09:38:24.822Z, 200.62554440000002, 484.772028
1714469904868, 2024-04-30T09:38:24.868Z, 195.1667054, 482.3813502
1714469904883, 2024-04-30T09:38:24.883Z, 188.9846756, 481.5417863999999
1714469904924, 2024-04-30T09:38:24.924Z, 180.77536419999998, 476.3287714
1714469904953, 2024-04-30T09:38:24.953Z, 177.55072679999998, 473.71906120000006
1714469904968, 2024-04-30T09:38:24.968Z, 181.5346566, 476.7030732
1714469904998, 2024-04-30T09:38:24.998Z, 187.00483960000003, 478.6899348
1714469905013, 2024-04-30T09:38:25.013Z, 190.9751092, 478.12966539999996
1714469905043, 2024-04-30T09:38:25.043Z, 195.84729959999999, 481.2391858
1714469905088, 2024-04-30T09:38:25.088Z, 198.556441, 480.41298059999997
1714469905103, 2024-04-30T09:38:25.103Z, 197.2491016, 476.11565200000007
1714469905133, 2024-04-30T09:38:25.133Z, 197.94023819999998, 476.74222979999996
1714469905148, 2024-04-30T09:38:25.148Z, 200.9088584, 482.8117642
1714469905178, 2024-04-30T09:38:25.178Z, 198.23451920000002, 495.2609528
1714469905193, 2024-04-30T09:38:25.193Z, 193.33496080000003, 508.5194614
1714469905224, 2024-04-30T09:38:25.224Z, 189.015156, 520.0015098000001
1714469905240, 2024-04-30T09:38:25.240Z, 183.1024048, 528.3206286000001
1714469905271, 2024-04-30T09:38:25.271Z, 173.1383626, 534.1322422000001
1714469905287, 2024-04-30T09:38:25.287Z, 169.828215, 534.1277484
1714469905318, 2024-04-30T09:38:25.318Z, 166.34030560000002, 534.8518974000001
1714469905377, 2024-04-30T09:38:25.377Z, 163.74112340000002, 538.9897611999999
1714469905406, 2024-04-30T09:38:25.406Z, 161.5840644, 544.1016972
1714469905418, 2024-04-30T09:38:25.418Z, 146.95214019999997, 501.02126699999997
1714469905448, 2024-04-30T09:38:25.448Z, 131.2128812, 458.468001
1714469905494, 2024-04-30T09:38:25.494Z, 306.3848626, 446.3763516
1714469905541, 2024-04-30T09:38:25.541Z, 384.5638932, 414.966205
1714469905555, 2024-04-30T09:38:25.555Z, 381.6339472, 395.0485112
1714469905584, 2024-04-30T09:38:25.584Z, 399.0613144, 432.55728799999997
1714469905601, 2024-04-30T09:38:25.601Z, 416.879396, 472.8002732
1714469905628, 2024-04-30T09:38:25.628Z, 243.9818376, 484.5950914
1714469905646, 2024-04-30T09:38:25.646Z, 165.885862, 510.32431640000004
1714469905674, 2024-04-30T09:38:25.674Z, 168.1066562, 522.3865056000001
1714469905691, 2024-04-30T09:38:25.691Z, 171.54152200000001, 522.3804539999999
1714469905722, 2024-04-30T09:38:25.722Z, 185.0609748, 517.2604308
1714469905768, 2024-04-30T09:38:25.768Z, 205.0607602, 509.3419288
1714469905784, 2024-04-30T09:38:25.784Z, 223.44842920000002, 499.4646274
1714469905826, 2024-04-30T09:38:25.826Z, 217.16196, 480.81788399999994
1714469905856, 2024-04-30T09:38:25.856Z, 215.3548772, 468.43126839999996
1714469905871, 2024-04-30T09:38:25.871Z, 183.56153319999999, 451.40159220000004
1714469905899, 2024-04-30T09:38:25.899Z, 146.6150482, 442.83667720000005
1714469905914, 2024-04-30T09:38:25.914Z, 118.4121218, 440.69861000000003
1714469905943, 2024-04-30T09:38:25.943Z, 114.8576384, 449.06206900000006
1714469905993, 2024-04-30T09:38:25.993Z, 102.0372002, 454.99965499999996
1714469906034, 2024-04-30T09:38:26.034Z, 110.5960216, 448.4425408
1714469906049, 2024-04-30T09:38:26.049Z, 105.49576040000002, 430.66902740000006
1714469906094, 2024-04-30T09:38:26.094Z, 92.5734766, 409.5171794
1714469906234, 2024-04-30T09:38:26.234Z, 77.26500960000001, 376.7984622
1714469906274, 2024-04-30T09:38:26.274Z, 68.0580492, 348.5515986
1714469906302, 2024-04-30T09:38:26.302Z, 59.477435, 343.0245988
1714469906318, 2024-04-30T09:38:26.318Z, 66.37622100000002, 341.29034679999995
1714469906347, 2024-04-30T09:38:26.347Z, 76.355896, 340.64821440000003
1714469906363, 2024-04-30T09:38:26.363Z, 89.9610682, 351.69273899999996
1714469906392, 2024-04-30T09:38:26.392Z, 106.7217776, 365.7036302
1714469906438, 2024-04-30T09:38:26.438Z, 134.0771454, 379.835308
1714469906483, 2024-04-30T09:38:26.483Z, 157.6025608, 392.8052432
1714469906752, 2024-04-30T09:38:26.752Z, 219.337427, 437.481285
1714469906845, 2024-04-30T09:38:26.845Z, 241.1810612, 530.6154816000001
1714469906888, 2024-04-30T09:38:26.888Z, 297.4216086, 563.308084
1714469907268, 2024-04-30T09:38:27.268Z, 435.4033708, 592.7073676
1714469907384, 2024-04-30T09:38:27.384Z, 470.97255559999996, 640.799991
1714469907431, 2024-04-30T09:38:27.431Z, 538.5828842, 703.0042974
1714469907566, 2024-04-30T09:38:27.566Z, 541.5577796, 662.6960472
1714469907669, 2024-04-30T09:38:27.669Z, 458.12177899999995, 639.347015
1714469907698, 2024-04-30T09:38:27.698Z, 280.1265986, 623.523078
1714469907713, 2024-04-30T09:38:27.713Z, 213.22068240000004, 600.6272304
1714469907744, 2024-04-30T09:38:27.744Z, 79.31565459999999, 532.2242524000001
1714469907788, 2024-04-30T09:38:27.788Z, 57.3376254, 524.5854246000001
1714469907807, 2024-04-30T09:38:27.807Z, 77.0615274, 550.3166556
1714469907834, 2024-04-30T09:38:27.834Z, 96.1529862, 566.9399031999999
1714469907850, 2024-04-30T09:38:27.850Z, 106.44008199999999, 570.4073397999999
1714469907881, 2024-04-30T09:38:27.881Z, 108.9169704, 570.3389609999999
1714469907896, 2024-04-30T09:38:27.896Z, 105.5706564, 564.6051691999999
1714469907924, 2024-04-30T09:38:27.924Z, 107.7460862, 566.2435191999999
1714469907968, 2024-04-30T09:38:27.968Z, 122.3432976, 571.4379667999999
1714469908013, 2024-04-30T09:38:28.013Z, 138.1386092, 579.495582
1714469908075, 2024-04-30T09:38:28.075Z, 146.53867459999998, 573.1862088
1714469908103, 2024-04-30T09:38:28.103Z, 154.0697364, 563.4519018000001
1714469908118, 2024-04-30T09:38:28.118Z, 156.3863738, 548.9864577999999
1714469908155, 2024-04-30T09:38:28.155Z, 147.6785678, 538.1997288
1714469908194, 2024-04-30T09:38:28.194Z, 140.0034066, 528.3115909999999
1714469908238, 2024-04-30T09:38:28.238Z, 146.286742, 536.5338938
1714469908285, 2024-04-30T09:38:28.285Z, 166.959267, 555.5079599999999
1714469908333, 2024-04-30T09:38:28.333Z, 199.8921332, 576.2097489999999
1714469908375, 2024-04-30T09:38:28.375Z, 233.15302219999998, 592.7532038
1714469908420, 2024-04-30T09:38:28.420Z, 264.70477100000005, 609.3259664
1714469908435, 2024-04-30T09:38:28.435Z, 293.1240766, 624.8786914
1714469908464, 2024-04-30T09:38:28.464Z, 302.0371382, 624.7553974
1714469908554, 2024-04-30T09:38:28.554Z, 308.8388444, 619.5075752
1714469908598, 2024-04-30T09:38:28.598Z, 329.26505019999996, 617.7233598
1714469908646, 2024-04-30T09:38:28.646Z, 343.354046, 616.4156783999999
1714469908691, 2024-04-30T09:38:28.691Z, 356.6723312, 613.9991764
1714469908706, 2024-04-30T09:38:28.706Z, 370.3354046, 609.8418902
1714469908735, 2024-04-30T09:38:28.735Z, 370.8804306, 602.9961558
1714469908780, 2024-04-30T09:38:28.780Z, 349.1838348, 581.821872
1714469908831, 2024-04-30T09:38:28.831Z, 334.3458794, 558.2905296
1714469908870, 2024-04-30T09:38:28.870Z, 332.65145240000004, 553.2191836
1714469908886, 2024-04-30T09:38:28.886Z, 328.49825819999995, 548.731583
1714469908915, 2024-04-30T09:38:28.915Z, 327.7850992, 549.9176187999999
1714469908986, 2024-04-30T09:38:28.986Z, 329.89297739999995, 555.6756210000001
1714469909003, 2024-04-30T09:38:29.003Z, 341.32723780000003, 561.1357737999999
1714469909048, 2024-04-30T09:38:29.048Z, 353.1653048, 558.2310958
1714469909093, 2024-04-30T09:38:29.093Z, 371.3738048, 562.5949681999999
1714469909156, 2024-04-30T09:38:29.156Z, 390.1037708, 556.0362804
1714469909183, 2024-04-30T09:38:29.183Z, 393.08982960000003, 558.2038525999999
1714469909202, 2024-04-30T09:38:29.202Z, 367.91910500000006, 566.9990492000001
1714469909228, 2024-04-30T09:38:29.228Z, 328.8613924, 564.9680294
1714469909243, 2024-04-30T09:38:29.243Z, 309.3087684, 557.0178858
1714469909274, 2024-04-30T09:38:29.274Z, 286.47733519999997, 558.1991034
1714469909290, 2024-04-30T09:38:29.290Z, 296.029759, 546.4605528
1714469909321, 2024-04-30T09:38:29.321Z, 329.84688040000003, 525.9680665999999
1714469909337, 2024-04-30T09:38:29.337Z, 366.4541174, 506.91467700000004
1714469909368, 2024-04-30T09:38:29.368Z, 373.9740254000001, 498.434469
1714469909383, 2024-04-30T09:38:29.383Z, 392.4627472, 491.89216020000003
1714469909424, 2024-04-30T09:38:29.424Z, 389.95041660000004, 496.87344640000003
1714469909454, 2024-04-30T09:38:29.454Z, 378.11063920000004, 504.00349800000004
1714469909468, 2024-04-30T09:38:29.468Z, 370.0460926, 511.9700451999999
1714469909513, 2024-04-30T09:38:29.513Z, 374.7635422, 516.1424748
1714469909543, 2024-04-30T09:38:29.543Z, 425.0092122, 518.0030254000001
1714469909589, 2024-04-30T09:38:29.589Z, 482.8968002, 517.2269862
1714469909603, 2024-04-30T09:38:29.603Z, 545.1727118000001, 516.7599560000001
1714469909633, 2024-04-30T09:38:29.633Z, 601.8681154, 515.9330980000001
1714469909649, 2024-04-30T09:38:29.649Z, 654.992019, 514.7659618
1714469909679, 2024-04-30T09:38:29.679Z, 636.7111928, 510.34222120000004
1714469909695, 2024-04-30T09:38:29.695Z, 641.2402108, 508.1912106000001
1714469909724, 2024-04-30T09:38:29.724Z, 646.8907136, 506.5821804
1714469909738, 2024-04-30T09:38:29.738Z, 650.1584848, 504.8030444
1714469909768, 2024-04-30T09:38:29.768Z, 643.9244108, 501.2426726
1714469909783, 2024-04-30T09:38:29.783Z, 657.8815242000001, 501.93474720000006
1714469909813, 2024-04-30T09:38:29.813Z, 649.4785680000001, 501.4157266
1714469909828, 2024-04-30T09:38:29.828Z, 647.6188471999999, 498.76146660000006
1714469909903, 2024-04-30T09:38:29.903Z, 576.2547926000001, 489.59865179999997
1714469909918, 2024-04-30T09:38:29.918Z, 487.02560939999995, 485.3029746
1714469909948, 2024-04-30T09:38:29.948Z, 363.227747, 481.67589019999997
1714469909963, 2024-04-30T09:38:29.963Z, 252.16385019999998, 476.9358024
1714469909993, 2024-04-30T09:38:29.993Z, 122.5206476, 472.81050919999996
1714469910054, 2024-04-30T09:38:30.054Z, 60.49213460000001, 478.92162360000003
1714469910088, 2024-04-30T09:38:30.089Z, 25.765772199999997, 486.0578514
1714469910101, 2024-04-30T09:38:30.101Z, 32.973713599999996, 494.2206244
1714469910131, 2024-04-30T09:38:30.131Z, 29.706138000000003, 501.91118499999993
1714469910147, 2024-04-30T09:38:30.147Z, 48.159958800000005, 513.5604142
1714469910175, 2024-04-30T09:38:30.175Z, 59.658868600000005, 518.2301462
1714469910188, 2024-04-30T09:38:30.188Z, 77.983671, 520.6141892
1714469910219, 2024-04-30T09:38:30.219Z, 74.9696514, 523.659896
1714469910233, 2024-04-30T09:38:30.233Z, 82.848354, 531.1482906
1714469910264, 2024-04-30T09:38:30.264Z, 66.9881676, 539.1867470000001
1714469910325, 2024-04-30T09:38:30.325Z, 71.4779576, 555.6935418
1714469910353, 2024-04-30T09:38:30.353Z, 65.9479364, 568.3851648
1714469910369, 2024-04-30T09:38:30.369Z, 64.3541376, 573.768291
1714469910398, 2024-04-30T09:38:30.398Z, 48.774670199999996, 574.33843
1714469910413, 2024-04-30T09:38:30.413Z, 56.45206039999999, 576.850471
1714469910443, 2024-04-30T09:38:30.443Z, 46.33674919999999, 571.5131588
1714469910488, 2024-04-30T09:38:30.488Z, 44.4634274, 571.3126914000001
1714469910503, 2024-04-30T09:38:30.503Z, 63.7873472, 581.7198956
1714469910535, 2024-04-30T09:38:30.535Z, 76.39073560000001, 590.4881022
1714469910599, 2024-04-30T09:38:30.599Z, 64.6786546, 589.29802
1714469910625, 2024-04-30T09:38:30.625Z, 68.3383812, 593.9236158000001
1714469910638, 2024-04-30T09:38:30.638Z, 71.83684980000001, 597.5325638
1714469910669, 2024-04-30T09:38:30.669Z, 54.135011799999994, 594.4200129999999
1714469910683, 2024-04-30T09:38:30.683Z, 56.966739800000006, 598.9329978
1714469910713, 2024-04-30T09:38:30.713Z, 66.2937406, 604.06192
1714469910728, 2024-04-30T09:38:30.728Z, 81.4295808, 608.1091328
1714469910775, 2024-04-30T09:38:30.775Z, 77.24204399999999, 602.707755
1714469910807, 2024-04-30T09:38:30.807Z, 104.6750312, 598.306271
1714469910823, 2024-04-30T09:38:30.823Z, 119.86640280000002, 584.828714
1714469910852, 2024-04-30T09:38:30.852Z, 143.6286584, 574.7529778
1714469910865, 2024-04-30T09:38:30.865Z, 157.088288, 564.5272981999999
1714469910895, 2024-04-30T09:38:30.895Z, 184.837678, 561.5052828
1714469910940, 2024-04-30T09:38:30.940Z, 187.25942200000003, 558.7483004
1714469910956, 2024-04-30T09:38:30.956Z, 188.9270486, 560.2041894
1714469910986, 2024-04-30T09:38:30.986Z, 189.94334120000002, 564.2308934
1714469911002, 2024-04-30T09:38:31.002Z, 194.1068826, 568.6660032
1714469911033, 2024-04-30T09:38:31.033Z, 198.97940439999996, 572.673044
1714469911048, 2024-04-30T09:38:31.048Z, 204.3728774, 577.6598051999999
1714469911076, 2024-04-30T09:38:31.076Z, 214.487523, 584.2250404
1714469911089, 2024-04-30T09:38:31.089Z, 231.8942876, 592.8466956
1714469911120, 2024-04-30T09:38:31.120Z, 249.82298540000002, 600.1278408
1714469911135, 2024-04-30T09:38:31.135Z, 276.71824819999995, 602.3088014
1714469911165, 2024-04-30T09:38:31.165Z, 306.499429, 602.2244284
1714469911180, 2024-04-30T09:38:31.180Z, 337.547988, 604.466878
1714469911226, 2024-04-30T09:38:31.226Z, 375.1681266, 612.9317842
1714469911254, 2024-04-30T09:38:31.254Z, 398.857137, 617.2762264
1714469911270, 2024-04-30T09:38:31.270Z, 413.2846186, 626.3004968
1714469911300, 2024-04-30T09:38:31.300Z, 422.0438034, 634.7812944
1714469911315, 2024-04-30T09:38:31.315Z, 432.2474122, 642.250528
1714469911345, 2024-04-30T09:38:31.345Z, 424.2765394, 640.1791605999999
1714469911388, 2024-04-30T09:38:31.388Z, 417.8234368, 641.4436276
1714469911403, 2024-04-30T09:38:31.403Z, 418.6760146, 645.836291
1714469911433, 2024-04-30T09:38:31.433Z, 415.74814, 652.1727082000001
1714469911448, 2024-04-30T09:38:31.448Z, 413.7090446, 656.8054662000001
1714469911478, 2024-04-30T09:38:31.478Z, 417.174887, 662.069917
1714469911493, 2024-04-30T09:38:31.493Z, 435.8484682, 669.4072686
1714469911538, 2024-04-30T09:38:31.538Z, 437.7314122000001, 673.7765426000001
1714469911567, 2024-04-30T09:38:31.567Z, 449.28302840000003, 685.1487265999999
1714469911583, 2024-04-30T09:38:31.583Z, 457.6951146, 693.1877952
1714469911617, 2024-04-30T09:38:31.617Z, 455.9120538, 703.3016948000001
1714469911628, 2024-04-30T09:38:31.628Z, 447.0136824, 709.2441871999999
1714469911674, 2024-04-30T09:38:31.674Z, 442.93711299999995, 710.5642424
1714469911720, 2024-04-30T09:38:31.720Z, 452.15719079999997, 683.9655954
1714469911751, 2024-04-30T09:38:31.751Z, 466.88628600000004, 666.969463
1714469911766, 2024-04-30T09:38:31.766Z, 491.4575172, 649.4834776
1714469911797, 2024-04-30T09:38:31.797Z, 516.435308, 636.2340790000001
1714469911853, 2024-04-30T09:38:31.853Z, 546.0546253999998, 636.1175284
1714469911883, 2024-04-30T09:38:31.883Z, 568.8520688000001, 656.9783932
1714469911897, 2024-04-30T09:38:31.897Z, 584.2781107999999, 668.7776414
1714469911928, 2024-04-30T09:38:31.928Z, 603.0799938, 679.1939374000001
1714469911943, 2024-04-30T09:38:31.943Z, 623.9249217999999, 686.4088072000001
1714469911974, 2024-04-30T09:38:31.974Z, 660.7794885999999, 679.3413604
1714469911987, 2024-04-30T09:38:31.987Z, 770.5230268, 687.0921672000001
1714469912017, 2024-04-30T09:38:32.017Z, 873.1014298, 695.7321786
1714469912032, 2024-04-30T09:38:32.032Z, 927.9066154, 694.9332964
1714469912063, 2024-04-30T09:38:32.063Z, 923.7221331999999, 683.7652278
1714469912079, 2024-04-30T09:38:32.079Z, 898.2372245999999, 677.4702102000001
1714469912124, 2024-04-30T09:38:32.124Z, 796.9379838, 651.9054732
1714469912155, 2024-04-30T09:38:32.155Z, 726.6767481999999, 623.8168092000001
1714469912171, 2024-04-30T09:38:32.171Z, 697.3663332, 605.4009497999999
1714469912202, 2024-04-30T09:38:32.202Z, 724.9749802, 596.2439642000002
1714469912217, 2024-04-30T09:38:32.217Z, 753.3579078, 589.1320102
1714469912248, 2024-04-30T09:38:32.248Z, 771.1885592000001, 587.9118972
1714469912288, 2024-04-30T09:38:32.288Z, 756.8312606, 600.6344698
1714469912303, 2024-04-30T09:38:32.303Z, 744.6394909999999, 613.0282970000001
1714469912333, 2024-04-30T09:38:32.333Z, 732.19747, 633.7741234
1714469912348, 2024-04-30T09:38:32.348Z, 724.4127764000001, 655.2895696
1714469912377, 2024-04-30T09:38:32.377Z, 721.7832344000001, 677.6767196000001
1714469912393, 2024-04-30T09:38:32.393Z, 725.4294717999999, 690.480486
1714469912429, 2024-04-30T09:38:32.429Z, 730.6510688, 703.7098982000001
1714469912438, 2024-04-30T09:38:32.438Z, 734.1428728, 710.1683022
1714469912482, 2024-04-30T09:38:32.482Z, 734.1044523999999, 712.8356133999999
1714469912513, 2024-04-30T09:38:32.513Z, 712.4763786, 714.1260844000001
1714469912529, 2024-04-30T09:38:32.529Z, 638.4862447999999, 731.5466282
1714469912574, 2024-04-30T09:38:32.574Z, 565.0052688, 748.4158186000001
1714469912603, 2024-04-30T09:38:32.603Z, 478.83947500000005, 768.445978
1714469912618, 2024-04-30T09:38:32.618Z, 355.1366944, 803.8308844000001
1714469912630, 2024-04-30T09:38:32.630Z, 257.1196348, 836.8022215999999
1714469912648, 2024-04-30T09:38:32.648Z, 230.49341439999998, 847.7169825999999
1714469912663, 2024-04-30T09:38:32.663Z, 204.5161694, 853.741677
1714469912675, 2024-04-30T09:38:32.675Z, 198.7953036, 855.1429494
1714469912693, 2024-04-30T09:38:32.693Z, 245.01716720000005, 838.371323
1714469912738, 2024-04-30T09:38:32.738Z, 284.6534376, 818.8906220000001
1714469912752, 2024-04-30T09:38:32.752Z, 303.15859800000004, 807.3552458
1714469912782, 2024-04-30T09:38:32.782Z, 317.50045580000005, 799.3187658
1714469912798, 2024-04-30T09:38:32.798Z, 322.27537359999997, 788.6107730000001
1714469912827, 2024-04-30T09:38:32.827Z, 308.95332859999996, 780.2514524000001
1714469912842, 2024-04-30T09:38:32.842Z, 298.8523828, 776.3721072000001
1714469912878, 2024-04-30T09:38:32.878Z, 278.1689238, 765.367393
1714469912888, 2024-04-30T09:38:32.888Z, 258.5456484, 751.9189296000001
1714469912918, 2024-04-30T09:38:32.918Z, 235.2371794, 741.4497782000001
1714469912933, 2024-04-30T09:38:32.933Z, 215.092281, 732.7919698
1714469912964, 2024-04-30T09:38:32.964Z, 187.06226079999996, 724.0791012
1714469912979, 2024-04-30T09:38:32.979Z, 170.19933640000002, 720.5326349999999
1714469913023, 2024-04-30T09:38:33.023Z, 148.692626, 717.7833348
1714469913053, 2024-04-30T09:38:33.053Z, 131.81074840000002, 715.7985676000001
1714469913068, 2024-04-30T09:38:33.068Z, 118.7759636, 716.1684091999999
1714469913098, 2024-04-30T09:38:33.098Z, 110.7535314, 715.6888148
1714469913113, 2024-04-30T09:38:33.113Z, 102.3047792, 712.3401161999999
1714469913143, 2024-04-30T09:38:33.143Z, 88.2216526, 706.9046942
1714469913188, 2024-04-30T09:38:33.188Z, 71.5625016, 701.8346197999999
1714469913202, 2024-04-30T09:38:33.202Z, 51.9352928, 694.9162813999999
1714469913292, 2024-04-30T09:38:33.292Z, 38.493556, 687.2344056
1714469913324, 2024-04-30T09:38:33.324Z, 28.591036000000003, 681.3314094
1714469913337, 2024-04-30T09:38:33.337Z, 33.46340980000001, 677.5824580000001
1714469913368, 2024-04-30T09:38:33.368Z, 43.584959600000005, 674.5726988
1714469913383, 2024-04-30T09:38:33.383Z, 77.55523500000001, 675.2670588
1714469913413, 2024-04-30T09:38:33.413Z, 113.8591886, 680.653033
1714469913429, 2024-04-30T09:38:33.429Z, 149.98055920000002, 689.0990595999999
1714469913473, 2024-04-30T09:38:33.473Z, 190.64335760000003, 703.7175672000001
1714469913503, 2024-04-30T09:38:33.503Z, 236.406947, 721.9438142
1714469913518, 2024-04-30T09:38:33.518Z, 260.3482468, 735.1860336
1714469913548, 2024-04-30T09:38:33.548Z, 299.8252672, 733.5026008000001
1714469913562, 2024-04-30T09:38:33.562Z, 332.2492962, 731.2302852
1714469913662, 2024-04-30T09:38:33.662Z, 524.1009118, 695.2306026
1714469913709, 2024-04-30T09:38:33.709Z, 735.7321847999999, 605.5790824
1714469913757, 2024-04-30T09:38:33.757Z, 947.3113962, 513.3193733999999
1714469913792, 2024-04-30T09:38:33.792Z, 1134.6871542000001, 437.14597979999996
1714469913835, 2024-04-30T09:38:33.835Z, 1322.8959074, 369.1011522
1714469913880, 2024-04-30T09:38:33.880Z, 1333.4522054, 339.98874319999993
1714469913924, 2024-04-30T09:38:33.924Z, 1316.1759576, 368.7053596
1714469913953, 2024-04-30T09:38:33.953Z, 1300.688712, 404.2989328
1714469914148, 2024-04-30T09:38:34.148Z, 1299.7772111999998, 441.34499040000003
1714469914238, 2024-04-30T09:38:34.238Z, 1304.2365158, 458.0625178
1714469914378, 2024-04-30T09:38:34.378Z, 1312.4632974, 532.1342821999999
1714469914541, 2024-04-30T09:38:34.541Z, 1382.8393462, 513.948046
1714469914574, 2024-04-30T09:38:34.574Z, 1432.3925748, 506.11712019999993
1714469914587, 2024-04-30T09:38:34.587Z, 1481.9156991999998, 489.4286209999999
1714469914602, 2024-04-30T09:38:34.602Z, 1524.8630256000001, 482.9956252
1714469914647, 2024-04-30T09:38:34.647Z, 1533.5678468, 419.2854958
1714469914675, 2024-04-30T09:38:34.675Z, 1499.430456, 436.08987740000003
1714469914689, 2024-04-30T09:38:34.689Z, 1482.8092054, 441.62614699999995
1714469914723, 2024-04-30T09:38:34.723Z, 1480.9272047999998, 444.328661
1714469914742, 2024-04-30T09:38:34.742Z, 1485.0978043999999, 445.5738168
1714469914790, 2024-04-30T09:38:34.790Z, 1528.5850821999998, 495.38048819999995
1714469914898, 2024-04-30T09:38:34.898Z, 1547.7590996, 531.070194
1714469914914, 2024-04-30T09:38:34.914Z, 1562.8380962, 536.8866771999999
1714469914946, 2024-04-30T09:38:34.946Z, 1544.634724, 545.0689344
1714469914988, 2024-04-30T09:38:34.988Z, 1517.5719966000001, 549.4157284
1714469915002, 2024-04-30T09:38:35.002Z, 1490.6339708, 498.4199848
1714469915032, 2024-04-30T09:38:35.032Z, 1452.7169988, 469.2043366
1714469915048, 2024-04-30T09:38:35.048Z, 1427.3195142, 467.1909052
1714469915078, 2024-04-30T09:38:35.078Z, 1399.6621154, 465.68091860000004
1714469915092, 2024-04-30T09:38:35.092Z, 1380.4062672, 468.9109726
1714469915126, 2024-04-30T09:38:35.126Z, 1383.2864551999999, 466.71676800000006
1714469915140, 2024-04-30T09:38:35.140Z, 1426.6200192000001, 455.06755300000003
1714469915227, 2024-04-30T09:38:35.227Z, 1470.8983506, 441.257975
1714469915306, 2024-04-30T09:38:35.306Z, 1531.0511053999999, 404.803943
1714469915440, 2024-04-30T09:38:35.440Z, 1624.3690802, 366.7584332
1714469915485, 2024-04-30T09:38:35.485Z, 1681.1384596000003, 342.5821124
1714469915531, 2024-04-30T09:38:35.531Z, 1696.1699452, 309.86158020000005
1714469915771, 2024-04-30T09:38:35.771Z, 1708.0630942, 303.15114300000005
1714469915843, 2024-04-30T09:38:35.843Z, 1711.7124392, 311.2904324
1714469915907, 2024-04-30T09:38:35.907Z, 1663.505328, 336.4741548
1714469915952, 2024-04-30T09:38:35.952Z, 1602.1673564, 369.741515
1714469915997, 2024-04-30T09:38:35.997Z, 1566.6166827999998, 405.3125088
1714469916068, 2024-04-30T09:38:36.068Z, 1530.3407895999999, 407.51380079999996
1714469916086, 2024-04-30T09:38:36.086Z, 1493.7593822, 419.7527134
1714469916131, 2024-04-30T09:38:36.131Z, 1474.3870154, 424.259951
1714469916177, 2024-04-30T09:38:36.177Z, 1479.7469062000002, 411.36556179999997
1714469916228, 2024-04-30T09:38:36.228Z, 1483.7150668, 423.5596934
1714469916276, 2024-04-30T09:38:36.276Z, 1476.1730528, 446.39959280000005
1714469916354, 2024-04-30T09:38:36.354Z, 1474.0350916, 469.3851268
1714469916384, 2024-04-30T09:38:36.384Z, 1477.06635, 468.99471459999995
1714469916400, 2024-04-30T09:38:36.400Z, 1478.4718294, 468.71373380000006
1714469916432, 2024-04-30T09:38:36.432Z, 1475.3354640000002, 451.0651260000001
1714469916447, 2024-04-30T09:38:36.447Z, 1481.0378964, 433.90538580000003
1714469916488, 2024-04-30T09:38:36.488Z, 1477.2777752, 418.4904424
1714469916518, 2024-04-30T09:38:36.518Z, 1471.5131894, 421.3821852
1714469916532, 2024-04-30T09:38:36.532Z, 1469.7206822, 422.15958620000004
1714469916563, 2024-04-30T09:38:36.563Z, 1468.5822893999998, 427.1131858
1714469916578, 2024-04-30T09:38:36.578Z, 1468.248885, 431.65570719999994
1714469916625, 2024-04-30T09:38:36.625Z, 1476.7346562, 436.3426058
1714469916665, 2024-04-30T09:38:36.665Z, 1484.2439794, 438.62859339999994
1714469916681, 2024-04-30T09:38:36.681Z, 1499.8985118, 444.53508939999995
1714469916698, 2024-04-30T09:38:36.698Z, 1515.1624577999999, 449.6569862
1714469916713, 2024-04-30T09:38:36.713Z, 1529.7379774, 453.41326719999995
1714469916806, 2024-04-30T09:38:36.806Z, 1542.1103440000002, 456.08459039999997
1714469916851, 2024-04-30T09:38:36.851Z, 1541.4837217999998, 467.08608079999993
1714469916898, 2024-04-30T09:38:36.898Z, 1529.917353, 472.8285028
1714469916937, 2024-04-30T09:38:36.937Z, 1515.1728048, 478.6875256
1714469916983, 2024-04-30T09:38:36.983Z, 1435.1083622, 494.92873519999995
1714469917028, 2024-04-30T09:38:37.028Z, 1365.4185545999999, 514.509289
1714469917074, 2024-04-30T09:38:37.074Z, 1313.1729725999999, 521.9528542
1714469917103, 2024-04-30T09:38:37.103Z, 1274.5931224, 523.281501
1714469917122, 2024-04-30T09:38:37.122Z, 1242.3045103999998, 522.6009566
1714469917147, 2024-04-30T09:38:37.147Z, 1266.2604858, 515.0606146
1714469917163, 2024-04-30T09:38:37.163Z, 1272.9198468, 504.25909139999993
1714469917194, 2024-04-30T09:38:37.194Z, 1261.4274316, 500.20525740000005
1714469917225, 2024-04-30T09:38:37.225Z, 1239.2809228, 505.9660594
1714469917240, 2024-04-30T09:38:37.240Z, 1193.4147348000001, 553.7639741999999
1714469917256, 2024-04-30T09:38:37.256Z, 1158.7783344, 590.7636716
1714469917288, 2024-04-30T09:38:37.288Z, 1130.4248368, 619.850751
1714469917303, 2024-04-30T09:38:37.303Z, 1115.9307184, 643.5012926
1714469917350, 2024-04-30T09:38:37.350Z, 1111.6448593999999, 653.3509864
1714469917374, 2024-04-30T09:38:37.374Z, 1149.3958622, 617.6813486
1714469917388, 2024-04-30T09:38:37.388Z, 1186.635593, 596.634207
1714469917418, 2024-04-30T09:38:37.418Z, 1241.8789508, 549.1748752000001
1714469917432, 2024-04-30T09:38:37.432Z, 1296.2646142, 511.06163640000005
1714469917475, 2024-04-30T09:38:37.475Z, 1341.2352714, 483.6164836000001
1714469917492, 2024-04-30T09:38:37.492Z, 1362.1280324, 472.61502020000006
1714469917524, 2024-04-30T09:38:37.524Z, 1377.1129939999998, 455.42938119999997
1714469917554, 2024-04-30T09:38:37.554Z, 1370.8970183999998, 469.9821416000001
1714469917570, 2024-04-30T09:38:37.570Z, 1363.5624480000001, 476.5852962
1714469917601, 2024-04-30T09:38:37.601Z, 1349.7716011999998, 483.8957706
1714469917617, 2024-04-30T09:38:37.617Z, 1338.814913, 482.03103300000004
1714469917647, 2024-04-30T09:38:37.647Z, 1331.6455576, 481.77094020000004
1714469917688, 2024-04-30T09:38:37.688Z, 1333.9332464, 472.6597138
1714469917702, 2024-04-30T09:38:37.702Z, 1339.1724762, 461.1194162
1714469917732, 2024-04-30T09:38:37.732Z, 1349.9927084, 453.605772
1714469917747, 2024-04-30T09:38:37.747Z, 1359.5763596000002, 444.07212419999996
1714469917778, 2024-04-30T09:38:37.778Z, 1360.5984112, 446.218875
1714469917792, 2024-04-30T09:38:37.792Z, 1356.2524296, 458.9181626000001
1714469917837, 2024-04-30T09:38:37.837Z, 1350.2409194000002, 474.67542000000003
1714469917868, 2024-04-30T09:38:37.868Z, 1362.8284688, 491.3747608
1714469917882, 2024-04-30T09:38:37.882Z, 1377.9147014000002, 506.5923276
1714469917913, 2024-04-30T09:38:37.913Z, 1402.991446, 508.31530280000004
1714469917929, 2024-04-30T09:38:37.929Z, 1424.0527796, 510.4707896
1714469917974, 2024-04-30T09:38:37.974Z, 1446.6985018, 510.8499044
1714469918003, 2024-04-30T09:38:38.003Z, 1436.1305138, 503.17575880000004
1714469918018, 2024-04-30T09:38:38.018Z, 1418.2702472, 497.0699278
1714469918047, 2024-04-30T09:38:38.047Z, 1385.2600824, 487.97104800000005
1714469918063, 2024-04-30T09:38:38.063Z, 1353.4929902000001, 481.2533348
1714469918092, 2024-04-30T09:38:38.092Z, 1314.3043536, 475.1158308
1714469918138, 2024-04-30T09:38:38.138Z, 1286.8387558, 473.6623044
1714469918152, 2024-04-30T09:38:38.152Z, 1265.208069, 471.1423318
1714469918182, 2024-04-30T09:38:38.182Z, 1261.3306832000003, 467.1795324000001
1714469918201, 2024-04-30T09:38:38.201Z, 1260.5592064, 456.358946
1714469918230, 2024-04-30T09:38:38.230Z, 1262.3359776000002, 445.5921738
1714469918245, 2024-04-30T09:38:38.245Z, 1266.1402254, 435.9648854
1714469918276, 2024-04-30T09:38:38.276Z, 1257.557403, 437.66547980000007
1714469918290, 2024-04-30T09:38:38.290Z, 1242.6590251999999, 445.18087180000003
1714469918322, 2024-04-30T09:38:38.322Z, 1228.6848713999998, 452.43095600000004
1714469918348, 2024-04-30T09:38:38.348Z, 1217.5022978000002, 455.7351817999999
1714469918365, 2024-04-30T09:38:38.365Z, 1211.3211326, 455.83079819999995
1714469918380, 2024-04-30T09:38:38.380Z, 1218.8675212000003, 446.16968479999997
1714469918424, 2024-04-30T09:38:38.424Z, 1239.6273969999997, 441.7564374
1714469918454, 2024-04-30T09:38:38.454Z, 1258.2273258, 441.0303905999999
1714469918468, 2024-04-30T09:38:38.468Z, 1287.5126918, 441.5101715999999
1714469918513, 2024-04-30T09:38:38.513Z, 1307.2847869999998, 447.65511100000003
1714469918543, 2024-04-30T09:38:38.543Z, 1313.7383764, 466.61699639999995
1714469918588, 2024-04-30T09:38:38.588Z, 1333.1577988, 469.49969139999996
1714469918604, 2024-04-30T09:38:38.604Z, 1356.9810556, 469.94078659999997
1714469918637, 2024-04-30T09:38:38.637Z, 1366.4309652, 477.36074039999994
1714469918649, 2024-04-30T09:38:38.649Z, 1361.4354196, 492.7958732
1714469918679, 2024-04-30T09:38:38.679Z, 1384.2944252, 500.0118998
1714469918694, 2024-04-30T09:38:38.694Z, 1379.2133116, 521.884169
1714469918739, 2024-04-30T09:38:38.739Z, 1369.4836920000002, 546.745824
1714469918769, 2024-04-30T09:38:38.769Z, 1374.3773316000002, 575.154597
1714469918784, 2024-04-30T09:38:38.784Z, 1400.5806986000002, 590.1080752
1714469918799, 2024-04-30T09:38:38.799Z, 1401.2100742, 594.4709044
1714469918815, 2024-04-30T09:38:38.815Z, 1395.5692530000001, 587.218358
1714469918831, 2024-04-30T09:38:38.831Z, 1393.6194421999999, 581.2694956
1714469918846, 2024-04-30T09:38:38.846Z, 1380.0164994000002, 568.4308578
1714469918875, 2024-04-30T09:38:38.875Z, 1365.6748848000002, 554.9797502
1714469918918, 2024-04-30T09:38:38.918Z, 1356.5589074000002, 543.4015146
1714469918963, 2024-04-30T09:38:38.963Z, 1355.2383448, 540.504412
1714469918993, 2024-04-30T09:38:38.993Z, 1348.7865755999999, 536.3180037999999
1714469919053, 2024-04-30T09:38:39.053Z, 1353.1978366, 535.978384
1714469919097, 2024-04-30T09:38:39.097Z, 1364.2476826000002, 515.2191976
1714469919127, 2024-04-30T09:38:39.127Z, 1372.0297624, 506.2344014
1714469919147, 2024-04-30T09:38:39.147Z, 1381.7027902, 497.00694519999996
1714469919187, 2024-04-30T09:38:39.187Z, 1388.7750270000001, 490.616492
1714469919233, 2024-04-30T09:38:39.233Z, 1384.6481242, 481.1209804
1714469919248, 2024-04-30T09:38:39.248Z, 1374.1483524, 493.2156798
1714469919280, 2024-04-30T09:38:39.280Z, 1369.9904494, 497.931412
1714469919323, 2024-04-30T09:38:39.323Z, 1375.9930268, 525.9451726
1714469919335, 2024-04-30T09:38:39.335Z, 1386.918345, 557.3574834
1714469919352, 2024-04-30T09:38:39.352Z, 1401.5649523999998, 588.7540886
1714469919367, 2024-04-30T09:38:39.367Z, 1414.6183004000002, 612.5474932
1714469919397, 2024-04-30T09:38:39.397Z, 1402.6699954, 619.8028454000001
1714469919416, 2024-04-30T09:38:39.416Z, 1376.1404518, 601.9765104
1714469919442, 2024-04-30T09:38:39.442Z, 1334.6906396, 569.5619807999999
1714469919487, 2024-04-30T09:38:39.487Z, 1289.3798396, 536.6354101999999
1714469919502, 2024-04-30T09:38:39.502Z, 1252.7735011999998, 512.952131
1714469919532, 2024-04-30T09:38:39.532Z, 1238.1623932, 501.5603749999999
1714469919551, 2024-04-30T09:38:39.551Z, 1221.9645412, 482.73017419999996
1714469919577, 2024-04-30T09:38:39.577Z, 1217.2586319999998, 474.7091506
1714469919593, 2024-04-30T09:38:39.593Z, 1214.274091, 468.5351374
1714469919639, 2024-04-30T09:38:39.639Z, 1203.7284109999998, 470.452344
1714469919670, 2024-04-30T09:38:39.670Z, 1195.295395, 471.67550919999996
1714469919685, 2024-04-30T09:38:39.685Z, 1192.7921284, 479.2649646
1714469919716, 2024-04-30T09:38:39.716Z, 1187.2907056, 486.76572100000004
1714469919731, 2024-04-30T09:38:39.731Z, 1185.1626016, 498.5614636
1714469919773, 2024-04-30T09:38:39.773Z, 1180.568232, 497.381207
1714469919802, 2024-04-30T09:38:39.802Z, 1194.7387999999999, 488.61141280000004
1714469919818, 2024-04-30T09:38:39.818Z, 1210.9974932, 482.46855939999995
1714469919847, 2024-04-30T09:38:39.847Z, 1238.1204973999997, 477.74694339999996
1714469919862, 2024-04-30T09:38:39.862Z, 1265.9145803999997, 480.72351799999996
1714469919892, 2024-04-30T09:38:39.892Z, 1299.3696516, 486.6889312
1714469919952, 2024-04-30T09:38:39.952Z, 1314.5560632000002, 497.4836368
1714469919982, 2024-04-30T09:38:39.982Z, 1324.5896644, 508.22617199999996
1714469919997, 2024-04-30T09:38:39.997Z, 1326.1446493999997, 512.9262006
1714469920178, 2024-04-30T09:38:40.178Z, 1321.0996731999999, 507.16682000000003
1714469920224, 2024-04-30T09:38:40.224Z, 1306.4183881999998, 512.1889371999999
1714469920253, 2024-04-30T09:38:40.253Z, 1289.4958728, 518.2153796
1714469920267, 2024-04-30T09:38:40.267Z, 1269.2554266000002, 518.891797
1714469920297, 2024-04-30T09:38:40.297Z, 1246.2016404, 522.5367922
1714469920312, 2024-04-30T09:38:40.312Z, 1227.8563662000001, 525.1819204
1714469920346, 2024-04-30T09:38:40.346Z, 1218.0129718, 513.5540520000001
1714469920387, 2024-04-30T09:38:40.387Z, 1218.8026252000002, 513.8110313999999
1714469920402, 2024-04-30T09:38:40.402Z, 1225.8616178, 520.6581739999999
1714469920449, 2024-04-30T09:38:40.449Z, 1264.7886852, 533.4358814000001
1714469920495, 2024-04-30T09:38:40.495Z, 1301.4411646, 541.0381958
1714469920536, 2024-04-30T09:38:40.536Z, 1331.5253294, 561.2763090000001
1714469920581, 2024-04-30T09:38:40.581Z, 1357.1436879999999, 577.8601514
1714469920627, 2024-04-30T09:38:40.627Z, 1368.689877, 593.6357267999999
1714469920673, 2024-04-30T09:38:40.673Z, 1341.7398947999998, 600.3999146
1714469920704, 2024-04-30T09:38:40.704Z, 1301.7825493999999, 601.2757732
1714469920718, 2024-04-30T09:38:40.718Z, 1255.6220091999999, 589.133916
1714469920758, 2024-04-30T09:38:40.758Z, 1202.8955607999999, 565.9563658000001
1714469920773, 2024-04-30T09:38:40.773Z, 1164.0387319999998, 539.8950494
1714469920852, 2024-04-30T09:38:40.852Z, 1144.5079792000001, 526.6980952
1714469920868, 2024-04-30T09:38:40.868Z, 1138.5643017999998, 526.6182878
1714469920884, 2024-04-30T09:38:40.884Z, 1142.2207652, 535.7696522
1714469920900, 2024-04-30T09:38:40.900Z, 1148.7780023999999, 553.5034224
1714469920931, 2024-04-30T09:38:40.931Z, 1154.6225872, 565.0380448
1714469920946, 2024-04-30T09:38:40.946Z, 1149.727521, 563.2808156
1714469920988, 2024-04-30T09:38:40.988Z, 1144.214974, 552.734663
1714469921041, 2024-04-30T09:38:41.041Z, 1143.5844326000001, 540.9864318
1714469921087, 2024-04-30T09:38:41.087Z, 1146.2776366, 534.6537022
1714469921125, 2024-04-30T09:38:41.125Z, 1150.9493891999998, 538.6811981999999
1714469921163, 2024-04-30T09:38:41.163Z, 1157.6191246000003, 545.6044472
1714469921179, 2024-04-30T09:38:41.179Z, 1163.1482652, 546.895075
1714469921225, 2024-04-30T09:38:41.225Z, 1167.3008384, 542.3768557999999
1714469921307, 2024-04-30T09:38:41.307Z, 1207.9375752, 540.9057898
1714469921351, 2024-04-30T09:38:41.351Z, 1245.0214348, 529.9801928
1714469921398, 2024-04-30T09:38:41.398Z, 1278.5757456, 520.8664248000001
1714469921468, 2024-04-30T09:38:41.469Z, 1309.8711654, 518.5317834
1714469921483, 2024-04-30T09:38:41.483Z, 1339.4710327999999, 518.7931031999999
1714469921528, 2024-04-30T09:38:41.528Z, 1329.9168364, 513.3151874
1714469921585, 2024-04-30T09:38:41.585Z, 1323.4986709999998, 514.9644356000001
1714469921617, 2024-04-30T09:38:41.617Z, 1327.1375638, 497.3852484
1714469921633, 2024-04-30T09:38:41.633Z, 1333.9615324, 485.1174822
1714469921664, 2024-04-30T09:38:41.664Z, 1342.2856219999999, 479.06955339999996
1714469921680, 2024-04-30T09:38:41.680Z, 1348.8239647999999, 468.05002339999993
1714469921697, 2024-04-30T09:38:41.697Z, 1356.6814634, 454.79278300000004
1714469921754, 2024-04-30T09:38:41.754Z, 1357.8454880000002, 460.00573319999995
1714469921796, 2024-04-30T09:38:41.796Z, 1344.6043502, 489.23207120000006
1714469921842, 2024-04-30T09:38:41.842Z, 1329.1475126, 518.8703796
1714469921888, 2024-04-30T09:38:41.888Z, 1321.9696684, 540.6845794000001
1714469921922, 2024-04-30T09:38:41.922Z, 1313.7368192, 552.3625483999999
1714469921937, 2024-04-30T09:38:41.937Z, 1306.1885539999998, 564.8660392
1714469921982, 2024-04-30T09:38:41.982Z, 1311.8374119999999, 548.0227161999999
1714469922027, 2024-04-30T09:38:42.027Z, 1317.9512676, 533.0724368
1714469922071, 2024-04-30T09:38:42.071Z, 1330.9940472, 526.2053533999999
1714469922118, 2024-04-30T09:38:42.118Z, 1349.3475311999998, 533.7730452
1714469922205, 2024-04-30T09:38:42.205Z, 1365.7908902, 533.2981108
1714469922257, 2024-04-30T09:38:42.257Z, 1389.0781412000001, 541.1003142000001
1714469922288, 2024-04-30T09:38:42.288Z, 1416.1344640000002, 534.0130764
1714469922303, 2024-04-30T09:38:42.303Z, 1430.6243052, 528.5079054
1714469922341, 2024-04-30T09:38:42.341Z, 1439.5010166, 521.9074886000001
1714469922387, 2024-04-30T09:38:42.387Z, 1448.3571995999998, 529.6835568
1714469922430, 2024-04-30T09:38:42.430Z, 1451.9001878000001, 532.2963266
1714469922474, 2024-04-30T09:38:42.474Z, 1406.4368338, 533.4511362
1714469922504, 2024-04-30T09:38:42.504Z, 1355.5184254, 532.0864681999999
1714469922521, 2024-04-30T09:38:42.521Z, 1304.431517, 527.3848716
1714469922551, 2024-04-30T09:38:42.551Z, 1259.121716, 509.5878686
1714469922567, 2024-04-30T09:38:42.567Z, 1212.9522997999998, 492.76180700000003
1714469922597, 2024-04-30T09:38:42.597Z, 1210.3280634, 481.4342208
1714469922637, 2024-04-30T09:38:42.637Z, 1211.6865548, 472.1726586000001
1714469922652, 2024-04-30T09:38:42.652Z, 1211.4632608, 465.484237
1714469922682, 2024-04-30T09:38:42.682Z, 1206.4976285999999, 466.65601960000004
1714469922697, 2024-04-30T09:38:42.697Z, 1200.8255628, 468.1100948
1714469922728, 2024-04-30T09:38:42.728Z, 1195.6197777999998, 472.5126978
1714469922742, 2024-04-30T09:38:42.742Z, 1189.3359988, 477.54209260000005
1714469922773, 2024-04-30T09:38:42.773Z, 1182.7221226, 481.73006460000005
1714469922791, 2024-04-30T09:38:42.791Z, 1176.3722128000002, 486.1096224
1714469922817, 2024-04-30T09:38:42.817Z, 1168.1250936000001, 490.0927042
1714469922832, 2024-04-30T09:38:42.832Z, 1162.3429134000003, 495.1105152
1714469922862, 2024-04-30T09:38:42.862Z, 1155.9621228, 494.38209960000006
1714469922878, 2024-04-30T09:38:42.878Z, 1151.8740268000001, 497.277372
1714469922923, 2024-04-30T09:38:42.923Z, 1148.7097202, 498.20201779999996
1714469922952, 2024-04-30T09:38:42.952Z, 1140.3951318, 495.16492199999993
1714469922967, 2024-04-30T09:38:42.967Z, 1132.7329748, 494.3625112000001
1714469922997, 2024-04-30T09:38:42.997Z, 1124.0112776, 496.0133666
1714469923013, 2024-04-30T09:38:43.013Z, 1107.9711808, 488.09172520000004
1714469923042, 2024-04-30T09:38:43.042Z, 1085.0759312, 480.7023504
1714469923087, 2024-04-30T09:38:43.087Z, 1044.0840652000002, 466.41850420000003
1714469923102, 2024-04-30T09:38:43.102Z, 975.1830044000001, 450.1478424
1714469923132, 2024-04-30T09:38:43.132Z, 841.4173576000001, 428.1832326
1714469923177, 2024-04-30T09:38:43.177Z, 666.4248021999999, 411.9044154
1714469923223, 2024-04-30T09:38:43.223Z, 498.1784586, 394.69462
1714469923237, 2024-04-30T09:38:43.237Z, 356.3106604, 387.8027614
1714469923268, 2024-04-30T09:38:43.268Z, 248.23417339999997, 390.61466500000006
1714469923283, 2024-04-30T09:38:43.283Z, 207.74786679999997, 403.6721142
1714469923315, 2024-04-30T09:38:43.315Z, 214.2665632, 416.0751558
1714469923373, 2024-04-30T09:38:43.373Z, 222.9477096, 427.0704926
1714469923402, 2024-04-30T09:38:43.402Z, 240.25058380000002, 438.24275420000004
1714469923417, 2024-04-30T09:38:43.417Z, 268.1252176, 436.0071980000001
1714469923447, 2024-04-30T09:38:43.447Z, 292.5004128, 433.12903539999996
1714469923462, 2024-04-30T09:38:43.462Z, 319.6450028, 431.1049488
1714469923492, 2024-04-30T09:38:43.492Z, 359.74376300000006, 429.40261999999996
1714469923542, 2024-04-30T09:38:43.542Z, 389.5773912, 427.5104926000001
1714469923552, 2024-04-30T09:38:43.552Z, 403.00588660000005, 427.3047464
1714469923586, 2024-04-30T09:38:43.586Z, 418.52173920000007, 427.9969432
1714469923601, 2024-04-30T09:38:43.601Z, 432.69316019999997, 431.25953659999993
1714469923627, 2024-04-30T09:38:43.627Z, 427.02903160000005, 432.53463359999995
1714469923643, 2024-04-30T09:38:43.643Z, 422.2740898, 432.899414
1714469923673, 2024-04-30T09:38:43.673Z, 414.5996164, 431.38946219999997
1714469923720, 2024-04-30T09:38:43.720Z, 403.6506758, 423.7645928
1714469923736, 2024-04-30T09:38:43.736Z, 392.9634716, 413.04079679999995
1714469923767, 2024-04-30T09:38:43.767Z, 387.2015726, 403.87927579999996
1714469923782, 2024-04-30T09:38:43.782Z, 382.088637, 395.2870257999999
1714469923823, 2024-04-30T09:38:43.823Z, 373.770537, 390.2054262
1714469923854, 2024-04-30T09:38:43.854Z, 356.2577374, 388.2075402
1714469923899, 2024-04-30T09:38:43.899Z, 330.171649, 386.7169606
1714469923944, 2024-04-30T09:38:43.944Z, 288.5615752, 393.545014
1714469923996, 2024-04-30T09:38:43.996Z, 255.8803492, 401.10460120000005
1714469924005, 2024-04-30T09:38:44.005Z, 232.1814788, 400.538179
1714469924034, 2024-04-30T09:38:44.034Z, 224.6925114, 400.8081932
1714469924049, 2024-04-30T09:38:44.049Z, 225.15436300000002, 402.47176020000006
1714469924079, 2024-04-30T09:38:44.079Z, 252.90836999999996, 414.1633584
1714469924094, 2024-04-30T09:38:44.094Z, 272.8758154, 425.67427580000003
1714469924125, 2024-04-30T09:38:44.125Z, 280.6095746, 434.61424139999997
1714469924140, 2024-04-30T09:38:44.140Z, 288.864593, 444.393541
1714469924171, 2024-04-30T09:38:44.171Z, 317.287925, 452.30353180000003
1714469924187, 2024-04-30T09:38:44.187Z, 343.8472114, 440.89564
1714469924217, 2024-04-30T09:38:44.217Z, 357.6376694, 433.6706848
1714469924233, 2024-04-30T09:38:44.233Z, 353.1768808, 452.0939526
1714469924275, 2024-04-30T09:38:44.275Z, 350.3862868, 470.9777968
1714469924304, 2024-04-30T09:38:44.304Z, 412.4341864, 459.03669900000006
1714469924319, 2024-04-30T09:38:44.319Z, 463.1430332, 449.14049059999996
1714469924349, 2024-04-30T09:38:44.349Z, 533.2573878000001, 432.07537160000004
1714469924364, 2024-04-30T09:38:44.364Z, 625.9104236000001, 401.6636618
1714469924449, 2024-04-30T09:38:44.449Z, 702.1280896000001, 369.7817768
1714469924465, 2024-04-30T09:38:44.465Z, 699.741115, 370.22999719999996
1714469924497, 2024-04-30T09:38:44.497Z, 690.059817, 367.6415716
1714469924512, 2024-04-30T09:38:44.512Z, 674.3032114, 368.9448496
1714469924543, 2024-04-30T09:38:44.543Z, 658.7692604, 366.04332180000006
1714469924573, 2024-04-30T09:38:44.573Z, 651.1427224, 365.54667559999996
1714469924587, 2024-04-30T09:38:44.587Z, 641.9183288, 365.65855580000004
1714469924617, 2024-04-30T09:38:44.617Z, 635.4867028, 369.7149684
1714469924632, 2024-04-30T09:38:44.632Z, 630.7655556, 371.6895432
1714469924662, 2024-04-30T09:38:44.662Z, 624.7012328, 373.1508688
1714469924677, 2024-04-30T09:38:44.677Z, 626.0219996, 374.7452264
1714469924724, 2024-04-30T09:38:44.724Z, 643.9934848, 385.2627128
1714469924753, 2024-04-30T09:38:44.753Z, 694.0883412000001, 397.71836559999997
1714469924767, 2024-04-30T09:38:44.767Z, 732.0656758000001, 408.2249108
1714469924797, 2024-04-30T09:38:44.797Z, 856.6107618, 434.5341122
1714469924812, 2024-04-30T09:38:44.812Z, 974.9473744, 468.34666200000004
1714469924843, 2024-04-30T09:38:44.843Z, 1075.8166242000002, 487.54367220000006
1714469924887, 2024-04-30T09:38:44.887Z, 1138.1715096, 504.2984167999999
1714469924902, 2024-04-30T09:38:44.902Z, 1208.5542511999997, 522.1481812000001
1714469924933, 2024-04-30T09:38:44.933Z, 1195.2600936, 521.4593848000001
1714469924947, 2024-04-30T09:38:44.947Z, 1182.3602379999998, 502.85566120000004
1714469924978, 2024-04-30T09:38:44.978Z, 1171.6174014, 500.339701
1714469924997, 2024-04-30T09:38:44.997Z, 1171.2448264, 492.71048039999994
1714469925027, 2024-04-30T09:38:45.027Z, 1173.2296098, 487.0947446
1714469925056, 2024-04-30T09:38:45.056Z, 1179.1368332, 488.52623459999995
1714469925072, 2024-04-30T09:38:45.072Z, 1187.5538430000001, 501.3286176
1714469925088, 2024-04-30T09:38:45.088Z, 1187.9278038, 503.07679459999997
1714469925119, 2024-04-30T09:38:45.119Z, 1187.1295194, 512.8145354
1714469925134, 2024-04-30T09:38:45.134Z, 1183.8941476, 525.5957965999999
1714469925177, 2024-04-30T09:38:45.177Z, 1176.46164, 534.7096803999999
1714469925206, 2024-04-30T09:38:45.206Z, 1165.4486306000003, 540.7758220000001
1714469925221, 2024-04-30T09:38:45.221Z, 1155.4988534, 543.5229056000001
1714469925260, 2024-04-30T09:38:45.260Z, 1148.678333, 541.2340344
1714469925276, 2024-04-30T09:38:45.276Z, 1143.7808969999999, 534.3506208
1714469925308, 2024-04-30T09:38:45.308Z, 1142.2680674, 522.1422496
1714469925341, 2024-04-30T09:38:45.341Z, 1144.2160962, 508.1208436
1714469925356, 2024-04-30T09:38:45.356Z, 1146.6005666, 495.3876716
1714469925387, 2024-04-30T09:38:45.387Z, 1141.5887536, 493.9591598
1714469925402, 2024-04-30T09:38:45.402Z, 1136.561909, 490.5533606
1714469925434, 2024-04-30T09:38:45.434Z, 1131.4617272, 489.7824708
1714469925449, 2024-04-30T09:38:45.449Z, 1127.1723536, 491.37375840000004
1714469925477, 2024-04-30T09:38:45.477Z, 1124.6127634, 492.042028
1714469925491, 2024-04-30T09:38:45.491Z, 1129.0044831999999, 483.1379854
1714469925526, 2024-04-30T09:38:45.526Z, 1133.0556561999997, 476.56737840000005
1714469925542, 2024-04-30T09:38:45.542Z, 1141.6881431999998, 465.556315
1714469925573, 2024-04-30T09:38:45.573Z, 1149.9013326, 455.21490780000005
1714469925589, 2024-04-30T09:38:45.589Z, 1153.1497507999998, 451.6221928
1714469925627, 2024-04-30T09:38:45.627Z, 1152.1209583999998, 450.3594728
1714469925652, 2024-04-30T09:38:45.652Z, 1150.4452231999999, 450.091604
1714469925667, 2024-04-30T09:38:45.667Z, 1145.0342749999998, 453.6140644
1714469925683, 2024-04-30T09:38:45.683Z, 1138.7521554, 458.565945
1714469925715, 2024-04-30T09:38:45.715Z, 1127.4222782000002, 466.16944359999997
1714469925730, 2024-04-30T09:38:45.730Z, 1118.0502874, 468.7299046
1714469925745, 2024-04-30T09:38:45.745Z, 1114.6249778000001, 483.6855428
1714469925806, 2024-04-30T09:38:45.806Z, 1106.510833, 491.73587080000004
1714469925836, 2024-04-30T09:38:45.836Z, 1113.6833784, 491.178951
1714469925852, 2024-04-30T09:38:45.852Z, 1131.3207588, 485.5461236
1714469925865, 2024-04-30T09:38:45.865Z, 1139.3733088000001, 539.2226808
1714469925881, 2024-04-30T09:38:45.881Z, 1147.9518478, 578.8794013999999
1714469925896, 2024-04-30T09:38:45.896Z, 1163.0246276, 627.9682606
1714469925923, 2024-04-30T09:38:45.923Z, 1164.3053587999998, 690.6415264
1714469925937, 2024-04-30T09:38:45.937Z, 1167.5166682, 752.8598011999999
1714469925967, 2024-04-30T09:38:45.967Z, 1180.0758662, 755.4834954
1714469925982, 2024-04-30T09:38:45.982Z, 1186.8317161999998, 759.8152759999999
1714469926013, 2024-04-30T09:38:46.013Z, 1185.7537244, 759.9172925999999
1714469926028, 2024-04-30T09:38:46.028Z, 1183.1999894, 753.6188958
1714469926074, 2024-04-30T09:38:46.074Z, 1176.1437873999998, 745.886354
1714469926102, 2024-04-30T09:38:46.102Z, 1175.7728272, 733.4944978
1714469926117, 2024-04-30T09:38:46.117Z, 1174.5583978, 720.291332
1714469926148, 2024-04-30T09:38:46.148Z, 1175.9575166, 710.713022
1714469926164, 2024-04-30T09:38:46.164Z, 1169.8085714000001, 704.5330264000002
1714469926210, 2024-04-30T09:38:46.210Z, 1162.7288656, 699.7695368000001
1714469926241, 2024-04-30T09:38:46.241Z, 1148.8718616, 702.7972391999999
1714469926257, 2024-04-30T09:38:46.257Z, 1138.5084952000002, 703.1688326
1714469926272, 2024-04-30T09:38:46.272Z, 1128.6572466, 699.9061118
1714469926289, 2024-04-30T09:38:46.289Z, 1124.8733894000002, 691.9252893999999
1714469926304, 2024-04-30T09:38:46.304Z, 1125.7820557999999, 683.5808006
1714469926335, 2024-04-30T09:38:46.335Z, 1129.2436923999999, 674.5372064
1714469926351, 2024-04-30T09:38:46.351Z, 1128.9886926, 669.1101898
1714469926376, 2024-04-30T09:38:46.376Z, 1132.6729674, 669.0910240000001
1714469926391, 2024-04-30T09:38:46.391Z, 1137.7125978, 671.0066771999999
1714469926421, 2024-04-30T09:38:46.421Z, 1141.7446378, 675.3293785999999
1714469926436, 2024-04-30T09:38:46.436Z, 1145.5708598, 678.7900447999999
1714469926466, 2024-04-30T09:38:46.466Z, 1151.5483208, 684.5026826000001
1714469926491, 2024-04-30T09:38:46.491Z, 1151.178026, 688.3537282
1714469926527, 2024-04-30T09:38:46.527Z, 1167.6494896, 701.590753
1714469926556, 2024-04-30T09:38:46.556Z, 1186.6792256, 710.7600298
1714469926585, 2024-04-30T09:38:46.585Z, 1207.942132, 720.4814329999999
1714469926600, 2024-04-30T09:38:46.600Z, 1228.4294906, 724.3061262
1714469926617, 2024-04-30T09:38:46.617Z, 1252.0530855999998, 726.4161368000001
1714469926648, 2024-04-30T09:38:46.648Z, 1259.8362976, 718.7611595999999
1714469926691, 2024-04-30T09:38:46.691Z, 1263.2603244, 713.3642536
1714469926710, 2024-04-30T09:38:46.710Z, 1264.8545904, 710.5182584
1714469926741, 2024-04-30T09:38:46.741Z, 1271.4839494, 707.2913996000001
1714469926758, 2024-04-30T09:38:46.758Z, 1278.6289856, 708.8853105999999
1714469926788, 2024-04-30T09:38:46.788Z, 1279.8279406000001, 712.2839366000001
1714469926803, 2024-04-30T09:38:46.803Z, 1276.9641878000002, 713.3732544
1714469926825, 2024-04-30T09:38:46.825Z, 1270.5362098, 708.7023144
1714469926837, 2024-04-30T09:38:46.837Z, 1256.9698786000001, 704.0922747999999
1714469926868, 2024-04-30T09:38:46.868Z, 1238.5994641999998, 703.3820102
1714469926882, 2024-04-30T09:38:46.882Z, 1226.2563065999998, 698.4529428000001
1714469926897, 2024-04-30T09:38:46.897Z, 1217.7350252, 694.6826124000002
1714469926912, 2024-04-30T09:38:46.912Z, 1209.9402782000002, 692.4448604
1714469926928, 2024-04-30T09:38:46.928Z, 1203.2256414, 695.0655204
1714469926978, 2024-04-30T09:38:46.978Z, 1196.989084, 696.5504854
1714469927005, 2024-04-30T09:38:47.005Z, 1188.2569662, 706.7203754
1714469927021, 2024-04-30T09:38:47.021Z, 1180.1558900000002, 716.011567
1714469927052, 2024-04-30T09:38:47.052Z, 1180.0384245999999, 725.4904196
1714469927068, 2024-04-30T09:38:47.068Z, 1182.8098052, 733.5832118000001
1714469927100, 2024-04-30T09:38:47.100Z, 1221.359799, 747.2614897999999
1714469927138, 2024-04-30T09:38:47.138Z, 1279.6635288000002, 761.160041
1714469927152, 2024-04-30T09:38:47.152Z, 1343.2185412000001, 777.8609242
1714469927183, 2024-04-30T09:38:47.183Z, 1405.2509622000002, 796.5072647999999
1714469927210, 2024-04-30T09:38:47.210Z, 1465.2789228000001, 814.5362152
1714469927242, 2024-04-30T09:38:47.242Z, 1494.428052, 822.9245288
1714469927257, 2024-04-30T09:38:47.257Z, 1505.7536836, 825.3534890000001
1714469927274, 2024-04-30T09:38:47.274Z, 1511.7258226, 825.104333
1714469927287, 2024-04-30T09:38:47.287Z, 1513.7001966, 824.3386969999999
1714469927323, 2024-04-30T09:38:47.323Z, 1511.7697484, 828.3378060000001
1714469927335, 2024-04-30T09:38:47.335Z, 1507.6914586, 832.1504916
1714469927365, 2024-04-30T09:38:47.365Z, 1503.3281670000001, 836.2584650000001
1714469927381, 2024-04-30T09:38:47.381Z, 1498.5720768, 841.2308448
1714469927396, 2024-04-30T09:38:47.396Z, 1492.913542, 848.9862493999999
1714469927424, 2024-04-30T09:38:47.424Z, 1481.0069251999998, 848.8702742000002
1714469927435, 2024-04-30T09:38:47.435Z, 1465.5032894, 848.4301859999999
1714469927452, 2024-04-30T09:38:47.452Z, 1411.0038348000003, 831.8808262
1714469927467, 2024-04-30T09:38:47.467Z, 1356.380443, 814.0234736
1714469927479, 2024-04-30T09:38:47.479Z, 1300.0831644, 792.332435
1714469927497, 2024-04-30T09:38:47.497Z, 1246.1271113999999, 769.5457994000001
1714469927512, 2024-04-30T09:38:47.512Z, 1195.6444158, 747.4618594