1714469702615, 2024-04-30T09:35:02.615Z, 572.158235, 893.316018
1714469702794, 2024-04-30T09:35:02.794Z, 593.9080564999999, 468.592377
1714469703380, 2024-04-30T09:35:03.380Z, 431.4967123333333, 627.6584743333333
1714469703404, 2024-04-30T09:35:03.404Z, 349.80756224999993, 702.05996625
1714469703419, 2024-04-30T09:35:03.419Z, 301.34774179999994, 747.9051612000001
1714469703449, 2024-04-30T09:35:03.449Z, 210.3523194, 752.0599256
1714469703509, 2024-04-30T09:35:03.509Z, 120.62835580000001, 923.6328988000001
1714469703523, 2024-04-30T09:35:03.523Z, 132.931952, 914.7022635999999
1714469703539, 2024-04-30T09:35:03.539Z, 144.68502600000002, 910.908409
1714469703570, 2024-04-30T09:35:03.570Z, 154.99630699999997, 907.5239454
1714469703585, 2024-04-30T09:35:03.585Z, 163.2966584, 906.651809
1714469703601, 2024-04-30T09:35:03.601Z, 160.3622076, 908.9395351999999
1714469703636, 2024-04-30T09:35:03.636Z, 153.37018039999998, 905.8222704
1714469703648, 2024-04-30T09:35:03.648Z, 126.588501, 907.2240947999999
1714469703695, 2024-04-30T09:35:03.695Z, 97.03742219999998, 909.0461926
1714469703726, 2024-04-30T09:35:03.726Z, 71.35150719999999, 911.8892963999999
1714469703742, 2024-04-30T09:35:03.742Z, 48.421423399999995, 909.9120236000001
1714469703781, 2024-04-30T09:35:03.781Z, 38.3006532, 908.2115028000001
1714469703809, 2024-04-30T09:35:03.809Z, 61.9495868, 899.7005809999998
1714469703825, 2024-04-30T09:35:03.825Z, 115.61367800000001, 888.6525088000001
1714469703858, 2024-04-30T09:35:03.858Z, 153.8164128, 876.6088643999999
1714469703945, 2024-04-30T09:35:03.945Z, 161.6686166, 880.5788960000002
1714469703960, 2024-04-30T09:35:03.960Z, 162.5179592, 889.1275066000001
1714469703991, 2024-04-30T09:35:03.991Z, 150.93929959999997, 898.9346598
1714469704007, 2024-04-30T09:35:04.007Z, 142.67588519999998, 907.4533306
1714469704038, 2024-04-30T09:35:04.038Z, 143.7593474, 915.7670036
1714469704053, 2024-04-30T09:35:04.053Z, 180.3963086, 908.9681918
1714469704081, 2024-04-30T09:35:04.081Z, 205.90012900000002, 904.2682664
1714469704095, 2024-04-30T09:35:04.095Z, 231.758563, 902.5337152
1714469704125, 2024-04-30T09:35:04.125Z, 227.9156254, 902.0853928
1714469704140, 2024-04-30T09:35:04.140Z, 226.77842919999998, 903.2524662
1714469704170, 2024-04-30T09:35:04.170Z, 227.1624022, 904.2962504
1714469704185, 2024-04-30T09:35:04.185Z, 238.00783700000002, 904.9738222
1714469704231, 2024-04-30T09:35:04.231Z, 256.5156454, 903.8591065999999
1714469704260, 2024-04-30T09:35:04.260Z, 287.5573434, 905.4964172
1714469704277, 2024-04-30T09:35:04.277Z, 329.215601, 904.8334652000001
1714469704305, 2024-04-30T09:35:04.305Z, 370.6464586, 906.2288184000001
1714469704320, 2024-04-30T09:35:04.320Z, 410.4450884, 905.5087235999999
1714469704350, 2024-04-30T09:35:04.350Z, 440.8383828, 902.9430124
1714469704395, 2024-04-30T09:35:04.395Z, 451.948076, 899.5814898000001
1714469704410, 2024-04-30T09:35:04.410Z, 447.31533900000005, 899.1953092
1714469704441, 2024-04-30T09:35:04.441Z, 440.8948278, 898.7604181999999
1714469704457, 2024-04-30T09:35:04.457Z, 436.9536964, 899.1438572
1714469704488, 2024-04-30T09:35:04.488Z, 430.45094040000004, 899.3361974000002
1714469704503, 2024-04-30T09:35:04.503Z, 432.20363399999997, 898.2482906000001
1714469704530, 2024-04-30T09:35:04.530Z, 457.33941159999995, 894.45483
1714469704545, 2024-04-30T09:35:04.545Z, 477.02895019999994, 895.5713136
1714469704575, 2024-04-30T09:35:04.575Z, 488.8524976, 898.3780124000001
1714469704590, 2024-04-30T09:35:04.590Z, 506.00058879999995, 901.2311304000001
1714469704620, 2024-04-30T09:35:04.620Z, 514.1290231999999, 905.2201155999999
1714469704635, 2024-04-30T09:35:04.635Z, 503.7332982, 910.518728
1714469704681, 2024-04-30T09:35:04.681Z, 499.1265982, 910.2835152
1714469704710, 2024-04-30T09:35:04.710Z, 502.66077740000003, 908.182912
1714469704725, 2024-04-30T09:35:04.725Z, 509.13685, 906.8392794000001
1714469704755, 2024-04-30T09:35:04.755Z, 524.02056, 904.3771823999999
1714469704770, 2024-04-30T09:35:04.770Z, 535.512906, 902.8653158000001
1714469704781, 2024-04-30T09:35:04.781Z, 544.1289360000001, 903.2976942000001
1714469704799, 2024-04-30T09:35:04.799Z, 552.6975732, 908.5518984
1714469704950, 2024-04-30T09:35:04.950Z, 593.7070884000001, 912.4500651999999
1714469704981, 2024-04-30T09:35:04.981Z, 630.2160833999999, 913.6499342000001
1714469704995, 2024-04-30T09:35:04.995Z, 667.9285618, 914.7372876
1714469705027, 2024-04-30T09:35:05.027Z, 696.1328126000001, 916.8543321999999
1714469705041, 2024-04-30T09:35:05.041Z, 719.860495, 915.2009306
1714469705072, 2024-04-30T09:35:05.072Z, 699.9068622, 915.7529332
1714469705087, 2024-04-30T09:35:05.087Z, 684.5442532, 918.8383722000001
1714469705103, 2024-04-30T09:35:05.103Z, 670.6178678, 919.3958230000001
1714469705131, 2024-04-30T09:35:05.131Z, 662.8834744, 917.9475452
1714469705161, 2024-04-30T09:35:05.161Z, 652.3315808, 912.9400880000001
1714469705175, 2024-04-30T09:35:05.175Z, 648.8208259999999, 908.3702406
1714469705205, 2024-04-30T09:35:05.205Z, 641.3913712000001, 901.4972618000002
1714469705220, 2024-04-30T09:35:05.220Z, 637.2220292, 895.0536689999999
1714469705250, 2024-04-30T09:35:05.250Z, 630.8005608, 886.6294136
1714469705278, 2024-04-30T09:35:05.278Z, 639.158464, 873.5248687999999
1714469705295, 2024-04-30T09:35:05.295Z, 647.5083096, 859.9255366
1714469705310, 2024-04-30T09:35:05.310Z, 660.201905, 852.6004352
1714469705323, 2024-04-30T09:35:05.323Z, 670.3685748, 848.0221250000001
1714469705340, 2024-04-30T09:35:05.340Z, 677.1148062, 852.1992682
1714469705355, 2024-04-30T09:35:05.355Z, 678.5853983999999, 858.3588176000001
1714469705368, 2024-04-30T09:35:05.368Z, 672.3759763999999, 871.7443182
1714469705385, 2024-04-30T09:35:05.385Z, 667.1057795999999, 878.0073954
1714469705400, 2024-04-30T09:35:05.400Z, 663.2785568, 881.0840112
1714469705431, 2024-04-30T09:35:05.431Z, 677.6757446, 866.590041
1714469705445, 2024-04-30T09:35:05.445Z, 688.0399998, 857.4352849999999
1714469705476, 2024-04-30T09:35:05.476Z, 704.3822600000001, 840.4453073999999
1714469705492, 2024-04-30T09:35:05.492Z, 691.2651242, 837.4963462
1714469705522, 2024-04-30T09:35:05.522Z, 608.6388642, 834.9847838
1714469705537, 2024-04-30T09:35:05.537Z, 507.932097, 844.3345044
1714469705581, 2024-04-30T09:35:05.581Z, 393.91071700000003, 851.7796144
1714469705610, 2024-04-30T09:35:05.610Z, 282.7674446, 858.5090418
1714469705625, 2024-04-30T09:35:05.625Z, 199.5130112, 853.5888316
1714469705655, 2024-04-30T09:35:05.655Z, 182.1642718, 850.1201484
1714469705669, 2024-04-30T09:35:05.669Z, 170.2874306, 847.8796419999999
1714469705700, 2024-04-30T09:35:05.700Z, 171.973131, 847.5834849999999
1714469705745, 2024-04-30T09:35:05.745Z, 172.42158519999998, 848.1112658
1714469705760, 2024-04-30T09:35:05.760Z, 171.6573754, 848.8010737999999
1714469705794, 2024-04-30T09:35:05.794Z, 173.680367, 849.5690328000001
1714469705808, 2024-04-30T09:35:05.808Z, 174.99591759999998, 849.6699378
1714469705835, 2024-04-30T09:35:05.835Z, 175.4659002, 850.2869318
1714469705850, 2024-04-30T09:35:05.850Z, 175.32078199999998, 850.6485028000001
1714469705885, 2024-04-30T09:35:05.885Z, 174.66301779999998, 850.5215466000002
1714469705895, 2024-04-30T09:35:05.895Z, 172.73934119999998, 850.4275372
1714469705925, 2024-04-30T09:35:05.925Z, 170.9350766, 849.9043982
1714469705940, 2024-04-30T09:35:05.940Z, 169.11823699999997, 849.3023568000001
1714469705971, 2024-04-30T09:35:05.971Z, 167.2899774, 848.4072332
1714469705986, 2024-04-30T09:35:05.986Z, 166.7388684, 848.1223827999999
1714469706031, 2024-04-30T09:35:06.031Z, 170.1209354, 847.6871289999999
1714469706059, 2024-04-30T09:35:06.059Z, 176.05364219999998, 847.5453729999999
1714469706075, 2024-04-30T09:35:06.075Z, 186.8652214, 849.1729905999998
1714469706105, 2024-04-30T09:35:06.105Z, 201.8648214, 848.9528308000001
1714469706119, 2024-04-30T09:35:06.119Z, 221.1888822, 844.4857276
1714469706194, 2024-04-30T09:35:06.194Z, 219.57278820000002, 845.3975318
1714469706239, 2024-04-30T09:35:06.239Z, 216.16603600000002, 804.7489054
1714469706284, 2024-04-30T09:35:06.284Z, 213.51775360000002, 749.7015352
1714469706436, 2024-04-30T09:35:06.436Z, 167.369935, 677.0737045999999
1714469706554, 2024-04-30T09:35:06.554Z, 125.73575699999999, 602.9637425999999
1714469706569, 2024-04-30T09:35:06.569Z, 96.1247108, 519.7459451999999
1714469706645, 2024-04-30T09:35:06.645Z, 67.7877208, 480.61617959999995
1714469706663, 2024-04-30T09:35:06.663Z, 34.9954182, 457.37802759999994
1714469706690, 2024-04-30T09:35:06.690Z, 47.8385688, 461.70706980000006
1714469706707, 2024-04-30T09:35:06.707Z, 55.77867640000001, 471.8521282
1714469706749, 2024-04-30T09:35:06.749Z, 68.18741400000002, 486.37612920000004
1714469706780, 2024-04-30T09:35:06.780Z, 75.463905, 495.6890134
1714469706841, 2024-04-30T09:35:06.841Z, 77.00346579999999, 497.3158556
1714469706872, 2024-04-30T09:35:06.872Z, 72.2283746, 489.1421708
1714469706888, 2024-04-30T09:35:06.888Z, 62.9132154, 480.38420719999993
1714469706980, 2024-04-30T09:35:06.980Z, 59.1178636, 464.2052668
1714469707012, 2024-04-30T09:35:07.012Z, 56.4712132, 458.02127980000006
1714469707028, 2024-04-30T09:35:07.028Z, 61.83926180000001, 454.69214580000005
1714469707097, 2024-04-30T09:35:07.097Z, 68.01822759999999, 459.076311
1714469707118, 2024-04-30T09:35:07.118Z, 74.6164856, 459.79725479999996
1714469707142, 2024-04-30T09:35:07.142Z, 70.4174688, 467.1767288
1714469707156, 2024-04-30T09:35:07.156Z, 68.8073838, 471.949835
1714469707186, 2024-04-30T09:35:07.186Z, 62.417589199999995, 480.1187266
1714469707201, 2024-04-30T09:35:07.201Z, 54.75851339999999, 483.63992500000006
1714469707232, 2024-04-30T09:35:07.232Z, 57.4504684, 492.47323800000004
1714469707247, 2024-04-30T09:35:07.247Z, 67.0622096, 501.6609206
1714469707277, 2024-04-30T09:35:07.277Z, 72.3167016, 505.10024460000005
1714469707293, 2024-04-30T09:35:07.293Z, 72.0638548, 504.7259156
1714469707324, 2024-04-30T09:35:07.324Z, 64.67838320000001, 501.2617268
1714469707339, 2024-04-30T09:35:07.339Z, 51.8303164, 498.03083660000004
1714469707380, 2024-04-30T09:35:07.380Z, 37.2431578, 488.15452139999996
1714469707409, 2024-04-30T09:35:07.409Z, 25.9512748, 476.71855519999997
1714469707424, 2024-04-30T09:35:07.424Z, 22.1475368, 467.2164898
1714469707454, 2024-04-30T09:35:07.454Z, 30.4887436, 463.8557962
1714469707469, 2024-04-30T09:35:07.469Z, 29.1432718, 462.41898860000003
1714469707499, 2024-04-30T09:35:07.499Z, 30.019697599999994, 467.4951765999999
1714469707549, 2024-04-30T09:35:07.549Z, 34.191742, 472.84500719999994
1714469707559, 2024-04-30T09:35:07.559Z, 35.1765094, 475.6404818
1714469707589, 2024-04-30T09:35:07.589Z, 39.68630879999999, 472.18280599999997
1714469707604, 2024-04-30T09:35:07.604Z, 50.4072174, 466.52832499999994
1714469707635, 2024-04-30T09:35:07.635Z, 62.362247, 460.1270944
1714469707651, 2024-04-30T09:35:07.651Z, 65.90371839999999, 445.12803460000003
1714469707681, 2024-04-30T09:35:07.681Z, 71.3909718, 431.4908216
1714469707694, 2024-04-30T09:35:07.694Z, 63.79888100000001, 422.2210934000001
1714469707739, 2024-04-30T09:35:07.739Z, 54.1404398, 407.7662476
1714469707785, 2024-04-30T09:35:07.785Z, 39.4061998, 398.762273
1714469707860, 2024-04-30T09:35:07.860Z, 40.6827276, 391.5245384
1714469707874, 2024-04-30T09:35:07.874Z, 35.4998226, 383.39331400000003
1714469708056, 2024-04-30T09:35:08.056Z, 71.1684678, 361.809551
1714469708087, 2024-04-30T09:35:08.087Z, 103.607358, 366.3056782
1714469708103, 2024-04-30T09:35:08.103Z, 128.9602972, 367.2100682
1714469708130, 2024-04-30T09:35:08.130Z, 149.9634624, 376.0150536
1714469708144, 2024-04-30T09:35:08.144Z, 173.955146, 388.03898799999996
1714469708174, 2024-04-30T09:35:08.174Z, 156.35189459999998, 412.15280240000004
1714469708189, 2024-04-30T09:35:08.189Z, 134.16070099999996, 414.65453640000004
1714469708235, 2024-04-30T09:35:08.235Z, 121.98977839999998, 415.9387038000001
1714469708280, 2024-04-30T09:35:08.280Z, 100.2388602, 416.14259439999995
1714469708312, 2024-04-30T09:35:08.312Z, 80.6081132, 416.16605419999996
1714469708323, 2024-04-30T09:35:08.323Z, 67.94583420000001, 415.9422796
1714469708353, 2024-04-30T09:35:08.353Z, 64.4498638, 415.07614920000003
1714469708369, 2024-04-30T09:35:08.369Z, 61.66178500000001, 412.191356
1714469708460, 2024-04-30T09:35:08.460Z, 58.9653948, 402.30685559999995
1714469708538, 2024-04-30T09:35:08.538Z, 48.626784, 397.8284944
1714469708553, 2024-04-30T09:35:08.553Z, 44.2619954, 395.3951118
1714469708594, 2024-04-30T09:35:08.594Z, 40.85106639999999, 397.2398436
1714469708624, 2024-04-30T09:35:08.624Z, 36.407081600000005, 406.6456624
1714469708639, 2024-04-30T09:35:08.639Z, 38.3205842, 424.04001239999997
1714469708669, 2024-04-30T09:35:08.669Z, 50.848620200000006, 440.2866008
1714469708684, 2024-04-30T09:35:08.684Z, 55.83948819999999, 456.4617778
1714469708729, 2024-04-30T09:35:08.729Z, 58.800124000000004, 474.721352
1714469708774, 2024-04-30T09:35:08.774Z, 61.256374599999994, 487.6156014
1714469708804, 2024-04-30T09:35:08.804Z, 66.190011, 487.47409279999994
1714469708819, 2024-04-30T09:35:08.819Z, 69.4663104, 483.9980987999999
1714469708894, 2024-04-30T09:35:08.894Z, 77.1445332, 479.5827289999999
1714469708910, 2024-04-30T09:35:08.910Z, 81.74733619999999, 469.0483142
1714469708939, 2024-04-30T09:35:08.939Z, 81.2969406, 460.99013619999994
1714469708954, 2024-04-30T09:35:08.954Z, 79.00404799999998, 467.57411379999996
1714469708985, 2024-04-30T09:35:08.985Z, 68.85696599999999, 472.2646552
1714469709209, 2024-04-30T09:35:09.209Z, 63.4064842, 469.663828
1714469709224, 2024-04-30T09:35:09.224Z, 63.908286, 465.89559579999997
1714469709268, 2024-04-30T09:35:09.268Z, 73.8034686, 459.4046036000001
1714469709284, 2024-04-30T09:35:09.284Z, 80.73449860000001, 452.5712917999999
1714469709299, 2024-04-30T09:35:09.299Z, 97.8330202, 447.7036396
1714469709344, 2024-04-30T09:35:09.344Z, 112.96638520000002, 452.0852446
1714469709359, 2024-04-30T09:35:09.359Z, 128.58029679999999, 458.3503213999999
1714469709389, 2024-04-30T09:35:09.389Z, 138.9407604, 467.61863360000007
1714469709404, 2024-04-30T09:35:09.404Z, 150.0387356, 476.830092
1714469709434, 2024-04-30T09:35:09.434Z, 162.4900692, 491.12991059999996
1714469709449, 2024-04-30T09:35:09.449Z, 169.1483948, 501.19232
1714469709480, 2024-04-30T09:35:09.480Z, 173.91215900000003, 510.85754180000004
1714469709494, 2024-04-30T09:35:09.494Z, 181.3231106, 515.6004989999999
1714469709524, 2024-04-30T09:35:09.524Z, 189.610286, 516.4025627999999
1714469709539, 2024-04-30T09:35:09.539Z, 194.533245, 509.7201314
1714469709568, 2024-04-30T09:35:09.568Z, 199.62452639999998, 503.6654947999999
1714469709585, 2024-04-30T09:35:09.585Z, 205.10060819999998, 497.80331399999994
1714469709631, 2024-04-30T09:35:09.631Z, 201.7608662, 494.1833756
1714469709659, 2024-04-30T09:35:09.659Z, 169.3663464, 495.5224491999999
1714469709674, 2024-04-30T09:35:09.674Z, 131.68192979999998, 496.14814880000006
1714469709705, 2024-04-30T09:35:09.705Z, 95.545212, 490.0311896
1714469709721, 2024-04-30T09:35:09.721Z, 58.456941400000005, 478.81529179999995
1714469709752, 2024-04-30T09:35:09.752Z, 29.327869600000003, 465.5270168
1714469709794, 2024-04-30T09:35:09.794Z, 45.993469, 450.2893384
1714469709809, 2024-04-30T09:35:09.809Z, 68.40546839999999, 435.84548700000005
1714469709839, 2024-04-30T09:35:09.839Z, 96.1408668, 429.9787786
1714469709854, 2024-04-30T09:35:09.854Z, 126.74745160000002, 429.68444960000005
1714469709884, 2024-04-30T09:35:09.884Z, 160.5434602, 432.707255
1714469709899, 2024-04-30T09:35:09.899Z, 177.4398374, 439.8845284
1714469709930, 2024-04-30T09:35:09.930Z, 191.0709584, 442.92635580000007
1714469709944, 2024-04-30T09:35:09.944Z, 197.6855608, 442.3063924
1714469709957, 2024-04-30T09:35:09.957Z, 202.827036, 442.48107120000003
1714469709989, 2024-04-30T09:35:09.989Z, 206.1444536, 446.18224839999993
1714469710019, 2024-04-30T09:35:10.019Z, 210.40043759999998, 453.6772696
1714469710034, 2024-04-30T09:35:10.034Z, 217.93250400000002, 465.2576078
1714469710083, 2024-04-30T09:35:10.083Z, 227.90443420000003, 484.8493058
1714469710111, 2024-04-30T09:35:10.111Z, 235.7621022, 503.71241260000005
1714469710127, 2024-04-30T09:35:10.127Z, 231.81134979999996, 500.16539380000006
1714469710156, 2024-04-30T09:35:10.156Z, 217.5799982, 480.30864579999997
1714469710172, 2024-04-30T09:35:10.172Z, 197.7507838, 464.4426794
1714469710248, 2024-04-30T09:35:10.248Z, 170.6126154, 440.9608262
1714469710262, 2024-04-30T09:35:10.262Z, 145.909075, 417.64827
1714469710292, 2024-04-30T09:35:10.292Z, 132.29443559999999, 412.8393674
1714469710307, 2024-04-30T09:35:10.307Z, 122.23014900000001, 417.94756959999995
1714469710337, 2024-04-30T09:35:10.337Z, 117.3807028, 419.3134739999999
1714469710353, 2024-04-30T09:35:10.353Z, 118.1022606, 421.72119039999995
1714469710382, 2024-04-30T09:35:10.382Z, 141.0403248, 427.56420799999995
1714469710397, 2024-04-30T09:35:10.397Z, 164.491015, 435.449967
1714469710426, 2024-04-30T09:35:10.426Z, 192.557615, 442.27493119999997
1714469710443, 2024-04-30T09:35:10.443Z, 220.1633128, 451.543249
1714469710471, 2024-04-30T09:35:10.471Z, 247.61006419999998, 465.0163786
1714469710533, 2024-04-30T09:35:10.533Z, 256.9289198, 473.54477800000006
1714469710561, 2024-04-30T09:35:10.561Z, 266.70336519999995, 481.91059559999997
1714469710577, 2024-04-30T09:35:10.577Z, 274.7322926, 491.762453
1714469710608, 2024-04-30T09:35:10.608Z, 270.0758412, 493.0249299999999
1714469710654, 2024-04-30T09:35:10.654Z, 262.044737, 489.6955476
1714469710694, 2024-04-30T09:35:10.694Z, 246.40711119999997, 486.23961959999997
1714469710709, 2024-04-30T09:35:10.709Z, 228.94331819999996, 480.1441618
1714469710739, 2024-04-30T09:35:10.739Z, 214.50733920000002, 471.7847822
1714469710754, 2024-04-30T09:35:10.754Z, 212.91935159999997, 468.872904
1714469710784, 2024-04-30T09:35:10.784Z, 211.1141018, 461.8676284
1714469710798, 2024-04-30T09:35:10.798Z, 211.779855, 456.06538579999994
1714469710829, 2024-04-30T09:35:10.829Z, 203.565793, 457.9345974
1714469710844, 2024-04-30T09:35:10.844Z, 194.96712900000003, 461.7745648
1714469710875, 2024-04-30T09:35:10.875Z, 186.63915000000003, 472.79197459999995
1714469710889, 2024-04-30T09:35:10.889Z, 178.3946644, 488.6291126
1714469710919, 2024-04-30T09:35:10.919Z, 163.2078308, 511.9321434
1714469710935, 2024-04-30T09:35:10.935Z, 152.7099704, 526.123666
1714469710980, 2024-04-30T09:35:10.980Z, 138.444233, 535.1700256
1714469711008, 2024-04-30T09:35:11.008Z, 119.1637634, 532.0760088
1714469711024, 2024-04-30T09:35:11.024Z, 97.8048274, 522.884241
1714469711053, 2024-04-30T09:35:11.053Z, 84.7030252, 509.3253189999999
1714469711069, 2024-04-30T09:35:11.069Z, 81.19916660000001, 499.0217866
1714469711098, 2024-04-30T09:35:11.098Z, 80.7101982, 494.6869732
1714469711144, 2024-04-30T09:35:11.144Z, 81.8210412, 496.5593158
1714469711159, 2024-04-30T09:35:11.159Z, 90.869224, 503.444717
1714469711189, 2024-04-30T09:35:11.189Z, 99.9638694, 497.5896868
1714469711203, 2024-04-30T09:35:11.203Z, 109.9366622, 488.2350906
1714469711234, 2024-04-30T09:35:11.234Z, 118.78244140000001, 480.1604764
1714469711249, 2024-04-30T09:35:11.249Z, 130.3081644, 473.5220394
1714469711298, 2024-04-30T09:35:11.298Z, 139.9063766, 476.5435584
1714469711326, 2024-04-30T09:35:11.326Z, 148.85552520000002, 489.32579480000004
1714469711342, 2024-04-30T09:35:11.342Z, 151.1077358, 508.92744039999997
1714469711373, 2024-04-30T09:35:11.373Z, 157.3308348, 518.6211776
1714469711388, 2024-04-30T09:35:11.388Z, 164.73447, 524.1282610000001
1714469711430, 2024-04-30T09:35:11.430Z, 168.62673800000002, 519.2868255999999
1714469711458, 2024-04-30T09:35:11.458Z, 166.161403, 516.679826
1714469711473, 2024-04-30T09:35:11.473Z, 153.5494226, 515.8214765999999
1714469711503, 2024-04-30T09:35:11.503Z, 146.27613200000002, 524.048381
1714469711519, 2024-04-30T09:35:11.519Z, 140.77619620000002, 532.9209669999999
1714469711548, 2024-04-30T09:35:11.548Z, 141.72829280000002, 544.0830684
1714469711593, 2024-04-30T09:35:11.593Z, 140.73234839999998, 551.5070453999999
1714469711612, 2024-04-30T09:35:11.612Z, 150.2849614, 551.7504446
1714469711638, 2024-04-30T09:35:11.638Z, 156.4480532, 553.8807568
1714469711684, 2024-04-30T09:35:11.684Z, 169.7458046, 559.5827016
1714469711699, 2024-04-30T09:35:11.699Z, 178.8085058, 565.3397576
1714469711729, 2024-04-30T09:35:11.729Z, 194.6553428, 580.086724
1714469711743, 2024-04-30T09:35:11.743Z, 208.8173296, 592.6405808000001
1714469711773, 2024-04-30T09:35:11.773Z, 217.3745732, 596.3322376
1714469711789, 2024-04-30T09:35:11.789Z, 215.48504240000003, 594.8681750000001
1714469711818, 2024-04-30T09:35:11.818Z, 207.81512359999996, 592.2344564000001
1714469711834, 2024-04-30T09:35:11.834Z, 196.57750339999998, 582.5021130000001
1714469711909, 2024-04-30T09:35:11.909Z, 179.5926218, 570.9969186000001
1714469711924, 2024-04-30T09:35:11.924Z, 165.127003, 564.9580372
1714469711953, 2024-04-30T09:35:11.953Z, 151.63208479999997, 565.689351
1714469712137, 2024-04-30T09:35:12.137Z, 145.77512819999998, 553.6119646
1714469712153, 2024-04-30T09:35:12.153Z, 142.16825, 535.1897476
1714469712184, 2024-04-30T09:35:12.184Z, 148.13070439999998, 522.9577518
1714469712206, 2024-04-30T09:35:12.206Z, 151.8372516, 508.5911972
1714469712231, 2024-04-30T09:35:12.231Z, 161.06135079999999, 500.6277808
1714469712246, 2024-04-30T09:35:12.246Z, 169.0746608, 505.88101320000004
1714469712278, 2024-04-30T09:35:12.278Z, 173.2913648, 513.1439592
1714469712293, 2024-04-30T09:35:12.293Z, 175.36158139999998, 519.4641798
1714469712334, 2024-04-30T09:35:12.334Z, 173.36898480000002, 524.8784274
1714469712360, 2024-04-30T09:35:12.360Z, 165.62421899999998, 518.3474693999999
1714469712378, 2024-04-30T09:35:12.378Z, 157.6170758, 513.6007132
1714469712405, 2024-04-30T09:35:12.405Z, 158.978143, 514.496932
1714469712424, 2024-04-30T09:35:12.424Z, 164.7030522, 515.215846
1714469712451, 2024-04-30T09:35:12.451Z, 176.682964, 518.9297954
1714469712498, 2024-04-30T09:35:12.498Z, 187.19038840000002, 524.3168998
1714469712514, 2024-04-30T09:35:12.514Z, 180.06740799999997, 526.9526784
1714469712545, 2024-04-30T09:35:12.545Z, 166.7129542, 527.4296584
1714469712560, 2024-04-30T09:35:12.560Z, 149.278976, 529.0024346
1714469712591, 2024-04-30T09:35:12.591Z, 130.3817344, 531.4399458
1714469712606, 2024-04-30T09:35:12.606Z, 112.87554680000001, 533.0559546
1714469712631, 2024-04-30T09:35:12.631Z, 112.1932644, 534.3644601999999
1714469712644, 2024-04-30T09:35:12.644Z, 112.42051620000002, 531.7144031999999
1714469712673, 2024-04-30T09:35:12.673Z, 107.843705, 529.1655870000001
1714469712856, 2024-04-30T09:35:12.856Z, 116.2167676, 526.2809488
1714469712870, 2024-04-30T09:35:12.870Z, 125.67365420000002, 515.8694929999999
1714469712901, 2024-04-30T09:35:12.901Z, 137.2129278, 508.690338
1714469712945, 2024-04-30T09:35:12.945Z, 133.111786, 505.7509804
1714469712959, 2024-04-30T09:35:12.959Z, 123.29454879999999, 501.52695379999994
1714469712989, 2024-04-30T09:35:12.989Z, 101.89964919999998, 497.09392859999997
1714469713004, 2024-04-30T09:35:13.004Z, 85.70772919999999, 503.5312358
1714469713035, 2024-04-30T09:35:13.035Z, 84.0272234, 513.5121502
1714469713049, 2024-04-30T09:35:13.049Z, 96.94908559999999, 522.7890659999999
1714469713080, 2024-04-30T09:35:13.080Z, 118.4062208, 531.252354
1714469713124, 2024-04-30T09:35:13.124Z, 133.29780620000003, 535.6388314
1714469713139, 2024-04-30T09:35:13.139Z, 139.2576912, 536.091873
1714469713173, 2024-04-30T09:35:13.173Z, 117.63766039999999, 531.7735525999999
1714469713184, 2024-04-30T09:35:13.184Z, 92.9951822, 523.688267
1714469713259, 2024-04-30T09:35:13.259Z, 75.796548, 511.15660340000005
1714469713306, 2024-04-30T09:35:13.306Z, 75.3621384, 504.18010100000004
1714469713352, 2024-04-30T09:35:13.352Z, 86.48725299999998, 511.66966620000005
1714469713394, 2024-04-30T09:35:13.394Z, 115.03999300000001, 525.085883
1714469713415, 2024-04-30T09:35:13.415Z, 151.89972219999999, 544.2255286
1714469713461, 2024-04-30T09:35:13.461Z, 178.667256, 562.0728071999999
1714469713507, 2024-04-30T09:35:13.507Z, 186.7357894, 570.910549
1714469713532, 2024-04-30T09:35:13.532Z, 175.328712, 551.1050444
1714469713544, 2024-04-30T09:35:13.544Z, 155.6800256, 522.5927392
1714469713574, 2024-04-30T09:35:13.574Z, 132.9289292, 491.28284080000003
1714469713589, 2024-04-30T09:35:13.589Z, 117.58264960000001, 471.38612439999997
1714469713619, 2024-04-30T09:35:13.619Z, 112.4363248, 459.68429619999995
1714469713712, 2024-04-30T09:35:13.712Z, 130.2989838, 464.7168946
1714469713727, 2024-04-30T09:35:13.727Z, 132.6282862, 440.70504220000004
1714469713756, 2024-04-30T09:35:13.756Z, 131.2688848, 420.91413520000003
1714469713772, 2024-04-30T09:35:13.772Z, 121.8134168, 418.2943936
1714469713803, 2024-04-30T09:35:13.803Z, 104.943705, 412.24301299999996
1714469713845, 2024-04-30T09:35:13.845Z, 70.5302612, 407.02800299999996
1714469713860, 2024-04-30T09:35:13.860Z, 53.222997799999995, 433.77603020000004
1714469713890, 2024-04-30T09:35:13.890Z, 46.7212998, 467.50338780000004
1714469713905, 2024-04-30T09:35:13.905Z, 47.367473600000004, 478.71960959999996
1714469713935, 2024-04-30T09:35:13.935Z, 52.577048800000014, 492.76469
1714469713950, 2024-04-30T09:35:13.950Z, 66.47608620000001, 511.19217100000003
1714469713981, 2024-04-30T09:35:13.981Z, 82.69487000000001, 529.481898
1714469713995, 2024-04-30T09:35:13.995Z, 92.97400300000001, 535.0843934000001
1714469714025, 2024-04-30T09:35:14.025Z, 100.8105632, 539.3555464
1714469714038, 2024-04-30T09:35:14.038Z, 106.19445699999999, 541.0470089999999
1714469714068, 2024-04-30T09:35:14.068Z, 107.33844859999999, 535.0010188
1714469714083, 2024-04-30T09:35:14.083Z, 103.85335660000001, 526.8139566
1714469714132, 2024-04-30T09:35:14.132Z, 107.03249960000001, 531.2522922
1714469714176, 2024-04-30T09:35:14.176Z, 114.3953304, 536.4141372
1714469714191, 2024-04-30T09:35:14.191Z, 122.4755948, 541.7383506
1714469714207, 2024-04-30T09:35:14.207Z, 130.3715092, 549.6327062
1714469714223, 2024-04-30T09:35:14.223Z, 140.18686799999998, 559.1376843999999
1714469714254, 2024-04-30T09:35:14.254Z, 149.7518912, 559.9075798000001
1714469714297, 2024-04-30T09:35:14.297Z, 157.4419674, 560.9737554000001
1714469714311, 2024-04-30T09:35:14.311Z, 168.7008982, 566.6328926
1714469714342, 2024-04-30T09:35:14.342Z, 177.8468402, 570.6946164
1714469714386, 2024-04-30T09:35:14.386Z, 186.8162518, 570.1473841999999
1714469714401, 2024-04-30T09:35:14.401Z, 186.6142264, 566.9842942
1714469714433, 2024-04-30T09:35:14.433Z, 180.6710678, 547.2836088
1714469714446, 2024-04-30T09:35:14.446Z, 172.5316952, 525.3602518
1714469714476, 2024-04-30T09:35:14.476Z, 167.95565140000002, 504.6089888
1714469714491, 2024-04-30T09:35:14.491Z, 161.9600702, 487.7955696
1714469714535, 2024-04-30T09:35:14.535Z, 157.25825779999997, 470.9936162
1714469714579, 2024-04-30T09:35:14.579Z, 171.9343772, 463.94614920000004
1714469714608, 2024-04-30T09:35:14.608Z, 158.706951, 479.343123
1714469714623, 2024-04-30T09:35:14.623Z, 145.9187514, 495.27789619999993
1714469714653, 2024-04-30T09:35:14.653Z, 136.3676054, 510.62425680000007
1714469714668, 2024-04-30T09:35:14.668Z, 129.62566579999998, 526.2406918
1714469714698, 2024-04-30T09:35:14.698Z, 107.47144639999999, 547.4328616
1714469714743, 2024-04-30T09:35:14.743Z, 107.29384139999999, 546.9907096
1714469714758, 2024-04-30T09:35:14.758Z, 103.5815878, 549.2321688
1714469714788, 2024-04-30T09:35:14.788Z, 99.2938308, 553.8494876
1714469714803, 2024-04-30T09:35:14.803Z, 92.4181012, 559.9946061999999
1714469714833, 2024-04-30T09:35:14.833Z, 85.233819, 563.9054444000001
1714469714852, 2024-04-30T09:35:14.852Z, 82.4190558, 566.3969734
1714469714882, 2024-04-30T09:35:14.882Z, 81.85741779999998, 564.4533997999999
1714469714894, 2024-04-30T09:35:14.894Z, 77.36797379999999, 561.0496538
1714469714926, 2024-04-30T09:35:14.926Z, 68.0931746, 557.1069408
1714469714941, 2024-04-30T09:35:14.941Z, 58.023320200000015, 556.8178484
1714469714972, 2024-04-30T09:35:14.972Z, 49.1275898, 557.3463112000001
1714469714988, 2024-04-30T09:35:14.988Z, 41.5437048, 559.997498
1714469715032, 2024-04-30T09:35:15.032Z, 36.816415600000006, 564.1056476000001
1714469715059, 2024-04-30T09:35:15.059Z, 36.71773040000001, 560.6394778
1714469715104, 2024-04-30T09:35:15.104Z, 38.8671964, 538.1900624
1714469715120, 2024-04-30T09:35:15.120Z, 44.8961478, 514.8634480000001
1714469715132, 2024-04-30T09:35:15.132Z, 49.0033864, 492.4678682
1714469715151, 2024-04-30T09:35:15.151Z, 65.7497882, 481.2705532
1714469715194, 2024-04-30T09:35:15.194Z, 86.1769424, 481.5945076
1714469715239, 2024-04-30T09:35:15.239Z, 110.4213532, 507.9072574
1714469715255, 2024-04-30T09:35:15.255Z, 130.6824964, 537.4779432000001
1714469715287, 2024-04-30T09:35:15.287Z, 148.24826860000002, 561.6495216000001
1714469715302, 2024-04-30T09:35:15.302Z, 144.02321320000001, 567.3385096
1714469715329, 2024-04-30T09:35:15.329Z, 135.712155, 570.1555470000001
1714469715343, 2024-04-30T09:35:15.343Z, 120.482969, 564.7223016
1714469715373, 2024-04-30T09:35:15.373Z, 103.82912459999997, 546.2520094
1714469715388, 2024-04-30T09:35:15.388Z, 89.5263142, 527.4007434
1714469715418, 2024-04-30T09:35:15.418Z, 83.85839179999999, 514.5748028
1714469715434, 2024-04-30T09:35:15.434Z, 78.2412154, 502.4025
1714469715480, 2024-04-30T09:35:15.480Z, 74.8843426, 492.7955766
1714469715508, 2024-04-30T09:35:15.508Z, 74.50930120000001, 497.36215780000003
1714469715526, 2024-04-30T09:35:15.526Z, 75.4609432, 506.55547800000005
1714469715556, 2024-04-30T09:35:15.556Z, 76.4016484, 517.090071
1714469715571, 2024-04-30T09:35:15.571Z, 74.804512, 527.0012559999999
1714469715600, 2024-04-30T09:35:15.600Z, 74.0277044, 535.980134
1714469715645, 2024-04-30T09:35:15.645Z, 88.1059834, 545.90707
1714469715669, 2024-04-30T09:35:15.669Z, 100.53690639999999, 553.348023
1714469715694, 2024-04-30T09:35:15.694Z, 110.14628260000002, 566.7616489999999
1714469715708, 2024-04-30T09:35:15.708Z, 115.9121392, 554.9201989999999
1714469715736, 2024-04-30T09:35:15.736Z, 124.14334800000002, 552.195319
1714469715751, 2024-04-30T09:35:15.751Z, 117.4125196, 550.1502204
1714469715781, 2024-04-30T09:35:15.781Z, 111.94184460000001, 549.21348
1714469715797, 2024-04-30T09:35:15.797Z, 109.05268459999999, 542.7437164
1714469715828, 2024-04-30T09:35:15.828Z, 112.569857, 560.8045008
1714469715843, 2024-04-30T09:35:15.843Z, 112.67372, 568.804922
1714469715875, 2024-04-30T09:35:15.875Z, 113.293123, 569.3844258
1714469715890, 2024-04-30T09:35:15.890Z, 119.21117139999998, 568.4793812
1714469715935, 2024-04-30T09:35:15.935Z, 130.37501939999999, 567.3538781999999
1714469715960, 2024-04-30T09:35:15.960Z, 142.2540452, 558.0699944
1714469715975, 2024-04-30T09:35:15.975Z, 155.70787479999998, 524.2110216
1714469716003, 2024-04-30T09:35:16.003Z, 162.0705056, 485.4484632
1714469716020, 2024-04-30T09:35:16.020Z, 168.9430082, 445.9139136
1714469716049, 2024-04-30T09:35:16.049Z, 173.42141900000001, 405.8949866
1714469716095, 2024-04-30T09:35:16.095Z, 182.49008400000002, 381.09209819999995
1714469716111, 2024-04-30T09:35:16.111Z, 191.45286779999998, 382.74485980000003
1714469716140, 2024-04-30T09:35:16.140Z, 204.03535739999998, 392.8144572
1714469716156, 2024-04-30T09:35:16.156Z, 212.87463139999994, 404.6267286
1714469716187, 2024-04-30T09:35:16.187Z, 220.34552560000003, 416.88541580000003
1714469716231, 2024-04-30T09:35:16.231Z, 223.80173560000003, 424.2379836
1714469716245, 2024-04-30T09:35:16.245Z, 224.78182940000002, 429.37011060000003
1714469716275, 2024-04-30T09:35:16.275Z, 220.47483780000002, 426.72043759999997
1714469716291, 2024-04-30T09:35:16.291Z, 215.2065338, 424.6493404000001
1714469716319, 2024-04-30T09:35:16.319Z, 212.4874398, 420.059937
1714469716333, 2024-04-30T09:35:16.333Z, 219.4991692, 421.25877
1714469716380, 2024-04-30T09:35:16.380Z, 211.8841144, 412.1164236000001
1714469716412, 2024-04-30T09:35:16.412Z, 218.34360619999998, 412.0459404
1714469716423, 2024-04-30T09:35:16.423Z, 216.31389380000002, 405.810412
1714469716452, 2024-04-30T09:35:16.452Z, 240.7016168, 413.86461720000005
1714469716468, 2024-04-30T09:35:16.468Z, 248.41270640000002, 409.77141680000005
1714469716499, 2024-04-30T09:35:16.499Z, 272.88377260000004, 414.9234998
1714469716543, 2024-04-30T09:35:16.543Z, 287.5820536, 413.3841778
1714469716588, 2024-04-30T09:35:16.588Z, 310.071699, 420.6003746
1714469716603, 2024-04-30T09:35:16.603Z, 302.2081724, 415.7912262000001
1714469716633, 2024-04-30T09:35:16.633Z, 300.00591, 417.44938540000004
1714469716648, 2024-04-30T09:35:16.648Z, 296.1890012, 419.90354859999997
1714469716679, 2024-04-30T09:35:16.679Z, 292.5576992, 421.190615
1714469716693, 2024-04-30T09:35:16.693Z, 289.3202924, 419.47458700000004
1714469716724, 2024-04-30T09:35:16.724Z, 286.7158538, 415.814425
1714469716739, 2024-04-30T09:35:16.739Z, 284.4219646, 409.74074540000004
1714469716770, 2024-04-30T09:35:16.770Z, 291.30077059999996, 403.7501892
1714469716785, 2024-04-30T09:35:16.785Z, 299.2320624, 401.7893398
1714469716830, 2024-04-30T09:35:16.830Z, 306.71797239999995, 399.2882312
1714469716858, 2024-04-30T09:35:16.858Z, 311.5356352, 397.48423620000005
1714469716875, 2024-04-30T09:35:16.875Z, 316.7259282, 396.77454240000003
1714469716905, 2024-04-30T09:35:16.905Z, 311.4804068, 400.2795258
1714469716920, 2024-04-30T09:35:16.920Z, 302.12700779999994, 403.13743980000004
1714469716949, 2024-04-30T09:35:16.949Z, 283.423614, 428.6245484
1714469716995, 2024-04-30T09:35:16.995Z, 254.8826044, 481.45161420000005
1714469717011, 2024-04-30T09:35:17.011Z, 226.0305062, 533.7966308
1714469717038, 2024-04-30T09:35:17.038Z, 197.2209946, 583.8913354
1714469717056, 2024-04-30T09:35:17.056Z, 173.5375138, 634.4058732
1714469717085, 2024-04-30T09:35:17.085Z, 157.7426914, 662.3420093999999
1714469717100, 2024-04-30T09:35:17.100Z, 155.10921979999998, 663.140523
1714469717131, 2024-04-30T09:35:17.131Z, 142.9682194, 652.552415
1714469717145, 2024-04-30T09:35:17.145Z, 132.6438844, 641.2554058
1714469717174, 2024-04-30T09:35:17.174Z, 122.8267226, 631.5089164
1714469717190, 2024-04-30T09:35:17.190Z, 139.3141032, 619.5556572
1714469717218, 2024-04-30T09:35:17.218Z, 131.8151628, 614.9024486
1714469717233, 2024-04-30T09:35:17.233Z, 134.2285632, 621.4118582
1714469717279, 2024-04-30T09:35:17.279Z, 134.8663302, 627.3421387999999
1714469717310, 2024-04-30T09:35:17.310Z, 134.79198200000002, 632.3628278
1714469717325, 2024-04-30T09:35:17.325Z, 111.24413280000002, 640.779243
1714469717357, 2024-04-30T09:35:17.357Z, 110.6585932, 642.2849755999999
1714469717372, 2024-04-30T09:35:17.372Z, 108.26256240000001, 643.9329003999999
1714469717404, 2024-04-30T09:35:17.404Z, 108.518316, 646.0838052
1714469717443, 2024-04-30T09:35:17.443Z, 111.5957126, 648.5632886000001
1714469717460, 2024-04-30T09:35:17.460Z, 113.76260680000003, 650.7719512
1714469717488, 2024-04-30T09:35:17.488Z, 117.3881236, 651.7574552
1714469717505, 2024-04-30T09:35:17.505Z, 122.77991160000002, 653.169686
1714469717535, 2024-04-30T09:35:17.535Z, 127.34304540000001, 653.5908108
1714469717551, 2024-04-30T09:35:17.551Z, 135.91295540000002, 653.0208218
1714469717580, 2024-04-30T09:35:17.580Z, 142.30991920000002, 646.166577
1714469717596, 2024-04-30T09:35:17.596Z, 147.3947614, 639.6300702000001
1714469717623, 2024-04-30T09:35:17.623Z, 151.11195279999998, 629.4503162
1714469717638, 2024-04-30T09:35:17.638Z, 158.6734536, 621.0845908
1714469717683, 2024-04-30T09:35:17.683Z, 157.6618086, 618.3448786000001
1714469717699, 2024-04-30T09:35:17.699Z, 159.09507720000002, 622.0081306
1714469717729, 2024-04-30T09:35:17.729Z, 176.5239902, 635.1545504
1714469717761, 2024-04-30T09:35:17.761Z, 197.3268578, 652.5401156
1714469717777, 2024-04-30T09:35:17.777Z, 217.5647012, 670.3648024
1714469717808, 2024-04-30T09:35:17.808Z, 238.8545664, 681.8409657999999
1714469717823, 2024-04-30T09:35:17.823Z, 254.3255514, 689.156599
1714469717854, 2024-04-30T09:35:17.854Z, 256.0223122, 688.7209562
1714469717893, 2024-04-30T09:35:17.893Z, 257.2916796, 685.6493616
1714469717908, 2024-04-30T09:35:17.908Z, 256.7105662, 682.6238328
1714469717938, 2024-04-30T09:35:17.938Z, 268.3443016, 679.6723754
1714469717953, 2024-04-30T09:35:17.953Z, 292.8639084, 683.9194346
1714469717983, 2024-04-30T09:35:17.983Z, 311.5260562, 684.7939844
1714469717998, 2024-04-30T09:35:17.998Z, 331.0207118, 687.4731028
1714469718029, 2024-04-30T09:35:18.029Z, 347.0297702, 688.0601706
1714469718043, 2024-04-30T09:35:18.043Z, 354.60319799999996, 689.5821629999999
1714469718073, 2024-04-30T09:35:18.073Z, 348.592759, 684.978398
1714469718088, 2024-04-30T09:35:18.088Z, 347.23757420000004, 682.7447665999999
1714469718118, 2024-04-30T09:35:18.118Z, 338.1594326, 679.3406404
1714469718134, 2024-04-30T09:35:18.134Z, 328.56754920000003, 676.3127039999999
1714469718179, 2024-04-30T09:35:18.179Z, 317.7322406, 673.5589616
1714469718208, 2024-04-30T09:35:18.208Z, 323.7773478, 676.1824343999999
1714469718223, 2024-04-30T09:35:18.223Z, 337.1398918, 679.6145272
1714469718253, 2024-04-30T09:35:18.253Z, 348.1455866, 681.0817938
1714469718268, 2024-04-30T09:35:18.268Z, 360.1982978, 680.463439
1714469718298, 2024-04-30T09:35:18.298Z, 368.4905316, 676.1777304
1714469718343, 2024-04-30T09:35:18.343Z, 356.9307006, 666.6813406
1714469718358, 2024-04-30T09:35:18.358Z, 333.4046732, 656.9540396
1714469718388, 2024-04-30T09:35:18.388Z, 309.3259468, 656.173137
1714469718403, 2024-04-30T09:35:18.403Z, 280.1317894, 656.2241966
1714469718437, 2024-04-30T09:35:18.437Z, 251.7063834, 659.8548068
1714469718452, 2024-04-30T09:35:18.452Z, 225.340967, 663.5111812000001
1714469718483, 2024-04-30T09:35:18.483Z, 197.6386992, 664.5461648
1714469718497, 2024-04-30T09:35:18.497Z, 173.4633292, 658.4312487999999
1714469718526, 2024-04-30T09:35:18.526Z, 160.92188219999997, 655.5355940000001
1714469718542, 2024-04-30T09:35:18.542Z, 156.2932474, 654.7649375999999
1714469718569, 2024-04-30T09:35:18.569Z, 159.439888, 657.6445593999999
1714469718585, 2024-04-30T09:35:18.585Z, 165.49489060000002, 661.0594791999999
1714469718629, 2024-04-30T09:35:18.629Z, 177.2977036, 669.1366822
1714469718658, 2024-04-30T09:35:18.658Z, 186.0651554, 677.7906208
1714469718673, 2024-04-30T09:35:18.673Z, 183.1172234, 678.9768443999999
1714469718703, 2024-04-30T09:35:18.703Z, 173.179525, 676.8687772
1714469718718, 2024-04-30T09:35:18.718Z, 162.0212238, 671.636752
1714469718748, 2024-04-30T09:35:18.748Z, 148.64370680000002, 664.0737383999999
1714469718798, 2024-04-30T09:35:18.798Z, 134.20810840000001, 656.8441338
1714469718808, 2024-04-30T09:35:18.808Z, 120.05723499999999, 649.8277611999999
1714469718838, 2024-04-30T09:35:18.838Z, 110.4428022, 646.7346082
1714469718855, 2024-04-30T09:35:18.855Z, 107.64215960000001, 649.8550406
1714469718883, 2024-04-30T09:35:18.883Z, 108.3424324, 652.596501
1714469718898, 2024-04-30T09:35:18.898Z, 112.7661284, 654.6488458000001
1714469718929, 2024-04-30T09:35:18.929Z, 120.8169056, 662.5859616
1714469718945, 2024-04-30T09:35:18.945Z, 131.3570996, 668.6814144
1714469718976, 2024-04-30T09:35:18.976Z, 139.31615319999997, 673.0815753999999
1714469718991, 2024-04-30T09:35:18.991Z, 147.8601874, 672.0153902000001
1714469719021, 2024-04-30T09:35:19.021Z, 143.9051294, 662.9669971999999
1714469719037, 2024-04-30T09:35:19.037Z, 141.2300522, 653.1512766
1714469719079, 2024-04-30T09:35:19.079Z, 136.2092094, 641.9014594
1714469719108, 2024-04-30T09:35:19.108Z, 146.10789300000002, 640.7933876
1714469719124, 2024-04-30T09:35:19.124Z, 152.3359508, 643.8230542
1714469719153, 2024-04-30T09:35:19.153Z, 162.1128504, 650.3118614
1714469719168, 2024-04-30T09:35:19.168Z, 175.2755358, 664.2116758
1714469719203, 2024-04-30T09:35:19.203Z, 190.7252954, 679.5529872
1714469719244, 2024-04-30T09:35:19.244Z, 194.636916, 678.4321582
1714469719263, 2024-04-30T09:35:19.263Z, 206.77652200000003, 671.9097958
1714469719304, 2024-04-30T09:35:19.304Z, 219.58666739999998, 668.7643146
1714469719335, 2024-04-30T09:35:19.335Z, 234.15580300000002, 661.3548524
1714469719351, 2024-04-30T09:35:19.351Z, 248.267663, 652.5808212000001
1714469719379, 2024-04-30T09:35:19.379Z, 253.5407182, 651.627098
1714469719393, 2024-04-30T09:35:19.393Z, 250.114097, 657.2408585999999
1714469719423, 2024-04-30T09:35:19.423Z, 249.28595620000002, 662.4507858
1714469719438, 2024-04-30T09:35:19.438Z, 242.27921780000003, 664.6171348
1714469719473, 2024-04-30T09:35:19.473Z, 232.04499660000002, 668.2319001999999
1714469719483, 2024-04-30T09:35:19.483Z, 226.3089816, 670.6296184
1714469719530, 2024-04-30T09:35:19.530Z, 227.238114, 671.6280508
1714469719558, 2024-04-30T09:35:19.558Z, 233.99478520000002, 669.6450537999999
1714469719573, 2024-04-30T09:35:19.573Z, 243.3320312, 664.7401864
1714469719603, 2024-04-30T09:35:19.603Z, 256.546989, 660.275945
1714469719618, 2024-04-30T09:35:19.618Z, 270.919446, 655.2988694
1714469719648, 2024-04-30T09:35:19.648Z, 279.39711819999997, 651.2158605999999
1714469719693, 2024-04-30T09:35:19.693Z, 282.6310964, 648.9687738
1714469719708, 2024-04-30T09:35:19.708Z, 284.20610580000005, 648.9145315999999
1714469719739, 2024-04-30T09:35:19.739Z, 285.03170420000004, 649.3995072
1714469719755, 2024-04-30T09:35:19.755Z, 266.8219848, 642.3309606
1714469719786, 2024-04-30T09:35:19.786Z, 252.91944700000005, 640.1420562000001
1714469719802, 2024-04-30T09:35:19.802Z, 240.69897220000001, 640.4707824
1714469719829, 2024-04-30T09:35:19.829Z, 227.7275466, 639.6505778
1714469719843, 2024-04-30T09:35:19.843Z, 215.23186260000003, 638.5720152
1714469719873, 2024-04-30T09:35:19.873Z, 221.740067, 644.1789799999999
1714469719888, 2024-04-30T09:35:19.888Z, 225.21120419999997, 646.2733512000001
1714469719918, 2024-04-30T09:35:19.918Z, 225.4851184, 646.3477201999999
1714469719933, 2024-04-30T09:35:19.933Z, 217.8250622, 648.7111388000001
1714469719979, 2024-04-30T09:35:19.979Z, 198.100478, 648.7784752
1714469720008, 2024-04-30T09:35:20.008Z, 177.11778299999997, 651.3329401999999
1714469720023, 2024-04-30T09:35:20.023Z, 154.4041568, 652.2497102
1714469720053, 2024-04-30T09:35:20.053Z, 137.521552, 658.9005786
1714469720068, 2024-04-30T09:35:20.068Z, 128.0005894, 665.4459307999999
1714469720098, 2024-04-30T09:35:20.098Z, 129.86948139999998, 673.726626
1714469720143, 2024-04-30T09:35:20.143Z, 127.138103, 679.6521872000001
1714469720158, 2024-04-30T09:35:20.158Z, 112.9277544, 681.3045624
1714469720190, 2024-04-30T09:35:20.190Z, 102.61123339999999, 680.6452265999999
1714469720205, 2024-04-30T09:35:20.205Z, 97.75486459999999, 679.7643762
1714469720236, 2024-04-30T09:35:20.236Z, 103.6870772, 677.8777041999999
1714469720252, 2024-04-30T09:35:20.252Z, 118.9585552, 679.0646979999999
1714469720279, 2024-04-30T09:35:20.279Z, 141.0537194, 683.3016374
1714469720293, 2024-04-30T09:35:20.293Z, 158.0203068, 684.6268964
1714469720323, 2024-04-30T09:35:20.323Z, 175.91083039999998, 687.1735186
1714469720338, 2024-04-30T09:35:20.338Z, 183.3785058, 690.8958028
1714469720368, 2024-04-30T09:35:20.368Z, 188.060698, 691.805389
1714469720383, 2024-04-30T09:35:20.383Z, 197.4439346, 693.6016596000001
1714469720430, 2024-04-30T09:35:20.430Z, 198.095584, 691.0041352000001
1714469720458, 2024-04-30T09:35:20.458Z, 177.12482200000002, 683.7845536
1714469720473, 2024-04-30T09:35:20.473Z, 156.2998494, 677.3557536000001
1714469720507, 2024-04-30T09:35:20.507Z, 136.40883360000004, 673.8043592
1714469720522, 2024-04-30T09:35:20.522Z, 121.47323740000002, 670.8775958
1714469720551, 2024-04-30T09:35:20.551Z, 127.58657020000001, 672.6857200000001
1714469720596, 2024-04-30T09:35:20.596Z, 156.3187456, 677.2034950000001
1714469720612, 2024-04-30T09:35:20.612Z, 185.4005862, 678.3148296000002
1714469720641, 2024-04-30T09:35:20.641Z, 211.37480580000002, 678.9301576
1714469720672, 2024-04-30T09:35:20.672Z, 233.2958168, 678.01515
1714469720687, 2024-04-30T09:35:20.687Z, 241.89303439999998, 678.243391
1714469720703, 2024-04-30T09:35:20.703Z, 247.4461812, 677.821154
1714469720729, 2024-04-30T09:35:20.729Z, 252.36532939999998, 680.6062156
1714469720744, 2024-04-30T09:35:20.744Z, 257.01157019999994, 683.4087272
1714469720773, 2024-04-30T09:35:20.773Z, 261.1162786, 687.2006132
1714469720789, 2024-04-30T09:35:20.789Z, 262.74716060000003, 688.1239038000001
1714469720819, 2024-04-30T09:35:20.819Z, 254.95649459999998, 686.6839134
1714469720834, 2024-04-30T09:35:20.834Z, 244.6087402, 684.2063357999999
1714469720880, 2024-04-30T09:35:20.880Z, 230.52483479999995, 679.6874708
1714469720908, 2024-04-30T09:35:20.908Z, 217.44567999999998, 677.0700016000001
1714469720923, 2024-04-30T09:35:20.923Z, 207.3364454, 677.9314854
1714469720957, 2024-04-30T09:35:20.957Z, 201.6039262, 683.9460974
1714469720969, 2024-04-30T09:35:20.969Z, 200.2414372, 689.6703180000001
1714469721000, 2024-04-30T09:35:21.000Z, 188.02615959999997, 696.7557158
1714469721044, 2024-04-30T09:35:21.044Z, 163.19135459999998, 697.2308106
1714469721059, 2024-04-30T09:35:21.059Z, 130.8135898, 692.017109
1714469721088, 2024-04-30T09:35:21.088Z, 100.2950448, 684.3170642
1714469721105, 2024-04-30T09:35:21.105Z, 67.18747979999999, 677.4305625999999
1714469721136, 2024-04-30T09:35:21.136Z, 60.96246240000001, 675.289049
1714469721151, 2024-04-30T09:35:21.151Z, 70.2248974, 678.5846438
1714469721180, 2024-04-30T09:35:21.180Z, 109.9351452, 693.0444322
1714469721194, 2024-04-30T09:35:21.194Z, 150.78591360000001, 708.2289642000001
1714469721224, 2024-04-30T09:35:21.224Z, 193.1421814, 723.5345198
1714469721239, 2024-04-30T09:35:21.239Z, 226.34964520000003, 733.834196
1714469721269, 2024-04-30T09:35:21.269Z, 254.9429228, 743.6093963999999
1714469721284, 2024-04-30T09:35:21.284Z, 263.0460942, 748.018632
1714469721330, 2024-04-30T09:35:21.330Z, 277.0782986, 755.3446915999999
1714469721359, 2024-04-30T09:35:21.359Z, 292.06300339999996, 762.4455317999998
1714469721374, 2024-04-30T09:35:21.374Z, 314.3138774, 768.2412315999999
1714469721403, 2024-04-30T09:35:21.403Z, 335.8916174, 773.586213
1714469721423, 2024-04-30T09:35:21.423Z, 346.33542980000004, 776.6219728
1714469721449, 2024-04-30T09:35:21.449Z, 343.8026052, 776.5113555999999
1714469721494, 2024-04-30T09:35:21.494Z, 335.7936102, 773.1174607999999
1714469721510, 2024-04-30T09:35:21.510Z, 319.95982680000003, 771.2375168000001
1714469721540, 2024-04-30T09:35:21.540Z, 311.2953762, 762.4837728
1714469721556, 2024-04-30T09:35:21.556Z, 296.3313428, 723.678138
1714469721587, 2024-04-30T09:35:21.587Z, 290.42888600000003, 680.0310649999999
1714469721602, 2024-04-30T09:35:21.602Z, 287.3425024, 635.6701874
1714469721629, 2024-04-30T09:35:21.629Z, 281.0890988, 574.377481
1714469721643, 2024-04-30T09:35:21.643Z, 267.43611680000004, 519.8714728
1714469721673, 2024-04-30T09:35:21.673Z, 265.76614759999995, 494.8433128
1714469721688, 2024-04-30T09:35:21.688Z, 263.16366400000004, 478.8027632
1714469721718, 2024-04-30T09:35:21.718Z, 278.62414099999995, 499.07949179999997
1714469721733, 2024-04-30T09:35:21.733Z, 299.6469336, 541.5928753999999
1714469721780, 2024-04-30T09:35:21.780Z, 326.38332959999997, 597.086385
1714469721808, 2024-04-30T09:35:21.808Z, 354.3186206, 663.4327454
1714469721824, 2024-04-30T09:35:21.824Z, 378.6767356, 724.204712
1714469721856, 2024-04-30T09:35:21.856Z, 387.54571139999996, 753.7030867999999
1714469721868, 2024-04-30T09:35:21.868Z, 388.4459768, 776.8440154
1714469721898, 2024-04-30T09:35:21.898Z, 375.7254478, 788.9606682
1714469721944, 2024-04-30T09:35:21.944Z, 360.03508999999997, 790.2788380000001
1714469721959, 2024-04-30T09:35:21.959Z, 344.9295446, 791.0866504
1714469721990, 2024-04-30T09:35:21.990Z, 328.15379659999996, 785.7457362
1714469722006, 2024-04-30T09:35:22.006Z, 317.1339974, 778.6362402000001
1714469722037, 2024-04-30T09:35:22.037Z, 314.5985702, 769.4836496
1714469722052, 2024-04-30T09:35:22.052Z, 313.9164894, 761.2764007999999
1714469722079, 2024-04-30T09:35:22.079Z, 312.9696072, 756.3555554000001
1714469722094, 2024-04-30T09:35:22.094Z, 312.8508246, 758.2590174000001
1714469722123, 2024-04-30T09:35:22.123Z, 312.6474352, 763.6291482
1714469722138, 2024-04-30T09:35:22.138Z, 311.48088959999995, 766.9347916
1714469722168, 2024-04-30T09:35:22.168Z, 312.68564000000003, 769.0494283999999
1714469722183, 2024-04-30T09:35:22.183Z, 318.3188372000001, 770.7304838
1714469722232, 2024-04-30T09:35:22.232Z, 325.8000966, 770.9512022
1714469722260, 2024-04-30T09:35:22.260Z, 334.9638838, 768.764989
1714469722276, 2024-04-30T09:35:22.276Z, 365.0163648, 760.3438388
1714469722303, 2024-04-30T09:35:22.303Z, 394.057682, 751.9101324
1714469722321, 2024-04-30T09:35:22.321Z, 423.461834, 746.8454113999999
1714469722357, 2024-04-30T09:35:22.357Z, 455.67323180000005, 739.6736928
1714469722396, 2024-04-30T09:35:22.396Z, 472.51461679999994, 723.0983274
1714469722408, 2024-04-30T09:35:22.408Z, 437.54852719999997, 678.8325090000001
1714469722438, 2024-04-30T09:35:22.438Z, 383.414082, 614.873797
1714469722454, 2024-04-30T09:35:22.454Z, 325.7479906, 545.4998646
1714469722486, 2024-04-30T09:35:22.486Z, 240.9361522, 452.66471679999995
1714469722501, 2024-04-30T09:35:22.501Z, 168.6177658, 369.9629481999999
1714469722529, 2024-04-30T09:35:22.529Z, 133.6453972, 318.05246339999997
1714469722545, 2024-04-30T09:35:22.545Z, 116.8408464, 286.41572080000003
1714469722573, 2024-04-30T09:35:22.573Z, 100.2292798, 258.1008204
1714469722590, 2024-04-30T09:35:22.590Z, 105.455773, 252.3222072
1714469722618, 2024-04-30T09:35:22.618Z, 114.50890380000001, 265.29567080000004
1714469722635, 2024-04-30T09:35:22.635Z, 118.85682780000002, 281.5889622
1714469722682, 2024-04-30T09:35:22.682Z, 122.0543706, 296.169858
1714469722710, 2024-04-30T09:35:22.710Z, 124.09732939999999, 301.6495918
1714469722725, 2024-04-30T09:35:22.725Z, 126.76816779999999, 305.5695888
1714469722754, 2024-04-30T09:35:22.754Z, 126.59813119999998, 287.600111
1714469722769, 2024-04-30T09:35:22.769Z, 125.6837804, 273.98211660000004
1714469722798, 2024-04-30T09:35:22.798Z, 126.5062022, 260.8911246
1714469722844, 2024-04-30T09:35:22.844Z, 126.70869559999998, 253.59650659999997
1714469722860, 2024-04-30T09:35:22.860Z, 127.03796240000001, 250.52224540000003
1714469722890, 2024-04-30T09:35:22.890Z, 129.22507660000002, 248.9959164
1714469722906, 2024-04-30T09:35:22.906Z, 132.56222000000002, 244.8325484
1714469722938, 2024-04-30T09:35:22.938Z, 134.6436282, 242.95012219999998
1714469722953, 2024-04-30T09:35:22.953Z, 137.38889279999998, 242.5067242
1714469722980, 2024-04-30T09:35:22.980Z, 137.4079156, 242.938092
1714469722994, 2024-04-30T09:35:22.994Z, 131.0490078, 245.77189900000002
1714469723024, 2024-04-30T09:35:23.024Z, 126.7029062, 250.735223
1714469723039, 2024-04-30T09:35:23.039Z, 127.8270954, 254.11216599999997
1714469723069, 2024-04-30T09:35:23.069Z, 130.3235766, 257.3206282
1714469723085, 2024-04-30T09:35:23.085Z, 134.1304844, 260.7691142
1714469723131, 2024-04-30T09:35:23.131Z, 145.2026572, 265.5574486
1714469723158, 2024-04-30T09:35:23.158Z, 155.6791242, 270.1972658
1714469723174, 2024-04-30T09:35:23.174Z, 174.1566364, 278.954101
1714469723204, 2024-04-30T09:35:23.204Z, 192.7087922, 287.659196
1714469723220, 2024-04-30T09:35:23.220Z, 211.91417380000001, 296.2888572
1714469723249, 2024-04-30T09:35:23.249Z, 227.31528240000003, 303.5913276
1714469723295, 2024-04-30T09:35:23.295Z, 242.7064012, 313.43525100000005
1714469723311, 2024-04-30T09:35:23.311Z, 245.40577539999998, 320.1300536
1714469723342, 2024-04-30T09:35:23.342Z, 248.31069319999997, 328.2759924
1714469723357, 2024-04-30T09:35:23.357Z, 250.21914159999997, 333.83960340000004
1714469723388, 2024-04-30T09:35:23.388Z, 242.4427674, 332.82428200000004
1714469723404, 2024-04-30T09:35:23.404Z, 234.6916974, 327.91038319999996
1714469723433, 2024-04-30T09:35:23.433Z, 225.22268060000002, 321.42021080000006
1714469723444, 2024-04-30T09:35:23.444Z, 219.0586362, 315.0278468
1714469723474, 2024-04-30T09:35:23.474Z, 216.22862519999998, 310.14912619999996
1714469723488, 2024-04-30T09:35:23.488Z, 222.724722, 310.16946300000006
1714469723518, 2024-04-30T09:35:23.518Z, 219.39731620000003, 304.1470034
1714469723534, 2024-04-30T09:35:23.534Z, 212.4679102, 298.807455
1714469723580, 2024-04-30T09:35:23.580Z, 197.7305226, 291.8551592
1714469723626, 2024-04-30T09:35:23.626Z, 179.488839, 286.63916559999996
1714469723657, 2024-04-30T09:35:23.657Z, 180.75403039999998, 279.28654620000003
1714469723671, 2024-04-30T09:35:23.671Z, 193.072421, 276.63470500000005
1714469723702, 2024-04-30T09:35:23.702Z, 213.9871024, 276.75433280000004
1714469723743, 2024-04-30T09:35:23.743Z, 238.3695936, 280.058201
1714469723758, 2024-04-30T09:35:23.758Z, 260.4950664, 284.34128360000005
1714469723788, 2024-04-30T09:35:23.788Z, 258.92707839999997, 295.88573699999995
1714469723803, 2024-04-30T09:35:23.803Z, 258.3960322, 304.40021320000005
1714469725725, 2024-04-30T09:35:25.725Z, 463.01610660000006, 391.33489439999994
1714469726463, 2024-04-30T09:35:26.463Z, 693.4365558, 421.44614699999994
1714469726501, 2024-04-30T09:35:26.501Z, 973.4984120000001, 410.870327
1714469726516, 2024-04-30T09:35:26.516Z, 1257.89837, 394.4858362
1714469726548, 2024-04-30T09:35:26.548Z, 1538.2457802, 382.888315
1714469726563, 2024-04-30T09:35:26.563Z, 1610.1379952, 289.4852528
1714469726581, 2024-04-30T09:35:26.581Z, 1617.6700008, 263.3306202
1714469726595, 2024-04-30T09:35:26.595Z, 1574.3452788, 277.5215836
1714469726641, 2024-04-30T09:35:26.641Z, 1523.3466256000002, 297.6056182
1714469726688, 2024-04-30T09:35:26.688Z, 1468.2989949999999, 317.0865136
1714469726731, 2024-04-30T09:35:26.731Z, 1400.121056, 350.8538628
1714469726760, 2024-04-30T09:35:26.760Z, 1370.4107566000002, 384.1263558
1714469726775, 2024-04-30T09:35:26.775Z, 1347.0675354000002, 417.4141656
1714469726820, 2024-04-30T09:35:26.820Z, 1328.067164, 447.7899504
1714469726893, 2024-04-30T09:35:26.893Z, 1291.0455862000001, 474.1419398
1714469726913, 2024-04-30T09:35:26.913Z, 1268.8162539999998, 487.41225299999996
1714469726938, 2024-04-30T09:35:26.938Z, 1251.9831448, 485.36490599999996
1714469726968, 2024-04-30T09:35:26.968Z, 1233.520953, 479.20902480000007
1714469726999, 2024-04-30T09:35:26.999Z, 1217.502493, 472.19980640000006
1714469727015, 2024-04-30T09:35:27.015Z, 1223.3033209999999, 465.64948519999996
1714469727031, 2024-04-30T09:35:27.031Z, 1221.6505718, 473.44583359999996
1714469727046, 2024-04-30T09:35:27.046Z, 1216.0745038, 480.4707786
1714469727092, 2024-04-30T09:35:27.092Z, 1220.0251463999998, 490.4174838
1714469727138, 2024-04-30T09:35:27.138Z, 1238.0983680000002, 502.6125328
1714469727180, 2024-04-30T09:35:27.180Z, 1257.4005235999998, 518.1704087999999
1714469727223, 2024-04-30T09:35:27.223Z, 1291.7833322000001, 514.0933716
1714469727268, 2024-04-30T09:35:27.268Z, 1322.8137048, 515.4492115999999
1714469727347, 2024-04-30T09:35:27.347Z, 1324.9893712, 514.120811
1714469727362, 2024-04-30T09:35:27.362Z, 1305.1468069999999, 507.1875938
1714469727404, 2024-04-30T09:35:27.404Z, 1280.3797962, 505.239643
1714469727419, 2024-04-30T09:35:27.419Z, 1247.6552305999999, 512.6934177999999
1714469727435, 2024-04-30T09:35:27.435Z, 1210.0440794, 513.7275654
1714469727451, 2024-04-30T09:35:27.451Z, 1118.2770906, 550.5984796
1714469727494, 2024-04-30T09:35:27.494Z, 1010.3379318000001, 601.2995928
1714469727524, 2024-04-30T09:35:27.524Z, 999.1536490000001, 608.8384644
1714469727539, 2024-04-30T09:35:27.539Z, 983.8490408, 612.053095
1714469727569, 2024-04-30T09:35:27.569Z, 972.0502632, 618.2037708
1714469727584, 2024-04-30T09:35:27.584Z, 1033.5461129999999, 589.6354785999999
1714469727630, 2024-04-30T09:35:27.630Z, 1124.7387736, 544.2442189999999
1714469727659, 2024-04-30T09:35:27.659Z, 1124.1143074, 538.0908548
1714469727674, 2024-04-30T09:35:27.674Z, 1133.8944756, 555.2194026
1714469727704, 2024-04-30T09:35:27.704Z, 1123.8663764, 578.8670416000001
1714469727719, 2024-04-30T09:35:27.719Z, 1120.2318882, 593.9373837999999
1714469727762, 2024-04-30T09:35:27.762Z, 1113.3928856, 613.2616700000001
1714469727794, 2024-04-30T09:35:27.794Z, 1104.147171, 630.5116294000001
1714469727809, 2024-04-30T09:35:27.809Z, 1094.7053916, 608.3038476
1714469727840, 2024-04-30T09:35:27.840Z, 1101.9887828, 587.1416996
1714469727856, 2024-04-30T09:35:27.856Z, 1091.7247982000001, 588.2488756
1714469727887, 2024-04-30T09:35:27.887Z, 1084.3437436, 590.6762848000001
1714469727903, 2024-04-30T09:35:27.903Z, 1089.0022406, 607.514073
1714469727931, 2024-04-30T09:35:27.931Z, 1089.6893454, 642.3413859999999
1714469727944, 2024-04-30T09:35:27.944Z, 1100.0012454, 661.849241
1714469727973, 2024-04-30T09:35:27.973Z, 1122.3592067999998, 667.4424511999999
1714469727988, 2024-04-30T09:35:27.988Z, 1138.8944096, 678.24564
1714469728018, 2024-04-30T09:35:28.018Z, 1155.3454293999998, 671.5758852
1714469728033, 2024-04-30T09:35:28.033Z, 1162.4165784000002, 666.0733244
1714469728080, 2024-04-30T09:35:28.080Z, 1187.405823, 693.1223076
1714469728108, 2024-04-30T09:35:28.108Z, 1199.7706764000002, 716.6540391999999
1714469728127, 2024-04-30T09:35:28.127Z, 1217.6464145999998, 737.8778186
1714469728168, 2024-04-30T09:35:28.168Z, 1211.7908922000001, 745.4241538
1714469728183, 2024-04-30T09:35:28.183Z, 1212.739673, 752.6210974
1714469728199, 2024-04-30T09:35:28.199Z, 1193.818598, 737.6690852
1714469728243, 2024-04-30T09:35:28.243Z, 1190.903382, 727.9405262
1714469728261, 2024-04-30T09:35:28.261Z, 1183.3353486, 718.2902414
1714469728293, 2024-04-30T09:35:28.293Z, 1185.644175, 719.0153186
1714469728309, 2024-04-30T09:35:28.309Z, 1185.5487521999999, 715.5875014
1714469728340, 2024-04-30T09:35:28.340Z, 1184.3138046, 708.6171026
1714469728355, 2024-04-30T09:35:28.355Z, 1179.7582261999999, 700.1951772
1714469728379, 2024-04-30T09:35:28.379Z, 1177.4805867999999, 690.0689553999999
1714469728394, 2024-04-30T09:35:28.394Z, 1178.2028685999999, 687.4550477999999
1714469728432, 2024-04-30T09:35:28.432Z, 1178.7222132, 685.0607040000001
1714469728448, 2024-04-30T09:35:28.448Z, 1181.3737906, 687.7553697999999
1714469728479, 2024-04-30T09:35:28.479Z, 1188.5061652, 702.836924
1714469728495, 2024-04-30T09:35:28.495Z, 1188.0435448, 712.1753606
1714469728529, 2024-04-30T09:35:28.529Z, 1182.3151235999999, 726.2144732
1714469728558, 2024-04-30T09:35:28.558Z, 1171.599791, 740.424385
1714469728578, 2024-04-30T09:35:28.578Z, 1161.8402766, 752.0560274
1714469728604, 2024-04-30T09:35:28.604Z, 1152.4345838, 750.5623802
1714469728620, 2024-04-30T09:35:28.620Z, 1149.800487, 756.7991232
1714469728652, 2024-04-30T09:35:28.652Z, 1154.9588234000003, 757.6410824
1714469728693, 2024-04-30T09:35:28.693Z, 1166.1448834, 757.9841412000001
1714469728708, 2024-04-30T09:35:28.708Z, 1175.3338782, 759.6236352
1714469728739, 2024-04-30T09:35:28.739Z, 1178.3482742, 758.5612183999999
1714469728753, 2024-04-30T09:35:28.753Z, 1186.0413646000002, 759.1603336
1714469728783, 2024-04-30T09:35:28.783Z, 1188.5143501999999, 761.5370576
1714469728803, 2024-04-30T09:35:28.803Z, 1191.2181236000001, 769.51052
1714469728829, 2024-04-30T09:35:28.829Z, 1189.7367816, 773.445054
1714469728843, 2024-04-30T09:35:28.843Z, 1191.7925197999998, 784.0899816
1714469728885, 2024-04-30T09:35:28.885Z, 1187.4529773999998, 786.017716
1714469728901, 2024-04-30T09:35:28.901Z, 1193.0358317999999, 792.4820458
1714469728932, 2024-04-30T09:35:28.932Z, 1198.2096012, 793.0193820000001
1714469728947, 2024-04-30T09:35:28.947Z, 1199.9543518, 792.4390964
1714469728984, 2024-04-30T09:35:28.984Z, 1194.5626804, 787.3566314000001
1714469729012, 2024-04-30T09:35:29.012Z, 1189.2947058, 777.8623246000001
1714469729027, 2024-04-30T09:35:29.027Z, 1177.6075352, 757.0926764
1714469729058, 2024-04-30T09:35:29.058Z, 1167.9221738, 736.8670770000001
1714469729072, 2024-04-30T09:35:29.072Z, 1165.9328788, 722.0382538
1714469729104, 2024-04-30T09:35:29.104Z, 1168.154421, 704.437083
1714469729147, 2024-04-30T09:35:29.147Z, 1170.1962544, 692.9024306
1714469729166, 2024-04-30T09:35:29.166Z, 1177.4122169999998, 691.040108
1714469729197, 2024-04-30T09:35:29.197Z, 1177.2469204000001, 684.5514381999999
1714469729213, 2024-04-30T09:35:29.213Z, 1188.1822776, 688.7502564
1714469729244, 2024-04-30T09:35:29.244Z, 1193.5113625999998, 693.4819066
1714469729260, 2024-04-30T09:35:29.260Z, 1202.4517707999998, 707.7589528000001
1714469729284, 2024-04-30T09:35:29.284Z, 1198.7143843999997, 710.7380684
1714469729297, 2024-04-30T09:35:29.297Z, 1204.9386716, 724.9147334
1714469729327, 2024-04-30T09:35:29.327Z, 1194.465678, 726.260571
1714469729342, 2024-04-30T09:35:29.342Z, 1182.6927182, 729.0042274
1714469729371, 2024-04-30T09:35:29.371Z, 1165.1499004000002, 723.7345176000001
1714469729387, 2024-04-30T09:35:29.387Z, 1152.3553694, 725.3786975999999
1714469729431, 2024-04-30T09:35:29.431Z, 1133.4715274, 718.9244970000001
1714469729465, 2024-04-30T09:35:29.465Z, 1119.0733568, 712.4091368000002
1714469729480, 2024-04-30T09:35:29.480Z, 1117.552676, 705.5258468
1714469729511, 2024-04-30T09:35:29.511Z, 1119.6272662, 701.6879388
1714469729527, 2024-04-30T09:35:29.527Z, 1128.6110715999998, 707.6673366
1714469729558, 2024-04-30T09:35:29.558Z, 1138.6389476, 716.6840861999999
1714469729595, 2024-04-30T09:35:29.595Z, 1141.3269864, 722.6844920000001
1714469729609, 2024-04-30T09:35:29.609Z, 1143.2814257999999, 727.0650038
1714469729639, 2024-04-30T09:35:29.639Z, 1144.3816274, 727.8659328000001
1714469729654, 2024-04-30T09:35:29.654Z, 1138.6305708, 720.8438726
1714469729685, 2024-04-30T09:35:29.685Z, 1127.4838568, 714.4730794000001
1714469729700, 2024-04-30T09:35:29.700Z, 1121.2878, 710.6114203999999
1714469729745, 2024-04-30T09:35:29.745Z, 1112.0466238, 712.2058249999999
1714469729777, 2024-04-30T09:35:29.777Z, 1107.6137078, 716.9958366
1714469729792, 2024-04-30T09:35:29.792Z, 1116.1163007999999, 726.1171198
1714469729823, 2024-04-30T09:35:29.823Z, 1177.6567866, 749.242922
1714469729839, 2024-04-30T09:35:29.839Z, 1248.4657972, 778.4961534
1714469729880, 2024-04-30T09:35:29.880Z, 1330.9753116, 813.8755893999999
1714469729909, 2024-04-30T09:35:29.909Z, 1408.9951270000001, 843.6976255999998
1714469729924, 2024-04-30T09:35:29.924Z, 1475.1760704, 867.4220075999999
1714469729954, 2024-04-30T09:35:29.954Z, 1492.3221945999999, 876.733461
1714469729968, 2024-04-30T09:35:29.968Z, 1502.2840689999998, 880.6943942
1714469729998, 2024-04-30T09:35:29.998Z, 1495.7685606, 877.2839005999998
1714469730044, 2024-04-30T09:35:30.044Z, 1489.1228888, 879.6070614
1714469730059, 2024-04-30T09:35:30.059Z, 1484.8377745999999, 882.8518386
1714469730092, 2024-04-30T09:35:30.092Z, 1484.3207201999999, 886.0146751999998
1714469730104, 2024-04-30T09:35:30.104Z, 1482.6900662, 879.1957428
1714469730136, 2024-04-30T09:35:30.136Z, 1483.7910592000003, 821.1757696000001
1714469730151, 2024-04-30T09:35:30.151Z, 1481.593466, 762.0213388
1714469730179, 2024-04-30T09:35:30.179Z, 1487.8172665999998, 709.3447851999999
1714469730194, 2024-04-30T09:35:30.194Z, 1486.9550798, 635.349483
1714469730224, 2024-04-30T09:35:30.224Z, 1492.2300132, 556.3535442
1714469730238, 2024-04-30T09:35:30.238Z, 1505.3451326000002, 540.7031988000001
1714469730268, 2024-04-30T09:35:30.268Z, 1525.6048848, 507.0792044
1714469730283, 2024-04-30T09:35:30.283Z, 1525.2844725999998, 461.0114728
1714469730360, 2024-04-30T09:35:30.360Z, 1551.4313336, 431.3706528000001
1714469730375, 2024-04-30T09:35:30.375Z, 1563.5314528000001, 430.16261440000005
1714469730416, 2024-04-30T09:35:30.416Z, 1547.3327982, 447.9239122
1714469730431, 2024-04-30T09:35:30.431Z, 1521.4979244, 497.2012098
1714469730448, 2024-04-30T09:35:30.448Z, 1509.1613788, 545.1821980000001
1714469730494, 2024-04-30T09:35:30.494Z, 1451.9266534, 646.9881484
1714469730508, 2024-04-30T09:35:30.508Z, 1405.2849224, 735.1742956
1714469730539, 2024-04-30T09:35:30.539Z, 1385.1490141999998, 787.5086944
1714469730555, 2024-04-30T09:35:30.555Z, 1375.8373016, 831.5528151999999
1714469730586, 2024-04-30T09:35:30.586Z, 1363.6471106, 878.8828481999999
1714469730601, 2024-04-30T09:35:30.601Z, 1377.4863466000002, 876.1943527999999
1714469730630, 2024-04-30T09:35:30.630Z, 1391.8873348, 874.8040854000001
1714469730643, 2024-04-30T09:35:30.643Z, 1402.4372939999998, 880.4515506
1714469730674, 2024-04-30T09:35:30.674Z, 1407.0315712, 883.472934
1714469730689, 2024-04-30T09:35:30.689Z, 1411.2035, 889.7771116
1714469730723, 2024-04-30T09:35:30.723Z, 1413.98215, 896.0322166
1714469730742, 2024-04-30T09:35:30.742Z, 1415.3754332, 898.490307
1714469730780, 2024-04-30T09:35:30.780Z, 1411.0013900000001, 900.9161711999999
1714469730808, 2024-04-30T09:35:30.808Z, 1410.0783966, 899.54398
1714469730823, 2024-04-30T09:35:30.823Z, 1406.4782496, 900.1375294
1714469730853, 2024-04-30T09:35:30.853Z, 1387.2636091999998, 894.6573784
1714469730873, 2024-04-30T09:35:30.873Z, 1313.7225995999997, 872.8377676