1714469803527, 2024-04-30T09:36:43.527Z, 1018.289793, 920.812295
1714469803572, 2024-04-30T09:36:43.572Z, 881.2553330000001, 837.0831155
1714469803586, 2024-04-30T09:36:43.586Z, 798.6215926666667, 716.6350486666666
1714469803620, 2024-04-30T09:36:43.620Z, 748.9055575, 678.64433875
1714469803751, 2024-04-30T09:36:43.751Z, 672.8647268, 638.0869783999999
1714469804039, 2024-04-30T09:36:44.039Z, 574.9153674, 513.2079322
1714469804216, 2024-04-30T09:36:44.216Z, 609.8021024, 368.2961666
1714469804246, 2024-04-30T09:36:44.246Z, 608.3525073999999, 348.16691219999996
1714469804384, 2024-04-30T09:36:44.384Z, 561.8472134, 408.13490680000007
1714469804428, 2024-04-30T09:36:44.428Z, 563.1150744, 487.927754
1714469804922, 2024-04-30T09:36:44.922Z, 524.7447538, 612.9341916000001
1714469804967, 2024-04-30T09:36:44.967Z, 406.5427106000001, 776.2871849999999
1714469804981, 2024-04-30T09:36:44.981Z, 342.1987848, 871.668773
1714469805027, 2024-04-30T09:36:45.027Z, 315.0672672, 847.3980648
1714469805056, 2024-04-30T09:36:45.056Z, 245.131169, 824.9272607999999
1714469805118, 2024-04-30T09:36:45.118Z, 204.540543, 771.9057478
1714469805206, 2024-04-30T09:36:45.206Z, 172.596337, 717.5200602
1714469805236, 2024-04-30T09:36:45.236Z, 152.6702066, 669.4940712
1714469805251, 2024-04-30T09:36:45.251Z, 147.306699, 643.2364706
1714469805281, 2024-04-30T09:36:45.281Z, 166.0253958, 630.3386044
1714469805553, 2024-04-30T09:36:45.553Z, 192.4860826, 574.459437
1714469805599, 2024-04-30T09:36:45.599Z, 171.945421, 557.2159818
1714469805641, 2024-04-30T09:36:45.641Z, 156.8191344, 530.8918100000001
1714469805686, 2024-04-30T09:36:45.686Z, 146.1210522, 501.1143722
1714469805701, 2024-04-30T09:36:45.701Z, 153.00896540000002, 453.6577456
1714469805731, 2024-04-30T09:36:45.731Z, 153.8559952, 468.67511299999995
1714469805746, 2024-04-30T09:36:45.746Z, 202.9104268, 466.40082280000007
1714469805777, 2024-04-30T09:36:45.777Z, 240.243765, 466.010625
1714469805791, 2024-04-30T09:36:45.791Z, 269.8443244, 466.9919264
1714469805820, 2024-04-30T09:36:45.820Z, 298.2531942, 469.30921060000003
1714469805866, 2024-04-30T09:36:45.866Z, 287.9808354, 463.6400544
1714469805880, 2024-04-30T09:36:45.880Z, 259.71195620000003, 445.2902618
1714469805958, 2024-04-30T09:36:45.958Z, 211.9071496, 414.0053948000001
1714469805974, 2024-04-30T09:36:45.974Z, 161.38301459999997, 387.5848892
1714469806005, 2024-04-30T09:36:46.005Z, 109.64662519999999, 353.4634502
1714469806090, 2024-04-30T09:36:46.090Z, 74.313582, 329.58585759999994
1714469806105, 2024-04-30T09:36:46.105Z, 48.672975400000006, 307.275674
1714469806135, 2024-04-30T09:36:46.135Z, 41.2058058, 299.7136218
1714469806150, 2024-04-30T09:36:46.150Z, 37.7509486, 288.3432262
1714469806180, 2024-04-30T09:36:46.180Z, 30.261141599999995, 284.91797959999997
1714469806540, 2024-04-30T09:36:46.540Z, 68.7777696, 266.40284779999996
1714469806555, 2024-04-30T09:36:46.555Z, 95.6567096, 253.89542539999997
1714469806585, 2024-04-30T09:36:46.585Z, 104.8903796, 242.6657108
1714469806645, 2024-04-30T09:36:46.645Z, 117.40348300000001, 232.21154259999997
1714469806768, 2024-04-30T09:36:46.768Z, 144.4686878, 200.97955140000002
1714469806784, 2024-04-30T09:36:46.784Z, 122.06906, 192.9720986
1714469806859, 2024-04-30T09:36:46.859Z, 114.09353839999999, 175.4448982
1714469806904, 2024-04-30T09:36:46.904Z, 142.2721378, 161.73809980000001
1714469806919, 2024-04-30T09:36:46.919Z, 179.3347522, 148.170595
1714469807443, 2024-04-30T09:36:47.443Z, 215.05043159999997, 145.4466414
1714469807458, 2024-04-30T09:36:47.458Z, 234.599332, 133.4318232
1714469807488, 2024-04-30T09:36:47.488Z, 252.81999400000004, 128.0517254
1714469807504, 2024-04-30T09:36:47.504Z, 253.52879939999997, 113.58432560000001
1714469807548, 2024-04-30T09:36:47.548Z, 245.66810379999998, 105.58852320000001
1714469807596, 2024-04-30T09:36:47.596Z, 225.14699620000002, 110.57376380000001
1714469807636, 2024-04-30T09:36:47.636Z, 214.0563628, 114.97619460000001
1714469807804, 2024-04-30T09:36:47.804Z, 174.144182, 142.147433
1714469809287, 2024-04-30T09:36:49.287Z, 369.7778272, 279.979875
1714469809302, 2024-04-30T09:36:49.302Z, 483.8986702, 403.6543274
1714469809348, 2024-04-30T09:36:49.348Z, 568.263936, 517.0239884
1714469810021, 2024-04-30T09:36:50.021Z, 649.867707, 602.875067
1714469810146, 2024-04-30T09:36:50.146Z, 753.8215909999999, 643.1109938
1714469810231, 2024-04-30T09:36:50.232Z, 646.8267635999999, 576.5577132000001
1714469810471, 2024-04-30T09:36:50.471Z, 634.6762161999999, 598.5851243999999
1714469810790, 2024-04-30T09:36:50.790Z, 637.3248944, 523.3523568
1714469811041, 2024-04-30T09:36:51.041Z, 647.2621263999999, 476.2846430000001
1714469811450, 2024-04-30T09:36:51.450Z, 651.3234084, 550.0539052
1714469811540, 2024-04-30T09:36:51.540Z, 656.2310682, 589.7577496
1714469811628, 2024-04-30T09:36:51.628Z, 621.8895372, 537.2183774
1714469811672, 2024-04-30T09:36:51.672Z, 609.4786554, 584.9791976
1714469811777, 2024-04-30T09:36:51.777Z, 635.6617546, 614.7093146
1714469811851, 2024-04-30T09:36:51.851Z, 643.5218986, 553.2604328
1714469811897, 2024-04-30T09:36:51.897Z, 626.9951072, 520.9920073999999
1714469811942, 2024-04-30T09:36:51.942Z, 634.8036718, 500.1834078
1714469811987, 2024-04-30T09:36:51.987Z, 562.9558351999999, 514.7686982
1714469812034, 2024-04-30T09:36:52.034Z, 465.38034259999995, 538.9418638
1714469812077, 2024-04-30T09:36:52.077Z, 404.3249802, 552.5605694
1714469812138, 2024-04-30T09:36:52.138Z, 309.7555924, 557.0909409999999
1714469812168, 2024-04-30T09:36:52.168Z, 203.3370554, 565.4892506
1714469812183, 2024-04-30T09:36:52.183Z, 175.4208888, 544.6974314
1714469812229, 2024-04-30T09:36:52.229Z, 128.2273534, 524.3769683999999
1714469812326, 2024-04-30T09:36:52.326Z, 77.68196839999999, 502.4934158
1714469812358, 2024-04-30T09:36:52.358Z, 53.57703300000001, 489.3428167999999
1714469812392, 2024-04-30T09:36:52.392Z, 47.9042664, 473.574003
1714469812438, 2024-04-30T09:36:52.438Z, 50.7252472, 461.5529596
1714469812454, 2024-04-30T09:36:52.454Z, 71.73275240000001, 455.65868620000003
1714469812484, 2024-04-30T09:36:52.484Z, 88.44377399999999, 459.5752362
1714469812527, 2024-04-30T09:36:52.527Z, 116.33818839999999, 467.5724766
1714469812540, 2024-04-30T09:36:52.540Z, 142.325378, 474.98527279999996
1714469812570, 2024-04-30T09:36:52.570Z, 168.9313938, 480.6871354
1714469812615, 2024-04-30T09:36:52.615Z, 189.09884459999998, 489.4275232
1714469812631, 2024-04-30T09:36:52.631Z, 217.60207959999997, 493.9768612
1714469812706, 2024-04-30T09:36:52.706Z, 228.982737, 497.20261259999995
1714469812751, 2024-04-30T09:36:52.751Z, 233.31845600000003, 499.69708520000006
1714469812765, 2024-04-30T09:36:52.765Z, 228.18990939999998, 497.0464
1714469812795, 2024-04-30T09:36:52.795Z, 229.2716438, 487.4431856
1714469812841, 2024-04-30T09:36:52.841Z, 224.89614599999996, 481.3876276
1714469812886, 2024-04-30T09:36:52.886Z, 231.17594559999998, 480.9380682
1714469812901, 2024-04-30T09:36:52.901Z, 238.4435852, 482.1245186
1714469812932, 2024-04-30T09:36:52.932Z, 257.2345812, 483.60920500000003
1714469812948, 2024-04-30T09:36:52.948Z, 278.8422838, 492.40862620000007
1714469812977, 2024-04-30T09:36:52.977Z, 298.1425918, 500.4737002
1714469813021, 2024-04-30T09:36:53.021Z, 309.1004468, 502.2617389999999
1714469813066, 2024-04-30T09:36:53.066Z, 320.52902240000003, 502.3469296
1714469813081, 2024-04-30T09:36:53.081Z, 309.1886608, 520.8456064
1714469813155, 2024-04-30T09:36:53.155Z, 279.0927162, 547.2391684
1714469813170, 2024-04-30T09:36:53.170Z, 248.07672259999998, 573.8155284000001
1714469813200, 2024-04-30T09:36:53.200Z, 203.6599258, 587.1341822
1714469813216, 2024-04-30T09:36:53.216Z, 167.675162, 599.9117828000001
1714469813245, 2024-04-30T09:36:53.245Z, 138.6806482, 587.2535780000001
1714469813309, 2024-04-30T09:36:53.309Z, 117.1698922, 561.8598804
1714469813354, 2024-04-30T09:36:53.354Z, 90.5569882, 536.8898993999999
1714469813401, 2024-04-30T09:36:53.401Z, 86.82435840000001, 526.520358
1714469813413, 2024-04-30T09:36:53.413Z, 78.11359660000001, 517.6919478
1714469813430, 2024-04-30T09:36:53.430Z, 70.8845368, 516.2825334
1714469813445, 2024-04-30T09:36:53.445Z, 55.629770199999996, 519.7510074
1714469813476, 2024-04-30T09:36:53.476Z, 45.3863672, 520.1130725999999
1714469813491, 2024-04-30T09:36:53.491Z, 37.9255146, 521.1148062
1714469813522, 2024-04-30T09:36:53.522Z, 33.4020954, 522.3455084000001
1714469813537, 2024-04-30T09:36:53.537Z, 31.760645999999998, 523.4927545999999
1714469813580, 2024-04-30T09:36:53.580Z, 50.508390799999994, 530.3567592
1714469813609, 2024-04-30T09:36:53.609Z, 70.2401742, 536.9709166
1714469813624, 2024-04-30T09:36:53.624Z, 89.2738856, 539.8644852
1714469813651, 2024-04-30T09:36:53.651Z, 98.0378866, 539.9173834000001
1714469813669, 2024-04-30T09:36:53.669Z, 107.38471559999998, 538.9132642000001
1714469813700, 2024-04-30T09:36:53.700Z, 106.5859782, 532.2260632000001
1714469813741, 2024-04-30T09:36:53.741Z, 106.99165020000001, 530.1279762
1714469813756, 2024-04-30T09:36:53.756Z, 110.8037364, 529.4256128000001
1714469813787, 2024-04-30T09:36:53.787Z, 110.8299982, 532.0164024
1714469813801, 2024-04-30T09:36:53.801Z, 114.0082136, 538.5118292000001
1714469813832, 2024-04-30T09:36:53.832Z, 109.4518908, 541.41609
1714469813848, 2024-04-30T09:36:53.848Z, 95.1988544, 540.1966204
1714469813877, 2024-04-30T09:36:53.877Z, 67.783401, 537.4000862
1714469813891, 2024-04-30T09:36:53.891Z, 51.348321399999996, 532.7212853999999
1714469813921, 2024-04-30T09:36:53.921Z, 33.733346999999995, 525.1354578
1714469813936, 2024-04-30T09:36:53.936Z, 29.936795, 520.7225430000001
1714469813966, 2024-04-30T09:36:53.966Z, 30.6642832, 518.7766598000001
1714469813981, 2024-04-30T09:36:53.981Z, 48.5161252, 526.2221806
1714469814028, 2024-04-30T09:36:54.028Z, 57.8606752, 530.5927697999999
1714469814056, 2024-04-30T09:36:54.056Z, 67.514881, 537.7386838
1714469814071, 2024-04-30T09:36:54.071Z, 72.46765860000001, 540.8552212000001
1714469814101, 2024-04-30T09:36:54.101Z, 79.7352394, 546.3190615999999
1714469814116, 2024-04-30T09:36:54.116Z, 79.095052, 543.1117058
1714469814146, 2024-04-30T09:36:54.146Z, 97.9380562, 547.4061456000001
1714469814192, 2024-04-30T09:36:54.192Z, 106.56671639999999, 548.3478116
1714469814206, 2024-04-30T09:36:54.206Z, 112.2935184, 552.346185
1714469814236, 2024-04-30T09:36:54.236Z, 122.23482700000002, 552.4181593999999
1714469814252, 2024-04-30T09:36:54.252Z, 145.2803664, 555.5493761999999
1714469814283, 2024-04-30T09:36:54.283Z, 150.5574124, 554.7910084
1714469814299, 2024-04-30T09:36:54.299Z, 168.3579452, 556.3664468
1714469814327, 2024-04-30T09:36:54.327Z, 184.9692008, 556.5614782
1714469814342, 2024-04-30T09:36:54.342Z, 200.1359926, 558.0807242000001
1714469814371, 2024-04-30T09:36:54.371Z, 197.1398962, 560.6944652
1714469814386, 2024-04-30T09:36:54.386Z, 203.16911580000001, 562.6121028
1714469814417, 2024-04-30T09:36:54.417Z, 201.1629246, 561.5696008000001
1714469814478, 2024-04-30T09:36:54.478Z, 205.0731046, 564.2817994
1714469814506, 2024-04-30T09:36:54.506Z, 213.91104220000003, 569.5137202
1714469814521, 2024-04-30T09:36:54.521Z, 225.91694700000002, 571.541553
1714469814551, 2024-04-30T09:36:54.551Z, 227.47175320000002, 570.1229498
1714469814566, 2024-04-30T09:36:54.566Z, 233.3628008, 570.0591848
1714469814596, 2024-04-30T09:36:54.596Z, 234.2813204, 569.754001
1714469814642, 2024-04-30T09:36:54.642Z, 230.02745760000002, 567.4272702000001
1714469814657, 2024-04-30T09:36:54.657Z, 233.9290406, 565.2509957999999
1714469814688, 2024-04-30T09:36:54.688Z, 236.08255119999998, 566.0367606000001
1714469814703, 2024-04-30T09:36:54.703Z, 244.04341839999998, 566.8451438
1714469814734, 2024-04-30T09:36:54.734Z, 253.34398419999997, 565.9232690000001
1714469814750, 2024-04-30T09:36:54.750Z, 266.06624980000004, 565.2599908
1714469814777, 2024-04-30T09:36:54.777Z, 273.6375596, 566.3593744000001
1714469814821, 2024-04-30T09:36:54.821Z, 288.5682312, 566.8830976000002
1714469814835, 2024-04-30T09:36:54.835Z, 301.0485122, 566.1938892000001
1714469814865, 2024-04-30T09:36:54.865Z, 306.5401458, 566.3416897999999
1714469814880, 2024-04-30T09:36:54.880Z, 311.4097124, 565.7917535999999
1714469814927, 2024-04-30T09:36:54.927Z, 307.5902438, 557.0647395999999
1714469814956, 2024-04-30T09:36:54.956Z, 312.11906220000003, 553.3125664
1714469814971, 2024-04-30T09:36:54.971Z, 310.5378914, 548.3076090000001
1714469815005, 2024-04-30T09:36:55.005Z, 308.1670394, 535.7535494
1714469815046, 2024-04-30T09:36:55.046Z, 307.7437206, 526.771418
1714469815091, 2024-04-30T09:36:55.091Z, 306.0346106, 526.5064852
1714469815106, 2024-04-30T09:36:55.106Z, 298.3636682, 526.1708258000001
1714469815138, 2024-04-30T09:36:55.138Z, 291.12213579999997, 529.847485
1714469815153, 2024-04-30T09:36:55.153Z, 292.00813100000005, 541.247206
1714469815186, 2024-04-30T09:36:55.186Z, 289.4806968, 548.0858184
1714469815201, 2024-04-30T09:36:55.201Z, 296.2471246, 552.9941112
1714469815227, 2024-04-30T09:36:55.227Z, 308.3215476, 555.476801
1714469815240, 2024-04-30T09:36:55.240Z, 327.9854652, 552.5755996
1714469815271, 2024-04-30T09:36:55.271Z, 347.6732908, 548.4640374
1714469815286, 2024-04-30T09:36:55.286Z, 367.7697812, 545.2019750000001
1714469815315, 2024-04-30T09:36:55.315Z, 378.70575859999997, 541.5415104000001
1714469815331, 2024-04-30T09:36:55.331Z, 377.4207566, 536.2541080000001
1714469815377, 2024-04-30T09:36:55.377Z, 368.074616, 533.3927518
1714469815405, 2024-04-30T09:36:55.405Z, 371.8439932, 529.4912966
1714469815422, 2024-04-30T09:36:55.422Z, 372.84230679999996, 525.2946296000001
1714469815451, 2024-04-30T09:36:55.451Z, 379.0362058, 521.5120196
1714469815466, 2024-04-30T09:36:55.466Z, 391.91463219999997, 518.5739958
1714469815497, 2024-04-30T09:36:55.497Z, 410.44606780000004, 518.3047636
1714469815541, 2024-04-30T09:36:55.541Z, 422.3096162, 522.7663704
1714469815586, 2024-04-30T09:36:55.586Z, 433.3463338, 532.111722
1714469815601, 2024-04-30T09:36:55.601Z, 445.83342999999996, 542.3339275999999
1714469815631, 2024-04-30T09:36:55.631Z, 461.69011299999994, 547.7690489999999
1714469815645, 2024-04-30T09:36:55.645Z, 476.583014, 552.4461451999999
1714469815677, 2024-04-30T09:36:55.677Z, 485.47915140000003, 555.3708783999998
1714469815691, 2024-04-30T09:36:55.691Z, 494.86762740000006, 554.2114260000001
1714469815721, 2024-04-30T09:36:55.721Z, 514.195545, 548.546664
1714469815736, 2024-04-30T09:36:55.736Z, 528.1823458, 549.263473
1714469815765, 2024-04-30T09:36:55.765Z, 538.0894728, 550.0611504000001
1714469815781, 2024-04-30T09:36:55.781Z, 546.7112128000001, 551.8191158
1714469815827, 2024-04-30T09:36:55.827Z, 554.5099918000001, 560.7266622
1714469815855, 2024-04-30T09:36:55.855Z, 551.5305382, 575.22822
1714469815871, 2024-04-30T09:36:55.871Z, 548.2379554, 588.9211624
1714469815901, 2024-04-30T09:36:55.901Z, 515.6012638, 592.8960094
1714469815915, 2024-04-30T09:36:55.915Z, 469.1724719999999, 602.1505814
1714469815947, 2024-04-30T09:36:55.947Z, 423.49042420000006, 604.5125092000001
1714469815990, 2024-04-30T09:36:55.990Z, 366.3516588, 611.2428774
1714469816006, 2024-04-30T09:36:56.006Z, 309.13525599999997, 617.536973
1714469816035, 2024-04-30T09:36:56.035Z, 274.83588579999997, 630.5366552
1714469816050, 2024-04-30T09:36:56.050Z, 258.3847286, 634.7726344
1714469816081, 2024-04-30T09:36:56.081Z, 230.91241299999996, 643.011356
1714469816095, 2024-04-30T09:36:56.095Z, 217.398326, 646.7598918000001
1714469816126, 2024-04-30T09:36:56.126Z, 202.3103286, 650.3939528
1714469816140, 2024-04-30T09:36:56.140Z, 194.55780760000002, 654.9793262000001
1714469816171, 2024-04-30T09:36:56.171Z, 179.8894936, 659.0487662
1714469816185, 2024-04-30T09:36:56.185Z, 178.3223604, 656.5882366000001
1714469816216, 2024-04-30T09:36:56.216Z, 171.56837019999998, 651.4227086
1714469816230, 2024-04-30T09:36:56.230Z, 167.7604508, 645.4572258000001
1714469816277, 2024-04-30T09:36:56.277Z, 166.20489019999997, 643.1506258
1714469816306, 2024-04-30T09:36:56.306Z, 167.1078188, 641.9774917999999
1714469816320, 2024-04-30T09:36:56.320Z, 169.28484840000002, 642.2644164000001
1714469816350, 2024-04-30T09:36:56.350Z, 167.19178440000002, 647.5283566
1714469816365, 2024-04-30T09:36:56.365Z, 170.84816940000002, 653.6232704
1714469816395, 2024-04-30T09:36:56.395Z, 171.4655996, 657.6666616
1714469816441, 2024-04-30T09:36:56.441Z, 171.4221274, 656.6972056000001
1714469816457, 2024-04-30T09:36:56.457Z, 170.881036, 652.7111768
1714469816488, 2024-04-30T09:36:56.488Z, 172.0064234, 638.9772516
1714469816503, 2024-04-30T09:36:56.503Z, 163.69996499999996, 625.3342622
1714469816534, 2024-04-30T09:36:56.534Z, 156.6124394, 615.4512448
1714469816550, 2024-04-30T09:36:56.550Z, 150.63966139999997, 610.3825902000001
1714469816577, 2024-04-30T09:36:56.577Z, 143.3175444, 612.6046216000001
1714469816591, 2024-04-30T09:36:56.591Z, 145.72826019999997, 622.6736653999999
1714469816620, 2024-04-30T09:36:56.620Z, 151.1765656, 627.662716
1714469816635, 2024-04-30T09:36:56.635Z, 161.1541278, 629.5428068000001
1714469816665, 2024-04-30T09:36:56.665Z, 173.082816, 632.2527814
1714469816680, 2024-04-30T09:36:56.680Z, 186.8366696, 631.9750849999999
1714469816726, 2024-04-30T09:36:56.726Z, 191.46531240000002, 629.1247903999999
1714469816759, 2024-04-30T09:36:56.759Z, 194.55958, 630.3939902
1714469816774, 2024-04-30T09:36:56.774Z, 193.3185422, 630.1623284
1714469816804, 2024-04-30T09:36:56.804Z, 187.9295278, 623.5336566
1714469816819, 2024-04-30T09:36:56.819Z, 187.0576286, 618.6063457999999
1714469816849, 2024-04-30T09:36:56.849Z, 191.08781900000002, 613.6970482
1714469816892, 2024-04-30T09:36:56.892Z, 219.6559288, 613.0325208
1714469816907, 2024-04-30T09:36:56.907Z, 249.20018679999998, 612.1772822
1714469816937, 2024-04-30T09:36:56.937Z, 287.2982948, 616.9540786
1714469816953, 2024-04-30T09:36:56.953Z, 330.80204319999996, 624.8079526
1714469816984, 2024-04-30T09:36:56.984Z, 376.03945039999996, 632.5825428
1714469817000, 2024-04-30T09:36:57.000Z, 396.3713566, 636.0768672
1714469817027, 2024-04-30T09:36:57.027Z, 415.74776600000007, 640.4475824
1714469817043, 2024-04-30T09:36:57.043Z, 425.73453, 643.6974416
1714469817072, 2024-04-30T09:36:57.072Z, 412.18619959999995, 640.2434062
1714469817086, 2024-04-30T09:36:57.086Z, 387.28024020000004, 636.0966759999999
1714469817116, 2024-04-30T09:36:57.116Z, 357.2755886, 632.6725216
1714469817136, 2024-04-30T09:36:57.136Z, 319.0373128, 630.0470296
1714469817178, 2024-04-30T09:36:57.178Z, 257.05598440000006, 637.6039414
1714469817207, 2024-04-30T09:36:57.207Z, 195.8944974, 640.9404486000001
1714469817222, 2024-04-30T09:36:57.222Z, 144.4962628, 645.8922504
1714469817252, 2024-04-30T09:36:57.252Z, 101.20407399999999, 650.2307617999999
1714469817267, 2024-04-30T09:36:57.267Z, 69.34398039999999, 656.4151603999999
1714469817297, 2024-04-30T09:36:57.297Z, 62.58703380000001, 653.973865
1714469817342, 2024-04-30T09:36:57.342Z, 58.316934, 655.3404453999999
1714469817357, 2024-04-30T09:36:57.357Z, 57.15437160000001, 654.8746724
1714469817387, 2024-04-30T09:36:57.387Z, 54.1009588, 655.0767296
1714469817402, 2024-04-30T09:36:57.402Z, 49.7748112, 652.7312128
1714469817434, 2024-04-30T09:36:57.434Z, 52.6498334, 651.2851837999999
1714469817450, 2024-04-30T09:36:57.450Z, 66.1222636, 651.9964972
1714469817478, 2024-04-30T09:36:57.478Z, 90.3968474, 657.0617352
1714469817492, 2024-04-30T09:36:57.492Z, 113.81475700000001, 661.8850458
1714469817522, 2024-04-30T09:36:57.522Z, 139.6226404, 668.3950502
1714469817537, 2024-04-30T09:36:57.537Z, 165.60240100000001, 677.5180823999999
1714469817567, 2024-04-30T09:36:57.567Z, 192.16137559999999, 687.4439164
1714469817582, 2024-04-30T09:36:57.582Z, 207.1377492, 696.4083555999999
1714469817628, 2024-04-30T09:36:57.628Z, 222.64843839999997, 703.2587805999999
1714469817655, 2024-04-30T09:36:57.655Z, 234.36252360000003, 709.1607738
1714469817670, 2024-04-30T09:36:57.670Z, 247.6765456, 714.114973
1714469817700, 2024-04-30T09:36:57.700Z, 252.09034619999997, 713.6695876
1714469817720, 2024-04-30T09:36:57.720Z, 259.99182600000006, 715.1347572000001
1714469817745, 2024-04-30T09:36:57.745Z, 269.414353, 718.7214446
1714469817790, 2024-04-30T09:36:57.790Z, 268.896244, 721.4374936
1714469817806, 2024-04-30T09:36:57.806Z, 255.2114386, 720.2951154
1714469817836, 2024-04-30T09:36:57.836Z, 245.73797919999998, 724.1420498
1714469817853, 2024-04-30T09:36:57.853Z, 230.27120180000003, 723.6606296
1714469817883, 2024-04-30T09:36:57.883Z, 209.99967740000002, 721.6979253999999
1714469817898, 2024-04-30T09:36:57.898Z, 199.266148, 719.4317037999999
1714469817927, 2024-04-30T09:36:57.927Z, 191.4097658, 716.146721
1714469817941, 2024-04-30T09:36:57.941Z, 185.69456999999997, 713.0350592
1714469818105, 2024-04-30T09:36:58.105Z, 207.2862702, 708.0982612
1714469818121, 2024-04-30T09:36:58.121Z, 231.23876860000001, 700.368735
1714469818155, 2024-04-30T09:36:58.155Z, 253.41884240000005, 692.8859104000001
1714469818168, 2024-04-30T09:36:58.168Z, 277.2325032, 688.5389578
1714469818196, 2024-04-30T09:36:58.196Z, 295.0227044, 683.8513399999999
1714469818243, 2024-04-30T09:36:58.243Z, 283.3527122, 682.8063066
1714469818256, 2024-04-30T09:36:58.256Z, 271.4406292, 686.7060928
1714469818286, 2024-04-30T09:36:58.286Z, 260.6586214, 689.2909972
1714469818303, 2024-04-30T09:36:58.303Z, 250.83167139999995, 690.7223878
1714469818334, 2024-04-30T09:36:58.334Z, 246.72967719999997, 690.4065784
1714469818349, 2024-04-30T09:36:58.349Z, 245.2920342, 689.1078213999999
1714469818377, 2024-04-30T09:36:58.377Z, 245.10336940000002, 686.9911259999999
1714469818391, 2024-04-30T09:36:58.391Z, 244.22514059999997, 685.7172196
1714469818420, 2024-04-30T09:36:58.420Z, 244.2262814, 684.8557068
1714469818435, 2024-04-30T09:36:58.435Z, 246.16429500000004, 685.1809862
1714469818466, 2024-04-30T09:36:58.466Z, 255.86784419999998, 685.5019236
1714469818481, 2024-04-30T09:36:58.481Z, 265.82072519999997, 685.7035378
1714469818527, 2024-04-30T09:36:58.527Z, 274.78077160000004, 683.9166696
1714469818556, 2024-04-30T09:36:58.556Z, 277.0425838, 679.1663599999999
1714469818571, 2024-04-30T09:36:58.571Z, 282.26687519999996, 673.9981464
1714469818601, 2024-04-30T09:36:58.601Z, 289.675915, 675.0546084
1714469818616, 2024-04-30T09:36:58.616Z, 297.24806079999996, 675.8312464
1714469818646, 2024-04-30T09:36:58.646Z, 304.4877732, 677.7182964
1714469818691, 2024-04-30T09:36:58.691Z, 314.84554019999996, 680.7218534
1714469818706, 2024-04-30T09:36:58.706Z, 319.2323958, 683.8590635999999
1714469818738, 2024-04-30T09:36:58.738Z, 306.92567, 683.5653594
1714469818753, 2024-04-30T09:36:58.753Z, 297.5809656, 684.562039
1714469818784, 2024-04-30T09:36:58.784Z, 292.2572284, 686.3797134
1714469818799, 2024-04-30T09:36:58.799Z, 295.7775318, 688.5652560000001
1714469818827, 2024-04-30T09:36:58.827Z, 304.00712020000003, 690.6535460000001
1714469818841, 2024-04-30T09:36:58.841Z, 318.9578182, 690.1289376
1714469818870, 2024-04-30T09:36:58.870Z, 330.2234594, 688.5980664
1714469818886, 2024-04-30T09:36:58.886Z, 339.0988942, 686.8951483999999
1714469818916, 2024-04-30T09:36:58.916Z, 343.1899988, 685.704277
1714469818931, 2024-04-30T09:36:58.931Z, 342.5693872, 684.9412986
1714469818977, 2024-04-30T09:36:58.977Z, 352.0507016, 688.0198666
1714469819005, 2024-04-30T09:36:59.005Z, 362.2367726, 688.5492768
1714469819020, 2024-04-30T09:36:59.020Z, 372.9144078, 689.9530333999999
1714469819051, 2024-04-30T09:36:59.051Z, 381.141516, 690.3203328000001
1714469819066, 2024-04-30T09:36:59.066Z, 389.5858716, 690.2254556
1714469819095, 2024-04-30T09:36:59.095Z, 387.8211906, 684.2789372
1714469819145, 2024-04-30T09:36:59.145Z, 386.99738400000007, 681.8767676
1714469819160, 2024-04-30T09:36:59.160Z, 387.10223460000003, 679.9934856
1714469819189, 2024-04-30T09:36:59.189Z, 388.3613085999999, 679.6658451999999
1714469819204, 2024-04-30T09:36:59.204Z, 389.718129, 679.3863478
1714469819233, 2024-04-30T09:36:59.233Z, 392.50877479999997, 680.8558086
1714469819249, 2024-04-30T09:36:59.249Z, 399.7575546, 681.3968476
1714469819278, 2024-04-30T09:36:59.278Z, 404.69073319999995, 679.463072
1714469819292, 2024-04-30T09:36:59.292Z, 410.6181189999999, 677.7992878000001
1714469819322, 2024-04-30T09:36:59.322Z, 414.3798342, 676.0798342
1714469819337, 2024-04-30T09:36:59.337Z, 416.6709488, 674.6148946000001
1714469819366, 2024-04-30T09:36:59.366Z, 412.57095260000006, 671.2882746
1714469819382, 2024-04-30T09:36:59.382Z, 410.6846638, 669.9911532
1714469819428, 2024-04-30T09:36:59.428Z, 409.96638060000004, 666.0533726
1714469819457, 2024-04-30T09:36:59.457Z, 412.9464132, 661.963696
1714469819472, 2024-04-30T09:36:59.472Z, 416.7948122000001, 658.2082177999999
1714469819501, 2024-04-30T09:36:59.501Z, 424.16068359999997, 654.0243628
1714469819517, 2024-04-30T09:36:59.517Z, 435.6472992, 644.079174
1714469819529, 2024-04-30T09:36:59.529Z, 448.8689826, 639.6560224000001
1714469819548, 2024-04-30T09:36:59.548Z, 463.447757, 636.4103392
1714469819575, 2024-04-30T09:36:59.575Z, 479.9857086, 633.2739628
1714469819592, 2024-04-30T09:36:59.592Z, 499.9327684, 635.7598674000001
1714469819607, 2024-04-30T09:36:59.607Z, 509.52970659999994, 646.7176084
1714469819637, 2024-04-30T09:36:59.637Z, 516.6564406, 655.4811708
1714469819653, 2024-04-30T09:36:59.653Z, 521.1946558, 658.2716542000001
1714469819685, 2024-04-30T09:36:59.685Z, 523.4886204, 661.5629322
1714469819700, 2024-04-30T09:36:59.700Z, 522.5013034, 657.2598344
1714469819728, 2024-04-30T09:36:59.728Z, 525.1943595999999, 646.7844616
1714469819742, 2024-04-30T09:36:59.742Z, 526.7831684, 635.3755378
1714469819754, 2024-04-30T09:36:59.754Z, 528.3701799999999, 629.5904224
1714469819772, 2024-04-30T09:36:59.772Z, 532.450552, 624.9102646
1714469819787, 2024-04-30T09:36:59.787Z, 540.0639047999999, 625.5123166
1714469819817, 2024-04-30T09:36:59.817Z, 558.0610899999999, 638.6386202000001
1714469819832, 2024-04-30T09:36:59.832Z, 580.5511905999999, 655.6026931999999
1714469819878, 2024-04-30T09:36:59.878Z, 599.5750476000001, 670.7380334
1714469819889, 2024-04-30T09:36:59.889Z, 616.8417494, 684.5889462
1714469819906, 2024-04-30T09:36:59.906Z, 618.367212, 693.271481
1714469819922, 2024-04-30T09:36:59.922Z, 604.2120734, 706.0422799999999
1714469819952, 2024-04-30T09:36:59.952Z, 571.0357206, 716.8481675999999
1714469819967, 2024-04-30T09:36:59.967Z, 541.1871846, 729.9972432000001
1714469819980, 2024-04-30T09:36:59.980Z, 481.1968108, 750.6436108
1714469819997, 2024-04-30T09:36:59.997Z, 404.4147986, 777.2152462
1714469820042, 2024-04-30T09:37:00.042Z, 330.1481474, 785.7566274000001
1714469820058, 2024-04-30T09:37:00.058Z, 261.9091118, 794.0535234000001
1714469820090, 2024-04-30T09:37:00.090Z, 193.43941139999998, 800.901005
1714469820105, 2024-04-30T09:37:00.105Z, 152.9320906, 799.8411960000001
1714469820136, 2024-04-30T09:37:00.136Z, 144.4748484, 794.9909086
1714469820152, 2024-04-30T09:37:00.152Z, 138.0076242, 792.6550344
1714469820181, 2024-04-30T09:37:00.181Z, 142.6264762, 787.9113584
1714469820191, 2024-04-30T09:37:00.191Z, 148.27817380000002, 783.6084834000001
1714469820220, 2024-04-30T09:37:00.220Z, 155.4615378, 778.7935264
1714469820236, 2024-04-30T09:37:00.236Z, 156.84339100000003, 776.4387412
1714469820266, 2024-04-30T09:37:00.266Z, 159.8224408, 775.5121574
1714469820281, 2024-04-30T09:37:00.281Z, 160.4599246, 775.5415442
1714469820326, 2024-04-30T09:37:00.326Z, 160.3022732, 775.7827279999999
1714469820355, 2024-04-30T09:37:00.355Z, 163.16786480000002, 776.877725
1714469820371, 2024-04-30T09:37:00.371Z, 174.6520074, 779.5452407999999
1714469820401, 2024-04-30T09:37:00.401Z, 188.21768780000002, 782.883545
1714469820416, 2024-04-30T09:37:00.416Z, 191.88437679999998, 783.119637
1714469820448, 2024-04-30T09:37:00.448Z, 215.52952840000003, 782.4343448000001
1714469820491, 2024-04-30T09:37:00.491Z, 257.6906598, 778.3166274
1714469820506, 2024-04-30T09:37:00.506Z, 290.79346819999995, 772.3827438000001
1714469820535, 2024-04-30T09:37:00.535Z, 316.2587482, 762.1548402000001
1714469820550, 2024-04-30T09:37:00.550Z, 352.76268319999997, 756.3509268
1714469820581, 2024-04-30T09:37:00.581Z, 370.8293508, 752.478771
1714469820596, 2024-04-30T09:37:00.596Z, 366.7209242, 751.204281
1714469820627, 2024-04-30T09:37:00.627Z, 365.3025784, 751.0465438
1714469820641, 2024-04-30T09:37:00.641Z, 373.5257694, 755.294355
1714469820670, 2024-04-30T09:37:00.670Z, 383.7094692, 760.019452
1714469820697, 2024-04-30T09:37:00.697Z, 389.3154916, 764.7438408
1714469820728, 2024-04-30T09:37:00.728Z, 384.8398846, 772.5272428000001
1714469820743, 2024-04-30T09:37:00.743Z, 370.3895878, 780.0879286
1714469820782, 2024-04-30T09:37:00.782Z, 339.5165702, 780.6266778
1714469820807, 2024-04-30T09:37:00.807Z, 304.3962198, 778.970742
1714469820823, 2024-04-30T09:37:00.823Z, 271.7134738, 775.8355267999999
1714469820853, 2024-04-30T09:37:00.853Z, 248.68407059999998, 769.8495934
1714469820868, 2024-04-30T09:37:00.868Z, 234.2039236, 762.0311432
1714469820884, 2024-04-30T09:37:00.884Z, 232.6547584, 759.8196884000001
1714469820899, 2024-04-30T09:37:00.899Z, 223.23017180000002, 759.8017341999999
1714469820941, 2024-04-30T09:37:00.941Z, 211.07021479999997, 760.35517
1714469820956, 2024-04-30T09:37:00.956Z, 200.3139564, 761.1128892
1714469820986, 2024-04-30T09:37:00.986Z, 198.01906160000001, 762.6647198
1714469821001, 2024-04-30T09:37:01.001Z, 196.706088, 765.4024092
1714469821030, 2024-04-30T09:37:01.030Z, 200.4124738, 773.3367814
1714469821046, 2024-04-30T09:37:01.046Z, 207.8377304, 780.5298442
1714469821076, 2024-04-30T09:37:01.076Z, 212.75344239999998, 792.3901948
1714469821091, 2024-04-30T09:37:01.091Z, 206.49009900000001, 808.8857994
1714469821121, 2024-04-30T09:37:01.121Z, 194.5973816, 833.6505266
1714469821136, 2024-04-30T09:37:01.136Z, 185.0112958, 850.9014360000001
1714469821165, 2024-04-30T09:37:01.165Z, 174.39105239999998, 868.4366717999999
1714469821185, 2024-04-30T09:37:01.185Z, 165.93981720000002, 881.2903037999998
1714469821194, 2024-04-30T09:37:01.194Z, 161.06021619999999, 890.8871104
1714469821227, 2024-04-30T09:37:01.227Z, 160.4298528, 891.9866724
1714469821256, 2024-04-30T09:37:01.256Z, 161.875392, 893.7563508
1714469821271, 2024-04-30T09:37:01.271Z, 168.75079780000002, 897.0876086000001
1714469821287, 2024-04-30T09:37:01.287Z, 175.7365098, 900.1895254000001
1714469821302, 2024-04-30T09:37:01.302Z, 179.30294080000002, 900.6589051999999
1714469821319, 2024-04-30T09:37:01.319Z, 187.21244959999999, 901.5590778
1714469821334, 2024-04-30T09:37:01.334Z, 195.3924982, 899.4207724
1714469821349, 2024-04-30T09:37:01.349Z, 199.6076194, 895.6604977999999
1714469821378, 2024-04-30T09:37:01.378Z, 202.9686922, 891.8504793999998
1714469821397, 2024-04-30T09:37:01.397Z, 207.44510180000003, 891.2595206
1714469821413, 2024-04-30T09:37:01.413Z, 203.15061939999998, 890.1407716
1714469821445, 2024-04-30T09:37:01.445Z, 198.78282, 891.9803850000001
1714469821461, 2024-04-30T09:37:01.461Z, 192.24821319999998, 894.0547181999998
1714469821493, 2024-04-30T09:37:01.493Z, 183.43595439999999, 896.09729
1714469821509, 2024-04-30T09:37:01.509Z, 176.7661594, 897.0490281999998
1714469821527, 2024-04-30T09:37:01.527Z, 170.4779002, 897.3397486
1714469821544, 2024-04-30T09:37:01.544Z, 159.85470800000002, 896.5552903999999
1714469821572, 2024-04-30T09:37:01.572Z, 150.2749634, 895.7097404
1714469821586, 2024-04-30T09:37:01.586Z, 144.14658599999999, 895.8248666
1714469821618, 2024-04-30T09:37:01.618Z, 137.29985140000002, 895.4510544000001
1714469821632, 2024-04-30T09:37:01.632Z, 135.38436620000002, 895.2676938000001
1714469821677, 2024-04-30T09:37:01.677Z, 137.0546692, 896.8122028
1714469821687, 2024-04-30T09:37:01.687Z, 138.93896439999997, 898.2025534
1714469821706, 2024-04-30T09:37:01.706Z, 142.0590674, 899.5102286000001
1714469821721, 2024-04-30T09:37:01.721Z, 157.0743922, 902.5881740000001
1714469821738, 2024-04-30T09:37:01.738Z, 168.3095186, 903.6715404
1714469821750, 2024-04-30T09:37:01.750Z, 178.67354899999998, 903.040452
1714469821766, 2024-04-30T09:37:01.766Z, 191.999454, 904.5805096
1714469821778, 2024-04-30T09:37:01.778Z, 200.18753499999997, 903.1358834
1714469821796, 2024-04-30T09:37:01.796Z, 196.90907699999997, 899.834881
1714469821841, 2024-04-30T09:37:01.841Z, 198.28323, 897.1170153999999
1714469821860, 2024-04-30T09:37:01.860Z, 197.2991304, 893.1960626
1714469821890, 2024-04-30T09:37:01.890Z, 189.71322679999997, 809.4543683999999
1714469821915, 2024-04-30T09:37:01.915Z, 183.5179938, 740.0003694
1714469821930, 2024-04-30T09:37:01.930Z, 176.2273028, 665.683952
1714469821946, 2024-04-30T09:37:01.946Z, 168.09605419999997, 584.1967984
1714469821976, 2024-04-30T09:37:01.976Z, 162.2489448, 495.6034818
1714469821990, 2024-04-30T09:37:01.990Z, 160.0949668, 480.0580822
1714469822020, 2024-04-30T09:37:02.020Z, 159.9752014, 453.03015800000003
1714469822035, 2024-04-30T09:37:02.035Z, 159.41487080000002, 430.46536219999996
1714469822065, 2024-04-30T09:37:02.065Z, 158.590035, 418.91774960000004
1714469822080, 2024-04-30T09:37:02.080Z, 165.0156314, 423.9873208
1714469822126, 2024-04-30T09:37:02.126Z, 177.2457318, 434.671
1714469822170, 2024-04-30T09:37:02.170Z, 200.87826180000002, 445.90324840000005
1714469822200, 2024-04-30T09:37:02.200Z, 228.08872279999997, 459.307827
1714469822219, 2024-04-30T09:37:02.219Z, 256.19973719999996, 471.0583772
1714469822260, 2024-04-30T09:37:02.260Z, 271.5295782, 471.4872432
1714469822293, 2024-04-30T09:37:02.293Z, 275.5389028, 469.59389479999993
1714469822324, 2024-04-30T09:37:02.324Z, 259.3639742, 461.0589004
1714469822340, 2024-04-30T09:37:02.340Z, 221.22862700000002, 440.32048580000003
1714469822355, 2024-04-30T09:37:02.355Z, 186.18265620000003, 422.91918960000004
1714469822402, 2024-04-30T09:37:02.402Z, 157.3333806, 413.1861414000001
1714469822443, 2024-04-30T09:37:02.443Z, 136.6400112, 411.39729639999996
1714469823731, 2024-04-30T09:37:03.731Z, 187.64685, 370.4482828
1714469823790, 2024-04-30T09:37:03.790Z, 257.7507788, 339.7198604
1714469825441, 2024-04-30T09:37:05.441Z, 573.0315108000001, 366.15873899999997
1714469825456, 2024-04-30T09:37:05.456Z, 846.0678666, 415.1733966
1714469825515, 2024-04-30T09:37:05.515Z, 1090.5786622, 441.64064899999994
1714469825561, 2024-04-30T09:37:05.561Z, 1271.0131772, 502.7492182
1714469825582, 2024-04-30T09:37:05.582Z, 1459.2936593999998, 574.1717897999999
1714469825594, 2024-04-30T09:37:05.594Z, 1397.6985401999998, 588.3365900000001
1714469825624, 2024-04-30T09:37:05.624Z, 1373.6818106, 572.4804704000001
1714469825640, 2024-04-30T09:37:05.640Z, 1364.1856696, 562.8556808
1714469825671, 2024-04-30T09:37:05.671Z, 1353.9115524000001, 560.4724689999999
1714469825687, 2024-04-30T09:37:05.687Z, 1339.3664572000002, 549.5955804000001
1714469825731, 2024-04-30T09:37:05.731Z, 1312.6807568, 528.205289
1714469825759, 2024-04-30T09:37:05.759Z, 1291.9728544, 511.36634620000007
1714469825774, 2024-04-30T09:37:05.774Z, 1284.435861, 505.6569142
1714469825812, 2024-04-30T09:37:05.812Z, 1286.9225385999998, 495.17928440000003
1714469825827, 2024-04-30T09:37:05.827Z, 1291.9383074, 479.9991698
1714469825859, 2024-04-30T09:37:05.859Z, 1309.826337, 469.24358680000006
1714469825895, 2024-04-30T09:37:05.895Z, 1324.0937698, 459.888779
1714469825910, 2024-04-30T09:37:05.910Z, 1335.5668124, 452.21629680000007
1714469825940, 2024-04-30T09:37:05.940Z, 1338.0641798000001, 451.98853660000003
1714469825954, 2024-04-30T09:37:05.954Z, 1334.594679, 450.97589619999997
1714469825983, 2024-04-30T09:37:05.983Z, 1329.6931144, 455.377211
1714469825999, 2024-04-30T09:37:05.999Z, 1321.8122368, 462.9445912
1714469826031, 2024-04-30T09:37:06.031Z, 1311.1147489999998, 471.12638819999995
1714469826045, 2024-04-30T09:37:06.045Z, 1300.7232654, 480.075588
1714469826076, 2024-04-30T09:37:06.076Z, 1287.5480774, 491.79037619999997
1714469826092, 2024-04-30T09:37:06.092Z, 1276.5008892, 502.92301719999995
1714469826138, 2024-04-30T09:37:06.138Z, 1276.6083566, 511.83188139999993
1714469826178, 2024-04-30T09:37:06.178Z, 1292.436037, 522.7013752
1714469826210, 2024-04-30T09:37:06.210Z, 1308.1385486, 533.2388672
1714469826221, 2024-04-30T09:37:06.221Z, 1329.4361450000001, 538.6328716
1714469826255, 2024-04-30T09:37:06.255Z, 1337.8640636, 533.1664533999999
1714469826266, 2024-04-30T09:37:06.266Z, 1330.120605, 524.0765954
1714469826296, 2024-04-30T09:37:06.296Z, 1296.1232272000002, 505.9584191999999
1714469826342, 2024-04-30T09:37:06.342Z, 1258.6847624000002, 489.3973576
1714469826356, 2024-04-30T09:37:06.356Z, 1213.1394352000002, 482.30509219999993
1714469826387, 2024-04-30T09:37:06.387Z, 1179.422551, 484.3359318000001
1714469826403, 2024-04-30T09:37:06.403Z, 1156.2553266, 488.5247002
1714469826434, 2024-04-30T09:37:06.434Z, 1145.6065542000001, 494.57441020000005
1714469826449, 2024-04-30T09:37:06.449Z, 1136.7885992, 496.9427658000001
1714469826478, 2024-04-30T09:37:06.478Z, 1133.7193791999998, 496.2519968
1714469826491, 2024-04-30T09:37:06.491Z, 1132.2379129999997, 498.43966659999995
1714469826526, 2024-04-30T09:37:06.526Z, 1132.571188, 494.774716
1714469826541, 2024-04-30T09:37:06.541Z, 1134.7254337999998, 491.1251324000001
1714469826572, 2024-04-30T09:37:06.572Z, 1139.1662913999999, 491.89175880000005
1714469826587, 2024-04-30T09:37:06.587Z, 1144.515237, 497.543686
1714469826631, 2024-04-30T09:37:06.631Z, 1156.0354882, 502.0258152
1714469826656, 2024-04-30T09:37:06.656Z, 1172.0165532, 511.358073
1714469826675, 2024-04-30T09:37:06.675Z, 1199.9206259999999, 525.5212459999999
1714469826701, 2024-04-30T09:37:06.701Z, 1230.2382006, 535.5422447999999
1714469826716, 2024-04-30T09:37:06.716Z, 1262.1194534, 540.4345040000001
1714469826746, 2024-04-30T09:37:06.746Z, 1291.7013676000001, 543.1997257999999
1714469826791, 2024-04-30T09:37:06.791Z, 1317.4453052000001, 544.6061311999999
1714469826806, 2024-04-30T09:37:06.806Z, 1331.1991952, 542.0312344
1714469826837, 2024-04-30T09:37:06.837Z, 1341.0916668, 538.2756562
1714469826852, 2024-04-30T09:37:06.852Z, 1347.9693234000001, 534.4125712
1714469826883, 2024-04-30T09:37:06.883Z, 1348.2554243999998, 530.686847
1714469826898, 2024-04-30T09:37:06.898Z, 1337.9053586, 524.1793872
1714469826946, 2024-04-30T09:37:06.946Z, 1327.0918402000002, 519.7015137999999
1714469826977, 2024-04-30T09:37:06.977Z, 1323.290833, 522.0653872
1714469826992, 2024-04-30T09:37:06.992Z, 1318.4136738000002, 523.4604848
1714469827024, 2024-04-30T09:37:07.024Z, 1318.5838392, 537.9108306
1714469827039, 2024-04-30T09:37:07.039Z, 1327.0161668, 562.0260572
1714469827078, 2024-04-30T09:37:07.078Z, 1333.9332766, 584.8488178
1714469827106, 2024-04-30T09:37:07.106Z, 1300.3799992, 592.596207
1714469827122, 2024-04-30T09:37:07.122Z, 1271.8997296000002, 597.5815713999999
1714469827155, 2024-04-30T09:37:07.155Z, 1236.2273824, 589.78153
1714469827166, 2024-04-30T09:37:07.166Z, 1194.4193836000002, 576.660078
1714469827197, 2024-04-30T09:37:07.197Z, 1151.6552924, 563.638939
1714469827241, 2024-04-30T09:37:07.241Z, 1139.0577124, 555.2717466
1714469827256, 2024-04-30T09:37:07.256Z, 1123.3075044000002, 550.482513
1714469827302, 2024-04-30T09:37:07.302Z, 1117.0212503999996, 544.1261064
1714469827333, 2024-04-30T09:37:07.333Z, 1122.4660056, 534.387401
1714469827349, 2024-04-30T09:37:07.349Z, 1131.035071, 523.5230027999999
1714469827381, 2024-04-30T09:37:07.381Z, 1143.0804825999999, 516.253701
1714469827396, 2024-04-30T09:37:07.396Z, 1154.1619642, 509.73165099999994
1714469827427, 2024-04-30T09:37:07.427Z, 1159.1498156, 515.5376834000001
1714469827442, 2024-04-30T09:37:07.442Z, 1158.5378294, 524.6575632
1714469827474, 2024-04-30T09:37:07.474Z, 1151.1086407999999, 535.1029374000001
1714469827489, 2024-04-30T09:37:07.489Z, 1145.6499867999999, 548.6589794
1714469827534, 2024-04-30T09:37:07.534Z, 1139.5072447999999, 573.9103534
1714469827557, 2024-04-30T09:37:07.557Z, 1138.5612328, 609.0721578
1714469827572, 2024-04-30T09:37:07.572Z, 1140.1207204, 644.2092254
1714469827584, 2024-04-30T09:37:07.584Z, 1151.5525766, 678.0425656
1714469827601, 2024-04-30T09:37:07.601Z, 1158.81843, 715.6306144
1714469827615, 2024-04-30T09:37:07.615Z, 1168.2913088, 739.8985464
1714469827649, 2024-04-30T09:37:07.649Z, 1174.0963436, 742.3308043999999
1714469827674, 2024-04-30T09:37:07.674Z, 1177.7567508, 743.8359526
1714469827690, 2024-04-30T09:37:07.690Z, 1176.1253198, 745.6750863999999
1714469827707, 2024-04-30T09:37:07.707Z, 1178.714998, 744.0022446
1714469827736, 2024-04-30T09:37:07.736Z, 1177.5471166000002, 742.7185124
1714469827750, 2024-04-30T09:37:07.750Z, 1173.7287924, 741.4687478
1714469827763, 2024-04-30T09:37:07.763Z, 1170.2999115999999, 737.8893883999999
1714469827780, 2024-04-30T09:37:07.780Z, 1170.3073904, 733.8494868
1714469827796, 2024-04-30T09:37:07.796Z, 1172.8646746, 728.9605844
1714469827831, 2024-04-30T09:37:07.831Z, 1179.8095636, 723.7903348
1714469827847, 2024-04-30T09:37:07.847Z, 1188.6358610000002, 718.9600478
1714469827878, 2024-04-30T09:37:07.878Z, 1197.4530102, 715.353472
1714469827893, 2024-04-30T09:37:07.893Z, 1203.5934438, 712.8220688
1714469827925, 2024-04-30T09:37:07.925Z, 1205.3267176000002, 712.6142112
1714469827941, 2024-04-30T09:37:07.941Z, 1201.3631264, 713.0601192
1714469827978, 2024-04-30T09:37:07.978Z, 1198.2339554000002, 715.3851944
1714469828006, 2024-04-30T09:37:08.006Z, 1194.1295172000002, 717.7098798
1714469828021, 2024-04-30T09:37:08.021Z, 1191.0809164, 720.1485484
1714469828035, 2024-04-30T09:37:08.035Z, 1184.8468368, 720.7722556
1714469828050, 2024-04-30T09:37:08.050Z, 1180.7051956, 722.7264222
1714469828066, 2024-04-30T09:37:08.066Z, 1172.574001, 724.4793692
1714469828083, 2024-04-30T09:37:08.083Z, 1163.5550921999998, 728.406799
1714469828097, 2024-04-30T09:37:08.097Z, 1152.0609362, 733.6211020000001
1714469828124, 2024-04-30T09:37:08.124Z, 1129.5151698, 751.7292596000001
1714469828141, 2024-04-30T09:37:08.141Z, 1107.6143686, 769.4585148
1714469828156, 2024-04-30T09:37:08.156Z, 1088.2164912, 785.2751114000001
1714469828186, 2024-04-30T09:37:08.186Z, 1085.7156808, 781.663227
1714469828201, 2024-04-30T09:37:08.201Z, 1088.605748, 774.0150538
1714469828213, 2024-04-30T09:37:08.213Z, 1102.2205496, 756.2709153999999
1714469828230, 2024-04-30T09:37:08.230Z, 1116.9059626, 738.0236563999999
1714469828245, 2024-04-30T09:37:08.245Z, 1130.4159782000002, 722.9922878
1714469828276, 2024-04-30T09:37:08.276Z, 1128.9881507999999, 726.299442
1714469828290, 2024-04-30T09:37:08.290Z, 1126.8346129999998, 731.7968932
1714469828320, 2024-04-30T09:37:08.320Z, 1130.8818424, 737.9074992
1714469828335, 2024-04-30T09:37:08.335Z, 1136.0361924000001, 741.4197174
1714469828365, 2024-04-30T09:37:08.365Z, 1144.6196366000001, 744.3753372
1714469828385, 2024-04-30T09:37:08.385Z, 1156.723644, 746.4311042
1714469828431, 2024-04-30T09:37:08.431Z, 1177.0526982, 743.8614814
1714469828439, 2024-04-30T09:37:08.439Z, 1201.8346244, 736.5276614
1714469828456, 2024-04-30T09:37:08.456Z, 1220.6780954, 735.052431
1714469828472, 2024-04-30T09:37:08.472Z, 1238.3744754, 729.9547537999999
1714469828486, 2024-04-30T09:37:08.486Z, 1252.8242876, 722.3149838
1714469828501, 2024-04-30T09:37:08.501Z, 1256.9681501999999, 719.7285232
1714469828516, 2024-04-30T09:37:08.516Z, 1261.516333, 722.0105562
1714469828532, 2024-04-30T09:37:08.532Z, 1270.1689842, 720.0013194
1714469828547, 2024-04-30T09:37:08.547Z, 1279.3345047999999, 718.1512014
1714469828590, 2024-04-30T09:37:08.590Z, 1289.3775408000001, 721.501707
1714469828610, 2024-04-30T09:37:08.610Z, 1296.2820302, 723.7720793999999
1714469828625, 2024-04-30T09:37:08.625Z, 1294.0921486000002, 720.1228752
1714469828641, 2024-04-30T09:37:08.641Z, 1291.0429116, 716.6020068
1714469828658, 2024-04-30T09:37:08.658Z, 1285.0545172, 713.8430574
1714469828673, 2024-04-30T09:37:08.673Z, 1278.6003660000001, 710.9033024
1714469828688, 2024-04-30T09:37:08.688Z, 1254.8243073999997, 719.4971816
1714469828704, 2024-04-30T09:37:08.704Z, 1226.1701926, 731.3071798
1714469828730, 2024-04-30T09:37:08.730Z, 1195.5801142, 744.8890177999999
1714469828743, 2024-04-30T09:37:08.743Z, 1166.5619942, 756.611072
1714469828755, 2024-04-30T09:37:08.755Z, 1136.691546, 765.2994100000001
1714469828773, 2024-04-30T09:37:08.773Z, 1126.7067568, 762.2109748
1714469828789, 2024-04-30T09:37:08.789Z, 1127.7560681999998, 750.6685632
1714469828802, 2024-04-30T09:37:08.802Z, 1133.2041637999998, 734.9027245999999
1714469828818, 2024-04-30T09:37:08.818Z, 1138.9156354000002, 720.6637705999999
1714469828844, 2024-04-30T09:37:08.844Z, 1139.9609652, 710.2229582
1714469828860, 2024-04-30T09:37:08.860Z, 1143.798203, 701.062199
1714469828879, 2024-04-30T09:37:08.879Z, 1144.1836432, 699.2594684
1714469828892, 2024-04-30T09:37:08.892Z, 1143.9440330000002, 700.409009
1714469828909, 2024-04-30T09:37:08.909Z, 1142.0817988000001, 701.542317
1714469828924, 2024-04-30T09:37:08.924Z, 1144.804885, 698.5301936
1714469828940, 2024-04-30T09:37:08.940Z, 1144.942218, 694.4322881999999
1714469828956, 2024-04-30T09:37:08.956Z, 1147.8928346, 690.0081352
1714469828971, 2024-04-30T09:37:08.971Z, 1151.86247, 686.1468106
1714469828987, 2024-04-30T09:37:08.987Z, 1157.1463171999999, 682.8319136
1714469829002, 2024-04-30T09:37:09.002Z, 1163.4540026, 683.3923432
1714469829027, 2024-04-30T09:37:09.027Z, 1171.2775067999999, 685.4175740000001
1714469829048, 2024-04-30T09:37:09.048Z, 1175.7605508000001, 688.4096514
1714469829064, 2024-04-30T09:37:09.064Z, 1180.4172934, 693.2213408
1714469829094, 2024-04-30T09:37:09.094Z, 1185.0405634, 698.3925476
1714469829110, 2024-04-30T09:37:09.110Z, 1187.7787939999998, 702.8919226
1714469829141, 2024-04-30T09:37:09.141Z, 1188.3429526000002, 707.9675162
1714469829157, 2024-04-30T09:37:09.157Z, 1189.5271618, 713.1307414
1714469829180, 2024-04-30T09:37:09.180Z, 1175.8391127999998, 712.3350579999999
1714469829194, 2024-04-30T09:37:09.194Z, 1160.5407034, 708.5799
1714469829205, 2024-04-30T09:37:09.205Z, 1147.5562462000003, 701.8707963999999
1714469829224, 2024-04-30T09:37:09.224Z, 1135.1737547999999, 694.1630799999999
1714469829250, 2024-04-30T09:37:09.250Z, 1120.2574736000001, 686.4349204000001
1714469829282, 2024-04-30T09:37:09.282Z, 1118.3220542, 682.341835
1714469829298, 2024-04-30T09:37:09.298Z, 1118.466963, 680.5966998
1714469829335, 2024-04-30T09:37:09.335Z, 1121.9318085999998, 681.8795382
1714469829358, 2024-04-30T09:37:09.358Z, 1125.9420768, 684.1244236
1714469829374, 2024-04-30T09:37:09.374Z, 1132.0410896, 685.712392
1714469829405, 2024-04-30T09:37:09.405Z, 1137.2934297999998, 689.3492752
1714469829421, 2024-04-30T09:37:09.421Z, 1141.2815828, 693.3275379999999
1714469829437, 2024-04-30T09:37:09.437Z, 1139.8379174, 695.537686
1714469829453, 2024-04-30T09:37:09.453Z, 1138.5373046, 696.3795318
1714469829494, 2024-04-30T09:37:09.494Z, 1136.8137494, 695.9738162
1714469829509, 2024-04-30T09:37:09.509Z, 1137.4232100000002, 693.8717300000001
1714469829539, 2024-04-30T09:37:09.539Z, 1138.2455576, 694.0694974
1714469829555, 2024-04-30T09:37:09.555Z, 1139.206702, 694.8762337999999
1714469829567, 2024-04-30T09:37:09.567Z, 1140.0664382, 695.1586116
1714469829585, 2024-04-30T09:37:09.585Z, 1140.6616223999997, 696.9707922
1714469829599, 2024-04-30T09:37:09.599Z, 1137.1189160000001, 700.9496302
1714469829626, 2024-04-30T09:37:09.626Z, 1133.0681606, 703.2253722
1714469829641, 2024-04-30T09:37:09.641Z, 1129.1854994, 705.5347476000001
1714469829671, 2024-04-30T09:37:09.671Z, 1124.2095937999998, 708.6229124000001
1714469829687, 2024-04-30T09:37:09.687Z, 1119.1969331999999, 710.9617116000001
1714469829703, 2024-04-30T09:37:09.703Z, 1118.3199028, 711.5168234
1714469829718, 2024-04-30T09:37:09.718Z, 1119.5168528, 711.5044366
1714469829733, 2024-04-30T09:37:09.733Z, 1119.794218, 711.3198017999999
1714469829748, 2024-04-30T09:37:09.748Z, 1122.2565748, 710.3807249999999
1714469829776, 2024-04-30T09:37:09.776Z, 1125.7463739999998, 710.2985742
1714469829787, 2024-04-30T09:37:09.787Z, 1126.929884, 712.3477804
1714469829806, 2024-04-30T09:37:09.806Z, 1126.8472444000001, 712.6463146
1714469829820, 2024-04-30T09:37:09.820Z, 1128.0681828, 711.5445870000001
1714469829850, 2024-04-30T09:37:09.850Z, 1125.5920186, 715.996441
1714469829865, 2024-04-30T09:37:09.865Z, 1121.91033, 720.7126260000001
1714469829895, 2024-04-30T09:37:09.895Z, 1121.354976, 721.1088948
1714469829940, 2024-04-30T09:37:09.940Z, 1120.3649592, 721.1519973999999
1714469829955, 2024-04-30T09:37:09.956Z, 1118.363855, 719.2153104
1714469829991, 2024-04-30T09:37:09.991Z, 1120.5703482, 718.9746602
1714469830000, 2024-04-30T09:37:10.000Z, 1124.9968388, 715.1161154
1714469830031, 2024-04-30T09:37:10.031Z, 1128.1722691999998, 713.0859394
1714469830045, 2024-04-30T09:37:10.045Z, 1130.5378122, 711.9197902
1714469830076, 2024-04-30T09:37:10.076Z, 1134.3201986, 713.2824858000001
1714469830091, 2024-04-30T09:37:10.091Z, 1137.329276, 707.8687428000001
1714469830107, 2024-04-30T09:37:10.107Z, 1140.4395197999997, 706.3921294
1714469830122, 2024-04-30T09:37:10.122Z, 1142.6009638, 704.4297813999999
1714469830140, 2024-04-30T09:37:10.140Z, 1144.9768867999999, 703.6476632
1714469830169, 2024-04-30T09:37:10.169Z, 1145.544988, 705.0170876
1714469830184, 2024-04-30T09:37:10.184Z, 1143.3205362, 708.6750488
1714469830227, 2024-04-30T09:37:10.227Z, 1132.2688396, 717.4126211999999
1714469830261, 2024-04-30T09:37:10.261Z, 1122.183272, 726.1106358
1714469830276, 2024-04-30T09:37:10.276Z, 1118.1603822, 731.2448717999999
1714469830308, 2024-04-30T09:37:10.308Z, 1115.9301238, 732.644477
1714469830324, 2024-04-30T09:37:10.324Z, 1114.9435085999999, 732.0462795999999
1714469830356, 2024-04-30T09:37:10.356Z, 1121.7390906, 726.0685904
1714469830373, 2024-04-30T09:37:10.373Z, 1128.701388, 721.0331656000001
1714469830402, 2024-04-30T09:37:10.402Z, 1134.6247337999998, 717.4790312
1714469830419, 2024-04-30T09:37:10.419Z, 1137.4654682, 724.279204
1714469830434, 2024-04-30T09:37:10.434Z, 1147.0616918, 733.9406214
1714469830450, 2024-04-30T09:37:10.450Z, 1172.5023664, 748.5871846
1714469830465, 2024-04-30T09:37:10.465Z, 1228.4627192, 771.2282116
1714469830481, 2024-04-30T09:37:10.481Z, 1294.8914018, 798.5175104
1714469830496, 2024-04-30T09:37:10.496Z, 1367.9057411999997, 818.7154302
1714469830527, 2024-04-30T09:37:10.527Z, 1428.9605514, 834.7201951999999
1714469830542, 2024-04-30T09:37:10.542Z, 1472.1975091999998, 845.0483693999998
1714469830558, 2024-04-30T09:37:10.558Z, 1482.957446, 847.0547466
1714469830574, 2024-04-30T09:37:10.574Z, 1483.6688854, 849.1135686
1714469830589, 2024-04-30T09:37:10.589Z, 1480.5369348, 850.2779772
1714469830605, 2024-04-30T09:37:10.605Z, 1481.7394588, 847.5491002000001
1714469830621, 2024-04-30T09:37:10.621Z, 1485.964999, 844.7620744
1714469830637, 2024-04-30T09:37:10.637Z, 1492.8869466, 841.9584112
1714469830653, 2024-04-30T09:37:10.653Z, 1495.0435544, 830.7163053999999
1714469830676, 2024-04-30T09:37:10.676Z, 1498.0676042, 822.8699410000002
1714469830706, 2024-04-30T09:37:10.706Z, 1503.6408336, 824.6408684
1714469830720, 2024-04-30T09:37:10.720Z, 1510.172471, 828.2461968
1714469830755, 2024-04-30T09:37:10.755Z, 1513.799495, 833.2669837999999
1714469830765, 2024-04-30T09:37:10.765Z, 1516.6837093999998, 845.7194698
1714469830779, 2024-04-30T09:37:10.779Z, 1519.8289912, 853.673137