1714470049086, 2024-04-30T09:40:49.086Z, 110.728212, 805.141855
1714470049674, 2024-04-30T09:40:49.674Z, 104.8941625, 431.0976985
1714470049778, 2024-04-30T09:40:49.778Z, 80.565157, 421.617152
1714470049820, 2024-04-30T09:40:49.820Z, 129.78846475, 406.28367625
1714470049849, 2024-04-30T09:40:49.849Z, 193.8140086, 396.10690839999995
1714470049864, 2024-04-30T09:40:49.864Z, 273.8912268, 308.2398718
1714470049898, 2024-04-30T09:40:49.898Z, 352.80824259999997, 374.06876
1714470049943, 2024-04-30T09:40:49.943Z, 417.4552428, 385.9821766
1714470049987, 2024-04-30T09:40:49.987Z, 433.74577680000004, 405.97100040000004
1714470050048, 2024-04-30T09:40:50.048Z, 412.3430722, 420.680034
1714470050079, 2024-04-30T09:40:50.079Z, 373.90007940000004, 432.7464976
1714470050167, 2024-04-30T09:40:50.167Z, 313.45057080000004, 433.22274719999996
1714470050214, 2024-04-30T09:40:50.214Z, 273.952536, 455.36336759999995
1714470050227, 2024-04-30T09:40:50.227Z, 237.7476886, 470.33679699999993
1714470050275, 2024-04-30T09:40:50.275Z, 213.91140060000004, 481.20289779999996
1714470050304, 2024-04-30T09:40:50.304Z, 220.80223300000003, 493.688164
1714470050319, 2024-04-30T09:40:50.319Z, 251.67113420000004, 510.02205540000006
1714470050361, 2024-04-30T09:40:50.361Z, 292.73903600000006, 488.88237799999996
1714470050454, 2024-04-30T09:40:50.454Z, 329.762206, 467.34916860000004
1714470050485, 2024-04-30T09:40:50.485Z, 358.10470999999995, 475.1898406
1714470050501, 2024-04-30T09:40:50.501Z, 320.3837062, 495.086481
1714470050532, 2024-04-30T09:40:50.532Z, 282.681446, 515.1029424000001
1714470050547, 2024-04-30T09:40:50.547Z, 261.89439759999993, 527.7882754
1714470050613, 2024-04-30T09:40:50.613Z, 262.3987592, 528.6501658
1714470050629, 2024-04-30T09:40:50.629Z, 266.7923488, 507.48621160000005
1714470050658, 2024-04-30T09:40:50.658Z, 317.34592979999996, 475.9012428
1714470050720, 2024-04-30T09:40:50.720Z, 362.2439406, 447.1774302
1714470050749, 2024-04-30T09:40:50.749Z, 383.4498152, 421.9768924
1714470050765, 2024-04-30T09:40:50.765Z, 387.97640739999997, 416.35218580000003
1714470050883, 2024-04-30T09:40:50.883Z, 405.3155428, 409.3530444
1714470050929, 2024-04-30T09:40:50.929Z, 413.116151, 407.6242826000001
1714470050943, 2024-04-30T09:40:50.943Z, 430.6950868, 406.82477520000003
1714470050974, 2024-04-30T09:40:50.974Z, 448.894705, 411.103847
1714470050989, 2024-04-30T09:40:50.989Z, 465.05938719999995, 414.362303
1714470051020, 2024-04-30T09:40:51.020Z, 455.2076792, 413.49342379999996
1714470051034, 2024-04-30T09:40:51.034Z, 454.38210419999996, 407.25202779999995
1714470051063, 2024-04-30T09:40:51.063Z, 450.53292459999994, 401.29144859999997
1714470051111, 2024-04-30T09:40:51.111Z, 424.64077280000004, 396.4583374
1714470051127, 2024-04-30T09:40:51.127Z, 407.0394366, 392.95559420000006
1714470051174, 2024-04-30T09:40:51.174Z, 420.275229, 395.0160586
1714470051202, 2024-04-30T09:40:51.202Z, 415.92007779999994, 398.58556059999995
1714470051217, 2024-04-30T09:40:51.217Z, 422.2145574, 398.9159412
1714470051248, 2024-04-30T09:40:51.248Z, 438.3473532, 401.332455
1714470051264, 2024-04-30T09:40:51.264Z, 457.2291606, 400.3735442
1714470051295, 2024-04-30T09:40:51.295Z, 437.6890906, 402.4232038
1714470051337, 2024-04-30T09:40:51.337Z, 424.2035690000001, 399.459138
1714470051352, 2024-04-30T09:40:51.352Z, 417.45807080000003, 398.3404272
1714470051385, 2024-04-30T09:40:51.385Z, 420.21396960000004, 403.302659
1714470051397, 2024-04-30T09:40:51.397Z, 424.63831719999996, 407.4122934
1714470051427, 2024-04-30T09:40:51.427Z, 450.68818820000007, 410.33493660000005
1714470051442, 2024-04-30T09:40:51.442Z, 495.3923476, 408.1552022
1714470051516, 2024-04-30T09:40:51.516Z, 530.3858502, 398.74529720000004
1714470051532, 2024-04-30T09:40:51.532Z, 561.0132002, 392.45761360000006
1714470051561, 2024-04-30T09:40:51.561Z, 579.748765, 391.96463759999995
1714470051577, 2024-04-30T09:40:51.577Z, 598.0013514, 390.8252056
1714470051785, 2024-04-30T09:40:51.785Z, 595.9319434, 390.7969566
1714470051800, 2024-04-30T09:40:51.800Z, 599.259735, 394.2492916
1714470051830, 2024-04-30T09:40:51.830Z, 610.072451, 385.1226952
1714470051845, 2024-04-30T09:40:51.845Z, 621.1040764, 379.8952478
1714470051875, 2024-04-30T09:40:51.875Z, 617.5645792, 372.9888878
1714470051893, 2024-04-30T09:40:51.893Z, 627.0006608000001, 371.8767388
1714470051925, 2024-04-30T09:40:51.925Z, 609.8476048, 376.88204239999993
1714470051938, 2024-04-30T09:40:51.938Z, 588.81042, 382.3428978
1714470051965, 2024-04-30T09:40:51.965Z, 566.9995382, 385.65155859999993
1714470051982, 2024-04-30T09:40:51.982Z, 574.7303438, 389.29813019999995
1714470052010, 2024-04-30T09:40:52.010Z, 578.3140518, 391.8429148
1714470052026, 2024-04-30T09:40:52.026Z, 594.9003454000001, 392.24197460000005
1714470052072, 2024-04-30T09:40:52.072Z, 662.2826444, 371.38827420000007
1714470052116, 2024-04-30T09:40:52.116Z, 704.6121735999999, 358.16727860000003
1714470052146, 2024-04-30T09:40:52.146Z, 719.8974148, 370.1234624
1714470052161, 2024-04-30T09:40:52.161Z, 738.4689358, 385.2875452
1714470052191, 2024-04-30T09:40:52.191Z, 759.0096396000001, 407.2482951999999
1714470052236, 2024-04-30T09:40:52.236Z, 735.992027, 451.6108204
1714470052250, 2024-04-30T09:40:52.250Z, 733.3160347999999, 483.95471580000003
1714470052281, 2024-04-30T09:40:52.281Z, 675.2696268000001, 499.9226688
1714470052296, 2024-04-30T09:40:52.296Z, 616.0985390000001, 512.8574378000001
1714470052326, 2024-04-30T09:40:52.326Z, 546.4629921999999, 519.9978644
1714470052370, 2024-04-30T09:40:52.370Z, 424.7683228000001, 526.2970994
1714470052384, 2024-04-30T09:40:52.384Z, 321.94619520000003, 537.5278968
1714470052414, 2024-04-30T09:40:52.414Z, 273.6580988, 544.9598106000001
1714470052429, 2024-04-30T09:40:52.429Z, 229.0679894, 553.1528204
1714470052460, 2024-04-30T09:40:52.460Z, 193.0501132, 562.6564108
1714470052476, 2024-04-30T09:40:52.476Z, 212.15279920000003, 573.1671576
1714470052523, 2024-04-30T09:40:52.523Z, 203.4122438, 579.339411
1714470052554, 2024-04-30T09:40:52.554Z, 198.46278580000003, 579.8286392
1714470052569, 2024-04-30T09:40:52.569Z, 188.280462, 579.3755518
1714470052601, 2024-04-30T09:40:52.601Z, 174.16551600000003, 574.9574918000001
1714470052617, 2024-04-30T09:40:52.617Z, 161.8845154, 568.7042092
1714470052647, 2024-04-30T09:40:52.647Z, 158.051735, 565.3451213999999
1714470052695, 2024-04-30T09:40:52.695Z, 161.7437752, 567.9286658
1714470052710, 2024-04-30T09:40:52.710Z, 175.4115274, 575.6563494
1714470052742, 2024-04-30T09:40:52.742Z, 194.77021359999998, 583.8246636
1714470052757, 2024-04-30T09:40:52.757Z, 217.841736, 595.6246856
1714470052788, 2024-04-30T09:40:52.788Z, 244.37942119999997, 603.5491145999999
1714470052821, 2024-04-30T09:40:52.821Z, 268.5321928, 604.9250558
1714470052836, 2024-04-30T09:40:52.836Z, 281.9190344, 598.640861
1714470052868, 2024-04-30T09:40:52.868Z, 288.4337852, 593.0395963999999
1714470052882, 2024-04-30T09:40:52.882Z, 283.89336579999997, 582.3196418
1714470052914, 2024-04-30T09:40:52.914Z, 271.358821, 571.7691664
1714470052930, 2024-04-30T09:40:52.930Z, 249.58350199999995, 567.20453
1714470053007, 2024-04-30T09:40:53.007Z, 215.6956322, 564.2717108
1714470053023, 2024-04-30T09:40:53.023Z, 187.2781174, 561.6226954
1714470053054, 2024-04-30T09:40:53.054Z, 138.3127152, 553.7261096
1714470053102, 2024-04-30T09:40:53.102Z, 99.30346140000002, 547.3437268
1714470053150, 2024-04-30T09:40:53.150Z, 86.5691956, 548.1481682
1714470053165, 2024-04-30T09:40:53.165Z, 87.6445782, 555.3123484
1714470053197, 2024-04-30T09:40:53.197Z, 85.6046794, 562.614304
1714470053213, 2024-04-30T09:40:53.213Z, 86.53530140000001, 569.1611306000001
1714470053228, 2024-04-30T09:40:53.228Z, 83.62241900000001, 573.1278408
1714470053244, 2024-04-30T09:40:53.244Z, 74.374232, 573.5672791999999
1714470053272, 2024-04-30T09:40:53.272Z, 55.819852600000004, 566.8087202
1714470053286, 2024-04-30T09:40:53.286Z, 49.6861002, 564.978221
1714470053324, 2024-04-30T09:40:53.324Z, 53.820589600000005, 565.9422588
1714470053340, 2024-04-30T09:40:53.340Z, 68.2682942, 568.5542828
1714470053372, 2024-04-30T09:40:53.372Z, 65.5741814, 563.7046184
1714470053388, 2024-04-30T09:40:53.388Z, 78.1510122, 562.8911422
1714470053423, 2024-04-30T09:40:53.423Z, 75.521802, 555.0614274
1714470053452, 2024-04-30T09:40:53.452Z, 72.1403882, 547.7617162
1714470053467, 2024-04-30T09:40:53.467Z, 65.88792500000001, 543.990587
1714470053498, 2024-04-30T09:40:53.498Z, 67.0941956, 543.4634864
1714470053514, 2024-04-30T09:40:53.514Z, 58.51233420000001, 540.3018938
1714470053545, 2024-04-30T09:40:53.545Z, 81.02175059999999, 550.0748127999999
1714470053586, 2024-04-30T09:40:53.586Z, 104.18269380000001, 560.1753286
1714470053600, 2024-04-30T09:40:53.600Z, 99.1445142, 553.4973974
1714470053631, 2024-04-30T09:40:53.631Z, 100.947294, 549.8196992
1714470053646, 2024-04-30T09:40:53.646Z, 103.2635898, 545.6265866000001
1714470053676, 2024-04-30T09:40:53.676Z, 93.36830419999998, 538.443177
1714470053691, 2024-04-30T09:40:53.691Z, 89.6299314, 532.1638682
1714470053722, 2024-04-30T09:40:53.722Z, 122.7988958, 550.7578718
1714470053765, 2024-04-30T09:40:53.765Z, 166.4285008, 576.7390066
1714470053810, 2024-04-30T09:40:53.810Z, 221.01942680000002, 609.7828046
1714470053840, 2024-04-30T09:40:53.840Z, 258.41076940000005, 635.9636584
1714470053886, 2024-04-30T09:40:53.886Z, 296.7792458, 660.2870823999999
1714470053902, 2024-04-30T09:40:53.902Z, 319.5143816, 672.7582896
1714470053918, 2024-04-30T09:40:53.918Z, 320.435384, 673.8733976000001
1714470053949, 2024-04-30T09:40:53.949Z, 306.6614928, 668.574057
1714470053963, 2024-04-30T09:40:53.963Z, 289.1419704, 661.9491928
1714470053994, 2024-04-30T09:40:53.994Z, 274.48972979999996, 660.3964685999999
1714470054035, 2024-04-30T09:40:54.035Z, 268.8245872, 662.522385
1714470054051, 2024-04-30T09:40:54.051Z, 266.88481220000006, 665.1080086
1714470054125, 2024-04-30T09:40:54.125Z, 280.8261548, 673.9237117999999
1714470054141, 2024-04-30T09:40:54.141Z, 302.379623, 682.5845391999999
1714470054171, 2024-04-30T09:40:54.171Z, 320.7602738, 689.7323934
1714470054186, 2024-04-30T09:40:54.186Z, 330.0667168, 693.303574
1714470054215, 2024-04-30T09:40:54.215Z, 336.14132520000004, 693.7705229999999
1714470054323, 2024-04-30T09:40:54.323Z, 333.9987198, 686.7915564
1714470054352, 2024-04-30T09:40:54.352Z, 319.53985680000005, 675.7285463999999
1714470054368, 2024-04-30T09:40:54.368Z, 307.91301839999994, 665.8335224
1714470054399, 2024-04-30T09:40:54.399Z, 292.85368320000003, 651.6673286
1714470054444, 2024-04-30T09:40:54.444Z, 267.668613, 634.8611017999999
1714470054487, 2024-04-30T09:40:54.487Z, 233.35561560000002, 618.6775594
1714470054503, 2024-04-30T09:40:54.503Z, 212.453408, 607.832581
1714470054532, 2024-04-30T09:40:54.532Z, 214.3853736, 614.7242834
1714470054577, 2024-04-30T09:40:54.577Z, 227.833457, 631.4373736
1714470054620, 2024-04-30T09:40:54.620Z, 256.1386124, 655.9580578
1714470054635, 2024-04-30T09:40:54.635Z, 290.3018516, 682.118077
1714470054665, 2024-04-30T09:40:54.665Z, 318.94692560000004, 706.3482286
1714470054689, 2024-04-30T09:40:54.689Z, 322.74198559999996, 711.898055
1714470054718, 2024-04-30T09:40:54.718Z, 316.4475354, 713.1758497999999
1714470054801, 2024-04-30T09:40:54.801Z, 305.5789558, 715.4426938
1714470054817, 2024-04-30T09:40:54.817Z, 277.1255804, 717.0937306
1714470054846, 2024-04-30T09:40:54.846Z, 237.1987846, 711.4235190000002
1714470054863, 2024-04-30T09:40:54.863Z, 194.49489979999998, 703.5303656000001
1714470054899, 2024-04-30T09:40:54.899Z, 156.22674440000003, 694.2385358
1714470054938, 2024-04-30T09:40:54.938Z, 122.3753836, 682.6041511999999
1714470054954, 2024-04-30T09:40:54.954Z, 103.6866138, 669.8786176
1714470054985, 2024-04-30T09:40:54.985Z, 100.0986612, 656.6491346
1714470054999, 2024-04-30T09:40:54.999Z, 101.04263119999999, 645.1228004
1714470055030, 2024-04-30T09:40:55.030Z, 99.89435280000001, 633.5780396
1714470055045, 2024-04-30T09:40:55.045Z, 96.7886754, 620.7718228000001
1714470055092, 2024-04-30T09:40:55.092Z, 102.3060854, 616.8632004
1714470055107, 2024-04-30T09:40:55.107Z, 108.8419598, 622.4150050000001
1714470055123, 2024-04-30T09:40:55.123Z, 118.37299699999998, 627.1477090000001
1714470055138, 2024-04-30T09:40:55.138Z, 131.2879026, 631.1971496
1714470055169, 2024-04-30T09:40:55.169Z, 145.218307, 631.6207342
1714470055222, 2024-04-30T09:40:55.222Z, 152.0110152, 618.9154508
1714470055249, 2024-04-30T09:40:55.249Z, 159.8394562, 605.7430396000001
1714470055294, 2024-04-30T09:40:55.294Z, 164.0769678, 586.1172894
1714470055311, 2024-04-30T09:40:55.311Z, 165.3918236, 567.0274764
1714470055340, 2024-04-30T09:40:55.340Z, 171.705383, 554.4857044
1714470055386, 2024-04-30T09:40:55.386Z, 160.732942, 543.6655239999999
1714470055401, 2024-04-30T09:40:55.401Z, 149.5613948, 533.4578744
1714470055432, 2024-04-30T09:40:55.432Z, 137.238506, 531.4966006000001
1714470055447, 2024-04-30T09:40:55.447Z, 138.3070608, 533.0399136
1714470055478, 2024-04-30T09:40:55.478Z, 131.5326704, 533.149562
1714470055493, 2024-04-30T09:40:55.493Z, 153.8864508, 542.9238176000001
1714470055519, 2024-04-30T09:40:55.519Z, 174.9837058, 554.1347164
1714470055533, 2024-04-30T09:40:55.533Z, 198.89608120000003, 566.7714917999999
1714470055564, 2024-04-30T09:40:55.564Z, 190.69419200000002, 566.3319859999999
1714470055578, 2024-04-30T09:40:55.579Z, 181.20039379999997, 562.6626699999999
1714470055609, 2024-04-30T09:40:55.609Z, 162.8858876, 550.5611672
1714470055623, 2024-04-30T09:40:55.623Z, 147.77054160000003, 538.5520446
1714470055670, 2024-04-30T09:40:55.670Z, 145.40622660000002, 522.2114864
1714470055698, 2024-04-30T09:40:55.698Z, 163.53769119999998, 509.2969304
1714470055714, 2024-04-30T09:40:55.714Z, 188.3711082, 493.1045438
1714470055743, 2024-04-30T09:40:55.743Z, 208.21582399999997, 479.88484520000003
1714470055759, 2024-04-30T09:40:55.759Z, 226.5275122, 467.21418140000003
1714470055788, 2024-04-30T09:40:55.788Z, 232.0965502, 460.5375228
1714470055834, 2024-04-30T09:40:55.834Z, 234.42513960000002, 465.2928916000001
1714470055849, 2024-04-30T09:40:55.849Z, 232.6593492, 475.12331839999996
1714470055880, 2024-04-30T09:40:55.880Z, 246.918516, 488.1539706
1714470055895, 2024-04-30T09:40:55.895Z, 263.3883876, 500.7505838
1714470055926, 2024-04-30T09:40:55.926Z, 271.6756458, 514.5886315999999
1714470055942, 2024-04-30T09:40:55.942Z, 289.150574, 524.3797772
1714470055971, 2024-04-30T09:40:55.971Z, 309.216877, 533.1905402
1714470055984, 2024-04-30T09:40:55.984Z, 328.39418800000004, 535.7895876
1714470056013, 2024-04-30T09:40:56.013Z, 344.353515, 542.0734466
1714470056028, 2024-04-30T09:40:56.028Z, 368.6138356, 549.3738504
1714470056058, 2024-04-30T09:40:56.058Z, 382.2140164, 555.6075742
1714470056119, 2024-04-30T09:40:56.119Z, 371.5716122, 534.8346138
1714470056148, 2024-04-30T09:40:56.148Z, 343.41026840000006, 512.0112660000001
1714470056163, 2024-04-30T09:40:56.163Z, 315.0076644, 483.4885625999999
1714470056193, 2024-04-30T09:40:56.193Z, 286.15110300000003, 452.0397556
1714470056209, 2024-04-30T09:40:56.209Z, 265.18274540000004, 421.9679142
1714470056243, 2024-04-30T09:40:56.243Z, 266.0876078, 420.877567
1714470056283, 2024-04-30T09:40:56.283Z, 266.0166218, 409.00931
1714470056298, 2024-04-30T09:40:56.298Z, 256.9021604, 382.13337620000004
1714470056328, 2024-04-30T09:40:56.328Z, 243.5283868, 351.9943974
1714470056376, 2024-04-30T09:40:56.376Z, 213.42171739999998, 320.34597479999996
1714470056419, 2024-04-30T09:40:56.419Z, 187.62168279999997, 299.3962854
1714470056433, 2024-04-30T09:40:56.433Z, 174.01187199999998, 299.8318226
1714470056463, 2024-04-30T09:40:56.463Z, 171.101419, 310.1422546
1714470056478, 2024-04-30T09:40:56.478Z, 165.5429712, 314.6171998
1714470056508, 2024-04-30T09:40:56.508Z, 170.323692, 320.8778838
1714470056570, 2024-04-30T09:40:56.570Z, 177.36024619999998, 321.16382999999996
1714470056598, 2024-04-30T09:40:56.598Z, 180.69168459999997, 309.65839100000005
1714470056643, 2024-04-30T09:40:56.643Z, 183.0451036, 304.953298
1714470056693, 2024-04-30T09:40:56.693Z, 193.40311859999997, 311.9142698
1714470056736, 2024-04-30T09:40:56.736Z, 202.65006979999998, 324.386441
1714470056752, 2024-04-30T09:40:56.752Z, 200.7035888, 331.6069924
1714470056781, 2024-04-30T09:40:56.781Z, 197.2589092, 343.1778278
1714470056797, 2024-04-30T09:40:56.797Z, 194.7052826, 347.5493694
1714470056827, 2024-04-30T09:40:56.827Z, 189.56178519999997, 346.8922126
1714470056843, 2024-04-30T09:40:56.843Z, 189.9540526, 341.7449078
1714470056870, 2024-04-30T09:40:56.870Z, 197.2680714, 330.933523
1714470056883, 2024-04-30T09:40:56.883Z, 203.6807768, 319.704738
1714470056913, 2024-04-30T09:40:56.913Z, 208.7606992, 313.80359719999996
1714470056929, 2024-04-30T09:40:56.929Z, 214.5332746, 306.6402356
1714470056958, 2024-04-30T09:40:56.958Z, 215.29578339999998, 298.67657859999997
1714470056974, 2024-04-30T09:40:56.974Z, 214.146985, 297.8357376
1714470057020, 2024-04-30T09:40:57.020Z, 215.3270816, 298.8444904
1714470057048, 2024-04-30T09:40:57.048Z, 218.07574920000002, 302.940674
1714470057064, 2024-04-30T09:40:57.064Z, 218.90710760000002, 308.114777
1714470057097, 2024-04-30T09:40:57.097Z, 216.80592779999998, 312.82605299999994
1714470057111, 2024-04-30T09:40:57.111Z, 214.399196, 317.09221080000003
1714470057141, 2024-04-30T09:40:57.141Z, 214.89128520000003, 322.5548626
1714470057191, 2024-04-30T09:40:57.191Z, 214.09743400000002, 324.4480386
1714470057208, 2024-04-30T09:40:57.208Z, 216.17875180000001, 326.18846479999996
1714470057233, 2024-04-30T09:40:57.233Z, 222.20670920000003, 325.2071574
1714470057278, 2024-04-30T09:40:57.278Z, 231.010527, 320.808156
1714470057294, 2024-04-30T09:40:57.294Z, 235.57146279999998, 312.9007164000001
1714470057321, 2024-04-30T09:40:57.321Z, 241.24807079999997, 307.658136
1714470057335, 2024-04-30T09:40:57.335Z, 247.33467920000004, 306.6590028
1714470057365, 2024-04-30T09:40:57.365Z, 249.54237200000003, 312.08708939999997
1714470057380, 2024-04-30T09:40:57.380Z, 245.7001336, 317.3108834
1714470057425, 2024-04-30T09:40:57.425Z, 241.24176459999998, 325.2365734
1714470057471, 2024-04-30T09:40:57.471Z, 239.67761839999997, 331.8170546
1714470057500, 2024-04-30T09:40:57.500Z, 240.3483428, 333.9813312
1714470057515, 2024-04-30T09:40:57.515Z, 244.67137399999996, 330.84808080000005
1714470057651, 2024-04-30T09:40:57.651Z, 228.2003202, 322.2040206
1714470057696, 2024-04-30T09:40:57.696Z, 210.23741460000002, 315.08838660000004
1714470057743, 2024-04-30T09:40:57.743Z, 189.60053239999996, 310.081291
1714470057771, 2024-04-30T09:40:57.771Z, 172.00300879999998, 305.85753200000005
1714470057786, 2024-04-30T09:40:57.786Z, 158.8698922, 301.2240884
1714470057815, 2024-04-30T09:40:57.815Z, 173.02936200000002, 300.4489622
1714470057830, 2024-04-30T09:40:57.830Z, 185.7817812, 297.6317908
1714470057877, 2024-04-30T09:40:57.877Z, 175.374588, 301.87356919999996
1714470057965, 2024-04-30T09:40:57.965Z, 140.05927580000002, 313.763929
1714470057994, 2024-04-30T09:40:57.994Z, 116.54548060000002, 329.6469886
1714470058018, 2024-04-30T09:40:58.018Z, 89.80976760000001, 349.1994284
1714470058579, 2024-04-30T09:40:58.579Z, 104.26584299999999, 352.3135234
1714470058609, 2024-04-30T09:40:58.609Z, 140.642209, 346.1299884
1714470058696, 2024-04-30T09:40:58.696Z, 194.73824340000002, 332.1787068
1714470058758, 2024-04-30T09:40:58.758Z, 211.79302140000004, 336.45827180000003
1714470059722, 2024-04-30T09:40:59.722Z, 396.051769, 346.5617938
1714470059914, 2024-04-30T09:40:59.914Z, 584.935833, 362.87207019999994
1714470061239, 2024-04-30T09:41:01.239Z, 580.233978, 461.4229668
1714470061331, 2024-04-30T09:41:01.331Z, 535.9207813999999, 567.08225
1714470061347, 2024-04-30T09:41:01.347Z, 538.0503547999999, 660.1011071999999
1714470061483, 2024-04-30T09:41:01.483Z, 346.51577000000003, 672.1464598
1714470061560, 2024-04-30T09:41:01.560Z, 121.555788, 704.2939644
1714470061575, 2024-04-30T09:41:01.575Z, 77.6443708, 640.627539
1714470061605, 2024-04-30T09:41:01.605Z, 67.5053758, 572.7719724
1714470061651, 2024-04-30T09:41:01.651Z, 44.837942000000005, 505.8519886
1714470061698, 2024-04-30T09:41:01.698Z, 58.681861600000005, 519.3365146
1714470061712, 2024-04-30T09:41:01.712Z, 57.00488800000001, 519.5270536
1714470061744, 2024-04-30T09:41:01.744Z, 75.68997859999999, 539.486442
1714470061774, 2024-04-30T09:41:01.774Z, 102.67457279999999, 557.6657432
1714470061822, 2024-04-30T09:41:01.822Z, 118.6402456, 565.4372638
1714470061869, 2024-04-30T09:41:01.869Z, 121.5026182, 574.9882009999999
1714470061916, 2024-04-30T09:41:01.916Z, 118.01864480000002, 584.3591152
1714470062002, 2024-04-30T09:41:02.002Z, 111.4510896, 589.441453
1714470062057, 2024-04-30T09:41:02.057Z, 103.5028852, 588.2840227999999
1714470062072, 2024-04-30T09:41:02.072Z, 94.2570402, 588.4532972
1714470062181, 2024-04-30T09:41:02.181Z, 86.3857184, 580.5856815999999
1714470062270, 2024-04-30T09:41:02.270Z, 97.35673039999999, 579.458138
1714470062449, 2024-04-30T09:41:02.449Z, 107.18094099999999, 569.6650562
1714470062464, 2024-04-30T09:41:02.464Z, 110.4177344, 542.2224984000001
1714470062539, 2024-04-30T09:41:02.539Z, 126.40923560000002, 522.9762
1714470062583, 2024-04-30T09:41:02.583Z, 143.7736366, 497.7927334
1714470062720, 2024-04-30T09:41:02.720Z, 200.7401388, 466.21410560000004
1714470062870, 2024-04-30T09:41:02.870Z, 224.8169982, 425.1311614
1714470062901, 2024-04-30T09:41:02.901Z, 255.50236420000002, 426.7619584
1714470062959, 2024-04-30T09:41:02.959Z, 276.1782442, 417.9324438
1714470062989, 2024-04-30T09:41:02.989Z, 290.23247699999996, 422.24292160000005
1714470063100, 2024-04-30T09:41:03.100Z, 243.889164, 428.78011000000004
1714470063146, 2024-04-30T09:41:03.146Z, 349.7039256, 484.4533564
1714470063174, 2024-04-30T09:41:03.174Z, 401.1755948, 507.45975180000005
1714470063486, 2024-04-30T09:41:03.486Z, 444.03397079999996, 547.6513117999999
1714470063529, 2024-04-30T09:41:03.529Z, 494.7986414, 582.1585798
1714470063620, 2024-04-30T09:41:03.620Z, 562.3197892000001, 612.1943488
1714470063678, 2024-04-30T09:41:03.678Z, 507.0871005999999, 608.870974
1714470063709, 2024-04-30T09:41:03.709Z, 505.09648, 618.2507948
1714470063799, 2024-04-30T09:41:03.799Z, 496.2528274, 620.7533236
1714470063843, 2024-04-30T09:41:03.843Z, 523.2012852, 618.8917638
1714470063888, 2024-04-30T09:41:03.888Z, 548.882859, 625.3592294
1714470063933, 2024-04-30T09:41:03.933Z, 579.8123124, 607.0769424
1714470063999, 2024-04-30T09:41:03.999Z, 707.6320366, 575.455012
1714470064118, 2024-04-30T09:41:04.118Z, 879.7408876000002, 535.2253214
1714470064131, 2024-04-30T09:41:04.131Z, 1032.4143744, 482.7840956
1714470064178, 2024-04-30T09:41:04.178Z, 1166.4264668, 419.6867338
1714470064273, 2024-04-30T09:41:04.273Z, 1281.6163854000001, 398.56372739999995
1714470064400, 2024-04-30T09:41:04.400Z, 1268.5803264, 449.8053444
1714470064447, 2024-04-30T09:41:04.447Z, 1259.3931195999999, 477.3372654
1714470064493, 2024-04-30T09:41:04.493Z, 1233.5188606, 524.9206296
1714470064534, 2024-04-30T09:41:04.534Z, 1235.5300548, 576.1018276
1714470064624, 2024-04-30T09:41:04.624Z, 1170.8945836, 608.2584486
1714470064834, 2024-04-30T09:41:04.834Z, 986.7244608000001, 571.4677004
1714470064970, 2024-04-30T09:41:04.970Z, 771.9550866000001, 578.5107136
1714470065062, 2024-04-30T09:41:05.062Z, 532.5774949999999, 594.1278254000001
1714470065328, 2024-04-30T09:41:05.328Z, 307.29742120000003, 657.1689238
1714470065419, 2024-04-30T09:41:05.419Z, 158.60133739999998, 684.0304708
1714470065463, 2024-04-30T09:41:05.463Z, 153.45066599999998, 713.1594664
1714470065569, 2024-04-30T09:41:05.569Z, 119.20450439999999, 701.0702894
1714470065598, 2024-04-30T09:41:05.598Z, 109.07824759999998, 676.4371228
1714470065643, 2024-04-30T09:41:05.643Z, 74.2577924, 608.5721802
1714470065691, 2024-04-30T09:41:05.691Z, 40.709787399999996, 577.4912568
1714470065733, 2024-04-30T09:41:05.733Z, 38.885883, 564.2848558000001
1714470065779, 2024-04-30T09:41:05.779Z, 70.6988082, 572.9018344
1714470065823, 2024-04-30T09:41:05.823Z, 106.20985639999999, 579.5526436
1714470065869, 2024-04-30T09:41:05.869Z, 141.4799974, 589.5642252
1714470065913, 2024-04-30T09:41:05.913Z, 175.6234052, 603.9024008
1714470065958, 2024-04-30T09:41:05.958Z, 188.74352979999998, 605.9169614
1714470065973, 2024-04-30T09:41:05.973Z, 194.63028500000001, 604.6292540000001
1714470066052, 2024-04-30T09:41:06.052Z, 194.8482332, 602.8146862000001
1714470066097, 2024-04-30T09:41:06.097Z, 199.4443136, 594.7424264
1714470066112, 2024-04-30T09:41:06.112Z, 207.42272439999996, 584.0250562000001
1714470066156, 2024-04-30T09:41:06.156Z, 195.4949804, 576.5338066
1714470066187, 2024-04-30T09:41:06.187Z, 181.6818556, 571.035166
1714470066234, 2024-04-30T09:41:06.234Z, 172.92972079999998, 563.4014392
1714470066280, 2024-04-30T09:41:06.280Z, 164.90516280000003, 564.0876908
1714470066319, 2024-04-30T09:41:06.319Z, 165.64831080000002, 565.6733386
1714470066373, 2024-04-30T09:41:06.373Z, 190.2076134, 565.1005594000001
1714470066419, 2024-04-30T09:41:06.419Z, 214.830591, 566.8228144
1714470066434, 2024-04-30T09:41:06.434Z, 236.25230539999998, 573.1087734
1714470066469, 2024-04-30T09:41:06.469Z, 241.56863140000002, 552.615127
1714470066499, 2024-04-30T09:41:06.499Z, 242.87300019999998, 539.2227036
1714470066544, 2024-04-30T09:41:06.544Z, 237.33740919999997, 531.9078558
1714470066560, 2024-04-30T09:41:06.560Z, 231.9603486, 522.0508870000001
1714470066591, 2024-04-30T09:41:06.591Z, 221.1398564, 511.10438860000005
1714470066634, 2024-04-30T09:41:06.634Z, 212.3970792, 516.1580736
1714470066678, 2024-04-30T09:41:06.678Z, 193.53023299999998, 506.72787260000007
1714470066694, 2024-04-30T09:41:06.694Z, 174.2465418, 492.0044554
1714470066724, 2024-04-30T09:41:06.724Z, 156.3529596, 479.1975071999999
1714470066769, 2024-04-30T09:41:06.769Z, 144.09607440000002, 467.79654359999995
1714470066783, 2024-04-30T09:41:06.783Z, 148.51616080000002, 466.98303980000003
1714470066814, 2024-04-30T09:41:06.814Z, 156.09817619999998, 470.7046336
1714470066828, 2024-04-30T09:41:06.828Z, 174.75420739999998, 477.6143132
1714470066846, 2024-04-30T09:41:06.846Z, 207.05385379999998, 499.5510622
1714470066858, 2024-04-30T09:41:06.858Z, 243.93065399999995, 529.5566228
1714470066949, 2024-04-30T09:41:06.949Z, 277.09388240000004, 555.6723491999999
1714470066965, 2024-04-30T09:41:06.965Z, 303.30954140000006, 560.7401862
1714470066996, 2024-04-30T09:41:06.996Z, 307.27344600000004, 559.3240388
1714470067011, 2024-04-30T09:41:07.011Z, 303.77928940000004, 543.2308804
1714470067042, 2024-04-30T09:41:07.042Z, 288.2264226, 515.6232382000001
1714470067084, 2024-04-30T09:41:07.084Z, 260.52343659999997, 481.66063180000003
1714470067098, 2024-04-30T09:41:07.098Z, 243.32981, 470.77752660000004
1714470067128, 2024-04-30T09:41:07.128Z, 234.90028660000002, 460.54595159999997
1714470067174, 2024-04-30T09:41:07.174Z, 217.8329632, 449.66905740000004
1714470067219, 2024-04-30T09:41:07.219Z, 207.31419459999998, 443.3845388
1714470067233, 2024-04-30T09:41:07.233Z, 205.2903736, 442.09429759999995
1714470067263, 2024-04-30T09:41:07.263Z, 197.88322980000004, 443.0550184
1714470067282, 2024-04-30T09:41:07.282Z, 195.71890219999997, 447.2627182
1714470067312, 2024-04-30T09:41:07.312Z, 197.80853919999998, 453.2611062
1714470067327, 2024-04-30T09:41:07.327Z, 212.07743220000003, 457.1945694
1714470067378, 2024-04-30T09:41:07.378Z, 223.36420660000005, 460.72958520000003
1714470067416, 2024-04-30T09:41:07.416Z, 246.10844640000005, 465.20294279999996
1714470067447, 2024-04-30T09:41:07.447Z, 248.7947408, 469.1072712
1714470067463, 2024-04-30T09:41:07.463Z, 252.53244360000002, 470.9112456
1714470067494, 2024-04-30T09:41:07.494Z, 239.99594699999997, 469.0135838
1714470067537, 2024-04-30T09:41:07.537Z, 238.3963886, 467.44684820000003
1714470067578, 2024-04-30T09:41:07.578Z, 229.12374139999997, 463.46493819999995
1714470067624, 2024-04-30T09:41:07.624Z, 244.1992686, 463.33512740000003
1714470067638, 2024-04-30T09:41:07.638Z, 278.6192144, 446.05219619999997
1714470067670, 2024-04-30T09:41:07.670Z, 286.42498720000003, 444.23516060000003
1714470067683, 2024-04-30T09:41:07.683Z, 298.6225254, 437.36782859999994
1714470067726, 2024-04-30T09:41:07.726Z, 310.9336718, 430.7384122
1714470067741, 2024-04-30T09:41:07.741Z, 304.3063812, 432.8884532
1714470067773, 2024-04-30T09:41:07.773Z, 275.24341119999997, 454.54640219999993
1714470067788, 2024-04-30T09:41:07.788Z, 284.82452219999993, 456.44965620000005
1714470067851, 2024-04-30T09:41:07.851Z, 305.0117824, 463.6127042
1714470067913, 2024-04-30T09:41:07.913Z, 324.65424640000003, 472.21288719999995
1714470067944, 2024-04-30T09:41:07.944Z, 361.36092879999995, 477.132826
1714470067984, 2024-04-30T09:41:07.984Z, 394.00625879999996, 481.34436020000004
1714470067998, 2024-04-30T09:41:07.998Z, 419.8633228, 494.5878752
1714470068028, 2024-04-30T09:41:08.028Z, 419.662947, 505.4829344
1714470068043, 2024-04-30T09:41:08.043Z, 420.29836020000005, 479.57136619999994
1714470068073, 2024-04-30T09:41:08.073Z, 407.75098380000003, 473.3131678
1714470068092, 2024-04-30T09:41:08.092Z, 397.80810080000003, 451.7739074
1714470068119, 2024-04-30T09:41:08.119Z, 386.84039300000006, 429.42616799999996
1714470068133, 2024-04-30T09:41:08.133Z, 378.85568980000005, 412.1619714
1714470068163, 2024-04-30T09:41:08.163Z, 370.8106182, 430.3130558
1714470068179, 2024-04-30T09:41:08.179Z, 371.78730340000004, 423.2524012
1714470068209, 2024-04-30T09:41:08.209Z, 378.6578702, 437.880965
1714470068225, 2024-04-30T09:41:08.225Z, 385.03364700000003, 450.8768344
1714470068269, 2024-04-30T09:41:08.269Z, 401.86088500000005, 463.51120280000004
1714470068298, 2024-04-30T09:41:08.298Z, 406.30939720000003, 473.1275716
1714470068313, 2024-04-30T09:41:08.313Z, 405.5098144, 476.252747
1714470068343, 2024-04-30T09:41:08.343Z, 400.29277640000004, 475.06332239999995
1714470068358, 2024-04-30T09:41:08.358Z, 397.19225080000007, 476.43594659999997
1714470068391, 2024-04-30T09:41:08.391Z, 392.32239580000004, 478.80332259999994
1714470068494, 2024-04-30T09:41:08.494Z, 401.702698, 480.8500742
1714470068523, 2024-04-30T09:41:08.523Z, 418.98396919999993, 487.32999540000003
1714470068570, 2024-04-30T09:41:08.570Z, 438.69224159999993, 495.1733532
1714470068583, 2024-04-30T09:41:08.583Z, 459.116858, 503.7430958000001
1714470068617, 2024-04-30T09:41:08.617Z, 476.2499514, 506.6806318
1714470068660, 2024-04-30T09:41:08.660Z, 491.80242739999994, 508.72376679999996
1714470068752, 2024-04-30T09:41:08.752Z, 491.5921890000001, 508.7672299999999
1714470068799, 2024-04-30T09:41:08.799Z, 480.676674, 506.2187156
1714470068815, 2024-04-30T09:41:08.815Z, 466.35590519999994, 495.99838680000005
1714470068845, 2024-04-30T09:41:08.845Z, 460.5124588, 495.3103688
1714470068887, 2024-04-30T09:41:08.887Z, 455.31330959999997, 497.9166206
1714470068901, 2024-04-30T09:41:08.901Z, 455.07227980000005, 503.8978722
1714470068931, 2024-04-30T09:41:08.931Z, 462.32281300000005, 507.8972664
1714470068977, 2024-04-30T09:41:08.977Z, 485.6778692, 526.8128498
1714470069020, 2024-04-30T09:41:09.020Z, 494.1407578, 538.6852919999999
1714470069064, 2024-04-30T09:41:09.064Z, 487.5635050000001, 543.115083
1714470069112, 2024-04-30T09:41:09.112Z, 476.65458120000005, 538.0999184
1714470069124, 2024-04-30T09:41:09.124Z, 469.004997, 534.7763950000001
1714470069170, 2024-04-30T09:41:09.170Z, 446.24539559999994, 510.560452
1714470069200, 2024-04-30T09:41:09.200Z, 421.3636428, 478.54031240000006
1714470069247, 2024-04-30T09:41:09.247Z, 416.5699748, 447.25739080000005
1714470069379, 2024-04-30T09:41:09.379Z, 435.99514719999996, 447.9524526
1714470069424, 2024-04-30T09:41:09.424Z, 475.7817572, 457.8032442
1714470069439, 2024-04-30T09:41:09.439Z, 513.5151344, 478.9828972
1714470069470, 2024-04-30T09:41:09.470Z, 543.2249746, 501.1321642
1714470069514, 2024-04-30T09:41:09.514Z, 572.3460206, 529.3703006
1714470069529, 2024-04-30T09:41:09.529Z, 585.255149, 530.8612099999999
1714470069558, 2024-04-30T09:41:09.558Z, 574.6476594, 519.9072015999999
1714470069577, 2024-04-30T09:41:09.577Z, 561.8536386, 500.8002536
1714470069620, 2024-04-30T09:41:09.620Z, 561.1104245999999, 485.88120399999997
1714470069649, 2024-04-30T09:41:09.649Z, 562.760808, 485.62807060000006
1714470069666, 2024-04-30T09:41:09.666Z, 575.1404618, 487.15389459999994
1714470069697, 2024-04-30T09:41:09.697Z, 587.2789437999999, 490.03016779999996
1714470069712, 2024-04-30T09:41:09.712Z, 604.6513968, 499.6896986
1714470069743, 2024-04-30T09:41:09.743Z, 621.599046, 509.1029959999999
1714470069784, 2024-04-30T09:41:09.784Z, 626.2954028, 502.84946820000005
1714470069799, 2024-04-30T09:41:09.799Z, 624.8541542, 496.7010212
1714470069844, 2024-04-30T09:41:09.844Z, 619.8617402, 489.7071064
1714470069856, 2024-04-30T09:41:09.856Z, 630.1610136, 503.57447579999996
1714470069874, 2024-04-30T09:41:09.874Z, 637.1582586000001, 515.55624
1714470069888, 2024-04-30T09:41:09.888Z, 644.5202554, 521.9582539999999
1714470069964, 2024-04-30T09:41:09.964Z, 645.1821002, 523.3146495999999
1714470069979, 2024-04-30T09:41:09.979Z, 647.037028, 527.9196396
1714470070009, 2024-04-30T09:41:10.009Z, 631.9108394000001, 520.862125
1714470070023, 2024-04-30T09:41:10.023Z, 621.5839858, 517.0350002
1714470070099, 2024-04-30T09:41:10.099Z, 601.3807088, 509.4695636
1714470070115, 2024-04-30T09:41:10.115Z, 592.8208092, 504.0950864
1714470070145, 2024-04-30T09:41:10.145Z, 604.5864468, 499.2515244
1714470070160, 2024-04-30T09:41:10.160Z, 621.3360166, 498.18965740000004
1714470070192, 2024-04-30T09:41:10.192Z, 637.121411, 497.6639182
1714470070234, 2024-04-30T09:41:10.234Z, 671.796526, 511.22379100000006
1714470070249, 2024-04-30T09:41:10.249Z, 700.4017508, 526.7704176
1714470070279, 2024-04-30T09:41:10.279Z, 710.0978818, 541.0336572
1714470070293, 2024-04-30T09:41:10.293Z, 718.2436652, 538.269463
1714470070324, 2024-04-30T09:41:10.324Z, 717.5898353999999, 532.2831600000001
1714470070338, 2024-04-30T09:41:10.338Z, 707.9950884, 522.081436
1714470070414, 2024-04-30T09:41:10.414Z, 693.8949256, 515.5849388
1714470070429, 2024-04-30T09:41:10.429Z, 679.6077564, 499.96578280000006
1714470070459, 2024-04-30T09:41:10.459Z, 664.7132788, 490.33737940000003
1714470070474, 2024-04-30T09:41:10.474Z, 665.681102, 480.0064828000001
1714470070520, 2024-04-30T09:41:10.520Z, 668.1172005999999, 477.06839340000005
1714470070595, 2024-04-30T09:41:10.595Z, 641.9152434, 483.31427080000003
1714470070640, 2024-04-30T09:41:10.640Z, 592.675063, 506.62340759999995
1714470070683, 2024-04-30T09:41:10.683Z, 525.4190536, 531.2026896
1714470070699, 2024-04-30T09:41:10.699Z, 447.0248804, 559.9466142
1714470070729, 2024-04-30T09:41:10.729Z, 357.3113225999999, 579.0485236000001
1714470070744, 2024-04-30T09:41:10.744Z, 298.84584639999997, 583.1202542000001
1714470070774, 2024-04-30T09:41:10.774Z, 257.866397, 576.032005
1714470070820, 2024-04-30T09:41:10.820Z, 230.83321060000003, 566.2179764
1714470070864, 2024-04-30T09:41:10.864Z, 193.6302102, 555.0882782000001
1714470070909, 2024-04-30T09:41:10.909Z, 170.3980066, 550.064664
1714470070973, 2024-04-30T09:41:10.973Z, 171.854612, 561.9376116
1714470071003, 2024-04-30T09:41:11.003Z, 182.1829432, 575.2079455999999
1714470071048, 2024-04-30T09:41:11.048Z, 198.5983564, 588.4423438
1714470071093, 2024-04-30T09:41:11.093Z, 227.17977259999998, 605.3180182
1714470071135, 2024-04-30T09:41:11.135Z, 258.2765038, 616.9728638
1714470071180, 2024-04-30T09:41:11.180Z, 267.466861, 608.2400202
1714470071195, 2024-04-30T09:41:11.195Z, 273.5494676, 598.5384156
1714470071225, 2024-04-30T09:41:11.225Z, 261.9490618, 580.0549162
1714470071269, 2024-04-30T09:41:11.269Z, 242.39965080000002, 554.0955252
1714470071313, 2024-04-30T09:41:11.313Z, 214.1754168, 530.5124079999999
1714470071358, 2024-04-30T09:41:11.358Z, 198.9762462, 526.1418064
1714470071450, 2024-04-30T09:41:11.450Z, 193.7926338, 525.2372628
1714470071466, 2024-04-30T09:41:11.466Z, 182.4731874, 524.9485004
1714470071496, 2024-04-30T09:41:11.496Z, 176.04994200000002, 530.0530294
1714470071544, 2024-04-30T09:41:11.544Z, 173.0467118, 534.4369324
1714470071582, 2024-04-30T09:41:11.582Z, 156.2663958, 526.5237588
1714470071627, 2024-04-30T09:41:11.627Z, 142.29549, 523.8348618
1714470071672, 2024-04-30T09:41:11.672Z, 153.6680842, 529.2788395999999
1714470071718, 2024-04-30T09:41:11.718Z, 165.15504579999998, 533.5412382000001
1714470071732, 2024-04-30T09:41:11.732Z, 178.1577258, 537.6166636
1714470071762, 2024-04-30T09:41:11.762Z, 190.1492968, 535.2450678
1714470071808, 2024-04-30T09:41:11.808Z, 189.670456, 524.6319798
1714470071898, 2024-04-30T09:41:11.898Z, 204.1061052, 534.0306552
1714470071912, 2024-04-30T09:41:11.912Z, 195.8711366, 525.9716926
1714470071942, 2024-04-30T09:41:11.942Z, 186.7841358, 517.4553948
1714470071988, 2024-04-30T09:41:11.988Z, 179.8157692, 514.3928493999999
1714470072032, 2024-04-30T09:41:12.032Z, 175.5924286, 513.3562039999999
1714470072077, 2024-04-30T09:41:12.077Z, 151.4250084, 494.7481608
1714470072122, 2024-04-30T09:41:12.122Z, 187.4404328, 512.0473622
1714470072169, 2024-04-30T09:41:12.169Z, 228.11053900000002, 525.4071471999999
1714470072215, 2024-04-30T09:41:12.215Z, 261.6346434, 535.4893602
1714470072362, 2024-04-30T09:41:12.362Z, 263.46055920000003, 504.062688
1714470072392, 2024-04-30T09:41:12.392Z, 276.4133094, 491.60066559999996
1714470072437, 2024-04-30T09:41:12.437Z, 256.74115240000003, 461.9178556
1714470072482, 2024-04-30T09:41:12.482Z, 235.99663959999998, 439.64035720000004
1714470072529, 2024-04-30T09:41:12.529Z, 227.38355940000002, 435.12092620000004
1714470072575, 2024-04-30T09:41:12.575Z, 259.6794266, 472.84990980000003
1714470072621, 2024-04-30T09:41:12.621Z, 286.90399180000003, 491.88472840000003
1714470072664, 2024-04-30T09:41:12.664Z, 310.9995664, 516.4842314
1714470072711, 2024-04-30T09:41:12.711Z, 333.4628544, 537.2897848
1714470072798, 2024-04-30T09:41:12.798Z, 353.20865519999995, 533.3124181999999
1714470072844, 2024-04-30T09:41:12.844Z, 354.96726559999996, 537.3818936
1714470072888, 2024-04-30T09:41:12.888Z, 353.29622119999993, 540.7468362000001
1714470072978, 2024-04-30T09:41:12.978Z, 355.8040354, 529.7002438000001
1714470073069, 2024-04-30T09:41:13.069Z, 362.2911706, 518.6989256
1714470073115, 2024-04-30T09:41:13.115Z, 359.5087822, 520.1231626000001
1714470073162, 2024-04-30T09:41:13.162Z, 362.19964819999996, 511.3156288
1714470073248, 2024-04-30T09:41:13.248Z, 362.2956034, 497.1404546
1714470073293, 2024-04-30T09:41:13.293Z, 367.43185800000003, 500.8415798
1714470073338, 2024-04-30T09:41:13.338Z, 360.17337180000004, 504.57088459999994
1714470073383, 2024-04-30T09:41:13.383Z, 355.780446, 504.7613992
1714470073428, 2024-04-30T09:41:13.428Z, 341.66474819999996, 502.67485
1714470073442, 2024-04-30T09:41:13.442Z, 322.83593399999995, 503.8157484
1714470073472, 2024-04-30T09:41:13.472Z, 289.086328, 489.31925220000005
1714470073489, 2024-04-30T09:41:13.489Z, 256.834421, 481.09894640000005
1714470073518, 2024-04-30T09:41:13.518Z, 226.08286379999998, 474.1002972
1714470073563, 2024-04-30T09:41:13.563Z, 200.88614980000003, 468.3361992
1714470073609, 2024-04-30T09:41:13.609Z, 179.87203499999998, 466.79464440000004
1714470073698, 2024-04-30T09:41:13.698Z, 164.64296380000002, 480.64387139999997
1714470073743, 2024-04-30T09:41:13.743Z, 160.03194159999998, 486.53098660000006
1714470073788, 2024-04-30T09:41:13.788Z, 158.5882276, 494.1510442
1714470073833, 2024-04-30T09:41:13.833Z, 155.40611239999998, 499.00305259999993
1714470073878, 2024-04-30T09:41:13.878Z, 186.0034364, 511.58086220000007
1714470074028, 2024-04-30T09:41:14.028Z, 205.2219622, 487.1909984
1714470074059, 2024-04-30T09:41:14.059Z, 235.66804519999997, 482.7231482
1714470074193, 2024-04-30T09:41:14.193Z, 237.2261332, 496.2389026000001
1714470074237, 2024-04-30T09:41:14.237Z, 249.15992599999998, 516.4680994
1714470074283, 2024-04-30T09:41:14.283Z, 227.3466044, 524.2372142
1714470074298, 2024-04-30T09:41:14.298Z, 219.08042720000003, 560.3711888
1714470074328, 2024-04-30T09:41:14.328Z, 182.53152799999998, 565.4103212
1714470074373, 2024-04-30T09:41:14.373Z, 170.03058880000003, 544.0463404
1714470074418, 2024-04-30T09:41:14.418Z, 153.03870220000005, 517.270672
1714470074432, 2024-04-30T09:41:14.432Z, 136.2924362, 495.88198220000004
1714470074463, 2024-04-30T09:41:14.463Z, 123.26109020000001, 474.58764080000003
1714470074478, 2024-04-30T09:41:14.478Z, 122.90401360000001, 470.07251400000007
1714470074508, 2024-04-30T09:41:14.508Z, 134.2853118, 480.53027679999997
1714470074569, 2024-04-30T09:41:14.569Z, 154.5492092, 500.64254679999993
1714470074598, 2024-04-30T09:41:14.598Z, 174.4215694, 518.3555816
1714470074643, 2024-04-30T09:41:14.643Z, 181.995288, 532.3605372
1714470074688, 2024-04-30T09:41:14.688Z, 190.35381560000002, 544.2223246
1714470074732, 2024-04-30T09:41:14.732Z, 184.5235446, 557.5614606
1714470074777, 2024-04-30T09:41:14.777Z, 168.7106138, 563.2687486
1714470074822, 2024-04-30T09:41:14.822Z, 154.7010632, 565.451635
1714470074868, 2024-04-30T09:41:14.868Z, 148.805833, 569.1292806
1714470074912, 2024-04-30T09:41:14.912Z, 144.79190699999998, 570.7986002
1714470074957, 2024-04-30T09:41:14.957Z, 154.0750696, 565.9533138
1714470075018, 2024-04-30T09:41:15.018Z, 151.985573, 542.4949784
1714470075047, 2024-04-30T09:41:15.047Z, 148.6770614, 523.1374876000001
1714470075062, 2024-04-30T09:41:15.062Z, 145.905852, 506.3165704000001
1714470075092, 2024-04-30T09:41:15.092Z, 159.2575442, 515.5685030000001
1714470075107, 2024-04-30T09:41:15.107Z, 157.9754446, 513.7846964
1714470075137, 2024-04-30T09:41:15.137Z, 168.9205148, 532.9255544
1714470075182, 2024-04-30T09:41:15.182Z, 178.62630059999998, 553.5720564
1714470075228, 2024-04-30T09:41:15.228Z, 194.0232846, 568.5586288000001
1714470075244, 2024-04-30T09:41:15.244Z, 190.3111258, 558.0096305999999
1714470075273, 2024-04-30T09:41:15.273Z, 194.9250032, 556.4397738
1714470075320, 2024-04-30T09:41:15.320Z, 198.14980340000002, 550.6529342
1714470075363, 2024-04-30T09:41:15.363Z, 191.51452880000002, 531.7857344
1714470075421, 2024-04-30T09:41:15.421Z, 193.15490499999999, 528.6545944
1714470075499, 2024-04-30T09:41:15.499Z, 194.7195482, 531.5940336
1714470075545, 2024-04-30T09:41:15.545Z, 197.8883684, 534.6817284
1714470075591, 2024-04-30T09:41:15.591Z, 209.59080480000003, 536.9300746
1714470075632, 2024-04-30T09:41:15.632Z, 235.439191, 549.2217706
1714470075677, 2024-04-30T09:41:15.677Z, 251.2431524, 549.1256418
1714470075722, 2024-04-30T09:41:15.722Z, 242.2106676, 547.3501436
1714470075768, 2024-04-30T09:41:15.768Z, 228.43363359999998, 542.9512093999999
1714470075782, 2024-04-30T09:41:15.782Z, 200.90927539999998, 541.9132732
1714470075812, 2024-04-30T09:41:15.812Z, 166.6564196, 533.7046232
1714470075857, 2024-04-30T09:41:15.857Z, 114.32523119999999, 520.8363306
1714470075918, 2024-04-30T09:41:15.918Z, 99.7196042, 505.1559762
1714470075947, 2024-04-30T09:41:15.947Z, 89.66663940000001, 491.756029
1714470075994, 2024-04-30T09:41:15.994Z, 85.3187986, 479.86974680000003
1714470076009, 2024-04-30T09:41:16.009Z, 82.44943219999999, 478.57286039999997
1714470076040, 2024-04-30T09:41:16.040Z, 89.9283372, 490.63086000000004
1714470076082, 2024-04-30T09:41:16.082Z, 79.16167399999999, 506.86649579999994
1714470076097, 2024-04-30T09:41:16.097Z, 63.6821008, 520.4912976
1714470076127, 2024-04-30T09:41:16.127Z, 52.297006599999996, 528.9183386000001
1714470076142, 2024-04-30T09:41:16.142Z, 42.634735, 532.01078
1714470076172, 2024-04-30T09:41:16.172Z, 37.060891000000005, 528.3877288
1714470076218, 2024-04-30T09:41:16.218Z, 44.257813399999996, 518.0417598
1714470076262, 2024-04-30T09:41:16.262Z, 43.0021352, 503.6692868
1714470076307, 2024-04-30T09:41:16.307Z, 56.4860998, 496.0499932000001
1714470076370, 2024-04-30T09:41:16.370Z, 65.7009986, 478.5548718
1714470076397, 2024-04-30T09:41:16.397Z, 72.5298434, 464.13044899999994
1714470076413, 2024-04-30T09:41:16.413Z, 71.0228802, 453.35903099999996
1714470076592, 2024-04-30T09:41:16.592Z, 88.6843678, 428.61072160000003
1714470076622, 2024-04-30T09:41:16.622Z, 100.6099496, 415.95598120000005
1714470076668, 2024-04-30T09:41:16.668Z, 117.36096760000001, 413.5988462
1714470076682, 2024-04-30T09:41:16.682Z, 132.8791968, 406.5225874
1714470076712, 2024-04-30T09:41:16.712Z, 143.07516040000002, 400.0210992
1714470076727, 2024-04-30T09:41:16.727Z, 148.03131080000003, 414.17532819999997
1714470076757, 2024-04-30T09:41:16.757Z, 144.7872906, 414.81446400000004
1714470076774, 2024-04-30T09:41:16.774Z, 143.045008, 422.08696
1714470076848, 2024-04-30T09:41:16.848Z, 143.56390700000003, 438.11671799999993
1714470076895, 2024-04-30T09:41:16.895Z, 157.1752128, 455.86635579999995
1714470076910, 2024-04-30T09:41:16.910Z, 170.381057, 470.98748480000006
1714470076941, 2024-04-30T09:41:16.941Z, 183.866352, 481.771346
1714470076982, 2024-04-30T09:41:16.982Z, 195.0541878, 482.5531276
1714470077072, 2024-04-30T09:41:17.072Z, 229.90497400000004, 497.5818805999999
1714470077118, 2024-04-30T09:41:17.118Z, 259.79421560000003, 503.1697762
1714470077162, 2024-04-30T09:41:17.162Z, 279.21307079999997, 510.9250084
1714470077207, 2024-04-30T09:41:17.207Z, 297.33211120000004, 521.8404499999999
1714470077297, 2024-04-30T09:41:17.297Z, 311.5697196, 536.845953
1714470077312, 2024-04-30T09:41:17.312Z, 304.409503, 528.496224
1714470077342, 2024-04-30T09:41:17.342Z, 300.4900994000001, 523.263964
1714470077358, 2024-04-30T09:41:17.358Z, 301.6727014, 516.4847726
1714470077389, 2024-04-30T09:41:17.389Z, 298.1380314, 504.83056279999994
1714470077432, 2024-04-30T09:41:17.432Z, 293.276281, 486.58466279999993
1714470077477, 2024-04-30T09:41:17.477Z, 284.2831338, 470.23625439999995
1714470077492, 2024-04-30T09:41:17.492Z, 271.3341452, 457.295258
1714470077522, 2024-04-30T09:41:17.522Z, 253.0734666, 456.6238442
1714470077537, 2024-04-30T09:41:17.537Z, 237.4379328, 460.88000739999995
1714470077568, 2024-04-30T09:41:17.568Z, 235.383029, 473.4946254
1714470077582, 2024-04-30T09:41:17.582Z, 239.33312699999996, 488.3741354
1714470077628, 2024-04-30T09:41:17.628Z, 245.9723732, 500.46825959999995
1714470077674, 2024-04-30T09:41:17.674Z, 262.11712, 500.72587460000005
1714470077748, 2024-04-30T09:41:17.748Z, 280.6441918, 491.47969739999996
1714470077794, 2024-04-30T09:41:17.794Z, 296.8316596, 491.562396
1714470077810, 2024-04-30T09:41:17.810Z, 307.95314199999996, 486.2550872
1714470077841, 2024-04-30T09:41:17.841Z, 315.1294364, 484.4685748
1714470077927, 2024-04-30T09:41:17.927Z, 317.51706099999996, 478.19576780000006
1714470078064, 2024-04-30T09:41:18.064Z, 395.58748239999994, 497.66233380000006
1714470079371, 2024-04-30T09:41:19.371Z, 370.909645, 500.97085100000004
1714470079384, 2024-04-30T09:41:19.384Z, 357.7120532, 509.2959492
1714470079414, 2024-04-30T09:41:19.414Z, 339.451956, 520.2818586
1714470079429, 2024-04-30T09:41:19.429Z, 309.88572220000003, 541.692851
1714470079465, 2024-04-30T09:41:19.465Z, 211.58890860000002, 543.6463934
1714470079476, 2024-04-30T09:41:19.476Z, 209.3930418, 552.6026872
1714470079519, 2024-04-30T09:41:19.519Z, 190.2267108, 566.3657028
1714470079549, 2024-04-30T09:41:19.549Z, 183.014368, 575.917858
1714470079565, 2024-04-30T09:41:19.565Z, 189.15994799999999, 582.4346236
1714470079597, 2024-04-30T09:41:19.597Z, 183.9566942, 582.5417084
1714470079613, 2024-04-30T09:41:19.613Z, 179.4876184, 581.3466474
1714470079645, 2024-04-30T09:41:19.645Z, 181.8648116, 572.6308652
1714470079683, 2024-04-30T09:41:19.683Z, 178.35027399999998, 565.8074534
1714470079728, 2024-04-30T09:41:19.728Z, 175.6532056, 558.9082242000001
1714470079773, 2024-04-30T09:41:19.773Z, 176.836009, 558.0420953999999
1714470079818, 2024-04-30T09:41:19.818Z, 180.7250622, 558.4401988000001
1714470079834, 2024-04-30T09:41:19.834Z, 185.0821864, 559.4774795999999
1714470079863, 2024-04-30T09:41:19.863Z, 200.0063644, 568.8192414
1714470079877, 2024-04-30T09:41:19.877Z, 202.1642836, 571.9126246
1714470079907, 2024-04-30T09:41:19.907Z, 204.3151732, 577.531283
1714470079923, 2024-04-30T09:41:19.923Z, 207.0502708, 581.803851
1714470079968, 2024-04-30T09:41:19.968Z, 206.674371, 584.907816
1714470079997, 2024-04-30T09:41:19.997Z, 195.89219839999998, 576.7090138
1714470080012, 2024-04-30T09:41:20.012Z, 198.559483, 573.7834206
1714470080042, 2024-04-30T09:41:20.042Z, 199.1716052, 570.4802468
1714470080057, 2024-04-30T09:41:20.057Z, 196.6957922, 567.9485037999999
1714470080087, 2024-04-30T09:41:20.087Z, 196.31798640000002, 566.0617528
1714470080132, 2024-04-30T09:41:20.132Z, 192.75244880000002, 564.097626
1714470080147, 2024-04-30T09:41:20.147Z, 187.71929960000003, 562.1906052
1714470080177, 2024-04-30T09:41:20.177Z, 182.2545932, 563.1991856000001
1714470080224, 2024-04-30T09:41:20.224Z, 179.61935799999998, 564.8566182000001
1714470080270, 2024-04-30T09:41:20.270Z, 182.82661000000002, 568.1950946000001
1714470080282, 2024-04-30T09:41:20.282Z, 189.0631052, 572.6833162
1714470080313, 2024-04-30T09:41:20.313Z, 203.2711118, 578.0032988
1714470080360, 2024-04-30T09:41:20.360Z, 217.6982976, 580.99207
1714470080376, 2024-04-30T09:41:20.376Z, 229.04221560000002, 581.7746816000001
1714470080447, 2024-04-30T09:41:20.447Z, 241.4443276, 580.743999
1714470080492, 2024-04-30T09:41:20.492Z, 257.0935048, 578.3469308
1714470080507, 2024-04-30T09:41:20.507Z, 265.3047968, 574.3545942
1714470080538, 2024-04-30T09:41:20.538Z, 280.6123182, 571.2232524
1714470080582, 2024-04-30T09:41:20.582Z, 300.43510779999997, 570.2550921999999
1714470080627, 2024-04-30T09:41:20.627Z, 316.02789680000006, 568.4291104
1714470080673, 2024-04-30T09:41:20.673Z, 334.81782499999997, 572.099162
1714470080718, 2024-04-30T09:41:20.718Z, 352.88320660000005, 575.2611564
1714470080732, 2024-04-30T09:41:20.732Z, 363.005901, 574.8323797999999
1714470080762, 2024-04-30T09:41:20.762Z, 368.4470816, 574.8723405999999
1714470080807, 2024-04-30T09:41:20.807Z, 372.88376780000004, 573.1026351999999
1714470080897, 2024-04-30T09:41:20.897Z, 371.0666324, 569.6652291999999
1714470080912, 2024-04-30T09:41:20.912Z, 358.2837948, 550.3710218
1714470080942, 2024-04-30T09:41:20.942Z, 345.9695362, 534.7357982000001
1714470080957, 2024-04-30T09:41:20.957Z, 337.4952272, 520.2774168
1714470080987, 2024-04-30T09:41:20.987Z, 329.7365208, 509.75720520000004
1714470081035, 2024-04-30T09:41:21.035Z, 329.023642, 496.275176
1714470081079, 2024-04-30T09:41:21.079Z, 340.37677419999994, 497.73634360000005
1714470081124, 2024-04-30T09:41:21.124Z, 358.3695802, 508.426066
1714470081170, 2024-04-30T09:41:21.170Z, 344.4481568, 521.2413162
1714470081186, 2024-04-30T09:41:21.186Z, 336.2468978, 533.2250283999999
1714470081217, 2024-04-30T09:41:21.217Z, 298.5141374, 544.9577926
1714470081233, 2024-04-30T09:41:21.233Z, 267.1726458, 562.4524494
1714470081264, 2024-04-30T09:41:21.264Z, 227.240609, 568.7090316
1714470081280, 2024-04-30T09:41:21.280Z, 220.1293368, 573.2613938
1714470081351, 2024-04-30T09:41:21.351Z, 186.9330414, 569.1840013999999
1714470081364, 2024-04-30T09:41:21.364Z, 184.41721539999998, 577.271434
1714470081394, 2024-04-30T09:41:21.394Z, 173.02609560000002, 582.3576274
1714470081409, 2024-04-30T09:41:21.409Z, 162.79337100000004, 587.413591
1714470081438, 2024-04-30T09:41:21.438Z, 149.46424140000002, 588.2510912
1714470081485, 2024-04-30T09:41:21.485Z, 156.2455822, 594.7629366000001
1714470081498, 2024-04-30T09:41:21.498Z, 155.23303119999997, 589.4870808000001
1714470081529, 2024-04-30T09:41:21.529Z, 158.3834398, 585.1867746
1714470081544, 2024-04-30T09:41:21.544Z, 162.67828379999997, 583.1483666
1714470081574, 2024-04-30T09:41:21.574Z, 166.2949408, 582.4997254000001
1714470081590, 2024-04-30T09:41:21.590Z, 169.3721646, 585.0150212000001
1714470081620, 2024-04-30T09:41:21.620Z, 170.3452432, 589.4294744000001
1714470081634, 2024-04-30T09:41:21.634Z, 168.94239120000003, 592.0172818
1714470081664, 2024-04-30T09:41:21.664Z, 176.484922, 600.4532741999999
1714470081679, 2024-04-30T09:41:21.679Z, 182.7029496, 608.8365289999999
1714470081709, 2024-04-30T09:41:21.709Z, 185.3336546, 618.1310609999999
1714470081724, 2024-04-30T09:41:21.724Z, 188.49889420000002, 626.6634265999999
1714470081770, 2024-04-30T09:41:21.770Z, 190.5496376, 635.4391751999999
1714470081799, 2024-04-30T09:41:21.799Z, 186.63290899999998, 639.5239052
1714470081814, 2024-04-30T09:41:21.814Z, 183.316465, 643.2491373999999
1714470081844, 2024-04-30T09:41:21.844Z, 190.2004304, 647.8434609999999
1714470081903, 2024-04-30T09:41:21.903Z, 207.9098798, 651.3273526
1714470081935, 2024-04-30T09:41:21.935Z, 238.353219, 653.7451768000001
1714470081950, 2024-04-30T09:41:21.950Z, 265.2461376, 653.9636476
1714470081981, 2024-04-30T09:41:21.981Z, 295.375335, 644.4671866
1714470081997, 2024-04-30T09:41:21.997Z, 324.77784519999994, 633.848649
1714470082027, 2024-04-30T09:41:22.027Z, 345.12729240000004, 623.2023207999999
1714470082071, 2024-04-30T09:41:22.071Z, 357.9738508, 612.7093146
1714470082121, 2024-04-30T09:41:22.121Z, 372.94453300000004, 603.1541491999999
1714470082167, 2024-04-30T09:41:22.167Z, 378.5484654, 602.4250952
1714470082183, 2024-04-30T09:41:22.183Z, 376.7387038, 599.9668978
1714470082263, 2024-04-30T09:41:22.263Z, 384.1646994, 596.3662082
1714470082278, 2024-04-30T09:41:22.278Z, 390.2397856, 592.6288488
1714470082294, 2024-04-30T09:41:22.294Z, 392.50964220000003, 593.0424892000001
1714470082341, 2024-04-30T09:41:22.341Z, 400.79120479999995, 589.1584394
1714470082386, 2024-04-30T09:41:22.386Z, 393.1888422, 587.3098686000001
1714470082401, 2024-04-30T09:41:22.401Z, 374.52311180000004, 586.7547264000001
1714470082431, 2024-04-30T09:41:22.431Z, 349.6554906, 568.2563085999999
1714470082447, 2024-04-30T09:41:22.447Z, 339.6128928, 542.6859538000001
1714470082476, 2024-04-30T09:41:22.476Z, 345.6542746, 520.8262466
1714470082492, 2024-04-30T09:41:22.492Z, 394.8691544, 492.340787
1714470082528, 2024-04-30T09:41:22.528Z, 541.3670286, 458.55817079999997
1714470082543, 2024-04-30T09:41:22.543Z, 711.5637266, 440.715914
1714470082581, 2024-04-30T09:41:22.581Z, 900.9601408000001, 420.39321959999995
1714470082628, 2024-04-30T09:41:22.628Z, 1074.772128, 400.4503476
1714470082672, 2024-04-30T09:41:22.672Z, 1221.9690213999997, 386.185968
1714470082762, 2024-04-30T09:41:22.762Z, 1266.9981996, 401.1311018
1714470083149, 2024-04-30T09:41:23.149Z, 1346.4497948, 368.2286254
1714470083164, 2024-04-30T09:41:23.164Z, 1403.1937901999997, 355.9006484
1714470083211, 2024-04-30T09:41:23.211Z, 1450.3820190000001, 339.780865
1714470083242, 2024-04-30T09:41:23.242Z, 1483.0914446000002, 324.36503460000006
1714470083284, 2024-04-30T09:41:23.284Z, 1517.4581620000001, 297.116347
1714470083299, 2024-04-30T09:41:23.299Z, 1496.6386084, 324.5223522
1714470083329, 2024-04-30T09:41:23.329Z, 1461.99933, 336.5430574
1714470083344, 2024-04-30T09:41:23.344Z, 1434.317707, 353.1478424
1714470083381, 2024-04-30T09:41:23.381Z, 1418.8302878, 366.62787360000004
1714470083396, 2024-04-30T09:41:23.396Z, 1403.9105444000002, 365.2195876
1714470083420, 2024-04-30T09:41:23.420Z, 1396.6959689999999, 365.9622882
1714470083434, 2024-04-30T09:41:23.434Z, 1390.7971588000003, 363.5594478
1714470083464, 2024-04-30T09:41:23.464Z, 1385.9080664, 361.2451134
1714470083479, 2024-04-30T09:41:23.479Z, 1389.027648, 366.7286772
1714470083517, 2024-04-30T09:41:23.517Z, 1395.406161, 393.7012592
1714470083571, 2024-04-30T09:41:23.571Z, 1398.6228414, 403.8716314
1714470083601, 2024-04-30T09:41:23.601Z, 1416.249095, 406.938239
1714470083615, 2024-04-30T09:41:23.615Z, 1437.046528, 412.099838
1714470083645, 2024-04-30T09:41:23.645Z, 1455.5677416, 407.2798446
1714470083661, 2024-04-30T09:41:23.661Z, 1476.862595, 380.2362812
1714470083693, 2024-04-30T09:41:23.693Z, 1495.435714, 370.3479534
1714470083750, 2024-04-30T09:41:23.750Z, 1503.314144, 386.05769919999994
1714470083780, 2024-04-30T09:41:23.780Z, 1509.8013127999998, 398.8473092
1714470083795, 2024-04-30T09:41:23.795Z, 1497.2468313999998, 412.2954168
1714470083840, 2024-04-30T09:41:23.840Z, 1481.1018591999998, 430.5323482
1714470083886, 2024-04-30T09:41:23.886Z, 1448.312196, 451.6144058
1714470083930, 2024-04-30T09:41:23.930Z, 1413.8361762, 457.6593852
1714470083979, 2024-04-30T09:41:23.979Z, 1357.7238996, 477.71723540000005
1714470084021, 2024-04-30T09:41:24.021Z, 1310.397347, 500.6629514
1714470084038, 2024-04-30T09:41:24.038Z, 1262.973229, 522.293104
1714470084054, 2024-04-30T09:41:24.054Z, 1231.0823504, 534.0692966
1714470084070, 2024-04-30T09:41:24.070Z, 1210.3926788, 541.1535132
1714470084185, 2024-04-30T09:41:24.185Z, 1216.0010856000001, 537.8889296
1714470084239, 2024-04-30T09:41:24.239Z, 1239.4373198, 524.0429492000001
1714470084288, 2024-04-30T09:41:24.288Z, 1267.6546202, 516.8098908000001
1714470084302, 2024-04-30T09:41:24.302Z, 1297.4514674, 512.3928804000001
1714470084320, 2024-04-30T09:41:24.320Z, 1292.7887316000001, 525.7899156
1714470084364, 2024-04-30T09:41:24.364Z, 1268.5659050000002, 542.143157
1714470084470, 2024-04-30T09:41:24.470Z, 1227.9234024, 571.4084498
1714470084499, 2024-04-30T09:41:24.499Z, 1187.2817736000002, 591.4704222
1714470084775, 2024-04-30T09:41:24.775Z, 1245.5851625999999, 580.3647798
1714470084790, 2024-04-30T09:41:24.790Z, 1290.2312096, 577.9806848000001
1714470084838, 2024-04-30T09:41:24.838Z, 1347.3963824000002, 569.0996748
1714470084883, 2024-04-30T09:41:24.883Z, 1411.4817622000003, 561.0829782
1714470084950, 2024-04-30T09:41:24.950Z, 1355.6969656, 577.4981756
1714470086126, 2024-04-30T09:41:26.126Z, 1319.5296272, 582.1453406
1714470086506, 2024-04-30T09:41:26.506Z, 1370.0041354, 473.6771514
1714470086554, 2024-04-30T09:41:26.554Z, 1407.983736, 386.4937718
1714470086585, 2024-04-30T09:41:26.585Z, 1444.1066213999998, 290.28407919999995
1714470086616, 2024-04-30T09:41:26.616Z, 1586.9973643999997, 188.3170042
1714470086929, 2024-04-30T09:41:26.929Z, 1491.7852714, 172.6811416
1714470086944, 2024-04-30T09:41:26.944Z, 1472.7233966, 247.51855859999995
1714470086990, 2024-04-30T09:41:26.990Z, 1474.7776244000001, 303.17053
1714470087083, 2024-04-30T09:41:27.083Z, 1486.0613814, 414.5141516
1714470087129, 2024-04-30T09:41:27.129Z, 1493.9128732000001, 485.10092599999996
1714470087214, 2024-04-30T09:41:27.214Z, 1646.6558374, 552.0035522000001
1714470087227, 2024-04-30T09:41:27.227Z, 1611.2046796, 644.775086
1714470087244, 2024-04-30T09:41:27.244Z, 1562.2335444, 733.1862706
1714470087272, 2024-04-30T09:41:27.272Z, 1515.2549846, 737.1120078000001
1714470087290, 2024-04-30T09:41:27.290Z, 1468.321208, 778.0917908
1714470087318, 2024-04-30T09:41:27.318Z, 1408.2564818, 762.097254
1714470087333, 2024-04-30T09:41:27.333Z, 1399.2254082000002, 715.5284549999999
1714470087349, 2024-04-30T09:41:27.349Z, 1391.5625512000001, 674.5438978
1714470087393, 2024-04-30T09:41:27.393Z, 1383.2307286, 673.1833849999999
1714470087425, 2024-04-30T09:41:27.425Z, 1397.668954, 687.0573532000001
1714470087445, 2024-04-30T09:41:27.445Z, 1398.7580506, 719.8445116
1714470087488, 2024-04-30T09:41:27.489Z, 1375.9263157999999, 726.7538432000001
1714470087519, 2024-04-30T09:41:27.519Z, 1345.5820824, 737.4543332000001
1714470087535, 2024-04-30T09:41:27.535Z, 1307.7041258, 741.8529246
1714470087550, 2024-04-30T09:41:27.550Z, 1259.269891, 721.3136928
1714470087566, 2024-04-30T09:41:27.566Z, 1204.3741814, 723.4790975999999
1714470087581, 2024-04-30T09:41:27.581Z, 1187.3438136, 752.1851893999999
1714470087620, 2024-04-30T09:41:27.620Z, 1183.7810996, 781.0613390000001
1714470087676, 2024-04-30T09:41:27.676Z, 1183.5151898, 808.4239077999999
1714470087707, 2024-04-30T09:41:27.707Z, 1182.5980204, 824.9283374
1714470087723, 2024-04-30T09:41:27.723Z, 1187.7626224, 804.347373
1714470087767, 2024-04-30T09:41:27.767Z, 1176.4636904, 788.4570426
1714470087802, 2024-04-30T09:41:27.802Z, 1180.5432836, 786.4248522
1714470087815, 2024-04-30T09:41:27.815Z, 1182.929328, 798.4612918
1714470087830, 2024-04-30T09:41:27.830Z, 1185.7669426, 818.0657517999999
1714470087846, 2024-04-30T09:41:27.846Z, 1190.4196521999997, 846.4289986
1714470087861, 2024-04-30T09:41:27.861Z, 1206.1705425999999, 871.9868141999999
1714470087877, 2024-04-30T09:41:27.877Z, 1205.3446482, 875.727116
1714470087893, 2024-04-30T09:41:27.893Z, 1199.000991, 864.7067202000001
1714470087919, 2024-04-30T09:41:27.920Z, 1193.4107339999998, 854.0801955999999
1714470087933, 2024-04-30T09:41:27.933Z, 1193.5702268, 850.9253638
1714470087963, 2024-04-30T09:41:27.963Z, 1191.5741871999999, 839.9927254
1714470087983, 2024-04-30T09:41:27.983Z, 1199.1152562, 832.2660818
1714470088021, 2024-04-30T09:41:28.021Z, 1211.0589615999997, 829.1692569999999
1714470088037, 2024-04-30T09:41:28.037Z, 1230.2145420000002, 821.6215282
1714470088075, 2024-04-30T09:41:28.075Z, 1239.0584804, 813.8875253999998
1714470088115, 2024-04-30T09:41:28.115Z, 1253.1110786, 822.1448902
1714470088131, 2024-04-30T09:41:28.131Z, 1262.5933088, 820.9411592
1714470088146, 2024-04-30T09:41:28.146Z, 1264.7228882000002, 829.6686758
1714470088162, 2024-04-30T09:41:28.162Z, 1262.9683456, 837.0715206000001
1714470088192, 2024-04-30T09:41:28.192Z, 1257.6042974, 832.3898605999999
1714470088236, 2024-04-30T09:41:28.236Z, 1248.9792508, 819.788241
1714470088250, 2024-04-30T09:41:28.250Z, 1234.7378398, 815.6615601999999
1714470088280, 2024-04-30T09:41:28.280Z, 1233.2388898000002, 799.7321588
1714470088298, 2024-04-30T09:41:28.298Z, 1227.9479056, 793.3082154
1714470088326, 2024-04-30T09:41:28.326Z, 1228.0858406, 792.5136004
1714470088340, 2024-04-30T09:41:28.340Z, 1225.8854832, 793.3607173999999
1714470088371, 2024-04-30T09:41:28.371Z, 1221.696312, 794.33222
1714470088385, 2024-04-30T09:41:28.385Z, 1204.3099026, 796.5990706
1714470088415, 2024-04-30T09:41:28.415Z, 1185.5836706000002, 795.6600136
1714470088430, 2024-04-30T09:41:28.430Z, 1169.8459238, 797.2657122
1714470088443, 2024-04-30T09:41:28.443Z, 1161.149799, 799.767388
1714470088460, 2024-04-30T09:41:28.460Z, 1151.4920052, 805.7341878
1714470088475, 2024-04-30T09:41:28.475Z, 1142.8228726000002, 813.1052648
1714470088519, 2024-04-30T09:41:28.519Z, 1134.9938952, 820.6847032
1714470088548, 2024-04-30T09:41:28.548Z, 1126.9697136, 824.8902962
1714470088563, 2024-04-30T09:41:28.563Z, 1116.4449342, 829.975194
1714470088593, 2024-04-30T09:41:28.593Z, 1112.7608928, 830.4028946000001
1714470088608, 2024-04-30T09:41:28.608Z, 1116.840041, 826.9198061999999
1714470088638, 2024-04-30T09:41:28.638Z, 1123.5833619999999, 821.628702
1714470088683, 2024-04-30T09:41:28.683Z, 1133.8663677999998, 818.4303604
1714470088698, 2024-04-30T09:41:28.698Z, 1147.0203635999999, 812.9146728
1714470088728, 2024-04-30T09:41:28.728Z, 1155.7940372, 802.4536168
1714470088747, 2024-04-30T09:41:28.747Z, 1158.8481786, 795.231419
1714470088788, 2024-04-30T09:41:28.788Z, 1163.3431324, 788.8016196
1714470088820, 2024-04-30T09:41:28.820Z, 1166.2052749999998, 778.569258
1714470088836, 2024-04-30T09:41:28.836Z, 1165.8078944000001, 772.0860958
1714470088866, 2024-04-30T09:41:28.866Z, 1161.8959817999998, 776.3948990000001
1714470088881, 2024-04-30T09:41:28.881Z, 1161.9821456, 779.388448
1714470088913, 2024-04-30T09:41:28.913Z, 1165.0982132, 784.2892996
1714470088928, 2024-04-30T09:41:28.928Z, 1167.9830676, 793.0688828
1714470088943, 2024-04-30T09:41:28.943Z, 1171.8296734, 797.424063
1714470088969, 2024-04-30T09:41:28.969Z, 1183.1338666, 798.0101578
1714470089002, 2024-04-30T09:41:29.002Z, 1191.9529354000001, 799.5818388
1714470089021, 2024-04-30T09:41:29.021Z, 1195.8714492000001, 798.9848053999999
1714470089036, 2024-04-30T09:41:29.036Z, 1196.479206, 793.5063028000001
1714470089052, 2024-04-30T09:41:29.052Z, 1199.6077972, 787.7609846
1714470089067, 2024-04-30T09:41:29.067Z, 1203.6677492, 785.052062
1714470089083, 2024-04-30T09:41:29.083Z, 1207.6240316, 777.66602
1714470089099, 2024-04-30T09:41:29.099Z, 1211.715271, 773.3424365999999
1714470089121, 2024-04-30T09:41:29.121Z, 1214.7115159999998, 771.3657209999999
1714470089138, 2024-04-30T09:41:29.138Z, 1217.0437348, 771.608112
1714470089153, 2024-04-30T09:41:29.153Z, 1215.0145002000002, 769.4141299999999
1714470089167, 2024-04-30T09:41:29.167Z, 1216.1463950000002, 770.8142998000001
1714470089184, 2024-04-30T09:41:29.184Z, 1214.0687256, 773.1145076
1714470089198, 2024-04-30T09:41:29.198Z, 1211.4173676, 776.834244
1714470089228, 2024-04-30T09:41:29.228Z, 1208.2721032, 776.3009744000001
1714470089240, 2024-04-30T09:41:29.240Z, 1205.9363921999998, 775.8988142000001
1714470089269, 2024-04-30T09:41:29.269Z, 1196.7742865999999, 774.7224607999999
1714470089284, 2024-04-30T09:41:29.284Z, 1187.3207805999998, 774.546949
1714470089300, 2024-04-30T09:41:29.300Z, 1179.4614922, 772.5628712
1714470089316, 2024-04-30T09:41:29.316Z, 1170.153444, 774.3112176000001
1714470089332, 2024-04-30T09:41:29.332Z, 1161.45252, 775.5869702000001
1714470089364, 2024-04-30T09:41:29.364Z, 1157.0466214, 778.6057892
1714470089380, 2024-04-30T09:41:29.380Z, 1153.9607556, 776.8545064
1714470089419, 2024-04-30T09:41:29.419Z, 1145.467872, 780.543673
1714470089459, 2024-04-30T09:41:29.459Z, 1143.5447576, 787.3737242
1714470089475, 2024-04-30T09:41:29.475Z, 1161.9299397999998, 798.326293
1714470089506, 2024-04-30T09:41:29.506Z, 1205.6393068, 816.5891187999999
1714470089520, 2024-04-30T09:41:29.520Z, 1254.8115092000003, 838.4732444000001
1714470089552, 2024-04-30T09:41:29.552Z, 1327.5661356, 862.6921348
1714470089589, 2024-04-30T09:41:29.589Z, 1389.8564682, 873.2381493999999
1714470089603, 2024-04-30T09:41:29.603Z, 1434.0639978000002, 876.9208814000001
1714470089646, 2024-04-30T09:41:29.646Z, 1456.4527728, 875.3951192000001
1714470089662, 2024-04-30T09:41:29.662Z, 1474.6653030000002, 871.9370308
1714470089677, 2024-04-30T09:41:29.677Z, 1478.1129864, 865.9836398
1714470089693, 2024-04-30T09:41:29.693Z, 1487.9327354000002, 871.878094
1714470089722, 2024-04-30T09:41:29.722Z, 1492.8692484, 881.9267127999999
1714470089735, 2024-04-30T09:41:29.735Z, 1474.1284274, 870.6274684
1714470089771, 2024-04-30T09:41:29.771Z, 1425.471892, 837.3057888
1714470089787, 2024-04-30T09:41:29.787Z, 1368.777322, 798.1920582
1714470089817, 2024-04-30T09:41:29.817Z, 1295.9767252000001, 745.0126253999999
1714470089832, 2024-04-30T09:41:29.832Z, 1224.3317032, 692.443389
1714470089871, 2024-04-30T09:41:29.871Z, 1171.4752495999999, 651.4572996
1714470089900, 2024-04-30T09:41:29.900Z, 1144.56762, 638.7166695999999
1714470089918, 2024-04-30T09:41:29.918Z, 1123.1612576, 631.9361690000001
1714470089972, 2024-04-30T09:41:29.972Z, 1135.028581, 646.934231