1701425644016, 2023-12-01T10:14:04.016Z, 117.111278, 226.131437
1701425644033, 2023-12-01T10:14:04.033Z, 110.7293275, 225.921045
1701425644049, 2023-12-01T10:14:04.049Z, 107.88633466666666, 226.510978
1701425644066, 2023-12-01T10:14:04.066Z, 108.85415175, 226.497526
1701425644094, 2023-12-01T10:14:04.094Z, 104.06508880000001, 226.47894639999998
1701425644110, 2023-12-01T10:14:04.110Z, 101.5616264, 226.4132654
1701425644127, 2023-12-01T10:14:04.127Z, 100.38351420000001, 227.64364100000003
1701425644141, 2023-12-01T10:14:04.141Z, 101.2705974, 228.7134294
1701425644157, 2023-12-01T10:14:04.157Z, 99.7137614, 230.31267480000002
1701425644173, 2023-12-01T10:14:04.173Z, 100.4470028, 229.7998514
1701425644190, 2023-12-01T10:14:04.190Z, 98.6683098, 227.5845384
1701425644216, 2023-12-01T10:14:04.216Z, 95.2026186, 226.36992119999996
1701425644252, 2023-12-01T10:14:04.252Z, 88.6921016, 224.6387412
1701425644268, 2023-12-01T10:14:04.268Z, 80.1440942, 222.85822759999996
1701425644286, 2023-12-01T10:14:04.286Z, 75.42483460000001, 221.49562
1701425644299, 2023-12-01T10:14:04.299Z, 70.38450279999999, 220.9039624
1701425644315, 2023-12-01T10:14:04.315Z, 66.6929262, 219.91108260000001
1701425644331, 2023-12-01T10:14:04.331Z, 68.3836664, 219.0687762
1701425644346, 2023-12-01T10:14:04.346Z, 72.5982964, 217.60163219999998
1701425644366, 2023-12-01T10:14:04.366Z, 78.721558, 218.997665
1701425644377, 2023-12-01T10:14:04.377Z, 80.468876, 221.12038559999996
1701425644396, 2023-12-01T10:14:04.396Z, 85.8551884, 221.23544439999995
1701425644423, 2023-12-01T10:14:04.423Z, 88.90293899999999, 217.1922934
1701425644439, 2023-12-01T10:14:04.439Z, 94.5228836, 212.7077038
1701425644455, 2023-12-01T10:14:04.455Z, 95.8194936, 208.41236339999995
1701425644470, 2023-12-01T10:14:04.470Z, 102.3175944, 207.82356019999997
1701425644486, 2023-12-01T10:14:04.486Z, 107.1075602, 207.87942439999998
1701425644514, 2023-12-01T10:14:04.514Z, 111.13281120000002, 213.4276906
1701425644531, 2023-12-01T10:14:04.531Z, 112.5953092, 219.9910664
1701425644549, 2023-12-01T10:14:04.549Z, 116.19237760000001, 224.98857379999998
1701425644565, 2023-12-01T10:14:04.565Z, 117.0073624, 223.46263760000002
1701425644581, 2023-12-01T10:14:04.581Z, 114.83490320000001, 220.6084778
1701425644596, 2023-12-01T10:14:04.596Z, 115.0771514, 214.47688520000003
1701425644612, 2023-12-01T10:14:04.612Z, 118.58844079999999, 210.2240662
1701425644628, 2023-12-01T10:14:04.628Z, 122.9648056, 207.4468088
1701425644642, 2023-12-01T10:14:04.642Z, 134.489629, 206.51075779999996
1701425644666, 2023-12-01T10:14:04.666Z, 151.7665196, 205.88159919999998
1701425644705, 2023-12-01T10:14:04.705Z, 172.6904104, 204.60912439999998
1701425644721, 2023-12-01T10:14:04.721Z, 195.1538762, 198.09308919999998
1701425644752, 2023-12-01T10:14:04.752Z, 216.0483196, 186.9377848
1701425644768, 2023-12-01T10:14:04.768Z, 232.1149544, 176.352194
1701425644785, 2023-12-01T10:14:04.785Z, 246.117459, 166.17289920000002
1701425644834, 2023-12-01T10:14:04.834Z, 257.092207, 165.1247066
1701425644860, 2023-12-01T10:14:04.860Z, 257.50211219999994, 174.0592304
1701425644876, 2023-12-01T10:14:04.876Z, 254.21192459999997, 192.07591580000002
1701425644892, 2023-12-01T10:14:04.892Z, 246.54089359999998, 215.48614399999997
1701425644908, 2023-12-01T10:14:04.908Z, 239.45175640000002, 237.80553479999998
1701425644923, 2023-12-01T10:14:04.923Z, 227.8873422, 253.03715499999998
1701425644939, 2023-12-01T10:14:04.939Z, 220.01994380000002, 261.4857406
1701425644964, 2023-12-01T10:14:04.964Z, 211.16812420000002, 268.43538639999997
1701425644987, 2023-12-01T10:14:04.987Z, 195.82536720000002, 290.879544
1701425645004, 2023-12-01T10:14:05.004Z, 176.06215860000003, 337.84568160000003
1701425645019, 2023-12-01T10:14:05.019Z, 151.99171180000002, 388.30285940000005
1701425645035, 2023-12-01T10:14:05.035Z, 126.9953824, 455.18786500000004
1701425645050, 2023-12-01T10:14:05.050Z, 109.985952, 520.2987016
1701425645065, 2023-12-01T10:14:05.065Z, 101.77465120000001, 564.8342998
1701425645082, 2023-12-01T10:14:05.082Z, 95.56077, 586.5044519999999
1701425645097, 2023-12-01T10:14:05.097Z, 95.03243040000001, 608.1498777999999
1701425645129, 2023-12-01T10:14:05.129Z, 87.8586962, 609.7315324
1701425645144, 2023-12-01T10:14:05.144Z, 83.5259902, 611.5331408
1701425645162, 2023-12-01T10:14:05.162Z, 78.7586354, 614.494678
1701425645191, 2023-12-01T10:14:05.191Z, 66.0420718, 614.577516
1701425645222, 2023-12-01T10:14:05.222Z, 51.818296999999994, 617.055678
1701425645238, 2023-12-01T10:14:05.238Z, 45.07019100000001, 622.1759132
1701425645268, 2023-12-01T10:14:05.268Z, 34.4496736, 627.789219
1701425645277, 2023-12-01T10:14:05.277Z, 22.223476800000004, 631.4903314
1701425645299, 2023-12-01T10:14:05.299Z, 18.874396200000003, 639.0033414
1701425645316, 2023-12-01T10:14:05.316Z, 15.9994642, 641.15957
1701425645332, 2023-12-01T10:14:05.332Z, 13.990452, 644.4202590000001
1701425645346, 2023-12-01T10:14:05.346Z, 9.655127400000001, 644.7119526
1701425645363, 2023-12-01T10:14:05.363Z, 8.0136912, 647.1713038
1701425645377, 2023-12-01T10:14:05.377Z, 7.1934706, 650.4390578
1701425645689, 2023-12-01T10:14:05.689Z, 6.0476782, 647.3377062
1701425645716, 2023-12-01T10:14:05.716Z, 29.212825600000002, 645.8911496000001
1701425645726, 2023-12-01T10:14:05.726Z, 52.123841000000006, 644.8543372
1701425645752, 2023-12-01T10:14:05.752Z, 77.5238996, 640.7494144
1701425645767, 2023-12-01T10:14:05.767Z, 104.3428982, 639.0376768
1701425645784, 2023-12-01T10:14:05.784Z, 134.0206764, 644.9650352000001
1701425645800, 2023-12-01T10:14:05.800Z, 140.8215486, 649.1123792000001
1701425645815, 2023-12-01T10:14:05.815Z, 155.93512700000002, 655.2791110000001
1701425645831, 2023-12-01T10:14:05.831Z, 169.811466, 663.0542075999999
1701425645848, 2023-12-01T10:14:05.848Z, 180.8421982, 664.8058568
1701425645863, 2023-12-01T10:14:05.863Z, 179.423523, 656.184611
1701425645880, 2023-12-01T10:14:05.880Z, 179.90817959999998, 648.6225292
1701425645909, 2023-12-01T10:14:05.909Z, 163.1879934, 637.7097258000001
1701425645925, 2023-12-01T10:14:05.925Z, 139.72194639999998, 625.0061458
1701425645956, 2023-12-01T10:14:05.956Z, 117.95011500000001, 613.206156
1701425645972, 2023-12-01T10:14:05.972Z, 104.4221178, 611.4837074
1701425646016, 2023-12-01T10:14:06.016Z, 92.16817959999999, 609.5094062000001
1701425646035, 2023-12-01T10:14:06.035Z, 96.5157262, 610.0266082
1701425646050, 2023-12-01T10:14:06.050Z, 110.8107904, 615.6477254
1701425646066, 2023-12-01T10:14:06.066Z, 124.967277, 622.4808038
1701425646082, 2023-12-01T10:14:06.082Z, 148.15450479999998, 630.8043804
1701425646097, 2023-12-01T10:14:06.097Z, 177.1302512, 640.7477931999999
1701425646113, 2023-12-01T10:14:06.113Z, 201.7506348, 657.6524775999999
1701425646130, 2023-12-01T10:14:06.130Z, 226.3842392, 680.4480764
1701425646144, 2023-12-01T10:14:06.144Z, 254.2231662, 706.1376869999999
1701425646168, 2023-12-01T10:14:06.168Z, 279.521264, 739.3798577999999
1701425646191, 2023-12-01T10:14:06.191Z, 300.8595412, 773.9290712
1701425646205, 2023-12-01T10:14:06.205Z, 320.2362896, 805.0244756
1701425646222, 2023-12-01T10:14:06.222Z, 336.8829172, 827.0916873999998
1701425646240, 2023-12-01T10:14:06.240Z, 332.44420479999997, 838.5579723999999
1701425646255, 2023-12-01T10:14:06.255Z, 325.94513919999997, 841.1230469999998
1701425646268, 2023-12-01T10:14:06.268Z, 317.32818199999997, 841.4284189999998
1701425646287, 2023-12-01T10:14:06.287Z, 304.4102216, 832.8917106000001
1701425646314, 2023-12-01T10:14:06.314Z, 290.5712522, 812.5615124
1701425646346, 2023-12-01T10:14:06.346Z, 290.5309988, 792.887575
1701425646360, 2023-12-01T10:14:06.360Z, 289.53232859999997, 755.6816728
1701425646376, 2023-12-01T10:14:06.377Z, 283.0571632, 692.2174762
1701425646392, 2023-12-01T10:14:06.392Z, 283.9905458, 633.3969614
1701425646408, 2023-12-01T10:14:06.408Z, 285.0987328, 586.2633822
1701425646423, 2023-12-01T10:14:06.423Z, 285.7262724, 543.9101654
1701425646440, 2023-12-01T10:14:06.440Z, 283.81298619999995, 518.3495312000001
1701425646487, 2023-12-01T10:14:06.487Z, 289.7807134, 521.1366216
1701425646502, 2023-12-01T10:14:06.502Z, 294.20867699999997, 525.3626944000001
1701425646518, 2023-12-01T10:14:06.518Z, 296.2812104, 529.5750186
1701425646533, 2023-12-01T10:14:06.533Z, 300.1485216, 535.411891
1701425646547, 2023-12-01T10:14:06.547Z, 304.5541126, 540.8304982000001
1701425646563, 2023-12-01T10:14:06.563Z, 302.79861220000004, 542.7962799999999
1701425646579, 2023-12-01T10:14:06.579Z, 298.598172, 542.4086502
1701425646594, 2023-12-01T10:14:06.594Z, 295.97479780000003, 542.750701
1701425646617, 2023-12-01T10:14:06.617Z, 294.7482608, 544.7895024
1701425646641, 2023-12-01T10:14:06.641Z, 290.3261626, 549.2935868000001
1701425646656, 2023-12-01T10:14:06.656Z, 287.2007114, 553.8902966
1701425646673, 2023-12-01T10:14:06.673Z, 287.1970835999999, 558.107943
1701425646688, 2023-12-01T10:14:06.688Z, 288.4394276, 561.9431114000001
1701425646704, 2023-12-01T10:14:06.704Z, 286.2032418, 564.832046
1701425646720, 2023-12-01T10:14:06.720Z, 293.27200700000003, 565.4367902000001
1701425646736, 2023-12-01T10:14:06.736Z, 300.3489356, 566.4296762
1701425646766, 2023-12-01T10:14:06.766Z, 295.84368120000005, 569.7592524
1701425646783, 2023-12-01T10:14:06.783Z, 288.9413384, 574.2100752
1701425646814, 2023-12-01T10:14:06.814Z, 293.7558666, 580.6157974
1701425646814, 2023-12-01T10:14:06.814Z, 293.12641799999994, 587.1851726000001
1701425646830, 2023-12-01T10:14:06.830Z, 285.4825242, 590.9015562000001
1701425646847, 2023-12-01T10:14:06.847Z, 294.41435359999997, 594.5257403999999
1701425646863, 2023-12-01T10:14:06.863Z, 304.80167020000005, 597.0590282000001
1701425646878, 2023-12-01T10:14:06.878Z, 305.37304340000003, 596.1358472
1701425646892, 2023-12-01T10:14:06.892Z, 307.0107866, 594.4608398
1701425646915, 2023-12-01T10:14:06.915Z, 317.5883718, 595.8473596
1701425646955, 2023-12-01T10:14:06.955Z, 327.4457934, 578.2289438
1701425646970, 2023-12-01T10:14:06.970Z, 336.78571220000003, 561.6853699999999
1701425647002, 2023-12-01T10:14:07.002Z, 347.052995, 538.2697129999999
1701425647019, 2023-12-01T10:14:07.019Z, 355.83992779999994, 507.71688359999996
1701425647033, 2023-12-01T10:14:07.033Z, 366.990951, 479.34881160000003
1701425647080, 2023-12-01T10:14:07.080Z, 367.5039056, 456.9072344
1701425647096, 2023-12-01T10:14:07.096Z, 367.76967759999997, 432.9789868
1701425647130, 2023-12-01T10:14:07.130Z, 364.45706340000004, 418.9402086
1701425647143, 2023-12-01T10:14:07.143Z, 359.206554, 411.647225
1701425647174, 2023-12-01T10:14:07.174Z, 319.48721919999997, 389.77016100000003
1701425647191, 2023-12-01T10:14:07.191Z, 281.9244508, 379.4577226
1701425647241, 2023-12-01T10:14:07.241Z, 228.32676460000002, 375.0604052
1701425647318, 2023-12-01T10:14:07.318Z, 164.0334224, 388.2116672
1701425647334, 2023-12-01T10:14:07.334Z, 101.7382108, 402.56453680000004
1701425647367, 2023-12-01T10:14:07.367Z, 74.4105796, 427.7196014
1701425647396, 2023-12-01T10:14:07.396Z, 75.92441060000002, 444.3911892
1701425647430, 2023-12-01T10:14:07.430Z, 94.54705820000001, 455.27873120000004
1701425647442, 2023-12-01T10:14:07.442Z, 127.25601759999999, 443.76420099999996
1701425647458, 2023-12-01T10:14:07.458Z, 139.44346660000002, 411.61388500000004
1701425649533, 2023-12-01T10:14:09.533Z, 339.77096279999995, 328.62642339999996
1701425649547, 2023-12-01T10:14:09.547Z, 524.4285796, 250.1582684
1701425649578, 2023-12-01T10:14:09.578Z, 708.710269, 179.938116
1701425649595, 2023-12-01T10:14:09.595Z, 893.3229992, 113.717625
1701425649799, 2023-12-01T10:14:09.799Z, 1139.7479638, 75.4373046
1701425649815, 2023-12-01T10:14:09.815Z, 1209.5019172, 113.9664716
1701425649834, 2023-12-01T10:14:09.834Z, 1269.1433378, 155.9719164
1701425649861, 2023-12-01T10:14:09.861Z, 1329.7490884, 182.3457846
1701425649878, 2023-12-01T10:14:09.878Z, 1387.9517176000002, 213.7803906
1701425649894, 2023-12-01T10:14:09.894Z, 1408.3172928, 235.2270686
1701425649918, 2023-12-01T10:14:09.918Z, 1411.3951015999999, 228.2163924
1701425649934, 2023-12-01T10:14:09.934Z, 1414.0856836, 221.3929612
1701425649955, 2023-12-01T10:14:09.955Z, 1416.421621, 221.49585779999998
1701425649971, 2023-12-01T10:14:09.971Z, 1420.674985, 214.33911400000002
1701425649987, 2023-12-01T10:14:09.987Z, 1422.8518188, 209.4837066
1701425650000, 2023-12-01T10:14:10.000Z, 1426.267338, 207.88373280000002
1701425650016, 2023-12-01T10:14:10.016Z, 1429.9753854, 204.19408679999998
1701425650031, 2023-12-01T10:14:10.031Z, 1432.7451070000002, 201.29586379999998
1701425650047, 2023-12-01T10:14:10.047Z, 1437.4926206, 200.152132
1701425650094, 2023-12-01T10:14:10.094Z, 1442.5132286, 198.4626898
1701425650188, 2023-12-01T10:14:10.188Z, 1448.8256450000001, 198.6361836
1701425650219, 2023-12-01T10:14:10.219Z, 1466.0140802, 197.0451564
1701425650233, 2023-12-01T10:14:10.233Z, 1474.3502907999998, 196.77056720000002
1701425650249, 2023-12-01T10:14:10.249Z, 1482.135487, 194.7961228
1701425650265, 2023-12-01T10:14:10.265Z, 1487.1837062000002, 193.03495900000001
1701425650282, 2023-12-01T10:14:10.282Z, 1488.9106158, 189.671689
1701425650313, 2023-12-01T10:14:10.313Z, 1476.0764491999998, 190.151882
1701425650328, 2023-12-01T10:14:10.328Z, 1467.9969244000001, 189.5823216
1701425650364, 2023-12-01T10:14:10.364Z, 1452.3501634000002, 192.4891818
1701425650380, 2023-12-01T10:14:10.380Z, 1439.5414028, 193.7360486
1701425650406, 2023-12-01T10:14:10.406Z, 1427.6642696000001, 194.594535
1701425650423, 2023-12-01T10:14:10.423Z, 1416.2179396, 196.7043968
1701425650438, 2023-12-01T10:14:10.438Z, 1407.941913, 199.4154572
1701425650453, 2023-12-01T10:14:10.453Z, 1406.950557, 198.62789219999996
1701425650468, 2023-12-01T10:14:10.468Z, 1403.2478016, 199.6841508
1701425650485, 2023-12-01T10:14:10.485Z, 1401.6980903999997, 200.7515072
1701425650501, 2023-12-01T10:14:10.501Z, 1404.4904947999999, 200.86822279999998
1701425650549, 2023-12-01T10:14:10.549Z, 1399.8198404000002, 205.475536
1701425650580, 2023-12-01T10:14:10.580Z, 1397.9068206, 211.36776019999996
1701425650596, 2023-12-01T10:14:10.596Z, 1399.0002002, 216.1951578
1701425650611, 2023-12-01T10:14:10.611Z, 1401.4930524, 219.17681299999998
1701425650628, 2023-12-01T10:14:10.628Z, 1402.7413264, 220.0822136
1701425650643, 2023-12-01T10:14:10.643Z, 1409.5212862, 218.1771014
1701425650863, 2023-12-01T10:14:10.863Z, 1484.8082280000003, 219.3985922
1701425650881, 2023-12-01T10:14:10.881Z, 1543.8813588, 222.4619388
1701425650898, 2023-12-01T10:14:10.898Z, 1600.8581394, 228.0190148
1701425650914, 2023-12-01T10:14:10.914Z, 1656.0390538, 235.22354
1701425650929, 2023-12-01T10:14:10.929Z, 1714.1933746, 240.2026962
1701425650943, 2023-12-01T10:14:10.943Z, 1700.551351, 241.6974402
1701425651115, 2023-12-01T10:14:11.115Z, 1696.196717, 245.56600400000002
1701425651129, 2023-12-01T10:14:11.129Z, 1688.7527176000003, 250.6016216
1701425651160, 2023-12-01T10:14:11.160Z, 1668.434993, 259.0493292
1701425651181, 2023-12-01T10:14:11.181Z, 1639.7995987999998, 269.55351659999997
1701425651214, 2023-12-01T10:14:11.214Z, 1540.0256732, 305.309044
1701425651225, 2023-12-01T10:14:11.225Z, 1442.9352322, 338.34467
1701425651264, 2023-12-01T10:14:11.264Z, 1341.3730068, 372.2376162
1701425651302, 2023-12-01T10:14:11.302Z, 1257.3699095999998, 403.5405532
1701425651318, 2023-12-01T10:14:11.318Z, 1184.8333209999998, 431.5941404
1701425651333, 2023-12-01T10:14:11.333Z, 1193.1168776, 432.1919312
1701425651349, 2023-12-01T10:14:11.349Z, 1203.254523, 433.26148759999995
1701425651365, 2023-12-01T10:14:11.365Z, 1215.4582708, 432.5717726
1701425651381, 2023-12-01T10:14:11.381Z, 1222.0168444, 431.8143328
1701425651398, 2023-12-01T10:14:11.398Z, 1225.021134, 432.2591788
1701425651445, 2023-12-01T10:14:11.445Z, 1219.2071970000002, 434.28010939999996
1701425651460, 2023-12-01T10:14:11.460Z, 1212.0446708, 433.75987339999995
1701425651493, 2023-12-01T10:14:11.493Z, 1203.5642872, 423.78921579999997
1701425651525, 2023-12-01T10:14:11.525Z, 1189.3294549999998, 414.25373479999996
1701425651537, 2023-12-01T10:14:11.537Z, 1174.7505569999998, 405.32055499999996
1701425651566, 2023-12-01T10:14:11.566Z, 1160.3864494, 396.9182958
1701425651585, 2023-12-01T10:14:11.585Z, 1147.8074411999999, 390.4006396
1701425651601, 2023-12-01T10:14:11.601Z, 1142.2846023999998, 391.85368299999993
1701425651616, 2023-12-01T10:14:11.616Z, 1145.7799633999998, 391.71278079999996
1701425651636, 2023-12-01T10:14:11.636Z, 1150.8365548, 390.2254962
1701425651647, 2023-12-01T10:14:11.647Z, 1152.8995046, 388.25680639999996
1701425651662, 2023-12-01T10:14:11.662Z, 1152.782091, 385.2268588
1701425651679, 2023-12-01T10:14:11.679Z, 1143.7182639999999, 386.0794756
1701425651696, 2023-12-01T10:14:11.696Z, 1134.0999282, 383.6430776
1701425651715, 2023-12-01T10:14:11.715Z, 1121.650842, 381.9430456
1701425651742, 2023-12-01T10:14:11.742Z, 1113.1600459999997, 380.32881199999997
1701425651757, 2023-12-01T10:14:11.757Z, 1107.0959435999998, 379.62239680000005
1701425651773, 2023-12-01T10:14:11.773Z, 1102.0752992, 376.87382740000004
1701425651788, 2023-12-01T10:14:11.788Z, 1089.1078682000002, 377.3481474
1701425651805, 2023-12-01T10:14:11.805Z, 1076.7045126, 377.48304039999994
1701425651820, 2023-12-01T10:14:11.820Z, 1068.1371801999999, 385.5026208
1701425651850, 2023-12-01T10:14:11.850Z, 1061.4198124, 394.4082436
1701425651867, 2023-12-01T10:14:11.867Z, 1067.3276458, 403.714693
1701425651883, 2023-12-01T10:14:11.883Z, 1083.8499901999999, 413.22907299999997
1701425651899, 2023-12-01T10:14:11.899Z, 1097.5652824000001, 422.7863252
1701425651914, 2023-12-01T10:14:11.914Z, 1110.0399058, 424.12776900000006
1701425651931, 2023-12-01T10:14:11.931Z, 1117.1489294, 425.0669392
1701425651946, 2023-12-01T10:14:11.946Z, 1113.3312542, 420.95259400000003
1701425651962, 2023-12-01T10:14:11.962Z, 1107.3282140000001, 418.4572786
1701425651977, 2023-12-01T10:14:11.977Z, 1105.9499294000002, 416.0076437999999
1701425652017, 2023-12-01T10:14:12.017Z, 1100.4082568000001, 414.01747919999997
1701425652041, 2023-12-01T10:14:12.041Z, 1092.3209912000002, 410.3878346
1701425652056, 2023-12-01T10:14:12.056Z, 1091.1453496000001, 410.9275348
1701425652074, 2023-12-01T10:14:12.074Z, 1087.2392638000001, 409.5398794000001
1701425652088, 2023-12-01T10:14:12.088Z, 1051.7062953999998, 400.8230772
1701425652119, 2023-12-01T10:14:12.119Z, 1009.7498029999999, 391.45542459999996
1701425652136, 2023-12-01T10:14:12.136Z, 928.0785142000001, 366.4329286
1701425652162, 2023-12-01T10:14:12.162Z, 827.2544674000001, 329.7791684
1701425652182, 2023-12-01T10:14:12.182Z, 698.9951331999999, 278.29730340000003
1701425652201, 2023-12-01T10:14:12.201Z, 601.3979503999999, 231.6852796
1701425652214, 2023-12-01T10:14:12.214Z, 510.1031214000001, 188.56450979999997
1701425652230, 2023-12-01T10:14:12.230Z, 463.81401940000006, 163.45315799999997
1701425652244, 2023-12-01T10:14:12.244Z, 416.9944944, 160.64985659999996
1701425652259, 2023-12-01T10:14:12.259Z, 392.41596820000007, 176.0516904
1701425652275, 2023-12-01T10:14:12.275Z, 372.7696774, 192.74737639999998
1701425652291, 2023-12-01T10:14:12.291Z, 346.00150840000003, 205.4220674
1701425652315, 2023-12-01T10:14:12.315Z, 320.488714, 216.9221336
1701425652340, 2023-12-01T10:14:12.340Z, 310.3436032, 215.4255642
1701425652370, 2023-12-01T10:14:12.370Z, 286.8386656, 204.2072394
1701425652385, 2023-12-01T10:14:12.385Z, 258.3962396, 193.5853756
1701425652417, 2023-12-01T10:14:12.417Z, 237.6082482, 184.5820786
1701425652433, 2023-12-01T10:14:12.433Z, 217.11842099999998, 176.93057140000002
1701425652481, 2023-12-01T10:14:12.481Z, 200.15685399999998, 172.5860194
1701425652496, 2023-12-01T10:14:12.496Z, 205.8682436, 174.9788306
1701425652511, 2023-12-01T10:14:12.511Z, 209.2371416, 177.4971622
1701425652543, 2023-12-01T10:14:12.543Z, 210.7537628, 180.93590859999998
1701425652560, 2023-12-01T10:14:12.560Z, 205.41013620000004, 184.6805288
1701425652592, 2023-12-01T10:14:12.592Z, 198.704155, 186.9089716
1701425652655, 2023-12-01T10:14:12.655Z, 173.8768384, 187.16420620000002
1701425652687, 2023-12-01T10:14:12.687Z, 144.1982542, 190.05597339999997
1701425652702, 2023-12-01T10:14:12.702Z, 116.59409420000001, 193.90980340000002
1701425652721, 2023-12-01T10:14:12.721Z, 103.5662124, 198.51966940000003
1701425652749, 2023-12-01T10:14:12.749Z, 88.4874728, 204.96685259999998
1701425652772, 2023-12-01T10:14:12.772Z, 88.5913144, 215.2463492
1701425652797, 2023-12-01T10:14:12.797Z, 98.1199882, 222.6028288
1701425652813, 2023-12-01T10:14:12.813Z, 106.85376920000002, 232.46431540000003
1701425652829, 2023-12-01T10:14:12.829Z, 107.63205559999999, 241.50793960000001
1701425652844, 2023-12-01T10:14:12.844Z, 121.12640979999999, 247.90866319999995
1701425652878, 2023-12-01T10:14:12.878Z, 131.7533786, 252.88718699999998
1701425652881, 2023-12-01T10:14:12.881Z, 138.0515382, 254.16523379999998
1701425652941, 2023-12-01T10:14:12.941Z, 143.8814908, 248.5637784
1701425652956, 2023-12-01T10:14:12.956Z, 152.29797879999998, 242.6194372
1701425652970, 2023-12-01T10:14:12.970Z, 148.8764846, 237.84955179999997
1701425652987, 2023-12-01T10:14:12.987Z, 144.62358, 235.61610100000001
1701425653002, 2023-12-01T10:14:13.002Z, 141.25531540000003, 242.2495038
1701425653033, 2023-12-01T10:14:13.033Z, 138.61911279999998, 252.403197
1701425653048, 2023-12-01T10:14:13.048Z, 130.13878119999998, 262.2511392
1701425653080, 2023-12-01T10:14:13.080Z, 130.4063728, 274.6777336
1701425653096, 2023-12-01T10:14:13.096Z, 131.3932036, 284.24040140000005
1701425653111, 2023-12-01T10:14:13.111Z, 135.62411120000002, 288.508068
1701425653142, 2023-12-01T10:14:13.142Z, 140.4092122, 294.14889459999995
1701425653159, 2023-12-01T10:14:13.159Z, 138.9504388, 300.7276424
1701425653175, 2023-12-01T10:14:13.175Z, 129.8397866, 304.835647
1701425653191, 2023-12-01T10:14:13.191Z, 123.609868, 308.61202239999994
1701425653217, 2023-12-01T10:14:13.217Z, 121.0038726, 312.46204580000006
1701425653239, 2023-12-01T10:14:13.239Z, 115.9554224, 316.1497838
1701425653255, 2023-12-01T10:14:13.255Z, 122.11184, 317.5778728
1701425653273, 2023-12-01T10:14:13.273Z, 130.48394820000001, 316.07702559999996
1701425653284, 2023-12-01T10:14:13.284Z, 133.7403604, 313.90360019999997
1701425653303, 2023-12-01T10:14:13.303Z, 126.25093, 310.700029
1701425653316, 2023-12-01T10:14:13.316Z, 122.32219, 305.035434
1701425653332, 2023-12-01T10:14:13.332Z, 112.25808880000002, 299.404164
1701425653347, 2023-12-01T10:14:13.347Z, 110.54930920000001, 296.2015824
1701425653366, 2023-12-01T10:14:13.366Z, 113.7193994, 293.25061420000003
1701425653395, 2023-12-01T10:14:13.395Z, 126.98924919999999, 293.2779314
1701425653411, 2023-12-01T10:14:13.411Z, 129.02503059999998, 294.4419256
1701425653425, 2023-12-01T10:14:13.425Z, 130.8213878, 295.96640779999996
1701425653443, 2023-12-01T10:14:13.443Z, 125.66436859999999, 299.8570366
1701425653458, 2023-12-01T10:14:13.458Z, 111.6386512, 303.297228
1701425653475, 2023-12-01T10:14:13.475Z, 96.00954579999998, 306.3136608
1701425653490, 2023-12-01T10:14:13.490Z, 86.7605978, 307.456135
1701425653514, 2023-12-01T10:14:13.514Z, 83.2690708, 309.2021772
1701425653538, 2023-12-01T10:14:13.538Z, 81.58832279999999, 309.1546274
1701425653570, 2023-12-01T10:14:13.570Z, 93.1319894, 310.73560499999996
1701425653585, 2023-12-01T10:14:13.585Z, 108.03117419999998, 310.9778578
1701425653632, 2023-12-01T10:14:13.632Z, 127.90875019999999, 313.9440436
1701425653726, 2023-12-01T10:14:13.726Z, 342.40145939999996, 352.6740562
1701425653741, 2023-12-01T10:14:13.741Z, 556.8998439999999, 390.713692
1701425653774, 2023-12-01T10:14:13.774Z, 770.4430248000001, 425.04505659999995
1701425653788, 2023-12-01T10:14:13.788Z, 976.3964052000001, 457.1198264000001
1701425653816, 2023-12-01T10:14:13.816Z, 1182.0510036, 487.4096796
1701425653835, 2023-12-01T10:14:13.835Z, 1189.0063065999998, 480.9180136
1701425653851, 2023-12-01T10:14:13.851Z, 1187.2437224, 472.98738960000003
1701425653867, 2023-12-01T10:14:13.867Z, 1184.4952782, 470.9411764
1701425653886, 2023-12-01T10:14:13.886Z, 1178.1443826, 472.59142
1701425653898, 2023-12-01T10:14:13.898Z, 1178.7678469999998, 479.0012178
1701425653914, 2023-12-01T10:14:13.914Z, 1180.9418748, 485.42437279999996
1701425653945, 2023-12-01T10:14:13.945Z, 1186.0904686, 492.84736439999995
1701425653964, 2023-12-01T10:14:13.964Z, 1189.3832534, 493.5392078
1701425653993, 2023-12-01T10:14:13.993Z, 1200.1244516000002, 494.133061
1701425654009, 2023-12-01T10:14:14.009Z, 1205.3042086, 487.7371384
1701425654041, 2023-12-01T10:14:14.041Z, 1212.9745528, 483.4288998
1701425654057, 2023-12-01T10:14:14.057Z, 1220.9539438, 478.9995322
1701425654073, 2023-12-01T10:14:14.073Z, 1230.1093402, 480.4349756
1701425654106, 2023-12-01T10:14:14.106Z, 1234.6155304000001, 481.7234141999999
1701425654119, 2023-12-01T10:14:14.119Z, 1236.7612654, 486.54127619999997
1701425654134, 2023-12-01T10:14:14.134Z, 1237.0704323999998, 489.7002842
1701425654150, 2023-12-01T10:14:14.150Z, 1234.5673286, 494.5982884
1701425654166, 2023-12-01T10:14:14.166Z, 1230.856705, 498.675206
1701425654182, 2023-12-01T10:14:14.182Z, 1228.9702768, 502.3387756
1701425654198, 2023-12-01T10:14:14.198Z, 1225.853004, 504.1478684
1701425654214, 2023-12-01T10:14:14.214Z, 1220.6224034, 504.0477498
1701425654229, 2023-12-01T10:14:14.229Z, 1217.7806588, 502.6373098
1701425654245, 2023-12-01T10:14:14.245Z, 1209.0498726, 500.000335
1701425654267, 2023-12-01T10:14:14.267Z, 1199.0742244, 496.63724460000003
1701425654323, 2023-12-01T10:14:14.323Z, 1194.7418184000003, 491.6846934
1701425654354, 2023-12-01T10:14:14.354Z, 1202.4241686, 494.96563679999997
1701425654368, 2023-12-01T10:14:14.368Z, 1214.2276912000002, 501.3342066
1701425654384, 2023-12-01T10:14:14.384Z, 1223.5884474, 506.85901120000005
1701425654402, 2023-12-01T10:14:14.402Z, 1227.6351508, 511.24007180000007
1701425654416, 2023-12-01T10:14:14.416Z, 1221.5839882, 516.6546142000001
1701425654434, 2023-12-01T10:14:14.434Z, 1204.7278677999998, 515.5369062
1701425654449, 2023-12-01T10:14:14.449Z, 1183.6600712000002, 510.43289139999996
1701425654463, 2023-12-01T10:14:14.463Z, 1161.9862492, 502.6788942
1701425654479, 2023-12-01T10:14:14.479Z, 1149.1874712000001, 498.56312719999994
1701425654495, 2023-12-01T10:14:14.495Z, 1139.690118, 494.18929420000006
1701425654511, 2023-12-01T10:14:14.511Z, 1123.4595404000002, 484.66779859999997
1701425654528, 2023-12-01T10:14:14.528Z, 1109.0238528000002, 477.07750560000005
1701425654542, 2023-12-01T10:14:14.542Z, 1102.8363184, 474.6366881999999
1701425654567, 2023-12-01T10:14:14.567Z, 1095.3131354000002, 470.98169939999997
1701425654580, 2023-12-01T10:14:14.580Z, 1090.0087662, 468.52652539999997
1701425654606, 2023-12-01T10:14:14.606Z, 1088.384132, 471.9997158
1701425654621, 2023-12-01T10:14:14.621Z, 1087.4145451999998, 475.7850490000001
1701425654637, 2023-12-01T10:14:14.637Z, 1087.619844, 478.4086228
1701425654669, 2023-12-01T10:14:14.669Z, 1087.033935, 480.3538032
1701425654684, 2023-12-01T10:14:14.684Z, 1085.7080432, 482.82370419999995
1701425654700, 2023-12-01T10:14:14.700Z, 1085.7943908, 484.9426672000001
1701425654729, 2023-12-01T10:14:14.729Z, 1085.7565928, 488.8467662
1701425654749, 2023-12-01T10:14:14.749Z, 1090.5926308, 496.5893752
1701425654776, 2023-12-01T10:14:14.776Z, 1095.24489, 504.4676862
1701425654792, 2023-12-01T10:14:14.792Z, 1104.0605131999998, 512.8356004
1701425654809, 2023-12-01T10:14:14.809Z, 1113.0678712, 520.8964622
1701425654823, 2023-12-01T10:14:14.823Z, 1117.8987496, 524.0976268
1701425654839, 2023-12-01T10:14:14.839Z, 1116.1149768, 520.7827462
1701425654864, 2023-12-01T10:14:14.864Z, 1110.2448081999999, 517.2786208
1701425654884, 2023-12-01T10:14:14.884Z, 1104.7128212, 512.446544
1701425654902, 2023-12-01T10:14:14.902Z, 1102.775976, 508.6818254
1701425654915, 2023-12-01T10:14:14.915Z, 1105.8416948, 505.386952
1701425654931, 2023-12-01T10:14:14.931Z, 1115.1276242, 508.01268300000004
1701425654947, 2023-12-01T10:14:14.947Z, 1129.0488300000002, 510.9994766
1701425654962, 2023-12-01T10:14:14.962Z, 1134.2075710000001, 508.85514700000004
1701425654978, 2023-12-01T10:14:14.978Z, 1139.0078746, 507.1766706
1701425654994, 2023-12-01T10:14:14.994Z, 1143.2282322, 509.3694326
1701425655016, 2023-12-01T10:14:15.016Z, 1146.3104010000002, 510.6567854
1701425655033, 2023-12-01T10:14:15.033Z, 1147.9543482000001, 506.99137200000007
1701425655057, 2023-12-01T10:14:15.057Z, 1159.2566004, 507.8079954
1701425655073, 2023-12-01T10:14:15.073Z, 1184.7272466, 516.1152341999999
1701425655089, 2023-12-01T10:14:15.089Z, 1219.2850216, 523.8984063999999
1701425655106, 2023-12-01T10:14:15.106Z, 1254.3606215999998, 528.4898862
1701425655121, 2023-12-01T10:14:15.121Z, 1292.1341797999999, 537.1021558
1701425655213, 2023-12-01T10:14:15.213Z, 1340.632281, 555.1052058
1701425655244, 2023-12-01T10:14:15.244Z, 1374.225737, 564.2174188
1701425655260, 2023-12-01T10:14:15.260Z, 1396.83869, 571.3942896000001
1701425655290, 2023-12-01T10:14:15.290Z, 1398.4586414, 577.6678334000001
1701425655330, 2023-12-01T10:14:15.330Z, 1398.3772026000001, 584.6139864
1701425655355, 2023-12-01T10:14:15.355Z, 1381.7730044, 582.0914002
1701425655386, 2023-12-01T10:14:15.386Z, 1364.1652024, 573.6749743999999
1701425655402, 2023-12-01T10:14:15.402Z, 1344.4532894, 566.0751502
1701425655433, 2023-12-01T10:14:15.433Z, 1339.9719922, 562.5215306
1701425655447, 2023-12-01T10:14:15.447Z, 1335.4616925999999, 559.2091631999999
1701425655470, 2023-12-01T10:14:15.470Z, 1308.4001634, 555.2051068000001
1701425655495, 2023-12-01T10:14:15.495Z, 1276.0250134, 556.2799155999999
1701425655510, 2023-12-01T10:14:15.510Z, 1232.9725714, 554.332604
1701425655558, 2023-12-01T10:14:15.558Z, 1192.198569, 550.4161422000001
1701425655574, 2023-12-01T10:14:15.574Z, 1151.1668022, 546.1654748
1701425655615, 2023-12-01T10:14:15.615Z, 1136.7414438, 549.1738444
1701425655651, 2023-12-01T10:14:15.651Z, 1127.1836403999998, 552.0832687999999
1701425655667, 2023-12-01T10:14:15.667Z, 1128.5691122, 556.5532402
1701425655699, 2023-12-01T10:14:15.699Z, 1122.3167206, 558.4421839999999
1701425655715, 2023-12-01T10:14:15.715Z, 1117.6048008000002, 560.5278136
1701425655746, 2023-12-01T10:14:15.746Z, 1114.5252811999999, 557.7125315999999
1701425655792, 2023-12-01T10:14:15.792Z, 1116.24232, 556.8225077999999
1701425655807, 2023-12-01T10:14:15.807Z, 1117.3127646, 557.0696181999999
1701425655838, 2023-12-01T10:14:15.838Z, 1123.8543038000003, 555.1532030000001
1701425655854, 2023-12-01T10:14:15.854Z, 1133.4648552, 550.7547695999999
1701425655869, 2023-12-01T10:14:15.869Z, 1136.6849026, 546.2104952
1701425655884, 2023-12-01T10:14:15.884Z, 1136.3841372, 540.098144
1701425655900, 2023-12-01T10:14:15.900Z, 1136.1117448, 533.3169004
1701425655916, 2023-12-01T10:14:15.916Z, 1136.8004492, 530.081093
1701425655947, 2023-12-01T10:14:15.947Z, 1131.1783014, 532.5915554000001
1701425655962, 2023-12-01T10:14:15.962Z, 1127.0034586, 535.8617562000001
1701425655978, 2023-12-01T10:14:15.978Z, 1123.0172281999999, 539.4898644
1701425656010, 2023-12-01T10:14:16.010Z, 1124.2621402, 546.1352188
1701425656027, 2023-12-01T10:14:16.027Z, 1125.735552, 553.8492641999999
1701425656122, 2023-12-01T10:14:16.122Z, 1134.6610226, 562.4841104
1701425656150, 2023-12-01T10:14:16.150Z, 1141.9885778, 566.8861198
1701425656198, 2023-12-01T10:14:16.198Z, 1148.4795470000001, 572.1131241999999
1701425656232, 2023-12-01T10:14:16.232Z, 1152.2891172, 576.0420912
1701425656246, 2023-12-01T10:14:16.246Z, 1155.4861544, 579.7528153999999
1701425656260, 2023-12-01T10:14:16.260Z, 1148.3134691999999, 571.2321881999999
1701425656276, 2023-12-01T10:14:16.276Z, 1139.5408806, 562.63182
1701425656292, 2023-12-01T10:14:16.292Z, 1132.1249086, 556.3462271999999
1701425656307, 2023-12-01T10:14:16.307Z, 1124.7265364, 549.8599658
1701425656323, 2023-12-01T10:14:16.323Z, 1120.4490498, 548.1881628
1701425656339, 2023-12-01T10:14:16.339Z, 1129.24733, 570.3547688000001
1701425656366, 2023-12-01T10:14:16.366Z, 1146.7685032000002, 602.732087
1701425656388, 2023-12-01T10:14:16.388Z, 1163.6528866, 633.3306212
1701425656403, 2023-12-01T10:14:16.403Z, 1180.2163320000002, 656.5301594
1701425656418, 2023-12-01T10:14:16.418Z, 1194.7182578, 676.6536990000001
1701425656433, 2023-12-01T10:14:16.433Z, 1201.0191254000001, 680.5323224
1701425656450, 2023-12-01T10:14:16.450Z, 1196.1160594, 671.5456448
1701425656465, 2023-12-01T10:14:16.465Z, 1194.1682192, 666.0711398000001
1701425656481, 2023-12-01T10:14:16.481Z, 1190.7964282, 664.5632124
1701425656497, 2023-12-01T10:14:16.497Z, 1184.6196862000002, 660.1508769999999
1701425656522, 2023-12-01T10:14:16.522Z, 1179.3639294, 658.9278803999999
1701425656544, 2023-12-01T10:14:16.544Z, 1178.1765718000001, 660.5832171999999
1701425656560, 2023-12-01T10:14:16.560Z, 1173.272143, 657.4659734
1701425656578, 2023-12-01T10:14:16.578Z, 1172.654208, 656.6813958
1701425656591, 2023-12-01T10:14:16.591Z, 1173.6844814, 655.307549
1701425656609, 2023-12-01T10:14:16.609Z, 1179.0792738, 659.6032548000001
1701425656622, 2023-12-01T10:14:16.622Z, 1184.7509592000001, 665.1984738
1701425656639, 2023-12-01T10:14:16.639Z, 1186.7732856, 671.497497
1701425656666, 2023-12-01T10:14:16.666Z, 1179.337956, 672.524713
1701425656687, 2023-12-01T10:14:16.687Z, 1169.4300484, 674.9435705999999
1701425656702, 2023-12-01T10:14:16.702Z, 1155.2687950000002, 669.7874529999999
1701425656734, 2023-12-01T10:14:16.734Z, 1151.1235878000002, 674.0488715999999
1701425656749, 2023-12-01T10:14:16.749Z, 1149.2090876000002, 679.6654163999999
1701425656781, 2023-12-01T10:14:16.781Z, 1155.8311898000002, 695.1001444
1701425656817, 2023-12-01T10:14:16.817Z, 1160.5009388000003, 709.0582222
1701425656844, 2023-12-01T10:14:16.844Z, 1164.2289258, 722.592557
1701425656861, 2023-12-01T10:14:16.861Z, 1159.3168836, 728.2616988
1701425656875, 2023-12-01T10:14:16.875Z, 1157.7634552000002, 732.1539502
1701425656891, 2023-12-01T10:14:16.891Z, 1153.7329674, 732.4126088
1701425656924, 2023-12-01T10:14:16.924Z, 1153.4989236000001, 735.7427031999999
1701425656940, 2023-12-01T10:14:16.940Z, 1148.3961312000001, 730.5069815999999
1701425656967, 2023-12-01T10:14:16.967Z, 1133.3328978000002, 712.3362946
1701425657005, 2023-12-01T10:14:17.005Z, 1124.7154664000002, 708.3327282000001
1701425657017, 2023-12-01T10:14:17.017Z, 1113.1608523999998, 696.575092
1701425657033, 2023-12-01T10:14:17.033Z, 1105.5602352, 680.7007229999999
1701425657050, 2023-12-01T10:14:17.050Z, 1104.4271934, 678.850152
1701425657064, 2023-12-01T10:14:17.064Z, 1113.3110206000001, 688.1930692000001
1701425657081, 2023-12-01T10:14:17.081Z, 1110.9295324000002, 681.2148646
1701425657096, 2023-12-01T10:14:17.096Z, 1111.6619121999997, 681.2450784
1701425657114, 2023-12-01T10:14:17.114Z, 1107.6317816, 684.5537862
1701425657133, 2023-12-01T10:14:17.133Z, 1105.198332, 683.6955832
1701425657159, 2023-12-01T10:14:17.159Z, 1113.4449588, 685.511383
1701425657177, 2023-12-01T10:14:17.177Z, 1144.641504, 687.2994584
1701425657192, 2023-12-01T10:14:17.192Z, 1175.3444162, 686.8464225999999
1701425657205, 2023-12-01T10:14:17.205Z, 1207.2018291999998, 683.7723572
1701425657221, 2023-12-01T10:14:17.221Z, 1239.0796068, 684.3596557999999
1701425657238, 2023-12-01T10:14:17.238Z, 1262.4366618, 685.6612388000001
1701425657267, 2023-12-01T10:14:17.267Z, 1267.6265262000002, 693.206878
1701425657284, 2023-12-01T10:14:17.284Z, 1272.9463088, 702.2469026
1701425657300, 2023-12-01T10:14:17.300Z, 1279.3129531999998, 714.3369238
1701425657315, 2023-12-01T10:14:17.315Z, 1284.976084, 723.825842
1701425657330, 2023-12-01T10:14:17.330Z, 1287.9891943999999, 729.316659
1701425657346, 2023-12-01T10:14:17.346Z, 1290.8385922000002, 728.6354256
1701425657365, 2023-12-01T10:14:17.365Z, 1296.0706478, 730.8137318
1701425657377, 2023-12-01T10:14:17.377Z, 1302.0774436, 731.9779716
1701425657393, 2023-12-01T10:14:17.393Z, 1306.3298043999998, 728.5970486
1701425657416, 2023-12-01T10:14:17.416Z, 1312.5161306000002, 726.6118814
1701425657441, 2023-12-01T10:14:17.441Z, 1317.2214794000001, 726.6033706000001
1701425657459, 2023-12-01T10:14:17.459Z, 1319.2796716, 717.3050638
1701425657473, 2023-12-01T10:14:17.473Z, 1316.0695984, 708.662751
1701425657488, 2023-12-01T10:14:17.488Z, 1307.1013522, 699.6353942
1701425657504, 2023-12-01T10:14:17.504Z, 1292.0952513999998, 700.1772991999999
1701425657521, 2023-12-01T10:14:17.521Z, 1276.4937752, 700.200305
1701425657537, 2023-12-01T10:14:17.537Z, 1258.6423422, 705.0373126000001
1701425657564, 2023-12-01T10:14:17.564Z, 1245.8464706, 704.8512078000001
1701425657584, 2023-12-01T10:14:17.584Z, 1237.6881222, 708.5981692
1701425657600, 2023-12-01T10:14:17.600Z, 1231.711058, 703.2614186
1701425657616, 2023-12-01T10:14:17.616Z, 1226.1845644, 697.1798684
1701425657632, 2023-12-01T10:14:17.632Z, 1223.5713782, 698.0292746
1701425657647, 2023-12-01T10:14:17.647Z, 1216.0258734000001, 704.4533686
1701425657663, 2023-12-01T10:14:17.663Z, 1205.7166084, 706.8029472000001
1701425657679, 2023-12-01T10:14:17.679Z, 1196.5858832000001, 709.0786944
1701425657694, 2023-12-01T10:14:17.694Z, 1185.9423762000001, 712.2918154000001
1701425657743, 2023-12-01T10:14:17.743Z, 1171.5902740000001, 708.4195738000001
1701425657762, 2023-12-01T10:14:17.762Z, 1159.9407500000002, 705.7321536000001
1701425657790, 2023-12-01T10:14:17.790Z, 1150.3937032, 705.811045
1701425657807, 2023-12-01T10:14:17.807Z, 1142.1841988, 707.6261298
1701425657822, 2023-12-01T10:14:17.822Z, 1135.9264188, 709.9831482
1701425657838, 2023-12-01T10:14:17.838Z, 1133.0929032, 709.4919682000001
1701425657866, 2023-12-01T10:14:17.866Z, 1132.0955274, 709.7575788
1701425657916, 2023-12-01T10:14:17.916Z, 1134.2729676000001, 717.6627386000001
1701425657947, 2023-12-01T10:14:17.947Z, 1132.1513559999999, 729.0185768
1701425657964, 2023-12-01T10:14:17.964Z, 1130.9834706, 739.92012
1701425657995, 2023-12-01T10:14:17.995Z, 1135.082796, 755.3959814
1701425658014, 2023-12-01T10:14:18.014Z, 1145.634655, 770.5498683999999
1701425658045, 2023-12-01T10:14:18.045Z, 1132.8316558, 754.5370529999999
1701425658058, 2023-12-01T10:14:18.058Z, 1137.4770862, 757.796931
1701425658090, 2023-12-01T10:14:18.090Z, 1138.233785, 757.0109482
1701425658106, 2023-12-01T10:14:18.106Z, 1144.4935378, 773.8772574000001
1701425658124, 2023-12-01T10:14:18.124Z, 1142.9524284, 790.1140662
1701425658137, 2023-12-01T10:14:18.137Z, 1162.3921618, 829.2857120000001
1701425658264, 2023-12-01T10:14:18.264Z, 1162.3574868, 842.1364195999998
1701425658404, 2023-12-01T10:14:18.404Z, 1150.5080816, 858.2754425999999
1701425658422, 2023-12-01T10:14:18.422Z, 1145.8319946, 863.3120768000001
1701425658439, 2023-12-01T10:14:18.439Z, 1142.753068, 866.722548
1701425658502, 2023-12-01T10:14:18.502Z, 1135.5344830000001, 863.9744668
1701425658515, 2023-12-01T10:14:18.515Z, 1134.6390874, 863.7143312000001
1701425658644, 2023-12-01T10:14:18.644Z, 1169.2170760000001, 872.0355528
1701425658675, 2023-12-01T10:14:18.675Z, 1170.3217284000002, 868.5388456000001
1701425658691, 2023-12-01T10:14:18.691Z, 1171.605791, 862.8293986000001
1701425658706, 2023-12-01T10:14:18.706Z, 1178.2467846, 861.7980080000001
1701425658723, 2023-12-01T10:14:18.723Z, 1184.7126348, 860.4985928
1701425658773, 2023-12-01T10:14:18.773Z, 1172.2363151999998, 852.1423794
1701425658802, 2023-12-01T10:14:18.802Z, 1174.3232830000002, 849.856169
1701425658818, 2023-12-01T10:14:18.818Z, 1174.8739448000001, 849.4645528000001
1701425658852, 2023-12-01T10:14:18.852Z, 1172.5541852, 850.6902471999999
1701425658880, 2023-12-01T10:14:18.880Z, 1168.7128472, 852.6163167999999
1701425658898, 2023-12-01T10:14:18.898Z, 1166.8800334, 854.5540138
1701425658915, 2023-12-01T10:14:18.915Z, 1165.2689428, 854.7220036000001
1701425658945, 2023-12-01T10:14:18.945Z, 1146.8039833999999, 835.5344072
1701425658960, 2023-12-01T10:14:18.960Z, 1137.0719778, 820.4475636
1701425658991, 2023-12-01T10:14:18.991Z, 1125.8766170000001, 802.4987598
1701425659006, 2023-12-01T10:14:19.006Z, 1112.9504098000002, 785.6417904
1701425659022, 2023-12-01T10:14:19.022Z, 1107.148435, 779.1774889999999
1701425659038, 2023-12-01T10:14:19.038Z, 1116.2511078, 790.0004115999999
1701425659089, 2023-12-01T10:14:19.089Z, 1119.6274172, 798.1871268
1701425659118, 2023-12-01T10:14:19.118Z, 1128.2972414, 814.0242334
1701425659132, 2023-12-01T10:14:19.132Z, 1133.5737354, 828.369255
1701425659163, 2023-12-01T10:14:19.163Z, 1134.6785008000002, 832.6695452
1701425659178, 2023-12-01T10:14:19.178Z, 1138.5125005999998, 839.0435024000001
1701425659218, 2023-12-01T10:14:19.218Z, 1144.5043918, 844.5004859999999
1701425659272, 2023-12-01T10:14:19.272Z, 1150.8329666, 845.9998229999999
1701425659288, 2023-12-01T10:14:19.288Z, 1152.6647656, 844.2351138
1701425659304, 2023-12-01T10:14:19.304Z, 1147.6191866, 843.2910366
1701425659320, 2023-12-01T10:14:19.320Z, 1143.0716214, 843.6685592
1701425659338, 2023-12-01T10:14:19.338Z, 1137.8965214, 845.6283948
1701425659368, 2023-12-01T10:14:19.368Z, 1124.34938, 840.5835615999998
1701425659382, 2023-12-01T10:14:19.382Z, 1076.6369915999999, 810.4196452
1701425659398, 2023-12-01T10:14:19.398Z, 1059.644385, 800.010575
1701425659413, 2023-12-01T10:14:19.413Z, 1042.7999844, 788.745732
1701425659429, 2023-12-01T10:14:19.429Z, 1028.2738518, 778.7261866
1701425659445, 2023-12-01T10:14:19.446Z, 1030.8465984, 783.0213462
1701425659477, 2023-12-01T10:14:19.477Z, 1076.1101065999999, 817.2680816
1701425659492, 2023-12-01T10:14:19.492Z, 1100.5491366, 837.7027128
1701425659517, 2023-12-01T10:14:19.517Z, 1120.3836468, 854.6328857999999
1701425659540, 2023-12-01T10:14:19.540Z, 1135.2030214000001, 867.7434034
1701425659572, 2023-12-01T10:14:19.572Z, 1141.982762, 874.2466786000001
1701425659588, 2023-12-01T10:14:19.588Z, 1147.5852278, 879.6325504
1701425659622, 2023-12-01T10:14:19.622Z, 1147.685348, 878.5538550000001
1701425659672, 2023-12-01T10:14:19.672Z, 1150.769641, 883.67147
1701425659697, 2023-12-01T10:14:19.697Z, 1156.1285766, 887.961981
1701425659713, 2023-12-01T10:14:19.713Z, 1158.8000028000001, 887.7247562
1701425659743, 2023-12-01T10:14:19.743Z, 1159.624724, 886.8206426
1701425659759, 2023-12-01T10:14:19.759Z, 1158.2395198, 886.4013424000001
1701425659791, 2023-12-01T10:14:19.791Z, 1157.9082056, 887.5146098000001
1701425659813, 2023-12-01T10:14:19.813Z, 1155.2300018, 889.5332516000001
1701425659831, 2023-12-01T10:14:19.831Z, 1152.2178482, 893.9668464
1701425659854, 2023-12-01T10:14:19.854Z, 1152.3266124000002, 898.7969882000001
1701425659869, 2023-12-01T10:14:19.869Z, 1148.2575556, 900.9180693999999
1701425659885, 2023-12-01T10:14:19.885Z, 1143.9434734000001, 898.3744752
1701425659902, 2023-12-01T10:14:19.902Z, 1136.9931686, 896.253498
1701425659922, 2023-12-01T10:14:19.922Z, 1123.9702552, 875.5929616
1701425659936, 2023-12-01T10:14:19.936Z, 1111.9535282000002, 858.6612640000001
1701425659952, 2023-12-01T10:14:19.952Z, 1108.5738517999998, 847.450055
1701425659984, 2023-12-01T10:14:19.984Z, 1106.4449360000003, 845.9509109999999
1701425659997, 2023-12-01T10:14:19.997Z, 1107.6109588, 827.6967084000001
1701425660014, 2023-12-01T10:14:20.014Z, 1118.5333887999998, 844.4750336000001
1701425660029, 2023-12-01T10:14:20.029Z, 1126.5273156, 858.1237991999999
1701425660044, 2023-12-01T10:14:20.044Z, 1133.9337762, 863.8857513999999
1701425660060, 2023-12-01T10:14:20.060Z, 1140.9882593999998, 864.4166564
1701425660076, 2023-12-01T10:14:20.076Z, 1148.1985983999998, 881.2470512
1701425660119, 2023-12-01T10:14:20.119Z, 1153.1962624, 883.804468
1701425660153, 2023-12-01T10:14:20.153Z, 1157.9707881999998, 887.1418328