1701426033136, 2023-12-01T10:20:33.136Z, 108.376345, 496.193295
1701426033176, 2023-12-01T10:20:33.176Z, 97.5563355, 506.1998195
1701426033193, 2023-12-01T10:20:33.193Z, 92.213888, 511.13135566666665
1701426033208, 2023-12-01T10:20:33.208Z, 98.445846, 517.2978055
1701426033225, 2023-12-01T10:20:33.225Z, 101.40256380000001, 521.3140144
1701426033240, 2023-12-01T10:20:33.240Z, 100.19459800000001, 529.6019699999999
1701426033256, 2023-12-01T10:20:33.256Z, 107.6186956, 534.5167724
1701426033273, 2023-12-01T10:20:33.273Z, 114.8821614, 538.2853516
1701426033290, 2023-12-01T10:20:33.290Z, 100.95571179999999, 536.3811201999999
1701426033308, 2023-12-01T10:20:33.308Z, 90.26872940000001, 534.6264632
1701426033336, 2023-12-01T10:20:33.336Z, 80.89878839999999, 532.5520737999999
1701426033351, 2023-12-01T10:20:33.351Z, 58.316315200000005, 528.5498294
1701426033367, 2023-12-01T10:20:33.367Z, 39.121643399999996, 526.0577674
1701426033384, 2023-12-01T10:20:33.384Z, 33.832606600000005, 523.6721474
1701426033397, 2023-12-01T10:20:33.397Z, 32.1576246, 522.899742
1701426033416, 2023-12-01T10:20:33.416Z, 31.4856876, 523.0362832
1701426033443, 2023-12-01T10:20:33.443Z, 41.025521000000005, 525.8201962
1701426033459, 2023-12-01T10:20:33.459Z, 46.6304088, 527.4137316
1701426033489, 2023-12-01T10:20:33.489Z, 55.1847036, 531.3320074000001
1701426033505, 2023-12-01T10:20:33.505Z, 61.23717919999999, 530.7325831999999
1701426033520, 2023-12-01T10:20:33.520Z, 77.2982866, 530.2165133999999
1701426033536, 2023-12-01T10:20:33.536Z, 94.65147419999998, 527.1884208
1701426033552, 2023-12-01T10:20:33.552Z, 114.3850588, 523.7269296000001
1701426033570, 2023-12-01T10:20:33.570Z, 134.46924239999998, 520.7651484
1701426033584, 2023-12-01T10:20:33.584Z, 150.0648928, 519.8966364
1701426033608, 2023-12-01T10:20:33.608Z, 158.30579740000002, 519.0459205999999
1701426033632, 2023-12-01T10:20:33.632Z, 162.6196366, 518.6030386
1701426033646, 2023-12-01T10:20:33.646Z, 165.81843640000002, 518.7084557999999
1701426033662, 2023-12-01T10:20:33.662Z, 167.2465396, 517.2356010000001
1701426033679, 2023-12-01T10:20:33.679Z, 167.0418132, 515.3649468
1701426033694, 2023-12-01T10:20:33.694Z, 163.5985144, 512.2493953999999
1701426033710, 2023-12-01T10:20:33.710Z, 162.8767872, 509.80608280000007
1701426033726, 2023-12-01T10:20:33.726Z, 160.88472360000003, 505.90778259999996
1701426033743, 2023-12-01T10:20:33.743Z, 157.7059618, 503.76732999999996
1701426033757, 2023-12-01T10:20:33.757Z, 153.2267478, 501.21372279999997
1701426033788, 2023-12-01T10:20:33.788Z, 147.4624818, 496.1220772
1701426033804, 2023-12-01T10:20:33.804Z, 142.6516982, 491.5936889999999
1701426033823, 2023-12-01T10:20:33.823Z, 137.64062639999997, 488.3702306
1701426033851, 2023-12-01T10:20:33.851Z, 141.9716464, 486.0577894
1701426033867, 2023-12-01T10:20:33.867Z, 148.152061, 485.07192259999994
1701426033885, 2023-12-01T10:20:33.885Z, 159.7086948, 488.3301015999999
1701426033911, 2023-12-01T10:20:33.911Z, 168.9576488, 490.7715604
1701426033930, 2023-12-01T10:20:33.930Z, 179.1780676, 492.63698039999997
1701426033945, 2023-12-01T10:20:33.945Z, 172.2484856, 491.4015838
1701426033962, 2023-12-01T10:20:33.962Z, 169.4124038, 490.6626969999999
1701426033976, 2023-12-01T10:20:33.976Z, 165.8425236, 489.69753019999996
1701426033992, 2023-12-01T10:20:33.992Z, 162.2695076, 489.5825594
1701426034007, 2023-12-01T10:20:34.007Z, 159.0490346, 489.8550692
1701426034022, 2023-12-01T10:20:34.022Z, 163.5875196, 490.1399331999999
1701426034039, 2023-12-01T10:20:34.039Z, 160.9887844, 489.64621
1701426034059, 2023-12-01T10:20:34.059Z, 162.19697639999998, 487.75921100000005
1701426034072, 2023-12-01T10:20:34.072Z, 160.9733352, 485.5490184
1701426034089, 2023-12-01T10:20:34.089Z, 164.923888, 483.2046844
1701426034105, 2023-12-01T10:20:34.105Z, 167.20445519999998, 481.5082574
1701426034117, 2023-12-01T10:20:34.117Z, 172.530512, 479.99695499999996
1701426034134, 2023-12-01T10:20:34.134Z, 170.04138120000002, 480.6715828
1701426034149, 2023-12-01T10:20:34.149Z, 167.70280019999998, 480.4700366
1701426034165, 2023-12-01T10:20:34.165Z, 163.76130759999998, 480.5466254
1701426034183, 2023-12-01T10:20:34.183Z, 170.3199412, 481.63176599999997
1701426034205, 2023-12-01T10:20:34.205Z, 179.50196039999997, 482.72747560000005
1701426034232, 2023-12-01T10:20:34.232Z, 196.621965, 482.2951736
1701426034245, 2023-12-01T10:20:34.245Z, 218.00085599999997, 482.9462222
1701426034261, 2023-12-01T10:20:34.261Z, 237.89838079999998, 484.80519140000007
1701426034276, 2023-12-01T10:20:34.276Z, 246.98208879999999, 484.5100082
1701426034291, 2023-12-01T10:20:34.291Z, 262.5768302, 487.1306578
1701426034308, 2023-12-01T10:20:34.308Z, 275.657022, 491.2452004
1701426034324, 2023-12-01T10:20:34.324Z, 284.55582680000003, 494.31185800000003
1701426034339, 2023-12-01T10:20:34.339Z, 296.62831, 497.4724432
1701426034361, 2023-12-01T10:20:34.361Z, 307.809146, 502.46242759999996
1701426034386, 2023-12-01T10:20:34.386Z, 316.68029420000005, 505.8313738
1701426034418, 2023-12-01T10:20:34.418Z, 314.6960068, 505.0982212
1701426034434, 2023-12-01T10:20:34.434Z, 312.34329799999995, 504.2359582
1701426034454, 2023-12-01T10:20:34.454Z, 310.4998966, 501.6683833999999
1701426034483, 2023-12-01T10:20:34.483Z, 319.3794746, 501.7512288
1701426034517, 2023-12-01T10:20:34.517Z, 328.76741899999996, 499.2281572
1701426034532, 2023-12-01T10:20:34.532Z, 345.41422239999997, 499.43901239999997
1701426034548, 2023-12-01T10:20:34.548Z, 364.52388959999996, 500.6554304
1701426034561, 2023-12-01T10:20:34.561Z, 380.5760084, 502.2807624
1701426034577, 2023-12-01T10:20:34.577Z, 395.03850439999997, 503.7896238
1701426034593, 2023-12-01T10:20:34.593Z, 398.18242680000003, 504.6905605999999
1701426034609, 2023-12-01T10:20:34.609Z, 401.33504759999994, 505.21939979999996
1701426034623, 2023-12-01T10:20:34.623Z, 405.63200420000004, 505.45797400000004
1701426034640, 2023-12-01T10:20:34.640Z, 403.8066428, 502.5273704
1701426034657, 2023-12-01T10:20:34.657Z, 400.0001598, 497.7119236
1701426034686, 2023-12-01T10:20:34.686Z, 397.42116559999994, 493.1612252000001
1701426034702, 2023-12-01T10:20:34.702Z, 397.11875539999994, 488.4752036
1701426034720, 2023-12-01T10:20:34.720Z, 398.2942622, 484.53387619999995
1701426034733, 2023-12-01T10:20:34.733Z, 398.2378816, 486.6556318
1701426034749, 2023-12-01T10:20:34.749Z, 394.652323, 489.21139280000006
1701426034766, 2023-12-01T10:20:34.766Z, 381.330358, 491.6460838
1701426034782, 2023-12-01T10:20:34.782Z, 360.02673080000005, 493.07335059999997
1701426034809, 2023-12-01T10:20:34.809Z, 331.390321, 492.63898040000004
1701426034828, 2023-12-01T10:20:34.828Z, 307.92834400000004, 488.664895
1701426034844, 2023-12-01T10:20:34.844Z, 282.483959, 483.29273220000005
1701426034859, 2023-12-01T10:20:34.859Z, 271.0829756, 478.07912100000004
1701426034875, 2023-12-01T10:20:34.875Z, 270.2339626, 476.464922
1701426034890, 2023-12-01T10:20:34.890Z, 275.2583004, 476.26067539999997
1701426034906, 2023-12-01T10:20:34.906Z, 279.197831, 476.4118882000001
1701426034922, 2023-12-01T10:20:34.922Z, 285.8307228, 482.41796000000005
1701426034938, 2023-12-01T10:20:34.938Z, 289.21967839999996, 489.35408799999993
1701426034961, 2023-12-01T10:20:34.961Z, 290.29332239999997, 494.78076739999995
1701426034986, 2023-12-01T10:20:34.986Z, 288.4334544, 499.3872676
1701426035002, 2023-12-01T10:20:35.002Z, 293.1437164, 505.01380819999997
1701426035018, 2023-12-01T10:20:35.018Z, 299.22902899999997, 504.632158
1701426035034, 2023-12-01T10:20:35.034Z, 326.241156, 504.55795739999996
1701426035064, 2023-12-01T10:20:35.064Z, 352.1132822, 503.76129599999996
1701426035080, 2023-12-01T10:20:35.080Z, 387.11334960000005, 505.12047139999993
1701426035104, 2023-12-01T10:20:35.104Z, 418.97895040000003, 506.367008
1701426035124, 2023-12-01T10:20:35.124Z, 447.40709540000006, 508.3933760000001
1701426035140, 2023-12-01T10:20:35.140Z, 459.002708, 511.0554842
1701426035155, 2023-12-01T10:20:35.155Z, 467.78348880000004, 511.52122720000006
1701426035171, 2023-12-01T10:20:35.171Z, 458.9990184, 510.14399480000003
1701426035190, 2023-12-01T10:20:35.190Z, 447.54625580000004, 508.2733958
1701426035205, 2023-12-01T10:20:35.205Z, 438.6391826, 506.06547179999995
1701426035219, 2023-12-01T10:20:35.219Z, 427.108918, 502.9244110000001
1701426035235, 2023-12-01T10:20:35.235Z, 421.7847288, 503.2759398
1701426035259, 2023-12-01T10:20:35.259Z, 427.524719, 503.2648878
1701426035283, 2023-12-01T10:20:35.283Z, 434.6017908, 503.2744624
1701426035299, 2023-12-01T10:20:35.299Z, 442.9402024, 504.1024112
1701426035315, 2023-12-01T10:20:35.315Z, 451.4771488, 502.659148
1701426035331, 2023-12-01T10:20:35.331Z, 455.10945040000007, 497.9281696
1701426035345, 2023-12-01T10:20:35.345Z, 460.34462139999994, 495.2529186
1701426035360, 2023-12-01T10:20:35.360Z, 461.477913, 498.7287168000001
1701426035376, 2023-12-01T10:20:35.376Z, 460.777491, 501.90272880000003
1701426035391, 2023-12-01T10:20:35.391Z, 464.734505, 507.3594808
1701426035438, 2023-12-01T10:20:35.438Z, 445.8149652, 520.3127764
1701426035470, 2023-12-01T10:20:35.470Z, 426.2092716, 531.401769
1701426035485, 2023-12-01T10:20:35.485Z, 431.290114, 532.8851274000001
1701426035502, 2023-12-01T10:20:35.502Z, 437.85954520000007, 534.1107908
1701426035518, 2023-12-01T10:20:35.518Z, 441.36503460000006, 536.9616942
1701426035533, 2023-12-01T10:20:35.533Z, 465.17057420000003, 534.4574368000001
1701426035557, 2023-12-01T10:20:35.557Z, 489.3685294, 530.1909332
1701426035583, 2023-12-01T10:20:35.583Z, 488.597638, 529.9991223999999
1701426035597, 2023-12-01T10:20:35.597Z, 486.1369436, 528.5802452
1701426035613, 2023-12-01T10:20:35.613Z, 481.71580059999997, 523.264112
1701426035628, 2023-12-01T10:20:35.628Z, 480.50776319999994, 516.5471402
1701426035643, 2023-12-01T10:20:35.643Z, 479.5967016000001, 512.4163113999999
1701426035658, 2023-12-01T10:20:35.658Z, 481.47479179999993, 504.29811199999995
1701426035676, 2023-12-01T10:20:35.676Z, 481.82777319999997, 495.954543
1701426035690, 2023-12-01T10:20:35.690Z, 487.132637, 493.60239160000003
1701426035710, 2023-12-01T10:20:35.710Z, 490.34754639999994, 491.37822459999995
1701426035738, 2023-12-01T10:20:35.738Z, 493.1125384, 490.85263159999994
1701426035770, 2023-12-01T10:20:35.770Z, 497.05806379999996, 493.14216100000004
1701426035785, 2023-12-01T10:20:35.785Z, 500.44126019999993, 495.30361320000003
1701426035816, 2023-12-01T10:20:35.816Z, 493.7529576, 497.4299692000001
1701426035833, 2023-12-01T10:20:35.833Z, 494.7476576, 504.21973340000005
1701426035879, 2023-12-01T10:20:35.879Z, 492.8672992, 507.21333859999993
1701426035894, 2023-12-01T10:20:35.894Z, 502.4955828, 504.8879512
1701426035911, 2023-12-01T10:20:35.911Z, 520.9151337999999, 504.4148428
1701426035927, 2023-12-01T10:20:35.927Z, 552.2407618, 502.2451754
1701426035942, 2023-12-01T10:20:35.942Z, 570.6692735999999, 492.6393344
1701426035972, 2023-12-01T10:20:35.972Z, 593.3844418, 485.48460839999996
1701426035989, 2023-12-01T10:20:35.989Z, 601.4143968000001, 486.40836500000006
1701426036006, 2023-12-01T10:20:36.006Z, 603.0160398, 488.96824660000004
1701426036025, 2023-12-01T10:20:36.025Z, 598.4717092, 489.9699208
1701426036052, 2023-12-01T10:20:36.052Z, 599.6892784, 494.788177
1701426036067, 2023-12-01T10:20:36.067Z, 599.6555832, 498.37829200000004
1701426036084, 2023-12-01T10:20:36.084Z, 598.2160628, 498.2021096
1701426036099, 2023-12-01T10:20:36.099Z, 587.9909854, 496.6096792
1701426036116, 2023-12-01T10:20:36.116Z, 567.8321210000001, 495.80612040000005
1701426036131, 2023-12-01T10:20:36.131Z, 519.8889946000002, 496.96854319999994
1701426036158, 2023-12-01T10:20:36.158Z, 423.1312148, 504.5973496
1701426036180, 2023-12-01T10:20:36.180Z, 320.4865238, 513.3594798
1701426036224, 2023-12-01T10:20:36.224Z, 210.89280720000002, 523.9834596
1701426036271, 2023-12-01T10:20:36.271Z, 115.813308, 532.6227736000001
1701426036287, 2023-12-01T10:20:36.287Z, 49.1155958, 539.4769097999999
1701426036309, 2023-12-01T10:20:36.309Z, 31.290690400000006, 541.3297168000001
1701426036321, 2023-12-01T10:20:36.321Z, 22.7518552, 543.582724
1701426036352, 2023-12-01T10:20:36.352Z, 28.446652, 544.374578
1701426036365, 2023-12-01T10:20:36.365Z, 31.711838399999998, 544.30202
1701426036382, 2023-12-01T10:20:36.382Z, 33.5076034, 544.0884306
1701426036397, 2023-12-01T10:20:36.397Z, 31.436058000000003, 542.8351434
1701426036412, 2023-12-01T10:20:36.412Z, 33.7593908, 541.3758230000001
1701426036442, 2023-12-01T10:20:36.442Z, 35.210238200000006, 539.6359654
1701426036458, 2023-12-01T10:20:36.458Z, 31.838041599999997, 542.7378162
1701426036474, 2023-12-01T10:20:36.474Z, 29.4453506, 547.3804207999999
1701426036489, 2023-12-01T10:20:36.489Z, 32.005012799999996, 553.3518924000001
1701426036505, 2023-12-01T10:20:36.505Z, 33.9987498, 560.9323638
1701426036520, 2023-12-01T10:20:36.520Z, 34.8560516, 568.1560338
1701426036535, 2023-12-01T10:20:36.535Z, 37.3874012, 569.795813
1701426036551, 2023-12-01T10:20:36.551Z, 38.5543878, 570.3918936
1701426036567, 2023-12-01T10:20:36.567Z, 35.5355738, 570.0024808000001
1701426036582, 2023-12-01T10:20:36.582Z, 28.631478999999995, 568.6305242000001
1701426036614, 2023-12-01T10:20:36.614Z, 21.6734138, 568.4471896000001
1701426036629, 2023-12-01T10:20:36.629Z, 18.970426999999997, 571.1588804
1701426036644, 2023-12-01T10:20:36.644Z, 18.299044600000002, 573.5655948
1701426036660, 2023-12-01T10:20:36.660Z, 20.499666, 575.5037012
1701426036676, 2023-12-01T10:20:36.676Z, 30.2307958, 578.5322966
1701426036692, 2023-12-01T10:20:36.692Z, 41.5609838, 580.218531
1701426036708, 2023-12-01T10:20:36.708Z, 49.3086896, 581.5564575999999
1701426036722, 2023-12-01T10:20:36.722Z, 55.858769800000005, 582.3261224
1701426036737, 2023-12-01T10:20:36.737Z, 59.16682960000001, 582.8387504
1701426036815, 2023-12-01T10:20:36.815Z, 55.30038420000001, 575.6964231999998
1701426036831, 2023-12-01T10:20:36.831Z, 85.6553442, 493.16586939999996
1701426036863, 2023-12-01T10:20:36.863Z, 118.061373, 412.5878364
1701426036877, 2023-12-01T10:20:36.877Z, 152.01914800000003, 332.2758032
1701426036908, 2023-12-01T10:20:36.908Z, 158.7391638, 270.73576999999995
1701426036924, 2023-12-01T10:20:36.924Z, 166.2185406, 215.0765128
1701426036956, 2023-12-01T10:20:36.956Z, 148.8587386, 234.56135020000002
1701426036972, 2023-12-01T10:20:36.972Z, 130.7780704, 254.5121694
1701426037003, 2023-12-01T10:20:37.003Z, 108.97851940000001, 278.3475512
1701426037018, 2023-12-01T10:20:37.018Z, 121.01925539999999, 282.00943880000005
1701426037061, 2023-12-01T10:20:37.061Z, 136.4577182, 290.005362
1701426037081, 2023-12-01T10:20:37.081Z, 145.90148219999998, 297.2049318
1701426037097, 2023-12-01T10:20:37.097Z, 152.47714, 303.830251
1701426037113, 2023-12-01T10:20:37.113Z, 163.4484546, 304.577516
1701426037128, 2023-12-01T10:20:37.128Z, 171.9157134, 304.2864264
1701426037143, 2023-12-01T10:20:37.143Z, 175.00594139999998, 299.9300218
1701426037159, 2023-12-01T10:20:37.159Z, 174.9921348, 296.3307736
1701426037175, 2023-12-01T10:20:37.175Z, 179.9992264, 288.3759954
1701426037190, 2023-12-01T10:20:37.190Z, 181.4974678, 280.0631562
1701426037211, 2023-12-01T10:20:37.211Z, 182.5514218, 273.08898480000005
1701426037222, 2023-12-01T10:20:37.222Z, 184.7250234, 266.125639
1701426037240, 2023-12-01T10:20:37.240Z, 179.26915599999998, 259.2441634
1701426037253, 2023-12-01T10:20:37.253Z, 171.65952819999998, 255.10378380000003
1701426037269, 2023-12-01T10:20:37.269Z, 167.06675120000003, 252.9453004
1701426037285, 2023-12-01T10:20:37.285Z, 159.64130319999998, 251.99144719999998
1701426037301, 2023-12-01T10:20:37.301Z, 154.343915, 245.46029560000002
1701426037317, 2023-12-01T10:20:37.317Z, 156.3639162, 239.19170060000002
1701426037331, 2023-12-01T10:20:37.331Z, 158.0807688, 232.4840158
1701426037357, 2023-12-01T10:20:37.357Z, 165.3072744, 226.05444239999997
1701426037379, 2023-12-01T10:20:37.379Z, 171.1781216, 219.344832
1701426037396, 2023-12-01T10:20:37.396Z, 175.51915019999998, 216.88657819999997
1701426037410, 2023-12-01T10:20:37.410Z, 179.29680759999997, 213.1501126
1701426037425, 2023-12-01T10:20:37.425Z, 182.96903300000002, 209.10955859999999
1701426037441, 2023-12-01T10:20:37.441Z, 185.4468528, 201.3385624
1701426037457, 2023-12-01T10:20:37.457Z, 189.47143380000003, 194.3037136
1701426037473, 2023-12-01T10:20:37.473Z, 192.70463220000002, 188.2774938
1701426037489, 2023-12-01T10:20:37.489Z, 199.3268306, 185.67405680000002
1701426037508, 2023-12-01T10:20:37.508Z, 207.15601780000003, 183.5667092
1701426037536, 2023-12-01T10:20:37.536Z, 210.85198, 185.2847208
1701426037567, 2023-12-01T10:20:37.567Z, 214.1714234, 188.3684522
1701426037583, 2023-12-01T10:20:37.583Z, 218.0683184, 190.9571398
1701426037599, 2023-12-01T10:20:37.599Z, 205.760161, 192.634498
1701426037616, 2023-12-01T10:20:37.616Z, 188.34309980000003, 193.896533
1701426037631, 2023-12-01T10:20:37.631Z, 165.2665758, 196.72781479999998
1701426037659, 2023-12-01T10:20:37.659Z, 138.82749, 198.4869604
1701426037679, 2023-12-01T10:20:37.679Z, 107.84305000000002, 202.6730446
1701426037693, 2023-12-01T10:20:37.693Z, 91.77345, 203.6332576
1701426037711, 2023-12-01T10:20:37.711Z, 77.94094919999999, 199.1716898
1701426037725, 2023-12-01T10:20:37.725Z, 68.6542176, 193.1561442
1701426037740, 2023-12-01T10:20:37.741Z, 62.775554799999995, 188.1145148
1701426037756, 2023-12-01T10:20:37.756Z, 64.1864118, 183.33999179999998
1701426037772, 2023-12-01T10:20:37.772Z, 64.87600259999999, 180.8088162
1701426037787, 2023-12-01T10:20:37.787Z, 65.414192, 185.3699978
1701426037806, 2023-12-01T10:20:37.806Z, 71.9909562, 191.95009140000002
1701426037822, 2023-12-01T10:20:37.822Z, 74.2675364, 197.6967668
1701426037837, 2023-12-01T10:20:37.837Z, 71.6691256, 201.11444559999998
1701426037866, 2023-12-01T10:20:37.866Z, 64.97172499999999, 201.54334679999997
1701426037881, 2023-12-01T10:20:37.881Z, 61.983033, 197.7206714
1701426037897, 2023-12-01T10:20:37.897Z, 67.149789, 196.5994148
1701426037928, 2023-12-01T10:20:37.928Z, 70.9995648, 191.9998152
1701426037959, 2023-12-01T10:20:37.959Z, 78.5647438, 187.6247938
1701426037975, 2023-12-01T10:20:37.975Z, 92.4836644, 187.08649
1701426037991, 2023-12-01T10:20:37.991Z, 102.4111026, 189.8566572
1701426038006, 2023-12-01T10:20:38.006Z, 82.6981556, 186.31148679999998
1701426038023, 2023-12-01T10:20:38.023Z, 71.911544, 186.9006814
1701426038039, 2023-12-01T10:20:38.039Z, 59.88221800000001, 187.4662616
1701426038085, 2023-12-01T10:20:38.085Z, 40.7304702, 185.965438
1701426038107, 2023-12-01T10:20:38.107Z, 24.113851, 184.9088658
1701426038132, 2023-12-01T10:20:38.132Z, 23.0480674, 186.4373596
1701426038148, 2023-12-01T10:20:38.148Z, 23.658668600000002, 187.082967
1701426038164, 2023-12-01T10:20:38.164Z, 29.109777, 190.00297319999999
1701426038184, 2023-12-01T10:20:38.184Z, 38.8492328, 194.5158272
1701426038211, 2023-12-01T10:20:38.211Z, 51.164424200000006, 199.3638506
1701426038211, 2023-12-01T10:20:38.211Z, 59.90427420000001, 202.82516900000002
1701426038241, 2023-12-01T10:20:38.241Z, 66.3979408, 206.27140280000003
1701426038272, 2023-12-01T10:20:38.272Z, 64.955456, 207.272833
1701426038289, 2023-12-01T10:20:38.289Z, 62.15706560000001, 208.3220742
1701426038303, 2023-12-01T10:20:38.303Z, 60.83793419999999, 210.0230708
1701426038320, 2023-12-01T10:20:38.320Z, 58.3318262, 212.560441
1701426038335, 2023-12-01T10:20:38.335Z, 60.019766000000004, 212.98242179999997
1701426038350, 2023-12-01T10:20:38.350Z, 67.319389, 214.7157176
1701426038366, 2023-12-01T10:20:38.366Z, 71.8449932, 216.3272872
1701426038383, 2023-12-01T10:20:38.383Z, 72.8202522, 215.7786032
1701426038413, 2023-12-01T10:20:38.413Z, 80.9241708, 214.85840539999998
1701426038429, 2023-12-01T10:20:38.429Z, 81.52239399999999, 212.9826606
1701426038445, 2023-12-01T10:20:38.445Z, 81.2297054, 210.53604839999997
1701426038460, 2023-12-01T10:20:38.460Z, 84.0984144, 204.57543660000002
1701426038475, 2023-12-01T10:20:38.475Z, 85.6551328, 229.7210552
1701426038491, 2023-12-01T10:20:38.491Z, 82.1383478, 275.2830352
1701426038507, 2023-12-01T10:20:38.507Z, 79.471436, 332.13464439999996
1701426038522, 2023-12-01T10:20:38.522Z, 81.0357876, 399.55549219999995
1701426038537, 2023-12-01T10:20:38.537Z, 82.7912138, 475.4153654
1701426038570, 2023-12-01T10:20:38.570Z, 75.908418, 516.5199448
1701426038615, 2023-12-01T10:20:38.615Z, 61.691523, 535.5103534000001
1701426038725, 2023-12-01T10:20:38.725Z, 52.609849, 540.5810733999999
1701426038743, 2023-12-01T10:20:38.743Z, 37.4192482, 534.5667634
1701426038788, 2023-12-01T10:20:38.788Z, 27.503614400000004, 545.1289267999999
1701426038819, 2023-12-01T10:20:38.819Z, 19.755396, 561.1406376
1701426038835, 2023-12-01T10:20:38.835Z, 27.757725800000003, 575.7742416
1701426038858, 2023-12-01T10:20:38.858Z, 26.548612600000002, 596.6219134
1701426038873, 2023-12-01T10:20:38.873Z, 29.7943342, 616.2650096
1701426038898, 2023-12-01T10:20:38.898Z, 24.745989400000003, 615.7885714
1701426038914, 2023-12-01T10:20:38.914Z, 32.789887400000005, 614.2190388000001
1701426038929, 2023-12-01T10:20:38.929Z, 50.372524799999994, 617.9599019999999
1701426038945, 2023-12-01T10:20:38.945Z, 66.758664, 620.4630688
1701426038961, 2023-12-01T10:20:38.961Z, 79.7451464, 623.9243732
1701426038976, 2023-12-01T10:20:38.976Z, 104.67651359999999, 625.5411214
1701426039009, 2023-12-01T10:20:39.009Z, 129.4844666, 628.1435576
1701426039023, 2023-12-01T10:20:39.023Z, 142.4797014, 627.6448654
1701426039039, 2023-12-01T10:20:39.039Z, 156.88840280000002, 625.0457076
1701426039054, 2023-12-01T10:20:39.054Z, 174.57622740000002, 625.616138
1701426039070, 2023-12-01T10:20:39.070Z, 177.71459380000002, 625.0379628000001
1701426039085, 2023-12-01T10:20:39.085Z, 172.7825176, 623.4504734
1701426039102, 2023-12-01T10:20:39.102Z, 169.2706946, 620.8201652
1701426039117, 2023-12-01T10:20:39.117Z, 167.2891386, 621.0784298000001
1701426039134, 2023-12-01T10:20:39.134Z, 161.57000299999999, 618.2969826000001
1701426039165, 2023-12-01T10:20:39.165Z, 158.6396278, 617.1299844
1701426039180, 2023-12-01T10:20:39.180Z, 162.8819766, 615.8230516000001
1701426039197, 2023-12-01T10:20:39.197Z, 163.516833, 616.7083844
1701426039212, 2023-12-01T10:20:39.212Z, 169.61413900000002, 616.552628
1701426039230, 2023-12-01T10:20:39.230Z, 174.3270652, 615.9104094
1701426039245, 2023-12-01T10:20:39.245Z, 194.0731836, 616.5138878
1701426039261, 2023-12-01T10:20:39.261Z, 209.48245859999997, 617.6681326
1701426039274, 2023-12-01T10:20:39.274Z, 222.75540979999997, 617.9407326
1701426039290, 2023-12-01T10:20:39.290Z, 239.47500139999997, 621.7490816000001
1701426039310, 2023-12-01T10:20:39.310Z, 254.54784839999996, 626.3535654
1701426039337, 2023-12-01T10:20:39.337Z, 259.8989328, 629.6645632
1701426039353, 2023-12-01T10:20:39.353Z, 255.77556459999997, 631.039698
1701426039368, 2023-12-01T10:20:39.368Z, 255.46475759999998, 634.5613616
1701426039383, 2023-12-01T10:20:39.383Z, 250.23055399999998, 635.676295
1701426039400, 2023-12-01T10:20:39.400Z, 246.3417708, 635.7675574000001
1701426039431, 2023-12-01T10:20:39.431Z, 247.71694259999998, 634.9885262
1701426039463, 2023-12-01T10:20:39.464Z, 260.5432566, 633.0251804
1701426039477, 2023-12-01T10:20:39.477Z, 272.70312739999997, 629.718023
1701426039495, 2023-12-01T10:20:39.495Z, 273.9826428, 625.9813828
1701426039509, 2023-12-01T10:20:39.509Z, 280.7019288, 623.7224298
1701426039528, 2023-12-01T10:20:39.528Z, 278.38662999999997, 621.5391017999999
1701426039540, 2023-12-01T10:20:39.540Z, 271.3312924, 622.0661727999999
1701426039555, 2023-12-01T10:20:39.555Z, 266.77879520000005, 621.4936276000001
1701426039571, 2023-12-01T10:20:39.571Z, 272.2311936, 620.803686
1701426039587, 2023-12-01T10:20:39.587Z, 270.3457138, 618.1265402
1701426039607, 2023-12-01T10:20:39.607Z, 268.1730058, 615.416608
1701426039634, 2023-12-01T10:20:39.634Z, 262.6946556, 612.3922441999999
1701426039649, 2023-12-01T10:20:39.649Z, 250.19373800000002, 610.8027800000001
1701426039666, 2023-12-01T10:20:39.666Z, 231.5062658, 610.8787152
1701426039682, 2023-12-01T10:20:39.682Z, 203.8069906, 614.3402698
1701426039699, 2023-12-01T10:20:39.699Z, 176.2683448, 618.3733556
1701426039713, 2023-12-01T10:20:39.713Z, 152.3579264, 622.5854476000001
1701426039730, 2023-12-01T10:20:39.730Z, 133.4791928, 626.5802822
1701426039745, 2023-12-01T10:20:39.745Z, 117.386809, 629.1305188
1701426039778, 2023-12-01T10:20:39.778Z, 111.0669584, 630.1374656
1701426039794, 2023-12-01T10:20:39.794Z, 106.58538519999999, 632.4963405999999
1701426039810, 2023-12-01T10:20:39.810Z, 102.033534, 634.7494482
1701426039825, 2023-12-01T10:20:39.825Z, 99.6160348, 636.3215561999999
1701426039840, 2023-12-01T10:20:39.840Z, 100.08259280000001, 637.6898735999999
1701426039856, 2023-12-01T10:20:39.856Z, 101.7728774, 638.3516736
1701426039871, 2023-12-01T10:20:39.871Z, 105.5470382, 637.2619002
1701426039887, 2023-12-01T10:20:39.887Z, 109.8509098, 636.1702304
1701426039916, 2023-12-01T10:20:39.916Z, 107.38594600000002, 636.3611346
1701426039935, 2023-12-01T10:20:39.935Z, 99.3546166, 634.9527562000001
1701426039950, 2023-12-01T10:20:39.950Z, 96.1585566, 633.3140442
1701426039966, 2023-12-01T10:20:39.966Z, 97.37161080000001, 633.0401226
1701426039983, 2023-12-01T10:20:39.983Z, 113.955501, 639.81366
1701426040014, 2023-12-01T10:20:40.014Z, 158.804689, 656.4059306
1701426040030, 2023-12-01T10:20:40.030Z, 214.40707199999997, 675.2934182
1701426040046, 2023-12-01T10:20:40.046Z, 277.580174, 695.8606282000001
1701426040063, 2023-12-01T10:20:40.063Z, 343.8071544, 717.0394136000001
1701426040079, 2023-12-01T10:20:40.079Z, 389.0694672, 725.9737212000001
1701426040091, 2023-12-01T10:20:40.091Z, 408.8472754, 726.0502958
1701426040107, 2023-12-01T10:20:40.107Z, 427.6220986, 726.2068042
1701426040122, 2023-12-01T10:20:40.122Z, 430.1887702, 719.6007284
1701426040154, 2023-12-01T10:20:40.154Z, 423.08832920000003, 711.1478536
1701426040170, 2023-12-01T10:20:40.170Z, 418.0604932, 711.3201483999999
1701426040218, 2023-12-01T10:20:40.218Z, 422.8450553999999, 719.4587758
1701426040235, 2023-12-01T10:20:40.235Z, 433.0309076, 732.7872304
1701426040250, 2023-12-01T10:20:40.250Z, 456.8495774, 756.2447566000001
1701426040265, 2023-12-01T10:20:40.265Z, 485.10076420000007, 783.6677256
1701426040282, 2023-12-01T10:20:40.282Z, 518.625551, 809.0569986
1701426040300, 2023-12-01T10:20:40.300Z, 542.0648904, 819.5246450000001
1701426040313, 2023-12-01T10:20:40.313Z, 555.6284944000001, 825.4900686000001
1701426040330, 2023-12-01T10:20:40.330Z, 562.0128456, 826.5905753999999
1701426040345, 2023-12-01T10:20:40.345Z, 565.4195462, 823.0620438
1701426040378, 2023-12-01T10:20:40.378Z, 571.7975479999999, 816.8279198
1701426040392, 2023-12-01T10:20:40.392Z, 581.9406312, 814.8881446
1701426040439, 2023-12-01T10:20:40.439Z, 610.8400104, 776.5470170000001
1701426040487, 2023-12-01T10:20:40.487Z, 639.783032, 739.0793236
1701426040505, 2023-12-01T10:20:40.505Z, 668.1743964, 702.7579882000001
1701426040522, 2023-12-01T10:20:40.522Z, 616.1171053999999, 675.5398458
1701426040550, 2023-12-01T10:20:40.550Z, 553.3494118, 649.5934784
1701426040566, 2023-12-01T10:20:40.566Z, 525.8354598, 656.3459548
1701426040580, 2023-12-01T10:20:40.580Z, 457.6781841999999, 668.0585984
1701426040612, 2023-12-01T10:20:40.612Z, 369.1234788, 683.0082356
1701426040627, 2023-12-01T10:20:40.627Z, 345.95783339999997, 704.6671504
1701426040677, 2023-12-01T10:20:40.677Z, 318.42578499999996, 728.6894368
1701426040690, 2023-12-01T10:20:40.690Z, 243.1755352, 754.0599352
1701426040706, 2023-12-01T10:20:40.706Z, 201.4267204, 771.5384394
1701426040724, 2023-12-01T10:20:40.724Z, 180.6887062, 785.0866106000001
1701426040740, 2023-12-01T10:20:40.740Z, 172.03325379999998, 784.5256774000001
1701426040753, 2023-12-01T10:20:40.753Z, 171.74029339999998, 780.2197136
1701426040770, 2023-12-01T10:20:40.770Z, 165.254731, 777.3189163999999
1701426040784, 2023-12-01T10:20:40.784Z, 161.5231746, 776.872293
1701426040812, 2023-12-01T10:20:40.812Z, 154.409783, 777.3768797999999
1701426040833, 2023-12-01T10:20:40.833Z, 141.456594, 778.4357422
1701426040849, 2023-12-01T10:20:40.849Z, 128.11403679999998, 782.695008
1701426040878, 2023-12-01T10:20:40.878Z, 111.1344766, 786.9092198000001
1701426040894, 2023-12-01T10:20:40.894Z, 93.31940039999999, 791.0993034
1701426040926, 2023-12-01T10:20:40.926Z, 76.2497242, 791.3723018
1701426040939, 2023-12-01T10:20:40.939Z, 64.70636499999999, 789.3508457999999
1701426040957, 2023-12-01T10:20:40.957Z, 55.02574599999999, 783.6606188
1701426040987, 2023-12-01T10:20:40.987Z, 70.9091856, 784.9152693999999
1701426041003, 2023-12-01T10:20:41.003Z, 90.99579020000002, 787.5774176
1701426041019, 2023-12-01T10:20:41.019Z, 111.66951420000001, 792.117089
1701426041037, 2023-12-01T10:20:41.037Z, 127.49660319999998, 799.0772916
1701426041049, 2023-12-01T10:20:41.049Z, 147.59520000000003, 807.9861932
1701426041065, 2023-12-01T10:20:41.065Z, 134.0021868, 809.0574905999999
1701426041081, 2023-12-01T10:20:41.081Z, 117.7505574, 808.1983434
1701426041108, 2023-12-01T10:20:41.108Z, 99.45826020000001, 808.3685726
1701426041128, 2023-12-01T10:20:41.128Z, 90.05475279999999, 808.5475577999999
1701426041144, 2023-12-01T10:20:41.144Z, 74.73242580000002, 805.3919291999999
1701426041160, 2023-12-01T10:20:41.160Z, 71.7147386, 801.4203014
1701426041177, 2023-12-01T10:20:41.177Z, 81.6586764, 802.5672774000001
1701426041192, 2023-12-01T10:20:41.192Z, 93.4574396, 803.2845158
1701426041207, 2023-12-01T10:20:41.207Z, 100.6773828, 802.7250954
1701426041222, 2023-12-01T10:20:41.222Z, 112.3264416, 804.4421380000001
1701426041239, 2023-12-01T10:20:41.239Z, 122.4600222, 806.5506232
1701426041270, 2023-12-01T10:20:41.270Z, 121.84776280000001, 800.7316716
1701426041286, 2023-12-01T10:20:41.286Z, 130.13487560000002, 793.3272232
1701426041302, 2023-12-01T10:20:41.302Z, 131.891011, 781.4112186
1701426041317, 2023-12-01T10:20:41.317Z, 133.93589279999998, 770.4404938
1701426041334, 2023-12-01T10:20:41.334Z, 134.6725154, 760.4379124
1701426041365, 2023-12-01T10:20:41.365Z, 138.91655579999997, 754.9432386000001
1701426041379, 2023-12-01T10:20:41.379Z, 122.72695200000001, 752.9560018
1701426041406, 2023-12-01T10:20:41.406Z, 119.52065859999998, 757.2631515999999
1701426041428, 2023-12-01T10:20:41.428Z, 110.32326379999999, 761.2134227999999
1701426041444, 2023-12-01T10:20:41.444Z, 106.6747848, 765.9593209999999
1701426041460, 2023-12-01T10:20:41.460Z, 97.84627139999999, 769.2742357999999
1701426041476, 2023-12-01T10:20:41.476Z, 105.65205920000001, 771.7909247999999
1701426041492, 2023-12-01T10:20:41.492Z, 109.7691346, 772.5931482
1701426041510, 2023-12-01T10:20:41.510Z, 116.3604142, 773.0034858
1701426041522, 2023-12-01T10:20:41.522Z, 120.13576320000001, 772.4184558
1701426041537, 2023-12-01T10:20:41.537Z, 130.53111159999997, 771.9832845999999
1701426041561, 2023-12-01T10:20:41.561Z, 137.0581528, 771.049405
1701426041585, 2023-12-01T10:20:41.585Z, 141.8870566, 771.4019156
1701426041604, 2023-12-01T10:20:41.604Z, 145.998277, 770.8465687999999
1701426041618, 2023-12-01T10:20:41.618Z, 154.96679020000002, 769.5399534000001
1701426041631, 2023-12-01T10:20:41.631Z, 157.32789900000003, 768.0480891999999
1701426041647, 2023-12-01T10:20:41.647Z, 157.9399732, 766.6257724
1701426041678, 2023-12-01T10:20:41.678Z, 158.98455199999998, 764.0407776
1701426041711, 2023-12-01T10:20:41.711Z, 159.13495619999998, 762.4224345999999
1701426041725, 2023-12-01T10:20:41.725Z, 157.725916, 762.442784
1701426041740, 2023-12-01T10:20:41.740Z, 151.667373, 763.4792964000001
1701426041755, 2023-12-01T10:20:41.755Z, 146.92842320000003, 765.1788534000001
1701426041771, 2023-12-01T10:20:41.771Z, 145.4748792, 767.5868125999999
1701426041787, 2023-12-01T10:20:41.787Z, 137.9731754, 770.4113987999999
1701426041802, 2023-12-01T10:20:41.802Z, 127.24318559999999, 772.775954
1701426041818, 2023-12-01T10:20:41.818Z, 123.45158840000002, 774.7740421999999
1701426041833, 2023-12-01T10:20:41.833Z, 120.1766746, 776.5363998
1701426041856, 2023-12-01T10:20:41.856Z, 118.9467576, 786.3208234
1701426041881, 2023-12-01T10:20:41.881Z, 124.61439060000001, 792.0233602000001
1701426041897, 2023-12-01T10:20:41.897Z, 133.6279384, 798.1735096
1701426041912, 2023-12-01T10:20:41.912Z, 152.01011839999998, 797.994437
1701426041927, 2023-12-01T10:20:41.927Z, 171.4104572, 801.2812594
1701426041943, 2023-12-01T10:20:41.943Z, 212.1926108, 798.3515214000001
1701426041960, 2023-12-01T10:20:41.960Z, 306.1763396, 798.3306692
1701426041977, 2023-12-01T10:20:41.977Z, 390.6334868, 792.1507267999999
1701426041991, 2023-12-01T10:20:41.991Z, 473.29509420000005, 795.2303146
1701426042012, 2023-12-01T10:20:42.012Z, 554.0296726, 792.8017514000001
1701426042052, 2023-12-01T10:20:42.052Z, 614.9102758, 792.4294044000001
1701426042069, 2023-12-01T10:20:42.069Z, 622.953482, 796.4321934000001
1701426042083, 2023-12-01T10:20:42.083Z, 636.6382738, 805.669991
1701426042099, 2023-12-01T10:20:42.099Z, 641.3726994000001, 812.6313164
1701426042116, 2023-12-01T10:20:42.116Z, 649.6738648, 822.6919828
1701426042130, 2023-12-01T10:20:42.130Z, 649.9433698, 828.6030164
1701426042178, 2023-12-01T10:20:42.178Z, 661.0659662, 834.4794946
1701426042194, 2023-12-01T10:20:42.194Z, 664.6181187999999, 845.3169637999999
1701426042209, 2023-12-01T10:20:42.209Z, 659.0750216, 854.7950308000002
1701426042242, 2023-12-01T10:20:42.242Z, 572.1238116000001, 854.8333921999999
1701426042257, 2023-12-01T10:20:42.257Z, 483.45646120000004, 854.644227
1701426042273, 2023-12-01T10:20:42.273Z, 391.5282152, 851.5170956
1701426042290, 2023-12-01T10:20:42.290Z, 285.85885279999997, 841.2532804
1701426042320, 2023-12-01T10:20:42.320Z, 193.60212299999998, 832.7937494
1701426042335, 2023-12-01T10:20:42.335Z, 174.8875932, 832.4285046000001
1701426042351, 2023-12-01T10:20:42.351Z, 171.2871334, 835.2792026
1701426042382, 2023-12-01T10:20:42.382Z, 163.27159360000002, 829.8623341999999
1701426042399, 2023-12-01T10:20:42.399Z, 179.1662336, 829.7378068
1701426042414, 2023-12-01T10:20:42.414Z, 192.2369676, 828.7634934
1701426042432, 2023-12-01T10:20:42.432Z, 211.69071240000002, 830.3255091999999
1701426042462, 2023-12-01T10:20:42.462Z, 214.0342044, 826.3574228
1701426042478, 2023-12-01T10:20:42.478Z, 211.998228, 831.8475861999999
1701426042494, 2023-12-01T10:20:42.494Z, 207.8098776, 833.7579674000001
1701426042509, 2023-12-01T10:20:42.509Z, 208.31817940000002, 836.9118038
1701426042526, 2023-12-01T10:20:42.526Z, 211.1568332, 837.5958756
1701426042542, 2023-12-01T10:20:42.542Z, 231.31797780000002, 844.6683227999999
1701426042559, 2023-12-01T10:20:42.559Z, 259.5582098, 851.7170456
1701426042572, 2023-12-01T10:20:42.572Z, 285.59079940000004, 858.5773388000001
1701426042588, 2023-12-01T10:20:42.588Z, 311.6531518, 864.9622936
1701426042615, 2023-12-01T10:20:42.615Z, 349.6774312, 873.1548048000001
1701426042636, 2023-12-01T10:20:42.636Z, 377.7944784, 876.4400929999999
1701426042651, 2023-12-01T10:20:42.651Z, 421.177404, 875.0328357999999
1701426042666, 2023-12-01T10:20:42.666Z, 476.11839840000005, 875.1265417999999
1701426042702, 2023-12-01T10:20:42.702Z, 533.900633, 869.8754896
1701426042714, 2023-12-01T10:20:42.714Z, 579.2923664, 863.9821154000001
1701426042730, 2023-12-01T10:20:42.730Z, 623.349297, 857.3341306
1701426042757, 2023-12-01T10:20:42.757Z, 652.697187, 855.3380416
1701426042776, 2023-12-01T10:20:42.776Z, 662.9568532000001, 849.4401242
1701426042792, 2023-12-01T10:20:42.792Z, 664.352611, 846.5152115999999
1701426042809, 2023-12-01T10:20:42.809Z, 668.9430658, 842.5486638
1701426042825, 2023-12-01T10:20:42.825Z, 658.5704102, 837.4210841999999
1701426042841, 2023-12-01T10:20:42.841Z, 646.8777452, 831.9218918
1701426042855, 2023-12-01T10:20:42.855Z, 651.8269812000001, 830.5437736
1701426042871, 2023-12-01T10:20:42.871Z, 651.2717106, 828.0127552
1701426042885, 2023-12-01T10:20:42.885Z, 650.3519016, 826.4347713999999
1701426042917, 2023-12-01T10:20:42.917Z, 659.1527808000001, 826.8497344
1701426042933, 2023-12-01T10:20:42.933Z, 667.0506416, 826.442742
1701426042948, 2023-12-01T10:20:42.948Z, 670.912899, 827.7867894000001
1701426042964, 2023-12-01T10:20:42.964Z, 665.2406426, 827.2003725999999
1701426043001, 2023-12-01T10:20:43.001Z, 660.5343066, 828.9865815999999
1701426043005, 2023-12-01T10:20:43.005Z, 661.2015336000001, 832.8316331999998
1701426043029, 2023-12-01T10:20:43.029Z, 649.9433005999999, 833.9863558000001
1701426043043, 2023-12-01T10:20:43.043Z, 639.1560923999999, 834.1033684
1701426043066, 2023-12-01T10:20:43.066Z, 670.1732478, 842.7852756
1701426043081, 2023-12-01T10:20:43.081Z, 687.8462142000001, 852.8535372
1701426043108, 2023-12-01T10:20:43.108Z, 696.5197903999999, 860.4863202
1701426043121, 2023-12-01T10:20:43.121Z, 718.729795, 866.4131878000001
1701426043136, 2023-12-01T10:20:43.136Z, 718.8424385999999, 862.1300200000002
1701426043152, 2023-12-01T10:20:43.152Z, 697.703037, 854.7947534000001
1701426043169, 2023-12-01T10:20:43.169Z, 681.7595114, 841.1189146
1701426043184, 2023-12-01T10:20:43.184Z, 671.2660396, 828.6051188000001
1701426043206, 2023-12-01T10:20:43.206Z, 663.2620026000001, 827.5050766
1701426043221, 2023-12-01T10:20:43.221Z, 681.4895762, 842.9225629999999
1701426043248, 2023-12-01T10:20:43.248Z, 697.8568246000001, 858.0424638000001
1701426043263, 2023-12-01T10:20:43.263Z, 719.5836828, 866.916553
1701426043279, 2023-12-01T10:20:43.279Z, 741.9473624, 878.1048598
1701426043295, 2023-12-01T10:20:43.295Z, 756.6341856, 881.9460088
1701426043313, 2023-12-01T10:20:43.313Z, 765.306113, 874.5245816
1701426043330, 2023-12-01T10:20:43.330Z, 770.3612792, 865.72443
1701426043362, 2023-12-01T10:20:43.362Z, 735.7406414, 850.2461008
1701426043391, 2023-12-01T10:20:43.391Z, 709.2864622, 835.4887228000001
1701426043407, 2023-12-01T10:20:43.407Z, 676.2757158000001, 822.112674
1701426043428, 2023-12-01T10:20:43.428Z, 646.5108296000001, 814.8478732
1701426043439, 2023-12-01T10:20:43.439Z, 620.5527664, 809.8706490000001
1701426043457, 2023-12-01T10:20:43.457Z, 624.9982374, 815.5696427999999
1701426043469, 2023-12-01T10:20:43.469Z, 624.3184960000001, 818.3329394
1701426043485, 2023-12-01T10:20:43.485Z, 637.8116608, 821.7113254
1701426043512, 2023-12-01T10:20:43.512Z, 664.6695364, 825.1023002
1701426043520, 2023-12-01T10:20:43.520Z, 687.1626692, 833.3519630000001
1701426043550, 2023-12-01T10:20:43.550Z, 698.2335781999998, 838.0713608
1701426043563, 2023-12-01T10:20:43.563Z, 709.3732545999999, 844.4204108
1701426043580, 2023-12-01T10:20:43.580Z, 724.2909900000001, 854.3803814
1701426043596, 2023-12-01T10:20:43.596Z, 698.9624357999999, 848.1643666
1701426043615, 2023-12-01T10:20:43.615Z, 677.1105162, 835.5621766
1701426043626, 2023-12-01T10:20:43.626Z, 677.1483814000001, 832.6760105999999
1701426043643, 2023-12-01T10:20:43.643Z, 668.4049154, 826.7374667999999
1701426043659, 2023-12-01T10:20:43.659Z, 660.8302868, 818.2146134
1701426043676, 2023-12-01T10:20:43.676Z, 663.2351234, 820.9346223999999
1701426043692, 2023-12-01T10:20:43.692Z, 667.6701614, 823.9185544
1701426043707, 2023-12-01T10:20:43.707Z, 668.9121048, 831.4884816
1701426043723, 2023-12-01T10:20:43.723Z, 674.0373808, 836.1107448
1701426043737, 2023-12-01T10:20:43.737Z, 650.3133904, 840.2932903999999
1701426043769, 2023-12-01T10:20:43.769Z, 562.1175182000001, 847.2874268000002
1701426043784, 2023-12-01T10:20:43.784Z, 463.6529222000001, 854.5023248
1701426043809, 2023-12-01T10:20:43.809Z, 344.6436154, 854.6873636
1701426043831, 2023-12-01T10:20:43.831Z, 242.53299539999998, 863.5315404
1701426043849, 2023-12-01T10:20:43.849Z, 151.10979360000002, 868.2583807999999
1701426043862, 2023-12-01T10:20:43.862Z, 124.6157206, 871.434262
1701426043878, 2023-12-01T10:20:43.878Z, 107.80435519999999, 873.4657082
1701426043894, 2023-12-01T10:20:43.894Z, 108.88283320000001, 871.644592
1701426043910, 2023-12-01T10:20:43.910Z, 96.782322, 864.4575773999999
1701426043925, 2023-12-01T10:20:43.925Z, 104.7315756, 864.6963195999999
1701426043960, 2023-12-01T10:20:43.960Z, 129.65380299999998, 866.0940831999999
1701426043973, 2023-12-01T10:20:43.973Z, 152.6386626, 872.2761692
1701426043990, 2023-12-01T10:20:43.990Z, 155.02980580000002, 880.678327
1701426044759, 2023-12-01T10:20:44.759Z, 156.0018932, 888.5844229999999
1701426044777, 2023-12-01T10:20:44.777Z, 146.90774620000002, 886.1585394
1701426044794, 2023-12-01T10:20:44.794Z, 146.5924754, 875.6589802000001
1701426044808, 2023-12-01T10:20:44.808Z, 164.2680184, 846.5926660000001
1701426044901, 2023-12-01T10:20:44.901Z, 339.0875538, 728.44026
1701426044932, 2023-12-01T10:20:44.932Z, 567.0245859999999, 588.2920237999999
1701426044980, 2023-12-01T10:20:44.980Z, 791.9359042, 450.56272659999996
1701426045011, 2023-12-01T10:20:45.011Z, 1003.3578416, 319.88273680000003
1701426045027, 2023-12-01T10:20:45.027Z, 1207.8061389999998, 196.3474566
1701426045044, 2023-12-01T10:20:45.044Z, 1273.8054315999998, 161.5306
1701426045060, 2023-12-01T10:20:45.060Z, 1290.6559526, 153.1203002
1701426045078, 2023-12-01T10:20:45.078Z, 1305.9279066000001, 149.1739026
1701426045092, 2023-12-01T10:20:45.092Z, 1318.0346138, 143.04318
1701426045111, 2023-12-01T10:20:45.111Z, 1314.4592327999999, 143.474577
1701426045161, 2023-12-01T10:20:45.161Z, 1318.0949446, 142.19674500000002
1701426045202, 2023-12-01T10:20:45.202Z, 1306.7215144, 142.4528582
1701426045218, 2023-12-01T10:20:45.218Z, 1301.0796118000003, 144.1157232
1701426045249, 2023-12-01T10:20:45.249Z, 1305.2705627999999, 143.7476972
1701426045264, 2023-12-01T10:20:45.264Z, 1318.0577816, 142.0177246
1701426045281, 2023-12-01T10:20:45.281Z, 1328.9941815999998, 140.346795
1701426045310, 2023-12-01T10:20:45.310Z, 1351.9671289999999, 132.13234020000002
1701426045328, 2023-12-01T10:20:45.328Z, 1368.2661076, 118.5147422
1701426045406, 2023-12-01T10:20:45.406Z, 1365.4121824000001, 113.36420840000001
1701426045458, 2023-12-01T10:20:45.458Z, 1358.757484, 106.2250174
1701426045485, 2023-12-01T10:20:45.485Z, 1354.4839278, 105.3511976
1701426045501, 2023-12-01T10:20:45.501Z, 1353.8358045999998, 107.2011732
1701426045518, 2023-12-01T10:20:45.518Z, 1351.3363298, 105.70527799999999
1701426045547, 2023-12-01T10:20:45.547Z, 1363.9568048, 103.04455719999999
1701426045563, 2023-12-01T10:20:45.563Z, 1371.7167576, 106.5815974
1701426045579, 2023-12-01T10:20:45.579Z, 1372.6561434, 106.3979654
1701426045609, 2023-12-01T10:20:45.609Z, 1366.991559, 108.06192180000001
1701426045626, 2023-12-01T10:20:45.626Z, 1345.9548694, 115.532252
1701426045641, 2023-12-01T10:20:45.641Z, 1309.8639520000002, 121.397721
1701426045657, 2023-12-01T10:20:45.657Z, 1269.6766890000001, 124.82907679999998
1701426045673, 2023-12-01T10:20:45.673Z, 1232.2772195999999, 129.8849814
1701426045689, 2023-12-01T10:20:45.689Z, 1194.2175164, 131.0120984
1701426045707, 2023-12-01T10:20:45.707Z, 1177.0659949999997, 131.19161920000002
1701426045721, 2023-12-01T10:20:45.721Z, 1172.0716564, 131.2341598
1701426045761, 2023-12-01T10:20:45.761Z, 1180.3114131999998, 130.990498
1701426045785, 2023-12-01T10:20:45.785Z, 1189.7782836000001, 129.2108236
1701426045800, 2023-12-01T10:20:45.800Z, 1203.9067028, 130.188239
1701426045818, 2023-12-01T10:20:45.818Z, 1227.9074036, 131.468761
1701426045849, 2023-12-01T10:20:45.849Z, 1261.5725168000001, 131.3532072
1701426045865, 2023-12-01T10:20:45.865Z, 1294.4633251999999, 130.86316760000003
1701426045880, 2023-12-01T10:20:45.880Z, 1314.550825, 130.10091119999998
1701426045897, 2023-12-01T10:20:45.897Z, 1341.9238186, 129.1871226
1701426045913, 2023-12-01T10:20:45.913Z, 1337.7459276000002, 124.0926818
1701426045929, 2023-12-01T10:20:45.929Z, 1327.0430296, 121.6327878
1701426045944, 2023-12-01T10:20:45.944Z, 1306.4029500000001, 118.94841579999999
1701426045959, 2023-12-01T10:20:45.959Z, 1269.0620476, 119.742985
1701426045976, 2023-12-01T10:20:45.976Z, 1217.7737292, 114.9932196
1701426045992, 2023-12-01T10:20:45.992Z, 1185.6325026, 112.6363842
1701426046008, 2023-12-01T10:20:46.008Z, 1142.1691564, 109.6685062
1701426046024, 2023-12-01T10:20:46.024Z, 1106.4668696, 107.0375462
1701426046041, 2023-12-01T10:20:46.041Z, 1094.4909816000002, 101.8665332
1701426046061, 2023-12-01T10:20:46.061Z, 1082.6929012, 103.6376452
1701426046085, 2023-12-01T10:20:46.085Z, 1069.7927578000001, 107.16710259999999
1701426046291, 2023-12-01T10:20:46.291Z, 1139.6656314, 143.39518800000002
1701426046307, 2023-12-01T10:20:46.307Z, 1198.8647494000002, 175.40041820000002
1701426046326, 2023-12-01T10:20:46.326Z, 1253.7294682, 211.57094980000002
1701426046338, 2023-12-01T10:20:46.338Z, 1312.066001, 246.8578256
1701426046356, 2023-12-01T10:20:46.356Z, 1370.4699128, 280.04432740000004
1701426046384, 2023-12-01T10:20:46.384Z, 1357.5587906, 279.84861320000005
1701426046401, 2023-12-01T10:20:46.401Z, 1354.809543, 285.5860844
1701426046417, 2023-12-01T10:20:46.417Z, 1362.4462090000002, 285.6069786
1701426046449, 2023-12-01T10:20:46.449Z, 1370.7597232, 282.849421
1701426046481, 2023-12-01T10:20:46.481Z, 1380.4473268, 278.6083024
1701426046527, 2023-12-01T10:20:46.527Z, 1390.4438398, 273.6690708
1701426046560, 2023-12-01T10:20:46.560Z, 1400.4957628, 271.206597
1701426046574, 2023-12-01T10:20:46.574Z, 1406.7861546, 268.76034339999995
1701426046606, 2023-12-01T10:20:46.606Z, 1413.4191802, 269.00296879999996
1701426046622, 2023-12-01T10:20:46.622Z, 1419.8540478, 271.44760759999997
1701426046638, 2023-12-01T10:20:46.638Z, 1422.5395257999999, 274.16304819999993
1701426046660, 2023-12-01T10:20:46.660Z, 1417.537417, 271.3210614
1701426046669, 2023-12-01T10:20:46.669Z, 1412.0493968, 268.9983264
1701426046688, 2023-12-01T10:20:46.688Z, 1405.2482748, 263.82975300000004
1701426046716, 2023-12-01T10:20:46.716Z, 1397.400642, 265.0184608
1701426046733, 2023-12-01T10:20:46.733Z, 1391.7184060000002, 268.9110742
1701426046750, 2023-12-01T10:20:46.750Z, 1392.494636, 273.3914968
1701426046763, 2023-12-01T10:20:46.763Z, 1396.1326622, 274.9664726
1701426046780, 2023-12-01T10:20:46.780Z, 1398.8427904, 275.0915878
1701426046805, 2023-12-01T10:20:46.805Z, 1405.6734517999998, 267.5363518
1701426046827, 2023-12-01T10:20:46.827Z, 1410.7201605999999, 259.27571
1701426046843, 2023-12-01T10:20:46.843Z, 1416.2587588, 252.82235880000002
1701426046861, 2023-12-01T10:20:46.861Z, 1420.1254379999998, 247.55400840000001
1701426046877, 2023-12-01T10:20:46.877Z, 1425.0074339999999, 245.8446398
1701426046890, 2023-12-01T10:20:46.890Z, 1425.6863668, 246.948606
1701426046907, 2023-12-01T10:20:46.907Z, 1426.7707506000002, 245.56181819999998
1701426046924, 2023-12-01T10:20:46.924Z, 1432.8121506, 247.1928718
1701426046941, 2023-12-01T10:20:46.941Z, 1447.3119448000002, 253.94728020000002
1701426047108, 2023-12-01T10:20:47.108Z, 1498.2010553999999, 256.4455676
1701426047158, 2023-12-01T10:20:47.158Z, 1553.2963524000002, 255.9614838
1701426047174, 2023-12-01T10:20:47.174Z, 1603.8754414, 258.93153240000004
1701426047206, 2023-12-01T10:20:47.206Z, 1639.4370168, 263.1932632
1701426047224, 2023-12-01T10:20:47.224Z, 1666.4644702, 265.371377
1701426047256, 2023-12-01T10:20:47.256Z, 1657.8707457999997, 272.0634504
1701426047299, 2023-12-01T10:20:47.299Z, 1643.0284932, 285.20486719999997
1701426047315, 2023-12-01T10:20:47.315Z, 1631.5631098, 295.7248232
1701426047345, 2023-12-01T10:20:47.345Z, 1550.6891143999999, 331.658954
1701426047377, 2023-12-01T10:20:47.377Z, 1457.9242358, 371.9365546
1701426047440, 2023-12-01T10:20:47.440Z, 1366.7010516, 409.89072219999997
1701426047474, 2023-12-01T10:20:47.474Z, 1285.1765254, 443.656152
1701426047488, 2023-12-01T10:20:47.488Z, 1207.9227964000002, 475.0196882
1701426047521, 2023-12-01T10:20:47.521Z, 1209.898802, 475.30191620000005
1701426047534, 2023-12-01T10:20:47.534Z, 1211.3050528, 469.38480519999996
1701426047563, 2023-12-01T10:20:47.563Z, 1199.6621449999998, 463.5736148
1701426047580, 2023-12-01T10:20:47.580Z, 1174.1780476000001, 459.040604
1701426047611, 2023-12-01T10:20:47.611Z, 1140.7512378000001, 455.6948974
1701426047627, 2023-12-01T10:20:47.627Z, 1104.9891596, 452.6059388
1701426047642, 2023-12-01T10:20:47.642Z, 1080.399669, 453.303638
1701426047659, 2023-12-01T10:20:47.659Z, 1070.5022636, 455.7951858
1701426047675, 2023-12-01T10:20:47.675Z, 1068.8939050000001, 457.43385320000004
1701426047691, 2023-12-01T10:20:47.691Z, 1073.0967798000001, 460.7360986
1701426047722, 2023-12-01T10:20:47.722Z, 1069.8806736000001, 457.995255
1701426047738, 2023-12-01T10:20:47.738Z, 1067.4025442000002, 450.1876332
1701426047786, 2023-12-01T10:20:47.786Z, 1060.5502116000002, 430.7642114
1701426047799, 2023-12-01T10:20:47.799Z, 1053.7300256, 410.6237308
1701426047831, 2023-12-01T10:20:47.831Z, 1045.8400538, 391.04412140000005
1701426047872, 2023-12-01T10:20:47.872Z, 1041.9913278, 382.5394514000001
1701426047894, 2023-12-01T10:20:47.894Z, 1039.9843174000002, 378.5026924
1701426047927, 2023-12-01T10:20:47.927Z, 1038.0415166, 384.9880154
1701426047941, 2023-12-01T10:20:47.941Z, 1034.893376, 391.98990079999993
1701426047973, 2023-12-01T10:20:47.973Z, 1029.3974692000002, 399.1369576
1701426047989, 2023-12-01T10:20:47.989Z, 1026.707645, 402.5431804
1701426048012, 2023-12-01T10:20:48.012Z, 1024.0633408, 404.4785784
1701426048054, 2023-12-01T10:20:48.054Z, 1053.024621, 409.41136800000004
1701426048069, 2023-12-01T10:20:48.069Z, 1079.4020116, 415.0267476
1701426048070, 2023-12-01T10:20:48.070Z, 1104.6828612, 419.1704248
1701426048084, 2023-12-01T10:20:48.084Z, 1149.8112477999998, 423.6675670000001
1701426048100, 2023-12-01T10:20:48.100Z, 1194.7990146, 428.0804529999999
1701426048115, 2023-12-01T10:20:48.115Z, 1209.8757727999998, 427.3152136
1701426048132, 2023-12-01T10:20:48.132Z, 1230.1422782, 424.9346318
1701426048155, 2023-12-01T10:20:48.155Z, 1253.338688, 421.3027838
1701426048193, 2023-12-01T10:20:48.193Z, 1256.0153442, 412.82669100000004
1701426048209, 2023-12-01T10:20:48.209Z, 1258.2940119999998, 403.5830306
1701426048240, 2023-12-01T10:20:48.240Z, 1257.4930978, 395.83309799999995
1701426048255, 2023-12-01T10:20:48.255Z, 1252.5766840000001, 390.7124936
1701426048287, 2023-12-01T10:20:48.287Z, 1250.8943804000003, 384.95385999999996
1701426048352, 2023-12-01T10:20:48.352Z, 1250.6628842000002, 382.8736888
1701426048383, 2023-12-01T10:20:48.383Z, 1247.1391376000001, 384.1928610000001
1701426048415, 2023-12-01T10:20:48.415Z, 1240.66808, 388.12071100000003
1701426048431, 2023-12-01T10:20:48.431Z, 1234.4353284000001, 390.645625
1701426048476, 2023-12-01T10:20:48.476Z, 1216.060422, 397.438398
1701426048508, 2023-12-01T10:20:48.508Z, 1198.5382666, 410.7041884
1701426048525, 2023-12-01T10:20:48.525Z, 1173.7990080000002, 419.715732
1701426048539, 2023-12-01T10:20:48.539Z, 1158.8725866, 432.9240726
1701426048555, 2023-12-01T10:20:48.555Z, 1141.9302558000002, 446.4971668
1701426048573, 2023-12-01T10:20:48.573Z, 1126.0445522, 455.8832576
1701426048587, 2023-12-01T10:20:48.587Z, 1120.9007580000002, 463.3729612
1701426048610, 2023-12-01T10:20:48.610Z, 1120.4332152000002, 470.9008212
1701426048652, 2023-12-01T10:20:48.652Z, 1105.5410693999997, 468.924832
1701426048665, 2023-12-01T10:20:48.665Z, 1095.995913, 466.1121741999999
1701426048681, 2023-12-01T10:20:48.681Z, 1091.1018774000001, 464.8583472
1701426048697, 2023-12-01T10:20:48.697Z, 1078.5924126, 458.6484018
1701426048729, 2023-12-01T10:20:48.729Z, 1070.8362780000002, 454.1188198
1701426048773, 2023-12-01T10:20:48.773Z, 1075.3757965999998, 447.34838920000004
1701426048788, 2023-12-01T10:20:48.788Z, 1076.1963518, 444.07172900000006
1701426048824, 2023-12-01T10:20:48.824Z, 1082.81945, 431.4297096
1701426048840, 2023-12-01T10:20:48.840Z, 1083.0366768, 418.31920199999996
1701426048872, 2023-12-01T10:20:48.872Z, 1082.661251, 404.8723078
1701426048887, 2023-12-01T10:20:48.887Z, 1080.6982469999998, 399.0634138
1701426048909, 2023-12-01T10:20:48.909Z, 1077.526518, 390.96811360000004
1701426048936, 2023-12-01T10:20:48.936Z, 1071.2892447999998, 392.3370438
1701426048950, 2023-12-01T10:20:48.950Z, 1067.1895983999998, 394.8543744
1701426048965, 2023-12-01T10:20:48.965Z, 1067.586038, 400.2434184
1701426048981, 2023-12-01T10:20:48.981Z, 1071.2617884000001, 407.19542379999996
1701426048997, 2023-12-01T10:20:48.997Z, 1078.7371428, 412.9584738
1701426049013, 2023-12-01T10:20:49.013Z, 1088.4943153999998, 418.3388
1701426049054, 2023-12-01T10:20:49.054Z, 1091.2152102, 421.13153600000004
1701426049091, 2023-12-01T10:20:49.091Z, 1087.8488327999999, 415.73625899999996
1701426049109, 2023-12-01T10:20:49.109Z, 1086.3623366, 408.9955602
1701426049140, 2023-12-01T10:20:49.140Z, 1080.865181, 400.9315502
1701426049156, 2023-12-01T10:20:49.156Z, 1075.7208544, 394.7486326
1701426049188, 2023-12-01T10:20:49.188Z, 1073.2976272, 392.89247739999996
1701426049235, 2023-12-01T10:20:49.235Z, 1069.1518623999998, 396.8485462
1701426049268, 2023-12-01T10:20:49.268Z, 1065.5084557999999, 396.9618412
1701426049314, 2023-12-01T10:20:49.314Z, 1067.4292601999998, 397.210391
1701426049334, 2023-12-01T10:20:49.334Z, 1065.8532878, 395.6512312
1701426049357, 2023-12-01T10:20:49.357Z, 1068.1970574000002, 390.43501679999997
1701426049370, 2023-12-01T10:20:49.370Z, 1075.2149968, 383.9534004
1701426049409, 2023-12-01T10:20:49.409Z, 1077.8104896, 379.2029582
1701426049425, 2023-12-01T10:20:49.425Z, 1094.7496919999999, 380.4442946
1701426049441, 2023-12-01T10:20:49.441Z, 1110.7847006, 383.55559420000003
1701426049456, 2023-12-01T10:20:49.456Z, 1121.2273196, 391.1257134
1701426049472, 2023-12-01T10:20:49.472Z, 1123.8501695999998, 395.07499880000006
1701426049489, 2023-12-01T10:20:49.489Z, 1134.0348316, 401.9561316
1701426049506, 2023-12-01T10:20:49.506Z, 1122.7912454, 403.10339200000004
1701426049536, 2023-12-01T10:20:49.536Z, 1115.2070598, 403.72323639999996
1701426049552, 2023-12-01T10:20:49.552Z, 1115.610539, 404.0408608000001
1701426049568, 2023-12-01T10:20:49.568Z, 1144.1087263999998, 421.99972379999997
1701426049583, 2023-12-01T10:20:49.583Z, 1164.0917802, 439.5026838
1701426049601, 2023-12-01T10:20:49.601Z, 1183.981092, 458.20768879999997
1701426049617, 2023-12-01T10:20:49.617Z, 1202.7635850000001, 476.10986560000003
1701426049630, 2023-12-01T10:20:49.630Z, 1220.6123585999999, 492.12264639999995
1701426049656, 2023-12-01T10:20:49.656Z, 1220.8646968, 497.90961239999996
1701426049678, 2023-12-01T10:20:49.678Z, 1221.3160852, 502.32629140000006
1701426049694, 2023-12-01T10:20:49.694Z, 1218.3853060000001, 504.60143579999993
1701426049709, 2023-12-01T10:20:49.709Z, 1215.9045944000002, 506.61443019999996
1701426049725, 2023-12-01T10:20:49.725Z, 1214.1291472, 507.2096862
1701426049740, 2023-12-01T10:20:49.740Z, 1211.056429, 503.23325800000003
1701426049755, 2023-12-01T10:20:49.755Z, 1212.1045386, 500.8888862
1701426049772, 2023-12-01T10:20:49.772Z, 1222.8135688, 500.34526420000003
1701426049787, 2023-12-01T10:20:49.787Z, 1231.8527491999998, 497.7537452
1701426049822, 2023-12-01T10:20:49.822Z, 1238.0839682, 491.7949172
1701426049836, 2023-12-01T10:20:49.836Z, 1241.771133, 488.7176266
1701426049867, 2023-12-01T10:20:49.867Z, 1246.6789543999998, 486.834274
1701426049882, 2023-12-01T10:20:49.882Z, 1254.2816856000002, 479.6025738
1701426049898, 2023-12-01T10:20:49.898Z, 1262.4506756, 475.3761608
1701426049913, 2023-12-01T10:20:49.913Z, 1265.1546918, 476.5466386
1701426049930, 2023-12-01T10:20:49.930Z, 1274.9561681999999, 477.64762099999996
1701426049955, 2023-12-01T10:20:49.955Z, 1274.984694, 474.51894360000006
1701426049971, 2023-12-01T10:20:49.971Z, 1271.8258603999998, 479.5348416
1701426049987, 2023-12-01T10:20:49.987Z, 1267.9294934, 483.4638304
1701426050024, 2023-12-01T10:20:50.024Z, 1269.4794404, 488.36922259999994
1701426050039, 2023-12-01T10:20:50.039Z, 1262.0906414, 492.13213140000005
1701426050071, 2023-12-01T10:20:50.071Z, 1255.7354793999998, 501.3821532
1701426050087, 2023-12-01T10:20:50.087Z, 1241.5332371999998, 505.8587056
1701426050107, 2023-12-01T10:20:50.107Z, 1224.2588896, 510.0673344
1701426050135, 2023-12-01T10:20:50.135Z, 1209.706554, 511.5126738
1701426050151, 2023-12-01T10:20:50.151Z, 1196.1030744, 511.84169119999996
1701426050166, 2023-12-01T10:20:50.166Z, 1179.9001472, 505.3351170000001
1701426050182, 2023-12-01T10:20:50.182Z, 1172.5058782, 504.37841760000003
1701426050196, 2023-12-01T10:20:50.196Z, 1160.6909885999999, 503.0058908
1701426050213, 2023-12-01T10:20:50.214Z, 1147.2388434, 502.0320146
1701426050228, 2023-12-01T10:20:50.228Z, 1135.3927654, 502.3090938
1701426050258, 2023-12-01T10:20:50.258Z, 1128.2568932, 505.279587
1701426050275, 2023-12-01T10:20:50.275Z, 1116.5187792000002, 502.60121580000003
1701426050291, 2023-12-01T10:20:50.291Z, 1115.6781160000003, 501.26622280000004
1701426050308, 2023-12-01T10:20:50.308Z, 1114.5724628, 500.5429716
1701426050338, 2023-12-01T10:20:50.338Z, 1115.2256714, 501.11442639999996
1701426050353, 2023-12-01T10:20:50.353Z, 1118.7278804, 501.98882860000003
1701426050369, 2023-12-01T10:20:50.369Z, 1122.6209502000002, 500.21203159999993
1701426050385, 2023-12-01T10:20:50.385Z, 1124.6873078, 497.48153659999997
1701426050404, 2023-12-01T10:20:50.404Z, 1125.9478498000003, 492.8567999999999
1701426050422, 2023-12-01T10:20:50.422Z, 1129.9145984000002, 488.9607218
1701426050450, 2023-12-01T10:20:50.450Z, 1131.3258117999999, 484.97868819999997
1701426050468, 2023-12-01T10:20:50.468Z, 1134.1175284, 486.92696300000006
1701426050499, 2023-12-01T10:20:50.499Z, 1134.8784134000002, 489.9465174
1701426050513, 2023-12-01T10:20:50.513Z, 1132.664643, 493.85165559999996
1701426050529, 2023-12-01T10:20:50.529Z, 1134.153252, 495.53807939999996
1701426050557, 2023-12-01T10:20:50.557Z, 1137.3728868000003, 496.634498
1701426050576, 2023-12-01T10:20:50.576Z, 1145.0226580000003, 497.471394
1701426050591, 2023-12-01T10:20:50.591Z, 1151.5556908, 502.1125592
1701426050608, 2023-12-01T10:20:50.608Z, 1163.3453754, 507.96212940000004
1701426050624, 2023-12-01T10:20:50.624Z, 1175.6936314, 518.4883477999999
1701426050639, 2023-12-01T10:20:50.639Z, 1183.9579096, 526.3780064
1701426050656, 2023-12-01T10:20:50.656Z, 1191.4468094, 535.3743648
1701426050671, 2023-12-01T10:20:50.671Z, 1200.3764379999998, 539.4898022
1701426050708, 2023-12-01T10:20:50.708Z, 1207.7067286, 539.6000592
1701426050768, 2023-12-01T10:20:50.768Z, 1210.1444888, 534.0980984
1701426050801, 2023-12-01T10:20:50.801Z, 1214.598156, 531.0828564000001
1701426050815, 2023-12-01T10:20:50.815Z, 1212.4011438, 535.6823864
1701426050829, 2023-12-01T10:20:50.829Z, 1215.169762, 567.8894338
1701426050860, 2023-12-01T10:20:50.860Z, 1207.7692594, 606.6588669999999
1701426050875, 2023-12-01T10:20:50.875Z, 1208.2106152000001, 645.7283648
1701426050891, 2023-12-01T10:20:50.891Z, 1207.2222682, 685.2531282
1701426050907, 2023-12-01T10:20:50.907Z, 1201.2812994, 716.946239
1701426050923, 2023-12-01T10:20:50.923Z, 1191.4916154, 722.4129782
1701426050938, 2023-12-01T10:20:50.938Z, 1195.6539825999998, 725.7978792
1701426050953, 2023-12-01T10:20:50.953Z, 1188.0508447999998, 729.4789038000001
1701426050969, 2023-12-01T10:20:50.969Z, 1186.1322512, 733.0223102
1701426050986, 2023-12-01T10:20:50.986Z, 1194.3474174, 735.2821798000001
1701426051016, 2023-12-01T10:20:51.016Z, 1201.7473889999999, 736.0449632
1701426051032, 2023-12-01T10:20:51.032Z, 1206.0100416, 735.9148032
1701426051048, 2023-12-01T10:20:51.048Z, 1204.8112483999998, 734.690711
1701426051063, 2023-12-01T10:20:51.063Z, 1201.9038162000002, 733.549596
1701426051080, 2023-12-01T10:20:51.080Z, 1197.0575272, 731.8598013999999
1701426051111, 2023-12-01T10:20:51.111Z, 1193.9289405999998, 730.9504483999999
1701426051127, 2023-12-01T10:20:51.127Z, 1188.4989114, 727.701855
1701426051175, 2023-12-01T10:20:51.175Z, 1185.1321102, 724.2144618
1701426051224, 2023-12-01T10:20:51.224Z, 1179.1131842, 720.8351633999999
1701426051238, 2023-12-01T10:20:51.238Z, 1165.5112386, 722.3580100000001
1701426051254, 2023-12-01T10:20:51.254Z, 1153.4808117999999, 723.6209046
1701426051272, 2023-12-01T10:20:51.272Z, 1140.5514476, 724.9067378000001
1701426051285, 2023-12-01T10:20:51.285Z, 1137.5763998, 728.0754368
1701426051310, 2023-12-01T10:20:51.310Z, 1136.4960276, 729.4921784000001
1701426051334, 2023-12-01T10:20:51.334Z, 1143.0225346, 727.0748978
1701426051348, 2023-12-01T10:20:51.348Z, 1146.4660552, 731.9243521999999
1701426051363, 2023-12-01T10:20:51.363Z, 1143.2771334, 739.5345245999999
1701426051379, 2023-12-01T10:20:51.379Z, 1136.8648337999998, 749.6669218
1701426051396, 2023-12-01T10:20:51.396Z, 1133.3232638, 763.9143303999999
1701426051412, 2023-12-01T10:20:51.412Z, 1127.8407824, 777.0000686000001
1701426051441, 2023-12-01T10:20:51.441Z, 1121.3914092, 782.4947147999999
1701426051459, 2023-12-01T10:20:51.459Z, 1134.7077178, 794.4021468
1701426051489, 2023-12-01T10:20:51.489Z, 1146.3758884, 806.8913682
1701426051504, 2023-12-01T10:20:51.504Z, 1144.3474164, 810.3213288000001
1701426051520, 2023-12-01T10:20:51.520Z, 1148.631897, 815.277932
1701426051552, 2023-12-01T10:20:51.552Z, 1155.1804746, 821.0973904
1701426051570, 2023-12-01T10:20:51.570Z, 1149.136364, 816.301815
1701426051586, 2023-12-01T10:20:51.586Z, 1131.6336982, 804.9545621999999
1701426051612, 2023-12-01T10:20:51.612Z, 1121.970912, 799.9617916000001
1701426051632, 2023-12-01T10:20:51.632Z, 1110.0355532, 794.5051071999999
1701426051647, 2023-12-01T10:20:51.647Z, 1102.5638857999998, 792.0934282000001
1701426051664, 2023-12-01T10:20:51.664Z, 1097.6668482, 793.3961362
1701426051678, 2023-12-01T10:20:51.678Z, 1100.0488467999999, 796.6347444
1701426051694, 2023-12-01T10:20:51.694Z, 1100.5845952, 797.615392
1701426051708, 2023-12-01T10:20:51.708Z, 1100.1461344000002, 798.0347641999999
1701426051709, 2023-12-01T10:20:51.709Z, 1088.8982274, 795.0842374
1701426051728, 2023-12-01T10:20:51.728Z, 1083.485312, 794.1306096000001
1701426051756, 2023-12-01T10:20:51.756Z, 1079.6106592, 795.5467650000002
1701426051772, 2023-12-01T10:20:51.772Z, 1083.7053620000002, 801.6175252
1701426051803, 2023-12-01T10:20:51.803Z, 1087.0973079999999, 807.6964700000001
1701426051819, 2023-12-01T10:20:51.819Z, 1091.0031092, 812.4545276
1701426051835, 2023-12-01T10:20:51.835Z, 1092.9621176, 815.4116964000001
1701426051882, 2023-12-01T10:20:51.882Z, 1098.2199912, 818.1547538
1701426051909, 2023-12-01T10:20:51.909Z, 1104.580522, 823.3500270000001
1701426051929, 2023-12-01T10:20:51.929Z, 1107.5015108, 827.1841118
1701426051959, 2023-12-01T10:20:51.959Z, 1120.5999133999999, 832.6693898
1701426051976, 2023-12-01T10:20:51.976Z, 1128.6478926, 837.2718492
1701426051992, 2023-12-01T10:20:51.992Z, 1131.9681626000001, 840.719093
1701426052007, 2023-12-01T10:20:52.007Z, 1126.2311284, 837.7211768000001
1701426052022, 2023-12-01T10:20:52.022Z, 1122.0700622, 835.5473446
1701426052038, 2023-12-01T10:20:52.038Z, 1105.498052, 831.4118392
1701426052061, 2023-12-01T10:20:52.061Z, 1089.5304102, 827.4276586
1701426052086, 2023-12-01T10:20:52.086Z, 1076.1332782, 822.0552921999999
1701426052102, 2023-12-01T10:20:52.102Z, 1069.4874934, 818.8122178
1701426052118, 2023-12-01T10:20:52.118Z, 1067.0760014, 815.6971374000001
1701426052133, 2023-12-01T10:20:52.133Z, 1070.395532, 814.5908788
1701426052150, 2023-12-01T10:20:52.150Z, 1075.426559, 814.4348739999999
1701426052181, 2023-12-01T10:20:52.181Z, 1080.6374839999999, 817.1085602
1701426052205, 2023-12-01T10:20:52.205Z, 1080.3700863999998, 819.048545
1701426052227, 2023-12-01T10:20:52.227Z, 1085.3075989999998, 824.2862708
1701426052244, 2023-12-01T10:20:52.244Z, 1090.3785983999999, 829.3902566
1701426052258, 2023-12-01T10:20:52.258Z, 1095.5251122, 833.3394626000002
1701426052274, 2023-12-01T10:20:52.274Z, 1103.0136144, 836.51919
1701426052291, 2023-12-01T10:20:52.291Z, 1108.4981903999999, 836.6778138
1701426052306, 2023-12-01T10:20:52.306Z, 1099.2055305999997, 829.8288706
1701426052321, 2023-12-01T10:20:52.321Z, 1088.3971574000002, 821.0215576
1701426052336, 2023-12-01T10:20:52.336Z, 1077.4847718, 812.4834592
1701426052357, 2023-12-01T10:20:52.357Z, 1069.9786362, 805.6092553999999
1701426052384, 2023-12-01T10:20:52.384Z, 1067.5363772, 802.4401214000001
1701426052399, 2023-12-01T10:20:52.399Z, 1078.9116344, 804.77093
1701426052416, 2023-12-01T10:20:52.416Z, 1091.6923318000001, 795.0640058000001
1701426052434, 2023-12-01T10:20:52.434Z, 1094.6762368, 750.0776404000001
1701426052447, 2023-12-01T10:20:52.447Z, 1089.4397887999999, 732.2792312
1701426052478, 2023-12-01T10:20:52.478Z, 1084.8573344000001, 710.8565472
1701426052510, 2023-12-01T10:20:52.510Z, 1083.1009858, 712.6916632
1701426052526, 2023-12-01T10:20:52.526Z, 1066.1293988, 726.5745872
1701426052542, 2023-12-01T10:20:52.542Z, 1063.0105576, 774.7974938
1701426052558, 2023-12-01T10:20:52.558Z, 1067.7481436, 796.3518282
1701426052573, 2023-12-01T10:20:52.573Z, 1064.4312122, 821.0242068
1701426052589, 2023-12-01T10:20:52.589Z, 1058.6075581999999, 822.4923918000001
1701426052604, 2023-12-01T10:20:52.604Z, 1070.7967416, 826.2557304
1701426052620, 2023-12-01T10:20:52.620Z, 1072.158319, 829.5771328000001
1701426052636, 2023-12-01T10:20:52.636Z, 1069.5061572, 831.0004958000002
1701426052656, 2023-12-01T10:20:52.656Z, 1072.3889998, 832.0428588000001
1701426052699, 2023-12-01T10:20:52.699Z, 1065.584493, 830.6400966000001
1701426052715, 2023-12-01T10:20:52.715Z, 1055.4009088, 828.1276054
1701426052732, 2023-12-01T10:20:52.732Z, 1052.0757538000003, 827.294088
1701426052747, 2023-12-01T10:20:52.747Z, 1054.6883065999998, 825.7323233999999
1701426052762, 2023-12-01T10:20:52.762Z, 1062.5871684, 825.7948884
1701426052793, 2023-12-01T10:20:52.793Z, 1074.8550218, 826.5871970000001
1701426052809, 2023-12-01T10:20:52.809Z, 1096.016735, 831.0041565999998
1701426052825, 2023-12-01T10:20:52.825Z, 1118.5097368000002, 837.2011242000001
1701426052842, 2023-12-01T10:20:52.842Z, 1131.4460806, 842.7344896000001
1701426052856, 2023-12-01T10:20:52.856Z, 1137.4668524, 845.0352218
1701426052872, 2023-12-01T10:20:52.872Z, 1140.6107256, 846.8395892000001
1701426052903, 2023-12-01T10:20:52.903Z, 1138.9508369999999, 846.2424875999999
1701426052919, 2023-12-01T10:20:52.919Z, 1134.1393744000002, 842.2940024
1701426052935, 2023-12-01T10:20:52.935Z, 1124.6788569999999, 833.9483041999999
1701426052957, 2023-12-01T10:20:52.957Z, 1122.2590934, 829.0493839999999
1701426052982, 2023-12-01T10:20:52.982Z, 1112.3708288000003, 821.5469912000001
1701426052998, 2023-12-01T10:20:52.998Z, 1102.7797482, 813.6050170000001
1701426053013, 2023-12-01T10:20:53.013Z, 1096.296221, 811.3440044
1701426053045, 2023-12-01T10:20:53.045Z, 1100.8443134000001, 816.1641298
1701426053059, 2023-12-01T10:20:53.059Z, 1100.4942364, 818.9658982
1701426053076, 2023-12-01T10:20:53.076Z, 1100.8261828, 822.099546
1701426053091, 2023-12-01T10:20:53.091Z, 1095.5167749999998, 824.0012227999999
1701426053122, 2023-12-01T10:20:53.122Z, 1088.4265045999998, 822.038751
1701426053139, 2023-12-01T10:20:53.139Z, 1073.4063216, 819.9896654
1701426053153, 2023-12-01T10:20:53.153Z, 1055.1540926, 818.8650928000001
1701426053168, 2023-12-01T10:20:53.168Z, 1047.4470233999998, 822.4711226
1701426053185, 2023-12-01T10:20:53.185Z, 1045.5135378, 827.3172916
1701426053200, 2023-12-01T10:20:53.200Z, 1041.4822726, 827.9165768
1701426053216, 2023-12-01T10:20:53.216Z, 1046.6831032000002, 829.2196833999999
1701426053235, 2023-12-01T10:20:53.235Z, 1056.779352, 829.5824968000001
1701426053258, 2023-12-01T10:20:53.258Z, 1064.6478954, 827.1604874000001
1701426053279, 2023-12-01T10:20:53.279Z, 1074.2467316, 825.6244166
1701426053311, 2023-12-01T10:20:53.311Z, 1097.7957881999998, 836.4820452
1701426053327, 2023-12-01T10:20:53.327Z, 1115.5977758000001, 844.00167
1701426053342, 2023-12-01T10:20:53.342Z, 1127.1257984, 847.8315233999999
1701426053358, 2023-12-01T10:20:53.358Z, 1132.0343917999999, 848.0357978
1701426053374, 2023-12-01T10:20:53.374Z, 1132.6078264, 847.6755448
1701426053389, 2023-12-01T10:20:53.389Z, 1119.3607292, 838.5180545999999
1701426053409, 2023-12-01T10:20:53.409Z, 1103.7403182, 830.6789415999999
1701426053420, 2023-12-01T10:20:53.420Z, 1091.0789422, 826.9318872
1701426053437, 2023-12-01T10:20:53.437Z, 1085.6446614000001, 829.1123814
1701426053454, 2023-12-01T10:20:53.454Z, 1085.8688182, 832.8515078
1701426053467, 2023-12-01T10:20:53.467Z, 1085.6546726000001, 835.4102928
1701426053483, 2023-12-01T10:20:53.483Z, 1087.4115278000002, 836.7487607999999
1701426053498, 2023-12-01T10:20:53.498Z, 1092.5928706, 839.7962942
1701426053530, 2023-12-01T10:20:53.530Z, 1096.1416726, 840.8044516
1701426053577, 2023-12-01T10:20:53.577Z, 1105.5550137999999, 850.4351279999998
1701426053593, 2023-12-01T10:20:53.593Z, 1121.6451032, 863.6155821999998
1701426053624, 2023-12-01T10:20:53.624Z, 1138.6623694, 877.9010099999999
1701426053639, 2023-12-01T10:20:53.639Z, 1156.8209087999999, 888.0065654
1701426053670, 2023-12-01T10:20:53.670Z, 1176.9614704, 898.1820302
1701426053686, 2023-12-01T10:20:53.686Z, 1185.2446122, 897.3678224000001
1701426053708, 2023-12-01T10:20:53.708Z, 1188.4920617999999, 893.8247385999999
1701426053734, 2023-12-01T10:20:53.734Z, 1190.7231294, 888.3155836
1701426053751, 2023-12-01T10:20:53.751Z, 1181.6070928, 884.4105474
1701426053765, 2023-12-01T10:20:53.765Z, 1170.1838407999999, 876.12927
1701426053781, 2023-12-01T10:20:53.781Z, 1157.4860924, 863.0147186
1701426053798, 2023-12-01T10:20:53.798Z, 1148.9940611999998, 858.7799574000001
1701426053816, 2023-12-01T10:20:53.816Z, 1139.0111308, 855.3223488
1701426053829, 2023-12-01T10:20:53.829Z, 1136.1158828, 851.8912290000001
1701426053858, 2023-12-01T10:20:53.858Z, 1126.5684876, 850.3797973999999
1701426053876, 2023-12-01T10:20:53.876Z, 1117.1215095999999, 855.7955392
1701426053891, 2023-12-01T10:20:53.891Z, 1107.4274001999997, 855.1796596
1701426053907, 2023-12-01T10:20:53.907Z, 1104.0032964, 856.1568139999999
1701426053922, 2023-12-01T10:20:53.922Z, 1100.9362408000002, 855.926228
1701426053939, 2023-12-01T10:20:53.939Z, 1107.9363322, 862.4831428
1701426053954, 2023-12-01T10:20:53.954Z, 1116.3039086, 865.9314363999999
1701426053969, 2023-12-01T10:20:53.969Z, 1119.8090846, 864.6396865999999
1701426053985, 2023-12-01T10:20:53.985Z, 1120.7045092, 862.4265964
1701426054036, 2023-12-01T10:20:54.036Z, 1125.0256328, 864.1524572000001
1701426054049, 2023-12-01T10:20:54.049Z, 1126.2452176, 861.8573137999999
1701426054082, 2023-12-01T10:20:54.082Z, 1135.4091846, 864.6128902
1701426054097, 2023-12-01T10:20:54.097Z, 1143.283703, 868.8781184
1701426054134, 2023-12-01T10:20:54.134Z, 1131.5131806, 866.3166875999999
1701426054165, 2023-12-01T10:20:54.165Z, 1126.4791856, 863.819604
1701426054176, 2023-12-01T10:20:54.176Z, 1123.3202344000001, 860.5683552
1701426054208, 2023-12-01T10:20:54.208Z, 1117.3493374, 857.0265397999999
1701426054224, 2023-12-01T10:20:54.224Z, 1117.4853632, 856.9738858000001
1701426054240, 2023-12-01T10:20:54.240Z, 1136.2330962, 863.3721589999999
1701426054257, 2023-12-01T10:20:54.257Z, 1152.2447916, 867.4039477999999
1701426054272, 2023-12-01T10:20:54.272Z, 1203.0832500000001, 877.6649056
1701426054288, 2023-12-01T10:20:54.288Z, 1242.4327440000002, 883.4825532000001
1701426054319, 2023-12-01T10:20:54.319Z, 1293.2458396000002, 888.9870552
1701426054335, 2023-12-01T10:20:54.335Z, 1343.7543934, 892.8320411999999
1701426054350, 2023-12-01T10:20:54.350Z, 1390.5731760000003, 897.3166058
1701426054366, 2023-12-01T10:20:54.366Z, 1406.3780143999998, 896.5585773999999
1701426054368, 2023-12-01T10:20:54.368Z, 1424.5207822, 893.5838037999999
1701426054384, 2023-12-01T10:20:54.384Z, 1431.4281952, 890.8469597999999
1701426054400, 2023-12-01T10:20:54.400Z, 1437.7622310000002, 890.029637
1701426054428, 2023-12-01T10:20:54.428Z, 1438.2690754, 889.0889394000002
1701426054443, 2023-12-01T10:20:54.443Z, 1435.3479346000001, 889.0865274
1701426054460, 2023-12-01T10:20:54.460Z, 1432.7037982000002, 893.1718630000001
1701426054476, 2023-12-01T10:20:54.476Z, 1429.4591501999998, 896.9638113999999
1701426054507, 2023-12-01T10:20:54.507Z, 1425.9543714, 900.4678612
1701426054554, 2023-12-01T10:20:54.554Z, 1434.6893696000002, 903.9624858
1701426054569, 2023-12-01T10:20:54.569Z, 1444.9253858, 906.7383440000001
1701426054585, 2023-12-01T10:20:54.585Z, 1464.2199548, 908.4919572000001
1701426054696, 2023-12-01T10:20:54.696Z, 1474.8087976000002, 907.6115542
1701426054716, 2023-12-01T10:20:54.716Z, 1483.9859072, 907.1569804000001