1701426141287, 2023-12-01T10:22:21.287Z, 58.567471, 230.476373
1701426141303, 2023-12-01T10:22:21.303Z, 61.8500805, 229.6556085
1701426141332, 2023-12-01T10:22:21.332Z, 72.444352, 227.751273
1701426141348, 2023-12-01T10:22:21.348Z, 88.1577205, 224.06892125000002
1701426141396, 2023-12-01T10:22:21.396Z, 100.5683436, 221.9277474
1701426141411, 2023-12-01T10:22:21.411Z, 119.08234599999999, 217.94572320000003
1701426141460, 2023-12-01T10:22:21.460Z, 147.4167596, 217.2905748
1701426141476, 2023-12-01T10:22:21.476Z, 173.3705, 218.5869406
1701426141490, 2023-12-01T10:22:21.490Z, 191.8295558, 222.79353419999998
1701426141504, 2023-12-01T10:22:21.504Z, 206.9344782, 227.122084
1701426141523, 2023-12-01T10:22:21.523Z, 222.01627660000003, 233.3897744
1701426141536, 2023-12-01T10:22:21.536Z, 226.453151, 238.0426148
1701426141553, 2023-12-01T10:22:21.553Z, 227.1524188, 241.1210686
1701426141568, 2023-12-01T10:22:21.568Z, 229.46077859999997, 243.9934218
1701426141585, 2023-12-01T10:22:21.585Z, 235.13445959999999, 246.7567372
1701426141608, 2023-12-01T10:22:21.608Z, 243.3356936, 247.6728154
1701426141632, 2023-12-01T10:22:21.632Z, 249.4466066, 247.50292879999998
1701426141648, 2023-12-01T10:22:21.648Z, 253.24433399999998, 247.8823256
1701426141664, 2023-12-01T10:22:21.664Z, 256.5365246, 246.1989014
1701426141682, 2023-12-01T10:22:21.682Z, 251.62817720000004, 241.08102920000002
1701426141711, 2023-12-01T10:22:21.711Z, 246.51240279999996, 238.5993104
1701426141727, 2023-12-01T10:22:21.727Z, 243.479693, 237.60110400000002
1701426141754, 2023-12-01T10:22:21.754Z, 226.48008180000002, 265.0560378
1701426141771, 2023-12-01T10:22:21.771Z, 205.05880659999997, 300.57091019999996
1701426141784, 2023-12-01T10:22:21.784Z, 189.98865800000002, 356.7950906
1701426141808, 2023-12-01T10:22:21.808Z, 166.37319159999998, 418.6517318
1701426141821, 2023-12-01T10:22:21.821Z, 138.5383636, 480.24343120000003
1701426141837, 2023-12-01T10:22:21.837Z, 131.96567720000002, 515.5412650000001
1701426141853, 2023-12-01T10:22:21.853Z, 128.4257446, 546.3702548
1701426141868, 2023-12-01T10:22:21.868Z, 114.71547959999998, 556.0891372
1701426141884, 2023-12-01T10:22:21.884Z, 109.89406340000001, 559.0581043999999
1701426141906, 2023-12-01T10:22:21.906Z, 108.0335838, 560.6747889999999
1701426141931, 2023-12-01T10:22:21.931Z, 103.65832559999998, 561.2122035999998
1701426141946, 2023-12-01T10:22:21.946Z, 97.9742836, 559.0670451999998
1701426141961, 2023-12-01T10:22:21.961Z, 102.98827999999999, 561.2852529999999
1701426141977, 2023-12-01T10:22:21.977Z, 111.07637079999999, 565.2843754
1701426141993, 2023-12-01T10:22:21.993Z, 119.70884459999999, 569.4118805999999
1701426142008, 2023-12-01T10:22:22.008Z, 123.84571940000001, 572.3331512
1701426142024, 2023-12-01T10:22:22.024Z, 132.2186866, 574.5272182
1701426142040, 2023-12-01T10:22:22.040Z, 136.4900542, 576.2411003999999
1701426142056, 2023-12-01T10:22:22.056Z, 134.6183986, 574.761504
1701426142071, 2023-12-01T10:22:22.071Z, 129.4392636, 572.7240618
1701426142087, 2023-12-01T10:22:22.087Z, 130.1191848, 570.4529233999999
1701426142102, 2023-12-01T10:22:22.102Z, 131.0267504, 571.5988816
1701426142117, 2023-12-01T10:22:22.117Z, 130.63361700000002, 572.3872478000001
1701426142133, 2023-12-01T10:22:22.133Z, 130.659885, 573.4149044
1701426142165, 2023-12-01T10:22:22.165Z, 134.1904866, 575.9549994
1701426142180, 2023-12-01T10:22:22.180Z, 129.5232496, 578.8801082
1701426142202, 2023-12-01T10:22:22.202Z, 100.0594904, 579.929982
1701426142292, 2023-12-01T10:22:22.292Z, 77.7265356, 583.2926798000001
1701426142306, 2023-12-01T10:22:22.306Z, 55.52901059999999, 586.7529158
1701426142337, 2023-12-01T10:22:22.337Z, 34.4358758, 590.1672966
1701426142356, 2023-12-01T10:22:22.356Z, 18.349517, 592.6260152000001
1701426142384, 2023-12-01T10:22:22.384Z, 26.207587, 596.751571
1701426142415, 2023-12-01T10:22:22.415Z, 27.955032799999998, 598.0695678
1701426142430, 2023-12-01T10:22:22.430Z, 34.9059292, 599.9479604
1701426142462, 2023-12-01T10:22:22.462Z, 39.88896, 600.2838914
1701426142477, 2023-12-01T10:22:22.477Z, 53.4895294, 602.2368262
1701426142506, 2023-12-01T10:22:22.506Z, 67.793546, 602.7014283999999
1701426142524, 2023-12-01T10:22:22.524Z, 79.4263192, 603.3078064
1701426142540, 2023-12-01T10:22:22.540Z, 82.5780508, 603.1942081999999
1701426142556, 2023-12-01T10:22:22.556Z, 88.60781039999999, 601.9735022
1701426142570, 2023-12-01T10:22:22.570Z, 81.80782099999999, 601.1519688
1701426142586, 2023-12-01T10:22:22.586Z, 71.26579960000001, 599.564376
1701426142603, 2023-12-01T10:22:22.603Z, 72.85456980000001, 599.0138519999999
1701426142617, 2023-12-01T10:22:22.617Z, 76.9597762, 598.1902156
1701426142632, 2023-12-01T10:22:22.632Z, 77.862503, 598.6689094
1701426142653, 2023-12-01T10:22:22.653Z, 79.6131866, 598.2701834
1701426142669, 2023-12-01T10:22:22.669Z, 84.2731986, 596.6395802
1701426142695, 2023-12-01T10:22:22.695Z, 87.0957732, 595.6665609999999
1701426142710, 2023-12-01T10:22:22.710Z, 89.4263612, 594.8097662
1701426142725, 2023-12-01T10:22:22.725Z, 92.55310399999999, 594.010173
1701426142741, 2023-12-01T10:22:22.741Z, 100.675015, 593.9707684000001
1701426142757, 2023-12-01T10:22:22.757Z, 106.89242300000001, 596.2469566
1701426142774, 2023-12-01T10:22:22.774Z, 107.08569299999999, 598.012035
1701426142787, 2023-12-01T10:22:22.787Z, 110.3537278, 600.012308
1701426142807, 2023-12-01T10:22:22.807Z, 120.74814699999999, 602.595676
1701426142835, 2023-12-01T10:22:22.835Z, 156.8548276, 598.3953743999999
1701426142851, 2023-12-01T10:22:22.851Z, 201.6474854, 593.3709673999999
1701426142882, 2023-12-01T10:22:22.882Z, 246.79803099999998, 589.247137
1701426142898, 2023-12-01T10:22:22.898Z, 290.5623422, 584.7997165999999
1701426142914, 2023-12-01T10:22:22.914Z, 329.99641140000006, 579.1378057999999
1701426142930, 2023-12-01T10:22:22.930Z, 345.4085186, 579.2119511999999
1701426142955, 2023-12-01T10:22:22.955Z, 362.9476938, 582.269794
1701426142976, 2023-12-01T10:22:22.976Z, 377.085196, 580.8831606
1701426142993, 2023-12-01T10:22:22.993Z, 390.48722319999996, 579.3143944000001
1701426143007, 2023-12-01T10:22:23.007Z, 408.8887402, 581.213983
1701426143024, 2023-12-01T10:22:23.024Z, 423.50782200000003, 583.6055904000001
1701426143039, 2023-12-01T10:22:23.039Z, 418.51544619999993, 581.7921610000001
1701426143055, 2023-12-01T10:22:23.055Z, 416.9661494, 582.6010486
1701426143072, 2023-12-01T10:22:23.072Z, 413.7499994, 583.9759081999999
1701426143086, 2023-12-01T10:22:23.086Z, 400.49532120000003, 582.3902249999999
1701426143104, 2023-12-01T10:22:23.104Z, 386.1043018, 579.674007
1701426143133, 2023-12-01T10:22:23.133Z, 374.7923178, 575.7339675999999
1701426143148, 2023-12-01T10:22:23.148Z, 367.2601228, 573.2317814
1701426143165, 2023-12-01T10:22:23.165Z, 381.41244939999996, 566.2630882
1701426143194, 2023-12-01T10:22:23.194Z, 400.2077558, 563.0931906000001
1701426143209, 2023-12-01T10:22:23.209Z, 424.1837087999999, 561.5843908
1701426143225, 2023-12-01T10:22:23.225Z, 458.02091880000006, 562.8712854000001
1701426143256, 2023-12-01T10:22:23.256Z, 493.6187382, 563.7189144000001
1701426143274, 2023-12-01T10:22:23.274Z, 513.6467382, 569.9404544
1701426143288, 2023-12-01T10:22:23.288Z, 538.0322638, 578.4499272
1701426143304, 2023-12-01T10:22:23.304Z, 554.897954, 586.4382148
1701426143319, 2023-12-01T10:22:23.319Z, 564.694866, 593.5123194
1701426143335, 2023-12-01T10:22:23.335Z, 569.1854089999999, 599.4153038
1701426143350, 2023-12-01T10:22:23.350Z, 566.464724, 602.1055162
1701426143366, 2023-12-01T10:22:23.366Z, 559.3021354, 595.7490232
1701426143381, 2023-12-01T10:22:23.381Z, 557.0514782, 590.6854633999999
1701426143406, 2023-12-01T10:22:23.406Z, 557.7265789999999, 587.7251036
1701426143429, 2023-12-01T10:22:23.429Z, 558.5634892, 585.455016
1701426143445, 2023-12-01T10:22:23.445Z, 557.6855401999999, 580.3023165999999
1701426143461, 2023-12-01T10:22:23.461Z, 556.3576202, 579.719554
1701426143476, 2023-12-01T10:22:23.476Z, 557.8829516, 577.55483
1701426143492, 2023-12-01T10:22:23.492Z, 569.882407, 576.2702018
1701426143508, 2023-12-01T10:22:23.508Z, 583.2986436, 575.6519376000001
1701426143523, 2023-12-01T10:22:23.523Z, 599.635833, 579.6725288
1701426143538, 2023-12-01T10:22:23.538Z, 612.9189626, 583.9852686
1701426143555, 2023-12-01T10:22:23.555Z, 619.6617832, 587.2676175999999
1701426143572, 2023-12-01T10:22:23.572Z, 615.2202285999999, 587.9412957999999
1701426143587, 2023-12-01T10:22:23.587Z, 609.7700586, 587.4327966
1701426143602, 2023-12-01T10:22:23.602Z, 611.7224982, 588.2959002
1701426143617, 2023-12-01T10:22:23.617Z, 611.1459570000001, 590.2386128
1701426143633, 2023-12-01T10:22:23.633Z, 614.278617, 593.3102336
1701426143647, 2023-12-01T10:22:23.647Z, 618.4367426, 596.2260372000001
1701426143663, 2023-12-01T10:22:23.663Z, 620.8918379999999, 603.7830885999999
1701426143679, 2023-12-01T10:22:23.679Z, 618.1863438, 610.4281699999999
1701426143708, 2023-12-01T10:22:23.708Z, 619.0919326000001, 616.2370520000001
1701426143727, 2023-12-01T10:22:23.727Z, 620.3707846, 620.9375156
1701426143743, 2023-12-01T10:22:23.743Z, 628.7514752, 616.784359
1701426143759, 2023-12-01T10:22:23.759Z, 638.5421632, 609.6727384
1701426143773, 2023-12-01T10:22:23.773Z, 648.8865772, 603.5719742
1701426143788, 2023-12-01T10:22:23.788Z, 659.3733184, 595.6227413999999
1701426143804, 2023-12-01T10:22:23.804Z, 666.1658798, 590.9439082
1701426143821, 2023-12-01T10:22:23.821Z, 649.6662936, 595.7727124
1701426143835, 2023-12-01T10:22:23.835Z, 604.1452356000001, 600.9002112000001
1701426143856, 2023-12-01T10:22:23.856Z, 516.0120966000001, 610.437912
1701426143883, 2023-12-01T10:22:23.883Z, 419.6909504, 620.4094316
1701426143898, 2023-12-01T10:22:23.898Z, 308.7237, 627.7244710000001
1701426143914, 2023-12-01T10:22:23.914Z, 212.40436299999996, 635.1935574
1701426143932, 2023-12-01T10:22:23.932Z, 140.3646284, 639.8488032
1701426143961, 2023-12-01T10:22:23.961Z, 113.50038140000001, 640.1772004000001
1701426143977, 2023-12-01T10:22:23.977Z, 92.58337639999999, 638.710977
1701426144004, 2023-12-01T10:22:24.004Z, 90.831534, 638.6211926
1701426144019, 2023-12-01T10:22:24.019Z, 89.1041584, 638.8073443999999
1701426144042, 2023-12-01T10:22:24.042Z, 93.32194340000001, 640.6986314000001
1701426144057, 2023-12-01T10:22:24.057Z, 93.12161760000001, 642.0469576
1701426144073, 2023-12-01T10:22:24.073Z, 95.2777428, 644.8916908
1701426144089, 2023-12-01T10:22:24.089Z, 88.6424642, 645.8316554
1701426144105, 2023-12-01T10:22:24.105Z, 86.4303776, 643.8154604
1701426144121, 2023-12-01T10:22:24.121Z, 72.95033600000001, 640.9752138000001
1701426144138, 2023-12-01T10:22:24.138Z, 57.743657600000006, 638.1340164000001
1701426144159, 2023-12-01T10:22:24.159Z, 39.715758199999996, 636.872747
1701426144185, 2023-12-01T10:22:24.185Z, 31.564915000000003, 635.517657
1701426144217, 2023-12-01T10:22:24.217Z, 20.7983936, 635.163782
1701426144232, 2023-12-01T10:22:24.232Z, 25.296773800000004, 635.306816
1701426144248, 2023-12-01T10:22:24.248Z, 40.7748936, 625.6252066
1701426144268, 2023-12-01T10:22:24.268Z, 60.47958659999999, 614.122584
1701426144280, 2023-12-01T10:22:24.280Z, 80.78129279999999, 606.201238
1701426144313, 2023-12-01T10:22:24.313Z, 119.2214254, 603.8407598
1701426144327, 2023-12-01T10:22:24.327Z, 154.47394, 603.8241854
1701426144344, 2023-12-01T10:22:24.344Z, 178.96205679999997, 613.4272934
1701426144357, 2023-12-01T10:22:24.357Z, 204.0197696, 623.6318828000001
1701426144374, 2023-12-01T10:22:24.374Z, 225.281051, 630.5594532000001
1701426144390, 2023-12-01T10:22:24.390Z, 225.9379434, 632.486215
1701426144406, 2023-12-01T10:22:24.406Z, 237.46864420000003, 631.5562202000001
1701426144422, 2023-12-01T10:22:24.422Z, 251.36824860000002, 630.2933816
1701426144438, 2023-12-01T10:22:24.438Z, 263.8708188, 628.2173409999999
1701426144454, 2023-12-01T10:22:24.454Z, 267.19494900000007, 625.8984042
1701426144485, 2023-12-01T10:22:24.485Z, 268.08681920000004, 623.4319522
1701426144502, 2023-12-01T10:22:24.502Z, 262.9197786, 621.2397531999999
1701426144516, 2023-12-01T10:22:24.516Z, 254.9041136, 618.4776254
1701426144532, 2023-12-01T10:22:24.532Z, 246.38863379999998, 616.5262649999999
1701426144547, 2023-12-01T10:22:24.547Z, 255.8487012, 620.4021041999999
1701426144563, 2023-12-01T10:22:24.563Z, 262.7347552, 622.9976383999999
1701426144578, 2023-12-01T10:22:24.578Z, 263.1471252, 626.0327058
1701426144606, 2023-12-01T10:22:24.606Z, 266.7382384, 630.9822828
1701426144626, 2023-12-01T10:22:24.626Z, 272.28688339999997, 634.2026354
1701426144642, 2023-12-01T10:22:24.642Z, 265.96324500000003, 631.6569933999999
1701426144658, 2023-12-01T10:22:24.658Z, 263.2089188, 629.236529
1701426144673, 2023-12-01T10:22:24.673Z, 263.2202382, 626.5916144
1701426144690, 2023-12-01T10:22:24.690Z, 261.2539328, 623.0761262
1701426144706, 2023-12-01T10:22:24.706Z, 256.6494168, 620.2913546
1701426144722, 2023-12-01T10:22:24.722Z, 257.4930372, 618.2085788
1701426144737, 2023-12-01T10:22:24.737Z, 259.6371166, 619.047096
1701426144787, 2023-12-01T10:22:24.787Z, 263.414314, 619.1502808000001
1701426144815, 2023-12-01T10:22:24.815Z, 272.5016226, 618.3858382000001
1701426144846, 2023-12-01T10:22:24.846Z, 276.0902898, 621.3396753999999
1701426144861, 2023-12-01T10:22:24.861Z, 269.0202922, 629.0482256
1701426144876, 2023-12-01T10:22:24.876Z, 262.2640184, 633.1375634
1701426144927, 2023-12-01T10:22:24.927Z, 251.6509938, 638.3027174000001
1701426144935, 2023-12-01T10:22:24.935Z, 197.5817802, 652.5108122
1701426144949, 2023-12-01T10:22:24.949Z, 148.9598914, 657.539002
1701426144960, 2023-12-01T10:22:24.960Z, 116.082519, 663.9922303999999
1701426144979, 2023-12-01T10:22:24.979Z, 83.3800986, 673.3826262
1701426144993, 2023-12-01T10:22:24.993Z, 70.43391740000001, 691.3409718
1701426145014, 2023-12-01T10:22:25.014Z, 98.870334, 703.2419308
1701426145027, 2023-12-01T10:22:25.027Z, 128.2950594, 721.0988454
1701426145061, 2023-12-01T10:22:25.061Z, 140.4346198, 730.612674
1701426145086, 2023-12-01T10:22:25.086Z, 161.9256468, 742.5565432
1701426145101, 2023-12-01T10:22:25.101Z, 157.2715454, 745.1496018
1701426145118, 2023-12-01T10:22:25.118Z, 148.0805948, 747.4034773999999
1701426145130, 2023-12-01T10:22:25.130Z, 146.147157, 752.1344971999999
1701426145167, 2023-12-01T10:22:25.167Z, 149.2905252, 767.2574662
1701426145182, 2023-12-01T10:22:25.182Z, 144.15323639999997, 781.792463
1701426145193, 2023-12-01T10:22:25.193Z, 142.2945804, 799.7894928
1701426145212, 2023-12-01T10:22:25.212Z, 140.194857, 821.342253
1701426145240, 2023-12-01T10:22:25.240Z, 129.8306336, 841.5601694000001
1701426145444, 2023-12-01T10:22:25.444Z, 104.0466774, 858.2989375999999
1701426145459, 2023-12-01T10:22:25.459Z, 80.3007906, 873.2289662
1701426145476, 2023-12-01T10:22:25.476Z, 55.1159716, 884.9608781999999
1701426145491, 2023-12-01T10:22:25.491Z, 34.0632104, 891.1767986000001
1701426145512, 2023-12-01T10:22:25.512Z, 18.8770838, 893.1158997999999
1701426145537, 2023-12-01T10:22:25.537Z, 25.3116626, 889.5782188000001
1701426145554, 2023-12-01T10:22:25.554Z, 85.29528400000001, 853.887508
1701426145604, 2023-12-01T10:22:25.604Z, 179.1518542, 800.7914624000001
1701426145696, 2023-12-01T10:22:25.696Z, 400.213096, 673.922894
1701426145743, 2023-12-01T10:22:25.743Z, 617.6834112, 549.2919948
1701426145759, 2023-12-01T10:22:25.759Z, 833.3991694, 425.50089260000004
1701426145774, 2023-12-01T10:22:25.774Z, 1013.0320714, 327.5018354
1701426145790, 2023-12-01T10:22:25.790Z, 1167.0622476, 239.28770559999992
1701426145809, 2023-12-01T10:22:25.809Z, 1195.6189841999999, 223.62754239999998
1701426145822, 2023-12-01T10:22:25.822Z, 1227.714516, 208.39914100000001
1701426145871, 2023-12-01T10:22:25.871Z, 1260.5224714, 186.9694572
1701426145888, 2023-12-01T10:22:25.888Z, 1267.7631946000001, 165.8125286
1701426145905, 2023-12-01T10:22:25.905Z, 1261.104825, 143.6334924
1701426145933, 2023-12-01T10:22:25.933Z, 1250.2861896000002, 121.1382778
1701426146029, 2023-12-01T10:22:26.029Z, 1247.9114038, 114.67933000000001
1701426146045, 2023-12-01T10:22:26.045Z, 1244.9407264, 115.589143
1701426146076, 2023-12-01T10:22:26.076Z, 1247.809827, 122.9496504
1701426146123, 2023-12-01T10:22:26.123Z, 1260.489973, 135.652362
1701426146139, 2023-12-01T10:22:26.139Z, 1279.1292494000002, 145.630207
1701426146155, 2023-12-01T10:22:26.155Z, 1287.5340062, 139.9663192
1701426146170, 2023-12-01T10:22:26.170Z, 1292.3857192, 134.00000540000002
1701426146188, 2023-12-01T10:22:26.188Z, 1306.5384345999998, 125.50638900000001
1701426146204, 2023-12-01T10:22:26.204Z, 1319.446507, 120.4941158
1701426146219, 2023-12-01T10:22:26.219Z, 1324.4252139999999, 119.30176979999999
1701426146234, 2023-12-01T10:22:26.234Z, 1331.030249, 115.6504846
1701426146266, 2023-12-01T10:22:26.266Z, 1337.9195495999998, 110.4107328
1701426146281, 2023-12-01T10:22:26.281Z, 1341.3686612, 108.94175419999999
1701426146295, 2023-12-01T10:22:26.295Z, 1343.4728482000003, 106.9135752
1701426146314, 2023-12-01T10:22:26.314Z, 1345.3506916, 105.0734036
1701426146328, 2023-12-01T10:22:26.328Z, 1349.2175293999999, 108.9326798
1701426146343, 2023-12-01T10:22:26.343Z, 1353.6168304, 112.91958939999999
1701426146359, 2023-12-01T10:22:26.359Z, 1351.1444252000001, 115.14369179999998
1701426146378, 2023-12-01T10:22:26.378Z, 1345.4032260000001, 116.47627599999998
1701426146408, 2023-12-01T10:22:26.408Z, 1352.5805114, 120.07893759999997
1701426146423, 2023-12-01T10:22:26.423Z, 1355.3641016, 119.825977
1701426146438, 2023-12-01T10:22:26.438Z, 1359.2936708000002, 120.52734459999999
1701426146452, 2023-12-01T10:22:26.452Z, 1360.8543128000001, 118.42728379999998
1701426146469, 2023-12-01T10:22:26.469Z, 1372.8467792, 116.7336552
1701426146485, 2023-12-01T10:22:26.485Z, 1371.887455, 111.97329540000001
1701426146500, 2023-12-01T10:22:26.500Z, 1364.9725205999998, 107.07732660000002
1701426146515, 2023-12-01T10:22:26.515Z, 1363.1494094, 104.29398780000001
1701426146531, 2023-12-01T10:22:26.531Z, 1363.6112580000001, 104.0440854
1701426146565, 2023-12-01T10:22:26.565Z, 1359.7076742000002, 105.53812439999999
1701426146592, 2023-12-01T10:22:26.592Z, 1357.666281, 108.5167906
1701426146596, 2023-12-01T10:22:26.596Z, 1361.6199434000002, 113.17539500000001
1701426146612, 2023-12-01T10:22:26.612Z, 1379.8106587999998, 115.30093480000001
1701426146627, 2023-12-01T10:22:26.627Z, 1404.5155558000001, 116.2046462
1701426146643, 2023-12-01T10:22:26.643Z, 1457.2486864000002, 118.4159384
1701426146661, 2023-12-01T10:22:26.661Z, 1511.8862978000002, 120.1132256
1701426146676, 2023-12-01T10:22:26.676Z, 1561.8250722, 117.82550919999998
1701426146693, 2023-12-01T10:22:26.693Z, 1597.328064, 117.22076339999998
1701426146727, 2023-12-01T10:22:26.727Z, 1627.6669038, 116.1705616
1701426146741, 2023-12-01T10:22:26.741Z, 1627.7594319999998, 110.87679940000001
1701426146758, 2023-12-01T10:22:26.758Z, 1627.1247576, 106.42268720000001
1701426146772, 2023-12-01T10:22:26.772Z, 1624.5067712, 103.97985220000001
1701426146787, 2023-12-01T10:22:26.787Z, 1619.9179080000001, 99.90548559999999
1701426146803, 2023-12-01T10:22:26.803Z, 1610.1054246000003, 97.31168520000001
1701426146820, 2023-12-01T10:22:26.820Z, 1603.2436923999999, 96.8214048
1701426146835, 2023-12-01T10:22:26.835Z, 1600.0260322, 95.51682840000001
1701426146860, 2023-12-01T10:22:26.860Z, 1602.3135246000002, 95.38465479999999
1701426146882, 2023-12-01T10:22:26.882Z, 1604.8365318, 95.136187
1701426146913, 2023-12-01T10:22:26.913Z, 1620.5174407999998, 95.43895280000001
1701426146929, 2023-12-01T10:22:26.929Z, 1639.2056565999999, 99.45372420000001
1701426146947, 2023-12-01T10:22:26.947Z, 1650.9010262, 102.2627722
1701426146977, 2023-12-01T10:22:26.977Z, 1664.6202396, 106.7216398
1701426147023, 2023-12-01T10:22:27.023Z, 1659.6794404, 116.89993960000001
1701426147038, 2023-12-01T10:22:27.038Z, 1640.2873888000001, 129.6542152
1701426147054, 2023-12-01T10:22:27.054Z, 1610.1667315999998, 140.8009178
1701426147104, 2023-12-01T10:22:27.104Z, 1549.7163372, 165.1882564
1701426147134, 2023-12-01T10:22:27.134Z, 1488.2128390000003, 188.69616760000002
1701426147180, 2023-12-01T10:22:27.180Z, 1458.6507144000002, 215.31854860000004
1701426147196, 2023-12-01T10:22:27.196Z, 1432.9978624, 239.1578012
1701426147229, 2023-12-01T10:22:27.229Z, 1409.7229327999999, 259.8558918
1701426147245, 2023-12-01T10:22:27.245Z, 1421.1866928, 268.59892460000003
1701426147274, 2023-12-01T10:22:27.274Z, 1415.6713505999999, 275.2407166
1701426147289, 2023-12-01T10:22:27.289Z, 1390.2828051999998, 272.8023594
1701426147356, 2023-12-01T10:22:27.356Z, 1372.7637194, 272.96409559999995
1701426147386, 2023-12-01T10:22:27.386Z, 1359.6716518, 274.23597920000003
1701426147418, 2023-12-01T10:22:27.418Z, 1352.3571148, 277.73977
1701426147455, 2023-12-01T10:22:27.455Z, 1358.1038211999999, 281.7807142
1701426147495, 2023-12-01T10:22:27.495Z, 1373.3237554, 290.46612539999995
1701426147511, 2023-12-01T10:22:27.511Z, 1389.3264814, 298.3816466
1701426147558, 2023-12-01T10:22:27.558Z, 1405.9844965999998, 304.895214
1701426147589, 2023-12-01T10:22:27.590Z, 1397.4941412000003, 298.7747802
1701426147652, 2023-12-01T10:22:27.652Z, 1389.3841854, 292.8465114
1701426147670, 2023-12-01T10:22:27.670Z, 1374.8609122, 282.66770239999994
1701426147685, 2023-12-01T10:22:27.685Z, 1353.6439290000003, 270.7622458
1701426147700, 2023-12-01T10:22:27.700Z, 1330.591819, 260.12040519999994
1701426147793, 2023-12-01T10:22:27.793Z, 1129.4278982, 266.711851
1701426147841, 2023-12-01T10:22:27.841Z, 909.534137, 284.7972314
1701426147857, 2023-12-01T10:22:27.857Z, 684.2189974, 293.0692672
1701426147889, 2023-12-01T10:22:27.889Z, 457.01700160000007, 301.2917528
1701426147908, 2023-12-01T10:22:27.908Z, 210.7655108, 291.1840072
1701426147918, 2023-12-01T10:22:27.918Z, 157.5220684, 270.55259140000004
1701426147937, 2023-12-01T10:22:27.937Z, 127.31179340000003, 241.5240306
1701426147969, 2023-12-01T10:22:27.969Z, 104.17218, 222.109649
1701426147981, 2023-12-01T10:22:27.981Z, 83.72415939999999, 204.22009440000002
1701426147998, 2023-12-01T10:22:27.998Z, 87.54580999999999, 208.99317060000004
1701426148013, 2023-12-01T10:22:28.013Z, 95.2990376, 217.1548358
1701426148060, 2023-12-01T10:22:28.060Z, 104.1324986, 224.39074900000006
1701426148105, 2023-12-01T10:22:28.105Z, 114.38006580000001, 229.01723439999995
1701426148138, 2023-12-01T10:22:28.139Z, 119.63212860000002, 225.0248456
1701426148154, 2023-12-01T10:22:28.154Z, 120.72346680000001, 216.8711968
1701426148170, 2023-12-01T10:22:28.170Z, 121.73790679999999, 208.83724080000002
1701426148190, 2023-12-01T10:22:28.190Z, 142.6025544, 211.4861874
1701426148210, 2023-12-01T10:22:28.210Z, 164.69159620000002, 218.2972524
1701426148230, 2023-12-01T10:22:28.230Z, 191.03278440000003, 232.4506902
1701426148246, 2023-12-01T10:22:28.246Z, 221.10334200000003, 245.86716700000002
1701426148262, 2023-12-01T10:22:28.262Z, 251.96344960000002, 260.456706
1701426148293, 2023-12-01T10:22:28.293Z, 257.30382840000004, 261.627351
1701426148308, 2023-12-01T10:22:28.308Z, 259.18373859999997, 261.02741299999997
1701426148324, 2023-12-01T10:22:28.324Z, 260.5697052, 259.65805979999993
1701426148356, 2023-12-01T10:22:28.356Z, 256.9909822, 257.73905460000003
1701426148370, 2023-12-01T10:22:28.370Z, 253.1794448, 254.87538840000002
1701426148386, 2023-12-01T10:22:28.386Z, 250.21176340000002, 254.1650162
1701426148402, 2023-12-01T10:22:28.402Z, 244.93332, 255.9176706
1701426148418, 2023-12-01T10:22:28.418Z, 234.254339, 262.8557618
1701426148434, 2023-12-01T10:22:28.434Z, 222.50634459999998, 272.5885978
1701426148451, 2023-12-01T10:22:28.451Z, 208.64982559999999, 282.11556759999996
1701426148465, 2023-12-01T10:22:28.465Z, 193.41513300000003, 291.40083719999996
1701426148481, 2023-12-01T10:22:28.481Z, 177.9869744, 300.3551488
1701426148503, 2023-12-01T10:22:28.503Z, 168.71534560000003, 306.099944
1701426148527, 2023-12-01T10:22:28.527Z, 160.974591, 309.4794992
1701426148559, 2023-12-01T10:22:28.559Z, 154.4877816, 313.1868544
1701426148977, 2023-12-01T10:22:28.977Z, 368.8518952, 341.089877
1701426148998, 2023-12-01T10:22:28.998Z, 572.9594664, 361.916256
1701426149029, 2023-12-01T10:22:29.029Z, 767.7087646, 382.05320760000006
1701426149046, 2023-12-01T10:22:29.046Z, 952.4815501999999, 399.61295540000003
1701426149070, 2023-12-01T10:22:29.070Z, 1143.5426024, 421.81039300000003
1701426149092, 2023-12-01T10:22:29.092Z, 1123.2020897999998, 425.6203998000001
1701426149109, 2023-12-01T10:22:29.109Z, 1115.8735654, 434.79861
1701426149125, 2023-12-01T10:22:29.125Z, 1106.5941779999998, 438.4418582
1701426149155, 2023-12-01T10:22:29.155Z, 1105.8346384000001, 451.80663459999994
1701426149171, 2023-12-01T10:22:29.171Z, 1095.4976745999998, 456.983921
1701426149188, 2023-12-01T10:22:29.188Z, 1078.5726452000001, 455.92895280000005
1701426149204, 2023-12-01T10:22:29.204Z, 1062.7965464000001, 454.5440168
1701426149220, 2023-12-01T10:22:29.220Z, 1049.4876892, 460.86784879999993
1701426149237, 2023-12-01T10:22:29.237Z, 1048.9645753999998, 461.7599728
1701426149258, 2023-12-01T10:22:29.258Z, 1049.8377426, 466.03110580000003
1701426149280, 2023-12-01T10:22:29.280Z, 1063.6829008, 477.31335040000005
1701426149296, 2023-12-01T10:22:29.296Z, 1074.0919738, 491.5749576
1701426149310, 2023-12-01T10:22:29.310Z, 1087.1093772, 499.26313459999994
1701426149326, 2023-12-01T10:22:29.326Z, 1094.7850662, 506.868462
1701426149342, 2023-12-01T10:22:29.342Z, 1102.9202131999998, 511.34315080000005
1701426149357, 2023-12-01T10:22:29.357Z, 1082.5509511999999, 509.81987899999996
1701426149388, 2023-12-01T10:22:29.388Z, 1065.1270912, 501.36497040000006
1701426149404, 2023-12-01T10:22:29.404Z, 1061.2102633999998, 496.57439039999997
1701426149422, 2023-12-01T10:22:29.422Z, 1045.9268434, 489.5864254
1701426149450, 2023-12-01T10:22:29.450Z, 1027.1351692, 485.1483908
1701426149468, 2023-12-01T10:22:29.468Z, 1022.2013528, 478.2034006
1701426149482, 2023-12-01T10:22:29.482Z, 1016.400496, 475.67958340000007
1701426149498, 2023-12-01T10:22:29.498Z, 1003.8792934, 472.30512739999995
1701426149514, 2023-12-01T10:22:29.514Z, 997.4838503999999, 469.6867154
1701426149529, 2023-12-01T10:22:29.529Z, 989.6746048000001, 469.9173226
1701426149556, 2023-12-01T10:22:29.556Z, 982.6182596000001, 471.6169524
1701426149575, 2023-12-01T10:22:29.575Z, 976.4392197999999, 474.8242504000001
1701426149606, 2023-12-01T10:22:29.606Z, 976.1179334000001, 480.5725482000001
1701426149623, 2023-12-01T10:22:29.623Z, 975.6058788, 486.83880960000005
1701426149639, 2023-12-01T10:22:29.639Z, 977.0593266, 491.70493380000005
1701426149655, 2023-12-01T10:22:29.655Z, 984.6380326000001, 495.6019886
1701426149670, 2023-12-01T10:22:29.670Z, 984.7779353999998, 498.734912
1701426149709, 2023-12-01T10:22:29.709Z, 974.9416011999999, 500.48161719999996
1701426149739, 2023-12-01T10:22:29.739Z, 974.4237502, 499.6901174000001
1701426149764, 2023-12-01T10:22:29.764Z, 977.4008825999999, 497.58098040000004
1701426149796, 2023-12-01T10:22:29.796Z, 976.8681425999999, 492.1157176
1701426149842, 2023-12-01T10:22:29.842Z, 981.1984132, 485.2872383999999
1701426149873, 2023-12-01T10:22:29.873Z, 992.5498826, 478.71412760000004
1701426149889, 2023-12-01T10:22:29.889Z, 992.6438092000001, 474.52941180000005
1701426149905, 2023-12-01T10:22:29.905Z, 994.3242809999999, 470.49852439999995
1701426149920, 2023-12-01T10:22:29.920Z, 1003.1040429999999, 469.4700054
1701426149936, 2023-12-01T10:22:29.936Z, 1008.6963599999999, 469.81946480000005
1701426149968, 2023-12-01T10:22:29.968Z, 1011.1273736, 469.63139
1701426149984, 2023-12-01T10:22:29.984Z, 1014.5194592, 470.51854080000004
1701426150008, 2023-12-01T10:22:30.008Z, 1015.5638444, 474.7292324
1701426150022, 2023-12-01T10:22:30.022Z, 996.4571516, 483.83796259999997
1701426150063, 2023-12-01T10:22:30.063Z, 983.936033, 491.52881880000007
1701426150079, 2023-12-01T10:22:30.079Z, 965.9334827999999, 500.4557438
1701426150108, 2023-12-01T10:22:30.108Z, 956.5092236, 502.1487534
1701426150123, 2023-12-01T10:22:30.123Z, 942.2282562, 503.368731
1701426150170, 2023-12-01T10:22:30.170Z, 941.9866754000001, 500.0143038
1701426150203, 2023-12-01T10:22:30.203Z, 951.0596241999999, 502.71989640000004
1701426150219, 2023-12-01T10:22:30.219Z, 962.8568075999999, 506.3907808
1701426150236, 2023-12-01T10:22:30.236Z, 969.4372897999999, 516.2359056
1701426150251, 2023-12-01T10:22:30.251Z, 978.8841682, 525.5300592
1701426150279, 2023-12-01T10:22:30.279Z, 986.1607197999999, 535.1131091999999
1701426150325, 2023-12-01T10:22:30.325Z, 988.5868702, 537.6191312
1701426150341, 2023-12-01T10:22:30.341Z, 983.9863327999999, 542.9499402
1701426150372, 2023-12-01T10:22:30.372Z, 985.2142832, 547.8868534000001
1701426150388, 2023-12-01T10:22:30.388Z, 977.1825597999999, 554.7114134000001
1701426150419, 2023-12-01T10:22:30.419Z, 991.3152065999999, 554.3427310000001
1701426150434, 2023-12-01T10:22:30.434Z, 999.261775, 555.8919982
1701426150456, 2023-12-01T10:22:30.456Z, 1016.8121152, 552.2895088
1701426150485, 2023-12-01T10:22:30.485Z, 1007.8227862, 556.4006344000001
1701426150512, 2023-12-01T10:22:30.512Z, 1009.6387107999999, 557.3757108
1701426150528, 2023-12-01T10:22:30.528Z, 982.7794138000002, 571.513
1701426150559, 2023-12-01T10:22:30.559Z, 984.7696256000002, 577.0755035999999
1701426150575, 2023-12-01T10:22:30.575Z, 981.2602184000001, 583.3829132
1701426150608, 2023-12-01T10:22:30.608Z, 998.6638874, 580.4743974
1701426150637, 2023-12-01T10:22:30.637Z, 1017.6280366000001, 583.186492
1701426150652, 2023-12-01T10:22:30.652Z, 1042.4897244000001, 581.0398202000001
1701426150684, 2023-12-01T10:22:30.684Z, 1043.2174918, 586.7871472
1701426150700, 2023-12-01T10:22:30.700Z, 1064.494888, 585.9386671999999
1701426150732, 2023-12-01T10:22:30.732Z, 1087.2982678, 584.4055252
1701426150769, 2023-12-01T10:22:30.769Z, 1112.4503262, 574.3920188
1701426150785, 2023-12-01T10:22:30.785Z, 1132.6059811999999, 565.8968426
1701426150828, 2023-12-01T10:22:30.828Z, 1122.0822163999999, 560.1832124
1701426150841, 2023-12-01T10:22:30.841Z, 1076.7512672, 567.5931543999999
1701426150872, 2023-12-01T10:22:30.872Z, 1027.6724792, 576.3342557999999
1701426150887, 2023-12-01T10:22:30.887Z, 975.9623943999999, 583.4243538
1701426150906, 2023-12-01T10:22:30.906Z, 934.6861572, 582.4050462
1701426150934, 2023-12-01T10:22:30.934Z, 930.3038654, 575.8023764
1701426150951, 2023-12-01T10:22:30.951Z, 947.2372165999999, 559.9121164000001
1701426150966, 2023-12-01T10:22:30.966Z, 958.5651748, 548.584267
1701426150995, 2023-12-01T10:22:30.995Z, 971.1273512, 540.528683
1701426151012, 2023-12-01T10:22:31.012Z, 977.6022235999999, 538.4451508
1701426151058, 2023-12-01T10:22:31.058Z, 978.0429441999999, 537.7668346
1701426151090, 2023-12-01T10:22:31.090Z, 993.6734512, 535.1603328
1701426151106, 2023-12-01T10:22:31.106Z, 1042.7918294, 538.9992624
1701426151136, 2023-12-01T10:22:31.136Z, 1098.5819924, 568.0313107999999
1701426151152, 2023-12-01T10:22:31.152Z, 1154.4795488, 586.157949
1701426151185, 2023-12-01T10:22:31.185Z, 1182.9401476, 632.504994
1701426151233, 2023-12-01T10:22:31.233Z, 1184.0290858, 692.2086796
1701426151245, 2023-12-01T10:22:31.245Z, 1126.0110016, 741.2923116
1701426151276, 2023-12-01T10:22:31.276Z, 1088.8574412, 761.7276403999999
1701426151292, 2023-12-01T10:22:31.292Z, 1054.1300678, 792.2546627999999
1701426151323, 2023-12-01T10:22:31.323Z, 1049.979805, 797.2208085999999
1701426151339, 2023-12-01T10:22:31.339Z, 1056.9623694, 791.3987715999999
1701426151359, 2023-12-01T10:22:31.359Z, 1097.6190208, 787.7143024
1701426151386, 2023-12-01T10:22:31.386Z, 1110.1076024, 787.7334294
1701426151417, 2023-12-01T10:22:31.417Z, 1117.5254446, 788.3351488000001
1701426151418, 2023-12-01T10:22:31.418Z, 1114.6281996000002, 787.7948203999999
1701426151448, 2023-12-01T10:22:31.448Z, 1113.7518023999999, 788.6559955999999
1701426151465, 2023-12-01T10:22:31.465Z, 1129.9444876000002, 785.2212672
1701426151506, 2023-12-01T10:22:31.506Z, 1155.2439942, 780.0170688000001
1701426151543, 2023-12-01T10:22:31.543Z, 1152.4411308, 778.9487936
1701426151559, 2023-12-01T10:22:31.559Z, 1149.6923041999999, 780.6964571999999
1701426151591, 2023-12-01T10:22:31.591Z, 1148.5861904, 783.09086
1701426151606, 2023-12-01T10:22:31.606Z, 1137.0961096, 789.1155296000001
1701426151638, 2023-12-01T10:22:31.638Z, 1116.2064982, 798.3940690000001
1701426151685, 2023-12-01T10:22:31.685Z, 1111.9460094, 819.1203486000002
1701426151700, 2023-12-01T10:22:31.700Z, 1111.5176036, 836.8935546
1701426151716, 2023-12-01T10:22:31.716Z, 1106.1582518, 854.7362572
1701426151731, 2023-12-01T10:22:31.731Z, 1091.1921568000002, 872.0047048
1701426151764, 2023-12-01T10:22:31.764Z, 1076.6336788, 887.9685320000001
1701426151780, 2023-12-01T10:22:31.780Z, 1072.8765924, 889.5871119999999
1701426151807, 2023-12-01T10:22:31.807Z, 1068.8288479999999, 891.5001715999999
1701426151826, 2023-12-01T10:22:31.826Z, 1067.2455618, 892.1592466
1701426151857, 2023-12-01T10:22:31.857Z, 1068.2365419999999, 890.2201508
1701426151873, 2023-12-01T10:22:31.873Z, 1071.2046104, 888.2436652
1701426151904, 2023-12-01T10:22:31.904Z, 1072.2525378, 877.6939325999999
1701426151920, 2023-12-01T10:22:31.920Z, 1072.5510766000002, 865.6459117999999
1701426151958, 2023-12-01T10:22:31.958Z, 1062.9302596000002, 853.9891676
1701426151988, 2023-12-01T10:22:31.988Z, 1035.4096348, 849.5008934
1701426152016, 2023-12-01T10:22:32.016Z, 996.8757493999999, 845.4215173999999
1701426152045, 2023-12-01T10:22:32.045Z, 957.546737, 850.7891718000001
1701426152061, 2023-12-01T10:22:32.061Z, 920.4032288000001, 857.296243
1701426152078, 2023-12-01T10:22:32.078Z, 888.94224, 863.6062018
1701426152134, 2023-12-01T10:22:32.134Z, 873.1649836, 862.8375588000001
1701426152166, 2023-12-01T10:22:32.166Z, 873.7067635999999, 857.6176057999999
1701426152180, 2023-12-01T10:22:32.180Z, 880.362023, 849.2202102000001
1701426152216, 2023-12-01T10:22:32.216Z, 881.4398015999999, 839.7004852
1701426152234, 2023-12-01T10:22:32.234Z, 886.0273205999999, 830.7224312000001
1701426152258, 2023-12-01T10:22:32.258Z, 915.0945572, 819.0261924
1701426152270, 2023-12-01T10:22:32.270Z, 923.3409535999999, 808.5608123999999
1701426152301, 2023-12-01T10:22:32.301Z, 938.2159522, 798.2143608
1701426152326, 2023-12-01T10:22:32.326Z, 969.8563682, 788.9392898
1701426152357, 2023-12-01T10:22:32.357Z, 1007.3845862000001, 779.7024476
1701426152373, 2023-12-01T10:22:32.373Z, 1023.6440235999999, 778.0276944
1701426152388, 2023-12-01T10:22:32.388Z, 1053.653811, 778.7952406
1701426152408, 2023-12-01T10:22:32.408Z, 1085.6730137999998, 773.3138489999999
1701426152436, 2023-12-01T10:22:32.436Z, 1104.9760483999999, 767.6092316
1701426152465, 2023-12-01T10:22:32.465Z, 1107.0716363999998, 758.6858067999999
1701426152482, 2023-12-01T10:22:32.482Z, 1107.6706614, 748.1632636
1701426152498, 2023-12-01T10:22:32.498Z, 1109.0840026, 737.9601864
1701426152531, 2023-12-01T10:22:32.531Z, 1113.4935868, 739.7851908
1701426152576, 2023-12-01T10:22:32.576Z, 1106.8809858, 742.5976394
1701426152592, 2023-12-01T10:22:32.592Z, 1102.9603751999998, 750.1701616
1701426152623, 2023-12-01T10:22:32.623Z, 1091.6146824, 758.2065516
1701426152637, 2023-12-01T10:22:32.637Z, 1077.9758746, 770.2235462000001
1701426152670, 2023-12-01T10:22:32.670Z, 1052.6262572, 777.9486086000001
1701426152685, 2023-12-01T10:22:32.685Z, 1039.7041505999998, 784.7517191999999
1701426152708, 2023-12-01T10:22:32.708Z, 1032.6573944, 791.4335698000001
1701426152732, 2023-12-01T10:22:32.732Z, 1029.6248858, 797.1840930000001
1701426152764, 2023-12-01T10:22:32.764Z, 1026.9351327999998, 799.2699296
1701426152781, 2023-12-01T10:22:32.781Z, 1024.3177469999998, 799.8878341999999
1701426152812, 2023-12-01T10:22:32.812Z, 1021.2280472, 798.31809
1701426152827, 2023-12-01T10:22:32.827Z, 1020.0493584, 794.8258462
1701426152859, 2023-12-01T10:22:32.859Z, 1020.6639374, 790.8410544000001
1701426152891, 2023-12-01T10:22:32.891Z, 1020.5816212, 790.1351532
1701426152906, 2023-12-01T10:22:32.906Z, 1023.0074269999999, 788.1138106000001
1701426152937, 2023-12-01T10:22:32.937Z, 1039.435063, 794.2014735999999
1701426152956, 2023-12-01T10:22:32.956Z, 1051.3233017999999, 803.1299707999999
1701426152985, 2023-12-01T10:22:32.985Z, 1080.5125094, 820.3801880000001
1701426153032, 2023-12-01T10:22:33.032Z, 1121.1174114, 839.4292757999999
1701426153045, 2023-12-01T10:22:33.045Z, 1162.4053079999999, 860.4527738
1701426153077, 2023-12-01T10:22:33.077Z, 1170.5803252, 879.1787314000001
1701426153125, 2023-12-01T10:22:33.125Z, 1172.0208444, 895.3153164000001
1701426153141, 2023-12-01T10:22:33.141Z, 1155.1739716, 903.155285
1701426153157, 2023-12-01T10:22:33.157Z, 1132.8892446000002, 902.9272044000002
1701426153171, 2023-12-01T10:22:33.171Z, 1117.2020032, 901.6649604
1701426153204, 2023-12-01T10:22:33.204Z, 1121.5717644000001, 897.7211164
1701426153218, 2023-12-01T10:22:33.218Z, 1133.3336294, 894.4788644
1701426153249, 2023-12-01T10:22:33.249Z, 1146.9632028, 891.5236945999999
1701426153264, 2023-12-01T10:22:33.264Z, 1144.6755595999998, 888.7007052000001
1701426153307, 2023-12-01T10:22:33.307Z, 1125.9198844, 887.1931722000002
1701426153341, 2023-12-01T10:22:33.341Z, 1111.4138854, 884.0437878
1701426153358, 2023-12-01T10:22:33.358Z, 1103.4080920000001, 879.957726
1701426153389, 2023-12-01T10:22:33.389Z, 1102.4932504, 875.3857689999999
1701426153406, 2023-12-01T10:22:33.406Z, 1128.702166, 872.9168406000001
1701426153436, 2023-12-01T10:22:33.436Z, 1157.7394456, 870.0798278
1701426153484, 2023-12-01T10:22:33.484Z, 1170.4055039999998, 868.8464098000001
1701426153500, 2023-12-01T10:22:33.500Z, 1179.6851086, 867.1658952
1701426153532, 2023-12-01T10:22:33.532Z, 1177.1603456, 863.0177719999999
1701426153548, 2023-12-01T10:22:33.548Z, 1158.819671, 859.484453
1701426153565, 2023-12-01T10:22:33.565Z, 1146.9354108, 854.448908
1701426153581, 2023-12-01T10:22:33.581Z, 1172.491324, 845.581459
1701426153613, 2023-12-01T10:22:33.613Z, 1199.3607286000001, 834.2431323999999
1701426153628, 2023-12-01T10:22:33.628Z, 1206.8888932000002, 829.5826456000001
1701426153659, 2023-12-01T10:22:33.659Z, 1228.2957395999997, 822.5100126
1701426153674, 2023-12-01T10:22:33.674Z, 1256.77652, 815.0237606
1701426153705, 2023-12-01T10:22:33.705Z, 1257.304793, 811.1883139999999
1701426153721, 2023-12-01T10:22:33.721Z, 1246.5253048, 810.3595312
1701426153816, 2023-12-01T10:22:33.816Z, 1231.3467622, 807.1818245999999
1701426153863, 2023-12-01T10:22:33.863Z, 1221.6245807999999, 803.1810806
1701426153881, 2023-12-01T10:22:33.881Z, 1206.743772, 799.8893780000001
1701426153922, 2023-12-01T10:22:33.922Z, 1198.7429418, 796.5961632000001
1701426153946, 2023-12-01T10:22:33.946Z, 1198.6608149999997, 793.579542
1701426153975, 2023-12-01T10:22:33.975Z, 1228.1523622, 791.6193228
1701426153991, 2023-12-01T10:22:33.991Z, 1230.3089254000001, 792.6350082000001
1701426154022, 2023-12-01T10:22:34.022Z, 1232.2786812, 796.7731672
1701426154037, 2023-12-01T10:22:34.037Z, 1221.5644984000003, 799.4703982
1701426154058, 2023-12-01T10:22:34.058Z, 1225.6067234, 803.9669598
1701426154085, 2023-12-01T10:22:34.085Z, 1241.9748178000002, 813.8961456
1701426154103, 2023-12-01T10:22:34.103Z, 1284.5560298, 829.1478498
1701426154117, 2023-12-01T10:22:34.117Z, 1327.412403, 844.6275214
1701426154132, 2023-12-01T10:22:34.132Z, 1374.2518056000001, 859.1696810000001
1701426154149, 2023-12-01T10:22:34.149Z, 1412.3265516, 871.8672042000001
1701426154165, 2023-12-01T10:22:34.165Z, 1438.4198689999998, 875.6413182
1701426154180, 2023-12-01T10:22:34.180Z, 1442.8956252, 862.3120568000002
1701426154206, 2023-12-01T10:22:34.206Z, 1442.5060296, 845.8423396000001
1701426154228, 2023-12-01T10:22:34.228Z, 1431.820684, 834.302652
1701426154243, 2023-12-01T10:22:34.243Z, 1428.2258324, 822.5789706000002
1701426154259, 2023-12-01T10:22:34.259Z, 1421.8186682, 814.7452178000001
1701426154290, 2023-12-01T10:22:34.290Z, 1433.9167172, 832.89573
1701426154305, 2023-12-01T10:22:34.305Z, 1451.3659555999998, 854.3094773999999
1701426154588, 2023-12-01T10:22:34.588Z, 1473.2227791999999, 871.0563599999999
1701426154604, 2023-12-01T10:22:34.604Z, 1483.8556285999998, 887.1672192
1701426154620, 2023-12-01T10:22:34.620Z, 1499.3343188, 899.7398278000001
1701426154636, 2023-12-01T10:22:34.636Z, 1501.4043758, 895.3087767999999
1701426154656, 2023-12-01T10:22:34.656Z, 1499.8111534, 888.7684796