1714461085982, 2024-04-30T07:11:25.982Z, 116.238447, 228.244268
1714461086013, 2024-04-30T07:11:26.013Z, 109.97613849999999, 228.55251800000002
1714461086030, 2024-04-30T07:11:26.030Z, 108.00509699999999, 230.489104
1714461086061, 2024-04-30T07:11:26.061Z, 108.38191675, 231.81801074999998
1714461086094, 2024-04-30T07:11:26.094Z, 116.81929640000001, 232.6391254
1714461086109, 2024-04-30T07:11:26.109Z, 126.14237399999999, 234.3779552
1714461086141, 2024-04-30T07:11:26.141Z, 146.39727079999997, 233.395748
1714461086156, 2024-04-30T07:11:26.156Z, 167.0122876, 228.71720800000003
1714461086187, 2024-04-30T07:11:26.187Z, 191.5057048, 225.358284
1714461086202, 2024-04-30T07:11:26.202Z, 207.9452758, 222.62019099999998
1714461086229, 2024-04-30T07:11:26.229Z, 222.74552440000002, 221.13099660000003
1714461086243, 2024-04-30T07:11:26.243Z, 227.90224399999997, 219.8932502
1714461086273, 2024-04-30T07:11:26.273Z, 227.24295940000002, 224.06874979999998
1714461086288, 2024-04-30T07:11:26.288Z, 221.32683819999997, 226.607087
1714461086318, 2024-04-30T07:11:26.318Z, 215.87135440000003, 229.04460020000002
1714461086333, 2024-04-30T07:11:26.333Z, 210.79313480000002, 228.34825080000002
1714461086379, 2024-04-30T07:11:26.379Z, 201.7416422, 234.2852402
1714461086408, 2024-04-30T07:11:26.408Z, 195.1908718, 229.83767699999999
1714461086426, 2024-04-30T07:11:26.426Z, 187.1522584, 227.8942038
1714461086453, 2024-04-30T07:11:26.453Z, 173.65912139999998, 217.09830039999997
1714461086468, 2024-04-30T07:11:26.468Z, 158.38485699999998, 209.71832220000002
1714461086499, 2024-04-30T07:11:26.499Z, 147.582582, 200.48331700000003
1714461086545, 2024-04-30T07:11:26.545Z, 141.873313, 203.2342522
1714461086561, 2024-04-30T07:11:26.561Z, 136.8413684, 201.73462619999998
1714461086592, 2024-04-30T07:11:26.592Z, 147.38869, 200.5490606
1714461086607, 2024-04-30T07:11:26.607Z, 159.36320859999998, 202.6642802
1714461086638, 2024-04-30T07:11:26.638Z, 183.61781259999998, 212.4315972
1714461086653, 2024-04-30T07:11:26.653Z, 220.8330814, 221.35196299999998
1714461086678, 2024-04-30T07:11:26.678Z, 266.1600918, 236.19606480000002
1714461086692, 2024-04-30T07:11:26.692Z, 301.6456892, 258.3741652
1714461086722, 2024-04-30T07:11:26.722Z, 339.0263634, 275.0686126
1714461086737, 2024-04-30T07:11:26.737Z, 364.7703378, 276.8852192
1714461086767, 2024-04-30T07:11:26.767Z, 376.288209, 275.8046292
1714461086782, 2024-04-30T07:11:26.782Z, 383.156972, 268.51151819999995
1714461086828, 2024-04-30T07:11:26.828Z, 391.4119528, 251.71520459999996
1714461086861, 2024-04-30T07:11:26.861Z, 397.9855626, 241.469005
1714461086875, 2024-04-30T07:11:26.875Z, 400.7346415999999, 239.3028664
1714461086905, 2024-04-30T07:11:26.905Z, 403.99794280000003, 232.92046799999997
1714461086921, 2024-04-30T07:11:26.921Z, 404.6156732, 229.7899766
1714461086950, 2024-04-30T07:11:26.950Z, 402.51705419999996, 236.21724060000003
1714461087012, 2024-04-30T07:11:27.012Z, 399.59741759999997, 249.2660752
1714461087028, 2024-04-30T07:11:27.028Z, 404.7843794, 252.31178740000001
1714461087044, 2024-04-30T07:11:27.044Z, 409.719919, 254.86589860000004
1714461087059, 2024-04-30T07:11:27.059Z, 413.441922, 259.8133348
1714461087074, 2024-04-30T07:11:27.074Z, 417.8573082, 263.95256400000005
1714461087090, 2024-04-30T07:11:27.090Z, 424.6739546, 253.43705760000003
1714461087105, 2024-04-30T07:11:27.105Z, 424.7135518, 254.43449719999998
1714461087131, 2024-04-30T07:11:27.131Z, 426.77323640000003, 250.1287128
1714461087144, 2024-04-30T07:11:27.144Z, 429.9882652, 246.2581984
1714461087158, 2024-04-30T07:11:27.158Z, 429.16758819999995, 244.29943080000004
1714461087174, 2024-04-30T07:11:27.174Z, 425.8723078, 246.91242340000002
1714461087189, 2024-04-30T07:11:27.189Z, 425.14664379999994, 245.41747879999997
1714461087203, 2024-04-30T07:11:27.203Z, 421.5153886, 255.94926500000003
1714461087219, 2024-04-30T07:11:27.219Z, 417.9449564, 262.46046
1714461087237, 2024-04-30T07:11:27.237Z, 420.25519619999994, 268.4605616
1714461087251, 2024-04-30T07:11:27.251Z, 419.51602940000004, 270.91410039999994
1714461087280, 2024-04-30T07:11:27.280Z, 424.0919768, 271.9276012
1714461087294, 2024-04-30T07:11:27.294Z, 434.2401216, 266.49473539999997
1714461087309, 2024-04-30T07:11:27.309Z, 445.96567459999994, 259.458299
1714461087324, 2024-04-30T07:11:27.324Z, 457.098301, 252.60404720000002
1714461087339, 2024-04-30T07:11:27.339Z, 471.8498238, 246.457557
1714461087355, 2024-04-30T07:11:27.355Z, 481.5068824, 241.96720139999996
1714461087386, 2024-04-30T07:11:27.386Z, 481.57690460000003, 240.186443
1714461087402, 2024-04-30T07:11:27.402Z, 479.7575884, 239.86928079999998
1714461087429, 2024-04-30T07:11:27.429Z, 471.25498200000004, 237.4981194
1714461087443, 2024-04-30T07:11:27.443Z, 459.1381101999999, 234.1622438
1714461087472, 2024-04-30T07:11:27.472Z, 439.60008500000004, 228.565326
1714461087487, 2024-04-30T07:11:27.487Z, 420.242375, 225.02749880000002
1714461087517, 2024-04-30T07:11:27.517Z, 398.90341959999995, 235.070925
1714461087532, 2024-04-30T07:11:27.532Z, 383.4921288, 256.4838518
1714461087579, 2024-04-30T07:11:27.579Z, 368.80659219999995, 281.77656360000003
1714461087597, 2024-04-30T07:11:27.597Z, 359.184397, 306.09658479999996
1714461087607, 2024-04-30T07:11:27.607Z, 344.7657282, 311.8192272
1714461087626, 2024-04-30T07:11:27.626Z, 325.5110824, 295.4528378
1714461087637, 2024-04-30T07:11:27.638Z, 299.5991642, 281.46830279999995
1714461087655, 2024-04-30T07:11:27.655Z, 266.0391662, 263.3050136
1714461087671, 2024-04-30T07:11:27.671Z, 233.26209920000002, 254.73837400000002
1714461087686, 2024-04-30T07:11:27.686Z, 211.0340036, 265.55558140000005
1714461087700, 2024-04-30T07:11:27.700Z, 199.69470080000002, 284.83417479999997
1714461087731, 2024-04-30T07:11:27.731Z, 193.209091, 295.00330599999995
1714461087747, 2024-04-30T07:11:27.747Z, 192.30713980000002, 306.5980748
1714461087763, 2024-04-30T07:11:27.763Z, 190.41081720000003, 317.47375759999994
1714461087778, 2024-04-30T07:11:27.778Z, 187.95760380000002, 327.06728940000005
1714461087794, 2024-04-30T07:11:27.794Z, 186.2823294, 333.11077259999996
1714461087810, 2024-04-30T07:11:27.810Z, 192.0425496, 336.846589
1714461087826, 2024-04-30T07:11:27.826Z, 198.5341924, 344.96126939999994
1714461087841, 2024-04-30T07:11:27.841Z, 212.70578800000004, 348.5458996
1714461087856, 2024-04-30T07:11:27.856Z, 225.82692380000003, 347.9265036
1714461087881, 2024-04-30T07:11:27.881Z, 224.43664400000003, 362.39410119999997
1714461087896, 2024-04-30T07:11:27.896Z, 214.69298400000002, 380.0699158
1714461087911, 2024-04-30T07:11:27.911Z, 207.6287014, 392.54831780000006
1714461087926, 2024-04-30T07:11:27.926Z, 202.58244840000003, 400.13817179999995
1714461087940, 2024-04-30T07:11:27.940Z, 196.83943040000003, 411.5425158
1714461087955, 2024-04-30T07:11:27.955Z, 191.5647088, 411.03187899999995
1714461087971, 2024-04-30T07:11:27.971Z, 190.4603588, 405.93675640000004
1714461087985, 2024-04-30T07:11:27.985Z, 189.56318660000002, 402.6568902
1714461088000, 2024-04-30T07:11:28.000Z, 180.77877180000002, 402.2350512
1714461088031, 2024-04-30T07:11:28.031Z, 162.6039802, 397.8120598
1714461088046, 2024-04-30T07:11:28.046Z, 147.3293416, 394.881698
1714461088060, 2024-04-30T07:11:28.060Z, 126.86458480000002, 390.01096999999993
1714461088091, 2024-04-30T07:11:28.091Z, 104.8629308, 384.064259
1714461088107, 2024-04-30T07:11:28.107Z, 96.97205679999999, 383.2939854
1714461088123, 2024-04-30T07:11:28.123Z, 103.95069020000001, 388.9864688
1714461088139, 2024-04-30T07:11:28.139Z, 114.3656222, 390.8619156
1714461088154, 2024-04-30T07:11:28.154Z, 140.50955019999998, 390.51403419999997
1714461088179, 2024-04-30T07:11:28.179Z, 169.860523, 394.44506140000004
1714461088192, 2024-04-30T07:11:28.192Z, 191.0030818, 383.17338379999995
1714461088207, 2024-04-30T07:11:28.207Z, 205.97279839999996, 372.916882
1714461088222, 2024-04-30T07:11:28.222Z, 222.06043799999998, 364.4417518
1714461088237, 2024-04-30T07:11:28.237Z, 223.78774979999997, 358.2460944
1714461088253, 2024-04-30T07:11:28.253Z, 210.98964900000001, 347.71401879999996
1714461088267, 2024-04-30T07:11:28.267Z, 199.40628800000002, 349.1768292
1714461088282, 2024-04-30T07:11:28.282Z, 189.61552260000002, 346.6740662
1714461088301, 2024-04-30T07:11:28.301Z, 188.86030259999998, 354.946003
1714461088328, 2024-04-30T07:11:28.328Z, 188.70471500000002, 357.9290334
1714461088343, 2024-04-30T07:11:28.343Z, 203.20798599999998, 363.8067862
1714461088357, 2024-04-30T07:11:28.357Z, 209.83087, 365.49061820000003
1714461088372, 2024-04-30T07:11:28.372Z, 215.320627, 368.6077942
1714461088403, 2024-04-30T07:11:28.403Z, 214.71926779999998, 360.48594560000004
1714461088420, 2024-04-30T07:11:28.420Z, 219.96289540000004, 357.05979119999995
1714461088436, 2024-04-30T07:11:28.436Z, 224.46795780000002, 353.40140759999997
1714461088479, 2024-04-30T07:11:28.479Z, 251.75548799999996, 349.17501899999996
1714461088492, 2024-04-30T07:11:28.492Z, 279.55354580000005, 342.1314972
1714461088507, 2024-04-30T07:11:28.507Z, 307.5966168, 336.3614276
1714461088523, 2024-04-30T07:11:28.523Z, 331.0126454, 334.90586160000004
1714461088538, 2024-04-30T07:11:28.538Z, 353.98890300000005, 333.2278112
1714461088552, 2024-04-30T07:11:28.552Z, 355.03623799999997, 332.836727
1714461088567, 2024-04-30T07:11:28.567Z, 355.895648, 333.0527486
1714461088582, 2024-04-30T07:11:28.582Z, 362.1922458, 339.78147559999996
1714461088597, 2024-04-30T07:11:28.597Z, 369.4191526, 346.34566400000006
1714461088629, 2024-04-30T07:11:28.629Z, 375.440692, 350.33112819999997
1714461088642, 2024-04-30T07:11:28.642Z, 378.8163048, 358.389898
1714461088661, 2024-04-30T07:11:28.661Z, 377.3637562, 375.0250178
1714461088672, 2024-04-30T07:11:28.672Z, 364.663318, 383.56046760000004
1714461088687, 2024-04-30T07:11:28.687Z, 348.1056052, 382.5179122
1714461088703, 2024-04-30T07:11:28.703Z, 333.0558054, 388.6612912
1714461088718, 2024-04-30T07:11:28.718Z, 315.57533240000004, 393.7576996
1714461088733, 2024-04-30T07:11:28.733Z, 303.3974708, 389.7370588
1714461088748, 2024-04-30T07:11:28.748Z, 295.3295322, 387.60279440000005
1714461088778, 2024-04-30T07:11:28.778Z, 298.5715864, 394.94563420000003
1714461088795, 2024-04-30T07:11:28.795Z, 305.1801868, 394.1291968
1714461088826, 2024-04-30T07:11:28.826Z, 330.0884834, 386.0756152
1714461088841, 2024-04-30T07:11:28.841Z, 350.41252860000003, 381.23748820000003
1714461088857, 2024-04-30T07:11:28.857Z, 361.6942766, 375.7063952
1714461088872, 2024-04-30T07:11:28.872Z, 365.20354080000004, 369.7089876
1714461088888, 2024-04-30T07:11:28.888Z, 362.9658708, 365.77263439999996
1714461088904, 2024-04-30T07:11:28.904Z, 352.731848, 366.70266300000003
1714461088928, 2024-04-30T07:11:28.928Z, 346.1645466, 366.068006
1714461088942, 2024-04-30T07:11:28.942Z, 355.54266720000004, 367.23172580000005
1714461088957, 2024-04-30T07:11:28.957Z, 368.071652, 366.30171559999997
1714461088972, 2024-04-30T07:11:28.972Z, 387.195063, 363.2503888
1714461088987, 2024-04-30T07:11:28.987Z, 401.1588438, 359.4266208
1714461089002, 2024-04-30T07:11:29.002Z, 414.2771704, 352.94841800000006
1714461089017, 2024-04-30T07:11:29.017Z, 422.70645260000003, 345.815417
1714461089152, 2024-04-30T07:11:29.152Z, 421.66631399999994, 366.155078
1714461089184, 2024-04-30T07:11:29.184Z, 473.96386, 353.75046480000003
1714461089199, 2024-04-30T07:11:29.199Z, 502.26591040000005, 341.5904524
1714461089228, 2024-04-30T07:11:29.228Z, 549.3647294, 333.12485219999996
1714461089243, 2024-04-30T07:11:29.243Z, 587.1668907999999, 331.7191776
1714461089258, 2024-04-30T07:11:29.258Z, 631.3436964, 305.24982639999996
1714461089272, 2024-04-30T07:11:29.272Z, 590.2870578, 310.8061104
1714461089287, 2024-04-30T07:11:29.287Z, 574.0828916, 320.6048096
1714461089302, 2024-04-30T07:11:29.302Z, 541.0459864000001, 330.02089720000004
1714461089317, 2024-04-30T07:11:29.317Z, 517.0956659999999, 336.9211252
1714461089332, 2024-04-30T07:11:29.332Z, 489.92129839999996, 337.4819892
1714461089347, 2024-04-30T07:11:29.347Z, 486.91411739999995, 340.0719544
1714461089378, 2024-04-30T07:11:29.378Z, 482.14129219999995, 341.56132779999996
1714461089392, 2024-04-30T07:11:29.392Z, 475.86039359999995, 340.95995759999994
1714461089407, 2024-04-30T07:11:29.407Z, 472.54830780000003, 337.8796954
1714461089422, 2024-04-30T07:11:29.422Z, 471.1179022, 340.570899
1714461089437, 2024-04-30T07:11:29.437Z, 473.4647222, 346.1546428
1714461089452, 2024-04-30T07:11:29.452Z, 476.01557840000004, 351.34563399999996
1714461089467, 2024-04-30T07:11:29.467Z, 474.9641074, 361.73601999999994
1714461089497, 2024-04-30T07:11:29.497Z, 468.669866, 371.5394382
1714461089533, 2024-04-30T07:11:29.533Z, 461.18372639999995, 391.98765620000006
1714461089544, 2024-04-30T07:11:29.544Z, 453.16969339999997, 408.09647839999997
1714461089560, 2024-04-30T07:11:29.560Z, 467.0651602, 437.5660618
1714461089590, 2024-04-30T07:11:29.590Z, 470.717708, 457.9666368
1714461089605, 2024-04-30T07:11:29.605Z, 466.66490899999997, 472.47405820000006
1714461089620, 2024-04-30T07:11:29.620Z, 467.6178062, 478.24048860000005
1714461089650, 2024-04-30T07:11:29.650Z, 469.17833360000003, 485.890971
1714461089665, 2024-04-30T07:11:29.665Z, 431.7739348, 474.1578888
1714461089681, 2024-04-30T07:11:29.681Z, 403.5943958, 466.4650028
1714461089697, 2024-04-30T07:11:29.697Z, 386.32023319999996, 465.9056796
1714461089712, 2024-04-30T07:11:29.712Z, 364.5154116, 462.04598259999995
1714461089730, 2024-04-30T07:11:29.730Z, 345.1015148, 457.411804
1714461089743, 2024-04-30T07:11:29.743Z, 348.80031119999995, 455.8635932
1714461089758, 2024-04-30T07:11:29.758Z, 357.69401380000005, 454.6665836
1714461089774, 2024-04-30T07:11:29.774Z, 362.6481834, 449.73458600000004
1714461089790, 2024-04-30T07:11:29.790Z, 354.5656338, 445.2866849999999
1714461089805, 2024-04-30T07:11:29.805Z, 349.7775994, 441.5289326
1714461089828, 2024-04-30T07:11:29.828Z, 338.9807954, 439.19007840000006
1714461089843, 2024-04-30T07:11:29.843Z, 339.63830240000004, 449.403842
1714461089858, 2024-04-30T07:11:29.858Z, 347.1483888, 464.555472
1714461089873, 2024-04-30T07:11:29.873Z, 368.20596399999994, 481.29801399999997
1714461089888, 2024-04-30T07:11:29.888Z, 381.30567640000004, 490.52958060000003
1714461089902, 2024-04-30T07:11:29.902Z, 396.079741, 504.93154880000003
1714461089918, 2024-04-30T07:11:29.918Z, 399.51793740000005, 508.28009600000007
1714461089933, 2024-04-30T07:11:29.933Z, 398.138147, 506.81566439999995
1714461089952, 2024-04-30T07:11:29.952Z, 399.2662138, 504.0786021999999
1714461089982, 2024-04-30T07:11:29.982Z, 408.1918662, 504.88333279999995
1714461090007, 2024-04-30T07:11:30.007Z, 412.99357040000007, 501.3596866
1714461090022, 2024-04-30T07:11:30.022Z, 421.03654059999997, 486.6912106
1714461090038, 2024-04-30T07:11:30.038Z, 439.6110732, 490.1793216
1714461090054, 2024-04-30T07:11:30.054Z, 451.80205379999995, 489.5122617999999
1714461090069, 2024-04-30T07:11:30.069Z, 454.6347936, 494.40287980000005
1714461090084, 2024-04-30T07:11:30.084Z, 463.3465914, 495.46120979999995
1714461090100, 2024-04-30T07:11:30.100Z, 469.0927154, 506.125488
1714461090115, 2024-04-30T07:11:30.115Z, 458.6487238000001, 500.5003404
1714461090132, 2024-04-30T07:11:30.132Z, 443.2957354, 491.05406380000005
1714461090147, 2024-04-30T07:11:30.147Z, 419.52987240000004, 480.7501816
1714461090162, 2024-04-30T07:11:30.162Z, 380.11788620000004, 464.9934898
1714461090178, 2024-04-30T07:11:30.178Z, 339.4371694, 449.689732
1714461090193, 2024-04-30T07:11:30.193Z, 300.3895794, 438.24606819999997
1714461090208, 2024-04-30T07:11:30.208Z, 269.803569, 432.801803
1714461090224, 2024-04-30T07:11:30.224Z, 243.87145420000002, 423.00282
1714461090239, 2024-04-30T07:11:30.239Z, 228.87281839999997, 420.35301359999994
1714461090255, 2024-04-30T07:11:30.255Z, 214.3977004, 417.2520776
1714461090301, 2024-04-30T07:11:30.301Z, 197.49486699999997, 418.43321660000004
1714461090317, 2024-04-30T07:11:30.317Z, 181.09750300000002, 423.38822039999997
1714461090333, 2024-04-30T07:11:30.333Z, 173.28300440000004, 429.16265000000004
1714461090348, 2024-04-30T07:11:30.348Z, 163.30673180000002, 435.94460720000006
1714461090363, 2024-04-30T07:11:30.363Z, 151.64671779999998, 444.26898700000004
1714461090380, 2024-04-30T07:11:30.380Z, 144.5036084, 442.4608554
1714461090394, 2024-04-30T07:11:30.394Z, 140.83227419999997, 438.37545680000005
1714461090410, 2024-04-30T07:11:30.410Z, 136.27569899999997, 433.94224460000004
1714461090433, 2024-04-30T07:11:30.433Z, 130.3468358, 429.64939699999996
1714461090447, 2024-04-30T07:11:30.447Z, 126.183116, 424.817353
1714461090473, 2024-04-30T07:11:30.473Z, 125.7124922, 420.63164659999995
1714461090489, 2024-04-30T07:11:30.489Z, 122.582955, 427.89924360000003
1714461090504, 2024-04-30T07:11:30.504Z, 117.2152556, 441.4279558
1714461090522, 2024-04-30T07:11:30.522Z, 119.5592416, 454.8798126
1714461090535, 2024-04-30T07:11:30.535Z, 121.9130858, 471.5357956
1714461090551, 2024-04-30T07:11:30.551Z, 121.59898560000002, 480.7691466
1714461090566, 2024-04-30T07:11:30.566Z, 119.8265674, 480.43752800000004
1714461090582, 2024-04-30T07:11:30.582Z, 110.15274500000001, 471.3119438
1714461090598, 2024-04-30T07:11:30.598Z, 105.4764104, 464.86867600000005
1714461090613, 2024-04-30T07:11:30.613Z, 109.485441, 452.26842
1714461090629, 2024-04-30T07:11:30.629Z, 118.057538, 443.84762579999995
1714461090644, 2024-04-30T07:11:30.644Z, 138.5630066, 430.7780584
1714461090660, 2024-04-30T07:11:30.660Z, 170.67869720000002, 422.5021518
1714461090675, 2024-04-30T07:11:30.675Z, 199.2300294, 411.86332999999996
1714461090690, 2024-04-30T07:11:30.690Z, 218.398253, 408.0677234
1714461090706, 2024-04-30T07:11:30.706Z, 234.3211174, 406.7497968
1714461090729, 2024-04-30T07:11:30.729Z, 261.80913380000004, 412.0532992
1714461090743, 2024-04-30T07:11:30.743Z, 284.0983154, 417.44633480000005
1714461090757, 2024-04-30T07:11:30.757Z, 308.9563424, 416.7357774
1714461090772, 2024-04-30T07:11:30.772Z, 345.0000804, 407.204545
1714461090788, 2024-04-30T07:11:30.788Z, 378.81445540000004, 399.4620018
1714461090802, 2024-04-30T07:11:30.802Z, 391.7118424, 387.6532924
1714461090818, 2024-04-30T07:11:30.818Z, 413.19858860000005, 371.82952880000005
1714461090837, 2024-04-30T07:11:30.837Z, 431.3794968, 360.27760279999995
1714461090847, 2024-04-30T07:11:30.847Z, 441.5031792000001, 352.5469318
1714461090878, 2024-04-30T07:11:30.878Z, 438.08255819999994, 340.97165179999996
1714461090892, 2024-04-30T07:11:30.892Z, 427.5581148, 329.962464
1714461090907, 2024-04-30T07:11:30.907Z, 422.96674160000003, 326.5106954
1714461090922, 2024-04-30T07:11:30.922Z, 411.65073459999996, 326.43782120000003
1714461090938, 2024-04-30T07:11:30.938Z, 396.47030559999996, 328.4506124
1714461090953, 2024-04-30T07:11:30.953Z, 399.5267414, 337.73492
1714461090969, 2024-04-30T07:11:30.969Z, 421.6964784, 340.148348
1714461090984, 2024-04-30T07:11:30.984Z, 436.51648579999994, 342.34082720000004
1714461091000, 2024-04-30T07:11:31.000Z, 457.0927938, 344.4871994
1714461091028, 2024-04-30T07:11:31.028Z, 481.02361980000006, 345.621639
1714461091043, 2024-04-30T07:11:31.043Z, 497.08078079999996, 342.759852
1714461091058, 2024-04-30T07:11:31.058Z, 493.44921439999996, 346.989608
1714461091073, 2024-04-30T07:11:31.073Z, 488.71822360000004, 349.3725828
1714461091088, 2024-04-30T07:11:31.088Z, 484.881862, 353.6574704
1714461091118, 2024-04-30T07:11:31.118Z, 479.5825256, 359.18672899999996
1714461091133, 2024-04-30T07:11:31.133Z, 478.02259940000005, 363.3157336
1714461091148, 2024-04-30T07:11:31.148Z, 490.4034378, 365.80669559999995
1714461091179, 2024-04-30T07:11:31.179Z, 513.0133659999999, 363.09982460000003
1714461091192, 2024-04-30T07:11:31.192Z, 536.7540824, 353.72511579999997
1714461091207, 2024-04-30T07:11:31.207Z, 563.9745565999999, 347.80546259999994
1714461091222, 2024-04-30T07:11:31.222Z, 591.7353462000001, 342.5925168
1714461091238, 2024-04-30T07:11:31.238Z, 611.0309532, 338.0758302
1714461091252, 2024-04-30T07:11:31.252Z, 617.5325620000001, 340.70320879999997
1714461091267, 2024-04-30T07:11:31.267Z, 619.978914, 345.8376056
1714461091282, 2024-04-30T07:11:31.282Z, 613.1449314, 350.080855
1714461091301, 2024-04-30T07:11:31.301Z, 603.3030232, 352.3332406
1714461091332, 2024-04-30T07:11:31.332Z, 590.0240461999999, 356.9496302
1714461091344, 2024-04-30T07:11:31.344Z, 576.6657865999999, 359.1413962
1714461091372, 2024-04-30T07:11:31.372Z, 568.9447021999999, 366.0742
1714461091387, 2024-04-30T07:11:31.387Z, 568.8995706, 372.31240520000006
1714461091403, 2024-04-30T07:11:31.403Z, 576.7543842, 383.5892408
1714461091420, 2024-04-30T07:11:31.420Z, 588.6535778, 393.8956684
1714461091435, 2024-04-30T07:11:31.435Z, 600.4232301999999, 403.2102536
1714461091450, 2024-04-30T07:11:31.450Z, 606.5959343999999, 408.546577
1714461091478, 2024-04-30T07:11:31.478Z, 601.4577932, 390.148773
1714461091492, 2024-04-30T07:11:31.492Z, 588.5589856, 370.36098880000003
1714461091507, 2024-04-30T07:11:31.507Z, 580.2092921999999, 355.5807602
1714461091522, 2024-04-30T07:11:31.522Z, 583.9967878, 336.07057779999997
1714461091538, 2024-04-30T07:11:31.538Z, 591.709777, 313.8867398
1714461091553, 2024-04-30T07:11:31.553Z, 607.1318476, 313.10641
1714461091567, 2024-04-30T07:11:31.567Z, 624.9229008, 312.50666
1714461091582, 2024-04-30T07:11:31.582Z, 636.3387474, 308.18430520000004
1714461091598, 2024-04-30T07:11:31.598Z, 630.1837767999999, 312.23277659999997
1714461091629, 2024-04-30T07:11:31.629Z, 622.675655, 320.56453
1714461091642, 2024-04-30T07:11:31.642Z, 618.0112237999999, 326.7329474
1714461091657, 2024-04-30T07:11:31.657Z, 618.5866156, 331.6854234
1714461091672, 2024-04-30T07:11:31.672Z, 616.0868499999999, 333.44389179999996
1714461091702, 2024-04-30T07:11:31.702Z, 621.2646824000001, 332.8042202
1714461091718, 2024-04-30T07:11:31.718Z, 625.8409036, 331.6867024
1714461091747, 2024-04-30T07:11:31.747Z, 618.4650852, 334.4926368
1714461091778, 2024-04-30T07:11:31.778Z, 589.6173578, 339.0856774
1714461091792, 2024-04-30T07:11:31.792Z, 496.8293436, 346.7616398
1714461091808, 2024-04-30T07:11:31.808Z, 404.61743079999997, 352.2221128
1714461091839, 2024-04-30T07:11:31.839Z, 308.5746976, 356.5896
1714461091855, 2024-04-30T07:11:31.855Z, 239.5801736, 358.42720180000003
1714461091870, 2024-04-30T07:11:31.870Z, 174.028664, 365.6167276
1714461091886, 2024-04-30T07:11:31.886Z, 171.2527718, 368.7610108
1714461091902, 2024-04-30T07:11:31.902Z, 169.0902658, 376.9633444
1714461091928, 2024-04-30T07:11:31.928Z, 166.6460524, 378.0363944
1714461091942, 2024-04-30T07:11:31.942Z, 148.258883, 377.5379628
1714461091957, 2024-04-30T07:11:31.957Z, 143.6130698, 368.6572008
1714461091972, 2024-04-30T07:11:31.972Z, 140.4559466, 363.5057094
1714461091988, 2024-04-30T07:11:31.988Z, 132.92535619999998, 356.539537
1714461092003, 2024-04-30T07:11:32.003Z, 128.3466002, 359.8111038
1714461092017, 2024-04-30T07:11:32.017Z, 122.95995320000002, 363.96632600000004
1714461092033, 2024-04-30T07:11:32.033Z, 117.32259919999998, 370.5619724
1714461092048, 2024-04-30T07:11:32.048Z, 115.86388919999999, 379.6827642
1714461092079, 2024-04-30T07:11:32.079Z, 116.0423364, 391.42259780000006
1714461092093, 2024-04-30T07:11:32.093Z, 114.53451480000001, 399.7284468
1714461092107, 2024-04-30T07:11:32.107Z, 111.6413082, 405.3378688000001
1714461092122, 2024-04-30T07:11:32.122Z, 111.03481079999999, 410.53382300000004
1714461092137, 2024-04-30T07:11:32.137Z, 110.9115096, 410.25823679999996
1714461092152, 2024-04-30T07:11:32.152Z, 111.03406379999998, 402.917891
1714461092167, 2024-04-30T07:11:32.167Z, 113.92802019999999, 396.1476736
1714461092183, 2024-04-30T07:11:32.183Z, 117.0889254, 392.63752220000003
1714461092201, 2024-04-30T07:11:32.201Z, 118.1676956, 385.38104599999997
1714461092228, 2024-04-30T07:11:32.228Z, 119.583518, 378.914089
1714461092242, 2024-04-30T07:11:32.242Z, 126.300805, 377.10325780000005
1714461092257, 2024-04-30T07:11:32.257Z, 130.7698318, 375.178445
1714461092287, 2024-04-30T07:11:32.287Z, 135.79609820000002, 373.7941848
1714461092302, 2024-04-30T07:11:32.302Z, 138.5824218, 374.8784392
1714461092334, 2024-04-30T07:11:32.334Z, 137.17530240000002, 377.4977258
1714461092349, 2024-04-30T07:11:32.349Z, 128.45826820000002, 377.5997888
1714461092378, 2024-04-30T07:11:32.378Z, 122.95459540000002, 371.38807319999995
1714461092392, 2024-04-30T07:11:32.392Z, 122.37175640000001, 369.6458944
1714461092407, 2024-04-30T07:11:32.407Z, 121.9522872, 367.9880948
1714461092422, 2024-04-30T07:11:32.422Z, 127.9034014, 368.88364839999997
1714461092438, 2024-04-30T07:11:32.438Z, 133.1564948, 372.3256862
1714461092453, 2024-04-30T07:11:32.453Z, 137.75866879999998, 382.47537919999996
1714461092467, 2024-04-30T07:11:32.467Z, 141.1970242, 387.998929
1714461092482, 2024-04-30T07:11:32.482Z, 148.0807284, 393.28767000000005
1714461092497, 2024-04-30T07:11:32.497Z, 164.5860768, 395.7470766
1714461092528, 2024-04-30T07:11:32.528Z, 188.53226279999998, 395.778307
1714461092542, 2024-04-30T07:11:32.542Z, 209.92836900000003, 395.0821266
1714461092557, 2024-04-30T07:11:32.557Z, 222.3287876, 393.4698158
1714461092572, 2024-04-30T07:11:32.572Z, 238.5254646, 390.9781492
1714461092587, 2024-04-30T07:11:32.587Z, 253.6411348, 383.53687099999996
1714461092602, 2024-04-30T07:11:32.602Z, 262.7976974, 376.6051192
1714461092617, 2024-04-30T07:11:32.617Z, 274.5334186, 373.688384
1714461092632, 2024-04-30T07:11:32.632Z, 293.5761876, 374.2148388
1714461092647, 2024-04-30T07:11:32.647Z, 308.4319398, 377.2170362
1714461092696, 2024-04-30T07:11:32.696Z, 323.19161160000004, 387.2618094
1714461092707, 2024-04-30T07:11:32.707Z, 336.6814572, 397.319986
1714461092722, 2024-04-30T07:11:32.722Z, 344.4321682, 404.83838879999996
1714461092737, 2024-04-30T07:11:32.737Z, 332.5867908, 405.96927539999996
1714461092752, 2024-04-30T07:11:32.752Z, 328.104403, 406.2048188
1714461092768, 2024-04-30T07:11:32.768Z, 310.5248932, 401.0239992
1714461092784, 2024-04-30T07:11:32.784Z, 294.9735362, 393.62086359999995
1714461092799, 2024-04-30T07:11:32.799Z, 282.5796886, 383.63694539999995
1714461092828, 2024-04-30T07:11:32.828Z, 292.0063934, 372.30081359999997
1714461092842, 2024-04-30T07:11:32.842Z, 288.0017632, 364.51995580000005
1714461092857, 2024-04-30T07:11:32.857Z, 286.257543, 360.03368079999996
1714461092872, 2024-04-30T07:11:32.872Z, 279.2180866, 359.68792859999996
1714461092887, 2024-04-30T07:11:32.887Z, 266.18242499999997, 363.2610012
1714461092902, 2024-04-30T07:11:32.902Z, 243.472097, 375.30506479999997
1714461092917, 2024-04-30T07:11:32.917Z, 224.4329108, 383.80678539999997
1714461092932, 2024-04-30T07:11:32.932Z, 204.80037240000001, 395.9345331999999
1714461092952, 2024-04-30T07:11:32.952Z, 187.7840162, 413.3728264
1714461092978, 2024-04-30T07:11:32.978Z, 174.8153136, 426.06320020000004
1714461092992, 2024-04-30T07:11:32.992Z, 170.9519886, 436.61033640000005
1714461093007, 2024-04-30T07:11:33.007Z, 166.41489940000002, 444.82993559999994
1714461093022, 2024-04-30T07:11:33.022Z, 164.59339319999998, 448.35274760000004
1714461093052, 2024-04-30T07:11:33.052Z, 157.9332298, 443.97717300000005
1714461093067, 2024-04-30T07:11:33.067Z, 155.4650352, 440.4688566
1714461093082, 2024-04-30T07:11:33.082Z, 154.7789168, 435.6808092
1714461093097, 2024-04-30T07:11:33.097Z, 160.9575066, 430.1109558
1714461093128, 2024-04-30T07:11:33.128Z, 175.8230272, 425.1295202
1714461093142, 2024-04-30T07:11:33.142Z, 202.383685, 419.78017339999997
1714461093157, 2024-04-30T07:11:33.157Z, 230.08211279999995, 416.3058929999999
1714461093172, 2024-04-30T07:11:33.172Z, 253.28433439999998, 411.6878476
1714461093188, 2024-04-30T07:11:33.188Z, 273.96099519999996, 408.04388040000003
1714461093204, 2024-04-30T07:11:33.204Z, 281.5013836, 406.2764358
1714461093235, 2024-04-30T07:11:33.235Z, 285.56159800000006, 405.5812457999999
1714461093251, 2024-04-30T07:11:33.251Z, 283.1507568, 402.78279319999996
1714461093278, 2024-04-30T07:11:33.278Z, 280.793772, 397.56100119999996
1714461093292, 2024-04-30T07:11:33.292Z, 275.1712818, 398.4639178
1714461093307, 2024-04-30T07:11:33.307Z, 256.5720204, 398.3184284
1714461093322, 2024-04-30T07:11:33.322Z, 229.263847, 405.36303419999996
1714461093337, 2024-04-30T07:11:33.337Z, 204.24849839999996, 415.1790366
1714461093352, 2024-04-30T07:11:33.352Z, 177.3548318, 422.1176544
1714461093367, 2024-04-30T07:11:33.367Z, 146.4605936, 422.89764920000005
1714461093382, 2024-04-30T07:11:33.382Z, 131.5309164, 424.2212146
1714461093397, 2024-04-30T07:11:33.397Z, 120.0964582, 419.50709059999997
1714461093428, 2024-04-30T07:11:33.428Z, 103.6583402, 413.2837654
1714461093442, 2024-04-30T07:11:33.442Z, 90.32101800000001, 417.66837560000005
1714461093457, 2024-04-30T07:11:33.457Z, 86.17306040000001, 421.4569748
1714461093473, 2024-04-30T07:11:33.473Z, 81.33453019999999, 425.96987060000004
1714461093487, 2024-04-30T07:11:33.487Z, 83.42143859999999, 426.9308656
1714461093502, 2024-04-30T07:11:33.502Z, 90.47558719999999, 429.12927820000004
1714461093518, 2024-04-30T07:11:33.518Z, 96.4835494, 425.1664954
1714461093532, 2024-04-30T07:11:33.532Z, 107.91008360000001, 413.43830760000003
1714461093550, 2024-04-30T07:11:33.550Z, 119.1321074, 392.5661374
1714461093578, 2024-04-30T07:11:33.578Z, 127.1764894, 371.4476842
1714461093592, 2024-04-30T07:11:33.592Z, 140.99621860000002, 336.9162058
1714461093607, 2024-04-30T07:11:33.607Z, 158.129663, 307.22426579999996
1714461093622, 2024-04-30T07:11:33.622Z, 163.24327620000003, 285.6849138
1714461093638, 2024-04-30T07:11:33.638Z, 167.7587408, 258.4297656
1714461093655, 2024-04-30T07:11:33.655Z, 170.0605652, 235.0803254
1714461093670, 2024-04-30T07:11:33.670Z, 167.3447372, 225.72963440000004
1714461093685, 2024-04-30T07:11:33.685Z, 164.0621074, 213.0375668
1714461093701, 2024-04-30T07:11:33.701Z, 160.6222338, 205.44253899999998
1714461093728, 2024-04-30T07:11:33.728Z, 159.04365479999998, 211.53371120000003
1714461093747, 2024-04-30T07:11:33.747Z, 161.8806732, 215.46478319999997
1714461093764, 2024-04-30T07:11:33.764Z, 162.94558, 219.3135726
1714461093782, 2024-04-30T07:11:33.782Z, 154.9337018, 228.1887922
1714461093795, 2024-04-30T07:11:33.795Z, 146.9600926, 236.4857242
1714461093811, 2024-04-30T07:11:33.811Z, 130.4753004, 247.8967846
1714461093825, 2024-04-30T07:11:33.825Z, 109.98875480000001, 259.7162786
1714461093841, 2024-04-30T07:11:33.841Z, 89.5133566, 270.5938224
1714461093857, 2024-04-30T07:11:33.857Z, 72.3983954, 277.617581
1714461093878, 2024-04-30T07:11:33.878Z, 62.47205279999999, 280.38301379999996
1714461093893, 2024-04-30T07:11:33.893Z, 63.06144379999999, 279.0937504
1714461093907, 2024-04-30T07:11:33.907Z, 80.228828, 274.24619079999997
1714461093923, 2024-04-30T07:11:33.923Z, 99.41960880000002, 267.2778798
1714461093937, 2024-04-30T07:11:33.937Z, 119.8196136, 261.75630620000004
1714461093952, 2024-04-30T07:11:33.952Z, 144.7287352, 256.09100960000006
1714461093972, 2024-04-30T07:11:33.972Z, 167.3827984, 250.63018240000002
1714461093997, 2024-04-30T07:11:33.997Z, 173.7718912, 249.07390279999998
1714461094012, 2024-04-30T07:11:34.012Z, 182.1840578, 247.97376319999998
1714461094029, 2024-04-30T07:11:34.029Z, 188.3882908, 244.5933102
1714461094044, 2024-04-30T07:11:34.044Z, 187.58886379999998, 240.6697922
1714461094060, 2024-04-30T07:11:34.060Z, 183.2587498, 237.87658499999998
1714461094075, 2024-04-30T07:11:34.075Z, 182.2995926, 237.36482519999998
1714461094090, 2024-04-30T07:11:34.090Z, 194.9870644, 231.79639859999997
1714461094107, 2024-04-30T07:11:34.107Z, 214.15749620000003, 224.8180774
1714461094121, 2024-04-30T07:11:34.121Z, 235.1871388, 223.4730392
1714461094136, 2024-04-30T07:11:34.136Z, 262.2187252, 223.74069939999998
1714461094151, 2024-04-30T07:11:34.151Z, 290.5307984, 224.36052440000003
1714461094192, 2024-04-30T07:11:34.192Z, 305.4837534, 232.04943040000003
1714461094207, 2024-04-30T07:11:34.207Z, 315.95670040000005, 240.79219039999998
1714461094225, 2024-04-30T07:11:34.225Z, 316.41949919999996, 244.446043
1714461094237, 2024-04-30T07:11:34.237Z, 316.378173, 244.13462199999998
1714461094252, 2024-04-30T07:11:34.252Z, 312.8266654, 241.9463018
1714461094267, 2024-04-30T07:11:34.267Z, 309.66338840000003, 237.3533106
1714461094282, 2024-04-30T07:11:34.282Z, 307.28247300000004, 233.07655019999999
1714461094297, 2024-04-30T07:11:34.297Z, 313.5587337999999, 226.23123719999998
1714461094328, 2024-04-30T07:11:34.328Z, 314.72883, 221.615619
1714461094346, 2024-04-30T07:11:34.346Z, 317.68483460000004, 217.5174294
1714461094357, 2024-04-30T07:11:34.357Z, 316.0283686, 218.64204020000003
1714461094374, 2024-04-30T07:11:34.374Z, 320.026385, 221.0926876
1714461094390, 2024-04-30T07:11:34.390Z, 323.5362370000001, 231.8270442
1714461094405, 2024-04-30T07:11:34.405Z, 329.1305244, 242.1434132
1714461094421, 2024-04-30T07:11:34.421Z, 342.29221040000004, 248.80938340000003
1714461094436, 2024-04-30T07:11:34.436Z, 358.11934379999997, 251.7612944
1714461094453, 2024-04-30T07:11:34.453Z, 372.3961948, 253.17435179999998
1714461094481, 2024-04-30T07:11:34.481Z, 382.6345352, 253.2163584
1714461094493, 2024-04-30T07:11:34.493Z, 394.5814102, 251.84514740000003
1714461094508, 2024-04-30T07:11:34.508Z, 404.6829778, 248.62810159999998
1714461094523, 2024-04-30T07:11:34.523Z, 417.87755699999997, 244.2432162
1714461094538, 2024-04-30T07:11:34.538Z, 428.17189979999995, 238.84163320000002
1714461094553, 2024-04-30T07:11:34.553Z, 442.7226882, 228.36599059999998
1714461094583, 2024-04-30T07:11:34.583Z, 456.5209162, 218.11479880000002
1714461094598, 2024-04-30T07:11:34.598Z, 462.686287, 213.0723142
1714461094629, 2024-04-30T07:11:34.629Z, 465.7992372, 203.1864228
1714461094644, 2024-04-30T07:11:34.644Z, 467.85677140000007, 199.24041700000004
1714461094658, 2024-04-30T07:11:34.658Z, 458.8282150000001, 206.0627014
1714461094676, 2024-04-30T07:11:34.676Z, 448.57526399999995, 214.00583740000002
1714461094691, 2024-04-30T07:11:34.691Z, 443.2514528, 220.1384496
1714461094703, 2024-04-30T07:11:34.703Z, 435.7198316, 235.54716
1714461094718, 2024-04-30T07:11:34.718Z, 427.4568488, 245.0255222
1714461094734, 2024-04-30T07:11:34.734Z, 431.4987536, 240.00360760000004
1714461094749, 2024-04-30T07:11:34.749Z, 437.7826932, 234.9343718
1714461094780, 2024-04-30T07:11:34.780Z, 441.028809, 231.248045
1714461094810, 2024-04-30T07:11:34.810Z, 447.626619, 226.40366080000004
1714461094826, 2024-04-30T07:11:34.826Z, 458.1036672, 224.61473579999998
1714461094841, 2024-04-30T07:11:34.841Z, 466.44066940000005, 230.449825
1714461094857, 2024-04-30T07:11:34.857Z, 471.5487752, 232.84152939999998
1714461094872, 2024-04-30T07:11:34.872Z, 472.12562339999994, 228.3060886
1714461094903, 2024-04-30T07:11:34.903Z, 470.79659840000005, 219.9019242
1714461094946, 2024-04-30T07:11:34.946Z, 465.4813114, 208.72250059999996
1714461094958, 2024-04-30T07:11:34.958Z, 463.3252845999999, 198.0792458
1714461094973, 2024-04-30T07:11:34.973Z, 462.43137879999995, 192.8138442
1714461094988, 2024-04-30T07:11:34.988Z, 464.1350452, 199.01665739999999
1714461095004, 2024-04-30T07:11:35.004Z, 461.3461378, 218.0754054
1714461095019, 2024-04-30T07:11:35.019Z, 459.76744740000004, 233.6222248
1714461095036, 2024-04-30T07:11:35.036Z, 455.6717384, 240.04050660000001
1714461095059, 2024-04-30T07:11:35.059Z, 449.3250596, 244.8582332
1714461095082, 2024-04-30T07:11:35.082Z, 443.17937359999996, 245.1246804
1714461095093, 2024-04-30T07:11:35.093Z, 436.9774598, 240.0068402
1714461095111, 2024-04-30T07:11:35.111Z, 428.729489, 242.2676974
1714461095126, 2024-04-30T07:11:35.126Z, 422.01182979999993, 251.8312778
1714461095139, 2024-04-30T07:11:35.139Z, 421.1068778, 259.4802982
1714461095187, 2024-04-30T07:11:35.187Z, 421.02134639999997, 267.572181
1714461095199, 2024-04-30T07:11:35.199Z, 428.10574660000003, 267.9348592
1714461095230, 2024-04-30T07:11:35.230Z, 409.8448716, 269.01292700000005
1714461095244, 2024-04-30T07:11:35.244Z, 387.2475281999999, 267.8281086
1714461095276, 2024-04-30T07:11:35.276Z, 356.99377419999996, 269.0504894
1714461095291, 2024-04-30T07:11:35.291Z, 319.60762139999997, 272.7013252
1714461095322, 2024-04-30T07:11:35.322Z, 270.0591054, 282.0779012
1714461095338, 2024-04-30T07:11:35.338Z, 245.91530419999998, 282.27326719999996
1714461095353, 2024-04-30T07:11:35.353Z, 225.7598312, 281.4012904
1714461095380, 2024-04-30T07:11:35.380Z, 207.3028144, 278.28836599999994
1714461095393, 2024-04-30T07:11:35.393Z, 197.1694834, 269.27371859999994
1714461095408, 2024-04-30T07:11:35.408Z, 194.63938059999998, 257.0907236
1714461095423, 2024-04-30T07:11:35.423Z, 193.3368958, 252.65363539999998
1714461095438, 2024-04-30T07:11:35.438Z, 186.2032672, 254.5349072
1714461095453, 2024-04-30T07:11:35.453Z, 174.4544914, 263.5014196
1714461095468, 2024-04-30T07:11:35.468Z, 161.1824966, 274.5939168
1714461095483, 2024-04-30T07:11:35.483Z, 152.0096912, 284.1836112
1714461095498, 2024-04-30T07:11:35.498Z, 146.0443632, 289.58450519999997
1714461095529, 2024-04-30T07:11:35.529Z, 148.6466628, 288.08022500000004
1714461095543, 2024-04-30T07:11:35.543Z, 156.8100896, 281.75549839999996
1714461095562, 2024-04-30T07:11:35.562Z, 161.6569764, 277.1386084
1714461095573, 2024-04-30T07:11:35.573Z, 159.1556898, 276.7994256
1714461095589, 2024-04-30T07:11:35.589Z, 159.16266099999999, 280.4982438
1714461095604, 2024-04-30T07:11:35.604Z, 150.58949859999998, 288.55102
1714461095618, 2024-04-30T07:11:35.618Z, 138.7826362, 290.6101236
1714461095634, 2024-04-30T07:11:35.634Z, 129.31702860000001, 294.833954
1714461095650, 2024-04-30T07:11:35.650Z, 125.03892660000001, 296.8124284
1714461095680, 2024-04-30T07:11:35.680Z, 115.4792122, 302.806402
1714461095696, 2024-04-30T07:11:35.696Z, 105.5688994, 309.0183482
1714461095711, 2024-04-30T07:11:35.711Z, 101.68989020000001, 315.5358018
1714461095727, 2024-04-30T07:11:35.727Z, 97.9828398, 320.52368459999997
1714461095742, 2024-04-30T07:11:35.742Z, 99.2362522, 325.53719440000003
1714461095759, 2024-04-30T07:11:35.759Z, 107.4985586, 323.54319840000005
1714461095773, 2024-04-30T07:11:35.773Z, 137.68098880000002, 319.4783224000001
1714461095858, 2024-04-30T07:11:35.858Z, 228.19032079999997, 318.7267132
1714461095888, 2024-04-30T07:11:35.888Z, 478.96048940000003, 292.95122760000004
1714461095902, 2024-04-30T07:11:35.902Z, 725.7204838, 270.2482778
1714461095947, 2024-04-30T07:11:35.947Z, 988.8053506, 281.6025776
1714461095980, 2024-04-30T07:11:35.980Z, 1233.3534014000002, 297.371268
1714461095994, 2024-04-30T07:11:35.994Z, 1403.0628162, 299.7137086
1714461096009, 2024-04-30T07:11:36.009Z, 1399.8103256, 312.434974
1714461096026, 2024-04-30T07:11:36.026Z, 1404.8109694, 323.3894778
1714461096072, 2024-04-30T07:11:36.072Z, 1384.0998498, 290.10677240000007
1714461096087, 2024-04-30T07:11:36.087Z, 1359.6226611999998, 247.62758520000003
1714461096103, 2024-04-30T07:11:36.103Z, 1346.3369965999998, 220.520043
1714461096131, 2024-04-30T07:11:36.131Z, 1346.1486117999998, 215.032651
1714461096146, 2024-04-30T07:11:36.146Z, 1338.834531, 207.7436142
1714461096164, 2024-04-30T07:11:36.164Z, 1334.9697438, 213.527803
1714461096195, 2024-04-30T07:11:36.195Z, 1336.9849642, 226.43494679999998
1714461096240, 2024-04-30T07:11:36.240Z, 1361.0908794000002, 238.48513640000002
1714461096281, 2024-04-30T07:11:36.281Z, 1392.6211232, 225.4086408
1714461096324, 2024-04-30T07:11:36.324Z, 1425.2341064, 215.7427666
1714461096354, 2024-04-30T07:11:36.354Z, 1503.3395192, 206.6304402
1714461096371, 2024-04-30T07:11:36.371Z, 1585.6629012, 195.2692004
1714461096399, 2024-04-30T07:11:36.399Z, 1639.9221568, 179.09205379999997
1714461096475, 2024-04-30T07:11:36.475Z, 1642.9038442, 167.3467302
1714461096521, 2024-04-30T07:11:36.521Z, 1630.9723558, 149.81278799999998
1714461096536, 2024-04-30T07:11:36.536Z, 1572.2017368000002, 129.3462862
1714461096552, 2024-04-30T07:11:36.552Z, 1465.1852264000001, 139.1580224
1714461096580, 2024-04-30T07:11:36.580Z, 1358.339727, 155.0685418
1714461096615, 2024-04-30T07:11:36.615Z, 1287.2842186, 183.3243234
1714461096630, 2024-04-30T07:11:36.630Z, 1229.1538136000001, 213.02390139999997
1714461096661, 2024-04-30T07:11:36.661Z, 1167.5603518, 248.34408299999996
1714461096677, 2024-04-30T07:11:36.677Z, 1145.9105032000002, 256.9455572
1714461096692, 2024-04-30T07:11:36.692Z, 1132.0054122000001, 263.01104180000004
1714461096708, 2024-04-30T07:11:36.708Z, 1130.348958, 261.9502476
1714461096728, 2024-04-30T07:11:36.728Z, 1128.3553657999998, 259.0020828
1714461096745, 2024-04-30T07:11:36.745Z, 1130.8205078, 243.82859940000003
1714461096772, 2024-04-30T07:11:36.772Z, 1152.7798588, 219.7472084
1714461096787, 2024-04-30T07:11:36.787Z, 1191.1544956, 195.0182738
1714461096803, 2024-04-30T07:11:36.803Z, 1221.750864, 176.9624418
1714461096819, 2024-04-30T07:11:36.819Z, 1250.6978644, 162.037059
1714461096838, 2024-04-30T07:11:36.838Z, 1273.4507034, 153.5402712
1714461096850, 2024-04-30T07:11:36.850Z, 1270.1239434000001, 153.5784928
1714461096878, 2024-04-30T07:11:36.878Z, 1240.8602202, 153.336353
1714461096908, 2024-04-30T07:11:36.908Z, 1212.1994756, 153.2322262
1714461096922, 2024-04-30T07:11:36.922Z, 1188.0405317999998, 146.611693
1714461096937, 2024-04-30T07:11:36.937Z, 1169.2147656, 140.96698580000003
1714461096967, 2024-04-30T07:11:36.967Z, 1156.1731248, 139.70240400000003
1714461096997, 2024-04-30T07:11:36.997Z, 1163.6424041999999, 135.7445262
1714461097028, 2024-04-30T07:11:37.028Z, 1173.0814206, 134.4998344
1714461097042, 2024-04-30T07:11:37.042Z, 1177.3375308, 139.8651324
1714461097057, 2024-04-30T07:11:37.057Z, 1181.7667486, 145.3344538
1714461097106, 2024-04-30T07:11:37.106Z, 1188.0928534, 145.4453642
1714461097147, 2024-04-30T07:11:37.147Z, 1183.7250203999997, 151.3406864
1714461097192, 2024-04-30T07:11:37.192Z, 1180.7281674, 154.16548860000003
1714461097207, 2024-04-30T07:11:37.207Z, 1178.5299890000001, 149.19042
1714461097237, 2024-04-30T07:11:37.237Z, 1179.4904715999999, 144.3506772
1714461097252, 2024-04-30T07:11:37.252Z, 1180.7943326, 138.3376494
1714461097268, 2024-04-30T07:11:37.268Z, 1182.1398883999998, 131.9244132
1714461097286, 2024-04-30T07:11:37.286Z, 1181.7203041999999, 126.78878320000001
1714461097300, 2024-04-30T07:11:37.300Z, 1170.008611, 144.6319446
1714461097334, 2024-04-30T07:11:37.334Z, 1163.0409674, 158.9053968
1714461097347, 2024-04-30T07:11:37.347Z, 1156.7424738000002, 170.9763746
1714461097363, 2024-04-30T07:11:37.363Z, 1150.0584566000002, 182.67411180000002
1714461097379, 2024-04-30T07:11:37.379Z, 1145.6037596, 192.7033828
1714461097394, 2024-04-30T07:11:37.394Z, 1156.3372738, 185.6036732
1714461097410, 2024-04-30T07:11:37.410Z, 1160.2645189999998, 180.9931704
1714461097425, 2024-04-30T07:11:37.425Z, 1163.6602334, 179.24480520000003
1714461097440, 2024-04-30T07:11:37.440Z, 1167.3584508, 178.0402108
1714461097492, 2024-04-30T07:11:37.492Z, 1170.9235192, 177.4264186
1714461097507, 2024-04-30T07:11:37.507Z, 1171.0545213999999, 179.426679
1714461097522, 2024-04-30T07:11:37.522Z, 1165.6729618, 177.8401198
1714461097537, 2024-04-30T07:11:37.537Z, 1155.7027928, 177.364898
1714461097552, 2024-04-30T07:11:37.552Z, 1145.3701704, 176.7626246
1714461097567, 2024-04-30T07:11:37.567Z, 1134.9580095999997, 178.4714626
1714461097586, 2024-04-30T07:11:37.586Z, 1126.3986541999998, 176.32162259999998
1714461097597, 2024-04-30T07:11:37.597Z, 1123.2050242, 178.6705824
1714461097630, 2024-04-30T07:11:37.630Z, 1136.7550354, 175.91550579999998
1714461097675, 2024-04-30T07:11:37.675Z, 1152.1203244, 166.0998546
1714461097711, 2024-04-30T07:11:37.711Z, 1181.8357786000001, 152.9924646
1714461097721, 2024-04-30T07:11:37.721Z, 1247.0331368, 136.3413604
1714461097737, 2024-04-30T07:11:37.737Z, 1319.4672924000001, 132.3011682
1714461097779, 2024-04-30T07:11:37.779Z, 1391.041687, 146.9404538
1714461097793, 2024-04-30T07:11:37.793Z, 1472.3505358, 171.8634462
1714461097807, 2024-04-30T07:11:37.807Z, 1546.1007998, 195.8850526
1714461097822, 2024-04-30T07:11:37.822Z, 1572.8937392, 248.9854816
1714461097837, 2024-04-30T07:11:37.837Z, 1588.8504596, 278.5962622
1714461097852, 2024-04-30T07:11:37.852Z, 1587.3796688, 295.649717
1714461097867, 2024-04-30T07:11:37.867Z, 1577.9731924, 308.6013672
1714461097882, 2024-04-30T07:11:37.882Z, 1560.9450921999999, 318.4831672
1714461097898, 2024-04-30T07:11:37.898Z, 1561.7289509999998, 308.01545960000004
1714461097942, 2024-04-30T07:11:37.942Z, 1563.9920510000002, 304.61618439999995
1714461097957, 2024-04-30T07:11:37.957Z, 1571.5200885999998, 309.7935974
1714461097974, 2024-04-30T07:11:37.974Z, 1575.323997, 308.41894680000007
1714461097988, 2024-04-30T07:11:37.988Z, 1579.6144330000002, 316.23089600000003
1714461098003, 2024-04-30T07:11:38.003Z, 1585.3536342, 324.94237560000005
1714461098034, 2024-04-30T07:11:38.034Z, 1592.4341228, 336.93993259999996
1714461098049, 2024-04-30T07:11:38.049Z, 1599.4342265999999, 336.3072802
1714461098078, 2024-04-30T07:11:38.078Z, 1603.3719794, 329.38408940000005
1714461098092, 2024-04-30T07:11:38.092Z, 1608.4701152000002, 314.8980844
1714461098107, 2024-04-30T07:11:38.107Z, 1605.6094782, 297.6325554
1714461098122, 2024-04-30T07:11:38.122Z, 1604.7196884, 282.3209374
1714461098137, 2024-04-30T07:11:38.137Z, 1604.786801, 278.9068402
1714461098167, 2024-04-30T07:11:38.167Z, 1613.8329896, 290.0183924
1714461098182, 2024-04-30T07:11:38.182Z, 1618.5898054, 303.0735746
1714461098228, 2024-04-30T07:11:38.228Z, 1633.773644, 305.40916159999995
1714461098257, 2024-04-30T07:11:38.257Z, 1646.8170724, 302.35122119999994
1714461098272, 2024-04-30T07:11:38.272Z, 1657.3947249999997, 296.5902954
1714461098302, 2024-04-30T07:11:38.302Z, 1656.134401, 300.2711618
1714461098317, 2024-04-30T07:11:38.317Z, 1657.3785056000002, 298.02482760000004
1714461098347, 2024-04-30T07:11:38.347Z, 1646.961374, 305.3683814
1714461098395, 2024-04-30T07:11:38.395Z, 1628.1579874000001, 319.0722144
1714461098410, 2024-04-30T07:11:38.410Z, 1612.3167168, 326.01572680000004
1714461098440, 2024-04-30T07:11:38.440Z, 1607.3731705999999, 322.432763
1714461098455, 2024-04-30T07:11:38.455Z, 1603.4911986000002, 326.58399160000005
1714461098485, 2024-04-30T07:11:38.485Z, 1603.5388366, 327.668462
1714461098500, 2024-04-30T07:11:38.500Z, 1612.4760372, 325.5051396
1714461098546, 2024-04-30T07:11:38.546Z, 1621.5130218, 322.36035660000005
1714461098562, 2024-04-30T07:11:38.562Z, 1619.2584508, 307.477102
1714461098578, 2024-04-30T07:11:38.578Z, 1617.2249662000002, 294.2142272
1714461098593, 2024-04-30T07:11:38.593Z, 1610.9667157999997, 284.8708336
1714461098609, 2024-04-30T07:11:38.609Z, 1598.8265041999998, 280.86976760000005
1714461098625, 2024-04-30T07:11:38.625Z, 1587.91376, 283.5818598
1714461098640, 2024-04-30T07:11:38.640Z, 1584.2341258, 299.03279560000004
1714461098679, 2024-04-30T07:11:38.679Z, 1588.0946867999999, 341.29133140000005
1714461098717, 2024-04-30T07:11:38.717Z, 1588.4123055999999, 391.4118436
1714461098748, 2024-04-30T07:11:38.748Z, 1542.5591348, 415.90169320000007
1714461098763, 2024-04-30T07:11:38.763Z, 1481.019761, 446.55390520000003
1714461098777, 2024-04-30T07:11:38.777Z, 1414.1676599999998, 473.1672602
1714461098808, 2024-04-30T07:11:38.808Z, 1330.858727, 468.90828760000005
1714461098828, 2024-04-30T07:11:38.828Z, 1243.6684282, 458.07503080000004
1714461098842, 2024-04-30T07:11:38.842Z, 1208.5933151999998, 467.66359600000004
1714461098861, 2024-04-30T07:11:38.861Z, 1187.0670138, 463.37753999999995
1714461098872, 2024-04-30T07:11:38.872Z, 1168.7645214, 461.11215860000004
1714461098887, 2024-04-30T07:11:38.887Z, 1153.8601362, 457.47444240000004
1714461098902, 2024-04-30T07:11:38.902Z, 1147.9107401999997, 452.46421339999995
1714461098932, 2024-04-30T07:11:38.932Z, 1143.8656561999999, 449.3508014
1714461098947, 2024-04-30T07:11:38.947Z, 1141.7007933999998, 447.29650200000003
1714461098982, 2024-04-30T07:11:38.982Z, 1138.6959286, 447.509086
1714461098995, 2024-04-30T07:11:38.995Z, 1140.9055034, 452.0210414
1714461099027, 2024-04-30T07:11:39.027Z, 1145.0498069999999, 453.1042504
1714461099042, 2024-04-30T07:11:39.042Z, 1150.2740096000002, 446.3055262
1714461099057, 2024-04-30T07:11:39.057Z, 1152.9965352, 439.63144840000007
1714461099073, 2024-04-30T07:11:39.073Z, 1158.0145618, 432.06204740000004
1714461099088, 2024-04-30T07:11:39.088Z, 1162.1525878, 424.04773099999994
1714461099104, 2024-04-30T07:11:39.104Z, 1164.0399068000002, 417.1731638
1714461099131, 2024-04-30T07:11:39.131Z, 1165.280373, 419.197879
1714461099161, 2024-04-30T07:11:39.161Z, 1175.202202, 425.8457906
1714461099175, 2024-04-30T07:11:39.175Z, 1176.5354579999998, 418.86713839999993
1714461099205, 2024-04-30T07:11:39.205Z, 1185.3378002000002, 420.7328112
1714461099221, 2024-04-30T07:11:39.221Z, 1191.9469718, 422.53650000000005
1714461099235, 2024-04-30T07:11:39.235Z, 1198.5563494, 421.6985624
1714461099250, 2024-04-30T07:11:39.250Z, 1198.6819864000001, 415.96810939999995
1714461099295, 2024-04-30T07:11:39.295Z, 1205.7534454000001, 416.37670259999993
1714461099310, 2024-04-30T07:11:39.310Z, 1206.2660038, 402.5875992
1714461099340, 2024-04-30T07:11:39.340Z, 1209.4833624, 395.78278579999994
1714461099354, 2024-04-30T07:11:39.354Z, 1211.9384176, 392.2126013999999
1714461099385, 2024-04-30T07:11:39.385Z, 1211.1502851999999, 388.0548088
1714461099401, 2024-04-30T07:11:39.401Z, 1214.4905016, 395.76462499999997
1714461099432, 2024-04-30T07:11:39.432Z, 1216.0764324, 419.44897520000006
1714461099448, 2024-04-30T07:11:39.448Z, 1215.853612, 442.32324100000005
1714461099464, 2024-04-30T07:11:39.464Z, 1212.8866396, 461.5967318
1714461099479, 2024-04-30T07:11:39.479Z, 1204.2137632, 483.5568566
1714461099495, 2024-04-30T07:11:39.495Z, 1201.6300523999998, 493.67689659999996
1714461099525, 2024-04-30T07:11:39.525Z, 1209.8038182, 489.68992959999997
1714461099541, 2024-04-30T07:11:39.541Z, 1230.3605361999998, 475.3427646
1714461099581, 2024-04-30T07:11:39.581Z, 1264.1513148000001, 459.97664100000003
1714461099595, 2024-04-30T07:11:39.595Z, 1304.1754188, 442.79099019999995
1714461099610, 2024-04-30T07:11:39.610Z, 1324.690718, 438.82313400000004
1714461099625, 2024-04-30T07:11:39.625Z, 1332.0778934, 434.7616398
1714461099640, 2024-04-30T07:11:39.640Z, 1326.5543876, 434.8316682000001
1714461099657, 2024-04-30T07:11:39.657Z, 1305.0014572, 435.67703199999994
1714461099668, 2024-04-30T07:11:39.668Z, 1278.4691939999998, 437.79567740000005
1714461099699, 2024-04-30T07:11:39.699Z, 1259.9087218, 433.4401186
1714461099759, 2024-04-30T07:11:39.759Z, 1229.886323, 432.79289960000006
1714461099774, 2024-04-30T07:11:39.774Z, 1200.3972062, 434.1719228
1714461099790, 2024-04-30T07:11:39.790Z, 1175.7161382, 435.3724421999999
1714461099806, 2024-04-30T07:11:39.806Z, 1158.600429, 430.3016802
1714461099821, 2024-04-30T07:11:39.821Z, 1143.4371424, 425.36562080000004
1714461099837, 2024-04-30T07:11:39.837Z, 1138.72118, 424.317393
1714461099852, 2024-04-30T07:11:39.852Z, 1136.6376736, 424.19358839999995
1714461099878, 2024-04-30T07:11:39.878Z, 1133.6408127999998, 423.555796
1714461099892, 2024-04-30T07:11:39.892Z, 1129.7831734, 426.0725292
1714461099907, 2024-04-30T07:11:39.907Z, 1130.5260658000002, 430.08376540000006
1714461099922, 2024-04-30T07:11:39.922Z, 1134.308475, 427.85673800000006
1714461099937, 2024-04-30T07:11:39.937Z, 1134.9075598, 423.68763939999997
1714461099952, 2024-04-30T07:11:39.952Z, 1133.906873, 420.1821486
1714461099967, 2024-04-30T07:11:39.967Z, 1133.9624608, 421.2106624
1714461099982, 2024-04-30T07:11:39.982Z, 1131.163334, 420.5721516
1714461099997, 2024-04-30T07:11:39.997Z, 1132.5574526, 421.2037257999999
1714461100028, 2024-04-30T07:11:40.028Z, 1136.3212334000002, 420.82013919999997
1714461100042, 2024-04-30T07:11:40.042Z, 1143.5136198, 427.0584588
1714461100061, 2024-04-30T07:11:40.061Z, 1149.0294608, 429.93400919999993
1714461100076, 2024-04-30T07:11:40.076Z, 1152.4059359999999, 430.12329
1714461100101, 2024-04-30T07:11:40.101Z, 1152.6060567999998, 429.27923039999996
1714461100116, 2024-04-30T07:11:40.116Z, 1150.6820702, 427.3006732
1714461100332, 2024-04-30T07:11:40.332Z, 1143.5276458, 439.9560294000001
1714461100351, 2024-04-30T07:11:40.351Z, 1138.7302926, 450.3424742
1714461100366, 2024-04-30T07:11:40.366Z, 1135.8172020000002, 461.08673220000003
1714461100382, 2024-04-30T07:11:40.382Z, 1135.449755, 471.7694354
1714461100398, 2024-04-30T07:11:40.398Z, 1136.3093293999998, 485.63929039999994
1714461100414, 2024-04-30T07:11:40.414Z, 1142.8063006, 478.42878959999996
1714461100430, 2024-04-30T07:11:40.430Z, 1144.5323916, 475.83442679999996
1714461100446, 2024-04-30T07:11:40.446Z, 1145.5011075999998, 478.7149498
1714461100461, 2024-04-30T07:11:40.461Z, 1144.6542762000001, 483.9293614
1714461100483, 2024-04-30T07:11:40.483Z, 1141.4744128, 490.36405219999995
1714461100494, 2024-04-30T07:11:40.494Z, 1135.5478228, 498.1451846
1714461100508, 2024-04-30T07:11:40.508Z, 1131.5321586, 504.8395748000001
1714461100524, 2024-04-30T07:11:40.524Z, 1128.170337, 509.026076
1714461100540, 2024-04-30T07:11:40.540Z, 1124.719945, 511.8197418
1714461100556, 2024-04-30T07:11:40.556Z, 1123.8728812, 512.0001977999999
1714461100572, 2024-04-30T07:11:40.572Z, 1123.6199732, 511.7477204
1714461100588, 2024-04-30T07:11:40.588Z, 1124.7945916, 513.2821022
1714461100603, 2024-04-30T07:11:40.603Z, 1125.7064554, 516.7846168
1714461100630, 2024-04-30T07:11:40.630Z, 1120.2406305999998, 520.1047429999999
1714461100644, 2024-04-30T07:11:40.644Z, 1114.0978284, 524.4586443999999
1714461100659, 2024-04-30T07:11:40.659Z, 1108.7281363999998, 529.0965622
1714461100674, 2024-04-30T07:11:40.674Z, 1104.856426, 533.2419968
1714461100692, 2024-04-30T07:11:40.692Z, 1107.1981978, 540.9489002
1714461100712, 2024-04-30T07:11:40.712Z, 1116.1484705999999, 552.0251796
1714461100727, 2024-04-30T07:11:40.727Z, 1122.2130688000002, 575.4969732
1714461100743, 2024-04-30T07:11:40.743Z, 1128.3283840000001, 597.5402373999999
1714461100758, 2024-04-30T07:11:40.758Z, 1132.6703442000003, 617.4507255999999
1714461100780, 2024-04-30T07:11:40.780Z, 1134.0624212000002, 632.4465662
1714461100793, 2024-04-30T07:11:40.793Z, 1135.407845, 648.0820586
1714461100809, 2024-04-30T07:11:40.809Z, 1139.5140827999999, 650.0698296
1714461100827, 2024-04-30T07:11:40.827Z, 1140.3823396, 652.9692050000001
1714461100838, 2024-04-30T07:11:40.838Z, 1141.2936548, 655.509127
1714461100854, 2024-04-30T07:11:40.854Z, 1136.4518868, 658.0277038
1714461100869, 2024-04-30T07:11:40.869Z, 1131.5558382, 656.5454418
1714461100886, 2024-04-30T07:11:40.886Z, 1123.44064, 656.3493016
1714461100901, 2024-04-30T07:11:40.901Z, 1115.904434, 655.025114
1714461100943, 2024-04-30T07:11:40.943Z, 1109.4973834, 655.2011856
1714461100958, 2024-04-30T07:11:40.958Z, 1110.8186674, 657.314755
1714461100973, 2024-04-30T07:11:40.973Z, 1115.2463838, 661.9160678
1714461100988, 2024-04-30T07:11:40.988Z, 1124.5032142, 666.1780173999999
1714461101018, 2024-04-30T07:11:41.018Z, 1136.6743424000001, 663.7504606
1714461101033, 2024-04-30T07:11:41.033Z, 1147.7973424, 654.212503
1714461101080, 2024-04-30T07:11:41.080Z, 1152.5838657999998, 624.6849314
1714461101093, 2024-04-30T07:11:41.093Z, 1152.2967616, 580.6752548000001
1714461101108, 2024-04-30T07:11:41.108Z, 1148.1195059999998, 527.7475649999999
1714461101123, 2024-04-30T07:11:41.123Z, 1142.7956837999998, 481.0315312000001
1714461101139, 2024-04-30T07:11:41.139Z, 1137.212681, 442.9754606
1714461101153, 2024-04-30T07:11:41.153Z, 1132.2742486000002, 423.6251582000001
1714461101168, 2024-04-30T07:11:41.168Z, 1126.9692034000002, 420.8529466
1714461101187, 2024-04-30T07:11:41.187Z, 1119.9853152, 436.8476102000001
1714461101198, 2024-04-30T07:11:41.198Z, 1114.5685025999999, 450.85835800000007
1714461101230, 2024-04-30T07:11:41.230Z, 1106.7939126, 463.23348559999994
1714461101244, 2024-04-30T07:11:41.244Z, 1098.0353936, 477.7700956
1714461101261, 2024-04-30T07:11:41.261Z, 1089.9281658, 486.830675
1714461101275, 2024-04-30T07:11:41.275Z, 1086.7078202, 487.695351
1714461101291, 2024-04-30T07:11:41.291Z, 1083.9180884, 496.3546708
1714461101306, 2024-04-30T07:11:41.306Z, 1087.833369, 511.3728484
1714461101321, 2024-04-30T07:11:41.321Z, 1090.9863228, 518.7593124
1714461101337, 2024-04-30T07:11:41.337Z, 1093.6403112, 524.5385946
1714461101352, 2024-04-30T07:11:41.352Z, 1096.4742756, 529.1411701999999
1714461101379, 2024-04-30T07:11:41.379Z, 1098.6380384, 530.0045258
1714461101394, 2024-04-30T07:11:41.394Z, 1095.8079116000001, 522.8153348
1714461101412, 2024-04-30T07:11:41.412Z, 1095.0538732, 518.4874834
1714461101430, 2024-04-30T07:11:41.430Z, 1096.080504, 513.9951836
1714461101446, 2024-04-30T07:11:41.446Z, 1096.0290674, 499.8904976
1714461101462, 2024-04-30T07:11:41.462Z, 1094.954411, 486.53847340000004
1714461101477, 2024-04-30T07:11:41.477Z, 1095.0741538, 476.15869899999996
1714461101493, 2024-04-30T07:11:41.493Z, 1095.5072738000001, 467.48028379999994
1714461101509, 2024-04-30T07:11:41.509Z, 1096.4908868, 463.29000940000003
1714461101532, 2024-04-30T07:11:41.532Z, 1098.9214286000001, 469.21739479999997
1714461101556, 2024-04-30T07:11:41.556Z, 1103.3063686, 474.1702712
1714461101572, 2024-04-30T07:11:41.572Z, 1108.0229662, 477.1519898
1714461101589, 2024-04-30T07:11:41.589Z, 1113.4059774000002, 479.5364108
1714461101604, 2024-04-30T07:11:41.604Z, 1116.8971982, 482.5717434
1714461101620, 2024-04-30T07:11:41.620Z, 1118.8030712, 485.23637499999995
1714461101637, 2024-04-30T07:11:41.637Z, 1116.7157650000001, 490.511863
1714461101651, 2024-04-30T07:11:41.651Z, 1124.665643, 498.55501539999995
1714461101683, 2024-04-30T07:11:41.683Z, 1132.4162932000002, 507.26149580000003
1714461101699, 2024-04-30T07:11:41.699Z, 1148.5004892000002, 515.0824829999999
1714461101713, 2024-04-30T07:11:41.713Z, 1176.4726626, 518.4283475999999
1714461101729, 2024-04-30T07:11:41.729Z, 1206.9370798, 518.1265864
1714461101744, 2024-04-30T07:11:41.744Z, 1226.1437753999999, 515.0507954
1714461101759, 2024-04-30T07:11:41.759Z, 1242.2106252, 508.8948534
1714461101775, 2024-04-30T07:11:41.775Z, 1250.6042914, 501.9857
1714461101790, 2024-04-30T07:11:41.790Z, 1249.091858, 500.0673764
1714461101806, 2024-04-30T07:11:41.806Z, 1245.2758312, 494.030713
1714461101830, 2024-04-30T07:11:41.830Z, 1239.1431458000002, 486.33969240000005
1714461101844, 2024-04-30T07:11:41.844Z, 1230.1610316000001, 483.34804599999995
1714461101859, 2024-04-30T07:11:41.859Z, 1223.1069718, 481.07425839999996
1714461101876, 2024-04-30T07:11:41.876Z, 1215.9295104, 479.34172440000003
1714461101889, 2024-04-30T07:11:41.889Z, 1208.3102694000002, 481.3731602
1714461101907, 2024-04-30T07:11:41.907Z, 1201.7380676, 478.50232400000004
1714461101918, 2024-04-30T07:11:41.918Z, 1200.404676, 474.64336199999997
1714461101937, 2024-04-30T07:11:41.937Z, 1198.8396366, 469.2782622
1714461101949, 2024-04-30T07:11:41.949Z, 1203.2697334, 465.365457
1714461101994, 2024-04-30T07:11:41.994Z, 1209.6494926, 463.89787319999994
1714461102009, 2024-04-30T07:11:42.009Z, 1218.6666928, 469.68045
1714461102025, 2024-04-30T07:11:42.025Z, 1226.7022146000002, 474.65846220000003
1714461102041, 2024-04-30T07:11:42.041Z, 1235.6801736000002, 478.49945360000004
1714461102057, 2024-04-30T07:11:42.057Z, 1237.7944382, 479.4306353999999
1714461102072, 2024-04-30T07:11:42.072Z, 1241.2211422000003, 479.68372420000003
1714461102087, 2024-04-30T07:11:42.087Z, 1244.28234, 479.0724724
1714461102103, 2024-04-30T07:11:42.103Z, 1252.2175499999998, 472.1412002
1714461102130, 2024-04-30T07:11:42.130Z, 1253.5619014, 472.9077956
1714461102149, 2024-04-30T07:11:42.149Z, 1254.3057344, 474.2367228
1714461102164, 2024-04-30T07:11:42.164Z, 1251.6227427999997, 473.756154
1714461102180, 2024-04-30T07:11:42.180Z, 1248.6572728, 471.27064340000004
1714461102195, 2024-04-30T07:11:42.195Z, 1237.9562462, 476.7032014
1714461102211, 2024-04-30T07:11:42.211Z, 1231.4045492, 476.667092
1714461102226, 2024-04-30T07:11:42.226Z, 1224.9028634000001, 477.55523759999994
1714461102241, 2024-04-30T07:11:42.241Z, 1220.8564468, 479.4446738
1714461102256, 2024-04-30T07:11:42.256Z, 1215.1891832, 481.7694174
1714461102279, 2024-04-30T07:11:42.279Z, 1211.2512648, 483.4324332
1714461102294, 2024-04-30T07:11:42.294Z, 1200.5732642, 485.2985731999999
1714461102312, 2024-04-30T07:11:42.312Z, 1189.5000212, 484.65138099999996
1714461102323, 2024-04-30T07:11:42.323Z, 1176.1336184, 484.4615682
1714461102339, 2024-04-30T07:11:42.339Z, 1159.6422098, 487.2907086
1714461102354, 2024-04-30T07:11:42.354Z, 1141.3590706, 491.108691
1714461102368, 2024-04-30T07:11:42.368Z, 1129.8698028000003, 495.8258656
1714461102384, 2024-04-30T07:11:42.384Z, 1118.6781310000001, 500.786334
1714461102399, 2024-04-30T07:11:42.399Z, 1109.7540834, 505.44307360000005
1714461102429, 2024-04-30T07:11:42.429Z, 1104.1156264, 508.3711104
1714461102444, 2024-04-30T07:11:42.444Z, 1102.699796, 509.3812368
1714461102460, 2024-04-30T07:11:42.460Z, 1103.0410472, 507.24573499999997
1714461102476, 2024-04-30T07:11:42.476Z, 1103.1794922000001, 504.8312822
1714461102491, 2024-04-30T07:11:42.491Z, 1102.1351198, 503.05183900000003
1714461102509, 2024-04-30T07:11:42.509Z, 1099.9285552000001, 501.9460666
1714461102522, 2024-04-30T07:11:42.522Z, 1098.2495008, 499.86580699999996
1714461102538, 2024-04-30T07:11:42.538Z, 1095.7787144000001, 498.07194680000003
1714461102555, 2024-04-30T07:11:42.555Z, 1094.7551846000001, 496.39091260000004
1714461102580, 2024-04-30T07:11:42.580Z, 1093.9824006000001, 496.13627240000005
1714461102593, 2024-04-30T07:11:42.593Z, 1094.4963851999998, 495.9418148
1714461102609, 2024-04-30T07:11:42.609Z, 1094.2911462, 496.12243420000004
1714461102623, 2024-04-30T07:11:42.623Z, 1093.6450843999999, 498.6399268
1714461102638, 2024-04-30T07:11:42.638Z, 1092.106366, 501.5779102
1714461102667, 2024-04-30T07:11:42.667Z, 1090.6399774, 503.9508763999999
1714461102682, 2024-04-30T07:11:42.682Z, 1089.8643138, 505.2698242
1714461102697, 2024-04-30T07:11:42.697Z, 1088.1311911999999, 504.89862439999996
1714461102732, 2024-04-30T07:11:42.732Z, 1085.8171944, 506.54135260000004
1714461102758, 2024-04-30T07:11:42.758Z, 1084.916697, 511.9032660000001
1714461102773, 2024-04-30T07:11:42.773Z, 1099.8005402, 531.3605676
1714461102788, 2024-04-30T07:11:42.788Z, 1115.5838105999999, 553.0432398
1714461102804, 2024-04-30T07:11:42.804Z, 1131.9582804, 580.1470592000001
1714461102820, 2024-04-30T07:11:42.820Z, 1149.8337416, 605.9967752
1714461102836, 2024-04-30T07:11:42.836Z, 1165.7550004, 629.7936508
1714461102852, 2024-04-30T07:11:42.852Z, 1165.622174, 637.844741
1714461102868, 2024-04-30T07:11:42.868Z, 1164.9825938000001, 644.5768158
1714461102884, 2024-04-30T07:11:42.884Z, 1162.1655538, 647.174654
1714461102899, 2024-04-30T07:11:42.899Z, 1158.326935, 648.7900895999999
1714461102915, 2024-04-30T07:11:42.915Z, 1155.0374806, 650.5254080000001
1714461102931, 2024-04-30T07:11:42.931Z, 1150.1586978, 654.6061078
1714461102947, 2024-04-30T07:11:42.947Z, 1140.0265716, 660.9103558
1714461102962, 2024-04-30T07:11:42.962Z, 1131.559445, 668.2563346
1714461102977, 2024-04-30T07:11:42.977Z, 1122.5689382, 674.9447892000001
1714461102993, 2024-04-30T07:11:42.993Z, 1113.1010484, 679.5191144
1714461103008, 2024-04-30T07:11:43.008Z, 1105.9608563999998, 681.3871648
1714461103031, 2024-04-30T07:11:43.031Z, 1104.5586059999998, 680.7909339999999
1714461103054, 2024-04-30T07:11:43.054Z, 1105.6431172, 679.4661328
1714461103070, 2024-04-30T07:11:43.070Z, 1108.8594126, 676.6922846
1714461103086, 2024-04-30T07:11:43.086Z, 1111.9627698, 674.782907
1714461103102, 2024-04-30T07:11:43.102Z, 1114.3514711999999, 672.2235324
1714461103118, 2024-04-30T07:11:43.118Z, 1114.7779578, 664.6581572
1714461103134, 2024-04-30T07:11:43.134Z, 1114.718734, 661.9125829999999
1714461103150, 2024-04-30T07:11:43.150Z, 1111.876222, 662.0270830000001
1714461103180, 2024-04-30T07:11:43.180Z, 1114.8290166000002, 665.9614094
1714461103197, 2024-04-30T07:11:43.197Z, 1118.8594424, 670.8508362
1714461103213, 2024-04-30T07:11:43.213Z, 1124.1495768, 680.564712
1714461103229, 2024-04-30T07:11:43.229Z, 1126.6677166000002, 686.1871814
1714461103245, 2024-04-30T07:11:43.245Z, 1130.8107095999999, 688.8989252
1714461103261, 2024-04-30T07:11:43.261Z, 1124.7211646, 684.6626667999999
1714461103276, 2024-04-30T07:11:43.276Z, 1116.6258768, 677.6113054
1714461103292, 2024-04-30T07:11:43.292Z, 1110.1188808, 666.0587963999999
1714461103308, 2024-04-30T07:11:43.308Z, 1106.6317833999997, 661.509266
1714461103331, 2024-04-30T07:11:43.331Z, 1103.7430650000001, 653.4987212
1714461103347, 2024-04-30T07:11:43.347Z, 1104.1622348, 659.496461
1714461103361, 2024-04-30T07:11:43.361Z, 1106.5266876, 670.8437655999999
1714461103377, 2024-04-30T07:11:43.377Z, 1104.9741174, 688.3161358
1714461103392, 2024-04-30T07:11:43.392Z, 1099.852975, 697.9950656
1714461103403, 2024-04-30T07:11:43.403Z, 1093.6683642000003, 711.6812275999999
1714461103418, 2024-04-30T07:11:43.418Z, 1089.3028448, 716.0341938
1714461103434, 2024-04-30T07:11:43.434Z, 1084.9721484000002, 717.8876578
1714461103450, 2024-04-30T07:11:43.450Z, 1082.9519962, 718.280942
1714461103480, 2024-04-30T07:11:43.480Z, 1089.261781, 718.394144
1714461103494, 2024-04-30T07:11:43.494Z, 1097.3395116000002, 720.7513845999999
1714461103509, 2024-04-30T07:11:43.509Z, 1104.2508598, 721.3928866
1714461103523, 2024-04-30T07:11:43.523Z, 1108.7445936000001, 714.3129741999999
1714461103553, 2024-04-30T07:11:43.553Z, 1114.9360048, 712.2794799999999
1714461103568, 2024-04-30T07:11:43.568Z, 1116.5460824, 712.167155
1714461103587, 2024-04-30T07:11:43.587Z, 1118.9558962, 709.3963964000001
1714461103598, 2024-04-30T07:11:43.598Z, 1124.4974884, 704.807822
1714461103629, 2024-04-30T07:11:43.629Z, 1133.2911402000002, 708.8369995999999
1714461103642, 2024-04-30T07:11:43.642Z, 1139.4138378, 709.0843626
1714461103658, 2024-04-30T07:11:43.658Z, 1143.4420544, 709.7132598000001
1714461103676, 2024-04-30T07:11:43.676Z, 1146.9983814, 709.89738
1714461103689, 2024-04-30T07:11:43.689Z, 1146.920129, 710.0405374
1714461103703, 2024-04-30T07:11:43.703Z, 1145.3670302, 709.4206045999999
1714461103721, 2024-04-30T07:11:43.721Z, 1143.9647280000002, 707.9883305999999
1714461103733, 2024-04-30T07:11:43.733Z, 1145.3273576, 704.5174289999999
1714461103748, 2024-04-30T07:11:43.748Z, 1148.0559662, 710.4551014
1714461103779, 2024-04-30T07:11:43.779Z, 1149.5341368000002, 717.9492208
1714461103793, 2024-04-30T07:11:43.793Z, 1149.680135, 725.1966422
1714461103809, 2024-04-30T07:11:43.809Z, 1147.8774004, 730.67621
1714461103825, 2024-04-30T07:11:43.825Z, 1144.3481418000001, 736.672828
1714461103841, 2024-04-30T07:11:43.841Z, 1136.6212950000001, 733.700174
1714461103856, 2024-04-30T07:11:43.856Z, 1130.8361438, 730.9553302
1714461103871, 2024-04-30T07:11:43.871Z, 1125.9244776, 728.7991644000001
1714461103887, 2024-04-30T07:11:43.887Z, 1124.080629, 728.0472950000001
1714461103902, 2024-04-30T07:11:43.902Z, 1122.2199882, 727.7110426
1714461103933, 2024-04-30T07:11:43.933Z, 1122.1917193999998, 728.5896278
1714461103948, 2024-04-30T07:11:43.948Z, 1124.0057000000002, 730.2224389999999
1714461103964, 2024-04-30T07:11:43.964Z, 1126.4324824, 732.0089896
1714461103979, 2024-04-30T07:11:43.979Z, 1130.2552764, 734.3001184
1714461103994, 2024-04-30T07:11:43.994Z, 1132.5969372000002, 736.4093928
1714461104009, 2024-04-30T07:11:44.009Z, 1128.5932824, 738.5353692
1714461104025, 2024-04-30T07:11:44.025Z, 1121.2289455999999, 733.2598468
1714461104040, 2024-04-30T07:11:44.040Z, 1117.2986732, 724.6509066
1714461104055, 2024-04-30T07:11:44.055Z, 1113.2079404, 716.9927170000001
1714461104079, 2024-04-30T07:11:44.079Z, 1111.9087041999999, 708.9222550000001
1714461104096, 2024-04-30T07:11:44.096Z, 1117.2069993999999, 706.4427099999999
1714461104112, 2024-04-30T07:11:44.112Z, 1129.623287, 712.258732
1714461104123, 2024-04-30T07:11:44.123Z, 1138.2550568, 719.2647175999999
1714461104138, 2024-04-30T07:11:44.138Z, 1146.5724344, 724.2121096
1714461104153, 2024-04-30T07:11:44.153Z, 1151.4898417999998, 729.288169
1714461104171, 2024-04-30T07:11:44.171Z, 1155.0218364, 729.0759946000001
1714461104196, 2024-04-30T07:11:44.196Z, 1150.8007699999998, 725.4703327999999
1714461104209, 2024-04-30T07:11:44.209Z, 1146.0461031999998, 722.0331536000001
1714461104233, 2024-04-30T07:11:44.233Z, 1138.3855568, 721.1250414
1714461104244, 2024-04-30T07:11:44.244Z, 1132.6099872, 721.9163798
1714461104258, 2024-04-30T07:11:44.258Z, 1127.1846564000002, 722.414786
1714461104274, 2024-04-30T07:11:44.274Z, 1123.940993, 724.3850188
1714461104288, 2024-04-30T07:11:44.288Z, 1121.054057, 724.7612864
1714461104304, 2024-04-30T07:11:44.304Z, 1118.8005322000001, 722.8874421999999
1714461104320, 2024-04-30T07:11:44.320Z, 1114.6617796, 719.3645474
1714461104336, 2024-04-30T07:11:44.336Z, 1111.6415338000002, 716.4808567999999
1714461104351, 2024-04-30T07:11:44.351Z, 1110.2427533999999, 714.9298735999998
1714461104379, 2024-04-30T07:11:44.379Z, 1112.2594433999998, 717.8805682
1714461104392, 2024-04-30T07:11:44.392Z, 1116.6321745999999, 720.2887294
1714461104408, 2024-04-30T07:11:44.408Z, 1122.752831, 723.1143542000002
1714461104423, 2024-04-30T07:11:44.423Z, 1127.1189244, 724.1311156000002
1714461104438, 2024-04-30T07:11:44.438Z, 1130.3548712, 723.527793
1714461104454, 2024-04-30T07:11:44.454Z, 1127.7344607999999, 725.4902846
1714461104468, 2024-04-30T07:11:44.468Z, 1124.4166330000003, 727.2799236000001
1714461104486, 2024-04-30T07:11:44.486Z, 1120.8694074, 729.0104016
1714461104498, 2024-04-30T07:11:44.498Z, 1117.6556522000003, 732.0994352
1714461104529, 2024-04-30T07:11:44.529Z, 1114.5885112, 736.6361122000001
1714461104542, 2024-04-30T07:11:44.542Z, 1114.2156186, 737.6574416
1714461104557, 2024-04-30T07:11:44.557Z, 1111.0674961999998, 739.4631096
1714461104572, 2024-04-30T07:11:44.572Z, 1107.4319482, 741.3425474
1714461104588, 2024-04-30T07:11:44.588Z, 1108.9199014, 748.5136586000001
1714461104603, 2024-04-30T07:11:44.603Z, 1115.1626852000002, 760.5143621999999
1714461104619, 2024-04-30T07:11:44.619Z, 1118.1626620000002, 769.7551476000001
1714461104634, 2024-04-30T07:11:44.634Z, 1122.9738272000002, 776.8782602
1714461104652, 2024-04-30T07:11:44.652Z, 1127.9750906000002, 781.6484928
1714461104683, 2024-04-30T07:11:44.683Z, 1125.8434128000001, 782.0856286000001
1714461104697, 2024-04-30T07:11:44.697Z, 1119.2970004000001, 778.0715672
1714461104713, 2024-04-30T07:11:44.713Z, 1115.7849438, 772.097593
1714461104728, 2024-04-30T07:11:44.728Z, 1112.5875406, 764.5180266
1714461104744, 2024-04-30T07:11:44.744Z, 1110.2413992, 759.5644237999999
1714461104760, 2024-04-30T07:11:44.760Z, 1109.4980258, 750.6588011999999
1714461104775, 2024-04-30T07:11:44.775Z, 1107.9437752, 740.0865040000001
1714461104791, 2024-04-30T07:11:44.791Z, 1108.4252298000001, 732.061269
1714461104806, 2024-04-30T07:11:44.806Z, 1110.558935, 727.4956805999999
1714461104829, 2024-04-30T07:11:44.829Z, 1117.731655, 719.9114556
1714461104842, 2024-04-30T07:11:44.842Z, 1140.2704804, 718.8810148
1714461104857, 2024-04-30T07:11:44.857Z, 1161.1495075999999, 718.1061644
1714461104876, 2024-04-30T07:11:44.876Z, 1190.5055518000001, 720.2288860000001
1714461104887, 2024-04-30T07:11:44.887Z, 1223.4058507999998, 723.6881076000001
1714461104907, 2024-04-30T07:11:44.907Z, 1260.6989952000001, 732.1008294
1714461104917, 2024-04-30T07:11:44.917Z, 1281.7191229999999, 736.2445524
1714461104932, 2024-04-30T07:11:44.932Z, 1304.3515493999998, 740.4747288000001
1714461104948, 2024-04-30T07:11:44.948Z, 1322.7938707999997, 744.8252032
1714461104978, 2024-04-30T07:11:44.978Z, 1340.8279646, 751.292752
1714461104993, 2024-04-30T07:11:44.993Z, 1348.9208184000001, 754.9417082
1714461105009, 2024-04-30T07:11:45.009Z, 1356.3245158000002, 760.0467278000001
1714461105025, 2024-04-30T07:11:45.025Z, 1364.6000688, 763.3569128
1714461105041, 2024-04-30T07:11:45.041Z, 1367.8004006, 764.9977664
1714461105056, 2024-04-30T07:11:45.056Z, 1367.4222664000001, 762.9282964
1714461105071, 2024-04-30T07:11:45.071Z, 1365.9451688000001, 760.2509207999999
1714461105087, 2024-04-30T07:11:45.087Z, 1370.7752308, 753.6191042
1714461105103, 2024-04-30T07:11:45.103Z, 1375.7106873999999, 748.9000732000001
1714461105128, 2024-04-30T07:11:45.128Z, 1385.3160785999999, 740.402113
1714461105142, 2024-04-30T07:11:45.142Z, 1398.0862716, 731.3676333999999
1714461105157, 2024-04-30T07:11:45.157Z, 1412.2443942000002, 723.2804256000001
1714461105172, 2024-04-30T07:11:45.172Z, 1420.0649282000002, 719.9099214
1714461105187, 2024-04-30T07:11:45.187Z, 1432.7354166, 721.8913662
1714461105203, 2024-04-30T07:11:45.203Z, 1443.230469, 728.8436176
1714461105217, 2024-04-30T07:11:45.217Z, 1451.950977, 731.3117033999999
1714461105238, 2024-04-30T07:11:45.238Z, 1460.5123938000002, 734.6708482
1714461105247, 2024-04-30T07:11:45.247Z, 1470.4212426, 737.8521827999999
1714461105278, 2024-04-30T07:11:45.278Z, 1473.7472994, 737.3763698
1714461105298, 2024-04-30T07:11:45.298Z, 1475.8594546, 734.53576
1714461105307, 2024-04-30T07:11:45.307Z, 1477.9723306, 735.9735757999999
1714461105327, 2024-04-30T07:11:45.327Z, 1479.9010492000002, 737.779587
1714461105341, 2024-04-30T07:11:45.341Z, 1483.5639862, 739.5261964
1714461105367, 2024-04-30T07:11:45.367Z, 1488.8903532000002, 738.4766416
1714461105382, 2024-04-30T07:11:45.382Z, 1490.2056258, 737.1957694
1714461105397, 2024-04-30T07:11:45.397Z, 1482.7225822, 735.8908358
1714461105412, 2024-04-30T07:11:45.412Z, 1475.1410746, 736.5059674
1714461105431, 2024-04-30T07:11:45.431Z, 1467.3119036, 732.5385986