1714460829243, 2024-04-30T07:07:09.243Z, 166.447792, 238.467266
1714460829258, 2024-04-30T07:07:09.258Z, 161.27417350000002, 218.60776299999998
1714460829287, 2024-04-30T07:07:09.287Z, 161.95939333333334, 216.15299566666667
1714460829301, 2024-04-30T07:07:09.301Z, 164.17097825000002, 218.153919
1714460829330, 2024-04-30T07:07:09.330Z, 157.58640300000002, 216.6514652
1714460829346, 2024-04-30T07:07:09.346Z, 146.95331000000002, 209.8731992
1714460829376, 2024-04-30T07:07:09.376Z, 139.494121, 213.26938659999996
1714460829391, 2024-04-30T07:07:09.391Z, 133.4958876, 217.4461026
1714460829437, 2024-04-30T07:07:09.437Z, 122.19824039999999, 222.69754819999997
1714460829465, 2024-04-30T07:07:09.465Z, 124.22455439999999, 231.136487
1714460829480, 2024-04-30T07:07:09.480Z, 134.188571, 243.80246200000002
1714460829510, 2024-04-30T07:07:09.510Z, 153.65073539999997, 259.6339334
1714460829528, 2024-04-30T07:07:09.528Z, 170.054616, 268.46709219999997
1714460829555, 2024-04-30T07:07:09.555Z, 189.88492420000003, 270.7342504
1714460829602, 2024-04-30T07:07:09.602Z, 211.88103220000002, 278.492969
1714460829617, 2024-04-30T07:07:09.617Z, 230.3588216, 284.17720099999997
1714460829648, 2024-04-30T07:07:09.648Z, 240.91772540000002, 283.6307842
1714460829663, 2024-04-30T07:07:09.663Z, 253.018365, 286.1506892
1714460829694, 2024-04-30T07:07:09.694Z, 265.0556522, 291.31223220000004
1714460829710, 2024-04-30T07:07:09.710Z, 268.6173984, 288.84452999999996
1714460829737, 2024-04-30T07:07:09.737Z, 268.55081900000005, 285.9092268
1714460829750, 2024-04-30T07:07:09.750Z, 265.2098098, 284.6960484
1714460829781, 2024-04-30T07:07:09.781Z, 259.82384, 285.0692554
1714460829795, 2024-04-30T07:07:09.795Z, 257.217725, 283.8751836
1714460829825, 2024-04-30T07:07:09.825Z, 256.557105, 283.56948140000003
1714460829839, 2024-04-30T07:07:09.839Z, 256.20095840000005, 281.2943106
1714460829886, 2024-04-30T07:07:09.886Z, 252.8432678, 278.3524294
1714460829915, 2024-04-30T07:07:09.915Z, 249.33223600000002, 269.8117252
1714460829929, 2024-04-30T07:07:09.929Z, 247.34996660000002, 259.7347076
1714460829963, 2024-04-30T07:07:09.963Z, 239.70163620000002, 251.0196206
1714460829977, 2024-04-30T07:07:09.977Z, 233.37295720000003, 244.59807740000002
1714460830006, 2024-04-30T07:07:10.006Z, 229.09162980000002, 234.3111436
1714460830063, 2024-04-30T07:07:10.063Z, 227.45519819999998, 232.0814826
1714460830079, 2024-04-30T07:07:10.079Z, 220.59682620000004, 231.7142566
1714460830110, 2024-04-30T07:07:10.110Z, 220.58419220000002, 240.66399719999998
1714460830126, 2024-04-30T07:07:10.126Z, 225.08104240000003, 258.9323622
1714460830158, 2024-04-30T07:07:10.158Z, 229.7066838, 278.1959766
1714460830202, 2024-04-30T07:07:10.202Z, 227.09737919999998, 286.6777374
1714460830232, 2024-04-30T07:07:10.232Z, 225.8210154, 297.4013086
1714460830247, 2024-04-30T07:07:10.247Z, 222.8787502, 307.46730840000004
1714460830277, 2024-04-30T07:07:10.277Z, 219.0633952, 308.36601340000004
1714460830292, 2024-04-30T07:07:10.292Z, 217.97014799999997, 305.86172479999993
1714460830339, 2024-04-30T07:07:10.339Z, 232.8064902, 304.6229418
1714460830367, 2024-04-30T07:07:10.367Z, 247.8959026, 303.1277602
1714460830381, 2024-04-30T07:07:10.381Z, 258.7145928, 296.03197320000004
1714460830412, 2024-04-30T07:07:10.412Z, 264.84005620000005, 297.7284222
1714460830427, 2024-04-30T07:07:10.427Z, 291.00428999999997, 310.6020844
1714460830502, 2024-04-30T07:07:10.502Z, 305.4440614, 321.9853974
1714460830548, 2024-04-30T07:07:10.548Z, 306.7280184, 324.62086800000003
1714460830564, 2024-04-30T07:07:10.564Z, 316.7190964, 321.7795572
1714460830595, 2024-04-30T07:07:10.595Z, 328.1367934, 309.594156
1714460830610, 2024-04-30T07:07:10.610Z, 319.5417582, 291.0567016
1714460830638, 2024-04-30T07:07:10.638Z, 306.68664739999997, 279.9111512
1714460830652, 2024-04-30T07:07:10.652Z, 309.0322794, 276.877602
1714460830682, 2024-04-30T07:07:10.682Z, 296.529213, 278.37555039999995
1714460830697, 2024-04-30T07:07:10.697Z, 283.8183872, 277.3912434
1714460830728, 2024-04-30T07:07:10.728Z, 247.9514472, 276.2577906
1714460830743, 2024-04-30T07:07:10.743Z, 214.80745540000004, 276.24209659999997
1714460830789, 2024-04-30T07:07:10.789Z, 175.98159560000002, 279.57746779999997
1714460830817, 2024-04-30T07:07:10.817Z, 146.264276, 277.88050480000004
1714460830833, 2024-04-30T07:07:10.833Z, 118.453638, 280.50583700000004
1714460830862, 2024-04-30T07:07:10.862Z, 114.98985560000001, 284.2823608
1714460830877, 2024-04-30T07:07:10.877Z, 110.05896520000002, 287.33627939999997
1714460830907, 2024-04-30T07:07:10.907Z, 98.70103839999999, 290.1527636
1714460830952, 2024-04-30T07:07:10.952Z, 87.2128696, 296.331945
1714460830999, 2024-04-30T07:07:10.999Z, 87.49986800000002, 299.12550339999996
1714460831014, 2024-04-30T07:07:11.014Z, 87.6839648, 301.3402926
1714460831045, 2024-04-30T07:07:11.045Z, 84.08656500000001, 323.6441768
1714460831060, 2024-04-30T07:07:11.060Z, 80.2246936, 341.0940244
1714460831086, 2024-04-30T07:07:11.086Z, 76.60555839999999, 361.325358
1714460831100, 2024-04-30T07:07:11.100Z, 65.81876120000001, 388.2161126
1714460831129, 2024-04-30T07:07:11.129Z, 51.9070358, 407.58626560000005
1714460831145, 2024-04-30T07:07:11.145Z, 45.6355932, 407.36704940000004
1714460831174, 2024-04-30T07:07:11.174Z, 52.936708599999996, 413.911038
1714460831189, 2024-04-30T07:07:11.189Z, 58.3897866, 417.37620100000004
1714460831236, 2024-04-30T07:07:11.236Z, 64.1975438, 411.697347
1714460831268, 2024-04-30T07:07:11.268Z, 74.46761599999999, 414.15026079999996
1714460831279, 2024-04-30T07:07:11.279Z, 85.4581024, 415.69268280000006
1714460831309, 2024-04-30T07:07:11.309Z, 94.4033574, 408.16547280000003
1714460831325, 2024-04-30T07:07:11.325Z, 105.937806, 401.8303946
1714460831356, 2024-04-30T07:07:11.356Z, 114.5821512, 398.2451178
1714460831399, 2024-04-30T07:07:11.399Z, 116.6259086, 395.8170738
1714460831414, 2024-04-30T07:07:11.414Z, 119.13116520000001, 391.6662796
1714460831459, 2024-04-30T07:07:11.459Z, 127.580702, 394.90605
1714460831489, 2024-04-30T07:07:11.489Z, 130.1574622, 397.8680976
1714460831504, 2024-04-30T07:07:11.504Z, 129.0493814, 401.8058482
1714460831536, 2024-04-30T07:07:11.536Z, 130.0754414, 406.977336
1714460831549, 2024-04-30T07:07:11.549Z, 135.3025036, 417.53397559999996
1714460831579, 2024-04-30T07:07:11.579Z, 135.95322900000002, 426.961363
1714460831594, 2024-04-30T07:07:11.594Z, 143.457646, 437.23811820000003
1714460831625, 2024-04-30T07:07:11.625Z, 154.6418404, 424.31597320000003
1714460831640, 2024-04-30T07:07:11.640Z, 171.5345866, 414.2816664
1714460831686, 2024-04-30T07:07:11.686Z, 188.58913520000002, 401.45494840000003
1714460831714, 2024-04-30T07:07:11.714Z, 202.84755440000004, 396.3054708
1714460831729, 2024-04-30T07:07:11.729Z, 212.01712199999997, 386.65153300000003
1714460831763, 2024-04-30T07:07:11.763Z, 217.62711800000002, 399.3521516
1714460831777, 2024-04-30T07:07:11.777Z, 220.7506192, 406.12957700000004
1714460831805, 2024-04-30T07:07:11.805Z, 224.673013, 415.3785384000001
1714460831850, 2024-04-30T07:07:11.850Z, 226.8438044, 410.57875260000003
1714460831866, 2024-04-30T07:07:11.866Z, 234.5271292, 408.5292776
1714460831897, 2024-04-30T07:07:11.897Z, 242.83184419999998, 405.16087619999996
1714460831912, 2024-04-30T07:07:11.912Z, 249.50737000000004, 406.46558699999997
1714460831943, 2024-04-30T07:07:11.943Z, 242.68567340000004, 412.4485304
1714460831958, 2024-04-30T07:07:11.958Z, 235.83939959999998, 422.61339179999993
1714460831986, 2024-04-30T07:07:11.986Z, 224.2443748, 433.1904992
1714460831999, 2024-04-30T07:07:11.999Z, 198.0882684, 445.94182520000004
1714460832030, 2024-04-30T07:07:12.030Z, 160.00816299999997, 455.85241759999997
1714460832044, 2024-04-30T07:07:12.044Z, 129.4005574, 459.2788508
1714460832075, 2024-04-30T07:07:12.075Z, 99.62208580000001, 463.82681199999996
1714460832090, 2024-04-30T07:07:12.090Z, 71.651004, 464.3909774
1714460832167, 2024-04-30T07:07:12.167Z, 52.4716514, 457.289732
1714460832179, 2024-04-30T07:07:12.179Z, 44.761435199999994, 448.66653660000003
1714460832209, 2024-04-30T07:07:12.209Z, 35.853729, 437.1763626
1714460832225, 2024-04-30T07:07:12.225Z, 25.638931200000002, 424.88112
1714460832258, 2024-04-30T07:07:12.258Z, 15.304291999999998, 415.1692864
1714460832345, 2024-04-30T07:07:12.345Z, 13.1585074, 414.1134504
1714460832361, 2024-04-30T07:07:12.361Z, 14.373195200000001, 412.92158
1714460832392, 2024-04-30T07:07:12.392Z, 22.1229626, 417.06586659999994
1714460832407, 2024-04-30T07:07:12.407Z, 34.7245046, 422.8645514000001
1714460832450, 2024-04-30T07:07:12.450Z, 50.571415200000004, 424.07496819999994
1714460832479, 2024-04-30T07:07:12.479Z, 67.784909, 411.1492142
1714460832494, 2024-04-30T07:07:12.494Z, 80.43218399999999, 402.0713468
1714460832524, 2024-04-30T07:07:12.524Z, 94.1642156, 389.6972088
1714460832539, 2024-04-30T07:07:12.539Z, 118.16288019999999, 356.67304440000004
1714460832585, 2024-04-30T07:07:12.585Z, 140.2840042, 330.53023460000003
1714460832615, 2024-04-30T07:07:12.615Z, 167.6796334, 327.2854644
1714460832630, 2024-04-30T07:07:12.630Z, 187.017021, 315.2680128
1714460832659, 2024-04-30T07:07:12.659Z, 197.0032662, 315.5475442
1714460832674, 2024-04-30T07:07:12.674Z, 193.0040482, 337.57617600000003
1714460832704, 2024-04-30T07:07:12.704Z, 187.37237679999998, 366.5371716
1714460832764, 2024-04-30T07:07:12.764Z, 171.76869040000003, 386.04012959999994
1714460832796, 2024-04-30T07:07:12.796Z, 165.1607066, 411.4673778
1714460832812, 2024-04-30T07:07:12.812Z, 172.65039600000003, 415.24667
1714460832843, 2024-04-30T07:07:12.843Z, 184.3264172, 416.986506
1714460832859, 2024-04-30T07:07:12.859Z, 199.5546022, 410.2990014
1714460832885, 2024-04-30T07:07:12.885Z, 214.9068216, 406.9084306000001
1714460832899, 2024-04-30T07:07:12.899Z, 227.90100739999997, 400.0439982
1714460832929, 2024-04-30T07:07:12.929Z, 230.56717220000002, 410.84476320000005
1714460832944, 2024-04-30T07:07:12.944Z, 226.61403140000002, 412.7350478
1714460832974, 2024-04-30T07:07:12.974Z, 221.94736460000004, 410.3026122
1714460832989, 2024-04-30T07:07:12.989Z, 221.9182726, 410.04289960000006
1714460833037, 2024-04-30T07:07:13.037Z, 227.61931140000002, 415.07037
1714460833079, 2024-04-30T07:07:13.079Z, 232.41668180000002, 413.4452886
1714460833110, 2024-04-30T07:07:13.110Z, 248.695229, 421.6337374000001
1714460833128, 2024-04-30T07:07:13.128Z, 268.314206, 433.461066
1714460833158, 2024-04-30T07:07:13.158Z, 287.28616120000004, 437.52999140000003
1714460833202, 2024-04-30T07:07:13.202Z, 309.5696686, 436.78693999999996
1714460833217, 2024-04-30T07:07:13.217Z, 331.3245988, 435.42230140000004
1714460833247, 2024-04-30T07:07:13.247Z, 342.3277614, 436.2958642
1714460833292, 2024-04-30T07:07:13.292Z, 349.2856554, 438.628888
1714460833307, 2024-04-30T07:07:13.307Z, 353.62600920000006, 443.2331486
1714460833338, 2024-04-30T07:07:13.338Z, 354.556865, 449.8784588
1714460833354, 2024-04-30T07:07:13.354Z, 363.6379524, 451.070943
1714460833385, 2024-04-30T07:07:13.385Z, 384.904589, 442.47422860000006
1714460833431, 2024-04-30T07:07:13.431Z, 406.77249919999997, 432.03758600000003
1714460833447, 2024-04-30T07:07:13.447Z, 426.9008744000001, 424.7825658
1714460833515, 2024-04-30T07:07:13.515Z, 445.7762666, 420.26382620000004
1714460833532, 2024-04-30T07:07:13.532Z, 464.8385542, 421.8654678
1714460833561, 2024-04-30T07:07:13.561Z, 491.24391219999995, 436.57600599999995
1714460833576, 2024-04-30T07:07:13.576Z, 506.7333097999999, 437.9339424
1714460833606, 2024-04-30T07:07:13.606Z, 521.0467098000001, 434.48103439999994
1714460833651, 2024-04-30T07:07:13.651Z, 530.158919, 428.59832479999994
1714460833668, 2024-04-30T07:07:13.668Z, 536.420421, 416.8176926
1714460833696, 2024-04-30T07:07:13.696Z, 544.4754204, 396.0956472
1714460833742, 2024-04-30T07:07:13.742Z, 563.7737, 388.5685958
1714460833757, 2024-04-30T07:07:13.757Z, 579.6365401999999, 391.54982500000006
1714460833787, 2024-04-30T07:07:13.787Z, 597.7031933999999, 396.55737039999997
1714460833803, 2024-04-30T07:07:13.803Z, 613.7321028, 401.04562599999997
1714460833834, 2024-04-30T07:07:13.834Z, 613.4454386, 403.9786464
1714460833850, 2024-04-30T07:07:13.850Z, 611.1500364, 414.1305682
1714460833881, 2024-04-30T07:07:13.881Z, 613.7703898, 408.6357264
1714460833896, 2024-04-30T07:07:13.896Z, 610.091293, 404.8966348
1714460833939, 2024-04-30T07:07:13.939Z, 611.4785254000001, 394.7989246
1714460833967, 2024-04-30T07:07:13.967Z, 620.7766731999999, 395.02297599999997
1714460833982, 2024-04-30T07:07:13.982Z, 638.7829999999999, 395.79086499999994
1714460834012, 2024-04-30T07:07:14.012Z, 656.1946088, 404.78652780000004
1714460834061, 2024-04-30T07:07:14.061Z, 673.8577786, 408.54290199999997
1714460834102, 2024-04-30T07:07:14.102Z, 686.7500035999999, 430.24665539999995
1714460834147, 2024-04-30T07:07:14.147Z, 686.8075134000001, 451.66180199999997
1714460834178, 2024-04-30T07:07:14.178Z, 672.8947258000001, 466.41778020000004
1714460834197, 2024-04-30T07:07:14.197Z, 640.8948218, 475.30956299999997
1714460834209, 2024-04-30T07:07:14.209Z, 560.5565754, 482.6307204
1714460834256, 2024-04-30T07:07:14.256Z, 460.9783072, 482.565178
1714460834286, 2024-04-30T07:07:14.286Z, 335.2126092, 480.42078439999995
1714460834302, 2024-04-30T07:07:14.302Z, 213.47264800000002, 477.4441302
1714460834333, 2024-04-30T07:07:14.333Z, 107.06729399999999, 477.7099124
1714460834349, 2024-04-30T07:07:14.349Z, 57.459300600000006, 481.929254
1714460834387, 2024-04-30T07:07:14.387Z, 20.244854800000002, 486.38541599999996
1714460834506, 2024-04-30T07:07:14.506Z, 17.2707784, 481.7817016
1714460834555, 2024-04-30T07:07:14.555Z, 25.1612832, 479.7594374
1714460834568, 2024-04-30T07:07:14.568Z, 45.0507996, 481.9326588
1714460834598, 2024-04-30T07:07:14.598Z, 67.9154068, 483.61015260000005
1714460834613, 2024-04-30T07:07:14.613Z, 94.2128732, 485.6246272
1714460834644, 2024-04-30T07:07:14.644Z, 112.23404479999999, 497.731211
1714460834659, 2024-04-30T07:07:14.659Z, 121.28187940000001, 507.6537824
1714460834686, 2024-04-30T07:07:14.686Z, 122.51136860000001, 512.9368814000001
1714460834700, 2024-04-30T07:07:14.700Z, 119.2943026, 515.8384831999999
1714460834730, 2024-04-30T07:07:14.730Z, 116.0122586, 516.7206057999999
1714460834745, 2024-04-30T07:07:14.745Z, 115.68966580000001, 510.5625148000001
1714460834775, 2024-04-30T07:07:14.775Z, 122.3490902, 505.14741480000004
1714460834790, 2024-04-30T07:07:14.790Z, 136.00510119999998, 503.2463283999999
1714460834841, 2024-04-30T07:07:14.841Z, 153.8124366, 505.0326208
1714460834866, 2024-04-30T07:07:14.866Z, 176.664755, 507.20203280000004
1714460834881, 2024-04-30T07:07:14.881Z, 207.1516368, 508.1315742
1714460834914, 2024-04-30T07:07:14.914Z, 230.8247434, 508.6930698
1714460834929, 2024-04-30T07:07:14.929Z, 243.962699, 505.3739028
1714460834959, 2024-04-30T07:07:14.959Z, 252.24120300000004, 498.2432436
1714460835004, 2024-04-30T07:07:15.004Z, 243.54759679999998, 491.18726699999996
1714460835016, 2024-04-30T07:07:15.016Z, 229.96988660000002, 487.56392100000005
1714460835045, 2024-04-30T07:07:15.045Z, 217.14344339999997, 485.9803586
1714460835061, 2024-04-30T07:07:15.061Z, 208.91130379999998, 490.0010687999999
1714460835092, 2024-04-30T07:07:15.092Z, 204.6756158, 498.7891315999999
1714460835108, 2024-04-30T07:07:15.108Z, 218.3636614, 509.1969882
1714460835137, 2024-04-30T07:07:15.137Z, 230.1852418, 519.1276786000001
1714460835150, 2024-04-30T07:07:15.150Z, 239.1674732, 526.2308062
1714460835181, 2024-04-30T07:07:15.181Z, 257.3428646, 526.3414530000001
1714460835196, 2024-04-30T07:07:15.196Z, 270.099349, 520.8669812
1714460835225, 2024-04-30T07:07:15.225Z, 276.87276520000006, 513.9295264
1714460835240, 2024-04-30T07:07:15.240Z, 280.747653, 504.2778438
1714460835290, 2024-04-30T07:07:15.290Z, 287.635759, 492.1398836
1714460835315, 2024-04-30T07:07:15.315Z, 292.1766414, 487.04297260000004
1714460835330, 2024-04-30T07:07:15.330Z, 294.6679568, 484.48719659999995
1714460835363, 2024-04-30T07:07:15.363Z, 297.1843788, 481.9414944
1714460835375, 2024-04-30T07:07:15.375Z, 304.5291164, 479.82450520000003
1714460835407, 2024-04-30T07:07:15.407Z, 311.9910278, 482.46207919999995
1714460835451, 2024-04-30T07:07:15.451Z, 314.4132396, 480.1356288
1714460835467, 2024-04-30T07:07:15.467Z, 323.59159639999996, 479.81480439999996
1714460835497, 2024-04-30T07:07:15.497Z, 346.4987552, 477.47336379999996
1714460835513, 2024-04-30T07:07:15.513Z, 361.8670482, 477.67905340000004
1714460835544, 2024-04-30T07:07:15.544Z, 381.6440264, 476.08128560000006
1714460835559, 2024-04-30T07:07:15.559Z, 398.5447352, 481.01401580000004
1714460835589, 2024-04-30T07:07:15.589Z, 400.73917659999995, 475.0230004
1714460835600, 2024-04-30T07:07:15.600Z, 390.713858, 476.15975280000004
1714460835630, 2024-04-30T07:07:15.630Z, 386.3843436, 477.73553359999994
1714460835646, 2024-04-30T07:07:15.646Z, 377.1013904, 480.0514382
1714460835675, 2024-04-30T07:07:15.675Z, 372.99365739999996, 485.54205199999996
1714460835690, 2024-04-30T07:07:15.690Z, 379.2513122, 498.5097484
1714460835740, 2024-04-30T07:07:15.740Z, 387.6980866, 508.79905180000003
1714460835765, 2024-04-30T07:07:15.765Z, 388.17590899999993, 501.49469540000007
1714460835781, 2024-04-30T07:07:15.781Z, 388.2836708, 495.72807819999997
1714460835813, 2024-04-30T07:07:15.813Z, 394.6633308, 490.3060026
1714460835829, 2024-04-30T07:07:15.829Z, 405.0684366, 483.48453600000005
1714460835860, 2024-04-30T07:07:15.860Z, 415.8389306, 479.0610418
1714460835901, 2024-04-30T07:07:15.901Z, 438.5487164, 492.11503220000003
1714460835915, 2024-04-30T07:07:15.915Z, 458.36463779999997, 498.8922496
1714460835945, 2024-04-30T07:07:15.945Z, 473.542126, 496.92551919999994
1714460835960, 2024-04-30T07:07:15.960Z, 486.4084922, 497.81792299999995
1714460835990, 2024-04-30T07:07:15.990Z, 497.083122, 505.9480456
1714460836005, 2024-04-30T07:07:16.005Z, 502.6160202, 512.2624442
1714460836036, 2024-04-30T07:07:16.036Z, 521.1147836, 512.1679928000001
1714460836050, 2024-04-30T07:07:16.050Z, 530.2729151999999, 511.8824816
1714460836080, 2024-04-30T07:07:16.080Z, 536.6809186, 511.8573438
1714460836095, 2024-04-30T07:07:16.095Z, 533.0674833999999, 496.3254502000001
1714460836128, 2024-04-30T07:07:16.128Z, 539.3786466, 484.0205602
1714460836143, 2024-04-30T07:07:16.143Z, 530.5164824, 485.07707339999996
1714460836190, 2024-04-30T07:07:16.190Z, 526.722306, 483.534767
1714460836219, 2024-04-30T07:07:16.219Z, 521.5654474, 482.98495
1714460836234, 2024-04-30T07:07:16.234Z, 524.7323894000001, 485.3025498
1714460836264, 2024-04-30T07:07:16.264Z, 519.9405874, 486.00013120000006
1714460836279, 2024-04-30T07:07:16.279Z, 520.2840042, 483.00097100000005
1714460836309, 2024-04-30T07:07:16.309Z, 520.9320500000001, 485.046421
1714460836350, 2024-04-30T07:07:16.350Z, 514.6118556, 495.90015320000003
1714460836365, 2024-04-30T07:07:16.365Z, 489.594117, 516.7256618
1714460836395, 2024-04-30T07:07:16.395Z, 456.18992419999995, 542.3827658
1714460836410, 2024-04-30T07:07:16.410Z, 421.78555459999995, 568.920092
1714460836440, 2024-04-30T07:07:16.440Z, 381.63507459999994, 592.6912904
1714460836455, 2024-04-30T07:07:16.455Z, 343.05620860000005, 596.2867143999999
1714460836486, 2024-04-30T07:07:16.486Z, 319.217874, 590.8270362
1714460836500, 2024-04-30T07:07:16.500Z, 300.38901999999996, 577.5725262
1714460836530, 2024-04-30T07:07:16.530Z, 285.3136224, 572.6397204000001
1714460836545, 2024-04-30T07:07:16.545Z, 272.9753958, 565.9550722
1714460836574, 2024-04-30T07:07:16.574Z, 267.01815180000006, 565.0993426000001
1714460836589, 2024-04-30T07:07:16.589Z, 266.39487199999996, 565.2090797999999
1714460836636, 2024-04-30T07:07:16.636Z, 267.61915480000005, 565.5697302
1714460836666, 2024-04-30T07:07:16.666Z, 285.3063808, 563.1759494
1714460836682, 2024-04-30T07:07:16.682Z, 303.5642802, 561.0625264
1714460836713, 2024-04-30T07:07:16.713Z, 325.92325619999997, 563.019708
1714460836728, 2024-04-30T07:07:16.728Z, 349.15632500000004, 566.6975202
1714460836759, 2024-04-30T07:07:16.759Z, 377.25804039999997, 569.1560888000001
1714460836800, 2024-04-30T07:07:16.800Z, 402.4043956, 570.8496068000001
1714460836815, 2024-04-30T07:07:16.815Z, 449.671216, 572.5491738000001
1714460836860, 2024-04-30T07:07:16.860Z, 598.0591626, 560.6544544000001
1714460836889, 2024-04-30T07:07:16.889Z, 790.1706621999999, 513.5163676
1714460836905, 2024-04-30T07:07:16.905Z, 961.3901466, 486.7479174
1714460836935, 2024-04-30T07:07:16.935Z, 1137.0202222, 429.6241936
1714460836949, 2024-04-30T07:07:16.949Z, 1324.1391094, 373.8026964
1714460836995, 2024-04-30T07:07:16.995Z, 1404.7082758000001, 331.6679592
1714460837025, 2024-04-30T07:07:17.025Z, 1444.3139702, 321.6265664
1714460837041, 2024-04-30T07:07:17.041Z, 1495.1744041999998, 291.051777
1714460837085, 2024-04-30T07:07:17.085Z, 1520.6549624, 281.19756939999996
1714460837133, 2024-04-30T07:07:17.133Z, 1530.399945, 270.5523546
1714460837180, 2024-04-30T07:07:17.180Z, 1542.4799982, 257.3956408
1714460837249, 2024-04-30T07:07:17.249Z, 1542.1942256, 245.40308059999998
1714460837264, 2024-04-30T07:07:17.264Z, 1548.3045782000002, 234.20735180000003
1714460837294, 2024-04-30T07:07:17.294Z, 1564.8799463999999, 211.79509719999996
1714460837310, 2024-04-30T07:07:17.310Z, 1565.0599726, 190.9168034
1714460837339, 2024-04-30T07:07:17.339Z, 1577.0483052, 176.95032239999998
1714460837355, 2024-04-30T07:07:17.355Z, 1597.52332, 163.6782684
1714460837389, 2024-04-30T07:07:17.389Z, 1624.3589548, 151.8279634
1714460837400, 2024-04-30T07:07:17.400Z, 1647.1292826000001, 154.7947902
1714460837435, 2024-04-30T07:07:17.435Z, 1669.6430931999998, 156.6898916
1714460837445, 2024-04-30T07:07:17.445Z, 1678.9930484000001, 155.16780680000002
1714460837477, 2024-04-30T07:07:17.477Z, 1689.7362318, 152.7323722
1714460837492, 2024-04-30T07:07:17.492Z, 1690.4550714000002, 148.3951816
1714460837536, 2024-04-30T07:07:17.536Z, 1692.6539268000001, 140.2568632
1714460837580, 2024-04-30T07:07:17.580Z, 1690.3447976, 146.253681
1714460837613, 2024-04-30T07:07:17.613Z, 1693.2977874, 145.8308802
1714460837625, 2024-04-30T07:07:17.625Z, 1692.9112869999997, 149.7933984
1714460837699, 2024-04-30T07:07:17.699Z, 1688.0975924, 152.37871220000002
1714460837714, 2024-04-30T07:07:17.714Z, 1678.7475989999998, 161.75584479999998
1714460837760, 2024-04-30T07:07:17.760Z, 1663.3303060000003, 175.8919648
1714460837789, 2024-04-30T07:07:17.789Z, 1649.6354168000003, 185.5243862
1714460837804, 2024-04-30T07:07:17.804Z, 1637.1551934000001, 190.12382
1714460837852, 2024-04-30T07:07:17.852Z, 1635.1844818, 207.36125819999998
1714460837882, 2024-04-30T07:07:17.882Z, 1638.5892229999997, 229.6406986
1714460837898, 2024-04-30T07:07:17.898Z, 1650.170568, 220.4013296
1714460837944, 2024-04-30T07:07:17.944Z, 1665.3497240000002, 223.01931439999998
1714460837986, 2024-04-30T07:07:17.986Z, 1684.9316053999999, 221.4514452
1714460838018, 2024-04-30T07:07:18.018Z, 1681.9024064, 213.88876140000002
1714460838033, 2024-04-30T07:07:18.033Z, 1673.9301944, 205.0921388
1714460838069, 2024-04-30T07:07:18.069Z, 1673.1870119999999, 213.47386619999997
1714460838085, 2024-04-30T07:07:18.085Z, 1675.3692224, 231.41833559999995
1714460838116, 2024-04-30T07:07:18.116Z, 1663.0990308, 259.8351356
1714460838169, 2024-04-30T07:07:18.169Z, 1661.7286596000001, 290.0224574
1714460838211, 2024-04-30T07:07:18.211Z, 1675.3860517999997, 322.762522
1714460838242, 2024-04-30T07:07:18.242Z, 1674.5625619999998, 349.72400819999996
1714460838257, 2024-04-30T07:07:18.257Z, 1660.2784100000001, 364.23469420000004
1714460838304, 2024-04-30T07:07:18.304Z, 1653.0785194, 371.626539
1714460838335, 2024-04-30T07:07:18.335Z, 1655.3634287999998, 369.5930624
1714460838351, 2024-04-30T07:07:18.351Z, 1643.0762676000002, 359.131498
1714460838382, 2024-04-30T07:07:18.382Z, 1641.5564784000003, 350.355435
1714460838398, 2024-04-30T07:07:18.398Z, 1645.9035692000002, 343.9535422
1714460838437, 2024-04-30T07:07:18.437Z, 1661.3370428000003, 335.28033519999997
1714460838466, 2024-04-30T07:07:18.466Z, 1700.8706988, 326.1310466
1714460838491, 2024-04-30T07:07:18.491Z, 1736.8252, 312.3066754
1714460838521, 2024-04-30T07:07:18.521Z, 1760.9678142, 302.3459766
1714460838537, 2024-04-30T07:07:18.537Z, 1776.7273420000001, 294.4483438
1714460838569, 2024-04-30T07:07:18.569Z, 1779.9574390000002, 292.8805486
1714460838601, 2024-04-30T07:07:18.601Z, 1754.143412, 298.49877779999997
1714460838617, 2024-04-30T07:07:18.617Z, 1731.6458358, 309.70482499999997
1714460838663, 2024-04-30T07:07:18.663Z, 1717.6851193999998, 313.5086166
1714460838709, 2024-04-30T07:07:18.709Z, 1673.7966175999998, 311.62793559999994
1714460838749, 2024-04-30T07:07:18.749Z, 1581.0931578, 325.8953874
1714460838779, 2024-04-30T07:07:18.779Z, 1470.8956122, 343.38940940000003
1714460838794, 2024-04-30T07:07:18.794Z, 1373.6673476, 357.7735658
1714460838839, 2024-04-30T07:07:18.839Z, 1263.4784746, 377.74256760000003
1714460838886, 2024-04-30T07:07:18.886Z, 1189.0295270000001, 406.1143978
1714460838930, 2024-04-30T07:07:18.930Z, 1167.6937108, 414.68308780000007
1714460838959, 2024-04-30T07:07:18.959Z, 1164.1623894, 411.366871
1714460838978, 2024-04-30T07:07:18.978Z, 1148.4282354, 408.44980100000004
1714460839007, 2024-04-30T07:07:19.007Z, 1149.8006564, 405.2395302
1714460839049, 2024-04-30T07:07:19.049Z, 1153.3920024, 396.93259040000004
1714460839064, 2024-04-30T07:07:19.064Z, 1157.3198316, 392.1232314
1714460839094, 2024-04-30T07:07:19.094Z, 1165.8493288, 393.7052556
1714460839109, 2024-04-30T07:07:19.109Z, 1175.9965734, 398.8406451999999
1714460839139, 2024-04-30T07:07:19.139Z, 1184.809716, 400.3187622
1714460839154, 2024-04-30T07:07:19.154Z, 1190.7467861999999, 403.0586214
1714460839186, 2024-04-30T07:07:19.186Z, 1185.6290163999997, 408.1002878
1714460839199, 2024-04-30T07:07:19.199Z, 1174.8536331999999, 414.8019028
1714460839229, 2024-04-30T07:07:19.229Z, 1162.375176, 419.36001079999994
1714460839244, 2024-04-30T07:07:19.244Z, 1150.2235868000002, 426.4743189999999
1714460839285, 2024-04-30T07:07:19.285Z, 1144.2693202, 431.4087988
1714460839301, 2024-04-30T07:07:19.301Z, 1148.6564498000002, 431.78102980000006
1714460839336, 2024-04-30T07:07:19.336Z, 1148.5453372, 427.13755760000004
1714460839364, 2024-04-30T07:07:19.364Z, 1147.1432386000001, 420.2249412
1714460839380, 2024-04-30T07:07:19.380Z, 1142.5179830000002, 409.942368
1714460839427, 2024-04-30T07:07:19.427Z, 1143.1025224, 422.4688572
1714460839459, 2024-04-30T07:07:19.459Z, 1130.4651062, 423.65798860000007
1714460839500, 2024-04-30T07:07:19.500Z, 1125.4415236, 428.5288374
1714460839515, 2024-04-30T07:07:19.515Z, 1116.5740211999998, 437.091006
1714460839545, 2024-04-30T07:07:19.545Z, 1113.7479538, 454.66503660000006
1714460839559, 2024-04-30T07:07:19.559Z, 1120.9582658, 476.1226246
1714460839589, 2024-04-30T07:07:19.589Z, 1136.2675456, 499.2556614
1714460839604, 2024-04-30T07:07:19.604Z, 1149.1855603999998, 512.2822976
1714460839635, 2024-04-30T07:07:19.635Z, 1158.8376646, 503.89670019999994
1714460839649, 2024-04-30T07:07:19.649Z, 1158.6271057999998, 490.89247940000007
1714460839682, 2024-04-30T07:07:19.682Z, 1138.57349, 458.3709164
1714460839697, 2024-04-30T07:07:19.697Z, 1123.8169018, 435.34065819999995
1714460839727, 2024-04-30T07:07:19.727Z, 1110.6586946, 417.8643628
1714460839742, 2024-04-30T07:07:19.742Z, 1106.9722800000002, 416.5862166
1714460839788, 2024-04-30T07:07:19.788Z, 1105.7310106, 412.760271
1714460839820, 2024-04-30T07:07:19.820Z, 1106.7587325999998, 405.10101579999997
1714460839835, 2024-04-30T07:07:19.835Z, 1109.2528731999998, 406.7655438
1714460839866, 2024-04-30T07:07:19.866Z, 1115.8715386, 407.95155939999995
1714460839881, 2024-04-30T07:07:19.881Z, 1121.381543, 412.4480116
1714460839912, 2024-04-30T07:07:19.912Z, 1119.1095398, 418.92102859999994
1714460839953, 2024-04-30T07:07:19.953Z, 1107.8849206, 423.4349456
1714460839965, 2024-04-30T07:07:19.965Z, 1100.4917589999998, 414.10845520000004
1714460839999, 2024-04-30T07:07:19.999Z, 1093.3786361999998, 410.0680446
1714460840010, 2024-04-30T07:07:20.010Z, 1086.1543204, 411.597084
1714460840039, 2024-04-30T07:07:20.039Z, 1089.3086304, 412.66167379999996
1714460840054, 2024-04-30T07:07:20.054Z, 1097.717459, 412.80321560000004
1714460840090, 2024-04-30T07:07:20.090Z, 1099.3870864, 418.88755459999993
1714460840100, 2024-04-30T07:07:20.100Z, 1099.9379872, 422.90618839999996
1714460840130, 2024-04-30T07:07:20.130Z, 1100.9264835999998, 421.99677
1714460840146, 2024-04-30T07:07:20.146Z, 1102.5261679999999, 420.738293
1714460840177, 2024-04-30T07:07:20.177Z, 1110.4072879999999, 421.5248484
1714460840192, 2024-04-30T07:07:20.192Z, 1119.777275, 420.74828499999995
1714460840235, 2024-04-30T07:07:20.235Z, 1125.5224938, 424.0813344
1714460840264, 2024-04-30T07:07:20.264Z, 1130.453746, 426.540091
1714460840279, 2024-04-30T07:07:20.279Z, 1135.4611524, 425.8139054
1714460840310, 2024-04-30T07:07:20.310Z, 1137.4403328, 426.7915914
1714460840324, 2024-04-30T07:07:20.324Z, 1142.5270328, 439.8512374
1714460840355, 2024-04-30T07:07:20.355Z, 1144.6248716, 452.81990160000004
1714460840400, 2024-04-30T07:07:20.400Z, 1148.0812947999998, 468.43355520000006
1714460840419, 2024-04-30T07:07:20.419Z, 1146.633339, 488.1106546
1714460840456, 2024-04-30T07:07:20.456Z, 1136.7050918, 494.6375352
1714460840472, 2024-04-30T07:07:20.472Z, 1124.8201067999998, 490.6152046
1714460840503, 2024-04-30T07:07:20.503Z, 1110.9164086, 488.1360122
1714460840518, 2024-04-30T07:07:20.518Z, 1097.407646, 484.3085862
1714460840540, 2024-04-30T07:07:20.540Z, 1086.368362, 482.0218406
1714460840553, 2024-04-30T07:07:20.553Z, 1084.4301122000002, 491.1641138
1714460840584, 2024-04-30T07:07:20.584Z, 1084.3540514000001, 500.6785052
1714460840614, 2024-04-30T07:07:20.614Z, 1091.3796316, 506.8042428
1714460840630, 2024-04-30T07:07:20.630Z, 1102.6455416, 508.05481740000005
1714460840646, 2024-04-30T07:07:20.646Z, 1115.9694058, 506.57831560000005
1714460840687, 2024-04-30T07:07:20.687Z, 1139.3470249999998, 501.19628140000003
1714460840716, 2024-04-30T07:07:20.716Z, 1161.0857566000002, 491.4016506000001
1714460840731, 2024-04-30T07:07:20.731Z, 1181.5187746, 479.05948860000007
1714460840761, 2024-04-30T07:07:20.761Z, 1197.9132654, 473.34888620000004
1714460840776, 2024-04-30T07:07:20.776Z, 1214.7589074, 468.776304
1714460840806, 2024-04-30T07:07:20.806Z, 1225.1305456, 468.0315404
1714460840849, 2024-04-30T07:07:20.849Z, 1234.1279364000002, 471.4705542
1714460840869, 2024-04-30T07:07:20.869Z, 1237.7658776, 476.21718660000005
1714460840894, 2024-04-30T07:07:20.894Z, 1241.2382622, 479.2837724
1714460840909, 2024-04-30T07:07:20.909Z, 1241.6869093999999, 481.7068182
1714460840941, 2024-04-30T07:07:20.941Z, 1236.1513746, 483.64426999999995
1714460840956, 2024-04-30T07:07:20.956Z, 1242.0726716000001, 492.97617060000005
1714460840985, 2024-04-30T07:07:20.985Z, 1249.4961308000002, 499.91296739999996
1714460841000, 2024-04-30T07:07:21.000Z, 1246.897343, 502.72348459999995
1714460841030, 2024-04-30T07:07:21.030Z, 1241.828131, 507.5790706000001
1714460841044, 2024-04-30T07:07:21.044Z, 1236.3808766, 511.98552840000013
1714460841074, 2024-04-30T07:07:21.074Z, 1214.4766072, 503.839002
1714460841089, 2024-04-30T07:07:21.089Z, 1198.3166708, 500.7876663999999
1714460841140, 2024-04-30T07:07:21.140Z, 1191.353605, 501.41025419999994
1714460841165, 2024-04-30T07:07:21.165Z, 1184.0133285999998, 498.792666
1714460841180, 2024-04-30T07:07:21.180Z, 1170.6201504, 493.9574408
1714460841210, 2024-04-30T07:07:21.210Z, 1160.8361200000002, 495.45861679999996
1714460841224, 2024-04-30T07:07:21.224Z, 1150.7866526, 497.46878080000005
1714460841259, 2024-04-30T07:07:21.259Z, 1140.0936998000002, 502.98611359999995
1714460841299, 2024-04-30T07:07:21.299Z, 1128.542902, 502.6278152
1714460841314, 2024-04-30T07:07:21.314Z, 1123.9150163999998, 505.40763
1714460841345, 2024-04-30T07:07:21.345Z, 1116.2378508000002, 503.06212159999995
1714460841361, 2024-04-30T07:07:21.361Z, 1108.0974529999999, 498.6327088
1714460841393, 2024-04-30T07:07:21.393Z, 1103.0445976, 495.455079
1714460841408, 2024-04-30T07:07:21.408Z, 1104.0244234000002, 499.6499384
1714460841435, 2024-04-30T07:07:21.435Z, 1098.4554474000001, 494.98933560000006
1714460841449, 2024-04-30T07:07:21.449Z, 1097.1268065999998, 492.5890504
1714460841483, 2024-04-30T07:07:21.483Z, 1097.9128734, 493.6349902
1714460841502, 2024-04-30T07:07:21.502Z, 1096.138461, 493.9037818
1714460841534, 2024-04-30T07:07:21.534Z, 1094.462856, 495.49503160000006
1714460841550, 2024-04-30T07:07:21.550Z, 1099.2553352, 503.87335759999996
1714460841586, 2024-04-30T07:07:21.586Z, 1110.5306988, 542.8203308
1714460841618, 2024-04-30T07:07:21.618Z, 1114.5335828, 580.4554206
1714460841632, 2024-04-30T07:07:21.632Z, 1124.9386038, 613.770921
1714460841661, 2024-04-30T07:07:21.661Z, 1128.2848494000002, 644.9475153999999
1714460841677, 2024-04-30T07:07:21.677Z, 1129.6826978000001, 677.5815966
1714460841707, 2024-04-30T07:07:21.707Z, 1125.392616, 680.6458016
1714460841749, 2024-04-30T07:07:21.749Z, 1131.4900424000002, 679.4036570000001
1714460841764, 2024-04-30T07:07:21.764Z, 1129.2840386, 679.3949494
1714460841795, 2024-04-30T07:07:21.795Z, 1134.1531932, 678.9625934
1714460841809, 2024-04-30T07:07:21.809Z, 1138.6162796, 678.3773194
1714460841839, 2024-04-30T07:07:21.839Z, 1139.2171346, 678.7845061999999
1714460841854, 2024-04-30T07:07:21.854Z, 1134.32674, 680.6059196
1714460841885, 2024-04-30T07:07:21.885Z, 1133.0025804000002, 683.3504814
1714460841899, 2024-04-30T07:07:21.899Z, 1136.3109754, 690.3798644000001
1714460841930, 2024-04-30T07:07:21.930Z, 1140.4722348, 695.4475014
1714460841944, 2024-04-30T07:07:21.944Z, 1151.2745524, 701.1662514
1714460841975, 2024-04-30T07:07:21.975Z, 1162.2042074, 699.8196082000001
1714460841990, 2024-04-30T07:07:21.990Z, 1168.5430967999998, 697.9169674
1714460842035, 2024-04-30T07:07:22.035Z, 1171.0824174000002, 686.5053332
1714460842064, 2024-04-30T07:07:22.064Z, 1171.0131204000002, 683.3298632
1714460842079, 2024-04-30T07:07:22.079Z, 1163.6939332, 675.5809422
1714460842110, 2024-04-30T07:07:22.110Z, 1162.4745372000002, 677.810135
1714460842126, 2024-04-30T07:07:22.126Z, 1171.454017, 681.4721028
1714460842158, 2024-04-30T07:07:22.158Z, 1174.7417836, 689.015635
1714460842200, 2024-04-30T07:07:22.200Z, 1176.486632, 685.2568749999999
1714460842217, 2024-04-30T07:07:22.217Z, 1178.5857878000002, 682.0865813999999
1714460842254, 2024-04-30T07:07:22.254Z, 1163.5541182, 672.8234148
1714460842269, 2024-04-30T07:07:22.269Z, 1143.6751012, 661.0775213999999
1714460842300, 2024-04-30T07:07:22.300Z, 1132.2801318000002, 651.1935487999999
1714460842315, 2024-04-30T07:07:22.315Z, 1124.9553854, 645.4493746
1714460842335, 2024-04-30T07:07:22.335Z, 1120.227734, 641.5866546
1714460842350, 2024-04-30T07:07:22.350Z, 1123.1270508000002, 640.909202
1714460842380, 2024-04-30T07:07:22.380Z, 1124.1085541999998, 641.5415606
1714460842395, 2024-04-30T07:07:22.395Z, 1121.3429688, 642.2135106000001
1714460842427, 2024-04-30T07:07:22.427Z, 1119.2860174, 642.1666588
1714460842442, 2024-04-30T07:07:22.442Z, 1116.4554696, 638.1479304000001
1714460842487, 2024-04-30T07:07:22.488Z, 1115.2482287999999, 635.5978074
1714460842518, 2024-04-30T07:07:22.518Z, 1116.6530152, 633.8918162
1714460842532, 2024-04-30T07:07:22.532Z, 1120.4008144000002, 635.6910996
1714460842562, 2024-04-30T07:07:22.562Z, 1120.1894838, 632.4127516
1714460842577, 2024-04-30T07:07:22.577Z, 1120.6794278000002, 633.6116644
1714460842607, 2024-04-30T07:07:22.607Z, 1119.8908, 630.9122424
1714460842649, 2024-04-30T07:07:22.649Z, 1096.6385089999999, 635.0190032
1714460842664, 2024-04-30T07:07:22.664Z, 1074.1665189999999, 634.5701232000001
1714460842698, 2024-04-30T07:07:22.698Z, 998.3000884, 643.3182588000001
1714460842714, 2024-04-30T07:07:22.714Z, 879.2795558, 652.7091241999999
1714460842744, 2024-04-30T07:07:22.744Z, 759.4787640000001, 665.2427702
1714460842759, 2024-04-30T07:07:22.759Z, 663.5257138000001, 663.7833479999999
1714460842789, 2024-04-30T07:07:22.789Z, 557.2246126, 660.721587
1714460842804, 2024-04-30T07:07:22.804Z, 507.94716099999994, 654.2701714
1714460842834, 2024-04-30T07:07:22.834Z, 499.4482394, 655.8638572
1714460842849, 2024-04-30T07:07:22.849Z, 537.1828712, 647.9150185999999
1714460842880, 2024-04-30T07:07:22.880Z, 617.138992, 642.5251118
1714460842895, 2024-04-30T07:07:22.895Z, 708.8440918, 646.9054582
1714460842940, 2024-04-30T07:07:22.940Z, 838.4211803999999, 655.8084484
1714460842967, 2024-04-30T07:07:22.967Z, 971.375309, 656.40255
1714460842982, 2024-04-30T07:07:22.982Z, 1061.6194970000001, 668.2923606
1714460843011, 2024-04-30T07:07:23.011Z, 1108.3013534, 680.4197062000001
1714460843026, 2024-04-30T07:07:23.026Z, 1160.8752852, 682.089163
1714460843056, 2024-04-30T07:07:23.056Z, 1170.1852052, 679.9377453999999
1714460843099, 2024-04-30T07:07:23.099Z, 1157.7897548, 684.2838526
1714460843118, 2024-04-30T07:07:23.118Z, 1146.8928562, 687.4841758
1714460843158, 2024-04-30T07:07:23.158Z, 1137.179165, 693.4408322
1714460843174, 2024-04-30T07:07:23.174Z, 1115.5075942, 700.6726778
1714460843206, 2024-04-30T07:07:23.206Z, 1103.0354192, 705.5474226
1714460843236, 2024-04-30T07:07:23.236Z, 1127.9947570000002, 706.4546005999999
1714460843252, 2024-04-30T07:07:23.252Z, 1150.7477192000001, 707.5441286
1714460843284, 2024-04-30T07:07:23.284Z, 1163.8381752, 707.4460934000001
1714460843299, 2024-04-30T07:07:23.299Z, 1176.4761502, 709.0304014000001
1714460843329, 2024-04-30T07:07:23.329Z, 1180.84159, 709.3649230000001
1714460843345, 2024-04-30T07:07:23.345Z, 1169.4609666000001, 705.71023
1714460843385, 2024-04-30T07:07:23.385Z, 1158.3756375999997, 700.7716508
1714460843415, 2024-04-30T07:07:23.415Z, 1152.0827574, 698.8051862
1714460843429, 2024-04-30T07:07:23.429Z, 1147.0829082, 696.6640392
1714460843459, 2024-04-30T07:07:23.459Z, 1142.1301226, 689.0367116000001
1714460843475, 2024-04-30T07:07:23.475Z, 1136.6130478, 683.0483540000001
1714460843504, 2024-04-30T07:07:23.504Z, 1126.1278398, 679.2908428000001
1714460843550, 2024-04-30T07:07:23.550Z, 1116.081412, 674.6767441999999
1714460843564, 2024-04-30T07:07:23.564Z, 1106.0496600000001, 670.7057206000001
1714460843596, 2024-04-30T07:07:23.596Z, 1102.533511, 675.822175
1714460843611, 2024-04-30T07:07:23.611Z, 1097.9067810000001, 679.948862
1714460843643, 2024-04-30T07:07:23.643Z, 1099.5842734000003, 682.0105044
1714460843658, 2024-04-30T07:07:23.658Z, 1113.0797854, 682.8291708
1714460843686, 2024-04-30T07:07:23.686Z, 1124.6511734, 689.0845178000001
1714460843700, 2024-04-30T07:07:23.700Z, 1126.8645944, 693.5928108
1714460843730, 2024-04-30T07:07:23.730Z, 1003.0135258, 704.7271394
1714460843752, 2024-04-30T07:07:23.752Z, 871.8940866, 716.4096468
1714460843774, 2024-04-30T07:07:23.774Z, 715.2266500000001, 728.0145306000001
1714460843789, 2024-04-30T07:07:23.789Z, 560.9791324, 733.7314122
1714460843836, 2024-04-30T07:07:23.836Z, 410.4214386, 741.1378122
1714460843865, 2024-04-30T07:07:23.865Z, 400.75912040000003, 738.3676487999999
1714460843880, 2024-04-30T07:07:23.880Z, 394.64887799999997, 738.1890185999999
1714460843910, 2024-04-30T07:07:23.910Z, 404.11622819999997, 737.9269790000001
1714460843924, 2024-04-30T07:07:23.924Z, 409.6480616, 745.63434
1714460843955, 2024-04-30T07:07:23.955Z, 416.86238520000006, 753.5999400000001
1714460844001, 2024-04-30T07:07:24.001Z, 403.324597, 734.6444966000001
1714460844016, 2024-04-30T07:07:24.016Z, 387.3823236, 694.3482954
1714460844047, 2024-04-30T07:07:24.047Z, 367.67036220000006, 659.8695746000001
1714460844062, 2024-04-30T07:07:24.062Z, 354.0786936, 627.2156844000001
1714460844094, 2024-04-30T07:07:24.094Z, 348.19545899999997, 609.4827132
1714460844110, 2024-04-30T07:07:24.110Z, 354.6930144, 619.1625438
1714460844136, 2024-04-30T07:07:24.136Z, 372.0013532, 646.7513323999999
1714460844150, 2024-04-30T07:07:24.150Z, 448.4765318, 669.9085258
1714460844180, 2024-04-30T07:07:24.180Z, 535.9799722, 684.6548872
1714460844195, 2024-04-30T07:07:24.195Z, 637.0898782, 685.5045415999999
1714460844227, 2024-04-30T07:07:24.227Z, 777.5559678, 693.8614128
1714460844239, 2024-04-30T07:07:24.239Z, 912.2814138000001, 702.9794300000001
1714460844286, 2024-04-30T07:07:24.286Z, 992.8576068, 708.3771606
1714460844317, 2024-04-30T07:07:24.317Z, 1063.5468366, 710.556225
1714460844333, 2024-04-30T07:07:24.333Z, 1123.6968144000002, 705.5235242000001
1714460844363, 2024-04-30T07:07:24.363Z, 1139.4197852, 695.1175822
1714460844379, 2024-04-30T07:07:24.379Z, 1155.3316746, 681.948456
1714460844410, 2024-04-30T07:07:24.410Z, 1161.969313, 670.7019455999999
1714460844450, 2024-04-30T07:07:24.450Z, 1157.053156, 667.3237368
1714460844465, 2024-04-30T07:07:24.465Z, 1148.9181066, 667.4848568000001
1714460844495, 2024-04-30T07:07:24.495Z, 1136.9320275999999, 660.8268396
1714460844509, 2024-04-30T07:07:24.509Z, 1128.005725, 658.5379535999999
1714460844540, 2024-04-30T07:07:24.540Z, 1132.418814, 659.3391777999999
1714460844555, 2024-04-30T07:07:24.555Z, 1145.1633698, 656.586887
1714460844586, 2024-04-30T07:07:24.586Z, 1155.6198528, 655.9427468
1714460844599, 2024-04-30T07:07:24.599Z, 1168.3380092000002, 662.943275
1714460844630, 2024-04-30T07:07:24.630Z, 1175.9712992, 671.492164
1714460844644, 2024-04-30T07:07:24.644Z, 1176.5206876, 676.6590838
1714460844675, 2024-04-30T07:07:24.675Z, 1181.0786002, 680.2622708000001
1714460844691, 2024-04-30T07:07:24.691Z, 1182.3858536, 682.8202576000001
1714460844736, 2024-04-30T07:07:24.736Z, 1191.5772678, 684.0968162000001
1714460844765, 2024-04-30T07:07:24.765Z, 1200.0650916, 682.1049024
1714460844780, 2024-04-30T07:07:24.780Z, 1206.993311, 681.142245
1714460844809, 2024-04-30T07:07:24.809Z, 1203.6788006000002, 677.6254114
1714460844825, 2024-04-30T07:07:24.825Z, 1201.5339972, 672.6300164
1714460844854, 2024-04-30T07:07:24.854Z, 1195.7734028, 670.0687396
1714460844900, 2024-04-30T07:07:24.900Z, 1192.3510116000002, 669.4292457999999
1714460844914, 2024-04-30T07:07:24.914Z, 1188.6097962000001, 672.9519152
1714460844945, 2024-04-30T07:07:24.945Z, 1189.9588292, 680.6953993999999
1714460844959, 2024-04-30T07:07:24.959Z, 1192.7466948000001, 690.2313108
1714460844989, 2024-04-30T07:07:24.989Z, 1193.0564330000002, 697.7370433999998
1714460845005, 2024-04-30T07:07:25.005Z, 1189.1513538, 697.3553818
1714460845051, 2024-04-30T07:07:25.051Z, 1193.688662, 693.2517736
1714460845082, 2024-04-30T07:07:25.082Z, 1211.4115746, 690.8455188
1714460845099, 2024-04-30T07:07:25.099Z, 1230.3115426, 685.8139474000002
1714460845129, 2024-04-30T07:07:25.129Z, 1250.2825328, 681.8459022
1714460845145, 2024-04-30T07:07:25.145Z, 1273.1655266, 684.5393198
1714460845186, 2024-04-30T07:07:25.186Z, 1293.0653972, 686.8932048
1714460845214, 2024-04-30T07:07:25.214Z, 1290.9883324, 674.7079662000001
1714460845229, 2024-04-30T07:07:25.229Z, 1285.3932106, 664.9544076000001
1714460845260, 2024-04-30T07:07:25.260Z, 1295.91797, 665.902631
1714460845275, 2024-04-30T07:07:25.275Z, 1333.425335, 684.730438
1714460845304, 2024-04-30T07:07:25.304Z, 1366.2335522, 703.8754630000001
1714460845351, 2024-04-30T07:07:25.351Z, 1415.792053, 741.919293
1714460845381, 2024-04-30T07:07:25.381Z, 1475.5869568, 775.2986036
1714460845396, 2024-04-30T07:07:25.396Z, 1510.9212888, 798.9030326
1714460845412, 2024-04-30T07:07:25.412Z, 1526.1105346, 803.7518026
1714460845443, 2024-04-30T07:07:25.443Z, 1538.2293937999998, 808.0485808000001
1714460845458, 2024-04-30T07:07:25.458Z, 1543.8333526, 803.8924144
1714460845488, 2024-04-30T07:07:25.488Z, 1539.7015864, 804.1731154
1714460845503, 2024-04-30T07:07:25.503Z, 1544.1086434000001, 800.1667952
1714460845538, 2024-04-30T07:07:25.538Z, 1543.6501438, 800.4891608
1714460845554, 2024-04-30T07:07:25.554Z, 1545.4652664, 799.5198922
1714460845585, 2024-04-30T07:07:25.585Z, 1545.0403342000002, 799.4112636000001
1714460845601, 2024-04-30T07:07:25.601Z, 1540.0580286, 800.2213626
1714460845639, 2024-04-30T07:07:25.639Z, 1539.2281464, 802.6927554
1714460845680, 2024-04-30T07:07:25.680Z, 1538.8908196, 797.7178655999999
1714460845696, 2024-04-30T07:07:25.696Z, 1540.8909256, 792.5694532
1714460845727, 2024-04-30T07:07:25.727Z, 1546.1257652, 787.5001486
1714460845743, 2024-04-30T07:07:25.743Z, 1554.0178566, 781.0706885999999
1714460845818, 2024-04-30T07:07:25.818Z, 1322.1402512, 714.3063867999999