1714460342596, 2024-04-30T06:59:02.596Z, 207.459282, 171.544644
1714460342612, 2024-04-30T06:59:02.612Z, 211.0521445, 172.79929850000002
1714460342627, 2024-04-30T06:59:02.627Z, 219.1189003333333, 176.951961
1714460342643, 2024-04-30T06:59:02.643Z, 217.17892999999998, 178.11529675000003
1714460342658, 2024-04-30T06:59:02.658Z, 215.64475579999998, 179.29904660000003
1714460342673, 2024-04-30T06:59:02.673Z, 206.25803420000003, 184.86103280000003
1714460342699, 2024-04-30T06:59:02.699Z, 192.8256842, 190.515605
1714460342713, 2024-04-30T06:59:02.713Z, 173.5725054, 193.1463168
1714460342728, 2024-04-30T06:59:02.728Z, 151.161941, 197.27682040000002
1714460342743, 2024-04-30T06:59:02.743Z, 129.8321356, 206.8044922
1714460342767, 2024-04-30T06:59:02.767Z, 117.38347920000001, 213.470751
1714460342782, 2024-04-30T06:59:02.782Z, 108.97434660000002, 221.37365020000001
1714460342814, 2024-04-30T06:59:02.814Z, 108.4615642, 229.63250239999996
1714460342829, 2024-04-30T06:59:02.829Z, 121.0949694, 238.249177
1714460342854, 2024-04-30T06:59:02.854Z, 136.525712, 242.90975400000002
1714460342876, 2024-04-30T06:59:02.876Z, 146.17111960000003, 250.7306708
1714460342891, 2024-04-30T06:59:02.891Z, 154.4252872, 256.6215108
1714460342907, 2024-04-30T06:59:02.907Z, 157.20710679999996, 262.56253860000004
1714460342923, 2024-04-30T06:59:02.923Z, 158.208555, 264.90034160000005
1714460342938, 2024-04-30T06:59:02.938Z, 151.8888376, 266.91348419999997
1714460342954, 2024-04-30T06:59:02.954Z, 152.93973579999997, 265.3241986
1714460342985, 2024-04-30T06:59:02.985Z, 154.27525060000002, 263.78650700000003
1714460343003, 2024-04-30T06:59:03.003Z, 148.27726719999998, 266.7823476
1714460343032, 2024-04-30T06:59:03.032Z, 140.59005340000002, 272.9911658
1714460343047, 2024-04-30T06:59:03.047Z, 143.19762820000003, 280.5828176
1714460343078, 2024-04-30T06:59:03.078Z, 148.3690932, 281.07242379999997
1714460343094, 2024-04-30T06:59:03.094Z, 150.57941720000002, 282.87500020000004
1714460343125, 2024-04-30T06:59:03.125Z, 163.67965500000003, 281.7737022
1714460343149, 2024-04-30T06:59:03.149Z, 178.0236322, 277.45269360000003
1714460343163, 2024-04-30T06:59:03.163Z, 188.2840782, 274.1715542
1714460343178, 2024-04-30T06:59:03.178Z, 202.65411480000003, 274.67456440000007
1714460343208, 2024-04-30T06:59:03.208Z, 217.4560414, 274.1322236
1714460343223, 2024-04-30T06:59:03.223Z, 231.72434120000003, 274.05090579999995
1714460343280, 2024-04-30T06:59:03.280Z, 248.52003599999998, 273.8819234
1714460343303, 2024-04-30T06:59:03.303Z, 264.625475, 283.6748196
1714460343389, 2024-04-30T06:59:03.389Z, 270.915206, 291.1559596
1714460343449, 2024-04-30T06:59:03.449Z, 267.94343660000004, 283.1224776
1714460343463, 2024-04-30T06:59:03.463Z, 261.224224, 273.3753678
1714460343628, 2024-04-30T06:59:03.628Z, 262.2313254, 276.5234046
1714460343658, 2024-04-30T06:59:03.658Z, 250.6657812, 269.3431824
1714460343677, 2024-04-30T06:59:03.677Z, 226.59653399999996, 252.1306894
1714460343705, 2024-04-30T06:59:03.705Z, 226.6530146, 258.1063508
1714460343718, 2024-04-30T06:59:03.718Z, 219.5817654, 257.6162162
1714460343753, 2024-04-30T06:59:03.753Z, 201.39172639999998, 244.9024978
1714460343858, 2024-04-30T06:59:03.858Z, 206.22192480000004, 232.359623
1714460343873, 2024-04-30T06:59:03.873Z, 258.5103712, 228.54500339999998
1714460343899, 2024-04-30T06:59:03.899Z, 301.8947216, 222.1875384
1714460343920, 2024-04-30T06:59:03.920Z, 351.08620759999997, 217.83517260000002
1714460343935, 2024-04-30T06:59:03.935Z, 386.52144239999996, 217.7708826
1714460343982, 2024-04-30T06:59:03.982Z, 411.3001356000001, 212.7037746
1714460343997, 2024-04-30T06:59:03.997Z, 401.5460008, 215.85330520000002
1714460344012, 2024-04-30T06:59:04.012Z, 384.5193076, 220.8509692
1714460344027, 2024-04-30T06:59:04.027Z, 367.7465406, 230.41885239999996
1714460344049, 2024-04-30T06:59:04.049Z, 359.7327198, 237.7917982
1714460344063, 2024-04-30T06:59:04.063Z, 347.647636, 242.32306479999997
1714460344078, 2024-04-30T06:59:04.078Z, 339.140072, 245.2565192
1714460344093, 2024-04-30T06:59:04.093Z, 333.9991018, 240.99637320000002
1714460344124, 2024-04-30T06:59:04.124Z, 329.1172022, 236.1250664
1714460344138, 2024-04-30T06:59:04.138Z, 325.7147644, 230.94948300000001
1714460344154, 2024-04-30T06:59:04.154Z, 325.73869780000007, 229.59872140000002
1714460344169, 2024-04-30T06:59:04.169Z, 325.38826140000003, 228.72166660000002
1714460344215, 2024-04-30T06:59:04.215Z, 331.1187188, 226.10637499999999
1714460344246, 2024-04-30T06:59:04.246Z, 338.36297679999996, 227.6293516
1714460344262, 2024-04-30T06:59:04.262Z, 343.2397098, 231.2513172
1714460344278, 2024-04-30T06:59:04.278Z, 347.2475904, 234.94150340000002
1714460344294, 2024-04-30T06:59:04.294Z, 346.1422288, 240.3923518
1714460344309, 2024-04-30T06:59:04.309Z, 337.6616318, 248.07878580000002
1714460344325, 2024-04-30T06:59:04.325Z, 310.24404799999996, 259.0975726
1714460344350, 2024-04-30T06:59:04.350Z, 282.4786822, 269.3645622
1714460344364, 2024-04-30T06:59:04.364Z, 250.7500626, 279.3069042
1714460344387, 2024-04-30T06:59:04.387Z, 220.698947, 287.80911000000003
1714460344403, 2024-04-30T06:59:04.403Z, 189.76090680000001, 296.8054386
1714460344418, 2024-04-30T06:59:04.418Z, 185.35165880000002, 305.2161922
1714460344434, 2024-04-30T06:59:04.434Z, 186.37189840000002, 312.4936646
1714460344464, 2024-04-30T06:59:04.464Z, 183.28313400000002, 315.42361999999997
1714460344480, 2024-04-30T06:59:04.480Z, 182.86321840000002, 317.99991579999994
1714460344500, 2024-04-30T06:59:04.500Z, 189.1971392, 322.18186860000003
1714460344531, 2024-04-30T06:59:04.531Z, 181.7460994, 321.3250254
1714460344544, 2024-04-30T06:59:04.544Z, 176.50736279999998, 319.87242060000005
1714460344561, 2024-04-30T06:59:04.561Z, 166.1669416, 327.68210880000004
1714460344577, 2024-04-30T06:59:04.577Z, 156.23981999999998, 339.26901000000004
1714460344589, 2024-04-30T06:59:04.589Z, 139.23877299999998, 343.69396240000003
1714460344605, 2024-04-30T06:59:04.605Z, 136.72275820000002, 342.6847084
1714460344621, 2024-04-30T06:59:04.621Z, 144.7681004, 335.22551319999997
1714460344652, 2024-04-30T06:59:04.652Z, 160.8401358, 337.96193800000003
1714460344668, 2024-04-30T06:59:04.668Z, 174.2470558, 341.0804994
1714460344684, 2024-04-30T06:59:04.684Z, 189.86401100000003, 335.5648246
1714460344699, 2024-04-30T06:59:04.699Z, 194.459654, 347.7330228
1714460344715, 2024-04-30T06:59:04.715Z, 184.43802060000002, 367.2498666
1714460344730, 2024-04-30T06:59:04.730Z, 178.3744882, 367.86439540000003
1714460344745, 2024-04-30T06:59:04.745Z, 175.5378218, 360.4416406
1714460344760, 2024-04-30T06:59:04.760Z, 171.3223864, 361.5809052000001
1714460344776, 2024-04-30T06:59:04.776Z, 170.4729104, 347.595864
1714460344813, 2024-04-30T06:59:04.813Z, 170.750343, 329.93012179999994
1714460344828, 2024-04-30T06:59:04.828Z, 176.48732180000002, 316.1893234
1714460344843, 2024-04-30T06:59:04.843Z, 188.6783208, 308.4154784
1714460344873, 2024-04-30T06:59:04.873Z, 198.621335, 308.289446
1714460344888, 2024-04-30T06:59:04.888Z, 209.94092799999999, 306.358161
1714460344903, 2024-04-30T06:59:04.903Z, 222.33094139999997, 307.688968
1714460344918, 2024-04-30T06:59:04.918Z, 231.67796779999998, 309.7405786
1714460344952, 2024-04-30T06:59:04.952Z, 244.81721199999998, 308.5465154
1714460344968, 2024-04-30T06:59:04.968Z, 258.9540778, 303.95555759999996
1714460344983, 2024-04-30T06:59:04.983Z, 270.3290003999999, 306.3218204
1714460344997, 2024-04-30T06:59:04.997Z, 272.0783888, 301.05440439999995
1714460345012, 2024-04-30T06:59:05.012Z, 275.5339244, 309.0822596
1714460345027, 2024-04-30T06:59:05.027Z, 270.85504760000003, 330.2563526
1714460345056, 2024-04-30T06:59:05.056Z, 268.13813519999997, 347.38282100000004
1714460345071, 2024-04-30T06:59:05.071Z, 260.3614012, 340.7452392
1714460345103, 2024-04-30T06:59:05.103Z, 258.0882724, 336.9578306
1714460345118, 2024-04-30T06:59:05.118Z, 251.73485599999998, 318.6050622
1714460345134, 2024-04-30T06:59:05.134Z, 244.45361359999998, 290.26563880000003
1714460345149, 2024-04-30T06:59:05.149Z, 241.2062676, 264.106966
1714460345164, 2024-04-30T06:59:05.164Z, 241.9785276, 259.5615128
1714460345180, 2024-04-30T06:59:05.180Z, 246.247795, 260.5523818
1714460345195, 2024-04-30T06:59:05.195Z, 251.48260419999997, 263.70779300000004
1714460345210, 2024-04-30T06:59:05.210Z, 253.9300342, 267.1156986
1714460345226, 2024-04-30T06:59:05.226Z, 251.4320678, 274.1519908
1714460345251, 2024-04-30T06:59:05.251Z, 250.3295344, 278.6127094
1714460345264, 2024-04-30T06:59:05.264Z, 250.82021479999997, 283.34721460000003
1714460345280, 2024-04-30T06:59:05.280Z, 252.69458679999997, 287.45084699999995
1714460345295, 2024-04-30T06:59:05.295Z, 255.1713378, 291.38236859999995
1714460345309, 2024-04-30T06:59:05.309Z, 259.47693820000006, 295.4434104
1714460345325, 2024-04-30T06:59:05.325Z, 263.253095, 301.9830088
1714460345340, 2024-04-30T06:59:05.340Z, 264.7419852, 308.56382360000003
1714460345354, 2024-04-30T06:59:05.354Z, 264.9727752, 313.53026639999996
1714460345370, 2024-04-30T06:59:05.370Z, 256.1158832, 319.43596360000004
1714460345400, 2024-04-30T06:59:05.400Z, 243.58982500000002, 324.8987844
1714460345415, 2024-04-30T06:59:05.415Z, 227.749263, 329.9557242
1714460345429, 2024-04-30T06:59:05.429Z, 210.48152839999997, 335.7458474
1714460345444, 2024-04-30T06:59:05.444Z, 189.66001519999998, 345.39381000000003
1714460345475, 2024-04-30T06:59:05.475Z, 176.45835619999997, 352.03328759999994
1714460345491, 2024-04-30T06:59:05.491Z, 168.709137, 356.4854217999999
1714460345507, 2024-04-30T06:59:05.507Z, 164.73939220000003, 359.9777026
1714460345522, 2024-04-30T06:59:05.522Z, 161.7361552, 361.76535359999997
1714460345551, 2024-04-30T06:59:05.551Z, 166.6359458, 357.5818224000001
1714460345567, 2024-04-30T06:59:05.567Z, 173.689129, 351.6171518
1714460345580, 2024-04-30T06:59:05.580Z, 179.10606860000001, 346.9086022
1714460345596, 2024-04-30T06:59:05.596Z, 183.3166872, 342.7159514
1714460345612, 2024-04-30T06:59:05.612Z, 185.75501500000001, 339.75383339999996
1714460345624, 2024-04-30T06:59:05.624Z, 185.39514, 341.83997379999994
1714460345641, 2024-04-30T06:59:05.641Z, 180.94668959999998, 344.28041759999996
1714460345657, 2024-04-30T06:59:05.657Z, 176.65806659999998, 350.25768839999995
1714460345670, 2024-04-30T06:59:05.670Z, 177.3152388, 357.88588400000003
1714460345703, 2024-04-30T06:59:05.703Z, 185.72382999999996, 363.34167460000003
1714460345715, 2024-04-30T06:59:05.715Z, 195.0464918, 365.0333048
1714460345732, 2024-04-30T06:59:05.732Z, 208.240974, 367.934418
1714460345747, 2024-04-30T06:59:05.747Z, 222.720953, 366.1648592
1714460345759, 2024-04-30T06:59:05.759Z, 235.75848879999998, 363.9534212
1714460345783, 2024-04-30T06:59:05.783Z, 243.87207320000002, 361.1316052
1714460345803, 2024-04-30T06:59:05.803Z, 251.2336892, 359.646905
1714460345851, 2024-04-30T06:59:05.851Z, 257.871688, 359.1147548
1714460345851, 2024-04-30T06:59:05.851Z, 262.00826259999997, 360.73936139999995
1714460345865, 2024-04-30T06:59:05.865Z, 260.9679906, 358.4376036
1714460345896, 2024-04-30T06:59:05.896Z, 257.0701044, 356.26923419999997
1714460345910, 2024-04-30T06:59:05.910Z, 251.798722, 355.1748068
1714460345943, 2024-04-30T06:59:05.943Z, 272.1461954, 357.6516114
1714460345959, 2024-04-30T06:59:05.959Z, 294.2959316, 360.1818164
1714460345974, 2024-04-30T06:59:05.974Z, 320.3162268, 378.66381540000003
1714460346000, 2024-04-30T06:59:06.000Z, 347.5231118, 393.51655519999997
1714460346014, 2024-04-30T06:59:06.014Z, 369.0559586, 403.1218578
1714460346031, 2024-04-30T06:59:06.031Z, 360.45295999999996, 399.67784
1714460346044, 2024-04-30T06:59:06.044Z, 354.2275302, 392.35730019999994
1714460346067, 2024-04-30T06:59:06.067Z, 346.6715092, 370.6475772
1714460346083, 2024-04-30T06:59:06.083Z, 337.4740076, 353.736375
1714460346099, 2024-04-30T06:59:06.099Z, 333.91803519999996, 342.3136318
1714460346114, 2024-04-30T06:59:06.114Z, 333.0178646, 341.5355616
1714460346131, 2024-04-30T06:59:06.131Z, 328.9162356, 343.6286392
1714460346163, 2024-04-30T06:59:06.163Z, 327.568965, 342.88287900000006
1714460346178, 2024-04-30T06:59:06.178Z, 328.326727, 341.7154694
1714460346193, 2024-04-30T06:59:06.193Z, 330.8778722, 341.97672500000004
1714460346209, 2024-04-30T06:59:06.209Z, 336.5367264, 342.20264740000005
1714460346256, 2024-04-30T06:59:06.256Z, 349.28212679999996, 343.229917
1714460346272, 2024-04-30T06:59:06.272Z, 369.85833540000004, 345.3269742
1714460346299, 2024-04-30T06:59:06.299Z, 394.38341019999996, 345.3924714
1714460346319, 2024-04-30T06:59:06.319Z, 411.2097368000001, 344.5657666
1714460346335, 2024-04-30T06:59:06.335Z, 424.624953, 342.2267352
1714460346351, 2024-04-30T06:59:06.351Z, 410.9227502, 345.3910414
1714460346367, 2024-04-30T06:59:06.367Z, 371.9355136, 357.42184960000003
1714460346384, 2024-04-30T06:59:06.384Z, 327.59004619999996, 372.63175620000004
1714460346398, 2024-04-30T06:59:06.398Z, 273.0212494, 391.452307
1714460346413, 2024-04-30T06:59:06.413Z, 222.43737819999996, 409.3687276
1714460346430, 2024-04-30T06:59:06.430Z, 190.8363694, 421.24305880000003
1714460346452, 2024-04-30T06:59:06.452Z, 163.5600826, 429.3740904
1714460346468, 2024-04-30T06:59:06.468Z, 132.3513148, 436.0616733999999
1714460346492, 2024-04-30T06:59:06.492Z, 117.30670719999998, 438.29392640000003
1714460346508, 2024-04-30T06:59:06.508Z, 98.26416420000001, 441.03482220000006
1714460346524, 2024-04-30T06:59:06.524Z, 77.99607680000001, 442.47534720000004
1714460346540, 2024-04-30T06:59:06.540Z, 72.197659, 437.6670712
1714460346555, 2024-04-30T06:59:06.555Z, 77.5924876, 431.61262179999994
1714460346571, 2024-04-30T06:59:06.571Z, 84.56086619999999, 427.4680134
1714460346587, 2024-04-30T06:59:06.587Z, 100.67301379999999, 423.61996600000003
1714460346602, 2024-04-30T06:59:06.602Z, 119.79745540000002, 417.48032280000007
1714460346618, 2024-04-30T06:59:06.618Z, 140.013375, 416.3285968
1714460346633, 2024-04-30T06:59:06.633Z, 155.25165140000001, 418.92983960000004
1714460346649, 2024-04-30T06:59:06.649Z, 165.1956936, 420.9175612
1714460346664, 2024-04-30T06:59:06.664Z, 174.20618919999998, 420.374585
1714460346680, 2024-04-30T06:59:06.680Z, 184.92902479999998, 423.17067480000003
1714460346696, 2024-04-30T06:59:06.696Z, 182.13228440000003, 428.8322956
1714460346712, 2024-04-30T06:59:06.712Z, 168.6563146, 436.24894759999995
1714460346728, 2024-04-30T06:59:06.728Z, 158.734193, 441.1480404
1714460346760, 2024-04-30T06:59:06.760Z, 143.5027294, 446.9692102
1714460346776, 2024-04-30T06:59:06.776Z, 125.384908, 455.21909519999997
1714460346792, 2024-04-30T06:59:06.792Z, 116.1942294, 460.91213660000005
1714460346807, 2024-04-30T06:59:06.807Z, 117.700532, 461.6351234
1714460346823, 2024-04-30T06:59:06.823Z, 126.7285168, 462.96872
1714460346839, 2024-04-30T06:59:06.839Z, 141.1225312, 467.00394780000005
1714460346856, 2024-04-30T06:59:06.856Z, 164.6577746, 461.4942046
1714460346871, 2024-04-30T06:59:06.871Z, 188.4624068, 457.7976502
1714460346889, 2024-04-30T06:59:06.889Z, 213.47959140000003, 457.7143966
1714460346903, 2024-04-30T06:59:06.903Z, 233.2831572, 452.57179759999997
1714460346917, 2024-04-30T06:59:06.917Z, 247.73810899999998, 446.76145299999996
1714460346933, 2024-04-30T06:59:06.933Z, 254.4297298, 447.98570159999997
1714460346949, 2024-04-30T06:59:06.949Z, 262.01899519999995, 445.7316844
1714460346964, 2024-04-30T06:59:06.964Z, 267.07651619999996, 438.8362512
1714460346981, 2024-04-30T06:59:06.981Z, 268.37259819999997, 433.99267599999996
1714460346996, 2024-04-30T06:59:06.996Z, 268.466768, 428.1319952
1714460347013, 2024-04-30T06:59:07.013Z, 268.3589648, 422.0991204
1714460347029, 2024-04-30T06:59:07.029Z, 267.719968, 416.470219
1714460347050, 2024-04-30T06:59:07.050Z, 273.10713000000004, 417.72857999999997
1714460347068, 2024-04-30T06:59:07.068Z, 278.8103082, 422.2260262
1714460347083, 2024-04-30T06:59:07.083Z, 276.3224956, 430.66483800000003
1714460347099, 2024-04-30T06:59:07.099Z, 264.9981012, 441.924078
1714460347112, 2024-04-30T06:59:07.112Z, 252.99552080000004, 452.7863456
1714460347126, 2024-04-30T06:59:07.126Z, 241.1791866, 456.4364362
1714460347142, 2024-04-30T06:59:07.142Z, 237.6346352, 455.777778
1714460347171, 2024-04-30T06:59:07.171Z, 241.99546700000002, 450.04041459999996
1714460347204, 2024-04-30T06:59:07.204Z, 254.03313199999997, 439.35242739999995
1714460347217, 2024-04-30T06:59:07.217Z, 248.0965438, 429.19324479999995
1714460347233, 2024-04-30T06:59:07.233Z, 236.3149112, 422.4295494
1714460347249, 2024-04-30T06:59:07.249Z, 216.569009, 421.219582
1714460347264, 2024-04-30T06:59:07.264Z, 203.5454298, 438.87851119999993
1714460347279, 2024-04-30T06:59:07.279Z, 190.4035636, 456.8787188
1714460347295, 2024-04-30T06:59:07.295Z, 196.1962456, 467.76333559999995
1714460347311, 2024-04-30T06:59:07.311Z, 207.49357279999998, 479.2301259999999
1714460347327, 2024-04-30T06:59:07.327Z, 219.8104186, 488.09476159999997
1714460347354, 2024-04-30T06:59:07.354Z, 231.9328264, 476.50404319999996
1714460347364, 2024-04-30T06:59:07.364Z, 245.98762240000002, 465.710026
1714460347379, 2024-04-30T06:59:07.379Z, 262.0979044, 459.9547064
1714460347404, 2024-04-30T06:59:07.404Z, 279.61700920000004, 449.94012280000004
1714460347420, 2024-04-30T06:59:07.420Z, 299.0362374, 439.89774019999993
1714460347437, 2024-04-30T06:59:07.437Z, 310.5946068, 434.178942
1714460347452, 2024-04-30T06:59:07.452Z, 320.9309134, 427.5074066
1714460347468, 2024-04-30T06:59:07.468Z, 329.5560718, 421.05184740000004
1714460347484, 2024-04-30T06:59:07.484Z, 328.031392, 418.05775460000007
1714460347515, 2024-04-30T06:59:07.515Z, 320.234226, 418.4236118
1714460347531, 2024-04-30T06:59:07.531Z, 308.2731566, 421.1032626
1714460347546, 2024-04-30T06:59:07.546Z, 285.260949, 425.92815920000004
1714460347562, 2024-04-30T06:59:07.562Z, 261.3439952, 432.38961279999995
1714460347578, 2024-04-30T06:59:07.578Z, 244.2338438, 439.0066728
1714460347594, 2024-04-30T06:59:07.594Z, 231.85341040000003, 443.85817719999994
1714460347610, 2024-04-30T06:59:07.610Z, 233.166312, 438.757143
1714460347624, 2024-04-30T06:59:07.624Z, 258.2391954, 433.42731119999996
1714460347649, 2024-04-30T06:59:07.649Z, 284.167874, 424.78328799999997
1714460347671, 2024-04-30T06:59:07.671Z, 307.552229, 421.0670424
1714460347687, 2024-04-30T06:59:07.687Z, 332.96838620000005, 424.45594199999994
1714460347702, 2024-04-30T06:59:07.702Z, 352.8750054, 438.64900559999995
1714460347718, 2024-04-30T06:59:07.718Z, 359.8577096, 448.84300619999993
1714460347733, 2024-04-30T06:59:07.733Z, 365.0424266, 458.6272946
1714460347749, 2024-04-30T06:59:07.749Z, 369.1325168, 464.8622131999999
1714460347764, 2024-04-30T06:59:07.764Z, 374.145684, 464.68222319999995
1714460347780, 2024-04-30T06:59:07.780Z, 375.91666200000003, 457.57190900000006
1714460347799, 2024-04-30T06:59:07.799Z, 376.1101914, 455.27263999999997
1714460347817, 2024-04-30T06:59:07.817Z, 375.97850320000003, 455.8777084
1714460347832, 2024-04-30T06:59:07.832Z, 372.1929328, 451.2863486
1714460347845, 2024-04-30T06:59:07.845Z, 357.29967100000005, 449.3843898
1714460347873, 2024-04-30T06:59:07.873Z, 344.9359022, 453.0480418
1714460347889, 2024-04-30T06:59:07.889Z, 338.6593062, 458.8881832
1714460347905, 2024-04-30T06:59:07.905Z, 328.8086418, 466.0361068
1714460347922, 2024-04-30T06:59:07.922Z, 327.6120922, 469.19175379999996
1714460347950, 2024-04-30T06:59:07.950Z, 331.3275298, 466.0985742
1714460347964, 2024-04-30T06:59:07.964Z, 333.5209214, 458.8752656
1714460347979, 2024-04-30T06:59:07.979Z, 330.8686948, 449.34234879999997
1714460347994, 2024-04-30T06:59:07.994Z, 333.7838392, 443.3139792
1714460348008, 2024-04-30T06:59:08.008Z, 329.85036679999996, 444.2634747999999
1714460348023, 2024-04-30T06:59:08.023Z, 329.9566426, 446.6732934
1714460348038, 2024-04-30T06:59:08.038Z, 332.0706034, 451.717997
1714460348053, 2024-04-30T06:59:08.053Z, 346.4694334, 456.69600019999996
1714460348068, 2024-04-30T06:59:08.068Z, 359.9276774, 458.16604400000006
1714460348099, 2024-04-30T06:59:08.099Z, 379.03077160000004, 461.76940940000003
1714460348113, 2024-04-30T06:59:08.113Z, 395.8101878, 468.13982219999997
1714460348129, 2024-04-30T06:59:08.129Z, 404.6142852, 470.5979276
1714460348143, 2024-04-30T06:59:08.143Z, 400.03821579999993, 472.6456438
1714460348159, 2024-04-30T06:59:08.159Z, 398.60636860000005, 475.64253740000004
1714460348175, 2024-04-30T06:59:08.175Z, 392.2724352, 476.42206159999995
1714460348202, 2024-04-30T06:59:08.202Z, 386.6224286, 470.4421964
1714460348217, 2024-04-30T06:59:08.217Z, 385.5305722, 466.10886980000004
1714460348234, 2024-04-30T06:59:08.234Z, 386.32493600000004, 461.3449812
1714460348250, 2024-04-30T06:59:08.250Z, 381.157708, 459.7865802
1714460348277, 2024-04-30T06:59:08.277Z, 376.5245438, 464.30221220000004
1714460348293, 2024-04-30T06:59:08.293Z, 371.5290734, 472.856826
1714460348293, 2024-04-30T06:59:08.293Z, 367.6399652, 483.55533080000004
1714460348310, 2024-04-30T06:59:08.310Z, 364.240277, 487.06429579999997
1714460348326, 2024-04-30T06:59:08.326Z, 371.3364222, 481.3417436
1714460348341, 2024-04-30T06:59:08.341Z, 380.84398, 468.74766179999995
1714460348357, 2024-04-30T06:59:08.357Z, 391.4176488, 458.1839778
1714460348373, 2024-04-30T06:59:08.373Z, 404.1906776000001, 446.376166
1714460348400, 2024-04-30T06:59:08.400Z, 418.11762980000003, 444.74564799999996
1714460348413, 2024-04-30T06:59:08.413Z, 426.6128086, 451.30381199999994
1714460348428, 2024-04-30T06:59:08.428Z, 432.2602076, 461.98888159999996
1714460348443, 2024-04-30T06:59:08.443Z, 437.4443064, 473.22770460000004
1714460348458, 2024-04-30T06:59:08.458Z, 448.1442435999999, 481.55239379999995
1714460348473, 2024-04-30T06:59:08.473Z, 453.44386539999994, 484.2784008
1714460348489, 2024-04-30T06:59:08.489Z, 451.274535, 484.2242198
1714460348508, 2024-04-30T06:59:08.508Z, 451.30191219999995, 481.0228758
1714460348518, 2024-04-30T06:59:08.518Z, 452.23817439999993, 476.8772038
1714460348549, 2024-04-30T06:59:08.549Z, 442.51710620000006, 474.5867378
1714460348564, 2024-04-30T06:59:08.564Z, 437.65506139999997, 475.553414
1714460348578, 2024-04-30T06:59:08.578Z, 440.1231616, 471.36407799999995
1714460348593, 2024-04-30T06:59:08.593Z, 442.8909278, 464.7162684
1714460348608, 2024-04-30T06:59:08.608Z, 436.55474360000005, 457.4021834
1714460348624, 2024-04-30T06:59:08.624Z, 435.6571146, 451.4410866
1714460348643, 2024-04-30T06:59:08.643Z, 410.18155959999996, 450.81081379999995
1714460348667, 2024-04-30T06:59:08.667Z, 367.3684318, 459.00272340000004
1714460348682, 2024-04-30T06:59:08.682Z, 312.44180739999996, 477.349187
1714460348699, 2024-04-30T06:59:08.699Z, 258.5297352, 499.8130454
1714460348714, 2024-04-30T06:59:08.714Z, 193.34943699999997, 521.6846908
1714460348730, 2024-04-30T06:59:08.730Z, 150.3901934, 537.1593912000001
1714460348746, 2024-04-30T06:59:08.746Z, 121.50003940000002, 548.0396195999999
1714460348761, 2024-04-30T06:59:08.761Z, 102.81650400000001, 552.0836535999999
1714460348778, 2024-04-30T06:59:08.778Z, 90.10010419999999, 550.5714366
1714460348808, 2024-04-30T06:59:08.808Z, 86.9930022, 549.1789376
1714460348824, 2024-04-30T06:59:08.824Z, 84.9134584, 549.4707575999998
1714460348849, 2024-04-30T06:59:08.849Z, 83.8733614, 549.4605126
1714460348872, 2024-04-30T06:59:08.872Z, 80.81446039999999, 549.2189249999999
1714460348888, 2024-04-30T06:59:08.888Z, 78.5126822, 550.731444
1714460348903, 2024-04-30T06:59:08.903Z, 73.5135196, 553.4755612
1714460348917, 2024-04-30T06:59:08.917Z, 67.2034558, 555.987277
1714460348933, 2024-04-30T06:59:08.933Z, 59.0454352, 559.3976061999999
1714460348949, 2024-04-30T06:59:08.949Z, 52.9425244, 563.4180858
1714460348963, 2024-04-30T06:59:08.963Z, 46.12388979999999, 567.974241
1714460348979, 2024-04-30T06:59:08.979Z, 43.142511400000004, 570.5174325999999
1714460348999, 2024-04-30T06:59:08.999Z, 44.4322444, 571.2872056
1714460349017, 2024-04-30T06:59:09.017Z, 54.5027868, 567.4506635999999
1714460349028, 2024-04-30T06:59:09.028Z, 64.71940040000001, 562.7955278000001
1714460349047, 2024-04-30T06:59:09.047Z, 77.5820804, 556.8623754
1714460349058, 2024-04-30T06:59:09.058Z, 88.0665932, 553.7191202
1714460349074, 2024-04-30T06:59:09.074Z, 88.8028804, 561.0841369999999
1714460349090, 2024-04-30T06:59:09.090Z, 81.81367, 571.176125
1714460349106, 2024-04-30T06:59:09.106Z, 74.9284052, 578.5183646
1714460349121, 2024-04-30T06:59:09.121Z, 70.787303, 584.0607056
1714460349153, 2024-04-30T06:59:09.153Z, 73.832977, 583.7916828
1714460349168, 2024-04-30T06:59:09.168Z, 88.8553706, 571.3721906000001
1714460349184, 2024-04-30T06:59:09.184Z, 108.2983096, 557.4682626
1714460349200, 2024-04-30T06:59:09.200Z, 128.4919388, 552.9396274000001
1714460349215, 2024-04-30T06:59:09.215Z, 144.6381472, 548.8949471999999
1714460349231, 2024-04-30T06:59:09.231Z, 155.1014144, 551.6953442
1714460349246, 2024-04-30T06:59:09.246Z, 162.00392240000002, 542.9379799999999
1714460349262, 2024-04-30T06:59:09.262Z, 169.261341, 529.5711455999999
1714460349279, 2024-04-30T06:59:09.279Z, 175.1525436, 502.66036080000003
1714460349300, 2024-04-30T06:59:09.300Z, 180.25542339999998, 471.1445154
1714460349313, 2024-04-30T06:59:09.313Z, 180.4242448, 432.7761966
1714460349342, 2024-04-30T06:59:09.342Z, 184.8688716, 407.52807680000006
1714460349356, 2024-04-30T06:59:09.356Z, 185.4186396, 390.13418100000007
1714460349372, 2024-04-30T06:59:09.372Z, 186.3760054, 380.22674240000003
1714460349388, 2024-04-30T06:59:09.388Z, 181.0056424, 368.04659380000004
1714460349404, 2024-04-30T06:59:09.404Z, 179.3914994, 357.3840064
1714460349421, 2024-04-30T06:59:09.421Z, 173.78621479999998, 347.2633398
1714460349451, 2024-04-30T06:59:09.451Z, 171.1293856, 333.5724618
1714460349470, 2024-04-30T06:59:09.470Z, 169.17426759999998, 322.8161844
1714460349487, 2024-04-30T06:59:09.487Z, 177.0664252, 320.85829839999997
1714460349498, 2024-04-30T06:59:09.498Z, 184.5854196, 322.9282912
1714460349513, 2024-04-30T06:59:09.513Z, 186.1567538, 329.01533639999997
1714460349528, 2024-04-30T06:59:09.528Z, 181.8108264, 339.2283268
1714460349544, 2024-04-30T06:59:09.544Z, 173.3187762, 340.10580059999995
1714460349560, 2024-04-30T06:59:09.560Z, 160.8320446, 337.921823
1714460349576, 2024-04-30T06:59:09.576Z, 154.8591706, 330.2359998
1714460349599, 2024-04-30T06:59:09.599Z, 150.2935344, 316.2242288
1714460349624, 2024-04-30T06:59:09.624Z, 161.9299576, 299.4117738
1714460349639, 2024-04-30T06:59:09.639Z, 177.12606480000002, 285.3046836
1714460349655, 2024-04-30T06:59:09.655Z, 193.3961332, 276.8013546
1714460349671, 2024-04-30T06:59:09.671Z, 204.0733996, 273.45695920000003
1714460349687, 2024-04-30T06:59:09.687Z, 218.841295, 271.914972
1714460349702, 2024-04-30T06:59:09.702Z, 224.25896619999997, 273.4730928
1714460349719, 2024-04-30T06:59:09.719Z, 231.6099264, 277.7779106
1714460349749, 2024-04-30T06:59:09.749Z, 243.022313, 277.2589449999999
1714460349762, 2024-04-30T06:59:09.762Z, 253.7628894, 274.55924699999997
1714460349785, 2024-04-30T06:59:09.785Z, 262.14832099999995, 270.8458916
1714460349806, 2024-04-30T06:59:09.806Z, 261.4438858, 261.1574524
1714460349813, 2024-04-30T06:59:09.813Z, 258.7061298, 251.90183459999997
1714460349829, 2024-04-30T06:59:09.829Z, 249.1272374, 242.34742859999997
1714460349844, 2024-04-30T06:59:09.844Z, 240.32687079999997, 234.2262834
1714460349860, 2024-04-30T06:59:09.860Z, 234.36528239999998, 230.5160796
1714460349877, 2024-04-30T06:59:09.877Z, 234.3075562, 232.20427679999997
1714460349898, 2024-04-30T06:59:09.898Z, 237.1635518, 236.59819779999998
1714460349912, 2024-04-30T06:59:09.912Z, 243.6469252, 246.3464388
1714460349943, 2024-04-30T06:59:09.943Z, 244.5702994, 255.26803640000003
1714460349957, 2024-04-30T06:59:09.957Z, 242.86221559999998, 261.28768959999996
1714460349975, 2024-04-30T06:59:09.975Z, 234.24031, 259.0770448
1714460349987, 2024-04-30T06:59:09.987Z, 225.60564159999998, 253.2583524
1714460350002, 2024-04-30T06:59:10.002Z, 217.727918, 246.2669394
1714460350018, 2024-04-30T06:59:10.018Z, 213.2940838, 242.38898
1714460350049, 2024-04-30T06:59:10.049Z, 217.4404716, 250.4552722
1714460350078, 2024-04-30T06:59:10.078Z, 228.13737419999998, 264.3940576
1714460350109, 2024-04-30T06:59:10.109Z, 236.9815772, 276.7970512
1714460350125, 2024-04-30T06:59:10.125Z, 249.07407600000002, 286.9516068
1714460350157, 2024-04-30T06:59:10.157Z, 263.9708462, 289.18680459999996
1714460350173, 2024-04-30T06:59:10.173Z, 271.2280898, 273.4941986
1714460350205, 2024-04-30T06:59:10.205Z, 279.504486, 259.22329060000004
1714460350236, 2024-04-30T06:59:10.236Z, 286.23816239999996, 251.5038364
1714460350252, 2024-04-30T06:59:10.252Z, 289.23217220000004, 243.55125859999998
1714460350283, 2024-04-30T06:59:10.283Z, 292.9800192, 243.00148959999996
1714460350299, 2024-04-30T06:59:10.299Z, 301.7215444, 258.38800000000003
1714460350330, 2024-04-30T06:59:10.330Z, 307.28100859999995, 274.85321899999997
1714460350367, 2024-04-30T06:59:10.367Z, 312.6621134, 286.3431694
1714460350394, 2024-04-30T06:59:10.394Z, 313.9675166, 295.61209560000003
1714460350409, 2024-04-30T06:59:10.409Z, 316.80193199999997, 302.742122
1714460350425, 2024-04-30T06:59:10.425Z, 311.8850976, 299.20673700000003
1714460350456, 2024-04-30T06:59:10.456Z, 314.0461764, 291.399066
1714460350472, 2024-04-30T06:59:10.472Z, 322.2131868, 279.1906344
1714460350499, 2024-04-30T06:59:10.499Z, 327.9183572, 267.1466024
1714460350513, 2024-04-30T06:59:10.513Z, 325.8591186, 254.97093959999998
1714460350547, 2024-04-30T06:59:10.547Z, 334.8501258, 243.99069259999996
1714460350565, 2024-04-30T06:59:10.565Z, 334.23715899999996, 235.58528959999998
1714460350597, 2024-04-30T06:59:10.597Z, 332.4604418, 233.1033594
1714460350612, 2024-04-30T06:59:10.612Z, 330.99392959999994, 235.3777388
1714460350652, 2024-04-30T06:59:10.652Z, 330.4843227999999, 237.0842766
1714460350665, 2024-04-30T06:59:10.665Z, 323.55397419999997, 240.6678304
1714460350681, 2024-04-30T06:59:10.681Z, 331.42824859999996, 245.0321712
1714460350696, 2024-04-30T06:59:10.696Z, 335.4488394, 247.97095759999996
1714460350711, 2024-04-30T06:59:10.711Z, 345.36003500000004, 247.61414380000002
1714460350726, 2024-04-30T06:59:10.726Z, 352.3710038, 250.9465898
1714460350741, 2024-04-30T06:59:10.741Z, 368.77268019999997, 261.66720300000003
1714460350771, 2024-04-30T06:59:10.771Z, 369.0631502, 268.0313864
1714460350801, 2024-04-30T06:59:10.801Z, 366.5276412, 269.1359164
1714460350953, 2024-04-30T06:59:10.953Z, 293.4727656, 278.683297
1714460350966, 2024-04-30T06:59:10.966Z, 227.0330114, 264.9734376
1714460351002, 2024-04-30T06:59:11.002Z, 155.46085539999999, 239.9449904
1714460351017, 2024-04-30T06:59:11.017Z, 100.2370548, 228.11342259999998
1714460351032, 2024-04-30T06:59:11.032Z, 46.702826599999995, 219.50054559999998
1714460351048, 2024-04-30T06:59:11.048Z, 63.00347059999999, 203.9584912
1714460351064, 2024-04-30T06:59:11.064Z, 86.340762, 205.54431920000002
1714460351101, 2024-04-30T06:59:11.101Z, 113.31991339999999, 214.2653206
1714460351132, 2024-04-30T06:59:11.132Z, 131.34205000000003, 213.36489340000003
1714460351146, 2024-04-30T06:59:11.146Z, 151.29683160000002, 209.36568160000002
1714460351176, 2024-04-30T06:59:11.176Z, 161.43793420000003, 205.62289700000002
1714460351191, 2024-04-30T06:59:11.191Z, 154.8031548, 202.141534
1714460351209, 2024-04-30T06:59:11.209Z, 136.841112, 195.0706156
1714460351237, 2024-04-30T06:59:11.237Z, 117.81947779999999, 190.07559419999998
1714460351254, 2024-04-30T06:59:11.254Z, 99.1140464, 191.60406559999998
1714460351269, 2024-04-30T06:59:11.269Z, 91.15645219999999, 197.4949948
1714460351285, 2024-04-30T06:59:11.285Z, 96.010356, 203.6662094
1714460351300, 2024-04-30T06:59:11.300Z, 109.7230634, 207.3114262
1714460351315, 2024-04-30T06:59:11.315Z, 123.1041136, 209.1633314
1714460351331, 2024-04-30T06:59:11.331Z, 133.1194954, 214.05392179999998
1714460351347, 2024-04-30T06:59:11.347Z, 136.6891066, 214.74410240000003
1714460351363, 2024-04-30T06:59:11.363Z, 138.1150464, 217.50590460000004
1714460351378, 2024-04-30T06:59:11.378Z, 126.6854384, 222.62430400000002
1714460351403, 2024-04-30T06:59:11.403Z, 113.72219420000002, 231.3316712
1714460351424, 2024-04-30T06:59:11.424Z, 107.56586519999999, 235.9958846
1714460351439, 2024-04-30T06:59:11.439Z, 111.46979900000001, 239.9034068
1714460351456, 2024-04-30T06:59:11.456Z, 121.59708220000002, 243.26532779999997
1714460351472, 2024-04-30T06:59:11.472Z, 135.9552886, 247.10327080000002
1714460351487, 2024-04-30T06:59:11.487Z, 152.3826522, 247.9896854
1714460351503, 2024-04-30T06:59:11.503Z, 165.99987739999997, 249.85915599999998
1714460351518, 2024-04-30T06:59:11.518Z, 175.2538324, 251.898463
1714460351533, 2024-04-30T06:59:11.533Z, 177.9286646, 253.0969084
1714460351554, 2024-04-30T06:59:11.554Z, 181.83583159999998, 254.57117559999998
1714460351567, 2024-04-30T06:59:11.567Z, 181.14933539999998, 254.3468724
1714460351583, 2024-04-30T06:59:11.583Z, 177.01722279999998, 253.1741298
1714460351598, 2024-04-30T06:59:11.598Z, 171.3547696, 252.48952319999998
1714460351612, 2024-04-30T06:59:11.612Z, 163.66139500000003, 256.687098
1714460351627, 2024-04-30T06:59:11.628Z, 154.4431552, 260.5393418
1714460351643, 2024-04-30T06:59:11.643Z, 147.7931574, 265.6644616
1714460351659, 2024-04-30T06:59:11.659Z, 142.3617192, 270.07918920000003
1714460351674, 2024-04-30T06:59:11.674Z, 138.9572004, 274.2477408
1714460351703, 2024-04-30T06:59:11.703Z, 134.3239258, 275.0147396
1714460351716, 2024-04-30T06:59:11.716Z, 131.4187586, 274.7016173999999
1714460351730, 2024-04-30T06:59:11.730Z, 129.37679559999998, 275.41637519999995
1714460351747, 2024-04-30T06:59:11.747Z, 130.1991838, 278.0886408
1714460351768, 2024-04-30T06:59:11.768Z, 130.20034700000002, 279.71071919999997
1714460351783, 2024-04-30T06:59:11.783Z, 138.23248279999999, 284.56894700000004
1714460351815, 2024-04-30T06:59:11.815Z, 161.4874786, 285.58981059999996
1714460351830, 2024-04-30T06:59:11.830Z, 184.06761039999998, 283.2212184
1714460351851, 2024-04-30T06:59:11.851Z, 205.17304400000003, 273.42385140000005
1714460351867, 2024-04-30T06:59:11.867Z, 224.433011, 264.6316586
1714460351880, 2024-04-30T06:59:11.880Z, 232.72237879999997, 251.85679859999996
1714460351895, 2024-04-30T06:59:11.895Z, 218.9747694, 248.2178098
1714460351910, 2024-04-30T06:59:11.910Z, 208.0252144, 247.79752900000003
1714460351925, 2024-04-30T06:59:11.925Z, 200.2918266, 256.053168
1714460351941, 2024-04-30T06:59:11.941Z, 193.57670639999998, 273.46063599999997
1714460351956, 2024-04-30T06:59:11.956Z, 191.9835372, 290.7012962
1714460352002, 2024-04-30T06:59:12.002Z, 199.1496318, 299.513393
1714460352034, 2024-04-30T06:59:12.034Z, 201.69260020000002, 299.53489819999993
1714460352049, 2024-04-30T06:59:12.049Z, 201.1076012, 300.69480459999994
1714460352064, 2024-04-30T06:59:12.064Z, 203.3274396, 291.02165920000004
1714460352080, 2024-04-30T06:59:12.080Z, 207.65557840000002, 282.6790158
1714460352096, 2024-04-30T06:59:12.096Z, 211.12355040000003, 274.85490219999997
1714460352111, 2024-04-30T06:59:12.111Z, 218.01391199999998, 269.2143208
1714460352126, 2024-04-30T06:59:12.126Z, 223.8795882, 259.8357272
1714460352153, 2024-04-30T06:59:12.153Z, 227.06364559999997, 247.8715914
1714460352165, 2024-04-30T06:59:12.165Z, 228.26528240000002, 235.22768860000002
1714460352180, 2024-04-30T06:59:12.180Z, 227.87679680000002, 225.712688
1714460352212, 2024-04-30T06:59:12.212Z, 225.91579059999998, 225.43667560000003
1714460352228, 2024-04-30T06:59:12.228Z, 227.53503300000003, 230.93841000000003
1714460352268, 2024-04-30T06:59:12.268Z, 228.443037, 238.117893
1714460352283, 2024-04-30T06:59:12.283Z, 229.46570659999998, 248.1431392
1714460352301, 2024-04-30T06:59:12.301Z, 227.55108859999996, 259.9771508
1714460352315, 2024-04-30T06:59:12.315Z, 226.756552, 267.8887978
1714460352347, 2024-04-30T06:59:12.347Z, 235.91851159999996, 289.87656860000004
1714460352363, 2024-04-30T06:59:12.363Z, 244.5267014, 312.3774038
1714460352378, 2024-04-30T06:59:12.378Z, 254.46149100000002, 328.22835960000003
1714460352393, 2024-04-30T06:59:12.393Z, 269.968453, 340.27520339999995
1714460352409, 2024-04-30T06:59:12.409Z, 296.4629566, 355.459917
1714460352425, 2024-04-30T06:59:12.425Z, 310.86579520000004, 350.227342
1714460352451, 2024-04-30T06:59:12.451Z, 329.621632, 345.1400718
1714460352482, 2024-04-30T06:59:12.482Z, 343.66004899999996, 336.59853799999996
1714460352497, 2024-04-30T06:59:12.497Z, 357.4185654, 323.8007738
1714460352510, 2024-04-30T06:59:12.510Z, 357.3845916, 301.6505244
1714460352525, 2024-04-30T06:59:12.525Z, 355.990269, 280.4163294
1714460352540, 2024-04-30T06:59:12.540Z, 353.1539732, 263.6096632
1714460352555, 2024-04-30T06:59:12.555Z, 353.4733174, 253.71395900000002
1714460352570, 2024-04-30T06:59:12.570Z, 349.0524596, 245.4481364
1714460352615, 2024-04-30T06:59:12.615Z, 346.17630160000004, 242.5127422
1714460352634, 2024-04-30T06:59:12.634Z, 343.4798448, 244.1454632
1714460352648, 2024-04-30T06:59:12.648Z, 340.57127060000005, 242.21968319999996
1714460352663, 2024-04-30T06:59:12.663Z, 336.2097256, 245.77464700000002
1714460352676, 2024-04-30T06:59:12.676Z, 332.60719980000005, 251.777984
1714460352690, 2024-04-30T06:59:12.690Z, 332.5251518, 250.24617380000004
1714460352707, 2024-04-30T06:59:12.707Z, 332.1306548, 243.06732440000002
1714460352722, 2024-04-30T06:59:12.722Z, 333.0331186, 238.65827839999997
1714460352751, 2024-04-30T06:59:12.751Z, 335.6656514, 230.910227
1714460352765, 2024-04-30T06:59:12.765Z, 342.59630980000003, 224.810901
1714460352780, 2024-04-30T06:59:12.780Z, 339.59811060000004, 227.3348812
1714460352795, 2024-04-30T06:59:12.795Z, 327.1950392, 232.1564986
1714460352810, 2024-04-30T06:59:12.810Z, 296.12337799999995, 235.12965479999997
1714460352825, 2024-04-30T06:59:12.825Z, 267.6907692, 239.7856966
1714460352840, 2024-04-30T06:59:12.840Z, 227.71743179999999, 241.20821660000001
1714460352855, 2024-04-30T06:59:12.855Z, 195.5515384, 243.49334400000004
1714460352870, 2024-04-30T06:59:12.870Z, 167.0360054, 240.8174282
1714460352908, 2024-04-30T06:59:12.908Z, 140.7269028, 240.50499599999998
1714460352925, 2024-04-30T06:59:12.925Z, 108.52766840000001, 231.99477539999998
1714460352940, 2024-04-30T06:59:12.940Z, 86.1263098, 226.408844
1714460352955, 2024-04-30T06:59:12.955Z, 62.9849942, 221.05413639999998
1714460352971, 2024-04-30T06:59:12.971Z, 47.1233634, 219.8339528
1714460352988, 2024-04-30T06:59:12.988Z, 58.1669322, 216.7978784
1714460353004, 2024-04-30T06:59:13.004Z, 73.44401239999999, 219.437266
1714460353019, 2024-04-30T06:59:13.019Z, 80.04357819999998, 226.910124
1714460353049, 2024-04-30T06:59:13.049Z, 87.9968336, 231.706995
1714460353063, 2024-04-30T06:59:13.063Z, 98.60618559999999, 235.2585404
1714460353078, 2024-04-30T06:59:13.078Z, 100.4449568, 239.1595816
1714460353093, 2024-04-30T06:59:13.093Z, 104.037702, 244.35902260000003
1714460353108, 2024-04-30T06:59:13.108Z, 117.2163962, 246.78100719999998
1714460353123, 2024-04-30T06:59:13.123Z, 134.47572780000002, 254.05159640000002
1714460353138, 2024-04-30T06:59:13.138Z, 150.2476728, 262.69361779999997
1714460353153, 2024-04-30T06:59:13.153Z, 160.7764316, 269.67991399999994
1714460353168, 2024-04-30T06:59:13.168Z, 170.6504222, 277.86563620000004
1714460353200, 2024-04-30T06:59:13.200Z, 179.9804052, 285.9671332
1714460353216, 2024-04-30T06:59:13.216Z, 183.07287340000002, 294.93277880000005
1714460353228, 2024-04-30T06:59:13.228Z, 181.2092836, 314.3929022
1714460353247, 2024-04-30T06:59:13.247Z, 179.88599700000003, 339.38389440000003
1714460353259, 2024-04-30T06:59:13.259Z, 170.15460660000002, 358.5834868
1714460353273, 2024-04-30T06:59:13.273Z, 161.6602092, 375.95830459999996
1714460353292, 2024-04-30T06:59:13.292Z, 154.6917858, 387.54382580000004
1714460353304, 2024-04-30T06:59:13.304Z, 147.0481662, 386.70014580000003
1714460353318, 2024-04-30T06:59:13.318Z, 140.2074556, 377.0099422
1714460353354, 2024-04-30T06:59:13.354Z, 147.92986819999996, 378.54995679999996
1714460353365, 2024-04-30T06:59:13.365Z, 153.64885339999998, 380.4129792
1714460353381, 2024-04-30T06:59:13.381Z, 156.8144782, 377.26540019999993
1714460353396, 2024-04-30T06:59:13.396Z, 164.02015139999997, 373.5586824
1714460353413, 2024-04-30T06:59:13.413Z, 173.7789166, 371.528234
1714460353429, 2024-04-30T06:59:13.429Z, 185.479682, 355.1472262
1714460353445, 2024-04-30T06:59:13.445Z, 201.9264686, 341.4594704
1714460353461, 2024-04-30T06:59:13.461Z, 219.6922584, 336.5985896
1714460353477, 2024-04-30T06:59:13.477Z, 231.3960398, 331.88002459999996
1714460353499, 2024-04-30T06:59:13.499Z, 244.1784702, 332.2952348
1714460353513, 2024-04-30T06:59:13.513Z, 243.6551018, 339.8902986
1714460353528, 2024-04-30T06:59:13.528Z, 235.7880724, 345.83419000000004
1714460353555, 2024-04-30T06:59:13.555Z, 227.47928080000003, 350.0444436
1714460353571, 2024-04-30T06:59:13.571Z, 219.6262902, 358.4565094000001
1714460353586, 2024-04-30T06:59:13.586Z, 194.14364819999997, 384.6990398
1714460353601, 2024-04-30T06:59:13.601Z, 172.9242492, 401.0974128
1714460353617, 2024-04-30T06:59:13.617Z, 155.91365860000002, 415.282597
1714460353632, 2024-04-30T06:59:13.632Z, 143.73635639999998, 434.3932394
1714460353653, 2024-04-30T06:59:13.653Z, 133.2484104, 439.017566
1714460353667, 2024-04-30T06:59:13.667Z, 149.2772584, 414.1080578000001
1714460353695, 2024-04-30T06:59:13.695Z, 163.8015016, 397.8172892
1714460353711, 2024-04-30T06:59:13.711Z, 172.9642004, 387.4196508
1714460353727, 2024-04-30T06:59:13.727Z, 176.2937628, 376.6995656
1714460353743, 2024-04-30T06:59:13.743Z, 191.0634826, 368.5125378
1714460353743, 2024-04-30T06:59:13.743Z, 192.3883876, 381.5606046
1714460353759, 2024-04-30T06:59:13.759Z, 191.08242460000002, 389.9555878
1714460353775, 2024-04-30T06:59:13.775Z, 201.1480896, 395.55587899999995
1714460353804, 2024-04-30T06:59:13.804Z, 204.5037418, 389.81513160000003
1714460353822, 2024-04-30T06:59:13.822Z, 206.7201994, 391.75437580000005
1714460353838, 2024-04-30T06:59:13.838Z, 207.20571980000005, 379.760491
1714460353854, 2024-04-30T06:59:13.854Z, 210.1073372, 373.4699936
1714460353870, 2024-04-30T06:59:13.870Z, 220.125562, 361.13747079999996
1714460353886, 2024-04-30T06:59:13.886Z, 234.7091006, 358.31992299999996
1714460353902, 2024-04-30T06:59:13.902Z, 242.3441144, 357.7216874
1714460353917, 2024-04-30T06:59:13.917Z, 250.3772068, 359.7389466
1714460353932, 2024-04-30T06:59:13.932Z, 254.94911900000002, 360.4155318
1714460353953, 2024-04-30T06:59:13.953Z, 241.91269620000003, 364.04881680000005
1714460353980, 2024-04-30T06:59:13.980Z, 229.07921040000002, 364.55208919999995
1714460353996, 2024-04-30T06:59:13.996Z, 216.8559396, 364.39379080000003
1714460354012, 2024-04-30T06:59:14.012Z, 214.86940020000003, 362.4714662
1714460354028, 2024-04-30T06:59:14.028Z, 226.10150480000001, 357.3070434
1714460354044, 2024-04-30T06:59:14.044Z, 238.5426704, 353.3511252
1714460354059, 2024-04-30T06:59:14.059Z, 255.413527, 349.0332948
1714460354075, 2024-04-30T06:59:14.075Z, 269.65847180000003, 345.8318884
1714460354100, 2024-04-30T06:59:14.100Z, 274.67720399999996, 344.7831822
1714460354114, 2024-04-30T06:59:14.114Z, 255.24657359999998, 343.2560324
1714460354128, 2024-04-30T06:59:14.128Z, 240.0090336, 340.9108622
1714460354144, 2024-04-30T06:59:14.144Z, 230.8796842, 337.7579382
1714460354159, 2024-04-30T06:59:14.159Z, 219.9936812, 336.96008600000005
1714460354177, 2024-04-30T06:59:14.177Z, 203.0259856, 334.0952888
1714460354193, 2024-04-30T06:59:14.193Z, 205.28476339999997, 336.13061460000006
1714460354206, 2024-04-30T06:59:14.206Z, 207.1137608, 337.9642298
1714460354219, 2024-04-30T06:59:14.219Z, 203.1210668, 340.398116
1714460354251, 2024-04-30T06:59:14.251Z, 213.7027394, 337.95722220000005
1714460354280, 2024-04-30T06:59:14.280Z, 230.04513219999998, 336.81584460000005
1714460354296, 2024-04-30T06:59:14.296Z, 215.20377780000004, 331.3773622
1714460354296, 2024-04-30T06:59:14.296Z, 193.6852092, 325.958161
1714460354311, 2024-04-30T06:59:14.311Z, 189.012922, 322.24175260000004
1714460354328, 2024-04-30T06:59:14.328Z, 170.50106699999998, 323.1371824
1714460354343, 2024-04-30T06:59:14.343Z, 150.2689878, 324.08947820000003
1714460354359, 2024-04-30T06:59:14.359Z, 157.108351, 327.8130692
1714460354375, 2024-04-30T06:59:14.375Z, 165.5601624, 334.4405512
1714460354401, 2024-04-30T06:59:14.401Z, 161.62388700000002, 342.3395042
1714460354419, 2024-04-30T06:59:14.419Z, 158.5000538, 346.9305968
1714460354430, 2024-04-30T06:59:14.430Z, 160.3482598, 346.90783839999995
1714460354445, 2024-04-30T06:59:14.445Z, 165.19083919999997, 347.47388739999997
1714460354462, 2024-04-30T06:59:14.462Z, 173.12192960000002, 347.0092668
1714460354476, 2024-04-30T06:59:14.476Z, 175.9468496, 341.7592196
1714460354502, 2024-04-30T06:59:14.502Z, 187.8992692, 336.9685716
1714460354518, 2024-04-30T06:59:14.518Z, 203.3186674, 340.3109568
1714460354534, 2024-04-30T06:59:14.534Z, 221.04629340000002, 345.4998968
1714460354551, 2024-04-30T06:59:14.551Z, 253.41411839999995, 353.319628
1714460354566, 2024-04-30T06:59:14.566Z, 291.9657038, 355.19680159999996
1714460354582, 2024-04-30T06:59:14.582Z, 323.13064339999994, 353.5598328
1714460354598, 2024-04-30T06:59:14.598Z, 345.0708762, 351.24933
1714460354613, 2024-04-30T06:59:14.613Z, 361.9260392, 347.3450878
1714460354629, 2024-04-30T06:59:14.629Z, 407.01434099999994, 339.0183884
1714460354645, 2024-04-30T06:59:14.645Z, 442.664988, 338.17581720000004
1714460354677, 2024-04-30T06:59:14.677Z, 504.56551079999997, 333.7845324
1714460354700, 2024-04-30T06:59:14.700Z, 658.4912168000001, 316.23214040000005
1714460354713, 2024-04-30T06:59:14.713Z, 813.4980266, 296.59308960000004
1714460354773, 2024-04-30T06:59:14.773Z, 935.6980907999999, 275.6083708
1714460354788, 2024-04-30T06:59:14.788Z, 1065.6810252, 242.26792419999998
1714460354805, 2024-04-30T06:59:14.805Z, 1175.2944539999999, 213.20523120000001
1714460354819, 2024-04-30T06:59:14.819Z, 1196.7536328, 192.3615186
1714460354848, 2024-04-30T06:59:14.848Z, 1213.9701896000001, 176.1292064
1714460354863, 2024-04-30T06:59:14.863Z, 1219.7214506, 162.43892340000002
1714460354878, 2024-04-30T06:59:14.878Z, 1220.0465576000001, 162.3430424
1714460354897, 2024-04-30T06:59:14.897Z, 1211.6945288000002, 168.90497720000002
1714460354914, 2024-04-30T06:59:14.914Z, 1200.8970124000002, 176.9433814
1714460354929, 2024-04-30T06:59:14.929Z, 1191.503126, 181.18097900000004
1714460354944, 2024-04-30T06:59:14.944Z, 1183.014762, 183.74987299999998
1714460354961, 2024-04-30T06:59:14.961Z, 1175.702291, 183.996589
1714460354999, 2024-04-30T06:59:14.999Z, 1170.2141664, 172.3294916
1714460355013, 2024-04-30T06:59:15.013Z, 1168.5504048, 157.0991982
1714460355028, 2024-04-30T06:59:15.028Z, 1169.0706156, 142.657086
1714460355054, 2024-04-30T06:59:15.054Z, 1168.9457182, 129.6236116
1714460355086, 2024-04-30T06:59:15.086Z, 1168.6479062, 118.516358
1714460355117, 2024-04-30T06:59:15.117Z, 1167.933829, 117.4797392
1714460355132, 2024-04-30T06:59:15.132Z, 1165.4986512, 121.61317979999998
1714460355153, 2024-04-30T06:59:15.153Z, 1165.9003968000002, 127.9766126
1714460355166, 2024-04-30T06:59:15.166Z, 1166.621665, 134.09906900000001
1714460355186, 2024-04-30T06:59:15.186Z, 1166.3327904, 141.3851892
1714460355199, 2024-04-30T06:59:15.199Z, 1168.2473975999999, 148.5793682
1714460355210, 2024-04-30T06:59:15.210Z, 1171.949783, 155.4067258
1714460355241, 2024-04-30T06:59:15.241Z, 1174.0872222, 159.7321958
1714460355257, 2024-04-30T06:59:15.257Z, 1176.6420632000002, 162.6615018
1714460355273, 2024-04-30T06:59:15.273Z, 1180.3061278, 163.78505760000002
1714460355301, 2024-04-30T06:59:15.301Z, 1175.4562776, 175.2538718
1714460355317, 2024-04-30T06:59:15.317Z, 1165.9478636, 185.8237584
1714460355329, 2024-04-30T06:59:15.329Z, 1155.4066740000003, 184.34684299999998
1714460355343, 2024-04-30T06:59:15.343Z, 1144.0077482, 191.1738022
1714460355366, 2024-04-30T06:59:15.366Z, 1136.9821402000002, 192.8019046
1714460355381, 2024-04-30T06:59:15.381Z, 1138.8792234, 182.33579400000002
1714460355396, 2024-04-30T06:59:15.396Z, 1144.4820952000002, 172.65571459999998
1714460355412, 2024-04-30T06:59:15.412Z, 1147.6562156, 172.072044
1714460355428, 2024-04-30T06:59:15.428Z, 1153.0854145999997, 164.87417699999997
1714460355450, 2024-04-30T06:59:15.450Z, 1154.2378864000002, 159.93505439999998
1714460355465, 2024-04-30T06:59:15.465Z, 1155.4950236, 152.9862328
1714460355478, 2024-04-30T06:59:15.478Z, 1157.9045958000002, 148.24674720000002
1714460355494, 2024-04-30T06:59:15.494Z, 1168.9725193999998, 160.08294300000003
1714460355510, 2024-04-30T06:59:15.510Z, 1177.0368102, 183.7431352
1714460355523, 2024-04-30T06:59:15.523Z, 1185.0879374, 208.9947616
1714460355555, 2024-04-30T06:59:15.555Z, 1192.9898102, 235.6693322
1714460355571, 2024-04-30T06:59:15.571Z, 1200.5143967999998, 258.366089
1714460355599, 2024-04-30T06:59:15.599Z, 1203.9619784, 263.96710599999994
1714460355613, 2024-04-30T06:59:15.613Z, 1208.8367447999997, 257.0031763999999
1714460355628, 2024-04-30T06:59:15.628Z, 1212.24551, 267.6945852
1714460355647, 2024-04-30T06:59:15.647Z, 1215.0702004, 278.6083516
1714460355658, 2024-04-30T06:59:15.658Z, 1213.9139916, 289.0672868
1714460355673, 2024-04-30T06:59:15.673Z, 1212.3251022, 301.33395379999996
1714460355688, 2024-04-30T06:59:15.688Z, 1211.7700594000003, 312.0359418
1714460355703, 2024-04-30T06:59:15.703Z, 1211.0459644, 305.82809260000005
1714460355722, 2024-04-30T06:59:15.722Z, 1210.1761330000002, 300.1385328
1714460355753, 2024-04-30T06:59:15.753Z, 1211.6063550000001, 286.427593
1714460355776, 2024-04-30T06:59:15.776Z, 1211.2307432000002, 279.7064342
1714460355792, 2024-04-30T06:59:15.792Z, 1210.1695260000001, 274.3760538
1714460355807, 2024-04-30T06:59:15.807Z, 1213.958395, 270.32890940000004
1714460355822, 2024-04-30T06:59:15.822Z, 1217.684426, 265.5139142
1714460355838, 2024-04-30T06:59:15.838Z, 1220.1571176, 269.241414
1714460355869, 2024-04-30T06:59:15.869Z, 1222.1501368, 271.578211
1714460355917, 2024-04-30T06:59:15.917Z, 1230.9060952, 281.0976588
1714460355933, 2024-04-30T06:59:15.933Z, 1238.4797534000002, 289.109029
1714460355948, 2024-04-30T06:59:15.948Z, 1248.4963616, 297.606331
1714460355964, 2024-04-30T06:59:15.964Z, 1276.0480592, 307.6719336
1714460355980, 2024-04-30T06:59:15.980Z, 1302.2860575999998, 310.39513
1714460355996, 2024-04-30T06:59:15.996Z, 1321.653782, 305.19372319999997
1714460356012, 2024-04-30T06:59:16.012Z, 1340.0029332, 302.9956224
1714460356028, 2024-04-30T06:59:16.028Z, 1357.7925648, 300.5906108
1714460356049, 2024-04-30T06:59:16.049Z, 1367.0709224, 287.228149
1714460356062, 2024-04-30T06:59:16.062Z, 1377.4416836, 278.9018876
1714460356098, 2024-04-30T06:59:16.098Z, 1389.5035186, 269.90911359999996
1714460356112, 2024-04-30T06:59:16.112Z, 1402.1646322000001, 265.0912262
1714460356126, 2024-04-30T06:59:16.126Z, 1410.6808903999997, 262.36945160000005
1714460356141, 2024-04-30T06:59:16.141Z, 1410.1080085999997, 269.3582742
1714460356169, 2024-04-30T06:59:16.169Z, 1411.3459120000002, 275.6032598
1714460356202, 2024-04-30T06:59:16.202Z, 1405.0630168, 284.9269374
1714460356233, 2024-04-30T06:59:16.233Z, 1414.5393242, 281.1580768
1714460356248, 2024-04-30T06:59:16.248Z, 1423.8414638, 281.3954302
1714460356278, 2024-04-30T06:59:16.278Z, 1435.4974526, 282.0058146
1714460356294, 2024-04-30T06:59:16.294Z, 1444.0295326, 289.5670688
1714460356325, 2024-04-30T06:59:16.325Z, 1462.4699578, 295.12101
1714460356379, 2024-04-30T06:59:16.379Z, 1462.9856516, 315.94621060000003
1714460356386, 2024-04-30T06:59:16.386Z, 1469.029011, 325.50035180000003
1714460356417, 2024-04-30T06:59:16.417Z, 1463.6507625999998, 333.0134982000001
1714460356433, 2024-04-30T06:59:16.433Z, 1459.3722903999999, 320.45123419999993
1714460356464, 2024-04-30T06:59:16.464Z, 1452.9340556, 309.2058508
1714460356479, 2024-04-30T06:59:16.479Z, 1449.17602, 287.733039
1714460356500, 2024-04-30T06:59:16.500Z, 1442.6305892, 271.6659304
1714460356515, 2024-04-30T06:59:16.515Z, 1447.3862962, 257.4825886
1714460356529, 2024-04-30T06:59:16.529Z, 1448.2999818, 260.01600339999993
1714460356545, 2024-04-30T06:59:16.545Z, 1442.7790826, 268.2430832
1714460356562, 2024-04-30T06:59:16.562Z, 1435.2468504, 276.2953406
1714460356574, 2024-04-30T06:59:16.574Z, 1427.3996757999998, 284.0985412
1714460356590, 2024-04-30T06:59:16.590Z, 1419.3073418, 297.0718888
1714460356606, 2024-04-30T06:59:16.606Z, 1416.4828237999998, 307.0763346
1714460356650, 2024-04-30T06:59:16.650Z, 1415.7449407999998, 313.2329862
1714460356679, 2024-04-30T06:59:16.679Z, 1411.5572280000001, 322.69692480000003
1714460356694, 2024-04-30T06:59:16.694Z, 1407.1841289999998, 333.0239818
1714460356709, 2024-04-30T06:59:16.709Z, 1409.4495258000002, 335.7827804
1714460356724, 2024-04-30T06:59:16.724Z, 1412.3475252, 338.5117904
1714460356742, 2024-04-30T06:59:16.742Z, 1413.7490434000001, 339.5797106
1714460356769, 2024-04-30T06:59:16.769Z, 1389.5439344000001, 349.64896699999997
1714460356814, 2024-04-30T06:59:16.814Z, 1353.5583098000002, 367.5179424
1714460356829, 2024-04-30T06:59:16.829Z, 1305.7862594000003, 387.9047926
1714460356870, 2024-04-30T06:59:16.870Z, 1260.0064974000002, 404.4303779999999
1714460356891, 2024-04-30T06:59:16.891Z, 1213.4065714, 419.23545759999996
1714460356917, 2024-04-30T06:59:16.917Z, 1197.3691418, 417.6185442
1714460356932, 2024-04-30T06:59:16.932Z, 1195.7229664000001, 408.79863579999994
1714460356949, 2024-04-30T06:59:16.949Z, 1196.4994606, 396.070519
1714460356964, 2024-04-30T06:59:16.964Z, 1190.4193964, 392.505817
1714460356997, 2024-04-30T06:59:16.997Z, 1187.0650596, 393.47093379999995
1714460357013, 2024-04-30T06:59:17.013Z, 1175.9380503999998, 400.914578
1714460357029, 2024-04-30T06:59:17.029Z, 1160.7460406, 410.57087600000006
1714460357045, 2024-04-30T06:59:17.045Z, 1148.1694018, 423.64279160000007
1714460357061, 2024-04-30T06:59:17.061Z, 1139.1651602, 430.3991284
1714460357076, 2024-04-30T06:59:17.076Z, 1132.6752734, 430.25530419999996
1714460357099, 2024-04-30T06:59:17.099Z, 1131.4612018, 431.630271
1714460357125, 2024-04-30T06:59:17.125Z, 1130.5773752, 435.1742421999999
1714460357141, 2024-04-30T06:59:17.141Z, 1136.8291935999998, 435.03365299999996
1714460357157, 2024-04-30T06:59:17.157Z, 1145.0427556, 433.9675154
1714460357172, 2024-04-30T06:59:17.172Z, 1159.3466246, 433.08212380000003
1714460357187, 2024-04-30T06:59:17.188Z, 1175.723835, 429.5119552
1714460357203, 2024-04-30T06:59:17.203Z, 1196.9062976, 416.91011399999996
1714460357219, 2024-04-30T06:59:17.219Z, 1213.823666, 405.0696008
1714460357250, 2024-04-30T06:59:17.250Z, 1230.0405288000002, 393.65189080000005
1714460357266, 2024-04-30T06:59:17.266Z, 1241.9212974, 384.3734454
1714460357282, 2024-04-30T06:59:17.282Z, 1250.384436, 381.15491979999996
1714460357314, 2024-04-30T06:59:17.314Z, 1254.1750998, 387.34847899999994
1714460357330, 2024-04-30T06:59:17.330Z, 1259.4301917999999, 400.8488076
1714460357362, 2024-04-30T06:59:17.362Z, 1262.9683078, 414.77878359999994
1714460357377, 2024-04-30T06:59:17.377Z, 1262.5409758, 426.19973319999997
1714460357400, 2024-04-30T06:59:17.400Z, 1263.3868472, 432.1088614
1714460357415, 2024-04-30T06:59:17.415Z, 1266.1561470000001, 432.6999538
1714460357445, 2024-04-30T06:59:17.445Z, 1265.3361608, 429.7229064
1714460357459, 2024-04-30T06:59:17.459Z, 1270.0090488, 426.6863824
1714460357490, 2024-04-30T06:59:17.490Z, 1285.646851, 429.9860562
1714460357505, 2024-04-30T06:59:17.505Z, 1306.4174338, 431.5798342
1714460357555, 2024-04-30T06:59:17.555Z, 1324.0492552, 432.42085699999996
1714460357564, 2024-04-30T06:59:17.564Z, 1343.1748176, 431.35938939999994
1714460357595, 2024-04-30T06:59:17.595Z, 1349.0122332, 428.672256
1714460357611, 2024-04-30T06:59:17.611Z, 1344.324383, 421.13420720000005
1714460357643, 2024-04-30T06:59:17.643Z, 1343.1011509999998, 414.8453496
1714460357675, 2024-04-30T06:59:17.675Z, 1339.9346547999999, 411.00862320000005
1714460357701, 2024-04-30T06:59:17.701Z, 1333.62379, 417.3253108
1714460357715, 2024-04-30T06:59:17.715Z, 1333.8296396, 426.652088
1714460357730, 2024-04-30T06:59:17.730Z, 1313.2756086, 438.460685
1714460357747, 2024-04-30T06:59:17.747Z, 1266.0992333999998, 454.63887320000003
1714460357760, 2024-04-30T06:59:17.760Z, 1226.7221778, 467.02880079999994
1714460357775, 2024-04-30T06:59:17.775Z, 1188.0286475999999, 469.6483292000001
1714460357789, 2024-04-30T06:59:17.789Z, 1149.1876210000003, 470.69913240000005
1714460357805, 2024-04-30T06:59:17.805Z, 1130.6286347999999, 471.234454
1714460357823, 2024-04-30T06:59:17.823Z, 1135.1718432000002, 466.4134448000001
1714460357851, 2024-04-30T06:59:17.851Z, 1139.8192783999998, 458.2945724
1714460357867, 2024-04-30T06:59:17.867Z, 1144.8656594, 451.55466880000006
1714460357899, 2024-04-30T06:59:17.899Z, 1143.6844219999998, 454.94480599999997
1714460357909, 2024-04-30T06:59:17.909Z, 1143.4313612, 455.4424796
1714460357924, 2024-04-30T06:59:17.924Z, 1140.7267123999998, 459.45710660000003
1714460357940, 2024-04-30T06:59:17.940Z, 1137.3130285999998, 467.52488519999997
1714460357956, 2024-04-30T06:59:17.956Z, 1133.473796, 474.7464828
1714460357971, 2024-04-30T06:59:17.971Z, 1137.3818816, 467.7885274
1714460357999, 2024-04-30T06:59:17.999Z, 1143.2702564, 465.6936926
1714460358017, 2024-04-30T06:59:18.017Z, 1145.8518832, 460.22303680000005
1714460358028, 2024-04-30T06:59:18.028Z, 1145.8686516, 457.58260759999996
1714460358043, 2024-04-30T06:59:18.043Z, 1145.3494277999998, 454.46567480000004
1714460358058, 2024-04-30T06:59:18.058Z, 1141.8044275999996, 456.3699468
1714460358073, 2024-04-30T06:59:18.073Z, 1137.8962199999999, 455.751278
1714460358088, 2024-04-30T06:59:18.088Z, 1136.1590914, 455.7577380000001
1714460358103, 2024-04-30T06:59:18.103Z, 1132.7722608, 452.80828080000003
1714460358118, 2024-04-30T06:59:18.118Z, 1132.1763643999998, 446.9485208
1714460358149, 2024-04-30T06:59:18.149Z, 1136.1249114, 437.8981252
1714460358163, 2024-04-30T06:59:18.163Z, 1137.3841742, 427.3381246
1714460358178, 2024-04-30T06:59:18.178Z, 1135.1412412000002, 418.54044680000004
1714460358219, 2024-04-30T06:59:18.219Z, 1133.6886436, 409.47342719999995
1714460358235, 2024-04-30T06:59:18.235Z, 1129.6975208000001, 403.8215434
1714460358251, 2024-04-30T06:59:18.251Z, 1127.7743854, 405.894025
1714460358267, 2024-04-30T06:59:18.267Z, 1125.5340222, 410.93923759999996
1714460358283, 2024-04-30T06:59:18.283Z, 1125.6085326000002, 416.2419728
1714460358299, 2024-04-30T06:59:18.299Z, 1124.0915418, 420.3470876
1714460358314, 2024-04-30T06:59:18.314Z, 1123.9399388, 425.5094746
1714460358330, 2024-04-30T06:59:18.330Z, 1119.7791216, 425.596008
1714460358345, 2024-04-30T06:59:18.345Z, 1117.2996678, 424.6596684
1714460358361, 2024-04-30T06:59:18.361Z, 1115.1160966000002, 423.43898419999994
1714460358376, 2024-04-30T06:59:18.376Z, 1116.9142462, 424.6110818
1714460358392, 2024-04-30T06:59:18.392Z, 1118.4937132, 427.02864379999994
1714460358407, 2024-04-30T06:59:18.407Z, 1120.4372336000001, 428.2885072
1714460358422, 2024-04-30T06:59:18.422Z, 1122.5342268, 429.54109200000005
1714460358449, 2024-04-30T06:59:18.449Z, 1123.5445789999999, 433.86291620000003
1714460358463, 2024-04-30T06:59:18.463Z, 1121.439809, 439.9017106
1714460358478, 2024-04-30T06:59:18.478Z, 1118.0774238, 446.2791977999999
1714460358493, 2024-04-30T06:59:18.493Z, 1116.8738718, 452.5528994
1714460358508, 2024-04-30T06:59:18.508Z, 1117.9193994, 459.4231356
1714460358523, 2024-04-30T06:59:18.523Z, 1119.9785162, 464.33001379999996
1714460358538, 2024-04-30T06:59:18.538Z, 1121.8453854, 461.4759852
1714460358559, 2024-04-30T06:59:18.559Z, 1118.9985611999998, 452.3390308
1714460358568, 2024-04-30T06:59:18.568Z, 1115.5400874, 446.56392059999996
1714460358600, 2024-04-30T06:59:18.600Z, 1109.7345012, 434.28894519999994
1714460358613, 2024-04-30T06:59:18.613Z, 1103.9428360000002, 419.6038044
1714460358632, 2024-04-30T06:59:18.632Z, 1097.6456736, 411.07023319999996
1714460358648, 2024-04-30T06:59:18.648Z, 1097.1375348000001, 407.3783418
1714460358658, 2024-04-30T06:59:18.658Z, 1095.2638472, 407.7274098
1714460358673, 2024-04-30T06:59:18.673Z, 1093.814373, 414.60392540000004
1714460358703, 2024-04-30T06:59:18.703Z, 1093.6142080000002, 423.3416168
1714460358718, 2024-04-30T06:59:18.718Z, 1099.3198994, 427.72583960000003
1714460358753, 2024-04-30T06:59:18.753Z, 1107.5972914, 429.576232
1714460358766, 2024-04-30T06:59:18.766Z, 1115.1053536000002, 424.9628562
1714460358796, 2024-04-30T06:59:18.796Z, 1120.6619024000001, 423.931171
1714460358812, 2024-04-30T06:59:18.812Z, 1124.665825, 426.19825000000003
1714460358828, 2024-04-30T06:59:18.828Z, 1124.8447892, 436.04607780000003
1714460358844, 2024-04-30T06:59:18.844Z, 1123.2572347999999, 450.1494546
1714460358861, 2024-04-30T06:59:18.861Z, 1123.9547882, 474.747614
1714460358876, 2024-04-30T06:59:18.876Z, 1127.131634, 499.46479600000004
1714460358902, 2024-04-30T06:59:18.902Z, 1131.45968, 530.5321038
1714460358917, 2024-04-30T06:59:18.917Z, 1142.3910845999999, 572.0020304
1714460358932, 2024-04-30T06:59:18.932Z, 1148.014747, 608.3497106000001
1714460358948, 2024-04-30T06:59:18.948Z, 1152.0650808, 633.6314268
1714460358968, 2024-04-30T06:59:18.968Z, 1153.621154, 651.9080956
1714460358983, 2024-04-30T06:59:18.983Z, 1152.4691542, 653.415063
1714460358999, 2024-04-30T06:59:18.999Z, 1143.8727408, 639.3551864
1714460359014, 2024-04-30T06:59:19.014Z, 1139.0205634, 630.5301356
1714460359030, 2024-04-30T06:59:19.030Z, 1133.7785214, 624.0328575999999
1714460359053, 2024-04-30T06:59:19.053Z, 1129.7598970000001, 621.730046
1714460359067, 2024-04-30T06:59:19.067Z, 1126.6567718, 627.8640386
1714460359083, 2024-04-30T06:59:19.083Z, 1123.7317864000001, 638.7184992
1714460359098, 2024-04-30T06:59:19.098Z, 1121.4093123999999, 650.6109714
1714460359112, 2024-04-30T06:59:19.112Z, 1120.1135587999997, 661.8784124
1714460359126, 2024-04-30T06:59:19.126Z, 1119.4171086000001, 671.900993
1714460359142, 2024-04-30T06:59:19.142Z, 1119.5749276, 679.3685613999999
1714460359157, 2024-04-30T06:59:19.157Z, 1119.9291503999998, 683.7547219999999
1714460359204, 2024-04-30T06:59:19.204Z, 1121.894118, 682.9771235999999
1714460359220, 2024-04-30T06:59:19.220Z, 1122.0390186, 680.9552056
1714460359236, 2024-04-30T06:59:19.236Z, 1122.6360264, 678.9867212
1714460359251, 2024-04-30T06:59:19.251Z, 1123.9577378, 677.3524238
1714460359268, 2024-04-30T06:59:19.268Z, 1125.8490328, 675.3735943999999
1714460359282, 2024-04-30T06:59:19.282Z, 1126.8407728, 674.8753726
1714460359298, 2024-04-30T06:59:19.298Z, 1128.1574560000001, 675.00485
1714460359313, 2024-04-30T06:59:19.313Z, 1128.1231572, 675.0912416
1714460359329, 2024-04-30T06:59:19.329Z, 1125.9973243999998, 674.9217226000001
1714460359354, 2024-04-30T06:59:19.354Z, 1123.0466906, 676.0909414
1714460359369, 2024-04-30T06:59:19.369Z, 1120.7966218, 679.7708236
1714460359383, 2024-04-30T06:59:19.383Z, 1118.6521526000001, 682.50736
1714460359398, 2024-04-30T06:59:19.398Z, 1116.425616, 685.5548692
1714460359415, 2024-04-30T06:59:19.415Z, 1111.5743154, 689.6697651999999
1714460359430, 2024-04-30T06:59:19.430Z, 1106.0360202, 691.2483247999999
1714460359443, 2024-04-30T06:59:19.443Z, 1099.2921102, 687.8341326
1714460359458, 2024-04-30T06:59:19.458Z, 1093.66838, 683.5241722
1714460359484, 2024-04-30T06:59:19.484Z, 1092.0701848, 679.20411
1714460359503, 2024-04-30T06:59:19.503Z, 1089.7351483999998, 674.3267096
1714460359518, 2024-04-30T06:59:19.518Z, 1086.7404714, 670.8849614
1714460359532, 2024-04-30T06:59:19.532Z, 1084.624625, 668.3384526
1714460359548, 2024-04-30T06:59:19.548Z, 1082.1055145999999, 667.6026466000001
1714460359563, 2024-04-30T06:59:19.563Z, 1076.0198604, 666.784994
1714460359580, 2024-04-30T06:59:19.580Z, 1075.1464122, 664.8553234
1714460359595, 2024-04-30T06:59:19.595Z, 1076.4643602, 663.8684504
1714460359611, 2024-04-30T06:59:19.611Z, 1075.7617832, 664.0899578
1714460359626, 2024-04-30T06:59:19.626Z, 1076.3452647999998, 663.5636922
1714460359654, 2024-04-30T06:59:19.654Z, 1081.5479476, 661.5284812
1714460359667, 2024-04-30T06:59:19.667Z, 1085.7817864, 659.4351843999999
1714460359682, 2024-04-30T06:59:19.682Z, 1087.8035156, 658.0489862000001
1714460359698, 2024-04-30T06:59:19.698Z, 1094.3010322, 659.0994568
1714460359712, 2024-04-30T06:59:19.712Z, 1103.6774518, 667.1116156
1714460359728, 2024-04-30T06:59:19.728Z, 1108.8611551999998, 675.5729474
1714460359743, 2024-04-30T06:59:19.743Z, 1114.0624234, 685.8449898
1714460359757, 2024-04-30T06:59:19.757Z, 1120.419584, 693.7448039999999
1714460359782, 2024-04-30T06:59:19.782Z, 1123.6924225999999, 699.4051573999999
1714460359803, 2024-04-30T06:59:19.803Z, 1117.5087522, 682.5243549999999
1714460359818, 2024-04-30T06:59:19.818Z, 1112.4482052, 670.232192
1714460359832, 2024-04-30T06:59:19.832Z, 1109.6864446000002, 665.7503046
1714460359849, 2024-04-30T06:59:19.849Z, 1108.0254366000001, 662.9522574
1714460359863, 2024-04-30T06:59:19.863Z, 1105.0564718, 658.3832573999999
1714460359878, 2024-04-30T06:59:19.878Z, 1107.8094853999999, 673.023605
1714460359894, 2024-04-30T06:59:19.894Z, 1109.7280587999999, 684.6952611999999
1714460359908, 2024-04-30T06:59:19.908Z, 1108.1163928, 688.2954133999999
1714460359937, 2024-04-30T06:59:19.937Z, 1102.9608714, 690.6021410000001
1714460359954, 2024-04-30T06:59:19.954Z, 1099.0060853999998, 692.89519
1714460359968, 2024-04-30T06:59:19.968Z, 1094.6067534, 691.1963502000001
1714460359984, 2024-04-30T06:59:19.984Z, 1089.8134168000001, 689.1971776
1714460359999, 2024-04-30T06:59:19.999Z, 1086.6147046, 686.8951132
1714460360014, 2024-04-30T06:59:20.014Z, 1088.0894454000002, 685.4645852000001
1714460360030, 2024-04-30T06:59:20.030Z, 1091.4134506, 688.6485731999999
1714460360046, 2024-04-30T06:59:20.046Z, 1096.7269336000002, 695.0960354
1714460360061, 2024-04-30T06:59:20.061Z, 1102.626375, 700.7694706
1714460360076, 2024-04-30T06:59:20.076Z, 1111.4417738, 707.5148854
1714460360102, 2024-04-30T06:59:20.102Z, 1120.2242864, 713.8457726
1714460360116, 2024-04-30T06:59:20.116Z, 1127.1729092, 716.9955616
1714460360130, 2024-04-30T06:59:20.130Z, 1136.1253390000002, 722.4414828
1714460360149, 2024-04-30T06:59:20.149Z, 1144.1851658, 727.5384904
1714460360161, 2024-04-30T06:59:20.161Z, 1148.6937708, 731.5255596
1714460360176, 2024-04-30T06:59:20.176Z, 1149.5442610000002, 734.441176
1714460360190, 2024-04-30T06:59:20.190Z, 1146.2383732, 738.3671148000001
1714460360208, 2024-04-30T06:59:20.208Z, 1137.5254544000002, 736.4258602000001
1714460360220, 2024-04-30T06:59:20.220Z, 1129.024638, 734.3544846000001
1714460360251, 2024-04-30T06:59:20.251Z, 1123.1655536, 733.4303400000001
1714460360266, 2024-04-30T06:59:20.266Z, 1120.767109, 733.8634770000001
1714460360284, 2024-04-30T06:59:20.284Z, 1122.5578768, 734.0592386
1714460360296, 2024-04-30T06:59:20.296Z, 1126.3693614, 734.6013202
1714460360311, 2024-04-30T06:59:20.311Z, 1130.9354520000002, 734.8514703999999
1714460360327, 2024-04-30T06:59:20.327Z, 1127.4515988, 721.4153686
1714460360343, 2024-04-30T06:59:20.343Z, 1120.7827576, 707.7886292
1714460360359, 2024-04-30T06:59:20.359Z, 1110.5509796000001, 694.8052873999999
1714460360375, 2024-04-30T06:59:20.375Z, 1107.1890964, 688.2361547999999
1714460360402, 2024-04-30T06:59:20.402Z, 1105.258247, 683.1274584
1714460360415, 2024-04-30T06:59:20.415Z, 1119.1311759999999, 697.0953660000001
1714460360428, 2024-04-30T06:59:20.428Z, 1134.3103674, 708.4719152000001
1714460360444, 2024-04-30T06:59:20.444Z, 1155.6035823999998, 722.4864678
1714460360459, 2024-04-30T06:59:20.459Z, 1168.2869384, 732.5419776
1714460360474, 2024-04-30T06:59:20.474Z, 1176.9562102, 736.9437032
1714460360490, 2024-04-30T06:59:20.490Z, 1175.4949144, 735.3160306
1714460360504, 2024-04-30T06:59:20.504Z, 1167.7563480000001, 734.6996864
1714460360519, 2024-04-30T06:59:20.519Z, 1156.1427165999999, 730.1072534
1714460360550, 2024-04-30T06:59:20.550Z, 1140.6638008, 719.7515544
1714460360564, 2024-04-30T06:59:20.564Z, 1126.0822882, 713.9692865999999
1714460360580, 2024-04-30T06:59:20.580Z, 1110.571351, 710.0280316000001
1714460360596, 2024-04-30T06:59:20.596Z, 1101.9746768, 708.6719609999999
1714460360612, 2024-04-30T06:59:20.612Z, 1093.612266, 707.7244292
1714460360629, 2024-04-30T06:59:20.629Z, 1089.2037056, 710.3804208
1714460360644, 2024-04-30T06:59:20.644Z, 1085.3304520000002, 715.6031294
1714460360657, 2024-04-30T06:59:20.657Z, 1082.9804872, 718.9887408
1714460360674, 2024-04-30T06:59:20.674Z, 1081.9213722, 721.952693
1714460360705, 2024-04-30T06:59:20.705Z, 1081.6717694000001, 726.0800686
1714460360717, 2024-04-30T06:59:20.717Z, 1087.3048836000003, 733.0324898
1714460360732, 2024-04-30T06:59:20.732Z, 1094.4030994, 737.2103328000001
1714460360760, 2024-04-30T06:59:20.760Z, 1100.2249064, 743.7697524
1714460360775, 2024-04-30T06:59:20.775Z, 1104.1920168000001, 749.0145037999999
1714460360791, 2024-04-30T06:59:20.791Z, 1107.8268202000002, 752.2871435999999
1714460360806, 2024-04-30T06:59:20.806Z, 1105.8170724, 752.4910325999999
1714460360822, 2024-04-30T06:59:20.822Z, 1102.817872, 753.0397664
1714460360852, 2024-04-30T06:59:20.852Z, 1098.2089887999998, 751.1604488
1714460360865, 2024-04-30T06:59:20.865Z, 1096.3546416, 750.3217342
1714460360879, 2024-04-30T06:59:20.879Z, 1095.5232138, 750.7231814
1714460360894, 2024-04-30T06:59:20.894Z, 1098.5372708, 748.7492909999999
1714460360909, 2024-04-30T06:59:20.909Z, 1103.5292114, 744.4910146
1714460360928, 2024-04-30T06:59:20.928Z, 1111.1516660000002, 740.3720206
1714460360939, 2024-04-30T06:59:20.939Z, 1118.1283816, 734.3541644
1714460360954, 2024-04-30T06:59:20.954Z, 1123.869629, 728.8354671999999
1714460360968, 2024-04-30T06:59:20.968Z, 1127.8010253999998, 725.4808971999998
1714460361003, 2024-04-30T06:59:21.003Z, 1117.2485674, 730.1961554
1714460361014, 2024-04-30T06:59:21.014Z, 1106.649373, 734.2191905999999
1714460361029, 2024-04-30T06:59:21.029Z, 1094.8372118, 736.2259904
1714460361044, 2024-04-30T06:59:21.044Z, 1085.2884792, 736.449251
1714460361058, 2024-04-30T06:59:21.058Z, 1075.9725036, 738.2092262
1714460361074, 2024-04-30T06:59:21.074Z, 1081.3621054, 732.78997
1714460361090, 2024-04-30T06:59:21.090Z, 1088.8317562, 724.0773876
1714460361104, 2024-04-30T06:59:21.104Z, 1095.3240956, 718.8400076
1714460361119, 2024-04-30T06:59:21.119Z, 1100.9455552, 715.2922659999999
1714460361151, 2024-04-30T06:59:21.151Z, 1106.2375393999998, 710.2405224
1714460361166, 2024-04-30T06:59:21.166Z, 1109.21164, 706.491266
1714460361181, 2024-04-30T06:59:21.181Z, 1111.9696754, 709.4865248
1714460361197, 2024-04-30T06:59:21.197Z, 1116.3645477999999, 713.0184556
1714460361212, 2024-04-30T06:59:21.212Z, 1119.627974, 715.9760064
1714460361228, 2024-04-30T06:59:21.228Z, 1118.914653, 712.471996
1714460361243, 2024-04-30T06:59:21.243Z, 1118.3994978, 708.9847487999999
1714460361259, 2024-04-30T06:59:21.259Z, 1116.4641984000002, 705.0344359999999
1714460361274, 2024-04-30T06:59:21.274Z, 1115.223607, 700.9177086
1714460361300, 2024-04-30T06:59:21.300Z, 1121.2251172, 691.0911464
1714460361314, 2024-04-30T06:59:21.314Z, 1126.237149, 694.795529
1714460361329, 2024-04-30T06:59:21.329Z, 1132.9709628, 701.1171608000001
1714460361349, 2024-04-30T06:59:21.349Z, 1140.0497958, 703.1021842
1714460361360, 2024-04-30T06:59:21.360Z, 1146.2257066000002, 704.860361
1714460361374, 2024-04-30T06:59:21.374Z, 1146.8068972000003, 712.7536249999999
1714460361389, 2024-04-30T06:59:21.389Z, 1147.1795532, 712.1745578
1714460361404, 2024-04-30T06:59:21.404Z, 1144.3561292, 707.126347
1714460361419, 2024-04-30T06:59:21.419Z, 1139.0297218, 701.603614
1714460361451, 2024-04-30T06:59:21.451Z, 1132.0003758, 696.6036944
1714460361468, 2024-04-30T06:59:21.468Z, 1123.9994244000002, 692.2887916
1714460361508, 2024-04-30T06:59:21.508Z, 1122.574677, 690.008601
1714460361524, 2024-04-30T06:59:21.524Z, 1123.0881426, 691.1535438000001
1714460361540, 2024-04-30T06:59:21.540Z, 1131.9677932, 693.7202632000001
1714460361555, 2024-04-30T06:59:21.555Z, 1167.0043262, 694.3384570000001
1714460361571, 2024-04-30T06:59:21.571Z, 1213.5434584000002, 694.081313
1714460361600, 2024-04-30T06:59:21.600Z, 1256.5171408, 700.8495704000001
1714460361614, 2024-04-30T06:59:21.614Z, 1302.3231152, 709.2296292
1714460361629, 2024-04-30T06:59:21.629Z, 1341.5437038, 719.0359132000001
1714460361648, 2024-04-30T06:59:21.648Z, 1368.1525740000002, 728.7692702
1714460361664, 2024-04-30T06:59:21.664Z, 1383.1637562, 735.9583464
1714460361680, 2024-04-30T06:59:21.680Z, 1396.9226965999999, 736.4166608
1714460361696, 2024-04-30T06:59:21.696Z, 1407.1787932000002, 733.5510002
1714460361711, 2024-04-30T06:59:21.711Z, 1415.449637, 728.0330692
1714460361726, 2024-04-30T06:59:21.726Z, 1409.1947688, 724.228782
1714460361754, 2024-04-30T06:59:21.754Z, 1403.4973439999999, 726.3607116000001
1714460361773, 2024-04-30T06:59:21.773Z, 1402.6181998, 731.9970638000001
1714460361788, 2024-04-30T06:59:21.788Z, 1390.405471, 731.3304178000001