1714459861065, 2024-04-30T06:51:01.065Z, 172.657141, 238.569728
1714459861078, 2024-04-30T06:51:01.078Z, 165.49264449999998, 239.709704
1714459861093, 2024-04-30T06:51:01.093Z, 163.74460733333333, 240.03093666666666
1714459861108, 2024-04-30T06:51:01.108Z, 159.79648824999998, 240.90688175
1714459861138, 2024-04-30T06:51:01.138Z, 155.9107094, 244.4052724
1714459861157, 2024-04-30T06:51:01.157Z, 153.2207888, 246.70796760000002
1714459861186, 2024-04-30T06:51:01.186Z, 157.7595022, 248.84695900000003
1714459861232, 2024-04-30T06:51:01.232Z, 167.6272516, 253.7282932
1714459861248, 2024-04-30T06:51:01.248Z, 177.3208702, 257.318041
1714459861276, 2024-04-30T06:51:01.276Z, 191.1732826, 257.730632
1714459861289, 2024-04-30T06:51:01.289Z, 201.21893640000002, 259.5649806
1714459861321, 2024-04-30T06:51:01.321Z, 205.88313200000002, 261.99871040000005
1714459861337, 2024-04-30T06:51:01.337Z, 204.39382720000003, 262.01765439999997
1714459861365, 2024-04-30T06:51:01.365Z, 202.96931179999999, 263.09549219999997
1714459861379, 2024-04-30T06:51:01.379Z, 198.2966294, 265.246034
1714459861409, 2024-04-30T06:51:01.409Z, 195.8236156, 264.6106276
1714459861424, 2024-04-30T06:51:01.424Z, 196.0608426, 266.0380364
1714459861454, 2024-04-30T06:51:01.454Z, 196.1206332, 267.71635319999996
1714459861470, 2024-04-30T06:51:01.470Z, 195.78288379999998, 267.90967639999997
1714459861515, 2024-04-30T06:51:01.515Z, 186.353454, 273.5001046
1714459861544, 2024-04-30T06:51:01.544Z, 169.65528, 296.35724279999994
1714459861559, 2024-04-30T06:51:01.559Z, 151.219474, 317.06515260000003
1714459861574, 2024-04-30T06:51:01.574Z, 134.3237442, 335.356037
1714459861592, 2024-04-30T06:51:01.592Z, 126.2285842, 354.4410624
1714459861604, 2024-04-30T06:51:01.604Z, 125.6167334, 369.56808020000005
1714459861634, 2024-04-30T06:51:01.634Z, 132.695856, 370.7849542
1714459861665, 2024-04-30T06:51:01.665Z, 132.2884606, 363.67507379999995
1714459861679, 2024-04-30T06:51:01.679Z, 131.4392046, 358.8938052
1714459861695, 2024-04-30T06:51:01.695Z, 126.5325928, 355.5976316
1714459861724, 2024-04-30T06:51:01.724Z, 125.5178858, 349.13386959999997
1714459861740, 2024-04-30T06:51:01.740Z, 129.71678620000003, 341.61813
1714459861756, 2024-04-30T06:51:01.756Z, 142.22044920000002, 335.1358242
1714459861772, 2024-04-30T06:51:01.772Z, 154.7451312, 326.1055384
1714459861787, 2024-04-30T06:51:01.787Z, 166.0587354, 316.5178352
1714459861815, 2024-04-30T06:51:01.815Z, 177.40689319999996, 310.40075779999995
1714459861828, 2024-04-30T06:51:01.828Z, 183.27191059999998, 307.9170916
1714459861843, 2024-04-30T06:51:01.843Z, 192.010528, 311.9283324
1714459861858, 2024-04-30T06:51:01.858Z, 200.1162672, 317.8883598
1714459861873, 2024-04-30T06:51:01.873Z, 209.8952364, 330.6107722
1714459861888, 2024-04-30T06:51:01.888Z, 218.3935998, 342.24466259999997
1714459861903, 2024-04-30T06:51:01.903Z, 222.87067740000003, 346.7315906
1714459861933, 2024-04-30T06:51:01.933Z, 223.42268359999997, 351.50436499999995
1714459861964, 2024-04-30T06:51:01.964Z, 223.19361600000002, 351.00869919999997
1714459861978, 2024-04-30T06:51:01.978Z, 222.96135640000003, 345.38763739999996
1714459861993, 2024-04-30T06:51:01.993Z, 222.53067299999998, 343.31425060000004
1714459862008, 2024-04-30T06:51:02.008Z, 222.3823038, 345.728204
1714459862027, 2024-04-30T06:51:02.027Z, 221.2507572, 351.28959999999995
1714459862042, 2024-04-30T06:51:02.042Z, 213.6801006, 357.8803794
1714459862056, 2024-04-30T06:51:02.056Z, 207.03970479999998, 364.7105014
1714459862070, 2024-04-30T06:51:02.070Z, 199.085399, 361.513761
1714459862086, 2024-04-30T06:51:02.086Z, 192.27150199999997, 357.30268159999997
1714459862116, 2024-04-30T06:51:02.116Z, 188.27632799999998, 346.1673614
1714459862130, 2024-04-30T06:51:02.130Z, 192.37413440000003, 334.3131334
1714459862146, 2024-04-30T06:51:02.146Z, 191.22536200000002, 317.9447404
1714459862162, 2024-04-30T06:51:02.162Z, 190.41677380000002, 305.8995602
1714459862177, 2024-04-30T06:51:02.177Z, 188.927133, 294.07257819999995
1714459862193, 2024-04-30T06:51:02.193Z, 185.5380764, 286.4417792
1714459862208, 2024-04-30T06:51:02.208Z, 181.6158484, 283.0452496
1714459862223, 2024-04-30T06:51:02.223Z, 178.2486518, 282.26099059999996
1714459862239, 2024-04-30T06:51:02.239Z, 176.74692439999998, 281.7662156
1714459862265, 2024-04-30T06:51:02.265Z, 173.39217960000002, 294.0929451999999
1714459862278, 2024-04-30T06:51:02.278Z, 167.53751219999998, 305.016404
1714459862293, 2024-04-30T06:51:02.293Z, 161.06101599999997, 316.6311104
1714459862308, 2024-04-30T06:51:02.308Z, 156.4454696, 323.2839464
1714459862323, 2024-04-30T06:51:02.323Z, 150.1950402, 330.6287566
1714459862338, 2024-04-30T06:51:02.338Z, 149.25305039999998, 324.54481100000004
1714459862353, 2024-04-30T06:51:02.353Z, 158.67359460000003, 318.226444
1714459862369, 2024-04-30T06:51:02.369Z, 171.50398579999998, 312.040161
1714459862383, 2024-04-30T06:51:02.383Z, 192.4911726, 311.34174840000003
1714459862414, 2024-04-30T06:51:02.414Z, 225.52925179999997, 315.556203
1714459862428, 2024-04-30T06:51:02.428Z, 254.44984639999998, 319.74040720000005
1714459862443, 2024-04-30T06:51:02.443Z, 276.53182200000003, 324.4938156
1714459862458, 2024-04-30T06:51:02.458Z, 293.7657402, 330.4616398
1714459862476, 2024-04-30T06:51:02.476Z, 302.3424532, 335.9957302
1714459862488, 2024-04-30T06:51:02.488Z, 296.82628400000004, 336.4729208
1714459862503, 2024-04-30T06:51:02.503Z, 292.22235480000006, 337.4732954
1714459862522, 2024-04-30T06:51:02.522Z, 285.77070100000003, 337.89930059999995
1714459862536, 2024-04-30T06:51:02.536Z, 276.406763, 333.4850046
1714459862568, 2024-04-30T06:51:02.568Z, 261.27571939999996, 324.04106979999995
1714459862582, 2024-04-30T06:51:02.582Z, 243.613967, 313.5034138
1714459862596, 2024-04-30T06:51:02.596Z, 229.4705548, 303.4374386
1714459862612, 2024-04-30T06:51:02.612Z, 202.86421439999998, 306.5615708
1714459862627, 2024-04-30T06:51:02.627Z, 176.0718774, 323.4981768
1714459862642, 2024-04-30T06:51:02.642Z, 158.75155820000003, 345.9490962
1714459862658, 2024-04-30T06:51:02.658Z, 144.01841960000002, 366.97427959999993
1714459862673, 2024-04-30T06:51:02.673Z, 129.2480742, 391.10479619999995
1714459862689, 2024-04-30T06:51:02.689Z, 130.1634118, 402.7826818
1714459862715, 2024-04-30T06:51:02.715Z, 141.56514080000002, 402.63649159999994
1714459862728, 2024-04-30T06:51:02.728Z, 151.29076760000004, 401.8593456
1714459862743, 2024-04-30T06:51:02.743Z, 166.14860360000003, 398.58128419999997
1714459862758, 2024-04-30T06:51:02.758Z, 179.47145899999998, 389.06323919999994
1714459862773, 2024-04-30T06:51:02.773Z, 190.7192508, 381.740571
1714459862788, 2024-04-30T06:51:02.788Z, 196.6325454, 375.43215100000003
1714459862803, 2024-04-30T06:51:02.803Z, 200.35899020000002, 370.1472922
1714459862818, 2024-04-30T06:51:02.818Z, 204.3152134, 378.0481568
1714459862833, 2024-04-30T06:51:02.833Z, 206.04495079999998, 385.6947166
1714459862864, 2024-04-30T06:51:02.864Z, 202.74277819999998, 394.947132
1714459862882, 2024-04-30T06:51:02.882Z, 190.9081866, 401.3300282
1714459862893, 2024-04-30T06:51:02.893Z, 183.56904319999998, 412.1425448
1714459862908, 2024-04-30T06:51:02.908Z, 174.99669060000002, 410.6924674
1714459862925, 2024-04-30T06:51:02.925Z, 170.9833232, 403.03779280000003
1714459862938, 2024-04-30T06:51:02.938Z, 172.1316164, 390.4961634
1714459862954, 2024-04-30T06:51:02.954Z, 182.1783196, 380.94810640000003
1714459862969, 2024-04-30T06:51:02.969Z, 189.1287862, 364.685835
1714459862985, 2024-04-30T06:51:02.985Z, 195.7591208, 351.86223400000006
1714459863014, 2024-04-30T06:51:03.014Z, 200.3424612, 347.74199780000004
1714459863028, 2024-04-30T06:51:03.028Z, 205.974844, 344.49555740000005
1714459863043, 2024-04-30T06:51:03.043Z, 210.78447779999996, 342.34571000000005
1714459863058, 2024-04-30T06:51:03.058Z, 211.0725152, 343.28368919999997
1714459863073, 2024-04-30T06:51:03.073Z, 198.8839346, 350.6080444
1714459863088, 2024-04-30T06:51:03.088Z, 185.6748476, 361.0477582
1714459863103, 2024-04-30T06:51:03.103Z, 173.9470434, 371.35272419999995
1714459863118, 2024-04-30T06:51:03.118Z, 161.3790532, 381.7555212
1714459863133, 2024-04-30T06:51:03.133Z, 154.3064502, 390.5789688
1714459863164, 2024-04-30T06:51:03.164Z, 164.82703239999998, 389.904481
1714459863178, 2024-04-30T06:51:03.178Z, 186.4870116, 382.9630194
1714459863193, 2024-04-30T06:51:03.193Z, 211.327437, 365.5862792
1714459863208, 2024-04-30T06:51:03.208Z, 235.35779700000003, 349.62225839999996
1714459863223, 2024-04-30T06:51:03.223Z, 257.28144, 338.315436
1714459863238, 2024-04-30T06:51:03.238Z, 270.6921492, 330.48468339999994
1714459863253, 2024-04-30T06:51:03.253Z, 271.4443532, 327.68737719999996
1714459863268, 2024-04-30T06:51:03.268Z, 265.99657340000005, 336.9389044
1714459863283, 2024-04-30T06:51:03.283Z, 262.33709200000004, 345.0182216
1714459863314, 2024-04-30T06:51:03.314Z, 258.7504774, 347.7544128
1714459863328, 2024-04-30T06:51:03.328Z, 255.89833560000002, 352.0848396
1714459863343, 2024-04-30T06:51:03.343Z, 244.26043839999997, 364.2764694
1714459863358, 2024-04-30T06:51:03.358Z, 228.95041060000003, 378.11599640000003
1714459863374, 2024-04-30T06:51:03.374Z, 217.8218754, 385.08611759999997
1714459863390, 2024-04-30T06:51:03.390Z, 222.52668640000002, 373.49044519999995
1714459863406, 2024-04-30T06:51:03.406Z, 217.96366120000002, 368.4463746
1714459863421, 2024-04-30T06:51:03.421Z, 221.73463260000003, 355.974951
1714459863436, 2024-04-30T06:51:03.436Z, 236.36276560000002, 342.69638199999997
1714459863464, 2024-04-30T06:51:03.464Z, 243.8710596, 338.47709
1714459863478, 2024-04-30T06:51:03.478Z, 237.2359856, 353.5187092
1714459863493, 2024-04-30T06:51:03.493Z, 243.10835500000002, 365.88048860000004
1714459863508, 2024-04-30T06:51:03.508Z, 248.50203420000003, 378.5730466
1714459863523, 2024-04-30T06:51:03.523Z, 245.4711944, 387.6124146
1714459863538, 2024-04-30T06:51:03.538Z, 245.62320960000002, 392.3778568
1714459863553, 2024-04-30T06:51:03.553Z, 243.43132280000003, 395.1805856
1714459863568, 2024-04-30T06:51:03.568Z, 239.36925220000003, 391.65166
1714459863583, 2024-04-30T06:51:03.583Z, 243.29808459999998, 383.9639456
1714459863614, 2024-04-30T06:51:03.614Z, 246.7581944, 377.86753899999997
1714459863628, 2024-04-30T06:51:03.628Z, 251.75790159999997, 372.15598839999996
1714459863643, 2024-04-30T06:51:03.643Z, 262.80266620000003, 370.5389518
1714459863658, 2024-04-30T06:51:03.658Z, 278.9316066, 375.9111216
1714459863677, 2024-04-30T06:51:03.677Z, 290.3002614, 384.9347306
1714459863688, 2024-04-30T06:51:03.688Z, 304.5138978, 393.6251952
1714459863703, 2024-04-30T06:51:03.703Z, 318.808666, 402.0832174
1714459863718, 2024-04-30T06:51:03.718Z, 326.1724612, 407.4155746
1714459863733, 2024-04-30T06:51:03.733Z, 327.6393282, 406.1082504
1714459863764, 2024-04-30T06:51:03.764Z, 328.0922938, 401.3641156
1714459863795, 2024-04-30T06:51:03.795Z, 325.5654442, 392.05681960000004
1714459863811, 2024-04-30T06:51:03.811Z, 322.15335360000006, 384.41833879999996
1714459863841, 2024-04-30T06:51:03.841Z, 320.45313, 374.8131437999999
1714459863857, 2024-04-30T06:51:03.857Z, 320.9263434, 369.547213
1714459863888, 2024-04-30T06:51:03.888Z, 314.9415216, 373.03795740000004
1714459863928, 2024-04-30T06:51:03.928Z, 316.12389, 378.34511740000005
1714459863943, 2024-04-30T06:51:03.943Z, 310.28094759999993, 389.29061740000003
1714459863973, 2024-04-30T06:51:03.973Z, 304.8509404, 406.68214880000005
1714459863988, 2024-04-30T06:51:03.988Z, 298.35059979999994, 419.4981680000001
1714459864022, 2024-04-30T06:51:04.022Z, 294.334238, 416.8364904
1714459864037, 2024-04-30T06:51:04.037Z, 284.761863, 416.9976252
1714459864067, 2024-04-30T06:51:04.067Z, 277.0563466, 417.756344
1714459864081, 2024-04-30T06:51:04.081Z, 270.11664559999997, 411.18967060000006
1714459864109, 2024-04-30T06:51:04.109Z, 265.2495656, 407.92262020000004
1714459864128, 2024-04-30T06:51:04.128Z, 264.00113239999996, 412.5878648
1714459864157, 2024-04-30T06:51:04.157Z, 264.3034608, 418.33758099999994
1714459864172, 2024-04-30T06:51:04.172Z, 260.321163, 410.3314848
1714459864216, 2024-04-30T06:51:04.216Z, 259.7780748, 405.9546388
1714459864245, 2024-04-30T06:51:04.245Z, 253.5907522, 397.7312212
1714459864264, 2024-04-30T06:51:04.264Z, 251.46125439999997, 392.3905022
1714459864293, 2024-04-30T06:51:04.293Z, 253.07629079999998, 391.87468240000004
1714459864308, 2024-04-30T06:51:04.308Z, 266.56109779999997, 396.5849782
1714459864323, 2024-04-30T06:51:04.323Z, 273.56639359999997, 402.296688
1714459864338, 2024-04-30T06:51:04.338Z, 298.70555360000003, 402.50345519999996
1714459864379, 2024-04-30T06:51:04.379Z, 323.5273054, 398.7578112
1714459864394, 2024-04-30T06:51:04.394Z, 341.8856014, 390.5623666
1714459864424, 2024-04-30T06:51:04.424Z, 346.48379579999994, 389.296134
1714459864439, 2024-04-30T06:51:04.439Z, 353.81367859999995, 385.9346156
1714459864453, 2024-04-30T06:51:04.453Z, 311.108676, 393.0270326
1714459864469, 2024-04-30T06:51:04.469Z, 271.6993542, 406.2135738
1714459864484, 2024-04-30T06:51:04.484Z, 226.9050838, 417.14289059999993
1714459864515, 2024-04-30T06:51:04.515Z, 186.3206644, 422.23312619999996
1714459864529, 2024-04-30T06:51:04.529Z, 146.7513844, 434.0624648
1714459864559, 2024-04-30T06:51:04.559Z, 132.8767584, 444.07462080000005
1714459864576, 2024-04-30T06:51:04.576Z, 113.34163679999999, 452.755264
1714459864592, 2024-04-30T06:51:04.592Z, 103.1153012, 461.01426680000003
1714459864604, 2024-04-30T06:51:04.604Z, 100.53888400000001, 467.65160260000005
1714459864619, 2024-04-30T06:51:04.619Z, 95.38390940000001, 465.90884619999997
1714459864634, 2024-04-30T06:51:04.634Z, 99.9988644, 464.38119560000007
1714459864665, 2024-04-30T06:51:04.665Z, 104.6144258, 460.19128520000004
1714459864679, 2024-04-30T06:51:04.679Z, 107.00781200000002, 456.702332
1714459864695, 2024-04-30T06:51:04.695Z, 107.6028426, 456.8606858
1714459864711, 2024-04-30T06:51:04.711Z, 109.61730299999999, 466.35340700000006
1714459864727, 2024-04-30T06:51:04.727Z, 112.727522, 472.05252360000003
1714459864742, 2024-04-30T06:51:04.742Z, 115.5808162, 475.640474
1714459864758, 2024-04-30T06:51:04.758Z, 113.782838, 481.1300182
1714459864773, 2024-04-30T06:51:04.773Z, 108.19701660000001, 481.80075460000006
1714459864788, 2024-04-30T06:51:04.788Z, 101.6455626, 473.72110919999994
1714459864815, 2024-04-30T06:51:04.815Z, 93.77141320000001, 466.5689386
1714459864829, 2024-04-30T06:51:04.829Z, 88.1633456, 460.99483899999996
1714459864845, 2024-04-30T06:51:04.845Z, 83.0857232, 454.95983079999996
1714459864861, 2024-04-30T06:51:04.861Z, 80.31279620000001, 451.217691
1714459864873, 2024-04-30T06:51:04.873Z, 83.8310788, 452.1236064000001
1714459864888, 2024-04-30T06:51:04.888Z, 82.7154454, 457.82535820000004
1714459864903, 2024-04-30T06:51:04.903Z, 77.45470420000001, 464.3856264
1714459864922, 2024-04-30T06:51:04.922Z, 82.3049858, 475.94978519999995
1714459864933, 2024-04-30T06:51:04.933Z, 89.43429660000001, 497.46243999999996
1714459864964, 2024-04-30T06:51:04.964Z, 87.9029104, 520.545396
1714459864978, 2024-04-30T06:51:04.978Z, 83.3090392, 539.501455
1714459864993, 2024-04-30T06:51:04.993Z, 79.5570426, 559.5668608
1714459865008, 2024-04-30T06:51:05.008Z, 66.2459442, 572.0433074
1714459865027, 2024-04-30T06:51:05.027Z, 51.949215, 577.7482600000001
1714459865038, 2024-04-30T06:51:05.038Z, 39.2508756, 581.0618868
1714459865053, 2024-04-30T06:51:05.053Z, 33.9359406, 584.5623962000001
1714459865073, 2024-04-30T06:51:05.073Z, 29.637962000000005, 587.3172352
1714459865083, 2024-04-30T06:51:05.083Z, 28.711471799999998, 591.7066556000001
1714459865116, 2024-04-30T06:51:05.116Z, 28.934044600000004, 594.3651468
1714459865131, 2024-04-30T06:51:05.131Z, 32.871433, 595.4065196
1714459865148, 2024-04-30T06:51:05.148Z, 37.878811999999996, 595.7168816000001
1714459865162, 2024-04-30T06:51:05.162Z, 41.452937399999996, 594.5225448000001
1714459865176, 2024-04-30T06:51:05.176Z, 44.94992739999999, 593.7688328
1714459865192, 2024-04-30T06:51:05.192Z, 48.121346, 592.8526266
1714459865207, 2024-04-30T06:51:05.207Z, 49.32956599999999, 591.6454176
1714459865223, 2024-04-30T06:51:05.223Z, 51.65166359999999, 589.440657
1714459865238, 2024-04-30T06:51:05.238Z, 56.9612, 584.6295051999999
1714459865264, 2024-04-30T06:51:05.264Z, 64.35651920000001, 577.8815314
1714459865278, 2024-04-30T06:51:05.278Z, 72.8977604, 570.6435524
1714459865294, 2024-04-30T06:51:05.294Z, 81.0612372, 565.3788664
1714459865308, 2024-04-30T06:51:05.308Z, 91.2494976, 562.5459612
1714459865323, 2024-04-30T06:51:05.323Z, 103.22128119999999, 565.1664562
1714459865338, 2024-04-30T06:51:05.338Z, 115.1110722, 568.6563583999999
1714459865353, 2024-04-30T06:51:05.353Z, 124.3805948, 572.156091
1714459865369, 2024-04-30T06:51:05.369Z, 132.167724, 574.1051024000001
1714459865383, 2024-04-30T06:51:05.383Z, 136.62563319999998, 574.5286558
1714459865414, 2024-04-30T06:51:05.414Z, 137.6367286, 571.3460364
1714459865433, 2024-04-30T06:51:05.433Z, 141.986773, 569.952635
1714459865455, 2024-04-30T06:51:05.455Z, 154.755589, 564.1100418
1714459865471, 2024-04-30T06:51:05.471Z, 171.6771206, 560.759705
1714459865487, 2024-04-30T06:51:05.487Z, 189.5608434, 557.9228154
1714459865503, 2024-04-30T06:51:05.503Z, 208.0351646, 555.9362956000001
1714459865520, 2024-04-30T06:51:05.520Z, 222.621421, 552.1692244
1714459865534, 2024-04-30T06:51:05.534Z, 228.4877172, 553.8474776
1714459865550, 2024-04-30T06:51:05.550Z, 233.5223298, 551.2941034
1714459865568, 2024-04-30T06:51:05.568Z, 238.3994016, 547.8148892
1714459865582, 2024-04-30T06:51:05.582Z, 322.2818462, 513.3751122000001
1714459865596, 2024-04-30T06:51:05.596Z, 420.65329900000006, 472.5979062
1714459865612, 2024-04-30T06:51:05.612Z, 578.6793798000001, 403.31681000000003
1714459865628, 2024-04-30T06:51:05.628Z, 744.8541622, 334.99459840000003
1714459865644, 2024-04-30T06:51:05.644Z, 919.7489174, 268.5140574
1714459865659, 2024-04-30T06:51:05.659Z, 1038.0001488, 229.75765540000003
1714459865675, 2024-04-30T06:51:05.675Z, 1142.9272085999999, 193.352508
1714459865691, 2024-04-30T06:51:05.691Z, 1198.6463885999997, 193.562719
1714459865715, 2024-04-30T06:51:05.715Z, 1239.9677258000002, 185.9828642
1714459865729, 2024-04-30T06:51:05.729Z, 1271.4848758, 180.0796838
1714459865745, 2024-04-30T06:51:05.745Z, 1283.9224418000001, 177.5079464
1714459865762, 2024-04-30T06:51:05.762Z, 1295.9594094, 180.6867226
1714459865774, 2024-04-30T06:51:05.774Z, 1296.0572534, 182.3640636
1714459865798, 2024-04-30T06:51:05.798Z, 1303.6866942000001, 187.70206360000003
1714459865815, 2024-04-30T06:51:05.815Z, 1312.0979814, 191.22192160000003
1714459865829, 2024-04-30T06:51:05.829Z, 1317.8601758, 194.7670964
1714459865845, 2024-04-30T06:51:05.845Z, 1322.8967754, 197.76066180000004
1714459865868, 2024-04-30T06:51:05.868Z, 1330.5473657999999, 194.75029560000002
1714459865892, 2024-04-30T06:51:05.892Z, 1331.7425888000002, 199.845907
1714459865908, 2024-04-30T06:51:05.908Z, 1333.5322761999998, 202.6411708
1714459865940, 2024-04-30T06:51:05.940Z, 1327.9840265999999, 212.08085599999998
1714459865972, 2024-04-30T06:51:05.972Z, 1321.1406490000002, 222.9537724
1714459865987, 2024-04-30T06:51:05.987Z, 1314.0871362, 239.26911220000002
1714459866018, 2024-04-30T06:51:06.018Z, 1304.1613718, 253.301098
1714459866049, 2024-04-30T06:51:06.049Z, 1292.591473, 271.43971339999996
1714459866065, 2024-04-30T06:51:06.065Z, 1285.5246406, 284.3079236
1714459866080, 2024-04-30T06:51:06.080Z, 1281.1061634, 297.1886156
1714459866095, 2024-04-30T06:51:06.095Z, 1279.0537571999998, 304.02704299999994
1714459866110, 2024-04-30T06:51:06.110Z, 1278.3757162, 302.3163472
1714459866141, 2024-04-30T06:51:06.141Z, 1274.96354, 295.0053226
1714459866178, 2024-04-30T06:51:06.178Z, 1252.9673688, 279.49346920000005
1714459866223, 2024-04-30T06:51:06.223Z, 1225.6060929999999, 273.7867772000001
1714459866238, 2024-04-30T06:51:06.238Z, 1197.1759578, 265.6214116
1714459866255, 2024-04-30T06:51:06.255Z, 1049.877734, 277.2667176
1714459866272, 2024-04-30T06:51:06.272Z, 890.4378574, 297.04857680000003
1714459866283, 2024-04-30T06:51:06.283Z, 738.8355014, 326.7148832
1714459866314, 2024-04-30T06:51:06.314Z, 573.7003854, 348.29015280000004
1714459866328, 2024-04-30T06:51:06.328Z, 406.353037, 369.928278
1714459866342, 2024-04-30T06:51:06.342Z, 359.39911440000003, 377.81679360000004
1714459866359, 2024-04-30T06:51:06.359Z, 327.7157816, 381.76000899999997
1714459866373, 2024-04-30T06:51:06.373Z, 311.62461619999993, 380.5534294
1714459866389, 2024-04-30T06:51:06.389Z, 315.8909148, 373.300971
1714459866404, 2024-04-30T06:51:06.404Z, 323.9124868, 369.509601
1714459866420, 2024-04-30T06:51:06.420Z, 339.5003666, 367.2339656
1714459866435, 2024-04-30T06:51:06.435Z, 360.2185904, 364.5229212
1714459866465, 2024-04-30T06:51:06.465Z, 383.16348259999995, 372.33637239999996
1714459866482, 2024-04-30T06:51:06.482Z, 404.0340344, 382.40092059999995
1714459866497, 2024-04-30T06:51:06.497Z, 422.4520998, 392.5450128
1714459866512, 2024-04-30T06:51:06.512Z, 436.81738640000003, 400.90417360000004
1714459866528, 2024-04-30T06:51:06.528Z, 443.5244908000001, 400.8484722
1714459866543, 2024-04-30T06:51:06.543Z, 441.0143186, 396.605484
1714459866574, 2024-04-30T06:51:06.574Z, 436.7148456, 390.8015736
1714459866589, 2024-04-30T06:51:06.589Z, 429.9004596, 384.60237539999997
1714459866614, 2024-04-30T06:51:06.614Z, 422.0153174, 374.6612106
1714459866628, 2024-04-30T06:51:06.628Z, 415.45113059999994, 375.26285999999993
1714459866644, 2024-04-30T06:51:06.644Z, 408.7961372, 373.3525498
1714459866673, 2024-04-30T06:51:06.673Z, 400.1265932, 371.31413039999995
1714459866680, 2024-04-30T06:51:06.680Z, 390.3467616, 370.5547766
1714459866688, 2024-04-30T06:51:06.688Z, 381.36435240000003, 374.3254552
1714459866702, 2024-04-30T06:51:06.702Z, 373.2040326, 373.90022899999997
1714459866722, 2024-04-30T06:51:06.722Z, 365.3563108, 373.9495794
1714459866733, 2024-04-30T06:51:06.733Z, 358.78042719999996, 376.25213199999996
1714459866764, 2024-04-30T06:51:06.764Z, 353.9088208, 375.1526912
1714459866778, 2024-04-30T06:51:06.778Z, 348.198787, 372.84060579999993
1714459866793, 2024-04-30T06:51:06.793Z, 333.3070734, 365.49265499999996
1714459866808, 2024-04-30T06:51:06.808Z, 309.7059544, 353.58810919999996
1714459866823, 2024-04-30T06:51:06.823Z, 288.5906488, 339.76822219999997
1714459866838, 2024-04-30T06:51:06.838Z, 274.500649, 319.556876
1714459866853, 2024-04-30T06:51:06.853Z, 258.3061186, 304.8167616
1714459866869, 2024-04-30T06:51:06.869Z, 252.6097738, 294.98911080000005
1714459866885, 2024-04-30T06:51:06.885Z, 258.4035646, 285.2738336
1714459866914, 2024-04-30T06:51:06.914Z, 249.17738059999996, 279.9606148
1714459866928, 2024-04-30T06:51:06.928Z, 235.71036879999997, 279.80434099999997
1714459866944, 2024-04-30T06:51:06.944Z, 221.14379019999996, 275.8427382
1714459866958, 2024-04-30T06:51:06.958Z, 205.7711546, 275.03685939999997
1714459866973, 2024-04-30T06:51:06.973Z, 194.7792378, 274.4862262
1714459866988, 2024-04-30T06:51:06.988Z, 198.2727404, 269.8162832
1714459867003, 2024-04-30T06:51:07.003Z, 199.34394300000002, 266.48967419999997
1714459867018, 2024-04-30T06:51:07.018Z, 203.360819, 257.6360926
1714459867033, 2024-04-30T06:51:07.033Z, 204.8942398, 245.8160198
1714459867064, 2024-04-30T06:51:07.064Z, 198.5166976, 235.86188099999998
1714459867078, 2024-04-30T06:51:07.078Z, 196.6154358, 227.1842002
1714459867093, 2024-04-30T06:51:07.093Z, 195.2195012, 218.9768732
1714459867108, 2024-04-30T06:51:07.108Z, 201.7828936, 214.47015040000002
1714459867123, 2024-04-30T06:51:07.123Z, 215.04907700000004, 208.795829
1714459867138, 2024-04-30T06:51:07.138Z, 233.6413148, 205.6191862
1714459867153, 2024-04-30T06:51:07.153Z, 242.54006260000006, 210.1126066
1714459867172, 2024-04-30T06:51:07.172Z, 250.26394259999998, 214.68607400000002
1714459867196, 2024-04-30T06:51:07.196Z, 248.7674778, 220.3816398
1714459867218, 2024-04-30T06:51:07.218Z, 240.89379679999996, 230.46242980000002
1714459867228, 2024-04-30T06:51:07.228Z, 225.7633668, 238.6311084
1714459867243, 2024-04-30T06:51:07.243Z, 216.4260186, 237.807499
1714459867258, 2024-04-30T06:51:07.258Z, 207.01382560000002, 236.498099
1714459867276, 2024-04-30T06:51:07.276Z, 191.9167858, 237.463456
1714459867292, 2024-04-30T06:51:07.292Z, 183.3138756, 235.13449920000002
1714459867307, 2024-04-30T06:51:07.307Z, 180.2465318, 233.41324640000002
1714459867323, 2024-04-30T06:51:07.323Z, 160.52097740000002, 234.5630632
1714459867337, 2024-04-30T06:51:07.337Z, 144.5404922, 236.2977444
1714459867364, 2024-04-30T06:51:07.364Z, 134.02321239999998, 236.71371120000003
1714459867393, 2024-04-30T06:51:07.393Z, 107.27055, 238.43513560000002
1714459867409, 2024-04-30T06:51:07.409Z, 84.865122, 240.8869968
1714459867442, 2024-04-30T06:51:07.442Z, 86.1617214, 243.947847
1714459867453, 2024-04-30T06:51:07.453Z, 89.68380619999999, 248.47454860000002
1714459867468, 2024-04-30T06:51:07.468Z, 87.49664599999998, 249.93427820000002
1714459867483, 2024-04-30T06:51:07.483Z, 110.5747836, 253.46707619999998
1714459867514, 2024-04-30T06:51:07.514Z, 148.0227204, 251.55279420000002
1714459867532, 2024-04-30T06:51:07.532Z, 169.9170766, 248.53647
1714459867547, 2024-04-30T06:51:07.547Z, 187.9971742, 242.19252419999998
1714459867561, 2024-04-30T06:51:07.561Z, 220.22493919999997, 233.65196380000003
1714459867589, 2024-04-30T06:51:07.589Z, 233.3374114, 223.6438216
1714459867603, 2024-04-30T06:51:07.603Z, 220.80009660000002, 220.423139
1714459867619, 2024-04-30T06:51:07.619Z, 221.49878559999996, 216.2020326
1714459867635, 2024-04-30T06:51:07.635Z, 219.60463659999996, 215.8719832
1714459867666, 2024-04-30T06:51:07.666Z, 202.9665518, 226.79516199999998
1714459867681, 2024-04-30T06:51:07.681Z, 195.31984200000002, 237.26156759999998
1714459867697, 2024-04-30T06:51:07.697Z, 206.4522794, 238.08544980000002
1714459867713, 2024-04-30T06:51:07.713Z, 205.32129720000003, 242.8656868
1714459867729, 2024-04-30T06:51:07.729Z, 206.423587, 245.63398940000002
1714459867744, 2024-04-30T06:51:07.744Z, 222.71019280000002, 233.3352886
1714459867760, 2024-04-30T06:51:07.760Z, 235.0273682, 219.825126
1714459867775, 2024-04-30T06:51:07.775Z, 232.5954298, 221.3294106
1714459867790, 2024-04-30T06:51:07.790Z, 235.5163298, 219.2101892
1714459867815, 2024-04-30T06:51:07.815Z, 238.5232316, 217.0431854
1714459867828, 2024-04-30T06:51:07.828Z, 234.3969982, 224.006601
1714459867844, 2024-04-30T06:51:07.844Z, 230.8695036, 231.2884456
1714459867859, 2024-04-30T06:51:07.859Z, 229.03183639999997, 232.577499
1714459867889, 2024-04-30T06:51:07.889Z, 230.195943, 239.111471
1714459867904, 2024-04-30T06:51:07.904Z, 233.217672, 246.556805
1714459867934, 2024-04-30T06:51:07.934Z, 242.59063959999997, 249.9553984
1714459867979, 2024-04-30T06:51:07.979Z, 247.378924, 256.4749842
1714459867994, 2024-04-30T06:51:07.994Z, 244.4858936, 265.270194
1714459868024, 2024-04-30T06:51:08.024Z, 240.8260872, 267.1808918
1714459868040, 2024-04-30T06:51:08.040Z, 244.9638876, 262.975836
1714459868071, 2024-04-30T06:51:08.071Z, 220.42175079999998, 265.1608794
1714459868087, 2024-04-30T06:51:08.087Z, 196.03251419999998, 271.0306342
1714459868115, 2024-04-30T06:51:08.115Z, 178.51941979999998, 265.3011414
1714459868129, 2024-04-30T06:51:08.129Z, 158.40377039999998, 260.3882558
1714459868144, 2024-04-30T06:51:08.144Z, 136.17720119999998, 256.40809160000003
1714459868159, 2024-04-30T06:51:08.159Z, 137.68584100000004, 248.70543319999996
1714459868174, 2024-04-30T06:51:08.174Z, 144.5452006, 238.9944886
1714459868202, 2024-04-30T06:51:08.202Z, 150.05646180000002, 246.50272720000004
1714459868218, 2024-04-30T06:51:08.218Z, 156.6640138, 253.6167976
1714459868232, 2024-04-30T06:51:08.232Z, 153.97112099999998, 266.1898134
1714459868264, 2024-04-30T06:51:08.264Z, 142.92065079999998, 293.649364
1714459868278, 2024-04-30T06:51:08.278Z, 132.7533508, 312.0156942
1714459868293, 2024-04-30T06:51:08.293Z, 128.6064826, 323.7815882
1714459868308, 2024-04-30T06:51:08.308Z, 123.236132, 343.4110428
1714459868322, 2024-04-30T06:51:08.322Z, 122.745732, 352.4974648
1714459868337, 2024-04-30T06:51:08.337Z, 131.2381378, 345.29733139999996
1714459868353, 2024-04-30T06:51:08.353Z, 130.35100819999997, 355.5026198
1714459868368, 2024-04-30T06:51:08.368Z, 129.6947936, 359.4707354
1714459868383, 2024-04-30T06:51:08.383Z, 132.0047596, 353.89887400000003
1714459868414, 2024-04-30T06:51:08.414Z, 138.7446226, 340.62207180000007
1714459868429, 2024-04-30T06:51:08.429Z, 138.8073168, 323.87742420000006
1714459868445, 2024-04-30T06:51:08.445Z, 141.99190140000002, 295.5325416
1714459868460, 2024-04-30T06:51:08.460Z, 141.4255436, 270.2982174
1714459868476, 2024-04-30T06:51:08.476Z, 139.8943292, 244.80484260000003
1714459868492, 2024-04-30T06:51:08.492Z, 122.30972, 240.3080666
1714459868507, 2024-04-30T06:51:08.507Z, 103.73016199999999, 244.06665119999997
1714459868523, 2024-04-30T06:51:08.523Z, 95.857847, 243.97424900000001
1714459868538, 2024-04-30T06:51:08.538Z, 86.40508220000001, 247.7833794
1714459868564, 2024-04-30T06:51:08.564Z, 92.2096228, 249.7463554
1714459868577, 2024-04-30T06:51:08.577Z, 107.7277216, 245.6455466
1714459868652, 2024-04-30T06:51:08.652Z, 198.3026632, 235.6957536
1714459868668, 2024-04-30T06:51:08.668Z, 413.7759262000001, 237.6409212
1714459868714, 2024-04-30T06:51:08.714Z, 726.4996610000001, 211.30952059999998
1714459868731, 2024-04-30T06:51:08.731Z, 1018.5450797999999, 186.31960220000002
1714459868742, 2024-04-30T06:51:08.742Z, 1299.1892514, 172.7293056
1714459868791, 2024-04-30T06:51:08.791Z, 1514.5253472, 159.3262324
1714459868806, 2024-04-30T06:51:08.806Z, 1598.1733614, 140.335995
1714459868821, 2024-04-30T06:51:08.821Z, 1586.7820482, 146.3985504
1714459868923, 2024-04-30T06:51:08.923Z, 1575.5332724, 149.2221792
1714459868938, 2024-04-30T06:51:08.938Z, 1626.4451162, 193.720484
1714459868983, 2024-04-30T06:51:08.983Z, 1655.7375334, 223.55471660000003
1714459869028, 2024-04-30T06:51:09.028Z, 1674.2372206, 227.5580832
1714459869073, 2024-04-30T06:51:09.073Z, 1690.5491176, 230.49575800000002
1714459869118, 2024-04-30T06:51:09.118Z, 1706.5064452, 245.720394
1714459869165, 2024-04-30T06:51:09.165Z, 1672.1195352, 221.27273540000002
1714459869224, 2024-04-30T06:51:09.224Z, 1659.9930066000002, 226.83473800000002
1714459869255, 2024-04-30T06:51:09.255Z, 1649.7582702, 236.7692844
1714459869286, 2024-04-30T06:51:09.286Z, 1634.398086, 237.005723
1714459869314, 2024-04-30T06:51:09.314Z, 1621.86543, 231.44588320000003
1714459869328, 2024-04-30T06:51:09.328Z, 1608.5342028, 214.03769780000002
1714459869342, 2024-04-30T06:51:09.342Z, 1593.3389190000003, 177.908529
1714459869388, 2024-04-30T06:51:09.388Z, 1587.5277270000001, 159.02126660000002
1714459869444, 2024-04-30T06:51:09.444Z, 1596.1278538000001, 162.47883940000003
1714459869481, 2024-04-30T06:51:09.481Z, 1599.6590105999999, 182.1196648
1714459869508, 2024-04-30T06:51:09.508Z, 1610.54119, 201.3594922
1714459869523, 2024-04-30T06:51:09.523Z, 1624.8923730000001, 219.02820579999997
1714459869571, 2024-04-30T06:51:09.571Z, 1640.0058872000002, 235.1936
1714459869619, 2024-04-30T06:51:09.619Z, 1654.6383566, 245.9446202
1714459869630, 2024-04-30T06:51:09.630Z, 1670.6034002000001, 243.2515382
1714459869662, 2024-04-30T06:51:09.662Z, 1670.0402516000001, 254.29139880000002
1714459869709, 2024-04-30T06:51:09.709Z, 1648.8670612, 270.56425040000005
1714459869741, 2024-04-30T06:51:09.741Z, 1620.4973476, 286.506787
1714459869794, 2024-04-30T06:51:09.794Z, 1596.1227880000001, 292.3537852
1714459869842, 2024-04-30T06:51:09.842Z, 1576.8559220000002, 295.2861676
1714459869853, 2024-04-30T06:51:09.853Z, 1566.6077096000001, 285.37635320000004
1714459869871, 2024-04-30T06:51:09.871Z, 1570.9640418, 278.3984626
1714459869883, 2024-04-30T06:51:09.883Z, 1574.0209923999998, 271.57695980000005
1714459869928, 2024-04-30T06:51:09.928Z, 1563.4865387999998, 266.840634
1714459869943, 2024-04-30T06:51:09.943Z, 1553.9485444, 260.2136672
1714459869974, 2024-04-30T06:51:09.974Z, 1548.4499375999999, 240.2100692
1714459869990, 2024-04-30T06:51:09.990Z, 1534.5988552, 230.6091558
1714459870005, 2024-04-30T06:51:10.005Z, 1524.8483092000001, 226.44766560000002
1714459870021, 2024-04-30T06:51:10.021Z, 1515.7616398000002, 225.1380428
1714459870037, 2024-04-30T06:51:10.037Z, 1487.8154098, 236.06605520000002
1714459870065, 2024-04-30T06:51:10.065Z, 1446.596532, 265.58505440000005
1714459870081, 2024-04-30T06:51:10.081Z, 1395.7399952, 292.7318072
1714459870093, 2024-04-30T06:51:10.093Z, 1327.7124811999997, 322.1497524
1714459870109, 2024-04-30T06:51:10.109Z, 1267.2925952, 350.7892332
1714459870123, 2024-04-30T06:51:10.123Z, 1225.1495137999998, 370.8838554
1714459870138, 2024-04-30T06:51:10.138Z, 1191.5490386000001, 386.535276
1714459870153, 2024-04-30T06:51:10.153Z, 1186.4258794, 394.30426480000006
1714459870183, 2024-04-30T06:51:10.183Z, 1193.3355572, 393.80737359999995
1714459870218, 2024-04-30T06:51:10.218Z, 1197.0817902, 385.8355036
1714459870228, 2024-04-30T06:51:10.228Z, 1200.3594828, 381.9528262
1714459870243, 2024-04-30T06:51:10.243Z, 1204.6693756, 380.334351
1714459870258, 2024-04-30T06:51:10.258Z, 1189.565169, 378.0569858
1714459870273, 2024-04-30T06:51:10.273Z, 1182.7733824000002, 380.80098699999996
1714459870289, 2024-04-30T06:51:10.289Z, 1175.2668814, 389.3359008
1714459870302, 2024-04-30T06:51:10.302Z, 1166.2137874, 392.5534718
1714459870318, 2024-04-30T06:51:10.318Z, 1156.491085, 389.4095958
1714459870333, 2024-04-30T06:51:10.333Z, 1154.8801258, 389.1576172
1714459870364, 2024-04-30T06:51:10.364Z, 1150.6204792, 376.5271506
1714459870380, 2024-04-30T06:51:10.380Z, 1145.5619342000002, 364.9948492
1714459870412, 2024-04-30T06:51:10.412Z, 1143.6160286, 359.9893798
1714459870427, 2024-04-30T06:51:10.427Z, 1140.5806916, 362.5287348
1714459870459, 2024-04-30T06:51:10.459Z, 1138.7035198, 368.2827758
1714459870475, 2024-04-30T06:51:10.475Z, 1141.8970628000002, 384.44571399999995
1714459870490, 2024-04-30T06:51:10.490Z, 1150.6280618, 401.6933084
1714459870517, 2024-04-30T06:51:10.517Z, 1164.3635566, 413.49258499999996
1714459870536, 2024-04-30T06:51:10.536Z, 1185.7185578, 417.81097819999997
1714459870552, 2024-04-30T06:51:10.552Z, 1207.6972884, 411.4148056
1714459870568, 2024-04-30T06:51:10.568Z, 1226.1716899999997, 406.899267
1714459870584, 2024-04-30T06:51:10.584Z, 1237.1152048, 399.8598134
1714459870615, 2024-04-30T06:51:10.615Z, 1242.9977228, 389.2041192
1714459870630, 2024-04-30T06:51:10.630Z, 1240.7933214, 383.4044482
1714459870646, 2024-04-30T06:51:10.646Z, 1243.5446336, 382.2032964
1714459870667, 2024-04-30T06:51:10.667Z, 1241.6468408, 386.93703100000005
1714459870696, 2024-04-30T06:51:10.696Z, 1241.4865478, 393.05682179999997
1714459870711, 2024-04-30T06:51:10.711Z, 1234.8005852000001, 405.8679988
1714459870725, 2024-04-30T06:51:10.725Z, 1228.2709102000001, 418.91788620000005
1714459870741, 2024-04-30T06:51:10.741Z, 1214.0043, 431.6326148
1714459870756, 2024-04-30T06:51:10.756Z, 1206.6584982, 429.63137700000004
1714459870772, 2024-04-30T06:51:10.772Z, 1197.4440781999997, 432.0941046
1714459870788, 2024-04-30T06:51:10.788Z, 1183.4375894, 436.6257406000001
1714459870819, 2024-04-30T06:51:10.819Z, 1171.3260842, 442.3653972
1714459870831, 2024-04-30T06:51:10.831Z, 1160.2828018, 449.2062444
1714459870847, 2024-04-30T06:51:10.847Z, 1148.3955754, 460.28056719999995
1714459870861, 2024-04-30T06:51:10.861Z, 1137.473517, 467.47503399999994
1714459870876, 2024-04-30T06:51:10.876Z, 1135.5722572, 461.86501699999997
1714459870891, 2024-04-30T06:51:10.891Z, 1129.6487234, 455.82251260000004
1714459870906, 2024-04-30T06:51:10.906Z, 1124.2608512, 448.63049140000004
1714459870923, 2024-04-30T06:51:10.923Z, 1121.3087374000002, 448.25155300000006
1714459870937, 2024-04-30T06:51:10.937Z, 1117.9266839999998, 446.9060434
1714459870967, 2024-04-30T06:51:10.967Z, 1117.7902332, 455.26376680000004
1714459870981, 2024-04-30T06:51:10.981Z, 1129.2928808000001, 455.2537166
1714459871008, 2024-04-30T06:51:11.008Z, 1142.8162574, 454.61229519999995
1714459871024, 2024-04-30T06:51:11.024Z, 1161.5232654000001, 447.1269548
1714459871040, 2024-04-30T06:51:11.040Z, 1179.4214262, 440.21242300000006
1714459871056, 2024-04-30T06:51:11.056Z, 1201.2797916, 428.75379499999997
1714459871072, 2024-04-30T06:51:11.072Z, 1215.7387824, 423.7678331999999
1714459871087, 2024-04-30T06:51:11.087Z, 1228.3775600000001, 420.7647368
1714459871117, 2024-04-30T06:51:11.117Z, 1233.5878052000003, 421.6570254
1714459871131, 2024-04-30T06:51:11.131Z, 1241.3007298, 422.31533079999997
1714459871146, 2024-04-30T06:51:11.146Z, 1245.8719514, 425.03749959999993
1714459871160, 2024-04-30T06:51:11.160Z, 1247.0645430000002, 430.6860506
1714459871176, 2024-04-30T06:51:11.176Z, 1247.5093204, 436.47479039999996
1714459871191, 2024-04-30T06:51:11.191Z, 1245.6743344000001, 445.9159354
1714459871205, 2024-04-30T06:51:11.205Z, 1254.0838922, 441.122987
1714459871236, 2024-04-30T06:51:11.236Z, 1254.3981552, 442.20483540000004
1714459871267, 2024-04-30T06:51:11.267Z, 1256.8067858, 439.3138452
1714459871281, 2024-04-30T06:51:11.281Z, 1258.631337, 437.11023420000004
1714459871296, 2024-04-30T06:51:11.296Z, 1255.8640378, 430.8693867999999
1714459871312, 2024-04-30T06:51:11.312Z, 1245.4819997999998, 438.40448
1714459871327, 2024-04-30T06:51:11.327Z, 1240.7691146, 439.3661464
1714459871341, 2024-04-30T06:51:11.341Z, 1239.1980529999998, 439.80730399999993
1714459871355, 2024-04-30T06:51:11.355Z, 1252.4629178, 439.59618579999994
1714459871371, 2024-04-30T06:51:11.371Z, 1272.8002172000001, 438.97800040000004
1714459871386, 2024-04-30T06:51:11.386Z, 1290.4039486000001, 438.25142460000006
1714459871416, 2024-04-30T06:51:11.416Z, 1315.7225346, 429.267922
1714459871430, 2024-04-30T06:51:11.430Z, 1336.715632, 423.72972960000004
1714459871446, 2024-04-30T06:51:11.446Z, 1337.4908658, 415.6413228
1714459871461, 2024-04-30T06:51:11.461Z, 1323.3967980000002, 413.146227
1714459871477, 2024-04-30T06:51:11.477Z, 1304.9206436, 412.3088064
1714459871493, 2024-04-30T06:51:11.493Z, 1274.8258988000002, 421.8435364
1714459871508, 2024-04-30T06:51:11.508Z, 1244.2353566000002, 429.738219
1714459871565, 2024-04-30T06:51:11.565Z, 1213.3540686000001, 441.6221534
1714459871579, 2024-04-30T06:51:11.579Z, 1197.098498, 450.2139078
1714459871594, 2024-04-30T06:51:11.594Z, 1184.2952948, 453.00135520000003
1714459871608, 2024-04-30T06:51:11.608Z, 1172.7735548, 459.199139
1714459871624, 2024-04-30T06:51:11.624Z, 1163.9167449999998, 463.432427
1714459871642, 2024-04-30T06:51:11.642Z, 1161.7790932, 469.16929740000006
1714459871653, 2024-04-30T06:51:11.653Z, 1160.0221556000001, 477.1539758
1714459871668, 2024-04-30T06:51:11.668Z, 1158.289723, 488.42850980000003
1714459871683, 2024-04-30T06:51:11.683Z, 1158.0307452000002, 490.6646708
1714459871718, 2024-04-30T06:51:11.718Z, 1158.6667836000001, 498.4624342
1714459871728, 2024-04-30T06:51:11.728Z, 1159.7808214000001, 499.2779624000001
1714459871743, 2024-04-30T06:51:11.743Z, 1159.7725626, 490.9031532
1714459871758, 2024-04-30T06:51:11.758Z, 1154.657866, 479.14112800000004
1714459871774, 2024-04-30T06:51:11.774Z, 1149.8178844, 470.13532219999996
1714459871790, 2024-04-30T06:51:11.790Z, 1151.3163048, 457.18150940000004
1714459871806, 2024-04-30T06:51:11.806Z, 1158.1210198, 446.41570599999994
1714459871821, 2024-04-30T06:51:11.821Z, 1169.8746162000002, 444.45718139999997
1714459871838, 2024-04-30T06:51:11.838Z, 1187.4318014, 445.2261346
1714459871865, 2024-04-30T06:51:11.865Z, 1208.6244908, 446.2356996
1714459871878, 2024-04-30T06:51:11.878Z, 1224.4103203999998, 443.32431280000003
1714459871893, 2024-04-30T06:51:11.893Z, 1235.8474445999998, 441.22677839999994
1714459871908, 2024-04-30T06:51:11.908Z, 1243.6504186, 436.3405578
1714459871923, 2024-04-30T06:51:11.923Z, 1250.1581939999999, 438.3794774
1714459871938, 2024-04-30T06:51:11.938Z, 1255.7940012, 444.11129359999995
1714459871954, 2024-04-30T06:51:11.954Z, 1257.4467829999999, 455.33507979999996
1714459871968, 2024-04-30T06:51:11.968Z, 1256.8240945999999, 470.36593000000005
1714459872014, 2024-04-30T06:51:12.014Z, 1251.9133566, 484.9738674
1714459872029, 2024-04-30T06:51:12.029Z, 1248.1988446, 484.3537312
1714459872043, 2024-04-30T06:51:12.043Z, 1241.5835098, 485.5817712
1714459872058, 2024-04-30T06:51:12.058Z, 1239.3901190000001, 482.0488746
1714459872074, 2024-04-30T06:51:12.074Z, 1239.0302552, 473.4121991999999
1714459872089, 2024-04-30T06:51:12.089Z, 1242.987889, 464.7667034
1714459872108, 2024-04-30T06:51:12.108Z, 1246.9617996000002, 466.53757039999994
1714459872118, 2024-04-30T06:51:12.118Z, 1249.566401, 465.96895839999996
1714459872134, 2024-04-30T06:51:12.134Z, 1249.7105224, 467.60226700000004
1714459872166, 2024-04-30T06:51:12.166Z, 1247.1851928, 471.9269054
1714459872179, 2024-04-30T06:51:12.179Z, 1239.1089918000002, 472.10952879999996
1714459872193, 2024-04-30T06:51:12.193Z, 1228.153108, 473.19522099999995
1714459872208, 2024-04-30T06:51:12.208Z, 1209.266216, 472.00085900000005
1714459872225, 2024-04-30T06:51:12.225Z, 1193.5850228000002, 471.4156242
1714459872243, 2024-04-30T06:51:12.243Z, 1177.9908891999999, 469.8659514
1714459872255, 2024-04-30T06:51:12.255Z, 1166.4624338, 471.74774700000006
1714459872272, 2024-04-30T06:51:12.272Z, 1158.5864156000002, 472.9707982
1714459872286, 2024-04-30T06:51:12.286Z, 1160.6885338, 473.3942508
1714459872315, 2024-04-30T06:51:12.315Z, 1158.6765752000001, 470.701512
1714459872328, 2024-04-30T06:51:12.328Z, 1160.5017698, 469.02778820000003
1714459872347, 2024-04-30T06:51:12.347Z, 1164.7776139999999, 468.11720720000005
1714459872359, 2024-04-30T06:51:12.359Z, 1169.1671576, 469.9655753999999
1714459872373, 2024-04-30T06:51:12.373Z, 1172.5568177999999, 471.18385180000007
1714459872388, 2024-04-30T06:51:12.388Z, 1173.1726362, 476.9130526
1714459872404, 2024-04-30T06:51:12.404Z, 1171.1865526, 481.48934360000004
1714459872422, 2024-04-30T06:51:12.422Z, 1168.432703, 485.04499500000003
1714459872433, 2024-04-30T06:51:12.433Z, 1163.6312321999999, 480.0708562
1714459872465, 2024-04-30T06:51:12.465Z, 1157.462083, 474.6363424
1714459872478, 2024-04-30T06:51:12.478Z, 1154.4505789999998, 467.1542448
1714459872498, 2024-04-30T06:51:12.498Z, 1151.1628541999999, 464.37206619999995
1714459872512, 2024-04-30T06:51:12.512Z, 1142.9415736, 460.7047366
1714459872524, 2024-04-30T06:51:12.524Z, 1133.4080726, 462.3897492
1714459872539, 2024-04-30T06:51:12.539Z, 1125.2782044, 465.56705780000004
1714459872554, 2024-04-30T06:51:12.554Z, 1118.4592239999997, 473.39434620000003
1714459872569, 2024-04-30T06:51:12.569Z, 1113.7459052, 479.2153741999999
1714459872584, 2024-04-30T06:51:12.584Z, 1114.280466, 484.48064020000004
1714459872615, 2024-04-30T06:51:12.615Z, 1120.4942248, 493.133544
1714459872631, 2024-04-30T06:51:12.631Z, 1131.0569406, 500.69626860000005
1714459872647, 2024-04-30T06:51:12.647Z, 1142.2757969999998, 504.30784600000004
1714459872662, 2024-04-30T06:51:12.662Z, 1155.8121654, 503.12724959999997
1714459872677, 2024-04-30T06:51:12.677Z, 1166.761459, 504.31201419999996
1714459872693, 2024-04-30T06:51:12.693Z, 1175.6276348, 500.3448634
1714459872724, 2024-04-30T06:51:12.724Z, 1184.9008173999998, 492.02738259999995
1714459872739, 2024-04-30T06:51:12.739Z, 1192.2832071999999, 486.58145160000004
1714459872764, 2024-04-30T06:51:12.764Z, 1197.7745055999999, 478.5529988
1714459872785, 2024-04-30T06:51:12.785Z, 1202.1447156, 472.24085240000005
1714459872800, 2024-04-30T06:51:12.800Z, 1199.5061489999998, 475.94184540000003
1714459872816, 2024-04-30T06:51:12.816Z, 1194.2892387999998, 481.57527799999997
1714459872831, 2024-04-30T06:51:12.831Z, 1189.6373537999998, 484.8708720000001
1714459872846, 2024-04-30T06:51:12.846Z, 1186.0094762, 491.47912879999996
1714459872861, 2024-04-30T06:51:12.861Z, 1184.8438082, 495.3159746
1714459872877, 2024-04-30T06:51:12.877Z, 1190.893075, 490.242637
1714459872893, 2024-04-30T06:51:12.893Z, 1201.5778667999998, 493.2157164
1714459872914, 2024-04-30T06:51:12.914Z, 1212.4030404, 491.51181099999997
1714459872928, 2024-04-30T06:51:12.928Z, 1220.8135681999997, 493.84822199999996
1714459872943, 2024-04-30T06:51:12.943Z, 1226.5271346000002, 488.1111602
1714459872963, 2024-04-30T06:51:12.963Z, 1228.6955676, 482.69983680000007
1714459872973, 2024-04-30T06:51:12.973Z, 1222.3861144, 469.90463579999994
1714459872992, 2024-04-30T06:51:12.992Z, 1215.437038, 457.3956486
1714459873006, 2024-04-30T06:51:13.006Z, 1212.2784254, 444.06669680000005
1714459873023, 2024-04-30T06:51:13.023Z, 1223.5541245999998, 436.40192399999995
1714459873037, 2024-04-30T06:51:13.037Z, 1239.3395263999998, 428.8185594
1714459873097, 2024-04-30T06:51:13.097Z, 1251.7094532, 427.39350859999996
1714459873113, 2024-04-30T06:51:13.113Z, 1265.6053802000001, 427.52439400000003
1714459873128, 2024-04-30T06:51:13.128Z, 1272.1499681999999, 433.57527419999997
1714459873143, 2024-04-30T06:51:13.143Z, 1265.9043452, 443.41331199999996
1714459873159, 2024-04-30T06:51:13.159Z, 1256.8962602, 453.1621778
1714459873174, 2024-04-30T06:51:13.174Z, 1255.9024465999998, 457.683094
1714459873190, 2024-04-30T06:51:13.190Z, 1254.3835094, 456.65396039999996
1714459873214, 2024-04-30T06:51:13.214Z, 1254.2349754, 448.66281719999995
1714459873228, 2024-04-30T06:51:13.228Z, 1256.6229614, 437.80571119999996
1714459873258, 2024-04-30T06:51:13.258Z, 1263.523377, 435.7716378
1714459873273, 2024-04-30T06:51:13.273Z, 1270.2148214, 437.703112
1714459873288, 2024-04-30T06:51:13.288Z, 1271.4345216000002, 445.08134900000005
1714459873303, 2024-04-30T06:51:13.303Z, 1274.1405027999997, 447.80089799999996
1714459873318, 2024-04-30T06:51:13.318Z, 1275.2194502, 450.42395500000003
1714459873364, 2024-04-30T06:51:13.364Z, 1269.2888416, 435.587668
1714459873378, 2024-04-30T06:51:13.378Z, 1261.5458232, 418.431077
1714459873393, 2024-04-30T06:51:13.393Z, 1260.7266370000002, 408.45548219999995
1714459873408, 2024-04-30T06:51:13.408Z, 1260.4115218, 404.5102204
1714459873422, 2024-04-30T06:51:13.422Z, 1260.2040212000002, 402.9768373999999
1714459873438, 2024-04-30T06:51:13.438Z, 1260.1497272000001, 414.70580499999994
1714459873470, 2024-04-30T06:51:13.470Z, 1233.9647870000001, 429.58745600000003
1714459873485, 2024-04-30T06:51:13.485Z, 1204.9591642, 439.86154500000004
1714459873514, 2024-04-30T06:51:13.514Z, 1178.9901206, 447.73262459999995
1714459873528, 2024-04-30T06:51:13.528Z, 1161.139801, 458.3832916
1714459873543, 2024-04-30T06:51:13.543Z, 1142.5252732000001, 460.668199
1714459873563, 2024-04-30T06:51:13.563Z, 1145.8814388, 457.54739120000005
1714459873573, 2024-04-30T06:51:13.573Z, 1146.9016446, 453.242539
1714459873588, 2024-04-30T06:51:13.588Z, 1146.8099116, 443.50179259999993
1714459873603, 2024-04-30T06:51:13.603Z, 1138.6907796, 429.34492379999995
1714459873622, 2024-04-30T06:51:13.622Z, 1131.6222474, 421.77118899999994
1714459873633, 2024-04-30T06:51:13.633Z, 1127.3196452000002, 416.5569798
1714459873664, 2024-04-30T06:51:13.664Z, 1125.39486, 411.5974874
1714459873678, 2024-04-30T06:51:13.678Z, 1118.8083746000002, 411.621011
1714459873697, 2024-04-30T06:51:13.697Z, 1110.6967482, 416.82744560000003
1714459873708, 2024-04-30T06:51:13.708Z, 1106.2138309999998, 416.6010528
1714459873723, 2024-04-30T06:51:13.723Z, 1102.668399, 416.6844958
1714459873738, 2024-04-30T06:51:13.738Z, 1099.7762051999998, 417.2566068
1714459873754, 2024-04-30T06:51:13.754Z, 1100.6489212000001, 422.2717788
1714459873772, 2024-04-30T06:51:13.772Z, 1102.9467842, 422.11893040000007
1714459873787, 2024-04-30T06:51:13.787Z, 1106.1904743999999, 421.58714799999996
1714459873819, 2024-04-30T06:51:13.819Z, 1109.7287996, 420.8356471999999
1714459873833, 2024-04-30T06:51:13.833Z, 1113.3644196, 420.25898799999993
1714459873864, 2024-04-30T06:51:13.864Z, 1118.0760813999998, 414.61999320000007
1714459873880, 2024-04-30T06:51:13.880Z, 1122.9362048, 411.0822478
1714459873895, 2024-04-30T06:51:13.895Z, 1117.8415756000002, 417.38393959999996
1714459873911, 2024-04-30T06:51:13.911Z, 1112.0203763999998, 425.1797786
1714459873926, 2024-04-30T06:51:13.926Z, 1105.5730090000002, 434.38147680000003
1714459873942, 2024-04-30T06:51:13.942Z, 1097.2101118, 443.82344240000003
1714459873967, 2024-04-30T06:51:13.967Z, 1089.0732364, 451.6513468
1714459873980, 2024-04-30T06:51:13.980Z, 1088.2401779999998, 450.1822956000001
1714459873994, 2024-04-30T06:51:13.994Z, 1091.3719976, 447.73943959999997
1714459874009, 2024-04-30T06:51:14.009Z, 1094.5460568, 442.40549739999994
1714459874025, 2024-04-30T06:51:14.025Z, 1096.6833926, 434.95893800000005
1714459874040, 2024-04-30T06:51:14.040Z, 1103.5537112, 432.5346182
1714459874055, 2024-04-30T06:51:14.055Z, 1122.3564314, 435.0954702
1714459874072, 2024-04-30T06:51:14.072Z, 1140.6804260000001, 435.9717034
1714459874087, 2024-04-30T06:51:14.087Z, 1163.7252592, 435.48260580000004
1714459874116, 2024-04-30T06:51:14.116Z, 1189.2196944, 439.665384
1714459874130, 2024-04-30T06:51:14.130Z, 1213.013569, 429.935916
1714459874159, 2024-04-30T06:51:14.159Z, 1243.784535, 439.0678356
1714459874174, 2024-04-30T06:51:14.174Z, 1263.9602274, 449.0346962
1714459874190, 2024-04-30T06:51:14.190Z, 1276.9909694, 459.37479700000006
1714459874205, 2024-04-30T06:51:14.205Z, 1284.0302786, 462.5469092
1714459874221, 2024-04-30T06:51:14.221Z, 1285.4725668, 470.6540298
1714459874237, 2024-04-30T06:51:14.237Z, 1273.3034566000001, 455.78905560000004
1714459874265, 2024-04-30T06:51:14.265Z, 1262.7487416, 436.6337173999999
1714459874278, 2024-04-30T06:51:14.278Z, 1265.338324, 420.10244720000003
1714459874293, 2024-04-30T06:51:14.293Z, 1273.0321312, 407.5774132
1714459874308, 2024-04-30T06:51:14.308Z, 1278.1463019999999, 385.0991816
1714459874323, 2024-04-30T06:51:14.323Z, 1292.1788226, 371.1011196
1714459874338, 2024-04-30T06:51:14.338Z, 1316.9706747999999, 373.4906172
1714459874352, 2024-04-30T06:51:14.352Z, 1323.5258376, 376.2083358
1714459874383, 2024-04-30T06:51:14.383Z, 1318.4847957999998, 372.21585300000004
1714459874414, 2024-04-30T06:51:14.414Z, 1316.3111402, 388.54020679999996
1714459874429, 2024-04-30T06:51:14.429Z, 1300.6980829999998, 397.1610872
1714459874452, 2024-04-30T06:51:14.452Z, 1279.6033995999999, 391.51605359999996
1714459874467, 2024-04-30T06:51:14.467Z, 1265.1923801999997, 385.8161944
1714459874483, 2024-04-30T06:51:14.483Z, 1261.5586911999999, 389.59040319999997
1714459874499, 2024-04-30T06:51:14.499Z, 1259.2752954, 391.8252622
1714459874515, 2024-04-30T06:51:14.515Z, 1256.417808, 394.68566319999996
1714459874530, 2024-04-30T06:51:14.530Z, 1254.4455528, 401.16873840000005
1714459874545, 2024-04-30T06:51:14.545Z, 1253.9491908, 408.538489
1714459874563, 2024-04-30T06:51:14.563Z, 1246.9539258, 413.370589
1714459874578, 2024-04-30T06:51:14.578Z, 1240.3113684, 409.35566400000005
1714459874593, 2024-04-30T06:51:14.593Z, 1235.1606452, 411.39730740000005
1714459874608, 2024-04-30T06:51:14.608Z, 1212.7915792, 413.16076360000005
1714459874624, 2024-04-30T06:51:14.624Z, 1190.4740654, 414.23471199999994
1714459874640, 2024-04-30T06:51:14.640Z, 1175.4769968, 417.8355246
1714459874655, 2024-04-30T06:51:14.655Z, 1158.7038742, 424.86660919999997
1714459874672, 2024-04-30T06:51:14.672Z, 1134.582859, 419.0323478
1714459874686, 2024-04-30T06:51:14.686Z, 1126.8042819999998, 412.36017419999996
1714459874714, 2024-04-30T06:51:14.714Z, 1127.4809716, 409.6087828
1714459874743, 2024-04-30T06:51:14.743Z, 1124.5086938, 405.34587700000003
1714459874763, 2024-04-30T06:51:14.763Z, 1127.0576678000002, 403.81739419999997
1714459874773, 2024-04-30T06:51:14.773Z, 1132.6136672, 409.00465799999995
1714459874788, 2024-04-30T06:51:14.788Z, 1133.3728050000002, 419.7342756
1714459874807, 2024-04-30T06:51:14.807Z, 1127.9019668, 427.1457262
1714459874822, 2024-04-30T06:51:14.822Z, 1121.8399156, 439.22632219999997
1714459874833, 2024-04-30T06:51:14.833Z, 1111.8459957999999, 450.5365584
1714459874868, 2024-04-30T06:51:14.868Z, 1102.1842198, 463.54892499999994
1714459874882, 2024-04-30T06:51:14.882Z, 1095.1745292, 467.7164242
1714459874897, 2024-04-30T06:51:14.897Z, 1090.9223066, 473.29162959999996
1714459874913, 2024-04-30T06:51:14.913Z, 1089.223585, 468.2886947999999
1714459874928, 2024-04-30T06:51:14.928Z, 1090.2748098, 463.4558604
1714459874942, 2024-04-30T06:51:14.942Z, 1102.2302476, 455.9087426
1714459874956, 2024-04-30T06:51:14.956Z, 1114.684521, 453.5925758
1714459874972, 2024-04-30T06:51:14.972Z, 1121.0066861999999, 451.42774760000003
1714459874987, 2024-04-30T06:51:14.987Z, 1127.6470023999998, 456.4968072
1714459875015, 2024-04-30T06:51:15.015Z, 1132.1228595999999, 462.7812408
1714459875029, 2024-04-30T06:51:15.029Z, 1123.7183006, 473.0512632
1714459875045, 2024-04-30T06:51:15.045Z, 1118.2391002, 481.0750064
1714459875061, 2024-04-30T06:51:15.061Z, 1117.4890679999999, 484.1108198
1714459875074, 2024-04-30T06:51:15.074Z, 1114.6464119999998, 481.64815339999996
1714459875089, 2024-04-30T06:51:15.089Z, 1107.5449996, 467.58346300000005
1714459875104, 2024-04-30T06:51:15.104Z, 1105.9897944000002, 454.5833364
1714459875122, 2024-04-30T06:51:15.122Z, 1104.7451882, 445.3196838
1714459875134, 2024-04-30T06:51:15.134Z, 1096.8365616, 438.5065364
1714459875165, 2024-04-30T06:51:15.165Z, 1093.0567952, 432.0721648
1714459875179, 2024-04-30T06:51:15.179Z, 1093.0341804, 434.5122388
1714459875194, 2024-04-30T06:51:15.194Z, 1091.9396321999998, 433.0863228
1714459875207, 2024-04-30T06:51:15.207Z, 1089.986821, 426.501247
1714459875223, 2024-04-30T06:51:15.223Z, 1091.1880594000002, 420.2135013999999
1714459875237, 2024-04-30T06:51:15.237Z, 1091.9496929999998, 428.02637639999995
1714459875252, 2024-04-30T06:51:15.252Z, 1093.3392818, 439.3002684
1714459875272, 2024-04-30T06:51:15.272Z, 1096.2406907999998, 447.2571382
1714459875283, 2024-04-30T06:51:15.283Z, 1104.777134, 468.38071980000007
1714459875316, 2024-04-30T06:51:15.316Z, 1112.5467198, 487.36135160000003
1714459875330, 2024-04-30T06:51:15.330Z, 1121.492353, 495.0552868000001
1714459875345, 2024-04-30T06:51:15.345Z, 1128.6755082, 497.1567982
1714459875360, 2024-04-30T06:51:15.360Z, 1138.0096936, 502.4277042
1714459875376, 2024-04-30T06:51:15.376Z, 1141.5538426, 498.4171474
1714459875392, 2024-04-30T06:51:15.392Z, 1144.9552746000002, 496.0787032
1714459875423, 2024-04-30T06:51:15.423Z, 1138.4029442, 501.249877
1714459875438, 2024-04-30T06:51:15.438Z, 1132.0190452000002, 509.8009516
1714459875466, 2024-04-30T06:51:15.466Z, 1121.0824562, 515.1883270000001
1714459875477, 2024-04-30T06:51:15.477Z, 1112.023949, 518.557926
1714459875493, 2024-04-30T06:51:15.493Z, 1104.1683662, 521.6443114
1714459875508, 2024-04-30T06:51:15.508Z, 1106.6273376, 514.078494
1714459875523, 2024-04-30T06:51:15.523Z, 1111.24349, 506.427133
1714459875538, 2024-04-30T06:51:15.538Z, 1117.6536087999998, 504.3292571999999
1714459875553, 2024-04-30T06:51:15.553Z, 1122.8518682, 502.02844860000005
1714459875567, 2024-04-30T06:51:15.567Z, 1132.6258819999998, 492.4385222000001
1714459875584, 2024-04-30T06:51:15.584Z, 1144.8093204, 481.958863
1714459875614, 2024-04-30T06:51:15.614Z, 1157.9021524, 473.2605788000001
1714459875628, 2024-04-30T06:51:15.628Z, 1174.1752422, 466.7103506
1714459875643, 2024-04-30T06:51:15.643Z, 1191.1769896, 461.2302302
1714459875658, 2024-04-30T06:51:15.658Z, 1206.4830052, 460.2922001999999
1714459875673, 2024-04-30T06:51:15.673Z, 1218.9041094, 457.89488360000007
1714459875688, 2024-04-30T06:51:15.688Z, 1228.8741482, 454.7447796
1714459875702, 2024-04-30T06:51:15.702Z, 1235.7588868, 446.14618679999995
1714459875718, 2024-04-30T06:51:15.718Z, 1240.7694634, 437.8667812
1714459875734, 2024-04-30T06:51:15.734Z, 1241.933555, 433.49512780000003
1714459875764, 2024-04-30T06:51:15.764Z, 1241.8482390000001, 434.28905960000003
1714459875780, 2024-04-30T06:51:15.780Z, 1241.9297265999999, 435.64693520000003
1714459875795, 2024-04-30T06:51:15.795Z, 1238.0229708000002, 441.0528588
1714459875811, 2024-04-30T06:51:15.811Z, 1235.6311654, 445.5798294
1714459875826, 2024-04-30T06:51:15.826Z, 1235.8615308, 440.42657419999995
1714459875843, 2024-04-30T06:51:15.843Z, 1233.6417658, 437.7088424
1714459875857, 2024-04-30T06:51:15.857Z, 1231.4381124, 434.6236086
1714459875873, 2024-04-30T06:51:15.873Z, 1235.8153504000002, 437.817899
1714459875888, 2024-04-30T06:51:15.888Z, 1239.1227886000001, 440.01700980000004
1714459875914, 2024-04-30T06:51:15.914Z, 1238.8126063999998, 449.8819538000001
1714459875927, 2024-04-30T06:51:15.927Z, 1242.6328422000001, 463.7282996
1714459875947, 2024-04-30T06:51:15.947Z, 1245.1499624, 475.4582636
1714459875958, 2024-04-30T06:51:15.958Z, 1243.5540024000002, 479.5612232
1714459875972, 2024-04-30T06:51:15.972Z, 1240.9930505999998, 482.7048572
1714459875988, 2024-04-30T06:51:15.988Z, 1237.1647478, 488.10200560000004
1714459876003, 2024-04-30T06:51:16.003Z, 1225.1832359999999, 489.6094166
1714459876029, 2024-04-30T06:51:16.029Z, 1211.0051584, 491.8144244000001
1714459876045, 2024-04-30T06:51:16.045Z, 1195.9367912, 494.78558519999996
1714459876063, 2024-04-30T06:51:16.063Z, 1177.8314094, 498.160142
1714459876078, 2024-04-30T06:51:16.078Z, 1161.7443314, 500.000806
1714459876093, 2024-04-30T06:51:16.093Z, 1150.0111044, 502.01736760000006
1714459876108, 2024-04-30T06:51:16.108Z, 1141.3552670000001, 495.21367380000004
1714459876124, 2024-04-30T06:51:16.124Z, 1132.8336416, 486.84384179999995
1714459876140, 2024-04-30T06:51:16.140Z, 1128.5414164, 483.2766214
1714459876155, 2024-04-30T06:51:16.155Z, 1124.3549226, 479.3621384
1714459876172, 2024-04-30T06:51:16.172Z, 1119.0984048, 474.7712992
1714459876186, 2024-04-30T06:51:16.186Z, 1113.3803647999998, 480.0730512
1714459876214, 2024-04-30T06:51:16.214Z, 1110.904661, 485.17445339999995
1714459876228, 2024-04-30T06:51:16.228Z, 1112.2548904, 489.1908866
1714459876242, 2024-04-30T06:51:16.242Z, 1112.9413508, 492.9053624
1714459876258, 2024-04-30T06:51:16.258Z, 1116.2148672, 496.7251608
1714459876273, 2024-04-30T06:51:16.273Z, 1122.7071646, 498.1568198
1714459876287, 2024-04-30T06:51:16.287Z, 1126.9333722, 500.28121180000005
1714459876306, 2024-04-30T06:51:16.306Z, 1125.9344114, 510.7592506
1714459876322, 2024-04-30T06:51:16.322Z, 1127.8211864, 526.994907
1714459876332, 2024-04-30T06:51:16.332Z, 1130.1221733999998, 544.4893036
1714459876364, 2024-04-30T06:51:16.364Z, 1127.6610692, 570.1172736000001
1714459876378, 2024-04-30T06:51:16.378Z, 1127.5061572, 598.4776958
1714459876393, 2024-04-30T06:51:16.393Z, 1126.3260278, 616.268147
1714459876408, 2024-04-30T06:51:16.408Z, 1123.9752, 633.1490782
1714459876425, 2024-04-30T06:51:16.425Z, 1116.5964589999999, 648.8750754
1714459876438, 2024-04-30T06:51:16.438Z, 1107.8833046, 657.1060994
1714459876453, 2024-04-30T06:51:16.453Z, 1098.9493048, 661.7698682
1714459876467, 2024-04-30T06:51:16.467Z, 1091.5810907999999, 665.1224208
1714459876487, 2024-04-30T06:51:16.487Z, 1083.8363224, 663.903067
1714459876514, 2024-04-30T06:51:16.514Z, 1081.2419222, 661.3458138
1714459876528, 2024-04-30T06:51:16.528Z, 1093.5839234, 651.8304535999999
1714459876543, 2024-04-30T06:51:16.543Z, 1103.9729686, 642.821766
1714459876563, 2024-04-30T06:51:16.563Z, 1115.6716002, 635.8963722000001
1714459876574, 2024-04-30T06:51:16.574Z, 1125.5952046, 629.5368758
1714459876589, 2024-04-30T06:51:16.589Z, 1132.0848018000002, 623.6523886
1714459876605, 2024-04-30T06:51:16.605Z, 1128.1300478, 624.2532313999999
1714459876620, 2024-04-30T06:51:16.620Z, 1123.0835160000001, 627.5180988
1714459876636, 2024-04-30T06:51:16.636Z, 1119.1365265999998, 630.871768
1714459876664, 2024-04-30T06:51:16.664Z, 1124.1108153999999, 634.0177461999999
1714459876678, 2024-04-30T06:51:16.678Z, 1130.48838, 638.2598966
1714459876693, 2024-04-30T06:51:16.693Z, 1137.6930378000002, 644.1704162000001
1714459876708, 2024-04-30T06:51:16.708Z, 1145.2466138, 648.3699484000001
1714459876723, 2024-04-30T06:51:16.723Z, 1150.268426, 652.3776552
1714459876737, 2024-04-30T06:51:16.737Z, 1147.3466822, 657.6019816
1714459876753, 2024-04-30T06:51:16.753Z, 1145.9984588, 658.2430096
1714459876774, 2024-04-30T06:51:16.774Z, 1142.8823172, 656.666395
1714459876787, 2024-04-30T06:51:16.787Z, 1147.474325, 653.9033352
1714459876814, 2024-04-30T06:51:16.814Z, 1151.3993403999998, 648.473012
1714459876828, 2024-04-30T06:51:16.828Z, 1153.3287077999998, 643.4469032000001
1714459876848, 2024-04-30T06:51:16.848Z, 1153.5904581999998, 642.905554
1714459876863, 2024-04-30T06:51:16.863Z, 1152.0410366, 642.9029168
1714459876891, 2024-04-30T06:51:16.891Z, 1148.4732824, 639.4142995999999
1714459876907, 2024-04-30T06:51:16.907Z, 1146.232705, 638.6674828
1714459876921, 2024-04-30T06:51:16.921Z, 1142.3783340000002, 634.9152378
1714459876950, 2024-04-30T06:51:16.950Z, 1141.1916884, 628.2550222
1714459877093, 2024-04-30T06:51:17.093Z, 1155.4577379999998, 623.283869
1714459877117, 2024-04-30T06:51:17.117Z, 1187.7758736, 608.246771
1714459877132, 2024-04-30T06:51:17.132Z, 1220.0179362000001, 592.6227415999999
1714459877155, 2024-04-30T06:51:17.155Z, 1250.9440266000001, 579.4632062000001
1714459877170, 2024-04-30T06:51:17.170Z, 1268.2146453999999, 565.3381280000001
1714459877186, 2024-04-30T06:51:17.186Z, 1267.1983655999998, 553.798639
1714459877414, 2024-04-30T06:51:17.414Z, 1237.6900712000001, 562.2757488
1714459877428, 2024-04-30T06:51:17.428Z, 1219.8245466, 552.232637
1714459877443, 2024-04-30T06:51:17.443Z, 1208.4636326, 548.6346086000001
1714459877458, 2024-04-30T06:51:17.458Z, 1209.8136494, 553.1611742
1714459877473, 2024-04-30T06:51:17.473Z, 1216.5966478, 554.7059606
1714459877488, 2024-04-30T06:51:17.488Z, 1228.3540548, 552.3148836
1714459877507, 2024-04-30T06:51:17.507Z, 1228.8596202, 569.8884664
1714459877530, 2024-04-30T06:51:17.530Z, 1225.9126058, 582.936743
1714459877545, 2024-04-30T06:51:17.545Z, 1220.728776, 591.9253627999999
1714459877564, 2024-04-30T06:51:17.564Z, 1213.8967352, 602.3015528000001
1714459877592, 2024-04-30T06:51:17.592Z, 1199.2916149999999, 612.4926252
1714459877623, 2024-04-30T06:51:17.623Z, 1177.6628002, 620.0009976
1714459877639, 2024-04-30T06:51:17.639Z, 1162.7873776000001, 624.452634
1714459877639, 2024-04-30T06:51:17.639Z, 1150.9228434000001, 626.0169193999999
1714459877655, 2024-04-30T06:51:17.655Z, 1139.2723436, 626.7523048
1714459877671, 2024-04-30T06:51:17.671Z, 1136.2557836, 624.7096948000001
1714459877686, 2024-04-30T06:51:17.686Z, 1135.8575902, 625.8837398
1714459877714, 2024-04-30T06:51:17.714Z, 1130.0714612, 627.7615058
1714459877727, 2024-04-30T06:51:17.727Z, 1119.5814859999998, 633.1678777999999
1714459877743, 2024-04-30T06:51:17.743Z, 1110.175914, 638.2562926
1714459877758, 2024-04-30T06:51:17.758Z, 1100.3173568, 642.9380994
1714459877788, 2024-04-30T06:51:17.788Z, 1094.1113202000001, 644.9255036000001
1714459877803, 2024-04-30T06:51:17.803Z, 1091.7835564, 645.1932482
1714459877823, 2024-04-30T06:51:17.823Z, 1092.4913408, 640.5315939999999
1714459877833, 2024-04-30T06:51:17.833Z, 1094.5361506000002, 636.1441523999999
1714459877878, 2024-04-30T06:51:17.878Z, 1097.336793, 631.2164074
1714459877893, 2024-04-30T06:51:17.893Z, 1100.9443666000002, 626.3882207999999
1714459877908, 2024-04-30T06:51:17.908Z, 1101.6549426, 621.4990678
1714459877923, 2024-04-30T06:51:17.923Z, 1108.9974762000002, 615.9497294
1714459877938, 2024-04-30T06:51:17.938Z, 1115.762786, 608.9639712000001
1714459877957, 2024-04-30T06:51:17.957Z, 1115.86483, 609.9714776
1714459877972, 2024-04-30T06:51:17.972Z, 1116.7001885999998, 610.0694388
1714459877983, 2024-04-30T06:51:17.983Z, 1115.6741892, 612.7371352
1714459878014, 2024-04-30T06:51:18.014Z, 1101.7104875999999, 625.1556536
1714459878029, 2024-04-30T06:51:18.029Z, 1089.1385558, 637.21426
1714459878044, 2024-04-30T06:51:18.044Z, 1081.8254026, 640.963154
1714459878060, 2024-04-30T06:51:18.060Z, 1070.1687551999999, 646.4859184
1714459878076, 2024-04-30T06:51:18.076Z, 1061.1941364, 651.1335218
1714459878091, 2024-04-30T06:51:18.091Z, 1059.4595958, 647.8477843999999
1714459878107, 2024-04-30T06:51:18.107Z, 1058.4210796, 643.063984
1714459878122, 2024-04-30T06:51:18.122Z, 1059.1693032, 639.8944369999999
1714459878138, 2024-04-30T06:51:18.138Z, 1063.8161, 636.1889669999999
1714459878164, 2024-04-30T06:51:18.164Z, 1066.566092, 631.336955
1714459878193, 2024-04-30T06:51:18.193Z, 1003.8631928000001, 625.2373689999998
1714459878208, 2024-04-30T06:51:18.208Z, 906.3493922, 603.6250876
1714459878223, 2024-04-30T06:51:18.223Z, 788.4545258, 585.7731746000001
1714459878238, 2024-04-30T06:51:18.238Z, 655.2407574, 567.7126882
1714459878253, 2024-04-30T06:51:18.253Z, 509.5450806, 553.6661808
1714459878268, 2024-04-30T06:51:18.268Z, 421.1483946, 544.6280161999999
1714459878283, 2024-04-30T06:51:18.283Z, 358.3609892, 554.4858305999999
1714459878315, 2024-04-30T06:51:18.315Z, 297.3453758, 561.104461
1714459878328, 2024-04-30T06:51:18.328Z, 250.7554564, 567.9703892
1714459878343, 2024-04-30T06:51:18.343Z, 216.20889220000004, 572.9849114
1714459878358, 2024-04-30T06:51:18.358Z, 196.77928060000005, 574.3942536000001
1714459878373, 2024-04-30T06:51:18.373Z, 188.93823519999998, 572.8855987999999
1714459878388, 2024-04-30T06:51:18.388Z, 196.2957194, 570.8472038
1714459878404, 2024-04-30T06:51:18.404Z, 204.427977, 567.1676113999999
1714459878420, 2024-04-30T06:51:18.420Z, 213.6278186, 562.1108796000001
1714459878438, 2024-04-30T06:51:18.438Z, 212.5930088, 559.5489048
1714459878464, 2024-04-30T06:51:18.464Z, 204.9425104, 557.4778248
1714459878478, 2024-04-30T06:51:18.478Z, 195.3189888, 551.2128942
1714459878493, 2024-04-30T06:51:18.493Z, 189.720263, 542.8581647999999
1714459878508, 2024-04-30T06:51:18.508Z, 186.18523760000002, 540.3255226000001
1714459878523, 2024-04-30T06:51:18.523Z, 177.7022652, 538.7008618
1714459878538, 2024-04-30T06:51:18.538Z, 171.58938600000002, 539.0666378
1714459878553, 2024-04-30T06:51:18.553Z, 167.55114399999997, 545.4772341999999
1714459878568, 2024-04-30T06:51:18.568Z, 155.87685180000003, 556.7707389999999
1714459878582, 2024-04-30T06:51:18.582Z, 136.709088, 560.1652391999999
1714459878628, 2024-04-30T06:51:18.628Z, 138.7249172, 558.5690926
1714459878643, 2024-04-30T06:51:18.643Z, 140.8274054, 555.3442748
1714459878662, 2024-04-30T06:51:18.662Z, 139.79577679999997, 545.1608944
1714459878676, 2024-04-30T06:51:18.676Z, 142.25377740000002, 533.8003012
1714459878687, 2024-04-30T06:51:18.687Z, 150.8355934, 523.4858318
1714459878702, 2024-04-30T06:51:18.702Z, 140.2605132, 517.3645618
1714459878717, 2024-04-30T06:51:18.717Z, 124.4015592, 512.9369388000001
1714459878747, 2024-04-30T06:51:18.747Z, 118.50450420000001, 513.8349639999999
1714459878763, 2024-04-30T06:51:18.763Z, 114.38919960000001, 515.5578952
1714459878779, 2024-04-30T06:51:18.779Z, 110.3999356, 521.6953388
1714459878795, 2024-04-30T06:51:18.795Z, 118.0593972, 526.764526
1714459878810, 2024-04-30T06:51:18.810Z, 129.253057, 529.8556237999999
1714459878826, 2024-04-30T06:51:18.826Z, 133.24341320000002, 532.7523298
1714459878841, 2024-04-30T06:51:18.841Z, 135.90546720000003, 534.3348582
1714459878857, 2024-04-30T06:51:18.857Z, 168.6279432, 530.3323121999999
1714459878872, 2024-04-30T06:51:18.872Z, 198.4152658, 525.9028742
1714459878887, 2024-04-30T06:51:18.887Z, 234.29448659999997, 521.6591628
1714459878913, 2024-04-30T06:51:18.913Z, 303.5485468, 506.49191440000004
1714459878927, 2024-04-30T06:51:18.927Z, 364.2748924, 495.6954886
1714459878947, 2024-04-30T06:51:18.947Z, 397.1921876, 487.0599494
1714459878958, 2024-04-30T06:51:18.958Z, 442.712082, 471.4467294
1714459878988, 2024-04-30T06:51:18.988Z, 486.9642834, 456.76164200000005
1714459879003, 2024-04-30T06:51:19.003Z, 501.3197678, 453.6135074
1714459879018, 2024-04-30T06:51:19.018Z, 523.3631398, 447.0076333999999
1714459879032, 2024-04-30T06:51:19.032Z, 542.16604, 440.62964780000004
1714459879077, 2024-04-30T06:51:19.077Z, 548.2524444, 446.85529740000004
1714459879097, 2024-04-30T06:51:19.097Z, 550.4769100000001, 455.93811559999995
1714459879112, 2024-04-30T06:51:19.112Z, 550.3269582, 468.59441239999995
1714459879126, 2024-04-30T06:51:19.126Z, 543.9625984, 475.7658246
1714459879141, 2024-04-30T06:51:19.141Z, 538.8539314000001, 484.20604620000006
1714459879168, 2024-04-30T06:51:19.168Z, 526.7849608, 484.1334908
1714459879184, 2024-04-30T06:51:19.184Z, 489.5751702000001, 487.4033778
1714459879200, 2024-04-30T06:51:19.200Z, 447.8840724, 486.8582828
1714459879217, 2024-04-30T06:51:19.217Z, 392.91885140000005, 518.7144792
1714459879231, 2024-04-30T06:51:19.231Z, 323.076275, 549.8081215999999
1714459879247, 2024-04-30T06:51:19.247Z, 237.09324260000002, 586.9767554
1714459879263, 2024-04-30T06:51:19.263Z, 172.2977056, 620.4153734
1714459879278, 2024-04-30T06:51:19.278Z, 128.4236262, 659.686118
1714459879309, 2024-04-30T06:51:19.309Z, 84.839209, 667.822195
1714459879325, 2024-04-30T06:51:19.325Z, 56.103138200000004, 675.6914044
1714459879341, 2024-04-30T06:51:19.341Z, 49.6193528, 684.5180088
1714459879366, 2024-04-30T06:51:19.366Z, 45.5405912, 689.2358776
1714459879379, 2024-04-30T06:51:19.379Z, 29.4943838, 683.1060162
1714459879394, 2024-04-30T06:51:19.394Z, 34.7307652, 682.0370772
1714459879409, 2024-04-30T06:51:19.409Z, 40.7314404, 681.1350666
1714459879424, 2024-04-30T06:51:19.424Z, 46.6365472, 675.7545319999999
1714459879453, 2024-04-30T06:51:19.453Z, 70.2432366, 666.5871132
1714459879469, 2024-04-30T06:51:19.469Z, 114.7129938, 659.0035
1714459879515, 2024-04-30T06:51:19.515Z, 248.25096519999997, 649.0409314000001
1714459879528, 2024-04-30T06:51:19.528Z, 469.77126960000004, 637.9576878
1714459879543, 2024-04-30T06:51:19.543Z, 703.1399786, 628.6307992
1714459879559, 2024-04-30T06:51:19.559Z, 910.7723382, 626.8290320000001
1714459879575, 2024-04-30T06:51:19.575Z, 1095.0641526, 630.0543230000001
1714459879591, 2024-04-30T06:51:19.591Z, 1188.4782542, 634.7213082000001
1714459879607, 2024-04-30T06:51:19.607Z, 1198.4483003999999, 637.3128158
1714459879622, 2024-04-30T06:51:19.622Z, 1203.3745346, 630.9275825999999
1714459879637, 2024-04-30T06:51:19.637Z, 1211.0706673999998, 626.908716
1714459879679, 2024-04-30T06:51:19.679Z, 1214.5571046, 619.4761656000001
1714459879693, 2024-04-30T06:51:19.693Z, 1214.6487654, 610.9919216000001
1714459879708, 2024-04-30T06:51:19.708Z, 1206.8564612, 605.1312478
1714459879724, 2024-04-30T06:51:19.724Z, 1193.3515997999998, 609.8067498
1714459879738, 2024-04-30T06:51:19.738Z, 1184.4729428, 610.0469024
1714459879753, 2024-04-30T06:51:19.753Z, 1174.1763028, 617.8918162
1714459879769, 2024-04-30T06:51:19.769Z, 1169.4825219999998, 625.6180242
1714459879783, 2024-04-30T06:51:19.783Z, 1162.9054775999998, 632.0681306
1714459879815, 2024-04-30T06:51:19.815Z, 1152.2394491999999, 637.3068978
1714459879828, 2024-04-30T06:51:19.828Z, 1144.5321546, 642.4221272000001
1714459879845, 2024-04-30T06:51:19.845Z, 1141.3677857999999, 641.5896458000001
1714459879860, 2024-04-30T06:51:19.860Z, 1149.7030716, 645.1893670000002
1714459879887, 2024-04-30T06:51:19.887Z, 1169.9023952, 652.4902398
1714459879903, 2024-04-30T06:51:19.903Z, 1198.3017287999999, 664.1478128
1714459879919, 2024-04-30T06:51:19.919Z, 1224.3422534, 675.1112681999999
1714459879934, 2024-04-30T06:51:19.934Z, 1248.9363924, 684.7681732000001
1714459879965, 2024-04-30T06:51:19.965Z, 1257.5667656, 689.8021848000001
1714459879980, 2024-04-30T06:51:19.980Z, 1254.4354924, 686.7875542
1714459879996, 2024-04-30T06:51:19.996Z, 1242.218053, 679.1557278
1714459880012, 2024-04-30T06:51:20.012Z, 1221.6466839999998, 673.7779996000002
1714459880028, 2024-04-30T06:51:20.028Z, 1200.3077308, 670.5965944000001
1714459880042, 2024-04-30T06:51:20.042Z, 1181.7389566, 667.4103848
1714459880058, 2024-04-30T06:51:20.058Z, 1169.143837, 668.2154545999999
1714459880073, 2024-04-30T06:51:20.073Z, 1167.212745, 665.6807634
1714459880088, 2024-04-30T06:51:20.088Z, 1173.0419378000001, 662.6165854
1714459880114, 2024-04-30T06:51:20.114Z, 1176.1635844, 659.1547109999999
1714459880129, 2024-04-30T06:51:20.129Z, 1174.0609826, 657.0320758
1714459880144, 2024-04-30T06:51:20.144Z, 1174.8244932, 656.4722712
1714459880174, 2024-04-30T06:51:20.174Z, 1160.9083982, 659.5225056
1714459880188, 2024-04-30T06:51:20.188Z, 1149.6121712, 661.1683763999999
1714459880219, 2024-04-30T06:51:20.219Z, 1144.1954793999998, 662.3133954
1714459880234, 2024-04-30T06:51:20.234Z, 1139.7897076, 663.9561031999999
1714459880265, 2024-04-30T06:51:20.265Z, 1130.9252205999999, 668.060957
1714459880278, 2024-04-30T06:51:20.278Z, 1127.3164915999998, 670.7768652
1714459880312, 2024-04-30T06:51:20.312Z, 1121.5158532, 672.3855916
1714459880324, 2024-04-30T06:51:20.324Z, 1115.5757717999998, 672.4804686
1714459880354, 2024-04-30T06:51:20.354Z, 1115.8173178, 667.0437436
1714459880368, 2024-04-30T06:51:20.368Z, 1114.9724179999998, 659.822405
1714459880384, 2024-04-30T06:51:20.384Z, 1112.7879044000001, 652.7895874
1714459880415, 2024-04-30T06:51:20.415Z, 1112.0470142, 647.3023724
1714459880428, 2024-04-30T06:51:20.428Z, 1108.6522882, 643.9083946000001
1714459880444, 2024-04-30T06:51:20.444Z, 1103.7051458, 646.0382958
1714459880459, 2024-04-30T06:51:20.459Z, 1101.7808604, 646.6547504
1714459880473, 2024-04-30T06:51:20.473Z, 1101.6800654, 644.912445
1714459880489, 2024-04-30T06:51:20.489Z, 1102.8894284, 643.2133624
1714459880508, 2024-04-30T06:51:20.508Z, 1106.964395, 640.4446506
1714459880534, 2024-04-30T06:51:20.534Z, 1111.5694304, 638.1700336
1714459880564, 2024-04-30T06:51:20.564Z, 1114.2322266, 637.3493932
1714459880579, 2024-04-30T06:51:20.579Z, 1115.203858, 637.7557614
1714459880594, 2024-04-30T06:51:20.594Z, 1114.9190586000002, 639.89647
1714459880609, 2024-04-30T06:51:20.609Z, 1109.7410128, 638.9715004000001
1714459880624, 2024-04-30T06:51:20.624Z, 1102.2838034000001, 635.8156984000001
1714459880639, 2024-04-30T06:51:20.639Z, 1095.1988088, 632.7277744
1714459880653, 2024-04-30T06:51:20.653Z, 1091.8604618000002, 631.2689790000001
1714459880669, 2024-04-30T06:51:20.669Z, 1088.2119050000001, 627.6859910000001
1714459880684, 2024-04-30T06:51:20.684Z, 1091.0439934, 624.993382
1714459880715, 2024-04-30T06:51:20.715Z, 1096.4849582, 622.5182898
1714459880729, 2024-04-30T06:51:20.729Z, 1102.0753389999998, 619.825596
1714459880760, 2024-04-30T06:51:20.760Z, 1103.5856002, 616.8747698
1714459880776, 2024-04-30T06:51:20.776Z, 1105.8444056, 614.6385932000001
1714459880807, 2024-04-30T06:51:20.807Z, 1107.8583543999998, 616.833214
1714459880823, 2024-04-30T06:51:20.823Z, 1106.8926594, 618.7510966
1714459880838, 2024-04-30T06:51:20.838Z, 1101.8267296, 621.3900336
1714459880865, 2024-04-30T06:51:20.865Z, 1099.7394662000002, 625.1438708
1714459880878, 2024-04-30T06:51:20.878Z, 1096.7012316, 628.0288602
1714459880894, 2024-04-30T06:51:20.894Z, 1092.411084, 629.4375345999999
1714459880909, 2024-04-30T06:51:20.909Z, 1090.757476, 631.4721174
1714459880923, 2024-04-30T06:51:20.923Z, 1093.8747597999998, 631.4975554
1714459880938, 2024-04-30T06:51:20.938Z, 1098.2824590000002, 625.4880203999999
1714459880954, 2024-04-30T06:51:20.954Z, 1103.9504434, 620.0346389999999
1714459880968, 2024-04-30T06:51:20.968Z, 1108.485367, 614.2376134
1714459880983, 2024-04-30T06:51:20.983Z, 1108.1725721999999, 608.2276838
1714459881014, 2024-04-30T06:51:21.014Z, 1106.36211, 602.0432880000001
1714459881029, 2024-04-30T06:51:21.029Z, 1103.3351518, 607.226761
1714459881048, 2024-04-30T06:51:21.048Z, 1099.3294130000002, 613.598015
1714459881062, 2024-04-30T06:51:21.062Z, 1095.7811472, 619.3212352
1714459881078, 2024-04-30T06:51:21.078Z, 1093.1681518, 623.3759348
1714459881094, 2024-04-30T06:51:21.094Z, 1092.3130612, 631.4060818
1714459881108, 2024-04-30T06:51:21.108Z, 1091.7002802, 630.5422286
1714459881138, 2024-04-30T06:51:21.138Z, 1089.098212, 627.3120478000001
1714459881197, 2024-04-30T06:51:21.197Z, 1100.0488464, 623.28759
1714459881213, 2024-04-30T06:51:21.213Z, 1118.3709451999998, 621.1805336
1714459881229, 2024-04-30T06:51:21.229Z, 1156.8396257999998, 615.1174592
1714459881245, 2024-04-30T06:51:21.245Z, 1193.566222, 611.8921092
1714459881260, 2024-04-30T06:51:21.260Z, 1231.5885656, 605.9654074
1714459881275, 2024-04-30T06:51:21.275Z, 1261.5431462000001, 602.541852
1714459881291, 2024-04-30T06:51:21.291Z, 1285.7932376, 596.9368339999999
1714459881314, 2024-04-30T06:51:21.314Z, 1286.2093392000002, 591.2043308
1714459881328, 2024-04-30T06:51:21.328Z, 1290.502197, 583.4463487999999
1714459881343, 2024-04-30T06:51:21.343Z, 1296.2251714, 577.6820604000001
1714459881358, 2024-04-30T06:51:21.358Z, 1309.5069105999999, 576.6135814000002
1714459881372, 2024-04-30T06:51:21.372Z, 1329.7341202, 582.6171132000001
1714459881388, 2024-04-30T06:51:21.388Z, 1354.4047972, 597.5532978000001
1714459881403, 2024-04-30T06:51:21.403Z, 1374.2131462, 608.258427
1714459881435, 2024-04-30T06:51:21.435Z, 1398.112513, 627.0643336
1714459881464, 2024-04-30T06:51:21.464Z, 1416.0484351999999, 625.6548866
1714459881479, 2024-04-30T06:51:21.479Z, 1427.6496943999998, 618.5311902000001
1714459881495, 2024-04-30T06:51:21.495Z, 1434.2917380000001, 606.2778836
1714459881511, 2024-04-30T06:51:21.511Z, 1444.675966, 597.2736022
1714459881526, 2024-04-30T06:51:21.526Z, 1446.8195122, 585.1211184
1714459881541, 2024-04-30T06:51:21.541Z, 1442.8537308, 591.7221750000001
1714459881558, 2024-04-30T06:51:21.558Z, 1446.2776081999998, 596.038663
1714459881573, 2024-04-30T06:51:21.573Z, 1452.093089, 596.4703706
1714459881589, 2024-04-30T06:51:21.589Z, 1450.8123938, 606.6298514
1714459881614, 2024-04-30T06:51:21.614Z, 1456.1932646, 610.3283601999999
1714459881628, 2024-04-30T06:51:21.628Z, 1463.0130614, 612.0624512
1714459881643, 2024-04-30T06:51:21.643Z, 1458.7666068, 621.627585
1714459881658, 2024-04-30T06:51:21.658Z, 1450.4733238000001, 633.636283
1714459881675, 2024-04-30T06:51:21.675Z, 1443.4301897999999, 634.2077912000001
1714459881688, 2024-04-30T06:51:21.688Z, 1434.8239462, 648.0539668
1714459881708, 2024-04-30T06:51:21.708Z, 1426.0637775999999, 668.3911089999999
1714459881718, 2024-04-30T06:51:21.718Z, 1428.1304581999998, 689.2442521999999
1714459881764, 2024-04-30T06:51:21.764Z, 1437.2631619999997, 706.9848657999999
1714459881777, 2024-04-30T06:51:21.777Z, 1449.2022616, 730.5286991999999
1714459881797, 2024-04-30T06:51:21.797Z, 1460.4401383999998, 747.12919
1714459881808, 2024-04-30T06:51:21.808Z, 1456.7734910000001, 760.7510684
1714459881827, 2024-04-30T06:51:21.827Z, 1445.7769326, 766.3453665999999
1714459881853, 2024-04-30T06:51:21.853Z, 1438.5922016, 773.241421
1714459881868, 2024-04-30T06:51:21.868Z, 1436.5572586, 784.3510692
1714459881884, 2024-04-30T06:51:21.884Z, 1435.4461528, 793.517777
1714459881913, 2024-04-30T06:51:21.913Z, 1435.9436733999999, 787.813383
1714459881928, 2024-04-30T06:51:21.928Z, 1433.1703928, 786.9348912
1714459881943, 2024-04-30T06:51:21.943Z, 1428.2239029999998, 790.3205202
1714459881958, 2024-04-30T06:51:21.958Z, 1407.0475597999998, 780.009403
1714459881973, 2024-04-30T06:51:21.973Z, 1377.3910757999997, 767.9229196
1714459881988, 2024-04-30T06:51:21.988Z, 1355.8503926, 761.6403406000001
1714459882002, 2024-04-30T06:51:22.002Z, 1334.5883663999998, 752.6894949999999
1714459882018, 2024-04-30T06:51:22.018Z, 1293.6248672000002, 742.8482065999999
1714459882038, 2024-04-30T06:51:22.038Z, 1267.2018571999997, 739.715225
1714459882065, 2024-04-30T06:51:22.065Z, 1248.448207, 738.7812178
1714459882078, 2024-04-30T06:51:22.078Z, 1230.1392164000001, 739.1118564
1714459882093, 2024-04-30T06:51:22.093Z, 1212.023362, 736.7926814
1714459882108, 2024-04-30T06:51:22.108Z, 1207.1870094, 730.668034
1714459882123, 2024-04-30T06:51:22.123Z, 1197.5027112, 725.2996995999999