1714372941099, 2024-04-29T06:42:21.099Z, 114.375946, 231.251826
1714372941121, 2024-04-29T06:42:21.121Z, 111.54570749999999, 228.98093
1714372941132, 2024-04-29T06:42:21.132Z, 108.452074, 228.50871833333335
1714372941147, 2024-04-29T06:42:21.147Z, 108.585457, 230.7971445
1714372941163, 2024-04-29T06:42:21.163Z, 109.29197500000001, 232.8971794
1714372941178, 2024-04-29T06:42:21.178Z, 106.795731, 233.0958314
1714372941193, 2024-04-29T06:42:21.193Z, 105.8051944, 234.41303120000003
1714372941210, 2024-04-29T06:42:21.210Z, 107.463816, 236.8634912
1714372941225, 2024-04-29T06:42:21.225Z, 109.1655066, 236.96889919999998
1714372941241, 2024-04-29T06:42:21.241Z, 110.8020018, 237.71914939999996
1714372941268, 2024-04-29T06:42:21.268Z, 116.6622142, 239.94837780000003
1714372941282, 2024-04-29T06:42:21.282Z, 123.55609399999999, 243.96759740000002
1714372941296, 2024-04-29T06:42:21.296Z, 136.24697339999997, 245.89215560000002
1714372941311, 2024-04-29T06:42:21.311Z, 150.24745520000002, 244.8082524
1714372941337, 2024-04-29T06:42:21.337Z, 164.55196099999998, 244.2332374
1714372941352, 2024-04-29T06:42:21.352Z, 177.1818598, 242.8179258
1714372941367, 2024-04-29T06:42:21.367Z, 189.3350232, 240.2563146
1714372941383, 2024-04-29T06:42:21.383Z, 196.1123876, 240.09277199999997
1714372941398, 2024-04-29T06:42:21.398Z, 198.825984, 241.9370796
1714372941418, 2024-04-29T06:42:21.418Z, 201.8547934, 244.545271
1714372941431, 2024-04-29T06:42:21.431Z, 204.27973079999998, 248.2439574
1714372941447, 2024-04-29T06:42:21.447Z, 204.46064359999997, 248.12724459999998
1714372941462, 2024-04-29T06:42:21.462Z, 203.1736038, 247.1135496
1714372941475, 2024-04-29T06:42:21.475Z, 204.0128916, 248.32363759999998
1714372941492, 2024-04-29T06:42:21.492Z, 204.3031888, 247.3722416
1714372941507, 2024-04-29T06:42:21.507Z, 205.3716766, 247.5042668
1714372941523, 2024-04-29T06:42:21.523Z, 210.1248394, 254.53662260000002
1714372941539, 2024-04-29T06:42:21.539Z, 216.3017398, 263.6863454
1714372941567, 2024-04-29T06:42:21.567Z, 219.0374612, 268.7211174
1714372941582, 2024-04-29T06:42:21.582Z, 215.77965239999997, 266.7545602
1714372941602, 2024-04-29T06:42:21.602Z, 212.69728800000001, 265.4194358
1714372941618, 2024-04-29T06:42:21.618Z, 203.68367619999998, 256.55035480000004
1714372941634, 2024-04-29T06:42:21.634Z, 186.1512914, 238.48290119999996
1714372941650, 2024-04-29T06:42:21.650Z, 169.8013146, 223.43926240000002
1714372941666, 2024-04-29T06:42:21.666Z, 158.0588382, 214.75369400000005
1714372941681, 2024-04-29T06:42:21.681Z, 145.5482716, 204.68963
1714372941697, 2024-04-29T06:42:21.697Z, 137.67270539999998, 199.6176002
1714372941718, 2024-04-29T06:42:21.718Z, 135.9714798, 202.4948764
1714372941732, 2024-04-29T06:42:21.732Z, 134.7390988, 205.6382162
1714372941746, 2024-04-29T06:42:21.746Z, 134.11735119999997, 209.1188122
1714372941762, 2024-04-29T06:42:21.762Z, 133.62529099999998, 212.72215839999998
1714372941782, 2024-04-29T06:42:21.782Z, 132.5235444, 214.4339474
1714372941792, 2024-04-29T06:42:21.792Z, 132.4291042, 213.8713468
1714372941808, 2024-04-29T06:42:21.808Z, 132.481902, 212.67947919999997
1714372941823, 2024-04-29T06:42:21.823Z, 131.036286, 210.1967326
1714372941839, 2024-04-29T06:42:21.839Z, 129.698076, 207.4803976
1714372941868, 2024-04-29T06:42:21.868Z, 126.44143139999998, 204.2940816
1714372941881, 2024-04-29T06:42:21.881Z, 122.47425739999998, 202.77735
1714372941897, 2024-04-29T06:42:21.897Z, 120.3574302, 202.1440134
1714372941912, 2024-04-29T06:42:21.912Z, 120.4827826, 203.1943978
1714372941926, 2024-04-29T06:42:21.926Z, 120.26389959999999, 204.01228499999996
1714372941942, 2024-04-29T06:42:21.942Z, 121.39758900000001, 206.14518619999998
1714372941957, 2024-04-29T06:42:21.957Z, 123.2048508, 207.7678958
1714372941971, 2024-04-29T06:42:21.971Z, 124.9199776, 209.96218779999998
1714372941987, 2024-04-29T06:42:21.987Z, 126.08084880000001, 211.5454506
1714372942017, 2024-04-29T06:42:22.017Z, 132.0701536, 212.7225788
1714372942032, 2024-04-29T06:42:22.032Z, 138.4096096, 213.0905608
1714372942059, 2024-04-29T06:42:22.059Z, 145.7424004, 212.30925860000002
1714372942075, 2024-04-29T06:42:22.075Z, 152.2559094, 210.679432
1714372942090, 2024-04-29T06:42:22.090Z, 159.1297136, 209.5295986
1714372942105, 2024-04-29T06:42:22.105Z, 160.9781458, 208.6846162
1714372942121, 2024-04-29T06:42:22.121Z, 163.62453599999998, 208.61653420000002
1714372942136, 2024-04-29T06:42:22.136Z, 167.0673754, 210.30094979999998
1714372942152, 2024-04-29T06:42:22.152Z, 170.8424092, 211.87137580000004
1714372942168, 2024-04-29T06:42:22.168Z, 173.6170092, 212.63246740000005
1714372942183, 2024-04-29T06:42:22.183Z, 177.52728399999998, 213.56363459999997
1714372942199, 2024-04-29T06:42:22.199Z, 180.4176974, 214.592799
1714372942214, 2024-04-29T06:42:22.214Z, 181.08892799999998, 214.4298268
1714372942229, 2024-04-29T06:42:22.229Z, 181.458642, 214.5753392
1714372942245, 2024-04-29T06:42:22.245Z, 182.78229059999998, 216.5156576
1714372942261, 2024-04-29T06:42:22.261Z, 182.9589438, 218.776775
1714372942278, 2024-04-29T06:42:22.278Z, 183.14777420000001, 220.5562564
1714372942293, 2024-04-29T06:42:22.293Z, 183.44125680000002, 222.8382608
1714372942318, 2024-04-29T06:42:22.318Z, 183.93197840000002, 224.99941520000002
1714372942330, 2024-04-29T06:42:22.330Z, 183.9377048, 225.8615108
1714372942347, 2024-04-29T06:42:22.347Z, 183.4483242, 226.420768
1714372942362, 2024-04-29T06:42:22.362Z, 183.0151928, 227.06363219999997
1714372942376, 2024-04-29T06:42:22.376Z, 181.3486852, 227.3697788
1714372942392, 2024-04-29T06:42:22.392Z, 180.6496492, 227.2353028
1714372942407, 2024-04-29T06:42:22.407Z, 185.05806, 227.8899108
1714372942420, 2024-04-29T06:42:22.420Z, 189.5624022, 228.420143
1714372942436, 2024-04-29T06:42:22.436Z, 195.438364, 229.2284034
1714372942466, 2024-04-29T06:42:22.466Z, 202.8909256, 230.26221299999997
1714372942481, 2024-04-29T06:42:22.481Z, 209.4948354, 232.2909592
1714372942497, 2024-04-29T06:42:22.497Z, 211.26755480000003, 233.47206140000003
1714372942511, 2024-04-29T06:42:22.511Z, 213.86225359999997, 237.1547924
1714372942527, 2024-04-29T06:42:22.527Z, 214.003305, 241.4093128
1714372942542, 2024-04-29T06:42:22.542Z, 213.2293068, 245.38959440000002
1714372942558, 2024-04-29T06:42:22.558Z, 212.17863659999998, 248.53842560000004
1714372942574, 2024-04-29T06:42:22.574Z, 211.05155559999997, 251.5537906
1714372942590, 2024-04-29T06:42:22.590Z, 209.2943674, 251.91202579999998
1714372942618, 2024-04-29T06:42:22.618Z, 207.26369979999998, 249.98543239999998
1714372942635, 2024-04-29T06:42:22.635Z, 205.5165896, 247.65382040000003
1714372942651, 2024-04-29T06:42:22.651Z, 202.52449800000002, 244.245266
1714372942667, 2024-04-29T06:42:22.667Z, 199.62455500000002, 241.08720240000002
1714372942682, 2024-04-29T06:42:22.682Z, 197.0312512, 238.2052508
1714372942697, 2024-04-29T06:42:22.697Z, 196.5032382, 238.5100948
1714372942713, 2024-04-29T06:42:22.713Z, 195.7509154, 240.60109160000002
1714372942729, 2024-04-29T06:42:22.729Z, 196.335369, 243.41938420000002
1714372942745, 2024-04-29T06:42:22.745Z, 196.1538506, 247.1315548
1714372942768, 2024-04-29T06:42:22.768Z, 195.9454058, 250.0388606
1714372942781, 2024-04-29T06:42:22.781Z, 192.7835604, 249.5386024
1714372942797, 2024-04-29T06:42:22.797Z, 189.11222500000002, 246.8322682
1714372942812, 2024-04-29T06:42:22.812Z, 183.8579798, 242.1907914
1714372942825, 2024-04-29T06:42:22.825Z, 179.4719584, 236.1921974
1714372942855, 2024-04-29T06:42:22.855Z, 174.5099384, 229.69113480000001
1714372942870, 2024-04-29T06:42:22.870Z, 171.86357120000002, 224.16022120000002
1714372942886, 2024-04-29T06:42:22.886Z, 170.2292568, 219.431018
1714372942901, 2024-04-29T06:42:22.901Z, 170.3241436, 215.9657884
1714372942917, 2024-04-29T06:42:22.917Z, 170.034438, 212.389354
1714372942932, 2024-04-29T06:42:22.932Z, 170.0551066, 209.97711680000003
1714372942948, 2024-04-29T06:42:22.948Z, 167.8156754, 207.41766040000002
1714372942964, 2024-04-29T06:42:22.964Z, 164.71506920000002, 204.45778220000003
1714372942980, 2024-04-29T06:42:22.980Z, 161.1517046, 204.23703700000002
1714372942996, 2024-04-29T06:42:22.996Z, 157.725773, 204.4160134
1714372943011, 2024-04-29T06:42:23.011Z, 156.9528182, 206.4449348
1714372943027, 2024-04-29T06:42:23.027Z, 157.95643379999999, 208.8794506
1714372943043, 2024-04-29T06:42:23.043Z, 161.5197204, 212.5143916
1714372943068, 2024-04-29T06:42:23.068Z, 166.80710240000002, 213.8818346
1714372943082, 2024-04-29T06:42:23.082Z, 172.74781480000001, 214.7577596
1714372943095, 2024-04-29T06:42:23.095Z, 175.8849892, 213.9020606
1714372943111, 2024-04-29T06:42:23.111Z, 179.3211538, 213.33761439999998
1714372943128, 2024-04-29T06:42:23.128Z, 181.25107680000002, 212.18281280000002
1714372943151, 2024-04-29T06:42:23.151Z, 181.9262322, 211.83070120000002
1714372943166, 2024-04-29T06:42:23.166Z, 182.34865059999998, 212.6059558
1714372943183, 2024-04-29T06:42:23.183Z, 183.7873592, 213.48032740000002
1714372943197, 2024-04-29T06:42:23.197Z, 185.07438199999999, 214.47078679999998
1714372943217, 2024-04-29T06:42:23.217Z, 186.9160618, 215.8340568
1714372943231, 2024-04-29T06:42:23.231Z, 188.30298079999997, 217.18426099999996
1714372943247, 2024-04-29T06:42:23.247Z, 189.6106636, 217.852918
1714372943262, 2024-04-29T06:42:23.262Z, 194.88307939999999, 219.46435420000003
1714372943276, 2024-04-29T06:42:23.276Z, 201.84952699999997, 221.5574842
1714372943296, 2024-04-29T06:42:23.296Z, 207.75332019999996, 222.9832776
1714372943307, 2024-04-29T06:42:23.307Z, 214.4828872, 224.5423364
1714372943323, 2024-04-29T06:42:23.323Z, 221.5089264, 226.38650500000003
1714372943338, 2024-04-29T06:42:23.338Z, 225.1988796, 227.19557519999998
1714372943367, 2024-04-29T06:42:23.367Z, 227.64922099999998, 227.51413739999998
1714372943382, 2024-04-29T06:42:23.382Z, 230.8581542, 228.50634360000004
1714372943397, 2024-04-29T06:42:23.397Z, 233.2657466, 229.41694999999999
1714372943411, 2024-04-29T06:42:23.411Z, 234.8147538, 230.20441300000002
1714372943427, 2024-04-29T06:42:23.427Z, 235.25204359999998, 231.1451606
1714372943441, 2024-04-29T06:42:23.441Z, 234.65326180000002, 232.7748092
1714372943455, 2024-04-29T06:42:23.455Z, 233.6377368, 234.1247738
1714372943472, 2024-04-29T06:42:23.472Z, 232.74760179999998, 235.54272379999998
1714372943487, 2024-04-29T06:42:23.487Z, 232.202926, 237.2536916
1714372943518, 2024-04-29T06:42:23.518Z, 232.3921034, 239.67584440000002
1714372943532, 2024-04-29T06:42:23.532Z, 233.53104999999996, 241.94075080000002
1714372943546, 2024-04-29T06:42:23.546Z, 235.55950779999998, 244.1660618
1714372943561, 2024-04-29T06:42:23.561Z, 237.73761520000002, 246.26135600000003
1714372943582, 2024-04-29T06:42:23.582Z, 241.2143482, 246.96044120000002
1714372943606, 2024-04-29T06:42:23.606Z, 246.4562946, 245.4620148
1714372943621, 2024-04-29T06:42:23.621Z, 252.3337384, 242.5083646
1714372943636, 2024-04-29T06:42:23.636Z, 257.9547082, 239.47920119999998
1714372943668, 2024-04-29T06:42:23.668Z, 265.427126, 235.21614979999998
1714372943683, 2024-04-29T06:42:23.683Z, 270.54585299999997, 231.5718782
1714372943699, 2024-04-29T06:42:23.699Z, 273.783975, 230.26256180000001
1714372943715, 2024-04-29T06:42:23.715Z, 275.96921060000005, 229.7330324
1714372943730, 2024-04-29T06:42:23.730Z, 277.90772960000004, 230.867848
1714372943746, 2024-04-29T06:42:23.746Z, 274.09653579999997, 234.98006279999998
1714372943762, 2024-04-29T06:42:23.762Z, 268.719174, 240.34099659999998
1714372943777, 2024-04-29T06:42:23.777Z, 258.889815, 245.88256280000002
1714372943794, 2024-04-29T06:42:23.794Z, 248.7856788, 251.80229579999997
1714372943817, 2024-04-29T06:42:23.817Z, 224.8020732, 257.69342900000004
1714372943832, 2024-04-29T06:42:23.832Z, 202.96485780000003, 260.6710384
1714372943847, 2024-04-29T06:42:23.847Z, 182.47224920000002, 261.0662762
1714372943871, 2024-04-29T06:42:23.871Z, 164.451768, 259.0116038
1714372943886, 2024-04-29T06:42:23.886Z, 143.3282136, 254.36816719999996
1714372943901, 2024-04-29T06:42:23.901Z, 136.041194, 247.914557
1714372943917, 2024-04-29T06:42:23.917Z, 129.2596192, 243.62656320000002
1714372943933, 2024-04-29T06:42:23.933Z, 123.7734416, 241.3036412
1714372943948, 2024-04-29T06:42:23.948Z, 119.6811046, 240.6081972
1714372943968, 2024-04-29T06:42:23.968Z, 119.42995619999999, 242.52767720000003
1714372943982, 2024-04-29T06:42:23.982Z, 118.70798099999999, 244.79709499999998
1714372943996, 2024-04-29T06:42:23.996Z, 119.114887, 246.2956036
1714372944012, 2024-04-29T06:42:24.012Z, 119.39405319999999, 248.16966540000004
1714372944027, 2024-04-29T06:42:24.027Z, 120.40900380000001, 252.2079714
1714372944041, 2024-04-29T06:42:24.041Z, 121.67044619999999, 256.22803439999996
1714372944057, 2024-04-29T06:42:24.057Z, 123.290335, 260.29295220000006
1714372944075, 2024-04-29T06:42:24.075Z, 125.21812279999999, 263.2599424
1714372944088, 2024-04-29T06:42:24.088Z, 127.9620772, 265.7563794
1714372944119, 2024-04-29T06:42:24.119Z, 128.41565340000002, 260.0007282
1714372944134, 2024-04-29T06:42:24.134Z, 127.86678859999999, 251.8912608
1714372944149, 2024-04-29T06:42:24.149Z, 123.61069420000001, 228.0882964
1714372944180, 2024-04-29T06:42:24.180Z, 118.8562732, 204.7132368
1714372944196, 2024-04-29T06:42:24.196Z, 113.01404740000001, 181.47558199999997
1714372944211, 2024-04-29T06:42:24.211Z, 108.0554406, 162.70531499999998
1714372944228, 2024-04-29T06:42:24.228Z, 103.5235416, 146.09925579999998
1714372944242, 2024-04-29T06:42:24.242Z, 102.44207079999998, 144.9081022
1714372944268, 2024-04-29T06:42:24.268Z, 104.6375526, 152.0478602
1714372944283, 2024-04-29T06:42:24.283Z, 106.04563859999999, 159.72047580000003
1714372944298, 2024-04-29T06:42:24.298Z, 111.21207180000002, 175.2917414
1714372944312, 2024-04-29T06:42:24.312Z, 119.53957480000001, 196.55097659999998
1714372944328, 2024-04-29T06:42:24.328Z, 131.5168084, 227.19724860000002
1714372944343, 2024-04-29T06:42:24.343Z, 140.3451088, 250.38994499999998
1714372944357, 2024-04-29T06:42:24.357Z, 150.5414162, 273.6431192
1714372944373, 2024-04-29T06:42:24.373Z, 157.0129984, 289.12260160000005
1714372944388, 2024-04-29T06:42:24.388Z, 159.46519659999998, 296.6820394
1714372944419, 2024-04-29T06:42:24.419Z, 158.46439619999998, 295.2178394
1714372944433, 2024-04-29T06:42:24.433Z, 157.1991152, 293.3980678
1714372944450, 2024-04-29T06:42:24.450Z, 155.35597779999998, 290.9387128
1714372944467, 2024-04-29T06:42:24.467Z, 154.2542196, 290.47317860000004
1714372944480, 2024-04-29T06:42:24.480Z, 154.5800744, 292.04906619999997
1714372944492, 2024-04-29T06:42:24.492Z, 155.8948896, 294.141264
1714372944508, 2024-04-29T06:42:24.508Z, 161.25017199999996, 296.57425779999994
1714372944523, 2024-04-29T06:42:24.523Z, 168.4197304, 298.21346299999993
1714372944537, 2024-04-29T06:42:24.537Z, 178.6986634, 298.9325508
1714372944569, 2024-04-29T06:42:24.569Z, 191.5050282, 299.4027286
1714372944583, 2024-04-29T06:42:24.583Z, 203.1636342, 298.7554368
1714372944598, 2024-04-29T06:42:24.598Z, 211.2882828, 297.6375626
1714372944616, 2024-04-29T06:42:24.617Z, 216.5815408, 294.4681514
1714372944630, 2024-04-29T06:42:24.630Z, 218.15031159999998, 290.99875280000003
1714372944645, 2024-04-29T06:42:24.645Z, 216.77399579999997, 287.68816960000004
1714372944661, 2024-04-29T06:42:24.661Z, 215.61502380000002, 285.3827872
1714372944677, 2024-04-29T06:42:24.677Z, 213.590332, 284.7189722
1714372944692, 2024-04-29T06:42:24.692Z, 212.27410500000002, 288.4251476
1714372944717, 2024-04-29T06:42:24.717Z, 208.7974854, 289.7128142
1714372944739, 2024-04-29T06:42:24.739Z, 206.0073456, 289.5852982
1714372944755, 2024-04-29T06:42:24.755Z, 202.5458392, 287.45350859999996
1714372944772, 2024-04-29T06:42:24.772Z, 201.31559399999998, 282.8586414
1714372944786, 2024-04-29T06:42:24.786Z, 202.041872, 275.3250704
1714372944802, 2024-04-29T06:42:24.802Z, 210.24766680000002, 269.7830035999999
1714372944817, 2024-04-29T06:42:24.817Z, 218.58725680000003, 265.64366559999996
1714372944833, 2024-04-29T06:42:24.833Z, 227.79111300000005, 262.4449876
1714372944848, 2024-04-29T06:42:24.848Z, 235.6265446, 259.9482062
1714372944868, 2024-04-29T06:42:24.868Z, 243.7375336, 256.3825716
1714372944895, 2024-04-29T06:42:24.895Z, 247.3458566, 253.86210699999998
1714372944910, 2024-04-29T06:42:24.910Z, 250.3214946, 251.50161900000003
1714372944925, 2024-04-29T06:42:24.925Z, 254.5833962, 248.43102600000003
1714372944942, 2024-04-29T06:42:24.942Z, 259.4475032, 245.535038
1714372944962, 2024-04-29T06:42:24.962Z, 263.0912018, 243.71540400000004
1714372944988, 2024-04-29T06:42:24.988Z, 266.9349088, 242.140424
1714372945018, 2024-04-29T06:42:25.018Z, 269.7768784, 241.0650048
1714372945034, 2024-04-29T06:42:25.034Z, 270.825681, 240.93566719999998
1714372945050, 2024-04-29T06:42:25.050Z, 270.4607622, 240.69734799999998
1714372945066, 2024-04-29T06:42:25.066Z, 269.3380546, 241.5001244
1714372945081, 2024-04-29T06:42:25.081Z, 255.66328819999998, 240.36761940000002
1714372945096, 2024-04-29T06:42:25.096Z, 240.14266380000004, 241.1028692
1714372945112, 2024-04-29T06:42:25.112Z, 224.5838952, 242.3458396
1714372945128, 2024-04-29T06:42:25.128Z, 209.4899892, 243.58091860000005
1714372945143, 2024-04-29T06:42:25.143Z, 194.2258194, 245.1783096
1714372945167, 2024-04-29T06:42:25.167Z, 192.3600068, 249.847993
1714372945182, 2024-04-29T06:42:25.182Z, 193.132961, 252.39376099999998
1714372945197, 2024-04-29T06:42:25.197Z, 195.01683020000002, 255.2288342
1714372945211, 2024-04-29T06:42:25.211Z, 197.181136, 258.43653439999997
1714372945227, 2024-04-29T06:42:25.227Z, 200.1903706, 262.457141
1714372945242, 2024-04-29T06:42:25.242Z, 202.2142722, 264.11484060000004
1714372945256, 2024-04-29T06:42:25.256Z, 203.6121678, 264.9652462
1714372945272, 2024-04-29T06:42:25.272Z, 203.8472212, 264.4824318
1714372945287, 2024-04-29T06:42:25.287Z, 203.95277339999998, 264.6464268
1714372945318, 2024-04-29T06:42:25.318Z, 207.52114540000002, 263.18963599999995
1714372945332, 2024-04-29T06:42:25.332Z, 207.71218140000002, 261.1181752
1714372945346, 2024-04-29T06:42:25.346Z, 215.1329154, 258.8422202
1714372945362, 2024-04-29T06:42:25.362Z, 253.7326054, 257.307482
1714372945390, 2024-04-29T06:42:25.390Z, 295.96613560000003, 254.64667319999998
1714372945405, 2024-04-29T06:42:25.405Z, 337.9377366, 253.7015864
1714372945420, 2024-04-29T06:42:25.420Z, 385.2620008, 253.7851624
1714372945435, 2024-04-29T06:42:25.435Z, 425.9900925999999, 254.41333959999997
1714372945451, 2024-04-29T06:42:25.451Z, 435.61687240000003, 255.0777932
1714372945468, 2024-04-29T06:42:25.468Z, 436.6123238, 255.92703159999996
1714372945482, 2024-04-29T06:42:25.482Z, 431.628219, 256.77258539999997
1714372945498, 2024-04-29T06:42:25.498Z, 424.2680456, 257.942252
1714372945513, 2024-04-29T06:42:25.513Z, 415.8265444, 261.134679
1714372945528, 2024-04-29T06:42:25.528Z, 407.52565300000003, 264.53471460000003
1714372945544, 2024-04-29T06:42:25.544Z, 402.3498512, 268.37835800000005
1714372945560, 2024-04-29T06:42:25.560Z, 398.1555132, 272.9692782
1714372945576, 2024-04-29T06:42:25.576Z, 393.4539232, 278.22837719999995
1714372945591, 2024-04-29T06:42:25.591Z, 389.10545699999994, 282.15754239999995
1714372945617, 2024-04-29T06:42:25.617Z, 375.2919604, 281.9350175999999
1714372945632, 2024-04-29T06:42:25.632Z, 361.0234468, 281.3449216
1714372945647, 2024-04-29T06:42:25.647Z, 348.48365700000005, 278.9236022
1714372945661, 2024-04-29T06:42:25.661Z, 336.7501834, 277.4501816
1714372945677, 2024-04-29T06:42:25.677Z, 324.93721020000004, 276.1355786
1714372945694, 2024-04-29T06:42:25.694Z, 321.7710164, 276.9619716
1714372945707, 2024-04-29T06:42:25.707Z, 321.0132254, 277.95079100000004
1714372945722, 2024-04-29T06:42:25.722Z, 318.9483508, 278.93162100000006
1714372945737, 2024-04-29T06:42:25.737Z, 314.8740092, 277.28825919999997
1714372945768, 2024-04-29T06:42:25.768Z, 310.6520258, 274.37244939999994
1714372945782, 2024-04-29T06:42:25.782Z, 307.6697358, 272.9524166
1714372945808, 2024-04-29T06:42:25.808Z, 305.5467238, 271.2960998
1714372945824, 2024-04-29T06:42:25.824Z, 304.0915434, 269.4936184
1714372945839, 2024-04-29T06:42:25.839Z, 304.1273432, 268.8585488
1714372945854, 2024-04-29T06:42:25.854Z, 304.9049442, 268.904901
1714372945870, 2024-04-29T06:42:25.870Z, 304.42357419999996, 268.6079572
1714372945886, 2024-04-29T06:42:25.886Z, 302.5447362, 267.64771920000004
1714372945920, 2024-04-29T06:42:25.920Z, 296.8056974, 262.442338
1714372945933, 2024-04-29T06:42:25.933Z, 288.54409139999996, 258.18525120000004
1714372945949, 2024-04-29T06:42:25.949Z, 271.4363482, 259.95954259999996
1714372945965, 2024-04-29T06:42:25.965Z, 249.98424139999997, 265.35261380000003
1714372945979, 2024-04-29T06:42:25.979Z, 221.68466479999998, 275.4480936
1714372945995, 2024-04-29T06:42:25.995Z, 192.085126, 293.2877528
1714372946011, 2024-04-29T06:42:26.011Z, 163.776836, 311.2368121999999
1714372946027, 2024-04-29T06:42:26.027Z, 144.4125146, 323.7959924
1714372946042, 2024-04-29T06:42:26.042Z, 129.63835780000002, 333.3967196
1714372946067, 2024-04-29T06:42:26.067Z, 121.8851654, 339.09730179999997
1714372946082, 2024-04-29T06:42:26.082Z, 119.4726752, 341.7827734
1714372946096, 2024-04-29T06:42:26.096Z, 118.81905220000002, 343.186914
1714372946110, 2024-04-29T06:42:26.110Z, 119.01935639999999, 342.30046460000005
1714372946126, 2024-04-29T06:42:26.126Z, 122.66692880000001, 339.2339758
1714372946142, 2024-04-29T06:42:26.142Z, 128.5301764, 338.22702760000004
1714372946156, 2024-04-29T06:42:26.156Z, 134.8186142, 337.0975728
1714372946184, 2024-04-29T06:42:26.184Z, 140.9931796, 336.4090012
1714372946199, 2024-04-29T06:42:26.199Z, 147.6334784, 338.4923776
1714372946218, 2024-04-29T06:42:26.218Z, 151.82195480000001, 341.97537439999996
1714372946232, 2024-04-29T06:42:26.232Z, 154.037109, 343.299286
1714372946261, 2024-04-29T06:42:26.261Z, 156.36192079999998, 344.11082339999996
1714372946276, 2024-04-29T06:42:26.276Z, 159.75909819999998, 345.06292499999995
1714372946291, 2024-04-29T06:42:26.291Z, 161.5221176, 347.144468
1714372946307, 2024-04-29T06:42:26.307Z, 161.8597448, 352.7202982
1714372946323, 2024-04-29T06:42:26.323Z, 162.05854440000002, 357.7801498
1714372946339, 2024-04-29T06:42:26.339Z, 160.02315480000001, 365.1396608
1714372946368, 2024-04-29T06:42:26.368Z, 150.0654704, 380.2867416
1714372946380, 2024-04-29T06:42:26.380Z, 140.3024336, 393.4581834
1714372946397, 2024-04-29T06:42:26.397Z, 131.1004246, 403.8124454
1714372946417, 2024-04-29T06:42:26.417Z, 120.942967, 416.3244912
1714372946433, 2024-04-29T06:42:26.433Z, 112.21262879999999, 426.94343100000003
1714372946448, 2024-04-29T06:42:26.448Z, 109.80321280000001, 429.5143612
1714372946464, 2024-04-29T06:42:26.464Z, 107.1477956, 432.1755852
1714372946481, 2024-04-29T06:42:26.481Z, 104.5877408, 435.7939354
1714372946495, 2024-04-29T06:42:26.495Z, 103.26815400000001, 439.2557732
1714372946516, 2024-04-29T06:42:26.516Z, 101.65215040000001, 443.8519714
1714372946532, 2024-04-29T06:42:26.532Z, 99.569579, 447.62530180000005
1714372946546, 2024-04-29T06:42:26.546Z, 97.9057288, 451.1219424000001
1714372946566, 2024-04-29T06:42:26.566Z, 97.0861362, 453.0450658
1714372946582, 2024-04-29T06:42:26.582Z, 96.13054059999999, 452.7731774
1714372946605, 2024-04-29T06:42:26.605Z, 96.213572, 451.3281414
1714372946621, 2024-04-29T06:42:26.621Z, 97.5289536, 450.84524799999997
1714372946637, 2024-04-29T06:42:26.637Z, 99.2482474, 450.7666272
1714372946668, 2024-04-29T06:42:26.668Z, 102.08208520000001, 452.110016
1714372946684, 2024-04-29T06:42:26.684Z, 104.9682114, 454.74310660000003
1714372946699, 2024-04-29T06:42:26.699Z, 107.142301, 457.5108752
1714372946715, 2024-04-29T06:42:26.715Z, 108.76106239999999, 459.79398840000005
1714372946730, 2024-04-29T06:42:26.730Z, 109.99763019999997, 461.3556254
1714372946746, 2024-04-29T06:42:26.746Z, 106.869217, 454.76856240000006
1714372946762, 2024-04-29T06:42:26.762Z, 104.7818884, 445.0366666
1714372946778, 2024-04-29T06:42:26.778Z, 105.21456700000002, 431.69055259999993
1714372946794, 2024-04-29T06:42:26.794Z, 107.3944946, 415.5238286
1714372946818, 2024-04-29T06:42:26.818Z, 110.4967026, 398.5331974
1714372946831, 2024-04-29T06:42:26.831Z, 119.117016, 382.99723620000003
1714372946847, 2024-04-29T06:42:26.847Z, 134.167, 361.6739708
1714372946862, 2024-04-29T06:42:26.862Z, 151.62058900000002, 337.8610478
1714372946876, 2024-04-29T06:42:26.876Z, 168.5827638, 309.8189684
1714372946892, 2024-04-29T06:42:26.892Z, 185.14239780000003, 282.021771
1714372946907, 2024-04-29T06:42:26.907Z, 199.00003900000002, 261.8419938
1714372946921, 2024-04-29T06:42:26.921Z, 206.45603339999997, 249.93254660000002
1714372946936, 2024-04-29T06:42:26.936Z, 210.32319180000005, 243.70343280000003
1714372946966, 2024-04-29T06:42:26.966Z, 213.223749, 245.64004419999998
1714372946982, 2024-04-29T06:42:26.982Z, 215.942504, 248.8891054
1714372946997, 2024-04-29T06:42:26.997Z, 218.28064999999998, 249.723241
1714372947010, 2024-04-29T06:42:27.010Z, 219.29525160000003, 250.39182540000002
1714372947027, 2024-04-29T06:42:27.027Z, 219.253193, 251.3016388
1714372947042, 2024-04-29T06:42:27.042Z, 219.02784200000002, 251.9343248
1714372947057, 2024-04-29T06:42:27.057Z, 219.50027600000004, 252.5808916
1714372947073, 2024-04-29T06:42:27.073Z, 218.9581518, 253.1294242
1714372947089, 2024-04-29T06:42:27.089Z, 220.97555719999997, 256.88505680000003
1714372947118, 2024-04-29T06:42:27.118Z, 224.9026806, 261.079842
1714372947132, 2024-04-29T06:42:27.132Z, 228.472699, 261.57722739999997
1714372947146, 2024-04-29T06:42:27.146Z, 235.70325459999998, 262.3839452
1714372947162, 2024-04-29T06:42:27.162Z, 245.6272566, 264.97336240000004
1714372947177, 2024-04-29T06:42:27.177Z, 253.50713800000003, 264.8144962
1714372947191, 2024-04-29T06:42:27.191Z, 258.2723688, 263.5015576
1714372947207, 2024-04-29T06:42:27.207Z, 265.2697958, 266.831598
1714372947226, 2024-04-29T06:42:27.227Z, 269.5590346, 270.5713694
1714372947245, 2024-04-29T06:42:27.245Z, 272.8278712, 273.94663979999996
1714372947268, 2024-04-29T06:42:27.268Z, 276.0404548, 277.25172599999996
1714372947291, 2024-04-29T06:42:27.291Z, 281.1749318, 281.181189
1714372947307, 2024-04-29T06:42:27.307Z, 285.7884486, 281.982211
1714372947322, 2024-04-29T06:42:27.322Z, 289.0720684, 280.7383248
1714372947337, 2024-04-29T06:42:27.337Z, 293.90988419999996, 278.2233444
1714372947353, 2024-04-29T06:42:27.353Z, 300.185201, 273.6046152
1714372947369, 2024-04-29T06:42:27.369Z, 305.66278939999995, 269.4360382
1714372947385, 2024-04-29T06:42:27.385Z, 309.9195492, 266.7076306
1714372947401, 2024-04-29T06:42:27.401Z, 312.9281276, 266.04231319999997
1714372947417, 2024-04-29T06:42:27.417Z, 312.78695460000006, 266.29263
1714372947432, 2024-04-29T06:42:27.432Z, 310.8448882, 268.9094512
1714372947448, 2024-04-29T06:42:27.448Z, 310.46810080000006, 271.8251306
1714372947463, 2024-04-29T06:42:27.463Z, 311.36665700000003, 277.0223286
1714372947478, 2024-04-29T06:42:27.478Z, 313.0682656, 281.6883584
1714372947493, 2024-04-29T06:42:27.493Z, 315.91758259999995, 284.7858776
1714372947509, 2024-04-29T06:42:27.509Z, 318.570511, 287.02778479999995
1714372947525, 2024-04-29T06:42:27.525Z, 319.7566568, 288.2521298
1714372947541, 2024-04-29T06:42:27.541Z, 318.6416284, 285.9851412
1714372947570, 2024-04-29T06:42:27.570Z, 312.2323318, 282.6739246
1714372947581, 2024-04-29T06:42:27.581Z, 305.8078772, 280.14903
1714372947595, 2024-04-29T06:42:27.595Z, 288.3395428, 283.48345059999997
1714372947611, 2024-04-29T06:42:27.611Z, 256.66382919999995, 294.8198318
1714372947627, 2024-04-29T06:42:27.627Z, 227.02617979999997, 306.6871432
1714372947640, 2024-04-29T06:42:27.640Z, 198.83269359999997, 320.00977620000003
1714372947656, 2024-04-29T06:42:27.656Z, 168.6346868, 337.77854360000003
1714372947672, 2024-04-29T06:42:27.672Z, 149.0213446, 351.129194
1714372947686, 2024-04-29T06:42:27.686Z, 143.85661, 358.9155954
1714372947718, 2024-04-29T06:42:27.718Z, 137.01812139999998, 366.7674006
1714372947731, 2024-04-29T06:42:27.731Z, 133.1279602, 372.3701782
1714372947747, 2024-04-29T06:42:27.747Z, 132.56056139999998, 375.4701452
1714372947762, 2024-04-29T06:42:27.762Z, 133.57604539999997, 375.7046432
1714372947777, 2024-04-29T06:42:27.777Z, 136.3993904, 370.5808436
1714372947793, 2024-04-29T06:42:27.793Z, 155.79398339999997, 360.06928480000005
1714372947809, 2024-04-29T06:42:27.809Z, 186.79278240000002, 348.0102634
1714372947825, 2024-04-29T06:42:27.825Z, 217.185119, 334.6240552
1714372947840, 2024-04-29T06:42:27.840Z, 250.42847760000004, 321.9789042
1714372947867, 2024-04-29T06:42:27.867Z, 290.7297046, 310.21184559999995
1714372947881, 2024-04-29T06:42:27.881Z, 318.4641682, 304.057095
1714372947902, 2024-04-29T06:42:27.902Z, 337.90497, 298.3504
1714372947917, 2024-04-29T06:42:27.917Z, 355.011458, 291.35407699999996
1714372947933, 2024-04-29T06:42:27.933Z, 369.049986, 285.0858462
1714372947948, 2024-04-29T06:42:27.948Z, 373.5713278, 280.584674
1714372947964, 2024-04-29T06:42:27.964Z, 374.7152843999999, 275.5582414
1714372947979, 2024-04-29T06:42:27.979Z, 372.87664340000003, 272.31696220000003
1714372947995, 2024-04-29T06:42:27.995Z, 372.35641960000004, 268.58351580000004
1714372948017, 2024-04-29T06:42:28.017Z, 369.6566008, 263.2285814
1714372948031, 2024-04-29T06:42:28.031Z, 367.86069779999997, 258.84253720000004
1714372948045, 2024-04-29T06:42:28.045Z, 365.9291044, 256.83359659999996
1714372948061, 2024-04-29T06:42:28.061Z, 363.99122019999993, 256.8145222
1714372948077, 2024-04-29T06:42:28.077Z, 361.39948080000005, 257.954619
1714372948094, 2024-04-29T06:42:28.094Z, 356.4029555999999, 262.1087066
1714372948107, 2024-04-29T06:42:28.107Z, 351.95061439999995, 267.0411184
1714372948121, 2024-04-29T06:42:28.121Z, 347.819527, 270.809543
1714372948137, 2024-04-29T06:42:28.137Z, 345.3195786, 273.63845580000003
1714372948168, 2024-04-29T06:42:28.168Z, 344.67147220000004, 277.2236838
1714372948184, 2024-04-29T06:42:28.184Z, 348.1357636000001, 279.934223
1714372948200, 2024-04-29T06:42:28.200Z, 350.902466, 281.9488382
1714372948216, 2024-04-29T06:42:28.216Z, 353.28966399999996, 283.9032052
1714372948232, 2024-04-29T06:42:28.232Z, 354.1925968, 285.6930578
1714372948248, 2024-04-29T06:42:28.248Z, 352.3482592, 285.8963764
1714372948264, 2024-04-29T06:42:28.264Z, 360.0686818, 291.438147
1714372948279, 2024-04-29T06:42:28.279Z, 371.5382782, 295.946976
1714372948296, 2024-04-29T06:42:28.296Z, 382.7056952, 298.5926168
1714372948322, 2024-04-29T06:42:28.322Z, 394.3640074, 300.68307539999995
1714372948343, 2024-04-29T06:42:28.343Z, 407.96344839999995, 303.35267100000004
1714372948358, 2024-04-29T06:42:28.358Z, 410.2171126, 299.6596928
1714372948374, 2024-04-29T06:42:28.374Z, 407.622937, 296.3214792
1714372948389, 2024-04-29T06:42:28.389Z, 405.4211176, 294.674042
1714372948405, 2024-04-29T06:42:28.405Z, 403.49963460000004, 293.6411076
1714372948421, 2024-04-29T06:42:28.421Z, 402.0731022, 294.5353522
1714372948436, 2024-04-29T06:42:28.436Z, 402.352255, 296.2798976
1714372948452, 2024-04-29T06:42:28.452Z, 403.77129180000003, 296.34486880000003
1714372948468, 2024-04-29T06:42:28.468Z, 405.3058086, 295.2367928
1714372948484, 2024-04-29T06:42:28.484Z, 406.29399279999996, 293.2309256
1714372948499, 2024-04-29T06:42:28.499Z, 407.0597634, 289.4195128
1714372948514, 2024-04-29T06:42:28.514Z, 407.937886, 284.81971799999997
1714372948530, 2024-04-29T06:42:28.530Z, 409.7682944, 280.1369698
1714372948545, 2024-04-29T06:42:28.545Z, 411.5392304, 276.1549118
1714372948561, 2024-04-29T06:42:28.561Z, 414.3280388, 272.2899576
1714372948577, 2024-04-29T06:42:28.577Z, 417.192282, 269.0115462
1714372948593, 2024-04-29T06:42:28.593Z, 419.48451480000006, 266.0054804
1714372948618, 2024-04-29T06:42:28.618Z, 415.68679460000004, 267.8008984
1714372948630, 2024-04-29T06:42:28.630Z, 411.65062900000004, 269.868377
1714372948662, 2024-04-29T06:42:28.662Z, 395.471847, 275.772206
1714372948686, 2024-04-29T06:42:28.686Z, 358.087582, 285.12485799999996
1714372948702, 2024-04-29T06:42:28.702Z, 302.57926000000003, 297.8559518
1714372948719, 2024-04-29T06:42:28.719Z, 251.10950459999998, 310.3616094
1714372948733, 2024-04-29T06:42:28.733Z, 197.30979940000003, 323.59632500000004
1714372948749, 2024-04-29T06:42:28.749Z, 150.722363, 335.5652474
1714372948769, 2024-04-29T06:42:28.769Z, 123.86738940000001, 345.2797164
1714372948782, 2024-04-29T06:42:28.782Z, 113.25128220000002, 352.842515
1714372948798, 2024-04-29T06:42:28.798Z, 103.6816148, 358.60812100000004
1714372948813, 2024-04-29T06:42:28.813Z, 97.4554744, 366.4811674
1714372948830, 2024-04-29T06:42:28.830Z, 95.041966, 372.8608684
1714372948859, 2024-04-29T06:42:28.859Z, 93.98838459999999, 379.30596360000004
1714372948877, 2024-04-29T06:42:28.877Z, 95.4066402, 386.50313320000004
1714372948919, 2024-04-29T06:42:28.919Z, 97.2721458, 396.4002032
1714372948932, 2024-04-29T06:42:28.932Z, 98.512159, 403.32819320000004
1714372948945, 2024-04-29T06:42:28.945Z, 100.9658944, 409.78464199999996
1714372948962, 2024-04-29T06:42:28.962Z, 103.43636819999999, 414.95139420000004
1714372948977, 2024-04-29T06:42:28.977Z, 108.2404382, 418.8426762
1714372948991, 2024-04-29T06:42:28.991Z, 112.76167459999999, 420.20622199999997
1714372949007, 2024-04-29T06:42:29.007Z, 117.5134366, 426.89842960000004
1714372949022, 2024-04-29T06:42:29.022Z, 120.9578704, 432.993375
1714372949048, 2024-04-29T06:42:29.048Z, 123.7602758, 439.3026482
1714372949068, 2024-04-29T06:42:29.068Z, 123.1991792, 445.9799658
1714372949095, 2024-04-29T06:42:29.095Z, 121.5683904, 451.381526
1714372949110, 2024-04-29T06:42:29.110Z, 117.6330598, 450.7418778
1714372949126, 2024-04-29T06:42:29.126Z, 114.1315344, 449.92546819999995
1714372949141, 2024-04-29T06:42:29.141Z, 111.91726000000001, 447.7486284
1714372949157, 2024-04-29T06:42:29.157Z, 110.95314040000001, 444.15299079999994
1714372949172, 2024-04-29T06:42:29.172Z, 111.22904119999998, 440.9650598
1714372949204, 2024-04-29T06:42:29.204Z, 113.840822, 438.49461279999997
1714372949220, 2024-04-29T06:42:29.220Z, 114.5871024, 433.3006416
1714372949236, 2024-04-29T06:42:29.236Z, 114.73705399999999, 428.5591408
1714372949252, 2024-04-29T06:42:29.252Z, 113.3430448, 422.0182052
1714372949267, 2024-04-29T06:42:29.267Z, 111.8948278, 416.39648580000005
1714372949282, 2024-04-29T06:42:29.282Z, 112.08878680000001, 414.0439252
1714372949298, 2024-04-29T06:42:29.298Z, 114.272479, 415.4331448
1714372949314, 2024-04-29T06:42:29.314Z, 115.6313244, 417.620169
1714372949330, 2024-04-29T06:42:29.330Z, 116.6417954, 422.84652459999995
1714372949345, 2024-04-29T06:42:29.345Z, 116.61163839999999, 427.520674
1714372949368, 2024-04-29T06:42:29.368Z, 113.77097880000001, 428.96945719999997
1714372949382, 2024-04-29T06:42:29.382Z, 109.80082999999999, 429.5855428
1714372949396, 2024-04-29T06:42:29.396Z, 106.6571402, 429.96639100000004
1714372949423, 2024-04-29T06:42:29.423Z, 106.2476228, 429.11969280000005
1714372949440, 2024-04-29T06:42:29.440Z, 110.3323356, 426.83922240000004
1714372949456, 2024-04-29T06:42:29.456Z, 119.4068284, 424.1513376
1714372949471, 2024-04-29T06:42:29.471Z, 132.0702352, 422.7433406
1714372949487, 2024-04-29T06:42:29.487Z, 146.61882659999998, 421.64435599999996
1714372949518, 2024-04-29T06:42:29.518Z, 162.5151026, 422.48141699999996
1714372949534, 2024-04-29T06:42:29.534Z, 174.2469102, 424.1411092
1714372949550, 2024-04-29T06:42:29.550Z, 181.660711, 427.0699992
1714372949566, 2024-04-29T06:42:29.566Z, 185.82118599999998, 427.888285
1714372949581, 2024-04-29T06:42:29.581Z, 187.80716879999997, 428.13234280000006
1714372949597, 2024-04-29T06:42:29.597Z, 186.8059088, 427.4144018
1714372949613, 2024-04-29T06:42:29.613Z, 185.8818786, 429.4437282
1714372949628, 2024-04-29T06:42:29.628Z, 184.42526360000002, 431.12199380000004
1714372949644, 2024-04-29T06:42:29.644Z, 182.41307319999999, 434.07465119999995
1714372949666, 2024-04-29T06:42:29.666Z, 179.74234700000002, 437.8725096
1714372949682, 2024-04-29T06:42:29.682Z, 177.2972378, 441.3568722
1714372949697, 2024-04-29T06:42:29.697Z, 171.1094108, 441.464747
1714372949710, 2024-04-29T06:42:29.710Z, 157.146084, 438.73166899999995
1714372949727, 2024-04-29T06:42:29.727Z, 145.5046798, 436.6691716
1714372949742, 2024-04-29T06:42:29.742Z, 132.6287988, 433.7509
1714372949756, 2024-04-29T06:42:29.756Z, 120.8775474, 432.35575600000004
1714372949772, 2024-04-29T06:42:29.772Z, 113.3653328, 431.72787660000006
1714372949787, 2024-04-29T06:42:29.787Z, 113.71484420000002, 433.3273924
1714372949818, 2024-04-29T06:42:29.818Z, 114.08597420000001, 436.1009272
1714372949833, 2024-04-29T06:42:29.833Z, 115.3055482, 438.12936340000005
1714372949849, 2024-04-29T06:42:29.849Z, 115.045318, 438.793902
1714372949865, 2024-04-29T06:42:29.865Z, 113.96206539999999, 440.33260900000005
1714372949880, 2024-04-29T06:42:29.880Z, 113.41077519999999, 442.3838444
1714372949895, 2024-04-29T06:42:29.895Z, 111.3782668, 442.4879282
1714372949912, 2024-04-29T06:42:29.912Z, 110.61198759999999, 443.589841
1714372949927, 2024-04-29T06:42:29.927Z, 111.2536638, 444.52068500000007
1714372949943, 2024-04-29T06:42:29.943Z, 119.07919000000001, 445.19426060000006
1714372949968, 2024-04-29T06:42:29.968Z, 134.4986632, 446.1669436
1714372949981, 2024-04-29T06:42:29.981Z, 155.36697020000003, 447.78920559999995
1714372950002, 2024-04-29T06:42:30.002Z, 181.7066398, 450.26369439999996
1714372950011, 2024-04-29T06:42:30.011Z, 207.78522320000002, 453.08039059999993
1714372950025, 2024-04-29T06:42:30.025Z, 227.60470919999997, 455.174676
1714372950041, 2024-04-29T06:42:30.041Z, 239.972508, 456.7946586
1714372950056, 2024-04-29T06:42:30.056Z, 246.98959179999997, 456.9795926
1714372950070, 2024-04-29T06:42:30.070Z, 248.29145880000002, 455.54367919999993
1714372950086, 2024-04-29T06:42:30.086Z, 249.3394816, 452.9817322
1714372950117, 2024-04-29T06:42:30.117Z, 252.46108679999998, 453.8599378
1714372950132, 2024-04-29T06:42:30.132Z, 255.704916, 454.74524579999996
1714372950147, 2024-04-29T06:42:30.147Z, 258.58270380000005, 456.1563
1714372950162, 2024-04-29T06:42:30.162Z, 262.24486, 459.5168393999999
1714372950178, 2024-04-29T06:42:30.178Z, 263.2183022, 461.93685320000003
1714372950194, 2024-04-29T06:42:30.194Z, 261.2389812, 459.0493228
1714372950209, 2024-04-29T06:42:30.209Z, 262.2070308, 453.0578428
1714372950226, 2024-04-29T06:42:30.226Z, 263.3256946, 447.2210398
1714372950241, 2024-04-29T06:42:30.241Z, 262.995557, 440.5399318000001
1714372950267, 2024-04-29T06:42:30.267Z, 268.1656328, 435.8943206
1714372950282, 2024-04-29T06:42:30.282Z, 275.240473, 435.2747352
1714372950295, 2024-04-29T06:42:30.295Z, 278.87162520000004, 437.7018228
1714372950312, 2024-04-29T06:42:30.312Z, 282.1151824, 441.27795339999994
1714372950327, 2024-04-29T06:42:30.327Z, 286.59383319999995, 444.52750180000004
1714372950340, 2024-04-29T06:42:30.340Z, 287.40548040000004, 447.33636459999997
1714372950357, 2024-04-29T06:42:30.357Z, 285.8983138, 448.2388333999999
1714372950372, 2024-04-29T06:42:30.372Z, 285.0070054, 449.48557059999996
1714372950388, 2024-04-29T06:42:30.388Z, 283.9936994, 448.8521242
1714372950418, 2024-04-29T06:42:30.418Z, 284.11227820000005, 452.69864479999995
1714372950430, 2024-04-29T06:42:30.430Z, 284.52242420000005, 456.6825838
1714372950447, 2024-04-29T06:42:30.447Z, 285.6698046, 459.6219186
1714372950462, 2024-04-29T06:42:30.462Z, 286.5534262, 462.339562
1714372950477, 2024-04-29T06:42:30.477Z, 288.50315180000007, 466.39496340000005
1714372950493, 2024-04-29T06:42:30.493Z, 288.451142, 465.2169312
1714372950509, 2024-04-29T06:42:30.509Z, 289.4518248, 463.69699340000005
1714372950524, 2024-04-29T06:42:30.524Z, 294.0218856, 461.29153740000004
1714372950540, 2024-04-29T06:42:30.540Z, 315.8442664, 457.6523366
1714372950567, 2024-04-29T06:42:30.567Z, 333.445207, 453.0882584
1714372950582, 2024-04-29T06:42:30.582Z, 358.7788376, 449.321824
1714372950597, 2024-04-29T06:42:30.597Z, 383.9592972, 446.53795979999995
1714372950610, 2024-04-29T06:42:30.610Z, 406.0226606, 445.5085123999999
1714372950627, 2024-04-29T06:42:30.627Z, 409.70651680000003, 445.21735579999995
1714372950647, 2024-04-29T06:42:30.647Z, 417.01222079999997, 445.38147019999997
1714372950655, 2024-04-29T06:42:30.655Z, 417.66014859999996, 445.4146847999999
1714372950672, 2024-04-29T06:42:30.672Z, 417.18965779999996, 444.9488636
1714372950687, 2024-04-29T06:42:30.687Z, 414.8675224, 443.9116868
1714372950718, 2024-04-29T06:42:30.718Z, 412.1366904, 442.44055560000004
1714372950736, 2024-04-29T06:42:30.736Z, 407.75554180000006, 439.8273112
1714372950758, 2024-04-29T06:42:30.758Z, 400.37187, 436.8563266
1714372950773, 2024-04-29T06:42:30.773Z, 391.6108252, 433.3872783999999
1714372950789, 2024-04-29T06:42:30.789Z, 384.50794400000007, 430.8829294
1714372950805, 2024-04-29T06:42:30.805Z, 379.5995542, 430.00085959999996
1714372950821, 2024-04-29T06:42:30.821Z, 376.50410079999995, 429.32096979999994
1714372950838, 2024-04-29T06:42:30.838Z, 375.111583, 427.31429259999993
1714372950868, 2024-04-29T06:42:30.868Z, 376.619774, 424.79546279999994
1714372950883, 2024-04-29T06:42:30.883Z, 377.7727352, 421.68291180000006
1714372950898, 2024-04-29T06:42:30.898Z, 377.8695992, 417.8094244
1714372950914, 2024-04-29T06:42:30.914Z, 377.272512, 417.9258312
1714372950930, 2024-04-29T06:42:30.930Z, 376.7911074, 419.13823
1714372950962, 2024-04-29T06:42:30.962Z, 375.4979986, 421.57040159999997
1714372950978, 2024-04-29T06:42:30.978Z, 375.1383956, 424.9649488
1714372951017, 2024-04-29T06:42:31.017Z, 385.7655546, 427.26527539999995
1714372951050, 2024-04-29T06:42:31.050Z, 409.333804, 428.0113854
1714372951061, 2024-04-29T06:42:31.061Z, 432.7379316, 434.21647759999996
1714372951079, 2024-04-29T06:42:31.079Z, 455.2542132, 441.36101099999996
1714372951104, 2024-04-29T06:42:31.104Z, 477.34863459999997, 444.4212426
1714372951119, 2024-04-29T06:42:31.119Z, 488.8569996, 446.4713224
1714372951135, 2024-04-29T06:42:31.135Z, 487.366146, 446.91908320000005
1714372951151, 2024-04-29T06:42:31.151Z, 484.0681708, 442.33886679999995
1714372951169, 2024-04-29T06:42:31.169Z, 481.6241824, 435.99000179999996
1714372951182, 2024-04-29T06:42:31.182Z, 481.45452080000007, 433.32308279999995
1714372951198, 2024-04-29T06:42:31.198Z, 484.1109906, 432.7559818
1714372951214, 2024-04-29T06:42:31.214Z, 494.12263060000004, 433.78214439999994
1714372951245, 2024-04-29T06:42:31.245Z, 506.65156820000004, 435.35871779999997
1714372951261, 2024-04-29T06:42:31.261Z, 519.6655986, 437.56874719999996
1714372951277, 2024-04-29T06:42:31.277Z, 533.0789416, 439.3625752
1714372951292, 2024-04-29T06:42:31.292Z, 545.2413816000001, 441.17781019999995
1714372951318, 2024-04-29T06:42:31.318Z, 549.5762638, 441.32639980000005
1714372951331, 2024-04-29T06:42:31.331Z, 554.6602787999999, 441.4806596
1714372951347, 2024-04-29T06:42:31.347Z, 561.086957, 441.93262159999995
1714372951363, 2024-04-29T06:42:31.363Z, 568.8145488, 445.8006764
1714372951376, 2024-04-29T06:42:31.376Z, 574.6754127999999, 449.0856882
1714372951392, 2024-04-29T06:42:31.392Z, 589.0049508, 451.8747464
1714372951407, 2024-04-29T06:42:31.407Z, 604.3633356, 453.592494
1714372951421, 2024-04-29T06:42:31.421Z, 618.3432076, 454.6057146
1714372951437, 2024-04-29T06:42:31.437Z, 629.1771362, 451.93142939999996
1714372951468, 2024-04-29T06:42:31.468Z, 638.8511724, 447.56858139999997
1714372951482, 2024-04-29T06:42:31.482Z, 640.7871158, 443.9815198
1714372951498, 2024-04-29T06:42:31.498Z, 640.3689478, 440.9032324
1714372951512, 2024-04-29T06:42:31.512Z, 639.0427916000001, 438.86279299999995
1714372951529, 2024-04-29T06:42:31.529Z, 638.2102636, 438.59497799999997
1714372951543, 2024-04-29T06:42:31.543Z, 640.1879488, 442.0105764
1714372951558, 2024-04-29T06:42:31.558Z, 643.6581064, 446.08239560000004
1714372951574, 2024-04-29T06:42:31.574Z, 648.4056317999999, 451.16321100000005
1714372951590, 2024-04-29T06:42:31.590Z, 654.722219, 456.1097022
1714372951618, 2024-04-29T06:42:31.618Z, 661.4629234000001, 459.7001894
1714372951632, 2024-04-29T06:42:31.632Z, 668.3481562, 460.5696336
1714372951646, 2024-04-29T06:42:31.646Z, 676.7334204000001, 460.2743166
1714372951662, 2024-04-29T06:42:31.662Z, 687.3571976000001, 456.2067038
1714372951682, 2024-04-29T06:42:31.682Z, 696.1682592000001, 451.8515372
1714372951700, 2024-04-29T06:42:31.700Z, 699.2191718, 449.5361912
1714372951716, 2024-04-29T06:42:31.716Z, 689.8410872000001, 447.94126399999993
1714372951731, 2024-04-29T06:42:31.731Z, 648.6636728000001, 445.921383
1714372951746, 2024-04-29T06:42:31.746Z, 593.6926900000001, 446.9407264
1714372951768, 2024-04-29T06:42:31.768Z, 528.1111542, 446.22662119999995
1714372951781, 2024-04-29T06:42:31.781Z, 460.5032992, 445.3777931999999
1714372951797, 2024-04-29T06:42:31.797Z, 354.8743986, 448.82134499999995
1714372951812, 2024-04-29T06:42:31.812Z, 277.4653076, 452.90230899999995
1714372951826, 2024-04-29T06:42:31.826Z, 210.37621819999998, 457.64429900000005
1714372951843, 2024-04-29T06:42:31.843Z, 151.251287, 462.2792128
1714372951857, 2024-04-29T06:42:31.857Z, 96.65996439999999, 463.3675
1714372951873, 2024-04-29T06:42:31.873Z, 91.0326558, 458.2773832
1714372951891, 2024-04-29T06:42:31.891Z, 86.5537958, 452.55573100000004
1714372951917, 2024-04-29T06:42:31.917Z, 82.9134028, 446.6181802
1714372951932, 2024-04-29T06:42:31.932Z, 83.767549, 441.92040560000004
1714372951947, 2024-04-29T06:42:31.947Z, 87.20538539999998, 438.87738
1714372951961, 2024-04-29T06:42:31.961Z, 91.2516, 438.81595799999997
1714372951977, 2024-04-29T06:42:31.977Z, 96.7949842, 439.8599576
1714372951992, 2024-04-29T06:42:31.992Z, 102.95755120000001, 442.0378296
1714372952005, 2024-04-29T06:42:32.005Z, 109.6675256, 445.80687720000003
1714372952022, 2024-04-29T06:42:32.022Z, 114.739995, 449.51445540000003
1714372952040, 2024-04-29T06:42:32.040Z, 127.08470480000001, 454.77625720000003
1714372952068, 2024-04-29T06:42:32.068Z, 141.5701664, 460.82474460000003
1714372952082, 2024-04-29T06:42:32.082Z, 155.3430522, 465.21879879999995
1714372952096, 2024-04-29T06:42:32.096Z, 168.0436368, 468.40567740000006
1714372952112, 2024-04-29T06:42:32.112Z, 184.1225166, 471.1975752
1714372952127, 2024-04-29T06:42:32.127Z, 191.6546644, 472.01805219999994
1714372952141, 2024-04-29T06:42:32.141Z, 194.7454796, 471.71236480000005
1714372952157, 2024-04-29T06:42:32.157Z, 197.87828099999996, 471.407528
1714372952177, 2024-04-29T06:42:32.177Z, 198.6891278, 472.97496220000005
1714372952191, 2024-04-29T06:42:32.191Z, 195.1334866, 476.03251
1714372952221, 2024-04-29T06:42:32.221Z, 191.079722, 479.93553219999995
1714372952235, 2024-04-29T06:42:32.235Z, 187.4128136, 484.2303548
1714372952250, 2024-04-29T06:42:32.250Z, 183.5408014, 489.08515320000004
1714372952266, 2024-04-29T06:42:32.266Z, 181.2402396, 491.818179
1714372952282, 2024-04-29T06:42:32.282Z, 181.0761166, 492.6565746
1714372952298, 2024-04-29T06:42:32.298Z, 182.4047342, 491.762822
1714372952313, 2024-04-29T06:42:32.313Z, 184.1757482, 490.7820336
1714372952329, 2024-04-29T06:42:32.329Z, 185.9103074, 489.262094
1714372952345, 2024-04-29T06:42:32.345Z, 186.8688402, 488.22923979999996
1714372952368, 2024-04-29T06:42:32.368Z, 182.9772142, 487.80429000000004
1714372952387, 2024-04-29T06:42:32.387Z, 178.3427156, 488.17743540000004
1714372952400, 2024-04-29T06:42:32.400Z, 172.4423476, 488.163934
1714372952411, 2024-04-29T06:42:32.411Z, 166.061465, 488.00678179999994
1714372952440, 2024-04-29T06:42:32.440Z, 158.143877, 487.56269439999994
1714372952456, 2024-04-29T06:42:32.456Z, 152.90403099999997, 487.28281480000004
1714372952472, 2024-04-29T06:42:32.472Z, 142.48455199999998, 485.61291560000006
1714372952503, 2024-04-29T06:42:32.503Z, 130.06838199999999, 483.59012060000003
1714372952520, 2024-04-29T06:42:32.520Z, 117.31655759999998, 482.2786836
1714372952534, 2024-04-29T06:42:32.534Z, 106.6982708, 481.6452797999999
1714372952550, 2024-04-29T06:42:32.550Z, 104.9685878, 479.16590379999997
1714372952566, 2024-04-29T06:42:32.566Z, 191.8573944, 459.1561852000001
1714372952581, 2024-04-29T06:42:32.581Z, 290.00972659999996, 437.556139
1714372952597, 2024-04-29T06:42:32.597Z, 406.75167840000006, 412.81528360000004
1714372952612, 2024-04-29T06:42:32.612Z, 541.3805782, 382.8212652
1714372952629, 2024-04-29T06:42:32.629Z, 669.2580399999999, 355.00504520000004
1714372952644, 2024-04-29T06:42:32.644Z, 707.0627226, 347.8511548
1714372952669, 2024-04-29T06:42:32.669Z, 819.4373181999999, 331.4806548
1714372952680, 2024-04-29T06:42:32.680Z, 914.3827572, 318.1159994000001
1714372952697, 2024-04-29T06:42:32.697Z, 992.4946046000001, 309.0588532
1714372952712, 2024-04-29T06:42:32.712Z, 1069.8396088000002, 296.7775848
1714372952726, 2024-04-29T06:42:32.726Z, 1153.1267030000001, 282.7767656
1714372952742, 2024-04-29T06:42:32.742Z, 1152.5916502, 277.88812440000004
1714372952757, 2024-04-29T06:42:32.757Z, 1149.718044, 270.3796546
1714372952772, 2024-04-29T06:42:32.772Z, 1145.0084316, 262.1264454
1714372952787, 2024-04-29T06:42:32.787Z, 1140.337709, 255.0472542
1714372952818, 2024-04-29T06:42:32.818Z, 1137.104828, 244.1689872
1714372952833, 2024-04-29T06:42:32.833Z, 1137.0321488, 232.0616062
1714372952849, 2024-04-29T06:42:32.849Z, 1162.2308031999999, 213.8357802
1714372952864, 2024-04-29T06:42:32.864Z, 1187.5477976, 196.8457394
1714372952880, 2024-04-29T06:42:32.880Z, 1215.6127099999999, 180.26765859999998
1714372952912, 2024-04-29T06:42:32.912Z, 1245.4834466, 166.44732439999999
1714372952928, 2024-04-29T06:42:32.928Z, 1273.6616986, 155.19151839999998
1714372952968, 2024-04-29T06:42:32.968Z, 1280.1191483999999, 151.506888
1714372952990, 2024-04-29T06:42:32.990Z, 1291.5741495999998, 148.74727620000002
1714372953005, 2024-04-29T06:42:33.005Z, 1310.3464258, 145.007998
1714372953020, 2024-04-29T06:42:33.020Z, 1327.9830974000001, 141.8965758
1714372953036, 2024-04-29T06:42:33.036Z, 1345.3354426, 139.8243806
1714372953052, 2024-04-29T06:42:33.052Z, 1362.7510542, 138.5521908
1714372953068, 2024-04-29T06:42:33.068Z, 1375.9351644, 136.375695
1714372953082, 2024-04-29T06:42:33.082Z, 1381.2242242, 134.65989800000003
1714372953099, 2024-04-29T06:42:33.099Z, 1384.7988356, 133.800649
1714372953121, 2024-04-29T06:42:33.121Z, 1389.6861382000002, 131.5615588
1714372953146, 2024-04-29T06:42:33.146Z, 1392.2819556, 129.0764642
1714372953161, 2024-04-29T06:42:33.161Z, 1394.3344045999997, 126.35844080000001
1714372953176, 2024-04-29T06:42:33.176Z, 1393.848775, 125.5557254
1714372953192, 2024-04-29T06:42:33.192Z, 1391.4998358, 129.3549874
1714372953209, 2024-04-29T06:42:33.209Z, 1388.295765, 133.9066692
1714372953224, 2024-04-29T06:42:33.224Z, 1385.879941, 138.544574
1714372953256, 2024-04-29T06:42:33.256Z, 1383.287754, 142.3880006
1714372953272, 2024-04-29T06:42:33.272Z, 1380.436362, 146.23573300000004
1714372953287, 2024-04-29T06:42:33.287Z, 1380.7751682, 144.3099616
1714372953303, 2024-04-29T06:42:33.303Z, 1382.0254026, 143.648464
1714372953319, 2024-04-29T06:42:33.319Z, 1383.8500974, 143.2352968
1714372953335, 2024-04-29T06:42:33.335Z, 1386.6934248000002, 142.3662514
1714372953350, 2024-04-29T06:42:33.350Z, 1390.8682976, 138.547135
1714372953366, 2024-04-29T06:42:33.366Z, 1394.2547880000002, 135.0455626
1714372953382, 2024-04-29T06:42:33.382Z, 1396.2206726, 131.34354260000003
1714372953397, 2024-04-29T06:42:33.397Z, 1396.6752232000001, 129.04088380000002
1714372953418, 2024-04-29T06:42:33.418Z, 1396.5896464, 128.2545766
1714372953445, 2024-04-29T06:42:33.445Z, 1395.3626479999998, 131.06657919999998
1714372953460, 2024-04-29T06:42:33.460Z, 1393.3069844, 135.4102828
1714372953476, 2024-04-29T06:42:33.476Z, 1391.2918162, 139.0814032
1714372953492, 2024-04-29T06:42:33.492Z, 1389.8965344, 141.27991980000002
1714372953508, 2024-04-29T06:42:33.508Z, 1388.1826566, 143.002108
1714372953525, 2024-04-29T06:42:33.525Z, 1387.662664, 143.6750636
1714372953540, 2024-04-29T06:42:33.540Z, 1389.1313446, 142.9621522
1714372953568, 2024-04-29T06:42:33.568Z, 1390.3568384, 141.6653914
1714372953581, 2024-04-29T06:42:33.581Z, 1391.6629256, 139.32978040000003
1714372953602, 2024-04-29T06:42:33.602Z, 1393.5278984000001, 137.21458160000003
1714372953618, 2024-04-29T06:42:33.618Z, 1394.3841189999998, 135.905766
1714372953633, 2024-04-29T06:42:33.633Z, 1397.2156698, 135.512565
1714372953648, 2024-04-29T06:42:33.648Z, 1408.1959556, 135.17688520000002
1714372953664, 2024-04-29T06:42:33.664Z, 1443.8646376000002, 134.5976996
1714372953679, 2024-04-29T06:42:33.679Z, 1475.5297008, 134.18917059999998
1714372953696, 2024-04-29T06:42:33.696Z, 1514.5273578000001, 132.86674939999997
1714372953717, 2024-04-29T06:42:33.717Z, 1561.6855440000002, 130.84675520000002
1714372953732, 2024-04-29T06:42:33.732Z, 1598.5532122, 133.2981416
1714372953771, 2024-04-29T06:42:33.771Z, 1612.5220148, 134.38632360000003
1714372953787, 2024-04-29T06:42:33.787Z, 1630.4764034, 135.2809846
1714372953819, 2024-04-29T06:42:33.819Z, 1640.783509, 135.4975836
1714372953835, 2024-04-29T06:42:33.835Z, 1638.9985578, 136.15355
1714372953850, 2024-04-29T06:42:33.850Z, 1638.1442534000003, 133.2751218
1714372953868, 2024-04-29T06:42:33.868Z, 1634.0328750000003, 135.759556
1714372953898, 2024-04-29T06:42:33.898Z, 1629.190212, 139.316644
1714372953915, 2024-04-29T06:42:33.915Z, 1624.0756072, 146.61576159999998
1714372953930, 2024-04-29T06:42:33.930Z, 1620.1501958, 152.0658172
1714372953945, 2024-04-29T06:42:33.945Z, 1617.8221904, 157.7157988
1714372953962, 2024-04-29T06:42:33.962Z, 1616.6086422, 161.393039
1714372953977, 2024-04-29T06:42:33.977Z, 1616.1740194, 164.417799
1714372953993, 2024-04-29T06:42:33.993Z, 1616.8863668, 164.98615999999998
1714372954018, 2024-04-29T06:42:34.018Z, 1619.2456028000001, 167.6006528
1714372954042, 2024-04-29T06:42:34.042Z, 1603.307851, 179.5389814
1714372954057, 2024-04-29T06:42:34.057Z, 1584.2422708, 191.5034568
1714372954072, 2024-04-29T06:42:34.072Z, 1547.1253695999999, 212.48499339999998
1714372954088, 2024-04-29T06:42:34.088Z, 1511.7180658, 232.2996192
1714372954104, 2024-04-29T06:42:34.104Z, 1474.7804132, 252.000594
1714372954120, 2024-04-29T06:42:34.120Z, 1455.3972822, 261.9809754
1714372954136, 2024-04-29T06:42:34.136Z, 1439.8172362, 270.82396439999997
1714372954152, 2024-04-29T06:42:34.152Z, 1437.4337108, 269.977964
1714372954170, 2024-04-29T06:42:34.170Z, 1431.411015, 270.772493
1714372954184, 2024-04-29T06:42:34.184Z, 1423.9139926, 269.5354488
1714372954198, 2024-04-29T06:42:34.198Z, 1416.8752328, 267.7859488
1714372954215, 2024-04-29T06:42:34.215Z, 1406.6197846, 269.4808248
1714372954230, 2024-04-29T06:42:34.230Z, 1400.1870913999999, 273.1547554
1714372954247, 2024-04-29T06:42:34.247Z, 1396.1715221999998, 275.10272560000004
1714372954261, 2024-04-29T06:42:34.261Z, 1392.8530088, 279.02393279999995
1714372954277, 2024-04-29T06:42:34.277Z, 1389.5793674000001, 283.4263802
1714372954293, 2024-04-29T06:42:34.293Z, 1390.2879808, 282.867122
1714372954318, 2024-04-29T06:42:34.318Z, 1392.4526136, 277.31931199999997
1714372954341, 2024-04-29T06:42:34.341Z, 1393.80775, 273.40329959999997
1714372954356, 2024-04-29T06:42:34.356Z, 1393.2029234000001, 270.9646342
1714372954371, 2024-04-29T06:42:34.371Z, 1392.6973816000002, 268.27913440000003
1714372954386, 2024-04-29T06:42:34.386Z, 1391.24447, 268.2744764
1714372954402, 2024-04-29T06:42:34.402Z, 1388.8969744, 273.6225288
1714372954417, 2024-04-29T06:42:34.417Z, 1386.5204102000002, 277.8490796
1714372954433, 2024-04-29T06:42:34.433Z, 1386.3216356, 280.04976
1714372954450, 2024-04-29T06:42:34.450Z, 1386.5731866, 281.1656272
1714372954468, 2024-04-29T06:42:34.468Z, 1386.1366708, 280.12921539999996
1714372954482, 2024-04-29T06:42:34.482Z, 1386.382873, 275.321616
1714372954497, 2024-04-29T06:42:34.497Z, 1386.5405812000001, 270.4996354
1714372954512, 2024-04-29T06:42:34.512Z, 1386.2378272, 266.218941
1714372954529, 2024-04-29T06:42:34.529Z, 1383.8791478, 265.47855619999996
1714372954544, 2024-04-29T06:42:34.544Z, 1381.866433, 266.90341939999996
1714372954560, 2024-04-29T06:42:34.560Z, 1379.5100342, 270.29508219999997
1714372954576, 2024-04-29T06:42:34.576Z, 1378.7495026000001, 272.8438816
1714372954593, 2024-04-29T06:42:34.593Z, 1378.5751654, 274.1458764
1714372954617, 2024-04-29T06:42:34.617Z, 1381.0647066, 272.02925960000005
1714372954632, 2024-04-29T06:42:34.632Z, 1383.7677903999997, 270.7311922
1714372954646, 2024-04-29T06:42:34.646Z, 1386.1952059999999, 269.31226480000004
1714372954660, 2024-04-29T06:42:34.660Z, 1385.6538684, 270.2439416
1714372954688, 2024-04-29T06:42:34.688Z, 1384.6785318000002, 272.9235226
1714372954704, 2024-04-29T06:42:34.704Z, 1383.029257, 276.462534
1714372954720, 2024-04-29T06:42:34.720Z, 1381.9547104, 278.115543
1714372954736, 2024-04-29T06:42:34.736Z, 1381.6190704, 278.8764088
1714372954752, 2024-04-29T06:42:34.752Z, 1382.9169981999999, 278.05612640000004
1714372954768, 2024-04-29T06:42:34.768Z, 1385.1403735999997, 275.76389900000004
1714372954784, 2024-04-29T06:42:34.784Z, 1387.0222674000001, 273.28631040000005
1714372954800, 2024-04-29T06:42:34.800Z, 1388.3435864, 270.6291006
1714372954816, 2024-04-29T06:42:34.816Z, 1389.8909706, 268.5711348
1714372954832, 2024-04-29T06:42:34.832Z, 1391.5939816, 267.41144940000004
1714372954848, 2024-04-29T06:42:34.848Z, 1393.1931722000002, 266.1500942
1714372954864, 2024-04-29T06:42:34.864Z, 1394.7658781999999, 264.6293246
1714372954880, 2024-04-29T06:42:34.880Z, 1394.9474396, 263.34758780000004
1714372954895, 2024-04-29T06:42:34.895Z, 1395.8910480000002, 262.3461234
1714372954921, 2024-04-29T06:42:34.921Z, 1394.383327, 262.1770616
1714372954930, 2024-04-29T06:42:34.930Z, 1392.1736185999998, 264.3137716
1714372954959, 2024-04-29T06:42:34.959Z, 1392.8100828, 269.739644
1714372954975, 2024-04-29T06:42:34.975Z, 1414.3254860000002, 271.8416214
1714372954991, 2024-04-29T06:42:34.991Z, 1441.3584492, 273.05000359999997
1714372955007, 2024-04-29T06:42:35.007Z, 1479.8653656000001, 271.49817840000003
1714372955023, 2024-04-29T06:42:35.023Z, 1527.7433868, 268.3206024
1714372955039, 2024-04-29T06:42:35.039Z, 1575.7803118, 262.8322564
1714372955070, 2024-04-29T06:42:35.070Z, 1604.9107958, 261.4291138
1714372955085, 2024-04-29T06:42:35.085Z, 1628.6019708, 261.1848396
1714372955103, 2024-04-29T06:42:35.103Z, 1641.9986304, 260.8913196
1714372955119, 2024-04-29T06:42:35.119Z, 1647.699755, 260.4490348
1714372955135, 2024-04-29T06:42:35.135Z, 1653.8277834, 260.31599500000004
1714372955151, 2024-04-29T06:42:35.151Z, 1656.2414840000001, 261.1115066
1714372955167, 2024-04-29T06:42:35.167Z, 1657.0572597999999, 259.1017676
1714372955182, 2024-04-29T06:42:35.182Z, 1655.3080052, 259.8614028
1714372955197, 2024-04-29T06:42:35.197Z, 1632.7197118000001, 272.19043419999997
1714372955217, 2024-04-29T06:42:35.217Z, 1590.4047446, 290.0023616
1714372955244, 2024-04-29T06:42:35.244Z, 1536.984022, 308.7857788
1714372955259, 2024-04-29T06:42:35.259Z, 1470.3785532, 332.73405199999996
1714372955275, 2024-04-29T06:42:35.275Z, 1386.1140974000002, 359.7015894
1714372955291, 2024-04-29T06:42:35.291Z, 1321.5294274, 375.44504659999996
1714372955306, 2024-04-29T06:42:35.306Z, 1272.7635666, 388.161885
1714372955323, 2024-04-29T06:42:35.323Z, 1238.0393166, 398.2551964
1714372955338, 2024-04-29T06:42:35.338Z, 1209.3009147999999, 403.2422752
1714372955367, 2024-04-29T06:42:35.367Z, 1199.2891626, 404.0619388
1714372955380, 2024-04-29T06:42:35.380Z, 1186.9679248, 404.9411972
1714372955401, 2024-04-29T06:42:35.401Z, 1170.8532104, 401.7614566
1714372955417, 2024-04-29T06:42:35.417Z, 1154.6714662, 397.96155799999997
1714372955432, 2024-04-29T06:42:35.432Z, 1144.6321696, 396.5774272
1714372955447, 2024-04-29T06:42:35.447Z, 1136.7061914, 395.30463380000003
1714372955463, 2024-04-29T06:42:35.463Z, 1131.1411896, 393.27764019999995
1714372955479, 2024-04-29T06:42:35.479Z, 1130.9336874, 389.48215079999994
1714372955496, 2024-04-29T06:42:35.496Z, 1133.0727763999998, 384.0664444
1714372955517, 2024-04-29T06:42:35.517Z, 1136.6760594000002, 378.2946284
1714372955544, 2024-04-29T06:42:35.544Z, 1141.058107, 373.51584280000003
1714372955559, 2024-04-29T06:42:35.559Z, 1144.966129, 368.90257
1714372955575, 2024-04-29T06:42:35.575Z, 1147.9121886, 368.4694614
1714372955590, 2024-04-29T06:42:35.590Z, 1148.995189, 371.31803979999995
1714372955609, 2024-04-29T06:42:35.609Z, 1150.5921782, 373.28140279999997
1714372955622, 2024-04-29T06:42:35.622Z, 1151.8648754, 373.93691659999996
1714372955639, 2024-04-29T06:42:35.639Z, 1154.2533647999999, 374.84906279999996
1714372955668, 2024-04-29T06:42:35.668Z, 1167.3645302, 373.5974476
1714372955682, 2024-04-29T06:42:35.682Z, 1187.7548426, 369.2825586
1714372955696, 2024-04-29T06:42:35.696Z, 1207.2378507999997, 367.3304474
1714372955712, 2024-04-29T06:42:35.712Z, 1227.0727804, 365.49685919999996
1714372955727, 2024-04-29T06:42:35.727Z, 1246.4233838, 366.4451162
1714372955741, 2024-04-29T06:42:35.741Z, 1256.0195498, 369.4974518
1714372955757, 2024-04-29T06:42:35.757Z, 1258.084859, 374.76785939999996
1714372955773, 2024-04-29T06:42:35.773Z, 1260.0204399999998, 378.542888
1714372955786, 2024-04-29T06:42:35.786Z, 1261.9685292000001, 381.6806274
1714372955818, 2024-04-29T06:42:35.818Z, 1264.1344426, 381.81963759999996
1714372955831, 2024-04-29T06:42:35.831Z, 1265.4943180000002, 380.2345536
1714372955849, 2024-04-29T06:42:35.849Z, 1266.2650964, 377.93616119999996
1714372955862, 2024-04-29T06:42:35.862Z, 1266.8955028, 376.3655618
1714372955876, 2024-04-29T06:42:35.876Z, 1262.994554, 378.0368546
1714372955892, 2024-04-29T06:42:35.892Z, 1256.4360986, 380.16715220000003
1714372955907, 2024-04-29T06:42:35.907Z, 1249.6214392000002, 382.45445559999996
1714372955923, 2024-04-29T06:42:35.923Z, 1243.1414818, 385.2942822
1714372955939, 2024-04-29T06:42:35.939Z, 1236.9481318, 388.9240192
1714372955968, 2024-04-29T06:42:35.968Z, 1233.00903, 389.036529
1714372955988, 2024-04-29T06:42:35.988Z, 1230.8063278, 389.3420602
1714372956003, 2024-04-29T06:42:36.003Z, 1223.1620462, 390.0591238
1714372956019, 2024-04-29T06:42:36.019Z, 1214.7423134, 390.390716
1714372956035, 2024-04-29T06:42:36.035Z, 1203.0911714, 389.2005762
1714372956051, 2024-04-29T06:42:36.051Z, 1189.276142, 387.1904238
1714372956067, 2024-04-29T06:42:36.067Z, 1173.8271570000002, 384.22157319999997
1714372956082, 2024-04-29T06:42:36.082Z, 1160.9173694, 380.3109114
1714372956098, 2024-04-29T06:42:36.098Z, 1145.7370474, 375.1347928
1714372956119, 2024-04-29T06:42:36.119Z, 1136.640653, 371.43426719999997
1714372956132, 2024-04-29T06:42:36.132Z, 1130.9062876, 369.76750899999996
1714372956160, 2024-04-29T06:42:36.160Z, 1123.4484476, 369.70057219999995
1714372956175, 2024-04-29T06:42:36.175Z, 1117.9648378000002, 370.6897169999999
1714372956192, 2024-04-29T06:42:36.192Z, 1116.1512358, 373.1008068
1714372956208, 2024-04-29T06:42:36.208Z, 1113.0496216, 372.67467880000004
1714372956223, 2024-04-29T06:42:36.223Z, 1109.9458722, 371.1772122
1714372956239, 2024-04-29T06:42:36.239Z, 1110.0324468, 368.79855380000004
1714372956268, 2024-04-29T06:42:36.268Z, 1110.7048906, 365.91452200000003
1714372956281, 2024-04-29T06:42:36.281Z, 1110.8532522, 362.8736598
1714372956301, 2024-04-29T06:42:36.301Z, 1109.4271086, 361.4130744
1714372956312, 2024-04-29T06:42:36.312Z, 1108.2209672000001, 361.2962564
1714372956334, 2024-04-29T06:42:36.334Z, 1107.3902734, 361.3909418
1714372956351, 2024-04-29T06:42:36.351Z, 1106.4841428000002, 361.882861
1714372956366, 2024-04-29T06:42:36.366Z, 1104.9927596000002, 363.8513636
1714372956382, 2024-04-29T06:42:36.382Z, 1103.4057052, 367.29351080000004
1714372956398, 2024-04-29T06:42:36.398Z, 1101.7101180000002, 370.8813316
1714372956417, 2024-04-29T06:42:36.417Z, 1099.9962434000001, 374.06941240000003
1714372956445, 2024-04-29T06:42:36.445Z, 1099.4704088, 377.17918440000005
1714372956461, 2024-04-29T06:42:36.461Z, 1100.4272384, 379.54488599999996
1714372956477, 2024-04-29T06:42:36.477Z, 1102.3168354000002, 380.0980102
1714372956492, 2024-04-29T06:42:36.492Z, 1104.6180319999999, 379.1451232
1714372956508, 2024-04-29T06:42:36.508Z, 1107.1716066000001, 377.7704514
1714372956526, 2024-04-29T06:42:36.526Z, 1108.9066838, 374.91894680000007
1714372956540, 2024-04-29T06:42:36.540Z, 1109.6068676, 372.12371459999997
1714372956568, 2024-04-29T06:42:36.568Z, 1109.0922756, 368.31298200000003
1714372956582, 2024-04-29T06:42:36.582Z, 1108.098256, 365.3000706
1714372956596, 2024-04-29T06:42:36.596Z, 1106.7572718, 362.7856372
1714372956612, 2024-04-29T06:42:36.612Z, 1105.1531042, 362.4557554
1714372956641, 2024-04-29T06:42:36.641Z, 1101.3454436, 364.1833166
1714372956657, 2024-04-29T06:42:36.657Z, 1084.8868758, 364.50571
1714372956672, 2024-04-29T06:42:36.672Z, 1066.0939022, 363.62593619999996
1714372956686, 2024-04-29T06:42:36.686Z, 978.9062474, 346.993746
1714372956718, 2024-04-29T06:42:36.718Z, 837.7558659999999, 318.0833612
1714372956731, 2024-04-29T06:42:36.731Z, 686.5786414, 286.3595342
1714372956747, 2024-04-29T06:42:36.747Z, 534.4344018, 255.0838296
1714372956762, 2024-04-29T06:42:36.762Z, 384.68588220000004, 226.4025408
1714372956776, 2024-04-29T06:42:36.776Z, 302.8520456, 213.47680060000002
1714372956796, 2024-04-29T06:42:36.796Z, 275.3035958, 212.3219318
1714372956807, 2024-04-29T06:42:36.807Z, 259.5757634, 212.0501208
1714372956824, 2024-04-29T06:42:36.824Z, 256.80476899999996, 213.69241500000004
1714372956853, 2024-04-29T06:42:36.853Z, 250.1393412, 210.9543094
1714372956869, 2024-04-29T06:42:36.869Z, 241.89379079999998, 206.9670872
1714372956885, 2024-04-29T06:42:36.885Z, 232.67859140000002, 202.48760620000002
1714372956901, 2024-04-29T06:42:36.901Z, 223.8966972, 196.354534
1714372956916, 2024-04-29T06:42:36.916Z, 214.18672999999998, 189.8347222
1714372956932, 2024-04-29T06:42:36.932Z, 208.139462, 186.4046024
1714372956949, 2024-04-29T06:42:36.949Z, 204.567421, 185.377187
1714372956963, 2024-04-29T06:42:36.963Z, 201.83832660000002, 183.921402
1714372956978, 2024-04-29T06:42:36.978Z, 192.56661219999998, 182.8493664
1714372956993, 2024-04-29T06:42:36.993Z, 183.5590418, 183.853759
1714372957018, 2024-04-29T06:42:37.018Z, 174.65146520000002, 185.154764
1714372957032, 2024-04-29T06:42:37.032Z, 164.3749902, 184.933311
1714372957045, 2024-04-29T06:42:37.045Z, 153.9457296, 185.70575300000002
1714372957062, 2024-04-29T06:42:37.062Z, 149.5528738, 187.8760674
1714372957077, 2024-04-29T06:42:37.077Z, 147.53588599999998, 188.2729838
1714372957090, 2024-04-29T06:42:37.090Z, 146.95078600000002, 188.96759839999999
1714372957107, 2024-04-29T06:42:37.107Z, 147.651037, 190.4400028
1714372957121, 2024-04-29T06:42:37.121Z, 149.88166, 192.9244606
1714372957135, 2024-04-29T06:42:37.135Z, 152.841577, 194.37668119999998
1714372957168, 2024-04-29T06:42:37.168Z, 155.5384236, 196.9567524
1714372957180, 2024-04-29T06:42:37.180Z, 157.44988840000002, 199.6099888
1714372957212, 2024-04-29T06:42:37.212Z, 160.74961720000002, 202.9400372
1714372957226, 2024-04-29T06:42:37.226Z, 162.83915940000003, 205.01797460000003
1714372957258, 2024-04-29T06:42:37.258Z, 169.6288862, 208.8867958
1714372957273, 2024-04-29T06:42:37.273Z, 181.4204686, 214.76096359999997
1714372957318, 2024-04-29T06:42:37.318Z, 198.35287440000002, 222.14893559999996
1714372957332, 2024-04-29T06:42:37.332Z, 213.29511340000005, 227.8910448
1714372957348, 2024-04-29T06:42:37.348Z, 226.7386412, 232.61880220000003
1714372957366, 2024-04-29T06:42:37.366Z, 234.1603122, 236.0436564
1714372957385, 2024-04-29T06:42:37.385Z, 235.73335979999996, 236.7671844
1714372957398, 2024-04-29T06:42:37.398Z, 231.42309800000004, 234.5612694
1714372957413, 2024-04-29T06:42:37.413Z, 226.6104448, 232.4938606
1714372957429, 2024-04-29T06:42:37.429Z, 224.90377439999997, 226.9501836
1714372957445, 2024-04-29T06:42:37.445Z, 226.4749038, 223.06470439999998
1714372957468, 2024-04-29T06:42:37.468Z, 371.7980678, 251.8549782
1714372957482, 2024-04-29T06:42:37.482Z, 525.9769904000001, 283.89434739999996
1714372957499, 2024-04-29T06:42:37.499Z, 708.5432676, 330.7465948
1714372957522, 2024-04-29T06:42:37.522Z, 893.0997356, 382.78178339999994
1714372957538, 2024-04-29T06:42:37.538Z, 1070.9943621999998, 429.0489062
1714372957554, 2024-04-29T06:42:37.554Z, 1113.310689, 445.7376158
1714372957570, 2024-04-29T06:42:37.570Z, 1148.6980251999998, 461.48434960000003
1714372957586, 2024-04-29T06:42:37.586Z, 1157.6415658, 460.7091154
1714372957634, 2024-04-29T06:42:37.634Z, 1167.404612, 454.84193579999993
1714372957649, 2024-04-29T06:42:37.649Z, 1179.7129570000002, 448.97937440000004
1714372957665, 2024-04-29T06:42:37.665Z, 1181.1529876, 439.84574380000004
1714372957681, 2024-04-29T06:42:37.681Z, 1178.4622596000002, 427.16100880000005
1714372957696, 2024-04-29T06:42:37.696Z, 1173.4952186, 416.2814972
1714372957712, 2024-04-29T06:42:37.712Z, 1163.0701848, 409.527837
1714372957728, 2024-04-29T06:42:37.728Z, 1153.586558, 406.5635416
1714372957743, 2024-04-29T06:42:37.743Z, 1146.5066092000002, 405.0531104
1714372957767, 2024-04-29T06:42:37.767Z, 1142.3638717999997, 404.9263212
1714372957782, 2024-04-29T06:42:37.782Z, 1139.8262694, 405.2852236
1714372957796, 2024-04-29T06:42:37.796Z, 1137.7072945999998, 404.9272306
1714372957811, 2024-04-29T06:42:37.811Z, 1137.3783763999998, 406.69880420000004
1714372957827, 2024-04-29T06:42:37.827Z, 1138.5090919999998, 410.2191094
1714372957842, 2024-04-29T06:42:37.842Z, 1140.6481941999998, 415.62382800000006
1714372957856, 2024-04-29T06:42:37.856Z, 1142.4267955999999, 421.0961958
1714372957872, 2024-04-29T06:42:37.872Z, 1145.0156078, 427.46532160000004
1714372957902, 2024-04-29T06:42:37.902Z, 1147.0875654, 431.88694619999995
1714372957918, 2024-04-29T06:42:37.918Z, 1149.5607226, 434.6957098
1714372957934, 2024-04-29T06:42:37.934Z, 1151.1387444, 436.0511724
1714372957951, 2024-04-29T06:42:37.951Z, 1155.1787792, 437.31856580000004
1714372957965, 2024-04-29T06:42:37.965Z, 1165.4289984000002, 438.559062
1714372957981, 2024-04-29T06:42:37.981Z, 1181.1911216, 439.4459336
1714372957997, 2024-04-29T06:42:37.997Z, 1196.9293072, 438.8926828
1714372958013, 2024-04-29T06:42:38.013Z, 1216.5519861999999, 438.65225820000006
1714372958030, 2024-04-29T06:42:38.030Z, 1234.7640878, 437.96673739999994
1714372958046, 2024-04-29T06:42:38.046Z, 1248.7704497999998, 437.9755642
1714372958068, 2024-04-29T06:42:38.068Z, 1259.637529, 438.9465552
1714372958081, 2024-04-29T06:42:38.081Z, 1271.2565242, 439.4862828
1714372958102, 2024-04-29T06:42:38.102Z, 1279.6150988000002, 440.2564842
1714372958113, 2024-04-29T06:42:38.113Z, 1287.63445, 440.97150280000005
1714372958139, 2024-04-29T06:42:38.139Z, 1293.6798838, 440.9806097999999
1714372958155, 2024-04-29T06:42:38.155Z, 1296.8089688000002, 441.4247204
1714372958171, 2024-04-29T06:42:38.171Z, 1298.7249160000001, 442.2783658
1714372958187, 2024-04-29T06:42:38.187Z, 1300.2179716, 442.62705559999995
1714372958202, 2024-04-29T06:42:38.202Z, 1299.9638338, 444.4493294
1714372958219, 2024-04-29T06:42:38.219Z, 1299.9081922, 445.53686799999997
1714372958234, 2024-04-29T06:42:38.234Z, 1300.8516829999999, 446.0557668
1714372958250, 2024-04-29T06:42:38.250Z, 1299.6185698, 447.4206464
1714372958266, 2024-04-29T06:42:38.266Z, 1290.1594546000001, 445.84853979999997
1714372958282, 2024-04-29T06:42:38.282Z, 1280.2426179999998, 441.7836128
1714372958297, 2024-04-29T06:42:38.297Z, 1269.7969005999998, 439.0670428
1714372958313, 2024-04-29T06:42:38.313Z, 1259.074788, 437.9429994
1714372958329, 2024-04-29T06:42:38.329Z, 1249.995751, 436.2056248
1714372958345, 2024-04-29T06:42:38.345Z, 1248.5703162, 437.4254828
1714372958369, 2024-04-29T06:42:38.369Z, 1249.5730146, 439.6690684
1714372958383, 2024-04-29T06:42:38.383Z, 1251.62763, 440.6212146
1714372958396, 2024-04-29T06:42:38.396Z, 1253.0348426, 439.27405
1714372958413, 2024-04-29T06:42:38.413Z, 1254.366666, 437.39986600000003
1714372958428, 2024-04-29T06:42:38.428Z, 1255.0246802, 435.62267119999996
1714372958441, 2024-04-29T06:42:38.441Z, 1255.4771976, 437.5552786
1714372958458, 2024-04-29T06:42:38.458Z, 1254.9684606, 439.9783292
1714372958473, 2024-04-29T06:42:38.473Z, 1255.7709455999998, 441.5076152
1714372958487, 2024-04-29T06:42:38.487Z, 1256.7350652, 443.48736640000004
1714372958518, 2024-04-29T06:42:38.518Z, 1260.9253457999998, 445.6417359999999
1714372958534, 2024-04-29T06:42:38.534Z, 1263.830839, 444.76546500000006
1714372958550, 2024-04-29T06:42:38.550Z, 1267.4221936, 442.22122900000005
1714372958566, 2024-04-29T06:42:38.566Z, 1269.5925808, 441.2679392
1714372958581, 2024-04-29T06:42:38.581Z, 1271.4958212, 440.2613314
1714372958597, 2024-04-29T06:42:38.597Z, 1269.538222, 438.9968572000001
1714372958613, 2024-04-29T06:42:38.613Z, 1264.8128585999998, 436.3947562
1714372958628, 2024-04-29T06:42:38.628Z, 1250.5360292, 435.2726182
1714372958644, 2024-04-29T06:42:38.644Z, 1230.831768, 434.36730179999995
1714372958667, 2024-04-29T06:42:38.667Z, 1209.0001889999999, 434.1026802
1714372958691, 2024-04-29T06:42:38.691Z, 1186.0862392, 434.5613918
1714372958706, 2024-04-29T06:42:38.706Z, 1162.204645, 436.9377222
1714372958722, 2024-04-29T06:42:38.722Z, 1143.9461042, 442.957989
1714372958739, 2024-04-29T06:42:38.739Z, 1130.4558374, 449.30139820000005
1714372958754, 2024-04-29T06:42:38.754Z, 1116.5943542, 452.75645380000003
1714372958769, 2024-04-29T06:42:38.769Z, 1105.953364, 455.04188439999996
1714372958786, 2024-04-29T06:42:38.786Z, 1100.3472096, 456.0424874
1714372958802, 2024-04-29T06:42:38.802Z, 1098.5227816, 453.4468346
1714372958820, 2024-04-29T06:42:38.820Z, 1098.2606306, 447.6599396
1714372958833, 2024-04-29T06:42:38.833Z, 1100.7097026, 444.01828559999996
1714372958849, 2024-04-29T06:42:38.849Z, 1102.7806162000002, 440.96373600000004
1714372958865, 2024-04-29T06:42:38.865Z, 1104.3964374000002, 438.15580680000005
1714372958880, 2024-04-29T06:42:38.880Z, 1105.3127597999999, 435.1110044
1714372958895, 2024-04-29T06:42:38.895Z, 1105.7628734, 434.0341512
1714372958911, 2024-04-29T06:42:38.911Z, 1106.2047376, 432.6333522
1714372958926, 2024-04-29T06:42:38.926Z, 1106.1230464, 431.25107740000004
1714372958942, 2024-04-29T06:42:38.942Z, 1105.2605621999999, 429.9817186
1714372958968, 2024-04-29T06:42:38.968Z, 1103.9807654, 429.59199979999994
1714372958981, 2024-04-29T06:42:38.981Z, 1103.361408, 430.47377900000004
1714372959012, 2024-04-29T06:42:39.012Z, 1106.9013117999998, 432.7407397999999
1714372959027, 2024-04-29T06:42:39.027Z, 1109.152708, 436.6520326000001
1714372959057, 2024-04-29T06:42:39.057Z, 1125.1951628, 442.4685928
1714372959070, 2024-04-29T06:42:39.070Z, 1145.0437041999999, 448.55428859999995
1714372959116, 2024-04-29T06:42:39.116Z, 1177.7321889999998, 456.0485676
1714372959146, 2024-04-29T06:42:39.146Z, 1206.239243, 462.1269158
1714372959162, 2024-04-29T06:42:39.162Z, 1235.6202328, 465.4908244
1714372959177, 2024-04-29T06:42:39.177Z, 1249.9558769999999, 467.7380692
1714372959193, 2024-04-29T06:42:39.193Z, 1260.8775232, 469.0894302
1714372959208, 2024-04-29T06:42:39.208Z, 1256.469277, 468.4558644
1714372959224, 2024-04-29T06:42:39.224Z, 1252.3610264000001, 468.01156679999997
1714372959239, 2024-04-29T06:42:39.239Z, 1245.657134, 468.6089472
1714372959268, 2024-04-29T06:42:39.268Z, 1239.9502266, 467.3396836
1714372959282, 2024-04-29T06:42:39.282Z, 1234.6507892, 465.69427299999995
1714372959301, 2024-04-29T06:42:39.301Z, 1231.3641248, 463.33141779999994
1714372959317, 2024-04-29T06:42:39.317Z, 1227.4014269999998, 461.3532305999999
1714372959333, 2024-04-29T06:42:39.333Z, 1225.1087632, 459.38489660000005
1714372959348, 2024-04-29T06:42:39.348Z, 1223.3173732, 458.27337000000006
1714372959364, 2024-04-29T06:42:39.364Z, 1220.6821186, 457.43887800000005
1714372959380, 2024-04-29T06:42:39.380Z, 1216.8917442, 455.5321376
1714372959395, 2024-04-29T06:42:39.395Z, 1212.6624382, 453.8219708
1714372959418, 2024-04-29T06:42:39.418Z, 1208.4784454, 451.69995120000004
1714372959431, 2024-04-29T06:42:39.431Z, 1201.645113, 449.24344540000004
1714372959447, 2024-04-29T06:42:39.447Z, 1189.9258610000002, 446.19226260000005
1714372959462, 2024-04-29T06:42:39.462Z, 1178.3791618, 444.7405597999999
1714372959476, 2024-04-29T06:42:39.476Z, 1164.2837459999998, 444.5620914
1714372959495, 2024-04-29T06:42:39.495Z, 1147.8118696000001, 446.2948352
1714372959507, 2024-04-29T06:42:39.507Z, 1131.1937192, 449.5685136
1714372959521, 2024-04-29T06:42:39.521Z, 1119.2961594, 454.4256724
1714372959540, 2024-04-29T06:42:39.540Z, 1107.7104384, 460.6240044
1714372959567, 2024-04-29T06:42:39.567Z, 1098.611045, 466.1384938
1714372959585, 2024-04-29T06:42:39.585Z, 1092.3718198000001, 471.33927800000004
1714372959601, 2024-04-29T06:42:39.601Z, 1089.2364064, 475.34894460000004
1714372959617, 2024-04-29T06:42:39.617Z, 1086.951092, 478.10789439999996
1714372959632, 2024-04-29T06:42:39.632Z, 1085.82833, 476.99057000000005
1714372959648, 2024-04-29T06:42:39.648Z, 1084.9381234, 476.1864616
1714372959663, 2024-04-29T06:42:39.663Z, 1085.2165398000002, 474.073316
1714372959679, 2024-04-29T06:42:39.679Z, 1085.7525678, 471.68723579999994
1714372959695, 2024-04-29T06:42:39.695Z, 1087.3650352, 469.06317800000005
1714372959727, 2024-04-29T06:42:39.727Z, 1088.6374596, 469.63611899999995
1714372959742, 2024-04-29T06:42:39.742Z, 1090.0309696, 469.96918459999995
1714372959758, 2024-04-29T06:42:39.758Z, 1091.1008176, 470.8390402
1714372959774, 2024-04-29T06:42:39.774Z, 1091.5704086, 472.8009082
1714372959790, 2024-04-29T06:42:39.790Z, 1090.1889868, 477.03476200000006
1714372959806, 2024-04-29T06:42:39.806Z, 1089.054823, 479.20206360000003
1714372959822, 2024-04-29T06:42:39.822Z, 1088.80885, 479.60079379999996
1714372959837, 2024-04-29T06:42:39.837Z, 1089.0444590000002, 478.82573379999997
1714372959853, 2024-04-29T06:42:39.853Z, 1090.1573524, 476.24620940000005
1714372959872, 2024-04-29T06:42:39.872Z, 1093.2093756000002, 470.01516159999994
1714372959885, 2024-04-29T06:42:39.885Z, 1095.710437, 464.9959723999999
1714372959901, 2024-04-29T06:42:39.901Z, 1097.2901654000002, 460.773587
1714372959917, 2024-04-29T06:42:39.917Z, 1097.9911177999998, 457.18738299999995
1714372959933, 2024-04-29T06:42:39.933Z, 1098.0077698, 455.6122034
1714372959949, 2024-04-29T06:42:39.949Z, 1096.8060765999999, 457.19246839999994
1714372959964, 2024-04-29T06:42:39.964Z, 1095.9042021999999, 459.31627760000003
1714372959980, 2024-04-29T06:42:39.980Z, 1095.8439266, 463.61966199999995
1714372959995, 2024-04-29T06:42:39.995Z, 1096.6791434, 470.0989518
1714372960018, 2024-04-29T06:42:40.018Z, 1098.0770201999999, 473.0395694
1714372960034, 2024-04-29T06:42:40.034Z, 1100.0167376, 474.3075674
1714372960048, 2024-04-29T06:42:40.048Z, 1103.1936885999999, 474.47170800000004
1714372960075, 2024-04-29T06:42:40.075Z, 1109.5328061999999, 474.6633466
1714372960091, 2024-04-29T06:42:40.091Z, 1120.3229864, 473.32813239999996
1714372960107, 2024-04-29T06:42:40.107Z, 1129.8936132, 474.002002
1714372960121, 2024-04-29T06:42:40.121Z, 1139.9249174000001, 475.946131
1714372960137, 2024-04-29T06:42:40.137Z, 1150.3194523999998, 479.93247740000004
1714372960152, 2024-04-29T06:42:40.152Z, 1158.6650026, 481.911722
1714372960168, 2024-04-29T06:42:40.168Z, 1162.3700866, 482.9239616000001
1714372960183, 2024-04-29T06:42:40.183Z, 1167.2311432000001, 480.5548576000001
1714372960199, 2024-04-29T06:42:40.199Z, 1172.2975701999999, 477.24660359999996
1714372960215, 2024-04-29T06:42:40.215Z, 1175.5444142, 471.4153184
1714372960230, 2024-04-29T06:42:40.230Z, 1176.7540596000003, 466.066654
1714372960245, 2024-04-29T06:42:40.245Z, 1177.5652392000002, 462.20978560000003
1714372960261, 2024-04-29T06:42:40.261Z, 1178.6256184, 462.7163976
1714372960277, 2024-04-29T06:42:40.277Z, 1179.1350247999999, 464.1561701999999
1714372960292, 2024-04-29T06:42:40.292Z, 1180.3723559999999, 466.9048358
1714372960318, 2024-04-29T06:42:40.318Z, 1182.2573446, 470.6567728
1714372960331, 2024-04-29T06:42:40.331Z, 1184.7908846, 473.2028257999999
1714372960347, 2024-04-29T06:42:40.347Z, 1191.7175174, 476.330473
1714372960362, 2024-04-29T06:42:40.362Z, 1197.2109894, 478.40873839999995
1714372960375, 2024-04-29T06:42:40.375Z, 1208.5070252, 479.1770544
1714372960392, 2024-04-29T06:42:40.392Z, 1222.403543, 477.72618700000004
1714372960418, 2024-04-29T06:42:40.418Z, 1237.3994782, 474.9709626
1714372960433, 2024-04-29T06:42:40.433Z, 1247.9559849999998, 467.80263640000004
1714372960449, 2024-04-29T06:42:40.449Z, 1259.8255106, 461.1706929999999
1714372960467, 2024-04-29T06:42:40.467Z, 1265.2619499999998, 456.7410952
1714372960487, 2024-04-29T06:42:40.487Z, 1268.3096277999998, 452.86219719999997
1714372960513, 2024-04-29T06:42:40.513Z, 1269.7172581999998, 449.81118799999996
1714372960528, 2024-04-29T06:42:40.528Z, 1269.5573612, 448.8112198
1714372960545, 2024-04-29T06:42:40.546Z, 1268.8635736, 447.3555138
1714372960560, 2024-04-29T06:42:40.560Z, 1268.43073, 444.1250244
1714372960575, 2024-04-29T06:42:40.575Z, 1268.0059792, 440.131438
1714372960591, 2024-04-29T06:42:40.591Z, 1267.7161396000001, 436.19439299999993
1714372960618, 2024-04-29T06:42:40.618Z, 1268.0274666, 434.1543528
1714372960633, 2024-04-29T06:42:40.633Z, 1267.9320824, 433.3183338
1714372960645, 2024-04-29T06:42:40.645Z, 1267.2933123999999, 434.384052
1714372960662, 2024-04-29T06:42:40.662Z, 1266.7504388000002, 436.79140939999996
1714372960676, 2024-04-29T06:42:40.676Z, 1266.1077884000001, 440.02130460000006
1714372960690, 2024-04-29T06:42:40.690Z, 1265.8288328, 442.57550340000006
1714372960706, 2024-04-29T06:42:40.706Z, 1266.2824366, 443.9454866
1714372960722, 2024-04-29T06:42:40.722Z, 1267.0015358, 443.8098468
1714372960736, 2024-04-29T06:42:40.736Z, 1268.3685302, 440.89392
1714372960768, 2024-04-29T06:42:40.768Z, 1270.2796186, 435.94580799999994
1714372960781, 2024-04-29T06:42:40.781Z, 1271.9441730000003, 430.60134159999996
1714372960797, 2024-04-29T06:42:40.797Z, 1273.1053842000001, 424.85549579999997
1714372960812, 2024-04-29T06:42:40.812Z, 1273.57193, 419.5228714
1714372960827, 2024-04-29T06:42:40.827Z, 1272.3463132000002, 416.6824892000001
1714372960847, 2024-04-29T06:42:40.847Z, 1270.8978378, 415.5514346
1714372960857, 2024-04-29T06:42:40.857Z, 1270.5914739999998, 414.7902986
1714372960870, 2024-04-29T06:42:40.870Z, 1270.2648723999998, 415.23790979999995
1714372960887, 2024-04-29T06:42:40.887Z, 1270.3693002, 415.77921580000003
1714372960918, 2024-04-29T06:42:40.918Z, 1271.2535656, 416.4565236
1714372960934, 2024-04-29T06:42:40.934Z, 1271.5533518, 416.76390019999997
1714372960949, 2024-04-29T06:42:40.949Z, 1271.4429814, 418.0610424
1714372960964, 2024-04-29T06:42:40.964Z, 1271.4996059999999, 418.5948722
1714372960979, 2024-04-29T06:42:40.979Z, 1272.1696102, 418.86284779999994
1714372960994, 2024-04-29T06:42:40.994Z, 1272.3121882, 419.07435999999996
1714372961010, 2024-04-29T06:42:41.010Z, 1272.9631256, 419.72564320000004
1714372961042, 2024-04-29T06:42:41.042Z, 1273.1392094, 419.6592817999999
1714372961070, 2024-04-29T06:42:41.070Z, 1273.1014920000002, 421.68855239999994
1714372961083, 2024-04-29T06:42:41.083Z, 1272.6896134000003, 423.5532422
1714372961097, 2024-04-29T06:42:41.097Z, 1272.8434298, 424.5864834
1714372961112, 2024-04-29T06:42:41.112Z, 1275.3483842, 423.7158278
1714372961131, 2024-04-29T06:42:41.131Z, 1280.0185478, 422.15150459999995
1714372961151, 2024-04-29T06:42:41.151Z, 1288.6465168, 420.2630612
1714372961166, 2024-04-29T06:42:41.166Z, 1300.2872143999998, 419.33167999999995
1714372961182, 2024-04-29T06:42:41.182Z, 1310.3263623999999, 418.25147179999993
1714372961198, 2024-04-29T06:42:41.198Z, 1318.5998218, 418.9925902
1714372961218, 2024-04-29T06:42:41.218Z, 1336.0697226, 423.19262800000007
1714372961231, 2024-04-29T06:42:41.231Z, 1350.2845756, 426.04299740000005
1714372961246, 2024-04-29T06:42:41.246Z, 1360.8311761999998, 427.71425259999995
1714372961276, 2024-04-29T06:42:41.276Z, 1371.9814973999999, 430.4526102
1714372961292, 2024-04-29T06:42:41.292Z, 1364.1318482, 434.2870686
1714372961324, 2024-04-29T06:42:41.324Z, 1344.7112984, 432.21182239999996
1714372961340, 2024-04-29T06:42:41.340Z, 1325.8629678, 431.6520632
1714372961367, 2024-04-29T06:42:41.367Z, 1294.6206146, 427.09842419999995
1714372961382, 2024-04-29T06:42:41.382Z, 1252.2088546, 424.393905
1714372961418, 2024-04-29T06:42:41.418Z, 1218.36724, 432.256338
1714372961432, 2024-04-29T06:42:41.432Z, 1187.2576046, 440.07051040000005
1714372961448, 2024-04-29T06:42:41.448Z, 1155.1611788, 445.1362456
1714372961464, 2024-04-29T06:42:41.464Z, 1136.9460243999997, 451.99612319999994
1714372961479, 2024-04-29T06:42:41.479Z, 1131.1444284, 455.1315522
1714372961495, 2024-04-29T06:42:41.495Z, 1134.4945288, 445.56646259999997
1714372961518, 2024-04-29T06:42:41.518Z, 1134.6505314, 438.0957178
1714372961541, 2024-04-29T06:42:41.541Z, 1134.814843, 432.1287394
1714372961556, 2024-04-29T06:42:41.556Z, 1122.334093, 427.72554499999995
1714372961571, 2024-04-29T06:42:41.571Z, 954.3361344000001, 411.02167959999997
1714372961587, 2024-04-29T06:42:41.587Z, 783.5296387999999, 395.0843616
1714372961603, 2024-04-29T06:42:41.603Z, 610.6566308, 380.0523054
1714372961619, 2024-04-29T06:42:41.619Z, 436.1435386, 364.2844838
1714372961635, 2024-04-29T06:42:41.635Z, 273.5683538, 349.42139860000003
1714372961651, 2024-04-29T06:42:41.651Z, 267.2125112, 347.83247880000005
1714372961668, 2024-04-29T06:42:41.668Z, 264.3811186, 349.82558000000006
1714372961682, 2024-04-29T06:42:41.682Z, 263.69410880000004, 351.12920920000005
1714372961697, 2024-04-29T06:42:41.697Z, 263.4406396, 352.9490696
1714372961714, 2024-04-29T06:42:41.714Z, 259.4805856, 353.8530492
1714372961729, 2024-04-29T06:42:41.729Z, 250.41352079999996, 354.8632196
1714372961747, 2024-04-29T06:42:41.747Z, 237.66542479999998, 352.118013
1714372961760, 2024-04-29T06:42:41.760Z, 225.0538242, 350.22694319999994
1714372961776, 2024-04-29T06:42:41.776Z, 212.82243740000004, 348.11539239999996
1714372961792, 2024-04-29T06:42:41.792Z, 193.7260598, 348.5136814
1714372961816, 2024-04-29T06:42:41.816Z, 178.96021580000001, 347.94967019999996
1714372961832, 2024-04-29T06:42:41.832Z, 168.310806, 350.815601
1714372961854, 2024-04-29T06:42:41.854Z, 158.2278348, 354.554078
1714372961869, 2024-04-29T06:42:41.869Z, 148.60433419999998, 358.07924600000007
1714372961885, 2024-04-29T06:42:41.885Z, 148.82215180000003, 360.0180378
1714372961901, 2024-04-29T06:42:41.901Z, 148.81640339999998, 363.03527620000006
1714372961917, 2024-04-29T06:42:41.917Z, 148.29854540000002, 362.3319628
1714372961933, 2024-04-29T06:42:41.933Z, 159.1579372, 360.55202760000003
1714372961947, 2024-04-29T06:42:41.947Z, 171.94333260000002, 359.40457299999997
1714372961967, 2024-04-29T06:42:41.967Z, 346.5338434, 399.16563940000003
1714372961994, 2024-04-29T06:42:41.994Z, 540.0960894, 448.40942400000006
1714372962011, 2024-04-29T06:42:42.011Z, 740.1225440000001, 502.17401060000003
1714372962027, 2024-04-29T06:42:42.027Z, 929.4969889999999, 554.766505
1714372962042, 2024-04-29T06:42:42.042Z, 1140.213509, 621.4144688
1714372962058, 2024-04-29T06:42:42.058Z, 1195.82706, 652.812783
1714372962073, 2024-04-29T06:42:42.073Z, 1227.3119342, 674.2972010000001
1714372962089, 2024-04-29T06:42:42.089Z, 1254.2723526000002, 690.4867548
1714372962117, 2024-04-29T06:42:42.117Z, 1280.8147618, 707.3217692000001
1714372962131, 2024-04-29T06:42:42.131Z, 1283.6212796, 708.5723943999999
1714372962146, 2024-04-29T06:42:42.146Z, 1277.7911, 703.906013
1714372962169, 2024-04-29T06:42:42.169Z, 1268.4680546, 697.0337002
1714372962184, 2024-04-29T06:42:42.184Z, 1249.588373, 687.8142998000001
1714372962200, 2024-04-29T06:42:42.200Z, 1224.8271295999998, 677.424186
1714372962215, 2024-04-29T06:42:42.215Z, 1199.617442, 668.1730372
1714372962231, 2024-04-29T06:42:42.231Z, 1176.0267346, 657.5981519999999
1714372962248, 2024-04-29T06:42:42.248Z, 1159.7489271999998, 647.8043046
1714372962267, 2024-04-29T06:42:42.267Z, 1149.4942144000001, 640.964933
1714372962282, 2024-04-29T06:42:42.282Z, 1144.4009686000002, 635.3734844
1714372962326, 2024-04-29T06:42:42.326Z, 1141.7129983999998, 627.1241418
1714372962341, 2024-04-29T06:42:42.341Z, 1139.1162725999998, 616.3184314
1714372962373, 2024-04-29T06:42:42.373Z, 1141.8508041999999, 604.9590278
1714372962388, 2024-04-29T06:42:42.388Z, 1145.3286904000001, 594.8861883999999
1714372962419, 2024-04-29T06:42:42.419Z, 1145.3403561999999, 591.7551098
1714372962435, 2024-04-29T06:42:42.435Z, 1143.6609444, 594.5211390000001
1714372962450, 2024-04-29T06:42:42.450Z, 1142.5133289999999, 598.2671338
1714372962466, 2024-04-29T06:42:42.466Z, 1134.1774917999999, 609.3796112
1714372962482, 2024-04-29T06:42:42.482Z, 1127.3702561999999, 621.554124
1714372962498, 2024-04-29T06:42:42.498Z, 1125.5108222, 629.0994336
1714372962514, 2024-04-29T06:42:42.514Z, 1126.3706032, 632.8242868
1714372962530, 2024-04-29T06:42:42.530Z, 1126.8164044, 640.7211828
1714372962546, 2024-04-29T06:42:42.546Z, 1130.1831776, 644.6106373999999
1714372962570, 2024-04-29T06:42:42.570Z, 1132.5497936, 648.4328892
1714372962582, 2024-04-29T06:42:42.582Z, 1133.4058532, 648.7142178
1714372962599, 2024-04-29T06:42:42.599Z, 1132.0783219999998, 650.483031
1714372962624, 2024-04-29T06:42:42.624Z, 1130.7550714, 650.2937543999999
1714372962640, 2024-04-29T06:42:42.640Z, 1129.0688691999999, 648.5766784
1714372962656, 2024-04-29T06:42:42.656Z, 1127.4822614, 645.1916708
1714372962672, 2024-04-29T06:42:42.672Z, 1126.2900154000001, 643.1016436
1714372962672, 2024-04-29T06:42:42.672Z, 1125.5535778, 638.7429878
1714372962688, 2024-04-29T06:42:42.688Z, 1127.5895408000001, 634.7717568
1714372962719, 2024-04-29T06:42:42.719Z, 1130.2538172, 631.5399436
1714372962734, 2024-04-29T06:42:42.734Z, 1134.0425744, 629.3409498000001
1714372962750, 2024-04-29T06:42:42.750Z, 1134.838829, 629.0061506
1714372962766, 2024-04-29T06:42:42.766Z, 1134.3433196, 629.8088426
1714372962782, 2024-04-29T06:42:42.782Z, 1130.1988293999998, 631.4997516000001
1714372962798, 2024-04-29T06:42:42.798Z, 1127.1482642, 632.1308272
1714372962814, 2024-04-29T06:42:42.814Z, 1124.1816386, 631.0556157999999
1714372962829, 2024-04-29T06:42:42.829Z, 1124.4728546000001, 631.1329416
1714372962844, 2024-04-29T06:42:42.844Z, 1125.7998692, 629.8870178
1714372962868, 2024-04-29T06:42:42.868Z, 1128.7235718, 629.0932834
1714372962882, 2024-04-29T06:42:42.882Z, 1128.6145735999999, 630.7445564
1714372962895, 2024-04-29T06:42:42.895Z, 1126.7637562, 633.9405424
1714372962913, 2024-04-29T06:42:42.913Z, 1124.0951182000001, 635.1582041999999
1714372962939, 2024-04-29T06:42:42.939Z, 1121.3341744, 637.1465774000001
1714372962955, 2024-04-29T06:42:42.955Z, 1118.5174502, 638.1599016
1714372962970, 2024-04-29T06:42:42.970Z, 1117.5861914000002, 637.3319152
1714372962986, 2024-04-29T06:42:42.986Z, 1117.5468342, 636.8541149999999
1714372963018, 2024-04-29T06:42:43.018Z, 1119.2553838, 635.0014506
1714372963034, 2024-04-29T06:42:43.034Z, 1124.3584170000001, 634.694788
1714372963050, 2024-04-29T06:42:43.050Z, 1141.2741012000001, 636.5458554
1714372963065, 2024-04-29T06:42:43.065Z, 1158.6984874, 638.4048954
1714372963081, 2024-04-29T06:42:43.081Z, 1176.4937447999998, 639.315662
1714372963096, 2024-04-29T06:42:43.096Z, 1191.4458848, 640.0341194
1714372963112, 2024-04-29T06:42:43.112Z, 1203.1588770000003, 639.4966932
1714372963128, 2024-04-29T06:42:43.128Z, 1202.1613594, 637.4196234
1714372963143, 2024-04-29T06:42:43.143Z, 1199.5431552000002, 635.3283908
1714372963172, 2024-04-29T06:42:43.172Z, 1194.100551, 634.443462
1714372963190, 2024-04-29T06:42:43.190Z, 1188.9459080000001, 636.7244926
1714372963205, 2024-04-29T06:42:43.205Z, 1177.6407898, 644.228535
1714372963220, 2024-04-29T06:42:43.220Z, 1167.4496746, 651.277649
1714372963236, 2024-04-29T06:42:43.236Z, 1159.9446318, 658.0087940000001
1714372963252, 2024-04-29T06:42:43.252Z, 1154.361502, 663.7338008
1714372963268, 2024-04-29T06:42:43.268Z, 1147.1467504, 669.2936598
1714372963284, 2024-04-29T06:42:43.284Z, 1145.5291395999998, 669.8020122
1714372963300, 2024-04-29T06:42:43.300Z, 1143.6926722, 670.2529894
1714372963319, 2024-04-29T06:42:43.319Z, 1139.617645, 670.9818672
1714372963333, 2024-04-29T06:42:43.333Z, 1135.6020558, 671.2541576
1714372963348, 2024-04-29T06:42:43.348Z, 1133.6586652, 668.6846276
1714372963364, 2024-04-29T06:42:43.364Z, 1131.1941204, 666.3665215999999
1714372963381, 2024-04-29T06:42:43.381Z, 1127.0587894, 664.5773306
1714372963396, 2024-04-29T06:42:43.396Z, 1123.9597211999999, 663.5513552
1714372963412, 2024-04-29T06:42:43.412Z, 1120.9409508, 663.0649168
1714372963428, 2024-04-29T06:42:43.428Z, 1118.3953596, 663.312806
1714372963443, 2024-04-29T06:42:43.443Z, 1116.2420976, 663.8751752
1714372963469, 2024-04-29T06:42:43.469Z, 1115.4266306, 664.4201872
1714372963481, 2024-04-29T06:42:43.481Z, 1113.9287092, 664.8819378
1714372963498, 2024-04-29T06:42:43.498Z, 1112.2632866000001, 664.8357642
1714372963513, 2024-04-29T06:42:43.513Z, 1110.4716666, 664.9600152
1714372963530, 2024-04-29T06:42:43.530Z, 1108.723099, 664.6207176
1714372963555, 2024-04-29T06:42:43.555Z, 1107.1274984, 664.3515949999999
1714372963571, 2024-04-29T06:42:43.571Z, 1105.3279476, 664.9480076
1714372963587, 2024-04-29T06:42:43.587Z, 1103.5948794, 666.191892
1714372963602, 2024-04-29T06:42:43.602Z, 1102.6892582, 668.6539316000001
1714372963619, 2024-04-29T06:42:43.619Z, 1102.2928497999999, 671.8281908000001
1714372963634, 2024-04-29T06:42:43.634Z, 1101.4867927999999, 674.170296
1714372963651, 2024-04-29T06:42:43.651Z, 1100.4763488, 673.6735468
1714372963667, 2024-04-29T06:42:43.667Z, 1099.6170654, 672.4468322
1714372963682, 2024-04-29T06:42:43.682Z, 1098.6413578, 669.6222576
1714372963699, 2024-04-29T06:42:43.699Z, 1097.0121326, 666.3797842
1714372963714, 2024-04-29T06:42:43.714Z, 1095.8321244, 664.3643380000001
1714372963729, 2024-04-29T06:42:43.729Z, 1095.083597, 664.5911654
1714372963745, 2024-04-29T06:42:43.745Z, 1094.8452694, 665.1730942
1714372963768, 2024-04-29T06:42:43.768Z, 1093.9341452, 665.3127296
1714372963792, 2024-04-29T06:42:43.792Z, 1093.7963388, 665.7215436
1714372963809, 2024-04-29T06:42:43.809Z, 1093.3722946, 665.183174
1714372963824, 2024-04-29T06:42:43.824Z, 1093.2371036, 664.2308804
1714372963840, 2024-04-29T06:42:43.840Z, 1093.4919896, 662.2972533999999
1714372963857, 2024-04-29T06:42:43.857Z, 1094.8973576, 660.2148764
1714372963874, 2024-04-29T06:42:43.874Z, 1096.2229946, 658.3161762
1714372963888, 2024-04-29T06:42:43.888Z, 1098.3430696, 657.1390388
1714372963918, 2024-04-29T06:42:43.918Z, 1104.7110908, 662.3111954
1714372963950, 2024-04-29T06:42:43.950Z, 1109.6097194000001, 666.034785
1714372963965, 2024-04-29T06:42:43.965Z, 1165.8810094, 690.4717008
1714372963981, 2024-04-29T06:42:43.981Z, 1226.3225504, 716.8598906
1714372963997, 2024-04-29T06:42:43.997Z, 1289.866131, 745.326511
1714372964030, 2024-04-29T06:42:44.030Z, 1350.4575606, 769.060194
1714372964045, 2024-04-29T06:42:44.045Z, 1410.484987, 797.6162542
1714372964067, 2024-04-29T06:42:44.067Z, 1420.6017068, 806.984491
1714372964086, 2024-04-29T06:42:44.086Z, 1426.7059492, 813.730066
1714372964124, 2024-04-29T06:42:44.124Z, 1433.217742, 818.2516764
1714372964140, 2024-04-29T06:42:44.140Z, 1437.9768422000002, 821.0101052
1714372964156, 2024-04-29T06:42:44.156Z, 1445.5952936, 820.0528027999999
1714372964177, 2024-04-29T06:42:44.177Z, 1452.475659, 816.7537156000001
1714372964188, 2024-04-29T06:42:44.188Z, 1458.7694732, 813.9590066
1714372964218, 2024-04-29T06:42:44.218Z, 1461.6105109999999, 810.8071752
1714372964232, 2024-04-29T06:42:44.232Z, 1464.0835898, 808.306641
1714372964245, 2024-04-29T06:42:44.245Z, 1465.113889, 806.9229236
1714372964263, 2024-04-29T06:42:44.263Z, 1462.9679468, 809.2745517999999
1714372964277, 2024-04-29T06:42:44.277Z, 1460.7825138, 811.1775318000001
1714372964298, 2024-04-29T06:42:44.298Z, 1458.1863627999999, 812.8129698
1714372964313, 2024-04-29T06:42:44.313Z, 1454.9847387999998, 813.8443808
1714372964329, 2024-04-29T06:42:44.329Z, 1451.9459846, 814.8467482
1714372964344, 2024-04-29T06:42:44.344Z, 1450.8113769999998, 813.9022328000001
1714372964370, 2024-04-29T06:42:44.370Z, 1452.2094484, 812.7179168
1714372964381, 2024-04-29T06:42:44.381Z, 1455.0703322000002, 810.4051729999999
1714372964397, 2024-04-29T06:42:44.397Z, 1462.0972288000003, 806.5207486000002
1714372964412, 2024-04-29T06:42:44.412Z, 1468.1472152000001, 803.2549358
1714372964438, 2024-04-29T06:42:44.438Z, 1472.2416576, 802.9554126
1714372964454, 2024-04-29T06:42:44.454Z, 1473.4010524, 804.2428282
1714372964470, 2024-04-29T06:42:44.470Z, 1473.9462617999998, 805.3996782
1714372964486, 2024-04-29T06:42:44.486Z, 1471.3843003999998, 809.3080699999999
1714372964502, 2024-04-29T06:42:44.502Z, 1470.3658191999998, 812.713042
1714372964533, 2024-04-29T06:42:44.533Z, 1472.2596872, 812.8993005999998
1714372964549, 2024-04-29T06:42:44.549Z, 1476.0304904, 812.0032623999999
1714372964565, 2024-04-29T06:42:44.565Z, 1330.1599196, 750.3163887999999
1714372964581, 2024-04-29T06:42:44.581Z, 1128.2027990000001, 665.1117348
1714372964597, 2024-04-29T06:42:44.597Z, 911.0331948, 575.328974
1714372964614, 2024-04-29T06:42:44.614Z, 669.297635, 477.5678608
1714372964628, 2024-04-29T06:42:44.628Z, 426.3241282, 377.9190184
1714372964644, 2024-04-29T06:42:44.644Z, 332.1746666, 340.5761064
1714372964668, 2024-04-29T06:42:44.668Z, 294.0553124, 327.03641619999996
1714372964682, 2024-04-29T06:42:44.682Z, 269.3454888, 316.5526792