1714372225836, 2024-04-29T06:30:25.836Z, 143.081377, 209.624499
1714372225852, 2024-04-29T06:30:25.852Z, 144.184673, 212.0706265
1714372225868, 2024-04-29T06:30:25.868Z, 145.01710666666668, 212.67306366666665
1714372225883, 2024-04-29T06:30:25.883Z, 145.98811475000002, 212.55221325
1714372225898, 2024-04-29T06:30:25.898Z, 146.3395992, 212.2104816
1714372225914, 2024-04-29T06:30:25.914Z, 145.858915, 211.6488514
1714372225939, 2024-04-29T06:30:25.939Z, 143.4553958, 209.22154140000004
1714372225952, 2024-04-29T06:30:25.952Z, 140.873534, 206.79115500000003
1714372225968, 2024-04-29T06:30:25.968Z, 134.5098682, 203.6342574
1714372225983, 2024-04-29T06:30:25.983Z, 128.5692774, 201.4977046
1714372225997, 2024-04-29T06:30:25.997Z, 124.6841854, 200.27511140000001
1714372226024, 2024-04-29T06:30:26.024Z, 122.471173, 200.000775
1714372226040, 2024-04-29T06:30:26.040Z, 120.025574, 200.1181698
1714372226055, 2024-04-29T06:30:26.055Z, 121.5190638, 201.6570216
1714372226071, 2024-04-29T06:30:26.071Z, 123.089548, 202.8275102
1714372226088, 2024-04-29T06:30:26.088Z, 124.5240214, 204.0867236
1714372226103, 2024-04-29T06:30:26.103Z, 128.23092379999997, 203.98068640000002
1714372226276, 2024-04-29T06:30:26.276Z, 258.9485648, 258.50162680000005
1714372226291, 2024-04-29T06:30:26.291Z, 385.9061638, 302.6435212
1714372226306, 2024-04-29T06:30:26.306Z, 512.5162327999999, 342.13670420000005
1714372226322, 2024-04-29T06:30:26.322Z, 638.6675022, 378.44137140000004
1714372226337, 2024-04-29T06:30:26.337Z, 762.8553978, 418.24357419999995
1714372226353, 2024-04-29T06:30:26.353Z, 760.2507774, 402.3085456
1714372226368, 2024-04-29T06:30:26.368Z, 764.105845, 400.292902
1714372226390, 2024-04-29T06:30:26.390Z, 765.3061664, 400.0395346
1714372226407, 2024-04-29T06:30:26.407Z, 765.6377097999999, 402.7433388
1714372226431, 2024-04-29T06:30:26.431Z, 761.6240906, 402.1366186
1714372226447, 2024-04-29T06:30:26.447Z, 752.1867020000001, 401.3284174
1714372226465, 2024-04-29T06:30:26.465Z, 713.7889592, 392.5765732
1714372226478, 2024-04-29T06:30:26.478Z, 677.5237628, 384.4674802
1714372226494, 2024-04-29T06:30:26.494Z, 642.4039712, 374.8803062
1714372226511, 2024-04-29T06:30:26.511Z, 604.2966323999999, 365.7780862
1714372226539, 2024-04-29T06:30:26.539Z, 570.1785964, 353.4976204
1714372226554, 2024-04-29T06:30:26.554Z, 561.1573044, 346.58168079999996
1714372226568, 2024-04-29T06:30:26.568Z, 548.5277606, 344.5489042
1714372226589, 2024-04-29T06:30:26.589Z, 535.2398704, 344.1508062
1714372226605, 2024-04-29T06:30:26.605Z, 517.9719652, 340.12529
1714372226621, 2024-04-29T06:30:26.621Z, 476.3420104, 330.12834940000005
1714372226637, 2024-04-29T06:30:26.637Z, 431.048632, 317.14440300000007
1714372226653, 2024-04-29T06:30:26.653Z, 385.8775196, 299.5333048
1714372226669, 2024-04-29T06:30:26.669Z, 332.8424802, 279.7427546
1714372226690, 2024-04-29T06:30:26.690Z, 280.7880078, 260.2092054
1714372226704, 2024-04-29T06:30:26.704Z, 254.62952239999998, 250.50033360000003
1714372226717, 2024-04-29T06:30:26.717Z, 232.82089420000003, 243.2711944
1714372226733, 2024-04-29T06:30:26.733Z, 215.33344219999998, 240.76164039999998
1714372226749, 2024-04-29T06:30:26.749Z, 208.7640396, 241.0135424
1714372226763, 2024-04-29T06:30:26.763Z, 212.7585434, 245.7081138
1714372226779, 2024-04-29T06:30:26.779Z, 216.98655560000003, 251.1873612
1714372226794, 2024-04-29T06:30:26.794Z, 223.24192240000002, 258.65361040000005
1714372226810, 2024-04-29T06:30:26.810Z, 227.80864419999997, 262.3945484
1714372226839, 2024-04-29T06:30:26.839Z, 232.213776, 266.3297098
1714372226851, 2024-04-29T06:30:26.851Z, 235.16185219999997, 269.7228346
1714372226869, 2024-04-29T06:30:26.869Z, 236.77234779999998, 271.4898658
1714372226884, 2024-04-29T06:30:26.884Z, 236.7280108, 270.4885996
1714372226896, 2024-04-29T06:30:26.897Z, 237.74938400000002, 269.8173926
1714372226914, 2024-04-29T06:30:26.914Z, 235.124797, 266.67081040000005
1714372226929, 2024-04-29T06:30:26.929Z, 228.6129606, 260.89985959999996
1714372226942, 2024-04-29T06:30:26.942Z, 221.59509979999999, 255.9244498
1714372226959, 2024-04-29T06:30:26.959Z, 208.58315240000002, 245.86995819999999
1714372226988, 2024-04-29T06:30:26.988Z, 194.49621199999999, 234.84761279999998
1714372227004, 2024-04-29T06:30:27.004Z, 183.3648286, 227.18012159999998
1714372227019, 2024-04-29T06:30:27.019Z, 176.48755539999996, 223.1656928
1714372227045, 2024-04-29T06:30:27.045Z, 169.23283379999998, 219.75874340000001
1714372227065, 2024-04-29T06:30:27.065Z, 166.2440992, 219.95604899999998
1714372227077, 2024-04-29T06:30:27.077Z, 164.5037006, 221.42404960000005
1714372227093, 2024-04-29T06:30:27.093Z, 159.6111232, 219.6916604
1714372227109, 2024-04-29T06:30:27.109Z, 154.75792180000002, 216.83912220000002
1714372227140, 2024-04-29T06:30:27.140Z, 150.02886840000002, 212.1227412
1714372227156, 2024-04-29T06:30:27.156Z, 146.4702182, 209.698149
1714372227171, 2024-04-29T06:30:27.171Z, 143.2856902, 207.10837999999998
1714372227187, 2024-04-29T06:30:27.187Z, 140.9447932, 205.71269579999998
1714372227203, 2024-04-29T06:30:27.203Z, 138.3649788, 204.05330640000003
1714372227219, 2024-04-29T06:30:27.219Z, 137.33410859999998, 204.20835820000002
1714372227235, 2024-04-29T06:30:27.235Z, 136.9802814, 203.86973740000002
1714372227251, 2024-04-29T06:30:27.251Z, 137.946994, 205.0725562
1714372227266, 2024-04-29T06:30:27.266Z, 143.0769988, 209.7171854
1714372227290, 2024-04-29T06:30:27.290Z, 160.2458068, 223.399925
1714372227304, 2024-04-29T06:30:27.304Z, 178.7503092, 237.84594319999997
1714372227318, 2024-04-29T06:30:27.318Z, 204.41674500000002, 256.5113492
1714372227334, 2024-04-29T06:30:27.334Z, 229.6170848, 274.52665620000005
1714372227360, 2024-04-29T06:30:27.360Z, 256.4324396, 293.2288608
1714372227376, 2024-04-29T06:30:27.376Z, 274.99803099999997, 305.1165538
1714372227392, 2024-04-29T06:30:27.392Z, 292.90659880000004, 316.4542816
1714372227410, 2024-04-29T06:30:27.410Z, 303.44414539999997, 323.565175
1714372227438, 2024-04-29T06:30:27.438Z, 312.9625536, 330.2770678
1714372227454, 2024-04-29T06:30:27.454Z, 317.481999, 333.2170124
1714372227469, 2024-04-29T06:30:27.469Z, 318.6820772, 334.2372945999999
1714372227482, 2024-04-29T06:30:27.482Z, 320.2422738, 333.69209639999997
1714372227498, 2024-04-29T06:30:27.498Z, 321.09606460000003, 333.290312
1714372227514, 2024-04-29T06:30:27.514Z, 320.951149, 332.7563264
1714372227526, 2024-04-29T06:30:27.526Z, 318.3187276, 330.9076244
1714372227544, 2024-04-29T06:30:27.544Z, 298.9399672, 318.85313979999995
1714372227558, 2024-04-29T06:30:27.558Z, 278.40017780000005, 307.8139316
1714372227591, 2024-04-29T06:30:27.591Z, 253.10347359999997, 293.3925792
1714372227615, 2024-04-29T06:30:27.615Z, 227.97965900000003, 278.27573399999994
1714372227630, 2024-04-29T06:30:27.630Z, 203.2782272, 263.1613238
1714372227646, 2024-04-29T06:30:27.646Z, 195.0805832, 258.2333918
1714372227661, 2024-04-29T06:30:27.661Z, 188.519159, 252.9444322
1714372227679, 2024-04-29T06:30:27.679Z, 186.73445040000001, 249.99582459999996
1714372227698, 2024-04-29T06:30:27.698Z, 185.1190504, 247.464921
1714372227708, 2024-04-29T06:30:27.708Z, 181.93896560000002, 247.682203
1714372227740, 2024-04-29T06:30:27.740Z, 176.9609314, 248.92587399999996
1714372227755, 2024-04-29T06:30:27.755Z, 169.91564720000002, 250.5881672
1714372227771, 2024-04-29T06:30:27.771Z, 163.56538600000002, 252.5233616
1714372227787, 2024-04-29T06:30:27.787Z, 157.75954919999998, 255.164338
1714372227803, 2024-04-29T06:30:27.803Z, 155.23146780000002, 256.4309548
1714372227819, 2024-04-29T06:30:27.819Z, 154.80982520000003, 257.3034292
1714372227835, 2024-04-29T06:30:27.835Z, 155.0216742, 258.80835959999996
1714372227850, 2024-04-29T06:30:27.850Z, 154.7290288, 260.76955699999996
1714372227866, 2024-04-29T06:30:27.866Z, 154.45623500000002, 262.8258764
1714372227888, 2024-04-29T06:30:27.888Z, 148.4433836, 253.37414520000002
1714372227904, 2024-04-29T06:30:27.904Z, 143.157348, 243.63934320000004
1714372227919, 2024-04-29T06:30:27.919Z, 137.7494358, 233.02269139999999
1714372227932, 2024-04-29T06:30:27.932Z, 134.9946662, 220.98256260000002
1714372227949, 2024-04-29T06:30:27.949Z, 131.4244664, 207.9655512
1714372227964, 2024-04-29T06:30:27.964Z, 135.7067854, 207.679538
1714372227977, 2024-04-29T06:30:27.977Z, 140.397116, 208.0443124
1714372227993, 2024-04-29T06:30:27.993Z, 145.3886352, 209.27210300000002
1714372228009, 2024-04-29T06:30:28.009Z, 148.0968938, 212.6543736
1714372228040, 2024-04-29T06:30:28.040Z, 151.93512700000002, 216.2275102
1714372228053, 2024-04-29T06:30:28.053Z, 153.3399396, 217.52143020000003
1714372228069, 2024-04-29T06:30:28.069Z, 153.5913876, 217.2644874
1714372228085, 2024-04-29T06:30:28.085Z, 153.65587820000002, 215.65542299999998
1714372228100, 2024-04-29T06:30:28.100Z, 153.6489264, 213.68592719999998
1714372228115, 2024-04-29T06:30:28.115Z, 154.77853420000002, 210.79520080000003
1714372228132, 2024-04-29T06:30:28.132Z, 155.6218662, 209.2853882
1714372228147, 2024-04-29T06:30:28.147Z, 157.8297798, 208.45042239999998
1714372228162, 2024-04-29T06:30:28.162Z, 170.07242259999998, 208.8826826
1714372228190, 2024-04-29T06:30:28.190Z, 192.98938359999997, 211.72988700000002
1714372228209, 2024-04-29T06:30:28.209Z, 215.835616, 215.9458292
1714372228225, 2024-04-29T06:30:28.225Z, 240.62907099999998, 220.154319
1714372228241, 2024-04-29T06:30:28.241Z, 263.6391582, 223.7242484
1714372228256, 2024-04-29T06:30:28.256Z, 276.5809636, 227.2585344
1714372228271, 2024-04-29T06:30:28.271Z, 277.8727968, 227.4437972
1714372228287, 2024-04-29T06:30:28.287Z, 278.4852076, 228.6528576
1714372228302, 2024-04-29T06:30:28.302Z, 278.22536720000005, 231.06733559999998
1714372228317, 2024-04-29T06:30:28.317Z, 277.5384236, 234.69788359999998
1714372228339, 2024-04-29T06:30:28.339Z, 274.911108, 237.92361379999997
1714372228354, 2024-04-29T06:30:28.354Z, 272.3585092, 241.13027920000005
1714372228369, 2024-04-29T06:30:28.369Z, 270.7032604, 242.4504496
1714372228382, 2024-04-29T06:30:28.382Z, 268.25319559999997, 241.5932096
1714372228399, 2024-04-29T06:30:28.399Z, 266.924844, 239.4126342
1714372228415, 2024-04-29T06:30:28.415Z, 267.85391659999993, 237.79543560000002
1714372228427, 2024-04-29T06:30:28.427Z, 270.3800236, 236.386046
1714372228444, 2024-04-29T06:30:28.444Z, 271.86321540000006, 235.45734720000002
1714372228459, 2024-04-29T06:30:28.459Z, 274.0386552, 234.718322
1714372228495, 2024-04-29T06:30:28.495Z, 276.4966152, 234.7259696
1714372228506, 2024-04-29T06:30:28.506Z, 278.7771504, 234.02386099999998
1714372228522, 2024-04-29T06:30:28.522Z, 280.3238542, 233.1159838
1714372228538, 2024-04-29T06:30:28.538Z, 281.7232924, 231.8201902
1714372228554, 2024-04-29T06:30:28.554Z, 283.434839, 230.3486304
1714372228569, 2024-04-29T06:30:28.569Z, 286.9847228, 228.0615406
1714372228585, 2024-04-29T06:30:28.585Z, 291.8620042, 225.97178799999998
1714372228600, 2024-04-29T06:30:28.600Z, 296.298292, 224.55782200000004
1714372228615, 2024-04-29T06:30:28.615Z, 301.3553786, 223.24095699999998
1714372228640, 2024-04-29T06:30:28.640Z, 306.6568642, 222.64367959999998
1714372228652, 2024-04-29T06:30:28.652Z, 309.45392979999997, 222.74092380000002
1714372228669, 2024-04-29T06:30:28.669Z, 310.77513239999996, 222.360192
1714372228684, 2024-04-29T06:30:28.684Z, 312.4162272, 221.953048
1714372228701, 2024-04-29T06:30:28.701Z, 313.8861208, 222.3946726
1714372228725, 2024-04-29T06:30:28.725Z, 314.3275844, 222.34254620000002
1714372228741, 2024-04-29T06:30:28.741Z, 314.7729226, 222.373635
1714372228757, 2024-04-29T06:30:28.757Z, 314.4399428, 222.6608318
1714372228774, 2024-04-29T06:30:28.774Z, 311.6027546, 222.0586472
1714372228789, 2024-04-29T06:30:28.789Z, 305.377694, 220.0132544
1714372228805, 2024-04-29T06:30:28.805Z, 298.2041516, 219.56324439999997
1714372228821, 2024-04-29T06:30:28.821Z, 291.690229, 219.718237
1714372228837, 2024-04-29T06:30:28.837Z, 286.16836379999995, 219.9246976
1714372228854, 2024-04-29T06:30:28.854Z, 283.8853154, 220.2018758
1714372228869, 2024-04-29T06:30:28.869Z, 284.5274056, 220.51762100000002
1714372228884, 2024-04-29T06:30:28.884Z, 286.231454, 219.1525992
1714372228899, 2024-04-29T06:30:28.899Z, 287.25102000000004, 216.9554436
1714372228915, 2024-04-29T06:30:28.915Z, 288.016433, 215.0581924
1714372228940, 2024-04-29T06:30:28.940Z, 287.914884, 214.50114960000002
1714372228954, 2024-04-29T06:30:28.954Z, 287.2368602, 215.23260399999998
1714372228966, 2024-04-29T06:30:28.966Z, 281.2971326, 216.33323239999999
1714372228995, 2024-04-29T06:30:28.995Z, 272.78851620000006, 215.3515944
1714372229010, 2024-04-29T06:30:29.010Z, 263.6962596, 213.643484
1714372229026, 2024-04-29T06:30:29.026Z, 254.8626218, 211.3117372
1714372229042, 2024-04-29T06:30:29.042Z, 245.7841262, 207.0518798
1714372229058, 2024-04-29T06:30:29.058Z, 241.23089839999997, 201.895614
1714372229089, 2024-04-29T06:30:29.089Z, 239.440229, 198.5905256
1714372229105, 2024-04-29T06:30:29.105Z, 238.97315840000002, 196.35786380000002
1714372229121, 2024-04-29T06:30:29.121Z, 238.81720019999997, 194.35904420000003
1714372229137, 2024-04-29T06:30:29.137Z, 239.71186740000002, 194.2228728
1714372229153, 2024-04-29T06:30:29.153Z, 241.2607872, 195.37891
1714372229168, 2024-04-29T06:30:29.168Z, 242.99750480000003, 197.3984046
1714372229184, 2024-04-29T06:30:29.184Z, 244.3565832, 199.24327179999997
1714372229200, 2024-04-29T06:30:29.200Z, 245.33115600000002, 201.7759102
1714372229215, 2024-04-29T06:30:29.215Z, 245.491367, 203.78170999999998
1714372229239, 2024-04-29T06:30:29.239Z, 242.32461899999998, 202.76867639999998
1714372229253, 2024-04-29T06:30:29.253Z, 235.5935254, 201.2942122
1714372229268, 2024-04-29T06:30:29.268Z, 224.19809320000005, 199.83732720000003
1714372229282, 2024-04-29T06:30:29.282Z, 211.0829592, 197.8551286
1714372229309, 2024-04-29T06:30:29.309Z, 196.1324422, 197.1324974
1714372229325, 2024-04-29T06:30:29.325Z, 184.14848739999996, 199.27744619999999
1714372229341, 2024-04-29T06:30:29.341Z, 174.2622038, 201.3008736
1714372229357, 2024-04-29T06:30:29.357Z, 168.7630368, 203.04779319999997
1714372229372, 2024-04-29T06:30:29.372Z, 164.89969639999998, 204.1726016
1714372229389, 2024-04-29T06:30:29.389Z, 163.27908299999999, 204.3207006
1714372229404, 2024-04-29T06:30:29.404Z, 162.9480372, 204.9290688
1714372229420, 2024-04-29T06:30:29.420Z, 163.7678364, 205.71535080000004
1714372229435, 2024-04-29T06:30:29.435Z, 164.935161, 206.84512260000002
1714372229451, 2024-04-29T06:30:29.451Z, 165.59199619999998, 210.75941859999998
1714372229466, 2024-04-29T06:30:29.466Z, 165.5460602, 214.80688
1714372229482, 2024-04-29T06:30:29.482Z, 164.54194360000002, 218.248196
1714372229498, 2024-04-29T06:30:29.498Z, 163.6250752, 221.84759759999997
1714372229513, 2024-04-29T06:30:29.513Z, 161.9903386, 225.37654559999996
1714372229545, 2024-04-29T06:30:29.545Z, 160.0231458, 225.92079620000004
1714372229559, 2024-04-29T06:30:29.559Z, 158.5469906, 225.3194296
1714372229574, 2024-04-29T06:30:29.574Z, 158.26153419999997, 225.05837400000001
1714372229590, 2024-04-29T06:30:29.590Z, 158.683865, 225.07225080000003
1714372229606, 2024-04-29T06:30:29.606Z, 160.507724, 225.22523459999996
1714372229622, 2024-04-29T06:30:29.622Z, 164.3219618, 226.18383039999998
1714372229637, 2024-04-29T06:30:29.637Z, 168.7847936, 227.8187548
1714372229653, 2024-04-29T06:30:29.653Z, 172.38949839999998, 228.93735999999998
1714372229668, 2024-04-29T06:30:29.668Z, 176.3192066, 229.91543040000002
1714372229687, 2024-04-29T06:30:29.687Z, 180.0507036, 231.0521746
1714372229703, 2024-04-29T06:30:29.703Z, 183.19657899999999, 231.7331036
1714372229718, 2024-04-29T06:30:29.718Z, 186.0104416, 233.26574140000002
1714372229731, 2024-04-29T06:30:29.731Z, 188.61505499999998, 235.44190439999997
1714372229748, 2024-04-29T06:30:29.748Z, 189.4345338, 233.36079219999996
1714372229763, 2024-04-29T06:30:29.763Z, 197.6726298, 233.25469619999998
1714372229777, 2024-04-29T06:30:29.777Z, 211.73485839999998, 234.92809440000002
1714372229793, 2024-04-29T06:30:29.793Z, 222.94701479999998, 234.9469068
1714372229809, 2024-04-29T06:30:29.809Z, 246.03691399999997, 238.2108984
1714372229840, 2024-04-29T06:30:29.840Z, 269.4687158, 244.32603879999996
1714372229856, 2024-04-29T06:30:29.856Z, 287.48907820000005, 249.488632
1714372229871, 2024-04-29T06:30:29.871Z, 300.0163226000001, 253.41473800000003
1714372229886, 2024-04-29T06:30:29.886Z, 313.91425319999996, 257.5230444
1714372229902, 2024-04-29T06:30:29.902Z, 313.2791534, 256.314265
1714372229918, 2024-04-29T06:30:29.918Z, 312.744011, 255.84736359999997
1714372229933, 2024-04-29T06:30:29.933Z, 309.4330196, 253.3304586
1714372229949, 2024-04-29T06:30:29.949Z, 304.66118880000005, 249.52106299999997
1714372229965, 2024-04-29T06:30:29.965Z, 300.6952626, 245.97693799999996
1714372229989, 2024-04-29T06:30:29.989Z, 299.2769598, 242.5620974
1714372230001, 2024-04-29T06:30:30.001Z, 298.0350754, 239.2691412
1714372230018, 2024-04-29T06:30:30.018Z, 296.5256398, 236.12981179999997
1714372230038, 2024-04-29T06:30:30.038Z, 295.5404804, 233.92946379999998
1714372230047, 2024-04-29T06:30:30.047Z, 295.0628552, 232.5656736
1714372230063, 2024-04-29T06:30:30.063Z, 294.84647720000004, 232.7919672
1714372230079, 2024-04-29T06:30:30.079Z, 294.9273638, 234.14800300000002
1714372230093, 2024-04-29T06:30:30.093Z, 295.3931534, 235.8403302
1714372230109, 2024-04-29T06:30:30.109Z, 296.1495718, 237.82883279999996
1714372230138, 2024-04-29T06:30:30.138Z, 296.6121034, 238.88177420000002
1714372230154, 2024-04-29T06:30:30.154Z, 296.266955, 236.08040620000003
1714372230172, 2024-04-29T06:30:30.172Z, 295.8438882, 231.5950022
1714372230185, 2024-04-29T06:30:30.185Z, 295.373336, 225.86370420000003
1714372230201, 2024-04-29T06:30:30.201Z, 295.01436079999996, 219.7971508
1714372230216, 2024-04-29T06:30:30.216Z, 296.2226832, 213.1774824
1714372230232, 2024-04-29T06:30:30.232Z, 298.145503, 210.07338880000003
1714372230249, 2024-04-29T06:30:30.249Z, 300.3996062, 207.59792460000003
1714372230263, 2024-04-29T06:30:30.263Z, 302.9757166, 206.47970999999998
1714372230290, 2024-04-29T06:30:30.290Z, 305.0813774, 206.6138964
1714372230303, 2024-04-29T06:30:30.303Z, 305.79612099999997, 207.0885268
1714372230316, 2024-04-29T06:30:30.316Z, 305.30615100000006, 208.3777916
1714372230334, 2024-04-29T06:30:30.334Z, 304.3484204, 209.98848660000004
1714372230348, 2024-04-29T06:30:30.348Z, 303.75461740000003, 211.921776
1714372230371, 2024-04-29T06:30:30.371Z, 303.0701428, 212.32934
1714372230387, 2024-04-29T06:30:30.387Z, 302.29755480000006, 213.5202344
1714372230402, 2024-04-29T06:30:30.402Z, 302.9694548, 214.015186
1714372230418, 2024-04-29T06:30:30.418Z, 303.53635380000003, 214.257044
1714372230439, 2024-04-29T06:30:30.439Z, 304.50334300000003, 214.1470192
1714372230464, 2024-04-29T06:30:30.464Z, 305.5785548, 213.9411724
1714372230480, 2024-04-29T06:30:30.480Z, 306.1422136, 213.01026860000002
1714372230495, 2024-04-29T06:30:30.495Z, 305.6550562, 212.4152724
1714372230510, 2024-04-29T06:30:30.510Z, 305.7083808, 212.4440166
1714372230526, 2024-04-29T06:30:30.526Z, 304.7641818, 211.6370128
1714372230541, 2024-04-29T06:30:30.541Z, 304.7829148, 210.71975700000002
1714372230557, 2024-04-29T06:30:30.557Z, 306.8895954000001, 209.64396939999997
1714372230572, 2024-04-29T06:30:30.572Z, 310.3847678000001, 208.3040676
1714372230588, 2024-04-29T06:30:30.588Z, 314.4149676, 206.29942599999998
1714372230603, 2024-04-29T06:30:30.603Z, 318.289404, 204.91465159999998
1714372230619, 2024-04-29T06:30:30.619Z, 321.26086219999996, 204.36013119999998
1714372230635, 2024-04-29T06:30:30.635Z, 323.1995806, 206.2947592
1714372230654, 2024-04-29T06:30:30.654Z, 324.7896952, 207.1940996
1714372230666, 2024-04-29T06:30:30.666Z, 325.2843524, 209.86130280000003
1714372230682, 2024-04-29T06:30:30.682Z, 324.9388362, 214.0052176
1714372230698, 2024-04-29T06:30:30.698Z, 324.4090918, 217.51648680000002
1714372230713, 2024-04-29T06:30:30.713Z, 322.6624584, 219.0913046
1714372230739, 2024-04-29T06:30:30.739Z, 319.676372, 221.41312300000004
1714372230753, 2024-04-29T06:30:30.753Z, 316.2152278, 221.90297719999998
1714372230766, 2024-04-29T06:30:30.766Z, 313.06681100000003, 221.4307018
1714372230783, 2024-04-29T06:30:30.783Z, 309.94759480000005, 220.75928359999997
1714372230798, 2024-04-29T06:30:30.798Z, 306.44948, 219.2356686
1714372230812, 2024-04-29T06:30:30.812Z, 303.9461806, 217.78837579999998
1714372230828, 2024-04-29T06:30:30.828Z, 302.281581, 217.956797
1714372230843, 2024-04-29T06:30:30.843Z, 300.56707880000005, 217.482641
1714372230856, 2024-04-29T06:30:30.856Z, 297.58503279999996, 217.22972380000002
1714372230889, 2024-04-29T06:30:30.889Z, 295.632964, 218.3907294
1714372230906, 2024-04-29T06:30:30.906Z, 293.06550200000004, 219.36857959999998
1714372230930, 2024-04-29T06:30:30.930Z, 289.44722620000005, 217.731043
1714372230945, 2024-04-29T06:30:30.945Z, 286.3533224, 216.23727680000002
1714372230960, 2024-04-29T06:30:30.960Z, 283.9209918, 214.765373
1714372230975, 2024-04-29T06:30:30.975Z, 281.2652816, 213.5834632
1714372230991, 2024-04-29T06:30:30.991Z, 277.74123760000003, 214.39501639999997
1714372231006, 2024-04-29T06:30:31.006Z, 274.3539916, 217.04101459999998
1714372231022, 2024-04-29T06:30:31.022Z, 260.1141708, 221.27578480000003
1714372231041, 2024-04-29T06:30:31.041Z, 242.4088444, 226.78652819999996
1714372231059, 2024-04-29T06:30:31.059Z, 223.2810616, 232.61773480000002
1714372231072, 2024-04-29T06:30:31.072Z, 203.21344379999996, 237.6836096
1714372231085, 2024-04-29T06:30:31.085Z, 180.5822638, 243.38076099999998
1714372231102, 2024-04-29T06:30:31.102Z, 167.49648140000002, 248.8242076
1714372231117, 2024-04-29T06:30:31.117Z, 154.49771500000003, 252.08788200000004
1714372231132, 2024-04-29T06:30:31.132Z, 141.0327714, 254.234437
1714372231146, 2024-04-29T06:30:31.146Z, 129.85621600000002, 255.72525579999996
1714372231162, 2024-04-29T06:30:31.162Z, 121.7274398, 255.9079554
1714372231191, 2024-04-29T06:30:31.191Z, 115.465854, 254.981606
1714372231204, 2024-04-29T06:30:31.204Z, 113.94199720000002, 257.16250980000007
1714372231218, 2024-04-29T06:30:31.218Z, 114.50940640000002, 259.1226046
1714372231234, 2024-04-29T06:30:31.234Z, 115.5750736, 262.3000558
1714372231249, 2024-04-29T06:30:31.249Z, 116.8760538, 266.1393916
1714372231271, 2024-04-29T06:30:31.271Z, 117.6386068, 269.9111006
1714372231285, 2024-04-29T06:30:31.285Z, 118.09530639999998, 272.272978
1714372231301, 2024-04-29T06:30:31.301Z, 118.3909558, 276.67963380000003
1714372231317, 2024-04-29T06:30:31.317Z, 118.32144679999999, 279.7591248
1714372231340, 2024-04-29T06:30:31.340Z, 118.43601980000001, 282.765374
1714372231352, 2024-04-29T06:30:31.352Z, 118.4658676, 285.807538
1714372231368, 2024-04-29T06:30:31.368Z, 139.0420726, 286.8876336
1714372231384, 2024-04-29T06:30:31.384Z, 213.81930160000002, 281.7568874
1714372231398, 2024-04-29T06:30:31.398Z, 330.4312222, 272.9329416
1714372231413, 2024-04-29T06:30:31.413Z, 503.9024622, 260.01139059999997
1714372231429, 2024-04-29T06:30:31.429Z, 694.9720828, 245.8651676
1714372231457, 2024-04-29T06:30:31.458Z, 874.6843914000001, 232.189149
1714372231473, 2024-04-29T06:30:31.473Z, 1007.5124802, 220.6606084
1714372231489, 2024-04-29T06:30:31.489Z, 1104.4659628, 212.70673440000002
1714372231505, 2024-04-29T06:30:31.505Z, 1142.5402546, 207.4312154
1714372231519, 2024-04-29T06:30:31.519Z, 1161.8540396, 203.692517
1714372231535, 2024-04-29T06:30:31.535Z, 1171.5626055999999, 200.58973799999998
1714372231551, 2024-04-29T06:30:31.551Z, 1175.0179486, 200.0615806
1714372231566, 2024-04-29T06:30:31.566Z, 1172.0987377999998, 199.28114259999998
1714372231582, 2024-04-29T06:30:31.582Z, 1174.1425195999998, 197.11914539999998
1714372231598, 2024-04-29T06:30:31.598Z, 1179.8594394, 193.3978062
1714372231614, 2024-04-29T06:30:31.614Z, 1200.616795, 188.8137218
1714372231640, 2024-04-29T06:30:31.640Z, 1223.1883724000002, 183.73611419999997
1714372231655, 2024-04-29T06:30:31.655Z, 1246.4747444, 178.9013414
1714372231667, 2024-04-29T06:30:31.667Z, 1274.5299516, 176.03644119999998
1714372231693, 2024-04-29T06:30:31.693Z, 1300.3060842, 173.039736
1714372231707, 2024-04-29T06:30:31.707Z, 1311.020452, 170.5116098
1714372231723, 2024-04-29T06:30:31.723Z, 1319.2257394000003, 168.2283566
1714372231739, 2024-04-29T06:30:31.739Z, 1327.0567854, 165.9292994
1714372231754, 2024-04-29T06:30:31.754Z, 1327.3107228000001, 163.9185144
1714372231770, 2024-04-29T06:30:31.770Z, 1328.8569812, 163.58829980000002
1714372231790, 2024-04-29T06:30:31.790Z, 1334.8927538, 162.07477780000002
1714372231803, 2024-04-29T06:30:31.803Z, 1341.1744296, 160.44793520000002
1714372231832, 2024-04-29T06:30:31.832Z, 1349.43557, 158.16600279999997
1714372231848, 2024-04-29T06:30:31.848Z, 1360.5590328, 154.907116
1714372231879, 2024-04-29T06:30:31.879Z, 1280.2393668, 154.8819352
1714372231894, 2024-04-29T06:30:31.894Z, 1205.8438741999998, 156.3018484
1714372231911, 2024-04-29T06:30:31.911Z, 1096.4672276000001, 160.0353462
1714372231939, 2024-04-29T06:30:31.939Z, 877.9061242, 169.71928080000004
1714372231954, 2024-04-29T06:30:31.954Z, 655.9807017999999, 180.4498336
1714372231973, 2024-04-29T06:30:31.973Z, 524.7070425999999, 187.38840280000005
1714372231988, 2024-04-29T06:30:31.988Z, 382.4374116, 194.1140798
1714372232003, 2024-04-29T06:30:32.003Z, 272.52049020000004, 197.1945964
1714372232018, 2024-04-29T06:30:32.018Z, 269.6571724, 194.42237920000002
1714372232034, 2024-04-29T06:30:32.034Z, 268.2938944, 192.07792560000001
1714372232049, 2024-04-29T06:30:32.049Z, 265.6382626, 189.46024319999998
1714372232064, 2024-04-29T06:30:32.064Z, 264.69755620000007, 188.3036122
1714372232103, 2024-04-29T06:30:32.103Z, 268.6301854, 193.005471
1714372232116, 2024-04-29T06:30:32.116Z, 273.6210152, 199.7544246
1714372232132, 2024-04-29T06:30:32.132Z, 393.9254972, 197.2082944
1714372232148, 2024-04-29T06:30:32.148Z, 560.4271202, 191.1902008
1714372232161, 2024-04-29T06:30:32.161Z, 740.8784124, 183.15014019999998
1714372232178, 2024-04-29T06:30:32.178Z, 941.6042838000001, 167.69730599999997
1714372232193, 2024-04-29T06:30:32.193Z, 1141.7929788000001, 150.41755959999998
1714372232206, 2024-04-29T06:30:32.206Z, 1225.6025868000002, 142.081754
1714372232244, 2024-04-29T06:30:32.244Z, 1264.5660706, 137.2901212
1714372232255, 2024-04-29T06:30:32.255Z, 1288.5593062, 133.37491540000002
1714372232268, 2024-04-29T06:30:32.268Z, 1289.8172092, 132.67333079999997
1714372232283, 2024-04-29T06:30:32.283Z, 1292.2990904, 133.22473559999997
1714372232298, 2024-04-29T06:30:32.298Z, 1298.1575772, 135.10409439999998
1714372232314, 2024-04-29T06:30:32.314Z, 1305.9229446, 137.46765339999996
1714372232329, 2024-04-29T06:30:32.329Z, 1318.3156783999998, 138.5860834
1714372232345, 2024-04-29T06:30:32.345Z, 1333.1764928, 139.4538376
1714372232360, 2024-04-29T06:30:32.360Z, 1348.7351663999998, 139.0988536
1714372232388, 2024-04-29T06:30:32.388Z, 1360.7965517999999, 137.78794520000002
1714372232403, 2024-04-29T06:30:32.403Z, 1370.8513016, 135.47241100000002
1714372232439, 2024-04-29T06:30:32.439Z, 1376.4431247999999, 134.18585539999998
1714372232456, 2024-04-29T06:30:32.456Z, 1380.0472605999998, 132.8016838
1714372232485, 2024-04-29T06:30:32.485Z, 1381.1916078, 131.7669218
1714372232501, 2024-04-29T06:30:32.501Z, 1380.7397712, 130.5596334
1714372232539, 2024-04-29T06:30:32.539Z, 1378.3655456, 131.22715080000003
1714372232553, 2024-04-29T06:30:32.553Z, 1376.2003192, 131.8906766
1714372232566, 2024-04-29T06:30:32.566Z, 1374.8811730000002, 133.6002176
1714372232583, 2024-04-29T06:30:32.583Z, 1373.8162046, 136.21101360000003
1714372232598, 2024-04-29T06:30:32.598Z, 1374.535887, 138.41156900000001
1714372232612, 2024-04-29T06:30:32.612Z, 1376.6877518000001, 139.07039079999998
1714372232633, 2024-04-29T06:30:32.633Z, 1378.4607075999998, 138.10788379999997
1714372232645, 2024-04-29T06:30:32.645Z, 1378.8587796000002, 136.52046639999998
1714372232658, 2024-04-29T06:30:32.658Z, 1379.1065692, 134.784636
1714372232690, 2024-04-29T06:30:32.690Z, 1380.0808152, 132.5023588
1714372232705, 2024-04-29T06:30:32.705Z, 1382.1947534, 128.30830699999999
1714372232720, 2024-04-29T06:30:32.720Z, 1384.3360084, 126.7976444
1714372232736, 2024-04-29T06:30:32.736Z, 1384.604285, 125.0104534
1714372232752, 2024-04-29T06:30:32.752Z, 1383.7760376, 123.49941940000001
1714372232768, 2024-04-29T06:30:32.768Z, 1380.9833433999997, 125.64686979999999
1714372232783, 2024-04-29T06:30:32.783Z, 1377.2201792, 130.3645842
1714372232799, 2024-04-29T06:30:32.799Z, 1373.859327, 134.3740654
1714372232815, 2024-04-29T06:30:32.815Z, 1372.711136, 139.04071979999998
1714372232838, 2024-04-29T06:30:32.838Z, 1374.0074482, 142.54720939999999
1714372232862, 2024-04-29T06:30:32.862Z, 1377.2890730000001, 142.1242062
1714372232878, 2024-04-29T06:30:32.878Z, 1380.5637614000002, 141.05523739999998
1714372232893, 2024-04-29T06:30:32.893Z, 1383.3644596, 140.22971180000002
1714372232909, 2024-04-29T06:30:32.909Z, 1394.6258905999998, 138.6310768
1714372232924, 2024-04-29T06:30:32.924Z, 1433.4784494, 138.87185599999998
1714372232940, 2024-04-29T06:30:32.940Z, 1472.7709876000001, 140.1854914
1714372232957, 2024-04-29T06:30:32.957Z, 1510.1491541999999, 141.8793304
1714372232991, 2024-04-29T06:30:32.991Z, 1552.9476832, 143.9120564
1714372233020, 2024-04-29T06:30:33.020Z, 1587.3620702, 146.4254914
1714372233035, 2024-04-29T06:30:33.035Z, 1593.8671674, 147.2258816
1714372233051, 2024-04-29T06:30:33.051Z, 1598.7846972, 147.7524496
1714372233067, 2024-04-29T06:30:33.067Z, 1605.8999858, 147.97622
1714372233083, 2024-04-29T06:30:33.083Z, 1608.166072, 147.2941518
1714372233098, 2024-04-29T06:30:33.098Z, 1610.0863702, 146.4704414
1714372233115, 2024-04-29T06:30:33.115Z, 1611.093318, 145.4038866
1714372233142, 2024-04-29T06:30:33.142Z, 1612.2736517999997, 145.6458236
1714372233153, 2024-04-29T06:30:33.153Z, 1611.7159176, 147.6021528
1714372233178, 2024-04-29T06:30:33.178Z, 1610.6197454, 150.14393280000002
1714372233194, 2024-04-29T06:30:33.194Z, 1609.5133916, 152.7968382
1714372233210, 2024-04-29T06:30:33.210Z, 1608.5501445999998, 155.9453394
1714372233225, 2024-04-29T06:30:33.225Z, 1607.6538298, 158.2545302
1714372233243, 2024-04-29T06:30:33.243Z, 1607.5530566000002, 159.1778106
1714372233259, 2024-04-29T06:30:33.259Z, 1607.5064824, 159.6705516
1714372233272, 2024-04-29T06:30:33.272Z, 1607.3069976000002, 160.0842138
1714372233292, 2024-04-29T06:30:33.292Z, 1606.211094, 160.35691200000002
1714372233305, 2024-04-29T06:30:33.305Z, 1604.5290236, 160.15750180000003
1714372233320, 2024-04-29T06:30:33.320Z, 1603.8118276, 160.1183618
1714372233335, 2024-04-29T06:30:33.335Z, 1603.0957218, 160.0052526
1714372233350, 2024-04-29T06:30:33.350Z, 1602.4484372000002, 160.1005592
1714372233368, 2024-04-29T06:30:33.368Z, 1602.0295552, 160.7320334
1714372233381, 2024-04-29T06:30:33.381Z, 1602.1029588000001, 161.30643780000003
1714372233397, 2024-04-29T06:30:33.397Z, 1601.6050472000002, 161.4955508
1714372233413, 2024-04-29T06:30:33.413Z, 1601.2059871999998, 161.9632794
1714372233440, 2024-04-29T06:30:33.440Z, 1600.7918204, 162.4376226
1714372233453, 2024-04-29T06:30:33.453Z, 1600.8073188, 162.1700646
1714372233466, 2024-04-29T06:30:33.466Z, 1600.7170727999999, 161.84879220000002
1714372233490, 2024-04-29T06:30:33.490Z, 1598.5441592, 161.64092840000004
1714372233504, 2024-04-29T06:30:33.504Z, 1596.9613914, 161.7142758
1714372233520, 2024-04-29T06:30:33.520Z, 1584.689672, 170.4178006
1714372233536, 2024-04-29T06:30:33.536Z, 1554.3491726, 194.28277980000001
1714372233552, 2024-04-29T06:30:33.552Z, 1522.7604086000001, 219.5953372
1714372233567, 2024-04-29T06:30:33.567Z, 1492.9354732000002, 245.408835
1714372233589, 2024-04-29T06:30:33.589Z, 1462.0943146000002, 271.5858
1714372233601, 2024-04-29T06:30:33.601Z, 1442.1491462, 288.7994926
1714372233618, 2024-04-29T06:30:33.618Z, 1439.4433334, 290.48953200000005
1714372233633, 2024-04-29T06:30:33.633Z, 1438.2880188, 291.0394442
1714372233646, 2024-04-29T06:30:33.646Z, 1436.4160623999999, 291.4153604
1714372233663, 2024-04-29T06:30:33.663Z, 1425.3107828, 293.9051912
1714372233678, 2024-04-29T06:30:33.678Z, 1413.0719643999998, 296.92747999999995
1714372233692, 2024-04-29T06:30:33.692Z, 1401.1660992000002, 300.546835
1714372233708, 2024-04-29T06:30:33.708Z, 1388.1140936, 304.3294022
1714372233737, 2024-04-29T06:30:33.737Z, 1375.3072571999996, 308.3693132
1714372233754, 2024-04-29T06:30:33.754Z, 1372.0620362, 309.5795982000001
1714372233768, 2024-04-29T06:30:33.768Z, 1370.468485, 309.06842859999995
1714372233786, 2024-04-29T06:30:33.786Z, 1369.8356436, 306.7146502
1714372233803, 2024-04-29T06:30:33.803Z, 1370.8989675999999, 303.5870974
1714372233819, 2024-04-29T06:30:33.819Z, 1372.4808836, 300.3862982
1714372233834, 2024-04-29T06:30:33.834Z, 1373.1115632, 297.6839856
1714372233850, 2024-04-29T06:30:33.850Z, 1372.8876202, 296.2480398
1714372233866, 2024-04-29T06:30:33.866Z, 1371.7370157999999, 296.8191178
1714372233889, 2024-04-29T06:30:33.889Z, 1368.3194306, 299.0839758
1714372233903, 2024-04-29T06:30:33.903Z, 1365.4929823999998, 301.0416846
1714372233916, 2024-04-29T06:30:33.916Z, 1363.668621, 302.2645764
1714372233933, 2024-04-29T06:30:33.933Z, 1362.5513022, 303.1858718
1714372233948, 2024-04-29T06:30:33.948Z, 1361.9276803999999, 303.611827
1714372233961, 2024-04-29T06:30:33.961Z, 1362.8681784, 302.9247544
1714372233983, 2024-04-29T06:30:33.983Z, 1363.0938982000002, 301.2394408
1714372233998, 2024-04-29T06:30:33.998Z, 1363.3550694, 299.7486556
1714372234006, 2024-04-29T06:30:34.006Z, 1362.9939232000002, 297.7184864
1714372234043, 2024-04-29T06:30:34.043Z, 1363.2725168000002, 294.03211300000004
1714372234052, 2024-04-29T06:30:34.052Z, 1363.4896414000002, 289.96762099999995
1714372234068, 2024-04-29T06:30:34.068Z, 1364.222241, 286.8472898
1714372234098, 2024-04-29T06:30:34.098Z, 1365.0399698, 283.09903199999997
1714372234114, 2024-04-29T06:30:34.114Z, 1365.901894, 280.02866460000007
1714372234130, 2024-04-29T06:30:34.130Z, 1366.3473721999999, 279.6335804
1714372234145, 2024-04-29T06:30:34.145Z, 1366.6852586, 279.95035160000003
1714372234161, 2024-04-29T06:30:34.161Z, 1366.289413, 280.8853806
1714372234187, 2024-04-29T06:30:34.187Z, 1365.4973201999999, 282.54961860000003
1714372234203, 2024-04-29T06:30:34.203Z, 1364.9726684, 283.8176948
1714372234218, 2024-04-29T06:30:34.218Z, 1364.2066756, 283.2951986
1714372234232, 2024-04-29T06:30:34.232Z, 1363.6271585999998, 282.3600536
1714372234248, 2024-04-29T06:30:34.248Z, 1363.9896626000002, 280.34304480000003
1714372234263, 2024-04-29T06:30:34.263Z, 1364.8703848, 278.159384
1714372234276, 2024-04-29T06:30:34.276Z, 1366.7020186, 276.9073522
1714372234302, 2024-04-29T06:30:34.302Z, 1368.6620196, 276.274473
1714372234318, 2024-04-29T06:30:34.318Z, 1373.965225, 275.81827999999996
1714372234339, 2024-04-29T06:30:34.339Z, 1390.1324072, 275.995364
1714372234353, 2024-04-29T06:30:34.353Z, 1415.2141058, 276.1368408
1714372234366, 2024-04-29T06:30:34.366Z, 1446.5843384, 275.9637364
1714372234383, 2024-04-29T06:30:34.383Z, 1500.6820332000002, 275.3579408
1714372234398, 2024-04-29T06:30:34.398Z, 1552.5491792, 275.9160278
1714372234412, 2024-04-29T06:30:34.412Z, 1594.2013296, 275.5997506
1714372234428, 2024-04-29T06:30:34.428Z, 1626.9844966, 273.6545928
1714372234459, 2024-04-29T06:30:34.459Z, 1652.982862, 270.021858
1714372234489, 2024-04-29T06:30:34.489Z, 1656.2915654, 267.856046
1714372234506, 2024-04-29T06:30:34.506Z, 1657.628639, 267.2969832
1714372234520, 2024-04-29T06:30:34.520Z, 1657.712888, 268.5818312
1714372234536, 2024-04-29T06:30:34.536Z, 1657.5130374, 272.16893799999997
1714372234552, 2024-04-29T06:30:34.552Z, 1657.1572312, 278.5041938
1714372234567, 2024-04-29T06:30:34.567Z, 1656.6277826, 284.5161404
1714372234599, 2024-04-29T06:30:34.599Z, 1656.454153, 287.9475728
1714372234614, 2024-04-29T06:30:34.614Z, 1656.0875584, 290.67642839999996
1714372234652, 2024-04-29T06:30:34.652Z, 1653.9731791999998, 292.54042019999997
1714372234676, 2024-04-29T06:30:34.676Z, 1651.4697796, 293.6034858
1714372234692, 2024-04-29T06:30:34.692Z, 1448.5353096, 285.00272340000004
1714372234707, 2024-04-29T06:30:34.707Z, 1208.9869583999998, 278.12855279999997
1714372234724, 2024-04-29T06:30:34.724Z, 936.643532, 271.6741242
1714372234738, 2024-04-29T06:30:34.738Z, 664.5118758000001, 265.22888120000005
1714372234754, 2024-04-29T06:30:34.754Z, 391.5895168, 258.30453079999995
1714372234770, 2024-04-29T06:30:34.770Z, 319.5244068, 258.961499
1714372234788, 2024-04-29T06:30:34.788Z, 285.0610222, 259.0582396
1714372234817, 2024-04-29T06:30:34.817Z, 286.1384648, 258.032648
1714372234833, 2024-04-29T06:30:34.833Z, 382.537529, 278.4461782
1714372234849, 2024-04-29T06:30:34.849Z, 507.6892388, 303.01391160000003
1714372234864, 2024-04-29T06:30:34.864Z, 644.6830554000001, 332.08809099999996
1714372234879, 2024-04-29T06:30:34.879Z, 793.9121306, 362.1676136
1714372234896, 2024-04-29T06:30:34.896Z, 961.4734164000001, 395.67494300000004
1714372234926, 2024-04-29T06:30:34.926Z, 1049.9676528, 409.50679660000003
1714372234943, 2024-04-29T06:30:34.943Z, 1116.6210750000002, 418.1853868
1714372234957, 2024-04-29T06:30:34.957Z, 1171.26009, 423.75637079999996
1714372234973, 2024-04-29T06:30:34.973Z, 1213.6624640000002, 425.5511614
1714372234989, 2024-04-29T06:30:34.989Z, 1235.2619036, 424.04212440000003
1714372235004, 2024-04-29T06:30:35.004Z, 1242.3894162000001, 421.1496498
1714372235020, 2024-04-29T06:30:35.020Z, 1243.1911427999999, 419.29039680000005
1714372235036, 2024-04-29T06:30:35.036Z, 1243.8686122, 418.6653786
1714372235051, 2024-04-29T06:30:35.051Z, 1240.3240515999998, 414.8999298
1714372235067, 2024-04-29T06:30:35.067Z, 1235.9556674, 409.8382076
1714372235088, 2024-04-29T06:30:35.088Z, 1230.0759696, 403.1026568
1714372235102, 2024-04-29T06:30:35.102Z, 1223.9739334, 396.220189
1714372235117, 2024-04-29T06:30:35.117Z, 1218.6382065999999, 387.211592
1714372235145, 2024-04-29T06:30:35.145Z, 1216.5408266, 382.5872036
1714372235160, 2024-04-29T06:30:35.160Z, 1215.1223559999999, 379.25398240000004
1714372235176, 2024-04-29T06:30:35.176Z, 1214.564733, 377.39054640000006
1714372235192, 2024-04-29T06:30:35.192Z, 1214.3775269999999, 375.56780660000004
1714372235207, 2024-04-29T06:30:35.207Z, 1213.7941582, 374.4946296
1714372235222, 2024-04-29T06:30:35.222Z, 1215.6827434, 373.057028
1714372235239, 2024-04-29T06:30:35.239Z, 1220.5215554, 372.27527380000004
1714372235258, 2024-04-29T06:30:35.258Z, 1227.8891876, 372.50238659999997
1714372235268, 2024-04-29T06:30:35.268Z, 1236.2173243999998, 372.9318334
1714372235284, 2024-04-29T06:30:35.284Z, 1248.2295048, 375.698642
1714372235300, 2024-04-29T06:30:35.300Z, 1258.2226438000002, 378.9421636
1714372235315, 2024-04-29T06:30:35.315Z, 1267.2746081999999, 384.4844544
1714372235331, 2024-04-29T06:30:35.331Z, 1274.6966962000001, 389.0074664
1714372235347, 2024-04-29T06:30:35.347Z, 1281.1565038, 393.87562360000004
1714372235363, 2024-04-29T06:30:35.363Z, 1283.860901, 396.3422942
1714372235391, 2024-04-29T06:30:35.391Z, 1284.6949256, 390.37362840000003
1714372235410, 2024-04-29T06:30:35.410Z, 1284.3479998, 385.1469814
1714372235426, 2024-04-29T06:30:35.426Z, 1277.3589892, 373.95184140000003
1714372235442, 2024-04-29T06:30:35.442Z, 1256.6050539999999, 366.5980406
1714372235457, 2024-04-29T06:30:35.457Z, 1235.6303596, 359.85842399999996
1714372235473, 2024-04-29T06:30:35.473Z, 1214.4901038, 361.6250046
1714372235488, 2024-04-29T06:30:35.488Z, 1192.9961911999999, 359.55856839999996
1714372235504, 2024-04-29T06:30:35.504Z, 1171.6998144, 365.1404
1714372235521, 2024-04-29T06:30:35.521Z, 1158.531184, 368.6063912
1714372235537, 2024-04-29T06:30:35.537Z, 1143.8838528, 370.46541179999997
1714372235553, 2024-04-29T06:30:35.553Z, 1130.8394521999999, 371.9575828
1714372235568, 2024-04-29T06:30:35.568Z, 1116.7591942000001, 373.9316418
1714372235582, 2024-04-29T06:30:35.582Z, 1107.7914108, 373.8538568
1714372235598, 2024-04-29T06:30:35.598Z, 1103.103671, 371.43142300000005
1714372235629, 2024-04-29T06:30:35.629Z, 1099.9788014, 371.4250468
1714372235646, 2024-04-29T06:30:35.646Z, 1097.700275, 372.656581
1714372235662, 2024-04-29T06:30:35.662Z, 1096.3086042, 373.9601068
1714372235694, 2024-04-29T06:30:35.694Z, 1095.4271937999997, 376.2925424
1714372235709, 2024-04-29T06:30:35.709Z, 1096.1985756, 378.75946519999997
1714372235724, 2024-04-29T06:30:35.724Z, 1098.1002928000003, 378.5791074
1714372235738, 2024-04-29T06:30:35.738Z, 1100.4044966, 375.54305139999997
1714372235754, 2024-04-29T06:30:35.754Z, 1102.9242484000001, 372.8341384
1714372235770, 2024-04-29T06:30:35.770Z, 1105.5105174, 370.5310162
1714372235786, 2024-04-29T06:30:35.786Z, 1107.4492755999997, 369.060565
1714372235802, 2024-04-29T06:30:35.802Z, 1107.857776, 369.82772460000007
1714372235817, 2024-04-29T06:30:35.817Z, 1106.6899078000001, 372.69313320000003
1714372235841, 2024-04-29T06:30:35.841Z, 1105.0608342, 376.0105276
1714372235864, 2024-04-29T06:30:35.864Z, 1103.7234303999999, 377.98758919999995
1714372235879, 2024-04-29T06:30:35.879Z, 1103.3811013999998, 378.2081608
1714372235895, 2024-04-29T06:30:35.895Z, 1103.2382984, 378.4675858
1714372235910, 2024-04-29T06:30:35.910Z, 1103.637956, 379.16432419999995
1714372235925, 2024-04-29T06:30:35.925Z, 1104.4182994, 378.91333679999997
1714372235941, 2024-04-29T06:30:35.941Z, 1105.0805366, 379.17689579999995
1714372235957, 2024-04-29T06:30:35.957Z, 1105.5534522000003, 380.28728259999997
1714372235973, 2024-04-29T06:30:35.973Z, 1106.8536968, 379.95871619999997
1714372235988, 2024-04-29T06:30:35.988Z, 1108.5120692, 377.2130588
1714372236005, 2024-04-29T06:30:36.005Z, 1110.4703048, 375.2142668
1714372236022, 2024-04-29T06:30:36.022Z, 1112.1424333999998, 372.748888
1714372236036, 2024-04-29T06:30:36.036Z, 1112.8094274, 371.48526200000003
1714372236051, 2024-04-29T06:30:36.051Z, 1111.581007, 371.04171540000004
1714372236067, 2024-04-29T06:30:36.067Z, 1108.9298572, 372.86164499999995
1714372236082, 2024-04-29T06:30:36.082Z, 1106.6657636, 373.8789456
1714372236097, 2024-04-29T06:30:36.097Z, 1106.8805269999998, 375.240931
1714372236113, 2024-04-29T06:30:36.113Z, 1112.4163622, 376.7547606
1714372236139, 2024-04-29T06:30:36.139Z, 1133.5408611999999, 378.67492380000004
1714372236159, 2024-04-29T06:30:36.159Z, 1163.6085768, 381.07200919999997
1714372236175, 2024-04-29T06:30:36.175Z, 1203.1557004000001, 384.19175839999997
1714372236191, 2024-04-29T06:30:36.191Z, 1243.7465698, 387.78829740000003
1714372236206, 2024-04-29T06:30:36.206Z, 1279.2430174, 394.32812060000003
1714372236222, 2024-04-29T06:30:36.222Z, 1300.8278722, 400.2254852
1714372236238, 2024-04-29T06:30:36.238Z, 1315.0026478, 405.3924622
1714372236253, 2024-04-29T06:30:36.253Z, 1320.7189518, 408.4345526
1714372236269, 2024-04-29T06:30:36.269Z, 1326.4226872, 408.63148160000003
1714372236289, 2024-04-29T06:30:36.289Z, 1329.8656852, 407.1117932
1714372236301, 2024-04-29T06:30:36.301Z, 1330.6212416000003, 406.0611236
1714372236318, 2024-04-29T06:30:36.318Z, 1332.2762888, 403.7511238
1714372236334, 2024-04-29T06:30:36.334Z, 1330.4670206, 403.76437939999994
1714372236348, 2024-04-29T06:30:36.348Z, 1323.2115712, 407.2059372
1714372236363, 2024-04-29T06:30:36.363Z, 1315.0917394, 407.922415
1714372236383, 2024-04-29T06:30:36.383Z, 1308.3552212, 408.35976259999995
1714372236395, 2024-04-29T06:30:36.395Z, 1299.8782465999998, 409.989719
1714372236411, 2024-04-29T06:30:36.411Z, 1291.532238, 410.0406914
1714372236443, 2024-04-29T06:30:36.443Z, 1285.8540130000001, 409.6172906
1714372236458, 2024-04-29T06:30:36.458Z, 1283.1760993999999, 409.411455
1714372236473, 2024-04-29T06:30:36.473Z, 1279.3445874000001, 410.1856452
1714372236488, 2024-04-29T06:30:36.488Z, 1273.0870122000001, 412.14656160000004
1714372236504, 2024-04-29T06:30:36.504Z, 1267.0244348, 413.9892354
1714372236520, 2024-04-29T06:30:36.520Z, 1257.9792181999999, 415.42439
1714372236535, 2024-04-29T06:30:36.535Z, 1248.9326336, 416.91610359999993
1714372236550, 2024-04-29T06:30:36.550Z, 1241.8789642, 417.44044319999995
1714372236566, 2024-04-29T06:30:36.566Z, 1236.6058998, 416.01165619999995
1714372236589, 2024-04-29T06:30:36.589Z, 1230.9250322, 414.9673782
1714372236603, 2024-04-29T06:30:36.603Z, 1227.5714944, 414.25298899999996
1714372236617, 2024-04-29T06:30:36.617Z, 1210.7719961999999, 412.4526502
1714372236633, 2024-04-29T06:30:36.633Z, 1037.885135, 397.3263452
1714372236648, 2024-04-29T06:30:36.648Z, 854.785142, 381.6736456
1714372236661, 2024-04-29T06:30:36.661Z, 665.3175985999999, 365.60407799999996
1714372236678, 2024-04-29T06:30:36.678Z, 467.6893126, 348.52984219999996
1714372236693, 2024-04-29T06:30:36.693Z, 283.75040279999996, 333.033332
1714372236707, 2024-04-29T06:30:36.707Z, 255.28572280000003, 331.01583659999994
1714372236739, 2024-04-29T06:30:36.739Z, 236.89810860000003, 331.2221918
1714372236754, 2024-04-29T06:30:36.754Z, 226.5223978, 332.184122
1714372236770, 2024-04-29T06:30:36.770Z, 223.78831419999997, 334.5301572
1714372236786, 2024-04-29T06:30:36.786Z, 219.96810879999998, 336.90283600000004
1714372236802, 2024-04-29T06:30:36.802Z, 215.5566848, 338.72255700000005
1714372236817, 2024-04-29T06:30:36.817Z, 211.51301440000003, 338.43174880000004
1714372236833, 2024-04-29T06:30:36.833Z, 206.6181932, 337.9086682
1714372236849, 2024-04-29T06:30:36.849Z, 199.8054352, 335.9679804
1714372236865, 2024-04-29T06:30:36.865Z, 186.90485180000002, 334.5305198
1714372236887, 2024-04-29T06:30:36.887Z, 172.1224922, 334.1119036
1714372236903, 2024-04-29T06:30:36.903Z, 158.3442818, 334.9288916
1714372236918, 2024-04-29T06:30:36.918Z, 147.51392900000002, 338.086069
1714372236943, 2024-04-29T06:30:36.943Z, 137.8120246, 340.5415132
1714372236960, 2024-04-29T06:30:36.960Z, 136.3624822, 343.5447408
1714372236974, 2024-04-29T06:30:36.974Z, 138.3891636, 346.32848079999997
1714372236990, 2024-04-29T06:30:36.990Z, 136.53344299999998, 348.3420954
1714372237006, 2024-04-29T06:30:37.006Z, 133.58996340000002, 348.21637419999996
1714372237021, 2024-04-29T06:30:37.021Z, 133.1265138, 349.0834908
1714372237039, 2024-04-29T06:30:37.039Z, 137.2897906, 350.2169272
1714372237053, 2024-04-29T06:30:37.053Z, 141.16746619999998, 351.0719726
1714372237069, 2024-04-29T06:30:37.069Z, 149.430437, 352.60699420000003
1714372237085, 2024-04-29T06:30:37.085Z, 156.739439, 353.64192
1714372237101, 2024-04-29T06:30:37.101Z, 163.0716356, 355.344013
1714372237117, 2024-04-29T06:30:37.117Z, 163.6451854, 355.4463664
1714372237133, 2024-04-29T06:30:37.133Z, 163.8107178, 355.4292838
1714372237148, 2024-04-29T06:30:37.148Z, 162.9196836, 354.8018712
1714372237164, 2024-04-29T06:30:37.164Z, 162.1294104, 354.4990896
1714372237189, 2024-04-29T06:30:37.189Z, 161.05633459999999, 353.579968
1714372237201, 2024-04-29T06:30:37.201Z, 160.23503380000002, 352.5609108
1714372237218, 2024-04-29T06:30:37.218Z, 159.6663984, 350.295822
1714372237233, 2024-04-29T06:30:37.233Z, 160.3120334, 348.2486338
1714372237250, 2024-04-29T06:30:37.250Z, 161.0374284, 346.4241392
1714372237263, 2024-04-29T06:30:37.263Z, 165.4064014, 346.1561122
1714372237278, 2024-04-29T06:30:37.278Z, 169.863113, 345.91208680000005
1714372237291, 2024-04-29T06:30:37.291Z, 174.24355340000002, 347.05029780000007
1714372237338, 2024-04-29T06:30:37.338Z, 179.76186980000003, 348.5391456
1714372237353, 2024-04-29T06:30:37.353Z, 185.2798922, 349.40715600000004
1714372237368, 2024-04-29T06:30:37.368Z, 174.62014440000002, 366.4433996
1714372237384, 2024-04-29T06:30:37.384Z, 164.4281666, 382.58694380000003
1714372237400, 2024-04-29T06:30:37.400Z, 153.183695, 400.012937
1714372237415, 2024-04-29T06:30:37.415Z, 140.4032144, 418.77990900000003
1714372237431, 2024-04-29T06:30:37.431Z, 127.7202274, 438.83232499999997
1714372237447, 2024-04-29T06:30:37.447Z, 127.8540338, 441.3475864
1714372237463, 2024-04-29T06:30:37.463Z, 127.03635379999999, 443.3811694
1714372237489, 2024-04-29T06:30:37.489Z, 126.87461920000001, 443.5616042
1714372237507, 2024-04-29T06:30:37.507Z, 126.28864820000001, 442.4771898
1714372237519, 2024-04-29T06:30:37.519Z, 125.85571359999999, 441.08496640000004
1714372237541, 2024-04-29T06:30:37.541Z, 124.6469828, 438.979969
1714372237556, 2024-04-29T06:30:37.556Z, 128.38370020000002, 439.15792939999994
1714372237571, 2024-04-29T06:30:37.571Z, 140.5696374, 441.65655160000006
1714372237587, 2024-04-29T06:30:37.587Z, 158.492028, 445.4883384
1714372237603, 2024-04-29T06:30:37.603Z, 176.5132868, 449.2936678
1714372237618, 2024-04-29T06:30:37.618Z, 201.38859760000003, 455.3998144
1714372237640, 2024-04-29T06:30:37.640Z, 223.9909854, 461.86351699999994
1714372237666, 2024-04-29T06:30:37.666Z, 238.2642406, 466.46360880000003
1714372237682, 2024-04-29T06:30:37.682Z, 246.45123479999998, 469.48069080000005
1714372237698, 2024-04-29T06:30:37.698Z, 253.3513014, 470.94378040000004
1714372237714, 2024-04-29T06:30:37.714Z, 249.5092592, 465.2111782
1714372237729, 2024-04-29T06:30:37.729Z, 243.2115092, 457.81563459999995
1714372237745, 2024-04-29T06:30:37.745Z, 236.2386912, 449.3503938
1714372237761, 2024-04-29T06:30:37.761Z, 228.6312696, 440.0647292
1714372237788, 2024-04-29T06:30:37.788Z, 220.77988960000002, 431.05303719999995
1714372237803, 2024-04-29T06:30:37.803Z, 217.60485480000003, 427.5123202
1714372237818, 2024-04-29T06:30:37.818Z, 215.0172634, 422.59914960000003
1714372237831, 2024-04-29T06:30:37.831Z, 213.49867020000002, 418.54538579999996
1714372237848, 2024-04-29T06:30:37.848Z, 213.22440859999998, 415.75959200000005
1714372237863, 2024-04-29T06:30:37.863Z, 214.5645824, 415.8307592
1714372237876, 2024-04-29T06:30:37.876Z, 215.6621422, 416.1237014
1714372237901, 2024-04-29T06:30:37.901Z, 216.37255840000003, 418.7764547999999
1714372237917, 2024-04-29T06:30:37.917Z, 216.7957648, 421.57979020000005
1714372237939, 2024-04-29T06:30:37.939Z, 217.3575128, 425.159144
1714372237953, 2024-04-29T06:30:37.953Z, 217.0519882, 427.0373302
1714372237966, 2024-04-29T06:30:37.966Z, 217.63405440000002, 428.76221219999996
1714372237988, 2024-04-29T06:30:37.988Z, 218.46194759999997, 429.92956360000005
1714372238004, 2024-04-29T06:30:38.004Z, 219.31243259999997, 431.2283668
1714372238012, 2024-04-29T06:30:38.012Z, 220.35643259999998, 431.39198960000004
1714372238029, 2024-04-29T06:30:38.029Z, 222.5547724, 430.69894880000004
1714372238043, 2024-04-29T06:30:38.043Z, 224.54927080000002, 429.5503
1714372238058, 2024-04-29T06:30:38.058Z, 226.560986, 427.7741438
1714372238089, 2024-04-29T06:30:38.089Z, 228.50533959999999, 425.5450678
1714372238104, 2024-04-29T06:30:38.104Z, 229.57360060000002, 422.9689256
1714372238120, 2024-04-29T06:30:38.120Z, 229.82292360000002, 420.87264080000006
1714372238135, 2024-04-29T06:30:38.135Z, 229.4705108, 419.2293898
1714372238150, 2024-04-29T06:30:38.150Z, 228.68653720000003, 418.40631199999996
1714372238167, 2024-04-29T06:30:38.167Z, 230.7491962, 418.3684657999999
1714372238183, 2024-04-29T06:30:38.183Z, 238.96810379999997, 417.8919755999999
1714372238199, 2024-04-29T06:30:38.199Z, 269.9087974, 418.1477562
1714372238237, 2024-04-29T06:30:38.237Z, 301.9366898, 418.22291939999997
1714372238253, 2024-04-29T06:30:38.253Z, 349.0007984, 420.08376660000005
1714372238268, 2024-04-29T06:30:38.268Z, 395.66884020000003, 423.66652940000006
1714372238284, 2024-04-29T06:30:38.284Z, 436.24032139999997, 426.8379054
1714372238298, 2024-04-29T06:30:38.298Z, 452.6013664, 427.5701564
1714372238313, 2024-04-29T06:30:38.313Z, 468.60319799999996, 429.3115296
1714372238340, 2024-04-29T06:30:38.340Z, 469.5953321999999, 428.84558639999995
1714372238356, 2024-04-29T06:30:38.356Z, 469.9034181999999, 425.455318
1714372238371, 2024-04-29T06:30:38.371Z, 470.5500802, 422.89355020000005
1714372238389, 2024-04-29T06:30:38.389Z, 474.64209719999997, 422.128341
1714372238403, 2024-04-29T06:30:38.403Z, 480.80413, 420.76389500000005
1714372238420, 2024-04-29T06:30:38.420Z, 487.7329822, 419.5359988
1714372238435, 2024-04-29T06:30:38.435Z, 501.0647796, 417.385933
1714372238450, 2024-04-29T06:30:38.450Z, 513.7403678000001, 413.454986
1714372238466, 2024-04-29T06:30:38.466Z, 524.5682486, 409.8980136
1714372238482, 2024-04-29T06:30:38.482Z, 532.831118, 406.13420499999995
1714372238498, 2024-04-29T06:30:38.498Z, 540.3321365999999, 402.37369479999995
1714372238514, 2024-04-29T06:30:38.514Z, 540.143163, 400.2224104
1714372238539, 2024-04-29T06:30:38.539Z, 544.0072446, 399.61895319999996
1714372238551, 2024-04-29T06:30:38.551Z, 548.7721872, 398.6716896
1714372238568, 2024-04-29T06:30:38.568Z, 562.783655, 396.36489279999995
1714372238588, 2024-04-29T06:30:38.588Z, 579.6201951999999, 395.6816852
1714372238607, 2024-04-29T06:30:38.607Z, 596.8389686, 395.24253919999995
1714372238623, 2024-04-29T06:30:38.623Z, 612.5836773999999, 396.30537080000005
1714372238639, 2024-04-29T06:30:38.639Z, 628.3011223999999, 398.159086
1714372238655, 2024-04-29T06:30:38.655Z, 634.8867444, 401.57372399999997
1714372238671, 2024-04-29T06:30:38.671Z, 638.8254508, 403.4160162
1714372238693, 2024-04-29T06:30:38.693Z, 643.0000922, 403.36126459999997
1714372238719, 2024-04-29T06:30:38.719Z, 645.311257, 402.0940728
1714372238735, 2024-04-29T06:30:38.735Z, 724.6191282000002, 426.19095259999995
1714372238750, 2024-04-29T06:30:38.750Z, 820.0362644, 455.7789068
1714372238766, 2024-04-29T06:30:38.766Z, 916.3304891999999, 486.3419812
1714372238782, 2024-04-29T06:30:38.782Z, 1016.1353403999999, 520.2063282
1714372238798, 2024-04-29T06:30:38.798Z, 1117.9408256000002, 555.1811220000001
1714372238814, 2024-04-29T06:30:38.814Z, 1144.002311, 563.9815704
1714372238840, 2024-04-29T06:30:38.840Z, 1154.1062150000002, 567.0679122
1714372238854, 2024-04-29T06:30:38.854Z, 1163.1431138, 569.5065236
1714372238866, 2024-04-29T06:30:38.866Z, 1167.8709158000001, 570.2871475999999
1714372238894, 2024-04-29T06:30:38.894Z, 1168.9509014, 572.0852754
1714372238908, 2024-04-29T06:30:38.908Z, 1167.839689, 574.526333
1714372238924, 2024-04-29T06:30:38.924Z, 1165.2379990000002, 579.4516446
1714372238940, 2024-04-29T06:30:38.940Z, 1159.205285, 587.148243
1714372238956, 2024-04-29T06:30:38.956Z, 1152.0540704, 596.0061057999999
1714372238972, 2024-04-29T06:30:38.972Z, 1144.9882613999998, 606.5137288
1714372238990, 2024-04-29T06:30:38.990Z, 1137.4686643999999, 615.7173944
1714372239004, 2024-04-29T06:30:39.004Z, 1130.1112067999998, 623.5259016
1714372239020, 2024-04-29T06:30:39.020Z, 1126.3423612000001, 628.0975415999999
1714372239036, 2024-04-29T06:30:39.036Z, 1124.0733258, 631.54611
1714372239051, 2024-04-29T06:30:39.051Z, 1123.378225, 631.5271704
1714372239066, 2024-04-29T06:30:39.066Z, 1123.1033044, 631.7175646
1714372239081, 2024-04-29T06:30:39.081Z, 1123.9695233999998, 630.8062961999999
1714372239098, 2024-04-29T06:30:39.098Z, 1125.306853, 629.7015312
1714372239113, 2024-04-29T06:30:39.113Z, 1126.7202568, 628.5332308
1714372239137, 2024-04-29T06:30:39.137Z, 1127.806104, 627.5648874
1714372239153, 2024-04-29T06:30:39.153Z, 1128.6320784000002, 627.4660655999999
1714372239177, 2024-04-29T06:30:39.177Z, 1130.8653604, 629.8102406
1714372239193, 2024-04-29T06:30:39.193Z, 1132.9166432000002, 633.5962974
1714372239208, 2024-04-29T06:30:39.208Z, 1134.4879568000001, 637.968129
1714372239224, 2024-04-29T06:30:39.224Z, 1135.4013186, 643.265554
1714372239240, 2024-04-29T06:30:39.240Z, 1136.9372250000001, 648.181983
1714372239254, 2024-04-29T06:30:39.254Z, 1138.6672238, 650.9844697999999
1714372239270, 2024-04-29T06:30:39.270Z, 1143.4349432, 652.9353998
1714372239295, 2024-04-29T06:30:39.295Z, 1152.40446, 654.0869683999999
1714372239316, 2024-04-29T06:30:39.316Z, 1163.6640275999998, 653.4988906000001
1714372239332, 2024-04-29T06:30:39.332Z, 1175.4472183999999, 652.4675623999999
1714372239348, 2024-04-29T06:30:39.348Z, 1186.4740141999998, 650.193481
1714372239364, 2024-04-29T06:30:39.364Z, 1194.4361522, 647.3377296
1714372239380, 2024-04-29T06:30:39.380Z, 1199.4349482, 644.3671558
1714372239395, 2024-04-29T06:30:39.395Z, 1203.1596116, 641.9734334000001
1714372239411, 2024-04-29T06:30:39.411Z, 1205.8614772, 639.5311945999999
1714372239440, 2024-04-29T06:30:39.440Z, 1207.421372, 637.7928009999999
1714372239458, 2024-04-29T06:30:39.458Z, 1205.5010082000001, 636.3861442
1714372239473, 2024-04-29T06:30:39.473Z, 1200.5075182, 635.2892362
1714372239490, 2024-04-29T06:30:39.490Z, 1189.3433037999998, 633.7052424000001
1714372239505, 2024-04-29T06:30:39.505Z, 1178.0898638, 632.3353703999999
1714372239521, 2024-04-29T06:30:39.521Z, 1165.1047244000001, 631.6818602000001
1714372239537, 2024-04-29T06:30:39.537Z, 1154.6818328000002, 631.7236909999999
1714372239553, 2024-04-29T06:30:39.553Z, 1145.6822918000003, 632.313798
1714372239569, 2024-04-29T06:30:39.569Z, 1142.5681202, 633.4717584
1714372239587, 2024-04-29T06:30:39.587Z, 1138.3132087999998, 636.2660638
1714372239616, 2024-04-29T06:30:39.616Z, 1136.0142848, 638.7055068
1714372239632, 2024-04-29T06:30:39.632Z, 1133.9658545999998, 640.6705384
1714372239649, 2024-04-29T06:30:39.649Z, 1129.5662134, 642.5218832
1714372239663, 2024-04-29T06:30:39.663Z, 1124.9910004, 644.2032997999999
1714372239678, 2024-04-29T06:30:39.678Z, 1121.401519, 644.1945434
1714372239695, 2024-04-29T06:30:39.695Z, 1117.5871364, 643.5546202
1714372239726, 2024-04-29T06:30:39.726Z, 1113.6563632, 642.123752
1714372239742, 2024-04-29T06:30:39.742Z, 1113.0308736, 640.9192362
1714372239758, 2024-04-29T06:30:39.758Z, 1112.8924591999998, 639.2935546000001
1714372239774, 2024-04-29T06:30:39.774Z, 1113.0642234000002, 638.3358428
1714372239790, 2024-04-29T06:30:39.790Z, 1112.8793460000002, 637.9910125999999
1714372239806, 2024-04-29T06:30:39.806Z, 1112.9271182, 638.072907
1714372239821, 2024-04-29T06:30:39.821Z, 1112.3020514, 637.4766169999999
1714372239838, 2024-04-29T06:30:39.838Z, 1111.2044624, 636.8118052000001
1714372239852, 2024-04-29T06:30:39.852Z, 1109.6255196, 635.70184
1714372239867, 2024-04-29T06:30:39.867Z, 1108.5119485999999, 634.5038378
1714372239889, 2024-04-29T06:30:39.889Z, 1107.4381257999999, 634.0258568
1714372239914, 2024-04-29T06:30:39.914Z, 1106.592255, 634.0561426
1714372239930, 2024-04-29T06:30:39.930Z, 1105.9358226000002, 637.7182386000001
1714372239946, 2024-04-29T06:30:39.946Z, 1106.2220842000002, 643.5035394
1714372239947, 2024-04-29T06:30:39.947Z, 1106.8928668, 649.1946604
1714372239963, 2024-04-29T06:30:39.963Z, 1107.0875595999998, 654.9119042
1714372239978, 2024-04-29T06:30:39.978Z, 1107.0763112, 660.1641654
1714372239993, 2024-04-29T06:30:39.993Z, 1107.3785244, 662.1096268
1714372240010, 2024-04-29T06:30:40.010Z, 1107.613709, 661.4452504
1714372240037, 2024-04-29T06:30:40.038Z, 1107.8101060000001, 660.5813676
1714372240053, 2024-04-29T06:30:40.053Z, 1108.7136566000001, 658.8581216
1714372240072, 2024-04-29T06:30:40.072Z, 1109.5071566, 657.4688904
1714372240088, 2024-04-29T06:30:40.088Z, 1110.1179584, 656.9793179999999
1714372240103, 2024-04-29T06:30:40.103Z, 1107.5393674, 658.308935
1714372240119, 2024-04-29T06:30:40.119Z, 1105.0046493999998, 660.1522778000001
1714372240135, 2024-04-29T06:30:40.135Z, 1108.9053056, 661.874325
1714372240151, 2024-04-29T06:30:40.151Z, 1113.333317, 663.6695552
1714372240167, 2024-04-29T06:30:40.167Z, 1118.270831, 664.9114496
1714372240190, 2024-04-29T06:30:40.190Z, 1128.4455272, 664.7736172
1714372240213, 2024-04-29T06:30:40.213Z, 1138.5492298, 665.5306459999999
1714372240229, 2024-04-29T06:30:40.229Z, 1142.349675, 666.8883296
1714372240245, 2024-04-29T06:30:40.245Z, 1146.4349619999998, 667.9104742
1714372240261, 2024-04-29T06:30:40.261Z, 1150.135552, 668.8385284000001
1714372240278, 2024-04-29T06:30:40.278Z, 1151.1237204000001, 670.0401592000001
1714372240293, 2024-04-29T06:30:40.293Z, 1151.372562, 670.0404169999999
1714372240309, 2024-04-29T06:30:40.309Z, 1149.5934843999999, 669.5535016
1714372240340, 2024-04-29T06:30:40.340Z, 1144.7948286, 668.8521412
1714372240355, 2024-04-29T06:30:40.355Z, 1140.2650989999997, 668.0505144
1714372240371, 2024-04-29T06:30:40.371Z, 1134.5582364000002, 667.2239674
1714372240387, 2024-04-29T06:30:40.387Z, 1129.74339, 666.2958851999999
1714372240403, 2024-04-29T06:30:40.403Z, 1125.2230501999998, 665.2648798
1714372240419, 2024-04-29T06:30:40.419Z, 1122.9857385999999, 664.4338846
1714372240435, 2024-04-29T06:30:40.435Z, 1120.3263479999998, 663.7418038
1714372240451, 2024-04-29T06:30:40.451Z, 1119.3374405999998, 662.9171521999999
1714372240467, 2024-04-29T06:30:40.467Z, 1117.5489478, 662.4213068
1714372240487, 2024-04-29T06:30:40.487Z, 1117.6416196, 662.8742076000001
1714372240503, 2024-04-29T06:30:40.503Z, 1117.990042, 663.7079486
1714372240518, 2024-04-29T06:30:40.518Z, 1118.314684, 664.8422312
1714372240547, 2024-04-29T06:30:40.547Z, 1117.487723, 666.5955334
1714372240563, 2024-04-29T06:30:40.563Z, 1117.1596181999998, 668.7075232
1714372240579, 2024-04-29T06:30:40.579Z, 1117.525906, 671.4226622
1714372240596, 2024-04-29T06:30:40.596Z, 1118.9293942, 675.4995808
1714372240611, 2024-04-29T06:30:40.611Z, 1121.5467985999999, 684.7812144
1714372240639, 2024-04-29T06:30:40.639Z, 1125.407428, 693.98158
1714372240652, 2024-04-29T06:30:40.652Z, 1129.3941, 703.9961413999999
1714372240665, 2024-04-29T06:30:40.665Z, 1133.0368954, 715.0990770000001
1714372240691, 2024-04-29T06:30:40.691Z, 1135.5538664, 728.9837637999999
1714372240707, 2024-04-29T06:30:40.707Z, 1136.6457050000001, 737.4662038
1714372240723, 2024-04-29T06:30:40.723Z, 1136.9017528, 745.7851262000001
1714372240739, 2024-04-29T06:30:40.739Z, 1135.5416183999998, 754.0321274
1714372240755, 2024-04-29T06:30:40.755Z, 1134.2894959999999, 759.3969874000001
1714372240771, 2024-04-29T06:30:40.771Z, 1132.8052702, 760.1655142
1714372240802, 2024-04-29T06:30:40.802Z, 1131.516334, 760.8278530000001
1714372240818, 2024-04-29T06:30:40.818Z, 1130.6658376, 761.0662090000001
1714372240850, 2024-04-29T06:30:40.850Z, 1131.8353098, 759.7921006
1714372240866, 2024-04-29T06:30:40.866Z, 1145.9101000000003, 763.2749738
1714372240897, 2024-04-29T06:30:40.897Z, 1166.8865244, 768.7656236
1714372240937, 2024-04-29T06:30:40.937Z, 1226.6667756, 784.087666
1714372240961, 2024-04-29T06:30:40.961Z, 1286.278605, 799.5466372000001
1714372240977, 2024-04-29T06:30:40.977Z, 1345.7160443999999, 815.0674339999999
1714372240993, 2024-04-29T06:30:40.993Z, 1393.2484253999999, 825.3463156
1714372241009, 2024-04-29T06:30:41.009Z, 1433.3215776000002, 833.8551110000001
1714372241025, 2024-04-29T06:30:41.025Z, 1434.0019764, 832.3597548000001
1714372241040, 2024-04-29T06:30:41.040Z, 1434.6338556000003, 830.6303776000001
1714372241055, 2024-04-29T06:30:41.055Z, 1434.6836558, 828.9999025999999
1714372241071, 2024-04-29T06:30:41.071Z, 1431.3672430000001, 826.009701
1714372241089, 2024-04-29T06:30:41.089Z, 1397.4175824, 766.010857
1714372241103, 2024-04-29T06:30:41.103Z, 1353.3090028000001, 687.4210879999999
1714372241118, 2024-04-29T06:30:41.118Z, 1306.7120977999998, 606.8052114
1714372241133, 2024-04-29T06:30:41.133Z, 1257.3536428000002, 521.8418202
1714372241148, 2024-04-29T06:30:41.148Z, 1210.0829304, 439.4048962
1714372241164, 2024-04-29T06:30:41.164Z, 1194.1082814000001, 414.1658668
1714372241180, 2024-04-29T06:30:41.180Z, 1188.9019125999998, 407.9108026
1714372241196, 2024-04-29T06:30:41.196Z, 1186.2984032, 404.3073408
1714372241212, 2024-04-29T06:30:41.212Z, 1186.7285394, 404.9231936
1714372241241, 2024-04-29T06:30:41.241Z, 1186.2688546000002, 404.591651
1714372241260, 2024-04-29T06:30:41.260Z, 1184.5909619999998, 404.4626724
1714372241276, 2024-04-29T06:30:41.276Z, 1180.950702, 405.4017318
1714372241292, 2024-04-29T06:30:41.292Z, 1175.903153, 406.50562879999995
1714372241307, 2024-04-29T06:30:41.307Z, 1167.6247012, 408.1739968
1714372241324, 2024-04-29T06:30:41.324Z, 1158.251904, 410.25025960000005
1714372241339, 2024-04-29T06:30:41.339Z, 1149.6329394, 411.71666000000005
1714372241357, 2024-04-29T06:30:41.357Z, 1142.8779232000002, 411.843596
1714372241372, 2024-04-29T06:30:41.372Z, 1137.9932616, 412.1614302
1714372241388, 2024-04-29T06:30:41.388Z, 1135.963459, 411.8143196
1714372241419, 2024-04-29T06:30:41.419Z, 1135.741971, 412.3975512
1714372241435, 2024-04-29T06:30:41.435Z, 1138.6543634000002, 415.36216160000004
1714372241451, 2024-04-29T06:30:41.451Z, 1199.4245742, 456.1074122
1714372241467, 2024-04-29T06:30:41.467Z, 1263.9889464, 499.07780600000007
1714372241483, 2024-04-29T06:30:41.483Z, 1332.5739454, 545.5065262
1714372241498, 2024-04-29T06:30:41.498Z, 1401.6049398, 592.9158476
1714372241513, 2024-04-29T06:30:41.513Z, 1470.0595333999997, 639.4431425999999
1714372241539, 2024-04-29T06:30:41.539Z, 1481.8076317999999, 649.8605067999999
1714372241553, 2024-04-29T06:30:41.553Z, 1490.4154197999999, 657.8268697999999
1714372241566, 2024-04-29T06:30:41.566Z, 1496.1179844, 662.8673356
1714372241583, 2024-04-29T06:30:41.583Z, 1501.7798432000002, 666.9339196
1714372241598, 2024-04-29T06:30:41.598Z, 1505.5614614, 670.207997
1714372241611, 2024-04-29T06:30:41.611Z, 1508.2631053999999, 673.1410682
1714372241633, 2024-04-29T06:30:41.633Z, 1509.7104548, 676.324784
1714372241655, 2024-04-29T06:30:41.655Z, 1509.9824438, 680.0099124000001
1714372241689, 2024-04-29T06:30:41.689Z, 1506.0452624000002, 683.0438538000001
1714372241718, 2024-04-29T06:30:41.718Z, 1497.5366794, 684.3454939999999
1714372241734, 2024-04-29T06:30:41.734Z, 1279.085375, 635.2015428
1714372241750, 2024-04-29T06:30:41.750Z, 1047.9546658000002, 582.416774
1714372241765, 2024-04-29T06:30:41.765Z, 803.6597392, 526.2937532
1714372241781, 2024-04-29T06:30:41.781Z, 562.1012102000001, 469.17746580000005
1714372241797, 2024-04-29T06:30:41.797Z, 325.1536834, 412.92121340000006
1714372241812, 2024-04-29T06:30:41.812Z, 295.1450182, 402.9747638
1714372241842, 2024-04-29T06:30:41.842Z, 280.860553, 399.1094684
1714372241859, 2024-04-29T06:30:41.859Z, 279.29755739999996, 399.0249298
1714372241891, 2024-04-29T06:30:41.891Z, 278.432911, 399.6828698
1714372241906, 2024-04-29T06:30:41.906Z, 276.3405326, 402.1603818
1714372241922, 2024-04-29T06:30:41.922Z, 271.7927148, 408.5784866
1714372241938, 2024-04-29T06:30:41.938Z, 261.77730080000003, 412.725735
1714372241954, 2024-04-29T06:30:41.954Z, 250.60679120000003, 416.4036749999999
1714372241970, 2024-04-29T06:30:41.970Z, 236.25517879999998, 422.0058018
1714372241988, 2024-04-29T06:30:41.988Z, 217.41225320000004, 428.5599934
1714372242003, 2024-04-29T06:30:42.003Z, 201.7340832, 434.2520792
1714372242017, 2024-04-29T06:30:42.017Z, 189.0053638, 438.86929499999997
1714372242033, 2024-04-29T06:30:42.033Z, 195.1710578, 440.8788096
1714372242048, 2024-04-29T06:30:42.048Z, 213.0158032, 441.1176778
1714372242064, 2024-04-29T06:30:42.064Z, 333.4420458, 435.73097040000005
1714372242079, 2024-04-29T06:30:42.079Z, 467.4829006, 430.1010222
1714372242111, 2024-04-29T06:30:42.111Z, 611.0735950000001, 423.5747192
1714372242126, 2024-04-29T06:30:42.126Z, 743.1155415999999, 418.6611788
1714372242142, 2024-04-29T06:30:42.142Z, 907.3007398, 411.06734479999994
1714372242158, 2024-04-29T06:30:42.158Z, 973.5302347999999, 407.9366518
1714372242190, 2024-04-29T06:30:42.190Z, 1028.932189, 403.9050594
1714372242206, 2024-04-29T06:30:42.206Z, 1074.5225148000002, 400.99224979999997
1714372242222, 2024-04-29T06:30:42.222Z, 1115.3834686, 398.8712292
1714372242238, 2024-04-29T06:30:42.238Z, 1115.3717894000001, 399.74585620000005
1714372242253, 2024-04-29T06:30:42.253Z, 1116.1164715999998, 399.602026
1714372242269, 2024-04-29T06:30:42.269Z, 1115.7733845999999, 400.5180146
1714372242289, 2024-04-29T06:30:42.289Z, 1115.7200514, 400.2229834
1714372242302, 2024-04-29T06:30:42.302Z, 1114.3325896, 398.6763812
1714372242318, 2024-04-29T06:30:42.318Z, 1113.3129832, 397.31064299999997
1714372242333, 2024-04-29T06:30:42.333Z, 1112.0480753999998, 396.204229
1714372242348, 2024-04-29T06:30:42.348Z, 1112.891169, 394.8318536
1714372242364, 2024-04-29T06:30:42.364Z, 1115.1688628, 396.1135716
1714372242380, 2024-04-29T06:30:42.380Z, 1120.0588592, 399.85179739999995
1714372242396, 2024-04-29T06:30:42.396Z, 1126.4053310000002, 405.43218959999996
1714372242412, 2024-04-29T06:30:42.412Z, 1133.4963386, 411.8173472
1714372242439, 2024-04-29T06:30:42.439Z, 1140.1938138, 419.8590198
1714372242454, 2024-04-29T06:30:42.454Z, 1145.6739320000001, 427.5054924
1714372242466, 2024-04-29T06:30:42.466Z, 1149.6054826, 435.36321680000003
1714372242483, 2024-04-29T06:30:42.483Z, 1152.587359, 441.9389706
1714372242498, 2024-04-29T06:30:42.498Z, 1154.7856356000002, 447.173987
1714372242511, 2024-04-29T06:30:42.511Z, 1160.0017564000002, 450.5731142000001
1714372242528, 2024-04-29T06:30:42.528Z, 1175.0616346, 452.08952659999994
1714372242554, 2024-04-29T06:30:42.554Z, 1191.2649768, 451.80742760000004
1714372242569, 2024-04-29T06:30:42.569Z, 1208.8841005999998, 451.6552353999999
1714372242588, 2024-04-29T06:30:42.588Z, 1234.824064, 451.69982100000004
1714372242617, 2024-04-29T06:30:42.617Z, 1254.9502354, 453.1149756000001
1714372242632, 2024-04-29T06:30:42.632Z, 1266.8728628, 458.3940866
1714372242648, 2024-04-29T06:30:42.648Z, 1278.6916394, 462.7843322
1714372242663, 2024-04-29T06:30:42.663Z, 1284.9967622, 464.550406
1714372242682, 2024-04-29T06:30:42.682Z, 1285.1765976000002, 466.3179732
1714372242696, 2024-04-29T06:30:42.696Z, 1288.2797868, 466.70440499999995
1714372242726, 2024-04-29T06:30:42.726Z, 1291.3457494, 460.86039299999993
1714372242758, 2024-04-29T06:30:42.758Z, 1288.2207428, 457.5724896
1714372242774, 2024-04-29T06:30:42.774Z, 1287.1999104000001, 454.20064500000007
1714372242790, 2024-04-29T06:30:42.790Z, 1284.9690752000001, 449.98673020000007
1714372242806, 2024-04-29T06:30:42.806Z, 1280.6981772000001, 446.1783114
1714372242822, 2024-04-29T06:30:42.822Z, 1272.7871858, 447.4944882
1714372242838, 2024-04-29T06:30:42.838Z, 1269.9404624, 446.51334720000006
1714372242854, 2024-04-29T06:30:42.854Z, 1268.7012644000001, 447.7138478
1714372242869, 2024-04-29T06:30:42.869Z, 1266.7871976000001, 449.636082
1714372242891, 2024-04-29T06:30:42.891Z, 1262.6287898, 452.8339978
1714372242917, 2024-04-29T06:30:42.917Z, 1258.3276298, 454.54994880000004
1714372242949, 2024-04-29T06:30:42.949Z, 1249.496149, 457.30153440000004
1714372242965, 2024-04-29T06:30:42.965Z, 1240.1157446, 458.6019872
1714372242981, 2024-04-29T06:30:42.981Z, 1230.9964138, 459.4728840000001
1714372242996, 2024-04-29T06:30:42.996Z, 1224.8085874, 459.2377222
1714372243012, 2024-04-29T06:30:43.012Z, 1219.8804638000001, 459.4158414
1714372243039, 2024-04-29T06:30:43.039Z, 1219.2552818, 458.6985678
1714372243059, 2024-04-29T06:30:43.059Z, 1218.9016666, 458.98198299999996
1714372243076, 2024-04-29T06:30:43.076Z, 1218.0010132, 460.5915438
1714372243090, 2024-04-29T06:30:43.090Z, 1223.2245836, 462.99827960000005
1714372243107, 2024-04-29T06:30:43.107Z, 1232.9284676000002, 472.98356359999997
1714372243122, 2024-04-29T06:30:43.122Z, 1245.8234336, 490.94833400000005
1714372243138, 2024-04-29T06:30:43.138Z, 1261.7091396, 511.13101880000005
1714372243153, 2024-04-29T06:30:43.153Z, 1281.9673541999998, 534.406514
1714372243169, 2024-04-29T06:30:43.169Z, 1307.5113784, 575.6400602000001
1714372243190, 2024-04-29T06:30:43.190Z, 1337.224475, 619.5291018
1714372243218, 2024-04-29T06:30:43.218Z, 1363.8498068000001, 656.4069254
1714372243233, 2024-04-29T06:30:43.233Z, 1387.4777182000003, 690.3700262
1714372243250, 2024-04-29T06:30:43.250Z, 1411.4283896000002, 732.3779413999998
1714372243264, 2024-04-29T06:30:43.264Z, 1425.4895860000001, 755.2381351999999
1714372243279, 2024-04-29T06:30:43.279Z, 1432.1755726000001, 767.0032054000001
1714372243295, 2024-04-29T06:30:43.295Z, 1440.5186767999999, 777.7879868000001
1714372243311, 2024-04-29T06:30:43.311Z, 1448.7197914, 789.5813172000001
1714372243340, 2024-04-29T06:30:43.340Z, 1454.5614942, 789.0424741999999
1714372243353, 2024-04-29T06:30:43.353Z, 1456.3283133999998, 790.1217718
1714372243366, 2024-04-29T06:30:43.366Z, 1455.7833462, 793.0331454000001
1714372243384, 2024-04-29T06:30:43.384Z, 1452.940581, 796.7273882000002
1714372243400, 2024-04-29T06:30:43.400Z, 1450.4193162000001, 800.112674
1714372243413, 2024-04-29T06:30:43.413Z, 1446.6533562, 803.190052
1714372243430, 2024-04-29T06:30:43.430Z, 1445.920761, 804.571853
1714372243443, 2024-04-29T06:30:43.443Z, 1446.9577092, 803.1516148000001
1714372243461, 2024-04-29T06:30:43.461Z, 1448.6772894, 801.5196837999999
1714372243489, 2024-04-29T06:30:43.489Z, 1451.7076308, 799.0365758
1714372243501, 2024-04-29T06:30:43.501Z, 1454.5223936, 794.8576932
1714372243518, 2024-04-29T06:30:43.518Z, 1457.4825432, 790.3067352
1714372243533, 2024-04-29T06:30:43.533Z, 1459.9979478, 787.3003644
1714372243548, 2024-04-29T06:30:43.548Z, 1461.3037258, 787.7812914000001
1714372243564, 2024-04-29T06:30:43.564Z, 1460.7020408, 789.8325986000001
1714372243580, 2024-04-29T06:30:43.580Z, 1459.5440979999998, 794.5384974
1714372243596, 2024-04-29T06:30:43.596Z, 1458.3031210000001, 799.4767042000001
1714372243612, 2024-04-29T06:30:43.612Z, 1459.0697536, 802.8173012
1714372243637, 2024-04-29T06:30:43.637Z, 1462.784703, 800.2731952
1714372243654, 2024-04-29T06:30:43.654Z, 1466.5291518000001, 798.3615540000001
1714372243668, 2024-04-29T06:30:43.668Z, 1469.0006732, 798.6583732
1714372243691, 2024-04-29T06:30:43.691Z, 1468.9253462000001, 801.7303558
1714372243707, 2024-04-29T06:30:43.707Z, 1466.2053006, 807.3249921999999
1714372243722, 2024-04-29T06:30:43.722Z, 1461.7693508, 813.9747745999999
1714372243738, 2024-04-29T06:30:43.738Z, 1457.6396622, 819.2575914000001
1714372243754, 2024-04-29T06:30:43.754Z, 1455.4983912000002, 820.5357727999999
1714372243770, 2024-04-29T06:30:43.770Z, 1455.7691008, 818.8119187999998
1714372243789, 2024-04-29T06:30:43.789Z, 1457.1955124, 814.7044124
1714372243817, 2024-04-29T06:30:43.817Z, 1457.997853, 811.7627586
1714372243833, 2024-04-29T06:30:43.833Z, 1458.2794078000002, 809.6472934000001
1714372243849, 2024-04-29T06:30:43.849Z, 1457.6239488, 810.0278596
1714372243865, 2024-04-29T06:30:43.865Z, 1457.4461974, 811.1752108
1714372243881, 2024-04-29T06:30:43.881Z, 1456.9661924, 813.2599223999999
1714372243897, 2024-04-29T06:30:43.897Z, 1456.8835304, 815.243324
1714372243913, 2024-04-29T06:30:43.913Z, 1454.3538239999998, 812.2848919999999