1714371929001, 2024-04-29T06:25:29.001Z, 1238.969675, 457.259904
1714371929018, 2024-04-29T06:25:29.018Z, 1236.8962545, 459.8449545
1714371929032, 2024-04-29T06:25:29.032Z, 1226.291524, 459.646094
1714371929047, 2024-04-29T06:25:29.047Z, 1203.4159419999999, 455.94515675
1714371929063, 2024-04-29T06:25:29.063Z, 1177.9269639999998, 451.35269159999996
1714371929079, 2024-04-29T06:25:29.079Z, 1018.9226214, 412.9058868
1714371929096, 2024-04-29T06:25:29.096Z, 859.3048154000002, 373.20054739999995
1714371929111, 2024-04-29T06:25:29.111Z, 679.9392944, 327.6672588
1714371929126, 2024-04-29T06:25:29.126Z, 513.1848723999999, 286.99174800000003
1714371929142, 2024-04-29T06:25:29.142Z, 359.0700994, 250.6384306
1714371929157, 2024-04-29T06:25:29.157Z, 331.11719860000005, 250.5709922
1714371929173, 2024-04-29T06:25:29.173Z, 304.8592138, 251.05443800000003
1714371929189, 2024-04-29T06:25:29.189Z, 304.54495719999994, 258.3398598
1714371929205, 2024-04-29T06:25:29.205Z, 305.1238512, 263.8148002
1714371929221, 2024-04-29T06:25:29.221Z, 304.2301578, 267.5527986
1714371929248, 2024-04-29T06:25:29.248Z, 303.37234099999995, 268.7073798
1714371929268, 2024-04-29T06:25:29.268Z, 299.5304002, 266.3278032
1714371929284, 2024-04-29T06:25:29.284Z, 295.0742826, 263.4537718
1714371929300, 2024-04-29T06:25:29.300Z, 289.8279228, 260.24138439999996
1714371929316, 2024-04-29T06:25:29.316Z, 284.8696269999999, 256.8977258
1714371929332, 2024-04-29T06:25:29.332Z, 273.50900659999996, 251.6071464
1714371929347, 2024-04-29T06:25:29.347Z, 249.11909799999998, 245.4424192
1714371929363, 2024-04-29T06:25:29.363Z, 226.1332262, 239.82200659999998
1714371929379, 2024-04-29T06:25:29.379Z, 203.55776100000003, 234.440013
1714371929398, 2024-04-29T06:25:29.398Z, 179.09406840000003, 227.58748340000002
1714371929427, 2024-04-29T06:25:29.427Z, 161.2325448, 222.2809118
1714371929458, 2024-04-29T06:25:29.458Z, 159.591754, 222.81552879999998
1714371929490, 2024-04-29T06:25:29.490Z, 157.70796, 223.0528898
1714371929505, 2024-04-29T06:25:29.505Z, 157.22039020000003, 223.3065912
1714371929521, 2024-04-29T06:25:29.521Z, 159.9004258, 225.5572392
1714371929545, 2024-04-29T06:25:29.545Z, 164.20351280000003, 229.86480260000002
1714371929570, 2024-04-29T06:25:29.570Z, 169.3560148, 234.6763038
1714371929586, 2024-04-29T06:25:29.586Z, 175.37324259999997, 240.103854
1714371929601, 2024-04-29T06:25:29.601Z, 184.3098306, 245.66612519999998
1714371929617, 2024-04-29T06:25:29.617Z, 199.1383854, 247.297867
1714371929633, 2024-04-29T06:25:29.633Z, 212.9699482, 245.80640120000004
1714371929650, 2024-04-29T06:25:29.650Z, 224.98774199999997, 240.6824856
1714371929666, 2024-04-29T06:25:29.666Z, 235.24792979999998, 234.4437328
1714371929681, 2024-04-29T06:25:29.681Z, 241.98855019999996, 226.8174224
1714371929698, 2024-04-29T06:25:29.698Z, 240.83058540000002, 219.59208839999997
1714371929712, 2024-04-29T06:25:29.712Z, 238.99064600000003, 213.57501860000002
1714371929728, 2024-04-29T06:25:29.728Z, 237.6132452, 209.76229360000002
1714371929744, 2024-04-29T06:25:29.744Z, 236.733277, 207.3447498
1714371929760, 2024-04-29T06:25:29.760Z, 236.03854379999999, 206.36831160000003
1714371929775, 2024-04-29T06:25:29.775Z, 236.425766, 208.34643820000002
1714371929791, 2024-04-29T06:25:29.791Z, 236.90548440000003, 210.38156840000002
1714371929806, 2024-04-29T06:25:29.806Z, 237.1450072, 211.3727672
1714371929823, 2024-04-29T06:25:29.823Z, 234.23066080000004, 210.9891064
1714371929854, 2024-04-29T06:25:29.854Z, 229.8207326, 210.0585266
1714371929871, 2024-04-29T06:25:29.871Z, 223.27471540000002, 209.4761552
1714371929886, 2024-04-29T06:25:29.886Z, 216.42063739999998, 208.43701959999999
1714371929901, 2024-04-29T06:25:29.901Z, 209.13876220000003, 207.15297700000002
1714371929916, 2024-04-29T06:25:29.916Z, 204.63377640000002, 205.37016060000002
1714371929932, 2024-04-29T06:25:29.932Z, 200.881263, 203.8611068
1714371929948, 2024-04-29T06:25:29.948Z, 199.4582882, 202.69923620000003
1714371929963, 2024-04-29T06:25:29.963Z, 198.108293, 202.3124186
1714371929981, 2024-04-29T06:25:29.981Z, 197.3234172, 202.04874839999997
1714371929996, 2024-04-29T06:25:29.996Z, 196.771177, 202.5442592
1714371930012, 2024-04-29T06:25:30.012Z, 197.399723, 203.21154080000002
1714371930027, 2024-04-29T06:25:30.027Z, 199.43258, 203.67875940000002
1714371930042, 2024-04-29T06:25:30.042Z, 204.99223539999997, 205.16585919999997
1714371930058, 2024-04-29T06:25:30.058Z, 237.2413168, 212.47677159999998
1714371930073, 2024-04-29T06:25:30.073Z, 271.53921579999997, 220.44662120000004
1714371930089, 2024-04-29T06:25:30.089Z, 306.86308080000003, 228.51754580000002
1714371930104, 2024-04-29T06:25:30.104Z, 342.1315504, 236.3957426
1714371930120, 2024-04-29T06:25:30.120Z, 375.116001, 243.26238279999998
1714371930149, 2024-04-29T06:25:30.149Z, 385.5647782, 246.8295974
1714371930164, 2024-04-29T06:25:30.164Z, 393.85034920000004, 249.8808234
1714371930179, 2024-04-29T06:25:30.179Z, 400.4240426, 252.9550574
1714371930193, 2024-04-29T06:25:30.193Z, 404.3225572, 253.08608600000002
1714371930207, 2024-04-29T06:25:30.207Z, 406.8489578, 251.09325600000003
1714371930230, 2024-04-29T06:25:30.230Z, 405.41229680000004, 247.1008036
1714371930246, 2024-04-29T06:25:30.246Z, 404.2247554, 242.6284514
1714371930262, 2024-04-29T06:25:30.262Z, 403.23543159999997, 237.2409842
1714371930278, 2024-04-29T06:25:30.278Z, 403.40017040000004, 234.5614582
1714371930299, 2024-04-29T06:25:30.299Z, 405.72098279999994, 235.028793
1714371930312, 2024-04-29T06:25:30.312Z, 408.58076099999994, 235.9863512
1714371930341, 2024-04-29T06:25:30.341Z, 411.27566179999997, 237.5363492
1714371930356, 2024-04-29T06:25:30.356Z, 414.175659, 240.6283166
1714371930373, 2024-04-29T06:25:30.373Z, 416.92825440000007, 243.75756140000004
1714371930388, 2024-04-29T06:25:30.388Z, 417.82167319999996, 245.6929356
1714371930403, 2024-04-29T06:25:30.403Z, 418.11762680000004, 246.7009046
1714371930435, 2024-04-29T06:25:30.435Z, 418.27681700000005, 246.8769866
1714371930450, 2024-04-29T06:25:30.450Z, 417.208662, 243.878392
1714371930466, 2024-04-29T06:25:30.466Z, 406.95534339999995, 236.2093414
1714371930481, 2024-04-29T06:25:30.481Z, 395.2542458, 227.82079000000004
1714371930497, 2024-04-29T06:25:30.497Z, 382.879141, 219.190114
1714371930514, 2024-04-29T06:25:30.514Z, 368.418757, 212.2262396
1714371930530, 2024-04-29T06:25:30.530Z, 355.23282, 207.9964364
1714371930545, 2024-04-29T06:25:30.545Z, 351.7598616, 208.7672998
1714371930561, 2024-04-29T06:25:30.561Z, 349.89638460000003, 210.10139860000004
1714371930577, 2024-04-29T06:25:30.577Z, 349.0710428, 213.5333994
1714371930600, 2024-04-29T06:25:30.600Z, 349.90683879999995, 216.27342219999997
1714371930613, 2024-04-29T06:25:30.613Z, 349.52273260000004, 218.32435660000002
1714371930626, 2024-04-29T06:25:30.626Z, 347.070266, 220.1252656
1714371930643, 2024-04-29T06:25:30.643Z, 344.4430214, 221.822781
1714371930671, 2024-04-29T06:25:30.671Z, 341.2839596, 221.0189746
1714371930687, 2024-04-29T06:25:30.687Z, 338.3956102, 219.4982964
1714371930702, 2024-04-29T06:25:30.702Z, 336.3712438, 217.99908220000003
1714371930718, 2024-04-29T06:25:30.718Z, 336.06605260000003, 215.062774
1714371930749, 2024-04-29T06:25:30.749Z, 336.19383660000005, 211.36054800000002
1714371930760, 2024-04-29T06:25:30.760Z, 336.62848620000005, 208.72194580000001
1714371930777, 2024-04-29T06:25:30.777Z, 336.7385818, 206.38913039999997
1714371930792, 2024-04-29T06:25:30.792Z, 335.664153, 204.38907339999997
1714371930805, 2024-04-29T06:25:30.805Z, 333.4904674, 203.39578120000002
1714371930823, 2024-04-29T06:25:30.823Z, 324.57739460000005, 203.0101818
1714371930837, 2024-04-29T06:25:30.837Z, 295.260033, 204.18014559999997
1714371930850, 2024-04-29T06:25:30.850Z, 264.7146094, 206.10092299999997
1714371930867, 2024-04-29T06:25:30.867Z, 233.88359, 208.67638619999997
1714371930897, 2024-04-29T06:25:30.897Z, 202.491941, 211.43281580000001
1714371930913, 2024-04-29T06:25:30.913Z, 177.85079879999998, 216.6458882
1714371930928, 2024-04-29T06:25:30.928Z, 173.2379668, 219.0966602
1714371930940, 2024-04-29T06:25:30.940Z, 170.21209539999998, 221.2977786
1714371930969, 2024-04-29T06:25:30.969Z, 168.0684746, 221.40047959999998
1714371930986, 2024-04-29T06:25:30.986Z, 167.39505979999998, 221.02614260000001
1714371931001, 2024-04-29T06:25:31.001Z, 166.1561474, 217.64049319999998
1714371931017, 2024-04-29T06:25:31.017Z, 165.050555, 214.7418998
1714371931033, 2024-04-29T06:25:31.033Z, 163.9097916, 211.1237032
1714371931049, 2024-04-29T06:25:31.049Z, 161.4673058, 209.697989
1714371931064, 2024-04-29T06:25:31.064Z, 158.930695, 208.84239399999996
1714371931080, 2024-04-29T06:25:31.080Z, 156.4996168, 208.919027
1714371931095, 2024-04-29T06:25:31.095Z, 153.95976919999998, 209.5525876
1714371931110, 2024-04-29T06:25:31.110Z, 151.21723460000004, 210.10899260000002
1714371931126, 2024-04-29T06:25:31.126Z, 150.322273, 209.8292066
1714371931142, 2024-04-29T06:25:31.142Z, 149.3314488, 209.66451579999998
1714371931158, 2024-04-29T06:25:31.158Z, 148.2917166, 209.50662319999998
1714371931174, 2024-04-29T06:25:31.174Z, 147.3054362, 209.429279
1714371931199, 2024-04-29T06:25:31.199Z, 146.52107080000002, 210.43677200000002
1714371931210, 2024-04-29T06:25:31.210Z, 145.78573920000002, 211.62377540000003
1714371931237, 2024-04-29T06:25:31.237Z, 145.5678642, 212.61346440000003
1714371931253, 2024-04-29T06:25:31.253Z, 146.0588414, 212.85411799999997
1714371931268, 2024-04-29T06:25:31.268Z, 146.7652256, 213.06186739999998
1714371931284, 2024-04-29T06:25:31.284Z, 150.95085260000002, 211.3956032
1714371931301, 2024-04-29T06:25:31.301Z, 165.0305686, 210.821258
1714371931316, 2024-04-29T06:25:31.316Z, 180.776759, 210.5357948
1714371931332, 2024-04-29T06:25:31.332Z, 195.068796, 210.64620960000002
1714371931348, 2024-04-29T06:25:31.348Z, 213.9089738, 211.3923052
1714371931363, 2024-04-29T06:25:31.363Z, 230.88995740000001, 214.300689
1714371931379, 2024-04-29T06:25:31.379Z, 238.0783234, 215.91222539999998
1714371931396, 2024-04-29T06:25:31.396Z, 243.9351964, 217.6044814
1714371931427, 2024-04-29T06:25:31.427Z, 251.14101219999998, 220.11981219999998
1714371931443, 2024-04-29T06:25:31.443Z, 254.054265, 222.8679626
1714371931458, 2024-04-29T06:25:31.458Z, 255.36199619999996, 224.7190282
1714371931474, 2024-04-29T06:25:31.474Z, 256.565397, 226.3057672
1714371931499, 2024-04-29T06:25:31.499Z, 255.26507499999997, 226.6627748
1714371931513, 2024-04-29T06:25:31.513Z, 252.7949318, 226.48258459999997
1714371931526, 2024-04-29T06:25:31.526Z, 249.1467958, 225.27439180000002
1714371931542, 2024-04-29T06:25:31.542Z, 244.554675, 223.75080239999997
1714371931558, 2024-04-29T06:25:31.558Z, 238.84181259999997, 221.69697539999999
1714371931570, 2024-04-29T06:25:31.570Z, 234.9231956, 220.48381060000003
1714371931587, 2024-04-29T06:25:31.587Z, 231.33235679999999, 219.1046586
1714371931602, 2024-04-29T06:25:31.602Z, 228.4584732, 217.4640898
1714371931616, 2024-04-29T06:25:31.616Z, 226.1167062, 215.45881560000004
1714371931664, 2024-04-29T06:25:31.664Z, 224.74119380000002, 213.47129699999996
1714371931680, 2024-04-29T06:25:31.680Z, 223.6069498, 211.47217080000001
1714371931695, 2024-04-29T06:25:31.695Z, 223.82411820000002, 211.16835700000001
1714371931711, 2024-04-29T06:25:31.711Z, 232.8607978, 213.21331959999998
1714371931726, 2024-04-29T06:25:31.726Z, 241.20325820000002, 215.9433218
1714371931742, 2024-04-29T06:25:31.742Z, 251.53736759999998, 219.2938214
1714371931758, 2024-04-29T06:25:31.758Z, 262.66565879999996, 222.4750826
1714371931774, 2024-04-29T06:25:31.774Z, 274.163309, 224.0775718
1714371931796, 2024-04-29T06:25:31.796Z, 277.33794980000005, 223.306438
1714371931812, 2024-04-29T06:25:31.812Z, 276.2301142, 221.29405140000003
1714371931827, 2024-04-29T06:25:31.827Z, 276.667398, 220.35666740000002
1714371931840, 2024-04-29T06:25:31.840Z, 277.24693319999994, 220.05179639999997
1714371931858, 2024-04-29T06:25:31.858Z, 275.53905960000003, 219.49180039999996
1714371931873, 2024-04-29T06:25:31.873Z, 273.8513886, 218.5153464
1714371931885, 2024-04-29T06:25:31.885Z, 277.91247080000005, 219.0200074
1714371931902, 2024-04-29T06:25:31.902Z, 277.295349, 218.4124922
1714371931917, 2024-04-29T06:25:31.917Z, 273.5035848, 217.11293060000003
1714371931951, 2024-04-29T06:25:31.951Z, 268.4903232, 215.86676619999997
1714371931966, 2024-04-29T06:25:31.966Z, 261.7883089999999, 215.6099662
1714371931979, 2024-04-29T06:25:31.979Z, 253.05313420000002, 214.6313462
1714371931992, 2024-04-29T06:25:31.992Z, 246.48296219999997, 214.1512436
1714371932007, 2024-04-29T06:25:32.007Z, 241.628071, 214.01432060000002
1714371932025, 2024-04-29T06:25:32.025Z, 238.83945520000003, 214.237641
1714371932040, 2024-04-29T06:25:32.040Z, 237.0280656, 213.55566959999996
1714371932055, 2024-04-29T06:25:32.055Z, 236.68522500000003, 212.8833142
1714371932071, 2024-04-29T06:25:32.071Z, 235.72788959999997, 211.8199328
1714371932098, 2024-04-29T06:25:32.098Z, 234.977868, 210.32272940000001
1714371932110, 2024-04-29T06:25:32.110Z, 234.47373580000004, 208.8479492
1714371932127, 2024-04-29T06:25:32.127Z, 234.9620534, 208.1559842
1714371932142, 2024-04-29T06:25:32.142Z, 235.7332376, 208.0466492
1714371932155, 2024-04-29T06:25:32.155Z, 236.8115734, 208.56916660000002
1714371932173, 2024-04-29T06:25:32.173Z, 238.19954420000005, 209.651843
1714371932187, 2024-04-29T06:25:32.187Z, 238.77465120000002, 210.3726194
1714371932200, 2024-04-29T06:25:32.200Z, 238.4092482, 210.97867820000002
1714371932217, 2024-04-29T06:25:32.217Z, 237.85080660000003, 211.37952860000001
1714371932247, 2024-04-29T06:25:32.247Z, 236.81948699999998, 211.1350346
1714371932267, 2024-04-29T06:25:32.267Z, 235.67174760000003, 210.698659
1714371932277, 2024-04-29T06:25:32.277Z, 234.3541576, 211.25644640000002
1714371932291, 2024-04-29T06:25:32.291Z, 233.038274, 211.28510999999997
1714371932307, 2024-04-29T06:25:32.307Z, 231.1877602, 210.92786900000002
1714371932322, 2024-04-29T06:25:32.322Z, 230.174253, 211.2087216
1714371932338, 2024-04-29T06:25:32.338Z, 226.22548420000004, 210.17825279999997
1714371932354, 2024-04-29T06:25:32.354Z, 222.897492, 208.13698720000002
1714371932370, 2024-04-29T06:25:32.370Z, 224.36637000000002, 207.5013992
1714371932399, 2024-04-29T06:25:32.399Z, 243.88088279999997, 208.2500156
1714371932412, 2024-04-29T06:25:32.412Z, 269.9391084, 208.676996
1714371932425, 2024-04-29T06:25:32.425Z, 295.3804408, 210.39549219999998
1714371932442, 2024-04-29T06:25:32.442Z, 321.1803672, 212.4465216
1714371932457, 2024-04-29T06:25:32.457Z, 343.7037538, 213.6914256
1714371932470, 2024-04-29T06:25:32.470Z, 346.1776452, 211.0820518
1714371932498, 2024-04-29T06:25:32.498Z, 339.66587319999996, 207.54151919999998
1714371932513, 2024-04-29T06:25:32.513Z, 337.0772516, 204.5035254
1714371932528, 2024-04-29T06:25:32.528Z, 332.74609999999996, 200.85113919999998
1714371932548, 2024-04-29T06:25:32.548Z, 331.8864346, 197.04027019999998
1714371932560, 2024-04-29T06:25:32.560Z, 331.470827, 195.2461222
1714371932577, 2024-04-29T06:25:32.577Z, 332.48868000000004, 195.52813879999997
1714371932591, 2024-04-29T06:25:32.591Z, 333.30034620000004, 195.76793779999997
1714371932606, 2024-04-29T06:25:32.606Z, 333.96148220000003, 195.32445439999998
1714371932638, 2024-04-29T06:25:32.638Z, 331.0814276, 195.94342939999999
1714371932654, 2024-04-29T06:25:32.654Z, 329.7009494, 197.13497379999998
1714371932670, 2024-04-29T06:25:32.670Z, 329.2756058, 197.4631846
1714371932696, 2024-04-29T06:25:32.696Z, 327.565391, 197.1313988
1714371932712, 2024-04-29T06:25:32.712Z, 327.62826980000006, 198.1417138
1714371932727, 2024-04-29T06:25:32.727Z, 328.16405999999995, 196.74939239999998
1714371932740, 2024-04-29T06:25:32.740Z, 330.07549200000005, 195.90038499999997
1714371932772, 2024-04-29T06:25:32.772Z, 353.36416979999996, 197.4260736
1714371932786, 2024-04-29T06:25:32.786Z, 376.55565879999995, 198.1816124
1714371932802, 2024-04-29T06:25:32.802Z, 434.97888779999994, 200.803366
1714371932817, 2024-04-29T06:25:32.817Z, 526.4778274, 206.88450419999998
1714371932851, 2024-04-29T06:25:32.851Z, 692.9223722, 216.2483628
1714371932862, 2024-04-29T06:25:32.862Z, 838.4465512, 221.673758
1714371932875, 2024-04-29T06:25:32.875Z, 985.7989836, 228.1767042
1714371932892, 2024-04-29T06:25:32.892Z, 1098.8053694, 232.83930059999997
1714371932909, 2024-04-29T06:25:32.909Z, 1176.4570896, 236.01259960000002
1714371932922, 2024-04-29T06:25:32.922Z, 1178.5952628, 235.58389200000002
1714371932937, 2024-04-29T06:25:32.937Z, 1179.6073728000001, 236.01445479999998
1714371932952, 2024-04-29T06:25:32.952Z, 1178.9605184000002, 235.0351764
1714371932968, 2024-04-29T06:25:32.968Z, 1177.6240242, 234.1226322
1714371932998, 2024-04-29T06:25:32.998Z, 1176.395342, 231.79044720000002
1714371933015, 2024-04-29T06:25:33.015Z, 1175.8819898, 230.774689
1714371933031, 2024-04-29T06:25:33.031Z, 1175.4658662000002, 230.0966852
1714371933047, 2024-04-29T06:25:33.047Z, 1176.6217392000003, 228.29869399999998
1714371933063, 2024-04-29T06:25:33.063Z, 1176.3561494, 217.011989
1714371933079, 2024-04-29T06:25:33.079Z, 1175.3034356, 202.8999722
1714371933095, 2024-04-29T06:25:33.095Z, 1173.3671688, 186.5684158
1714371933110, 2024-04-29T06:25:33.110Z, 1170.8494812000001, 169.240565
1714371933127, 2024-04-29T06:25:33.127Z, 1168.0134188, 154.177015
1714371933152, 2024-04-29T06:25:33.152Z, 1166.039521, 147.25690720000003
1714371933175, 2024-04-29T06:25:33.175Z, 1165.5774723999998, 144.60996400000002
1714371933190, 2024-04-29T06:25:33.190Z, 1165.7224712, 145.27602199999998
1714371933207, 2024-04-29T06:25:33.207Z, 1165.9486419999998, 146.039778
1714371933222, 2024-04-29T06:25:33.222Z, 1173.1926734, 147.10697159999998
1714371933238, 2024-04-29T06:25:33.238Z, 1210.8071954000002, 147.3527048
1714371933255, 2024-04-29T06:25:33.255Z, 1254.3777189999998, 141.1141302
1714371933298, 2024-04-29T06:25:33.298Z, 1297.9270947999998, 134.52206579999998
1714371933334, 2024-04-29T06:25:33.334Z, 1342.7532043999997, 128.930048
1714371933350, 2024-04-29T06:25:33.350Z, 1381.0935479999998, 124.6378126
1714371933365, 2024-04-29T06:25:33.365Z, 1389.0401583999999, 122.3368172
1714371933380, 2024-04-29T06:25:33.380Z, 1390.2890754, 128.2732894
1714371933395, 2024-04-29T06:25:33.395Z, 1391.1122406, 132.42126979999998
1714371933411, 2024-04-29T06:25:33.411Z, 1390.8371398000002, 135.60564779999999
1714371933427, 2024-04-29T06:25:33.427Z, 1389.4391554000001, 136.78270460000002
1714371933448, 2024-04-29T06:25:33.448Z, 1387.8605630000002, 136.17464760000001
1714371933460, 2024-04-29T06:25:33.460Z, 1386.3160304, 132.78611420000001
1714371933481, 2024-04-29T06:25:33.481Z, 1395.2865894000001, 129.6888044
1714371933494, 2024-04-29T06:25:33.494Z, 1423.2152216, 130.3662302
1714371933507, 2024-04-29T06:25:33.507Z, 1455.7907312, 132.0499706
1714371933538, 2024-04-29T06:25:33.538Z, 1491.2862956000001, 135.94616839999998
1714371933554, 2024-04-29T06:25:33.554Z, 1529.1367099999998, 140.4087656
1714371933570, 2024-04-29T06:25:33.570Z, 1555.7939064, 145.18841000000003
1714371933596, 2024-04-29T06:25:33.596Z, 1556.264198, 146.53373100000002
1714371933611, 2024-04-29T06:25:33.611Z, 1545.6548062000002, 147.36241720000004
1714371933650, 2024-04-29T06:25:33.650Z, 1523.819927, 148.04811899999999
1714371933665, 2024-04-29T06:25:33.665Z, 1488.6680648000001, 144.2983742
1714371933680, 2024-04-29T06:25:33.680Z, 1450.0003326, 138.853966
1714371933695, 2024-04-29T06:25:33.695Z, 1418.8781304000001, 134.2502642
1714371933711, 2024-04-29T06:25:33.711Z, 1395.282081, 132.6723404
1714371933727, 2024-04-29T06:25:33.727Z, 1380.9582462000003, 131.085553
1714371933748, 2024-04-29T06:25:33.748Z, 1379.556429, 134.2391092
1714371933762, 2024-04-29T06:25:33.762Z, 1382.2851558, 137.871109
1714371933791, 2024-04-29T06:25:33.791Z, 1384.5543038, 141.08555660000002
1714371933807, 2024-04-29T06:25:33.807Z, 1385.9762776, 140.5936136
1714371933822, 2024-04-29T06:25:33.822Z, 1387.0295226, 139.4956422
1714371933838, 2024-04-29T06:25:33.838Z, 1386.4997846, 137.5764176
1714371933853, 2024-04-29T06:25:33.853Z, 1386.0491183999998, 136.04275120000003
1714371933868, 2024-04-29T06:25:33.868Z, 1386.0244558, 135.136243
1714371933898, 2024-04-29T06:25:33.898Z, 1386.1126858, 134.3145206
1714371933914, 2024-04-29T06:25:33.914Z, 1386.2975418, 133.5031988
1714371933929, 2024-04-29T06:25:33.929Z, 1386.8974077999999, 133.21312640000002
1714371933946, 2024-04-29T06:25:33.946Z, 1387.4032960000002, 133.5189136
1714371933960, 2024-04-29T06:25:33.960Z, 1387.9297442, 133.5186856
1714371933976, 2024-04-29T06:25:33.976Z, 1388.7078072, 134.2979906
1714371933992, 2024-04-29T06:25:33.992Z, 1389.3114164, 135.4976168
1714371934008, 2024-04-29T06:25:34.008Z, 1389.4903954000001, 137.4158534
1714371934023, 2024-04-29T06:25:34.023Z, 1390.900089, 135.164221
1714371934046, 2024-04-29T06:25:34.046Z, 1392.1405394, 131.7935364
1714371934061, 2024-04-29T06:25:34.061Z, 1393.1667456, 127.97169980000001
1714371934077, 2024-04-29T06:25:34.077Z, 1393.9455406000002, 124.54085239999999
1714371934090, 2024-04-29T06:25:34.090Z, 1394.6779482000002, 121.6613712
1714371934107, 2024-04-29T06:25:34.107Z, 1391.7748476000002, 125.4303412
1714371934122, 2024-04-29T06:25:34.122Z, 1388.7858476000001, 130.1006122
1714371934150, 2024-04-29T06:25:34.150Z, 1386.359724, 134.80517300000002
1714371934166, 2024-04-29T06:25:34.166Z, 1386.3863476, 138.2800206
1714371934181, 2024-04-29T06:25:34.181Z, 1395.870154, 138.54109319999998
1714371934199, 2024-04-29T06:25:34.199Z, 1413.0581390000002, 135.950868
1714371934212, 2024-04-29T06:25:34.212Z, 1435.0846474, 134.17805200000004
1714371934227, 2024-04-29T06:25:34.227Z, 1479.3242112, 137.9458894
1714371934261, 2024-04-29T06:25:34.261Z, 1519.332821, 144.86972099999997
1714371934275, 2024-04-29T06:25:34.275Z, 1549.8964592, 153.6628556
1714371934291, 2024-04-29T06:25:34.291Z, 1575.4054158, 162.843962
1714371934306, 2024-04-29T06:25:34.306Z, 1596.2601644, 171.19063780000002
1714371934322, 2024-04-29T06:25:34.322Z, 1595.4471232, 172.9097572
1714371934348, 2024-04-29T06:25:34.348Z, 1596.9404394, 172.94918740000003
1714371934369, 2024-04-29T06:25:34.369Z, 1599.1027841999999, 172.68840219999998
1714371934385, 2024-04-29T06:25:34.385Z, 1602.1822084, 170.8692848
1714371934401, 2024-04-29T06:25:34.401Z, 1605.1697718, 169.170468
1714371934417, 2024-04-29T06:25:34.417Z, 1606.99254, 168.9258848
1714371934433, 2024-04-29T06:25:34.433Z, 1608.5498354, 168.248743
1714371934449, 2024-04-29T06:25:34.449Z, 1609.5880972, 168.27289839999997
1714371934465, 2024-04-29T06:25:34.465Z, 1609.3300038000002, 170.09889760000002
1714371934481, 2024-04-29T06:25:34.481Z, 1608.6942622000001, 172.5740636
1714371934512, 2024-04-29T06:25:34.512Z, 1607.7493142, 176.06813640000001
1714371934530, 2024-04-29T06:25:34.530Z, 1607.7601942000001, 178.27407660000003
1714371934543, 2024-04-29T06:25:34.543Z, 1610.6420028, 177.669045
1714371934558, 2024-04-29T06:25:34.558Z, 1613.138074, 175.5782774
1714371934574, 2024-04-29T06:25:34.574Z, 1616.114149, 172.6488548
1714371934590, 2024-04-29T06:25:34.590Z, 1616.6733112, 170.2087978
1714371934605, 2024-04-29T06:25:34.605Z, 1616.1761946000001, 169.1665538
1714371934620, 2024-04-29T06:25:34.620Z, 1612.7779628000003, 170.96240859999997
1714371934648, 2024-04-29T06:25:34.648Z, 1610.253891, 173.20206560000003
1714371934662, 2024-04-29T06:25:34.662Z, 1607.5088540000002, 173.3890944
1714371934675, 2024-04-29T06:25:34.675Z, 1607.8774656, 171.5383974
1714371934692, 2024-04-29T06:25:34.692Z, 1608.3055594000002, 168.947358
1714371934706, 2024-04-29T06:25:34.706Z, 1608.9158084000003, 165.6686584
1714371934730, 2024-04-29T06:25:34.730Z, 1609.8681150000002, 161.83707520000002
1714371934746, 2024-04-29T06:25:34.746Z, 1610.7988232, 159.9860652
1714371934763, 2024-04-29T06:25:34.763Z, 1611.5264872, 158.556866
1714371934776, 2024-04-29T06:25:34.776Z, 1612.4591661999998, 157.4392072
1714371934798, 2024-04-29T06:25:34.798Z, 1613.6152508, 156.282453
1714371934810, 2024-04-29T06:25:34.810Z, 1614.1842596, 155.83662320000002
1714371934827, 2024-04-29T06:25:34.827Z, 1615.4861025999999, 155.47113199999998
1714371934842, 2024-04-29T06:25:34.842Z, 1616.8523037999998, 156.64283259999996
1714371934871, 2024-04-29T06:25:34.871Z, 1618.0936723999998, 157.8754194
1714371934886, 2024-04-29T06:25:34.886Z, 1619.013825, 159.5923818
1714371934902, 2024-04-29T06:25:34.902Z, 1619.5628576000001, 161.1864172
1714371934918, 2024-04-29T06:25:34.918Z, 1619.2902652, 162.544166
1714371934946, 2024-04-29T06:25:34.946Z, 1618.8033266, 162.05754040000002
1714371934961, 2024-04-29T06:25:34.961Z, 1618.317165, 161.53378379999998
1714371934976, 2024-04-29T06:25:34.976Z, 1617.717652, 161.009045
1714371934990, 2024-04-29T06:25:34.990Z, 1617.1805748000002, 160.9359976
1714371935006, 2024-04-29T06:25:35.006Z, 1616.8094586000002, 161.0450002
1714371935021, 2024-04-29T06:25:35.021Z, 1616.4650786000002, 159.8971366
1714371935035, 2024-04-29T06:25:35.035Z, 1615.9427323999998, 158.5133826
1714371935052, 2024-04-29T06:25:35.052Z, 1615.641499, 157.0065362
1714371935070, 2024-04-29T06:25:35.070Z, 1616.2270919999999, 155.5313588
1714371935098, 2024-04-29T06:25:35.098Z, 1620.043255, 155.4949968
1714371935111, 2024-04-29T06:25:35.111Z, 1623.3581771999998, 156.7265654
1714371935124, 2024-04-29T06:25:35.124Z, 1627.9791854, 158.243849
1714371935141, 2024-04-29T06:25:35.141Z, 1632.9478664000003, 160.9120264
1714371935156, 2024-04-29T06:25:35.156Z, 1636.7329952000002, 163.60657080000001
1714371935183, 2024-04-29T06:25:35.183Z, 1636.4430057999998, 165.79815860000002
1714371935199, 2024-04-29T06:25:35.199Z, 1635.4891102, 168.82536880000004
1714371935214, 2024-04-29T06:25:35.214Z, 1630.2953448, 172.40515739999998
1714371935230, 2024-04-29T06:25:35.230Z, 1623.7554154000002, 175.2443704
1714371935261, 2024-04-29T06:25:35.261Z, 1599.8583328, 183.5995554
1714371935292, 2024-04-29T06:25:35.292Z, 1554.2451551999998, 199.27721400000001
1714371935308, 2024-04-29T06:25:35.308Z, 1510.358942, 213.52290200000002
1714371935324, 2024-04-29T06:25:35.324Z, 1469.8231752, 226.8035586
1714371935339, 2024-04-29T06:25:35.339Z, 1429.404078, 240.1919616
1714371935355, 2024-04-29T06:25:35.355Z, 1406.7819095999998, 248.68625160000002
1714371935371, 2024-04-29T06:25:35.371Z, 1405.157844, 248.74204220000001
1714371935395, 2024-04-29T06:25:35.395Z, 1402.7103184000002, 250.47097599999998
1714371935418, 2024-04-29T06:25:35.418Z, 1399.1248318, 253.04583059999996
1714371935434, 2024-04-29T06:25:35.434Z, 1396.3342488, 254.981071
1714371935450, 2024-04-29T06:25:35.450Z, 1392.075431, 256.4731954
1714371935466, 2024-04-29T06:25:35.466Z, 1390.2332242, 258.089176
1714371935482, 2024-04-29T06:25:35.482Z, 1388.5807690000001, 260.0974834
1714371935498, 2024-04-29T06:25:35.498Z, 1390.1845999999998, 262.14075779999996
1714371935515, 2024-04-29T06:25:35.515Z, 1390.1730401999998, 264.4795866
1714371935529, 2024-04-29T06:25:35.529Z, 1391.9844292, 266.329034
1714371935549, 2024-04-29T06:25:35.549Z, 1392.5338978, 268.2745146
1714371935575, 2024-04-29T06:25:35.575Z, 1393.2581083999999, 268.4461456
1714371935591, 2024-04-29T06:25:35.591Z, 1392.0171495999998, 268.9576782
1714371935606, 2024-04-29T06:25:35.606Z, 1392.6767692, 268.3825482
1714371935622, 2024-04-29T06:25:35.622Z, 1393.9542404000001, 268.3010438
1714371935637, 2024-04-29T06:25:35.637Z, 1395.286397, 268.27598
1714371935653, 2024-04-29T06:25:35.653Z, 1396.4849517999999, 268.6912104
1714371935669, 2024-04-29T06:25:35.669Z, 1397.083395, 266.3394088
1714371935698, 2024-04-29T06:25:35.698Z, 1397.9148175999999, 263.4379576
1714371935711, 2024-04-29T06:25:35.711Z, 1397.5899652, 260.6967234
1714371935727, 2024-04-29T06:25:35.727Z, 1399.1074551999998, 258.8612638
1714371935742, 2024-04-29T06:25:35.742Z, 1400.4199546, 257.255473
1714371935755, 2024-04-29T06:25:35.755Z, 1401.8112186, 257.79719880000005
1714371935772, 2024-04-29T06:25:35.772Z, 1399.8076142000002, 261.47807099999994
1714371935787, 2024-04-29T06:25:35.787Z, 1397.9243026, 264.086786
1714371935800, 2024-04-29T06:25:35.800Z, 1394.8272404, 265.4060344
1714371935817, 2024-04-29T06:25:35.817Z, 1393.1107538, 265.27034660000004
1714371935847, 2024-04-29T06:25:35.847Z, 1391.386824, 264.35328460000005
1714371935862, 2024-04-29T06:25:35.862Z, 1392.3412186, 263.0007792
1714371935880, 2024-04-29T06:25:35.880Z, 1392.2090982, 265.31563100000005
1714371935890, 2024-04-29T06:25:35.890Z, 1394.2553146, 266.0265802
1714371935919, 2024-04-29T06:25:35.919Z, 1392.9007354, 270.4934648
1714371935934, 2024-04-29T06:25:35.934Z, 1390.4615946, 275.1298924
1714371935949, 2024-04-29T06:25:35.949Z, 1386.389505, 280.3331032
1714371935965, 2024-04-29T06:25:35.965Z, 1384.5426896, 281.3527982
1714371935980, 2024-04-29T06:25:35.980Z, 1381.5318798, 283.17197020000003
1714371935998, 2024-04-29T06:25:35.998Z, 1380.0476054, 283.4895306
1714371936013, 2024-04-29T06:25:36.013Z, 1379.839145, 284.2383822
1714371936028, 2024-04-29T06:25:36.028Z, 1381.3187448, 283.5924118
1714371936044, 2024-04-29T06:25:36.044Z, 1388.4687924000002, 283.4612176
1714371936060, 2024-04-29T06:25:36.060Z, 1397.6075904, 284.5271918
1714371936074, 2024-04-29T06:25:36.074Z, 1439.240064, 284.95191739999996
1714371936089, 2024-04-29T06:25:36.089Z, 1485.4479754, 285.505259
1714371936104, 2024-04-29T06:25:36.104Z, 1521.3080898, 285.7359894
1714371936120, 2024-04-29T06:25:36.120Z, 1551.6971509999998, 286.4630518
1714371936149, 2024-04-29T06:25:36.149Z, 1595.54987, 288.74541639999995
1714371936160, 2024-04-29T06:25:36.160Z, 1607.3947702, 289.9707942
1714371936183, 2024-04-29T06:25:36.183Z, 1614.6460252000002, 290.87570139999997
1714371936198, 2024-04-29T06:25:36.198Z, 1632.3555074, 291.90007519999995
1714371936214, 2024-04-29T06:25:36.214Z, 1648.6170518, 294.7489298
1714371936229, 2024-04-29T06:25:36.229Z, 1647.9739326, 295.83678419999995
1714371936245, 2024-04-29T06:25:36.245Z, 1647.2389466, 297.8008782
1714371936260, 2024-04-29T06:25:36.260Z, 1646.4971123999999, 299.570824
1714371936276, 2024-04-29T06:25:36.276Z, 1646.110099, 300.8782021999999
1714371936296, 2024-04-29T06:25:36.296Z, 1645.9373615999998, 299.6243348
1714371936312, 2024-04-29T06:25:36.312Z, 1645.2376213999996, 297.8297228
1714371936368, 2024-04-29T06:25:36.368Z, 1645.2677749999998, 297.190896
1714371936384, 2024-04-29T06:25:36.384Z, 1644.9408722, 296.82356280000005
1714371936399, 2024-04-29T06:25:36.399Z, 1415.9547817999999, 287.2416146
1714371936415, 2024-04-29T06:25:36.415Z, 1168.7912226, 279.7778604
1714371936447, 2024-04-29T06:25:36.447Z, 913.0938917999999, 271.34811179999997
1714371936461, 2024-04-29T06:25:36.461Z, 633.594767, 263.95340659999994
1714371936477, 2024-04-29T06:25:36.477Z, 352.4408304, 255.51057659999998
1714371936492, 2024-04-29T06:25:36.492Z, 296.5247944, 258.36649019999993
1714371936508, 2024-04-29T06:25:36.508Z, 258.629326, 259.8261526
1714371936524, 2024-04-29T06:25:36.524Z, 230.1962142, 262.7421084
1714371936540, 2024-04-29T06:25:36.540Z, 225.43897660000002, 264.7046322
1714371936554, 2024-04-29T06:25:36.554Z, 222.205, 267.35545220000006
1714371936570, 2024-04-29T06:25:36.570Z, 221.54701540000002, 268.3206716
1714371936598, 2024-04-29T06:25:36.598Z, 213.60245460000002, 273.5494716
1714371936610, 2024-04-29T06:25:36.610Z, 199.3100896, 281.6076766
1714371936633, 2024-04-29T06:25:36.633Z, 184.57792799999999, 288.24043359999996
1714371936648, 2024-04-29T06:25:36.648Z, 169.75257119999998, 295.24945820000005
1714371936663, 2024-04-29T06:25:36.663Z, 158.1018196, 300.378326
1714371936679, 2024-04-29T06:25:36.679Z, 154.0939434, 302.6860552
1714371936696, 2024-04-29T06:25:36.696Z, 157.8011628, 301.904036
1714371936710, 2024-04-29T06:25:36.710Z, 160.4282452, 302.58350740000003
1714371936726, 2024-04-29T06:25:36.726Z, 164.7490182, 301.603279
1714371936747, 2024-04-29T06:25:36.747Z, 157.6314298, 299.10744639999996
1714371936764, 2024-04-29T06:25:36.764Z, 150.4687786, 295.1918196
1714371936777, 2024-04-29T06:25:36.777Z, 142.1709288, 291.96337299999993
1714371936790, 2024-04-29T06:25:36.790Z, 132.5685214, 286.5585462
1714371936807, 2024-04-29T06:25:36.807Z, 122.15545319999998, 283.5414136
1714371936822, 2024-04-29T06:25:36.822Z, 122.52256539999999, 286.0513698
1714371936835, 2024-04-29T06:25:36.835Z, 122.6075566, 290.8527874
1714371936852, 2024-04-29T06:25:36.852Z, 123.18920740000002, 295.493318
1714371936867, 2024-04-29T06:25:36.867Z, 126.44015440000001, 301.8554472
1714371936898, 2024-04-29T06:25:36.898Z, 131.26731439999998, 309.36921159999997
1714371936912, 2024-04-29T06:25:36.912Z, 135.50980780000003, 314.90021459999997
1714371936928, 2024-04-29T06:25:36.928Z, 138.8402232, 318.09716719999994
1714371936943, 2024-04-29T06:25:36.943Z, 142.5662354, 321.73952539999993
1714371936959, 2024-04-29T06:25:36.959Z, 145.0768028, 324.255163
1714371936976, 2024-04-29T06:25:36.976Z, 142.6603316, 326.1146986
1714371936990, 2024-04-29T06:25:36.990Z, 139.8285452, 327.58464979999997
1714371937021, 2024-04-29T06:25:37.021Z, 147.669195, 328.99161979999997
1714371937048, 2024-04-29T06:25:37.048Z, 324.15965919999996, 361.6373772
1714371937059, 2024-04-29T06:25:37.059Z, 501.77765239999997, 394.8983442
1714371937083, 2024-04-29T06:25:37.083Z, 696.0821706, 429.0961792
1714371937099, 2024-04-29T06:25:37.099Z, 899.9712230000001, 462.7120006
1714371937114, 2024-04-29T06:25:37.114Z, 1096.016218, 496.45050660000004
1714371937129, 2024-04-29T06:25:37.129Z, 1123.7343004, 495.2166338
1714371937147, 2024-04-29T06:25:37.147Z, 1152.872451, 492.19538320000004
1714371937161, 2024-04-29T06:25:37.161Z, 1168.6451838, 486.1502024
1714371937177, 2024-04-29T06:25:37.177Z, 1174.1168384, 475.94668900000005
1714371937207, 2024-04-29T06:25:37.207Z, 1178.7664636000002, 456.8048112
1714371937223, 2024-04-29T06:25:37.223Z, 1181.7120852, 441.686009
1714371937238, 2024-04-29T06:25:37.238Z, 1183.0021448000002, 421.32135420000003
1714371937254, 2024-04-29T06:25:37.254Z, 1183.8476304, 402.118976
1714371937269, 2024-04-29T06:25:37.269Z, 1183.7873862000001, 388.84220280000005
1714371937285, 2024-04-29T06:25:37.285Z, 1182.7267152, 385.7940638
1714371937300, 2024-04-29T06:25:37.300Z, 1181.8969914000002, 383.30670899999996
1714371937316, 2024-04-29T06:25:37.316Z, 1181.1763918000001, 387.7832646
1714371937331, 2024-04-29T06:25:37.331Z, 1180.4052497999999, 392.07856019999997
1714371937348, 2024-04-29T06:25:37.348Z, 1181.5950692000001, 394.21741000000003
1714371937362, 2024-04-29T06:25:37.362Z, 1182.4291484, 395.674733
1714371937378, 2024-04-29T06:25:37.378Z, 1185.2946238, 395.97093320000005
1714371937393, 2024-04-29T06:25:37.393Z, 1201.1783116000001, 397.23158380000007
1714371937409, 2024-04-29T06:25:37.409Z, 1218.6402618, 398.7294894
1714371937425, 2024-04-29T06:25:37.425Z, 1234.2614248, 401.2060606
1714371937439, 2024-04-29T06:25:37.439Z, 1251.8101863999998, 402.8297956
1714371937455, 2024-04-29T06:25:37.455Z, 1267.0509797999998, 402.8881138
1714371937471, 2024-04-29T06:25:37.471Z, 1270.6606552, 401.0520358
1714371937498, 2024-04-29T06:25:37.498Z, 1276.7937803999998, 396.8652184
1714371937509, 2024-04-29T06:25:37.509Z, 1283.7877048, 392.4199682
1714371937527, 2024-04-29T06:25:37.527Z, 1291.6873986, 390.57939739999995
1714371937541, 2024-04-29T06:25:37.541Z, 1300.025658, 388.9414106
1714371937555, 2024-04-29T06:25:37.555Z, 1307.7557769999999, 387.9178848
1714371937572, 2024-04-29T06:25:37.572Z, 1312.8412180000003, 389.833012
1714371937587, 2024-04-29T06:25:37.587Z, 1316.7009582, 392.410115
1714371937600, 2024-04-29T06:25:37.600Z, 1315.5511471999998, 392.48669060000003
1714371937622, 2024-04-29T06:25:37.622Z, 1310.1852156, 393.20537320000005
1714371937646, 2024-04-29T06:25:37.646Z, 1291.4724363999999, 394.323354
1714371937667, 2024-04-29T06:25:37.667Z, 1266.8386177999998, 395.316699
1714371937690, 2024-04-29T06:25:37.690Z, 1236.0686122000002, 396.8393274
1714371937705, 2024-04-29T06:25:37.705Z, 1202.3795308, 398.9907786
1714371937721, 2024-04-29T06:25:37.721Z, 1172.5006582, 401.5174636
1714371937737, 2024-04-29T06:25:37.737Z, 1153.999138, 402.49500639999997
1714371937752, 2024-04-29T06:25:37.752Z, 1139.7960452, 402.27423280000005
1714371937769, 2024-04-29T06:25:37.769Z, 1131.7638848000001, 399.38048619999995
1714371937803, 2024-04-29T06:25:37.803Z, 1129.4159758, 395.14325899999994
1714371937816, 2024-04-29T06:25:37.816Z, 1127.0097366000002, 390.97423799999996
1714371937832, 2024-04-29T06:25:37.832Z, 1124.5079902000002, 388.34305220000005
1714371937847, 2024-04-29T06:25:37.847Z, 1119.0985918, 386.05538179999996
1714371937863, 2024-04-29T06:25:37.863Z, 1114.2065883999999, 385.7569972
1714371937878, 2024-04-29T06:25:37.878Z, 1109.31279, 386.9437152
1714371937894, 2024-04-29T06:25:37.894Z, 1104.606052, 388.46173740000006
1714371937909, 2024-04-29T06:25:37.909Z, 1101.2737582000002, 389.8458036
1714371937925, 2024-04-29T06:25:37.925Z, 1100.9321960000002, 392.07035339999993
1714371937951, 2024-04-29T06:25:37.951Z, 1101.2584268, 394.3451598
1714371937972, 2024-04-29T06:25:37.972Z, 1101.7567834000001, 395.82105160000003
1714371937988, 2024-04-29T06:25:37.988Z, 1102.3867607999998, 396.4217796
1714371938004, 2024-04-29T06:25:38.004Z, 1102.9275536, 396.1277846
1714371938020, 2024-04-29T06:25:38.020Z, 1103.8066812, 394.6148558
1714371938035, 2024-04-29T06:25:38.035Z, 1105.0906124, 390.4267608
1714371938053, 2024-04-29T06:25:38.053Z, 1106.0287845999999, 386.1484792
1714371938069, 2024-04-29T06:25:38.069Z, 1106.4850040000001, 382.3243092
1714371938112, 2024-04-29T06:25:38.112Z, 1106.6129692, 381.3863966
1714371938129, 2024-04-29T06:25:38.129Z, 1106.0998999999997, 381.77255640000004
1714371938144, 2024-04-29T06:25:38.144Z, 1029.9725954, 373.387655
1714371938160, 2024-04-29T06:25:38.160Z, 912.7185532, 358.8939228
1714371938175, 2024-04-29T06:25:38.175Z, 822.8657088, 344.4591612
1714371938191, 2024-04-29T06:25:38.191Z, 773.1011624, 331.2684095999999
1714371938207, 2024-04-29T06:25:38.207Z, 737.8025971999999, 319.4683994
1714371938222, 2024-04-29T06:25:38.222Z, 788.2819821999999, 321.18379799999997
1714371938248, 2024-04-29T06:25:38.248Z, 903.4859882000001, 333.5515914
1714371938267, 2024-04-29T06:25:38.267Z, 993.5675386, 346.99653720000003
1714371938285, 2024-04-29T06:25:38.285Z, 1047.2647353999998, 358.35650840000005
1714371938301, 2024-04-29T06:25:38.301Z, 1087.2914226, 368.17268060000004
1714371938316, 2024-04-29T06:25:38.316Z, 1116.2383968, 374.7849674
1714371938332, 2024-04-29T06:25:38.332Z, 1121.9330494, 376.717711
1714371938348, 2024-04-29T06:25:38.348Z, 1125.4075005999998, 376.8060924
1714371938363, 2024-04-29T06:25:38.363Z, 1125.3505386, 375.655544
1714371938379, 2024-04-29T06:25:38.379Z, 1124.7075001999997, 373.4652476
1714371938399, 2024-04-29T06:25:38.399Z, 1123.9277665999998, 371.97869479999997
1714371938414, 2024-04-29T06:25:38.414Z, 1122.8158496, 372.1313344
1714371938442, 2024-04-29T06:25:38.442Z, 1121.116845, 372.6470126
1714371938458, 2024-04-29T06:25:38.458Z, 1119.3236818, 373.4329404
1714371938474, 2024-04-29T06:25:38.474Z, 1117.0758700000001, 374.17095600000005
1714371938489, 2024-04-29T06:25:38.489Z, 1114.2382592, 374.59007099999997
1714371938520, 2024-04-29T06:25:38.520Z, 1102.9052126, 371.11581579999995
1714371938546, 2024-04-29T06:25:38.546Z, 1047.8149727999999, 363.66335719999995
1714371938567, 2024-04-29T06:25:38.567Z, 982.7896483999999, 355.45394
1714371938583, 2024-04-29T06:25:38.583Z, 895.2666886000001, 346.7533686
1714371938599, 2024-04-29T06:25:38.599Z, 768.597582, 336.04224480000005
1714371938614, 2024-04-29T06:25:38.614Z, 612.9146356000001, 325.0682508
1714371938630, 2024-04-29T06:25:38.630Z, 501.96980759999997, 318.76148
1714371938646, 2024-04-29T06:25:38.646Z, 400.7920458, 313.4975154
1714371938661, 2024-04-29T06:25:38.661Z, 322.9007604, 309.83712440000005
1714371938677, 2024-04-29T06:25:38.677Z, 284.91068580000007, 309.29014100000006
1714371938703, 2024-04-29T06:25:38.703Z, 284.25557779999997, 311.38316480000003
1714371938712, 2024-04-29T06:25:38.712Z, 284.59297660000004, 315.1211418
1714371938725, 2024-04-29T06:25:38.725Z, 285.5081776, 317.9729662
1714371938757, 2024-04-29T06:25:38.757Z, 286.9194528, 320.3083094
1714371938773, 2024-04-29T06:25:38.773Z, 289.2456814, 321.9725906
1714371938788, 2024-04-29T06:25:38.788Z, 289.4668602, 324.6461304
1714371938804, 2024-04-29T06:25:38.804Z, 285.28770860000003, 326.0760182
1714371938820, 2024-04-29T06:25:38.820Z, 280.1212094, 327.9605264
1714371938848, 2024-04-29T06:25:38.848Z, 266.6865006, 331.5887695999999
1714371938859, 2024-04-29T06:25:38.859Z, 252.43100219999997, 335.31854880000003
1714371938876, 2024-04-29T06:25:38.876Z, 240.63510300000002, 338.6990884
1714371938892, 2024-04-29T06:25:38.892Z, 232.3357682, 341.32671339999996
1714371938904, 2024-04-29T06:25:38.904Z, 225.8379688, 344.5404228
1714371938921, 2024-04-29T06:25:38.921Z, 227.62082479999998, 345.28321539999996
1714371938936, 2024-04-29T06:25:38.936Z, 229.110405, 345.36554939999996
1714371938949, 2024-04-29T06:25:38.949Z, 230.342405, 345.1364692
1714371938966, 2024-04-29T06:25:38.966Z, 227.37313699999999, 337.5590326
1714371938995, 2024-04-29T06:25:38.995Z, 215.2111706, 320.7066468
1714371939023, 2024-04-29T06:25:39.023Z, 203.9533238, 305.02976019999994
1714371939039, 2024-04-29T06:25:39.039Z, 192.8346712, 289.70035199999995
1714371939055, 2024-04-29T06:25:39.055Z, 180.7490616, 275.3642602
1714371939072, 2024-04-29T06:25:39.072Z, 172.1193712, 269.24344759999997
1714371939087, 2024-04-29T06:25:39.087Z, 176.2952628, 272.4067906
1714371939102, 2024-04-29T06:25:39.102Z, 175.83249080000002, 273.77663640000003
1714371939117, 2024-04-29T06:25:39.117Z, 176.4809606, 275.9220148
1714371939148, 2024-04-29T06:25:39.148Z, 177.1171396, 276.9387088
1714371939163, 2024-04-29T06:25:39.163Z, 173.017301, 279.1798914
1714371939179, 2024-04-29T06:25:39.179Z, 163.2700372, 280.7460066
1714371939195, 2024-04-29T06:25:39.195Z, 156.325582, 282.67745460000003
1714371939211, 2024-04-29T06:25:39.211Z, 147.16018599999998, 283.186406
1714371939226, 2024-04-29T06:25:39.226Z, 138.25745360000002, 283.24497099999996
1714371939242, 2024-04-29T06:25:39.242Z, 134.2510256, 281.41401079999997
1714371939258, 2024-04-29T06:25:39.258Z, 131.78302599999998, 279.80661219999996
1714371939274, 2024-04-29T06:25:39.274Z, 130.7263508, 280.5374486
1714371939298, 2024-04-29T06:25:39.298Z, 131.65077000000002, 283.17605199999997
1714371939321, 2024-04-29T06:25:39.321Z, 132.3291602, 286.4328434
1714371939337, 2024-04-29T06:25:39.337Z, 132.624717, 290.4973778
1714371939353, 2024-04-29T06:25:39.353Z, 132.55799299999998, 296.78177519999997
1714371939368, 2024-04-29T06:25:39.368Z, 131.67546, 304.1547928
1714371939384, 2024-04-29T06:25:39.384Z, 130.27524899999997, 324.2020962
1714371939400, 2024-04-29T06:25:39.400Z, 129.86581619999998, 345.725829
1714371939417, 2024-04-29T06:25:39.417Z, 130.8664636, 383.1118042
1714371939445, 2024-04-29T06:25:39.445Z, 131.95849139999999, 418.25431419999995
1714371939466, 2024-04-29T06:25:39.466Z, 132.7371204, 450.3190189999999
1714371939478, 2024-04-29T06:25:39.478Z, 132.9209406, 467.83009979999997
1714371939493, 2024-04-29T06:25:39.493Z, 133.1274648, 483.59788719999995
1714371939509, 2024-04-29T06:25:39.509Z, 131.3454976, 481.29269539999996
1714371939524, 2024-04-29T06:25:39.524Z, 129.4130778, 478.60170020000004
1714371939540, 2024-04-29T06:25:39.540Z, 127.79798600000001, 476.3930434
1714371939557, 2024-04-29T06:25:39.557Z, 126.74884019999999, 476.53196439999994
1714371939572, 2024-04-29T06:25:39.572Z, 125.8207624, 477.09860360000005
1714371939598, 2024-04-29T06:25:39.598Z, 126.52535379999999, 479.9166758
1714371939612, 2024-04-29T06:25:39.612Z, 128.0239262, 483.4770872
1714371939624, 2024-04-29T06:25:39.624Z, 131.2651496, 485.4455296
1714371939651, 2024-04-29T06:25:39.651Z, 143.1343466, 485.5561666
1714371939666, 2024-04-29T06:25:39.666Z, 160.3036232, 484.412298
1714371939682, 2024-04-29T06:25:39.682Z, 177.4903288, 481.90914860000004
1714371939699, 2024-04-29T06:25:39.699Z, 197.89005600000002, 478.35397539999997
1714371939715, 2024-04-29T06:25:39.715Z, 216.19301460000003, 476.58611199999996
1714371939730, 2024-04-29T06:25:39.730Z, 232.2694786, 475.3257278
1714371939751, 2024-04-29T06:25:39.751Z, 243.05138820000002, 474.8804084
1714371939761, 2024-04-29T06:25:39.761Z, 253.4152778, 475.021302
1714371939778, 2024-04-29T06:25:39.778Z, 259.9021618, 475.9834416
1714371939793, 2024-04-29T06:25:39.793Z, 267.2392478, 477.04418940000005
1714371939809, 2024-04-29T06:25:39.809Z, 268.69497379999996, 478.3228722
1714371939824, 2024-04-29T06:25:39.824Z, 273.3805248, 480.20236880000004
1714371939840, 2024-04-29T06:25:39.840Z, 279.879953, 481.74366399999997
1714371939855, 2024-04-29T06:25:39.855Z, 288.9933368, 482.04534939999996
1714371939871, 2024-04-29T06:25:39.871Z, 301.2747206, 481.0629464
1714371939897, 2024-04-29T06:25:39.897Z, 317.7198038, 478.24715299999997
1714371939912, 2024-04-29T06:25:39.912Z, 337.28005459999997, 475.2633884
1714371939928, 2024-04-29T06:25:39.928Z, 355.1839182, 472.4675942
1714371939944, 2024-04-29T06:25:39.944Z, 370.15524459999995, 470.3344458
1714371939965, 2024-04-29T06:25:39.965Z, 380.7848046, 468.0607218
1714371939980, 2024-04-29T06:25:39.980Z, 386.21505779999995, 467.56017440000005
1714371939996, 2024-04-29T06:25:39.996Z, 385.12633460000006, 467.048412
1714371940012, 2024-04-29T06:25:40.012Z, 384.4434254, 467.07678500000003
1714371940028, 2024-04-29T06:25:40.028Z, 384.6483062, 467.4945498
1714371940059, 2024-04-29T06:25:40.059Z, 391.3095612, 469.6223594
1714371940075, 2024-04-29T06:25:40.075Z, 396.91340820000005, 472.1666064000001
1714371940090, 2024-04-29T06:25:40.090Z, 402.94352960000003, 474.898243
1714371940106, 2024-04-29T06:25:40.106Z, 412.31559960000004, 479.6571677999999
1714371940121, 2024-04-29T06:25:40.121Z, 420.73670920000006, 483.6905826
1714371940138, 2024-04-29T06:25:40.138Z, 383.0400876, 512.163696
1714371940154, 2024-04-29T06:25:40.154Z, 345.0410286, 541.122378
1714371940167, 2024-04-29T06:25:40.167Z, 297.97175899999996, 573.8871854
1714371940200, 2024-04-29T06:25:40.200Z, 239.404504, 608.9577746000001
1714371940215, 2024-04-29T06:25:40.215Z, 181.308826, 644.6772416000001
1714371940230, 2024-04-29T06:25:40.230Z, 164.068562, 657.0761388000001
1714371940245, 2024-04-29T06:25:40.245Z, 147.2329788, 676.0634253999999
1714371940261, 2024-04-29T06:25:40.261Z, 138.097453, 692.9029352
1714371940276, 2024-04-29T06:25:40.276Z, 134.7907268, 707.116035
1714371940292, 2024-04-29T06:25:40.292Z, 128.9623844, 719.7802294
1714371940307, 2024-04-29T06:25:40.307Z, 122.6233252, 731.2457968
1714371940324, 2024-04-29T06:25:40.324Z, 117.1696712, 735.494463
1714371940350, 2024-04-29T06:25:40.350Z, 110.40033659999999, 735.7896484
1714371940362, 2024-04-29T06:25:40.362Z, 105.6676386, 733.356549
1714371940378, 2024-04-29T06:25:40.378Z, 103.69770960000001, 732.3337886
1714371940390, 2024-04-29T06:25:40.390Z, 102.60868759999998, 730.8776892
1714371940406, 2024-04-29T06:25:40.406Z, 105.2475244, 730.1658208000001
1714371940422, 2024-04-29T06:25:40.422Z, 110.88422920000001, 731.684773
1714371940434, 2024-04-29T06:25:40.434Z, 116.6677718, 733.869676
1714371940452, 2024-04-29T06:25:40.452Z, 121.18535159999999, 736.0622486
1714371940467, 2024-04-29T06:25:40.467Z, 123.37077599999998, 737.6670545999999
1714371940498, 2024-04-29T06:25:40.498Z, 121.262454, 737.8002392
1714371940527, 2024-04-29T06:25:40.527Z, 118.31709640000001, 737.1791392
1714371940543, 2024-04-29T06:25:40.543Z, 115.3718578, 736.1250174
1714371940558, 2024-04-29T06:25:40.558Z, 113.955391, 734.3150612000001
1714371940574, 2024-04-29T06:25:40.574Z, 114.32001419999999, 730.5916418
1714371940589, 2024-04-29T06:25:40.589Z, 116.2958478, 725.8001075999999
1714371940605, 2024-04-29T06:25:40.605Z, 119.66674500000002, 720.6512924
1714371940621, 2024-04-29T06:25:40.621Z, 122.93524500000001, 715.4115578000001
1714371940648, 2024-04-29T06:25:40.648Z, 124.8630058, 708.0188314000001
1714371940659, 2024-04-29T06:25:40.659Z, 125.86214319999999, 702.1580692
1714371940677, 2024-04-29T06:25:40.677Z, 125.8552498, 696.2428948
1714371940699, 2024-04-29T06:25:40.699Z, 124.20361539999999, 689.0687876
1714371940716, 2024-04-29T06:25:40.716Z, 121.79941039999999, 680.9951779999999
1714371940731, 2024-04-29T06:25:40.731Z, 118.29360460000001, 669.146287
1714371940747, 2024-04-29T06:25:40.747Z, 114.95586619999999, 657.507301
1714371940762, 2024-04-29T06:25:40.762Z, 111.95410039999999, 647.2136808
1714371940778, 2024-04-29T06:25:40.778Z, 108.82331099999999, 636.5766974000001
1714371940795, 2024-04-29T06:25:40.795Z, 106.02809320000001, 628.2732082
1714371940812, 2024-04-29T06:25:40.812Z, 104.4393012, 626.2662186
1714371940827, 2024-04-29T06:25:40.827Z, 103.1951018, 624.9845152
1714371940841, 2024-04-29T06:25:40.841Z, 102.3621592, 624.0367042
1714371940860, 2024-04-29T06:25:40.860Z, 101.97671659999999, 625.299479
1714371940873, 2024-04-29T06:25:40.873Z, 101.98028679999999, 625.3015716
1714371940889, 2024-04-29T06:25:40.889Z, 101.85031699999999, 622.7199304000001
1714371940905, 2024-04-29T06:25:40.905Z, 101.5615894, 618.6761408
1714371940920, 2024-04-29T06:25:40.920Z, 103.767594, 608.6224208000001
1714371940948, 2024-04-29T06:25:40.948Z, 115.52787000000001, 586.010669
1714371940967, 2024-04-29T06:25:40.967Z, 127.1952934, 558.2277698
1714371940983, 2024-04-29T06:25:40.983Z, 140.8424584, 531.677386
1714371940999, 2024-04-29T06:25:40.999Z, 158.04785719999998, 507.10154760000006
1714371941015, 2024-04-29T06:25:41.015Z, 170.9643954, 490.2125398
1714371941031, 2024-04-29T06:25:41.031Z, 174.1764812, 485.7397714
1714371941047, 2024-04-29T06:25:41.047Z, 175.58546040000002, 486.49141579999997
1714371941062, 2024-04-29T06:25:41.062Z, 175.79897060000002, 488.7113418
1714371941078, 2024-04-29T06:25:41.078Z, 172.23224639999998, 490.23876540000003
1714371941098, 2024-04-29T06:25:41.098Z, 170.942512, 489.09095640000004
1714371941110, 2024-04-29T06:25:41.110Z, 170.9133122, 487.323607
1714371941126, 2024-04-29T06:25:41.126Z, 191.64869800000002, 483.430871
1714371941157, 2024-04-29T06:25:41.157Z, 226.12223640000002, 480.2507372
1714371941173, 2024-04-29T06:25:41.173Z, 268.13005680000003, 476.8889318
1714371941189, 2024-04-29T06:25:41.189Z, 309.94025320000003, 473.6386836
1714371941204, 2024-04-29T06:25:41.204Z, 351.0433468, 471.0340628
1714371941220, 2024-04-29T06:25:41.220Z, 372.34863759999996, 469.2294742
1714371941245, 2024-04-29T06:25:41.245Z, 380.04058679999997, 467.3273196
1714371941268, 2024-04-29T06:25:41.268Z, 380.1416392, 464.8371492
1714371941283, 2024-04-29T06:25:41.283Z, 379.6296922, 466.9448888
1714371941299, 2024-04-29T06:25:41.299Z, 378.71169739999993, 470.0451706
1714371941315, 2024-04-29T06:25:41.315Z, 378.40113440000005, 474.48445300000003
1714371941330, 2024-04-29T06:25:41.330Z, 377.8549416, 476.92709679999996
1714371941347, 2024-04-29T06:25:41.347Z, 379.27456459999996, 479.39190800000006
1714371941363, 2024-04-29T06:25:41.363Z, 381.3793234, 478.4292958
1714371941378, 2024-04-29T06:25:41.378Z, 384.7571888, 476.792075
1714371941397, 2024-04-29T06:25:41.397Z, 394.60058059999994, 475.7747442
1714371941426, 2024-04-29T06:25:41.426Z, 406.02178979999996, 476.4984350000001
1714371941457, 2024-04-29T06:25:41.457Z, 417.15651859999997, 478.018386
1714371941473, 2024-04-29T06:25:41.473Z, 427.01233979999995, 478.052351
1714371941489, 2024-04-29T06:25:41.489Z, 434.86048339999996, 477.0911144
1714371941505, 2024-04-29T06:25:41.505Z, 434.1552678, 473.6583528
1714371941520, 2024-04-29T06:25:41.520Z, 429.0591192, 470.7124384
1714371941547, 2024-04-29T06:25:41.547Z, 397.1961276, 469.1229646
1714371941566, 2024-04-29T06:25:41.566Z, 350.439523, 467.45670500000006
1714371941582, 2024-04-29T06:25:41.582Z, 296.6537308, 464.99402640000005
1714371941598, 2024-04-29T06:25:41.598Z, 241.39107059999998, 464.38856100000004
1714371941614, 2024-04-29T06:25:41.614Z, 184.86697980000002, 463.704921
1714371941629, 2024-04-29T06:25:41.629Z, 147.31040860000002, 459.8394918
1714371941645, 2024-04-29T06:25:41.645Z, 124.46513159999999, 456.7301998
1714371941661, 2024-04-29T06:25:41.661Z, 109.1856262, 455.21468500000003
1714371941677, 2024-04-29T06:25:41.677Z, 96.79830319999999, 453.5889894
1714371941700, 2024-04-29T06:25:41.700Z, 89.38168320000001, 452.37867399999993
1714371941716, 2024-04-29T06:25:41.716Z, 87.84582800000001, 452.7106318
1714371941726, 2024-04-29T06:25:41.726Z, 87.67992760000001, 453.57610399999993
1714371941740, 2024-04-29T06:25:41.740Z, 88.1055112, 455.7786056
1714371941756, 2024-04-29T06:25:41.756Z, 89.6066538, 459.3838164
1714371941771, 2024-04-29T06:25:41.771Z, 90.043871, 462.8261452
1714371941787, 2024-04-29T06:25:41.787Z, 90.7977882, 466.087129
1714371941803, 2024-04-29T06:25:41.803Z, 92.1288954, 469.37292180000003
1714371941820, 2024-04-29T06:25:41.820Z, 93.40473879999999, 471.3601393999999
1714371941847, 2024-04-29T06:25:41.847Z, 95.0585452, 471.7171512
1714371941861, 2024-04-29T06:25:41.861Z, 97.76544039999999, 471.58059219999996
1714371941874, 2024-04-29T06:25:41.874Z, 101.4353714, 472.21291520000005
1714371941897, 2024-04-29T06:25:41.897Z, 104.2126098, 472.299349
1714371941913, 2024-04-29T06:25:41.913Z, 106.9459094, 472.54733179999994
1714371941929, 2024-04-29T06:25:41.929Z, 110.4494096, 474.66413580000005
1714371941945, 2024-04-29T06:25:41.945Z, 114.0131106, 476.574338
1714371941960, 2024-04-29T06:25:41.960Z, 116.47054460000001, 477.8516514
1714371941976, 2024-04-29T06:25:41.976Z, 119.31161039999999, 479.46838160000004
1714371941999, 2024-04-29T06:25:41.999Z, 125.9211714, 481.3672138
1714371942009, 2024-04-29T06:25:42.009Z, 134.90726239999998, 482.8752998
1714371942027, 2024-04-29T06:25:42.027Z, 144.3156332, 484.422808
1714371942041, 2024-04-29T06:25:42.041Z, 154.2417956, 486.2642158
1714371942056, 2024-04-29T06:25:42.056Z, 163.07728500000002, 487.417413
1714371942072, 2024-04-29T06:25:42.072Z, 168.1352876, 488.1844586
1714371942088, 2024-04-29T06:25:42.088Z, 169.2642142, 487.77304920000006
1714371942119, 2024-04-29T06:25:42.119Z, 168.9717342, 487.29004560000004
1714371942135, 2024-04-29T06:25:42.135Z, 168.3252232, 486.2314014
1714371942150, 2024-04-29T06:25:42.150Z, 167.69811139999996, 485.03559079999997
1714371942166, 2024-04-29T06:25:42.166Z, 167.2491452, 484.1928184
1714371942182, 2024-04-29T06:25:42.182Z, 211.8704316, 479.30780919999995
1714371942198, 2024-04-29T06:25:42.198Z, 261.5503952, 473.92601140000005
1714371942214, 2024-04-29T06:25:42.214Z, 317.19874339999996, 468.81165660000005
1714371942229, 2024-04-29T06:25:42.229Z, 374.134687, 464.40705579999997
1714371942245, 2024-04-29T06:25:42.245Z, 432.92357919999995, 459.40017339999997
1714371942260, 2024-04-29T06:25:42.260Z, 447.4927996, 459.22298600000005
1714371942275, 2024-04-29T06:25:42.275Z, 458.0486444, 460.0454404
1714371942300, 2024-04-29T06:25:42.300Z, 463.186406, 462.0597774
1714371942312, 2024-04-29T06:25:42.312Z, 467.45995459999995, 464.1796998000001
1714371942324, 2024-04-29T06:25:42.324Z, 469.63614440000003, 466.6167762
1714371942342, 2024-04-29T06:25:42.342Z, 472.78970360000005, 466.9109944
1714371942357, 2024-04-29T06:25:42.357Z, 476.36128099999996, 467.1534124
1714371942370, 2024-04-29T06:25:42.370Z, 497.63038539999997, 470.33228260000004
1714371942387, 2024-04-29T06:25:42.387Z, 519.0056034, 473.15834759999996
1714371942402, 2024-04-29T06:25:42.402Z, 540.5907746, 475.88614079999996
1714371942417, 2024-04-29T06:25:42.417Z, 561.0818228, 478.863973
1714371942449, 2024-04-29T06:25:42.449Z, 580.9731692, 481.0157836
1714371942463, 2024-04-29T06:25:42.463Z, 583.0635036, 480.40668800000003
1714371942479, 2024-04-29T06:25:42.479Z, 585.2259198, 480.04540339999994
1714371942495, 2024-04-29T06:25:42.495Z, 586.8795622, 479.59026140000003
1714371942511, 2024-04-29T06:25:42.511Z, 587.7470116000001, 480.1960508
1714371942527, 2024-04-29T06:25:42.527Z, 587.8523182, 481.64409020000005
1714371942543, 2024-04-29T06:25:42.543Z, 587.3257500000001, 482.2106610000001
1714371942558, 2024-04-29T06:25:42.558Z, 586.544023, 481.76722159999997
1714371942574, 2024-04-29T06:25:42.574Z, 585.3546435999999, 481.31925199999995
1714371942597, 2024-04-29T06:25:42.597Z, 584.2921484, 480.59732640000004
1714371942616, 2024-04-29T06:25:42.616Z, 583.7708396, 477.45513339999997
1714371942630, 2024-04-29T06:25:42.630Z, 583.309614, 473.4584226
1714371942640, 2024-04-29T06:25:42.640Z, 582.6382704, 469.63039399999997
1714371942669, 2024-04-29T06:25:42.669Z, 581.6821782, 463.65794619999997
1714371942684, 2024-04-29T06:25:42.684Z, 580.7887776, 458.7407562
1714371942699, 2024-04-29T06:25:42.699Z, 579.9834531999999, 456.4499016
1714371942714, 2024-04-29T06:25:42.714Z, 580.3308629999999, 454.96034419999995
1714371942729, 2024-04-29T06:25:42.729Z, 586.3000924, 455.7460932
1714371942752, 2024-04-29T06:25:42.752Z, 595.4620901999999, 459.455508
1714371942763, 2024-04-29T06:25:42.763Z, 605.8864194, 462.650712
1714371942776, 2024-04-29T06:25:42.776Z, 622.2614345999999, 464.054832
1714371942808, 2024-04-29T06:25:42.808Z, 638.1620954, 465.44376760000006
1714371942823, 2024-04-29T06:25:42.823Z, 650.4911746, 466.8160024
1714371942839, 2024-04-29T06:25:42.839Z, 657.1419508, 466.9387568
1714371942854, 2024-04-29T06:25:42.854Z, 648.4828046, 468.3676894
1714371942870, 2024-04-29T06:25:42.870Z, 619.0828054000001, 471.0490358
1714371942898, 2024-04-29T06:25:42.898Z, 583.4937112, 474.2653596
1714371942910, 2024-04-29T06:25:42.910Z, 531.2144886000001, 476.4328042
1714371942927, 2024-04-29T06:25:42.927Z, 438.32300779999997, 479.6276774
1714371942942, 2024-04-29T06:25:42.942Z, 362.66841619999997, 482.5486152
1714371942955, 2024-04-29T06:25:42.955Z, 299.35227460000004, 484.9434316
1714371942973, 2024-04-29T06:25:42.973Z, 240.1964072, 486.910823
1714371942987, 2024-04-29T06:25:42.987Z, 194.85241079999997, 487.3596628
1714371942999, 2024-04-29T06:25:42.999Z, 192.5174486, 486.7911786000001
1714371943016, 2024-04-29T06:25:43.016Z, 186.2409242, 485.18558980000006
1714371943046, 2024-04-29T06:25:43.046Z, 181.8679242, 484.16825159999996
1714371943062, 2024-04-29T06:25:43.062Z, 178.64985919999998, 482.6356895999999
1714371943077, 2024-04-29T06:25:43.077Z, 176.2503092, 481.0444144
1714371943090, 2024-04-29T06:25:43.090Z, 174.779547, 480.2429032
1714371943107, 2024-04-29T06:25:43.107Z, 173.97678539999998, 479.0062698
1714371943121, 2024-04-29T06:25:43.121Z, 172.23070800000002, 479.01120879999996
1714371943137, 2024-04-29T06:25:43.137Z, 170.46234980000003, 480.11593000000005
1714371943153, 2024-04-29T06:25:43.153Z, 169.26692599999998, 481.7616102
1714371943170, 2024-04-29T06:25:43.170Z, 165.8533136, 485.07802839999994
1714371943198, 2024-04-29T06:25:43.198Z, 160.8553502, 491.00793060000007
1714371943211, 2024-04-29T06:25:43.211Z, 156.7336494, 494.0801448
1714371943225, 2024-04-29T06:25:43.225Z, 153.68352699999997, 496.35732880000006
1714371943241, 2024-04-29T06:25:43.241Z, 150.48884579999998, 499.2722106
1714371943256, 2024-04-29T06:25:43.256Z, 149.5530992, 500.2912042
1714371943269, 2024-04-29T06:25:43.269Z, 153.5520008, 499.34016060000005
1714371943286, 2024-04-29T06:25:43.286Z, 160.6901124, 499.5168252
1714371943314, 2024-04-29T06:25:43.314Z, 205.35454840000003, 500.2459546
1714371943359, 2024-04-29T06:25:43.359Z, 247.49587739999998, 500.6365398
1714371943388, 2024-04-29T06:25:43.388Z, 303.13849519999997, 502.2506482
1714371943419, 2024-04-29T06:25:43.419Z, 355.49121900000006, 503.5623592
1714371943435, 2024-04-29T06:25:43.435Z, 411.28300980000006, 504.91655839999993
1714371943451, 2024-04-29T06:25:43.451Z, 432.19364759999996, 504.22145279999995
1714371943466, 2024-04-29T06:25:43.466Z, 467.971562, 503.528726
1714371943495, 2024-04-29T06:25:43.495Z, 488.40236000000004, 501.6717970000001
1714371943512, 2024-04-29T06:25:43.512Z, 516.1772146, 503.5223838
1714371943526, 2024-04-29T06:25:43.526Z, 537.5359299999999, 504.8091314
1714371943540, 2024-04-29T06:25:43.540Z, 557.5028254000001, 508.7778988
1714371943557, 2024-04-29T06:25:43.557Z, 565.8990088, 512.7968274
1714371943572, 2024-04-29T06:25:43.572Z, 574.9618786000001, 515.0708592
1714371943584, 2024-04-29T06:25:43.584Z, 576.5622215999999, 513.976396
1714371943601, 2024-04-29T06:25:43.601Z, 577.4523212000001, 512.8058596
1714371943623, 2024-04-29T06:25:43.623Z, 575.5716954, 509.859122
1714371943653, 2024-04-29T06:25:43.653Z, 572.7100336000001, 507.2903098
1714371943671, 2024-04-29T06:25:43.671Z, 572.794399, 508.19821659999997
1714371943687, 2024-04-29T06:25:43.687Z, 573.2993319999999, 509.1158942
1714371943704, 2024-04-29T06:25:43.704Z, 572.286355, 509.28209699999996
1714371943718, 2024-04-29T06:25:43.718Z, 565.2679394, 506.53180440000006
1714371943734, 2024-04-29T06:25:43.734Z, 553.4351858, 504.5525016
1714371943750, 2024-04-29T06:25:43.750Z, 478.89562720000004, 506.71856719999994
1714371943766, 2024-04-29T06:25:43.766Z, 399.95950780000004, 509.0541396
1714371943815, 2024-04-29T06:25:43.815Z, 312.3953496, 514.8818022
1714371943859, 2024-04-29T06:25:43.859Z, 230.66523320000002, 524.5551614
1714371943890, 2024-04-29T06:25:43.890Z, 156.6540598, 534.1017404
1714371943906, 2024-04-29T06:25:43.906Z, 146.1493906, 539.1414222
1714371943921, 2024-04-29T06:25:43.921Z, 140.6787504, 543.2926092
1714371943946, 2024-04-29T06:25:43.946Z, 146.455995, 546.322526
1714371943969, 2024-04-29T06:25:43.969Z, 153.6647678, 549.1580999999999
1714371943984, 2024-04-29T06:25:43.984Z, 159.2455842, 551.3011914
1714371944000, 2024-04-29T06:25:44.000Z, 162.7481794, 551.9199516
1714371944016, 2024-04-29T06:25:44.016Z, 168.7351344, 548.8176745999999
1714371944032, 2024-04-29T06:25:44.032Z, 180.54832459999997, 533.8066357999999
1714371944048, 2024-04-29T06:25:44.048Z, 194.40445799999998, 514.1450389999999
1714371944064, 2024-04-29T06:25:44.064Z, 209.3526966, 488.92863099999994
1714371944080, 2024-04-29T06:25:44.080Z, 226.1566402, 458.51123440000003
1714371944097, 2024-04-29T06:25:44.097Z, 253.88390399999997, 400.879421
1714371944128, 2024-04-29T06:25:44.128Z, 275.89662020000003, 355.08769259999997
1714371944143, 2024-04-29T06:25:44.143Z, 296.0311694, 314.0489526
1714371944159, 2024-04-29T06:25:44.159Z, 314.192046, 278.5721898
1714371944174, 2024-04-29T06:25:44.174Z, 329.9648676, 248.22958060000002
1714371944190, 2024-04-29T06:25:44.190Z, 331.06524060000004, 248.9023036
1714371944206, 2024-04-29T06:25:44.206Z, 331.64458840000003, 248.93265879999998
1714371944222, 2024-04-29T06:25:44.222Z, 331.0997742, 247.98363239999998
1714371944247, 2024-04-29T06:25:44.247Z, 331.05034200000006, 246.9607802
1714371944259, 2024-04-29T06:25:44.259Z, 330.06239500000004, 245.57734419999997
1714371944276, 2024-04-29T06:25:44.276Z, 329.9987454, 244.5919644
1714371944292, 2024-04-29T06:25:44.292Z, 329.9327162000001, 244.6285998
1714371944304, 2024-04-29T06:25:44.304Z, 331.1426516, 249.53388219999997
1714371944321, 2024-04-29T06:25:44.321Z, 331.8438108, 254.36010260000003
1714371944336, 2024-04-29T06:25:44.336Z, 332.9546546, 258.102604
1714371944349, 2024-04-29T06:25:44.349Z, 333.1940624, 261.7860718
1714371944366, 2024-04-29T06:25:44.366Z, 332.8176312, 263.9108752
1714371944396, 2024-04-29T06:25:44.396Z, 329.5125824, 256.83824139999996
1714371944411, 2024-04-29T06:25:44.411Z, 324.77994820000004, 247.87632000000002
1714371944428, 2024-04-29T06:25:44.428Z, 320.9814082, 241.2555196
1714371944441, 2024-04-29T06:25:44.441Z, 317.51545200000004, 234.75202599999997
1714371944457, 2024-04-29T06:25:44.457Z, 314.34454560000006, 229.7966884
1714371944474, 2024-04-29T06:25:44.474Z, 313.5609134, 230.2725026
1714371944489, 2024-04-29T06:25:44.489Z, 314.85688500000003, 229.69545720000002
1714371944505, 2024-04-29T06:25:44.505Z, 315.8990626, 227.4377234
1714371944520, 2024-04-29T06:25:44.520Z, 313.6897508, 225.5353426
1714371944550, 2024-04-29T06:25:44.550Z, 309.9052292, 222.557957
1714371944562, 2024-04-29T06:25:44.562Z, 304.5119604, 217.8971388
1714371944575, 2024-04-29T06:25:44.575Z, 297.6898606, 216.444623
1714371944596, 2024-04-29T06:25:44.596Z, 290.1885706, 217.24785419999998
1714371944607, 2024-04-29T06:25:44.607Z, 286.02085960000005, 217.544816
1714371944620, 2024-04-29T06:25:44.620Z, 283.57471019999997, 217.63949840000004
1714371944637, 2024-04-29T06:25:44.637Z, 282.174704, 218.6469778
1714371944651, 2024-04-29T06:25:44.651Z, 281.2267175999999, 219.41601520000003
1714371944665, 2024-04-29T06:25:44.665Z, 280.90262160000003, 219.26171760000003
1714371944699, 2024-04-29T06:25:44.699Z, 277.7321008, 216.8124492
1714371944710, 2024-04-29T06:25:44.710Z, 274.49718659999996, 214.7250748
1714371944740, 2024-04-29T06:25:44.740Z, 270.55834859999993, 213.96967560000002
1714371944755, 2024-04-29T06:25:44.755Z, 266.49226259999995, 213.21808620000002
1714371944772, 2024-04-29T06:25:44.772Z, 260.2443818, 214.16955339999998
1714371944787, 2024-04-29T06:25:44.787Z, 256.65302340000005, 217.33935259999998
1714371944803, 2024-04-29T06:25:44.803Z, 253.0102792, 220.2148914
1714371944818, 2024-04-29T06:25:44.818Z, 250.65974999999997, 222.14687780000003
1714371944846, 2024-04-29T06:25:44.846Z, 248.86477359999998, 223.9553128
1714371944861, 2024-04-29T06:25:44.861Z, 249.42414319999997, 223.05323120000003
1714371944877, 2024-04-29T06:25:44.877Z, 249.9469538, 221.68677740000004
1714371944896, 2024-04-29T06:25:44.896Z, 250.1601162, 220.6758406
1714371944912, 2024-04-29T06:25:44.912Z, 249.484103, 219.7574646
1714371944928, 2024-04-29T06:25:44.928Z, 248.07073999999997, 217.81278460000004
1714371944943, 2024-04-29T06:25:44.943Z, 245.6697674, 215.3781266
1714371944959, 2024-04-29T06:25:44.959Z, 242.57991060000003, 213.0197212
1714371944974, 2024-04-29T06:25:44.974Z, 237.75885440000002, 210.7186956
1714371944997, 2024-04-29T06:25:44.997Z, 233.9287362, 207.38539419999998
1714371945011, 2024-04-29T06:25:45.011Z, 229.89941040000002, 205.34377060000003
1714371945024, 2024-04-29T06:25:45.024Z, 225.33864499999999, 203.87061279999998
1714371945046, 2024-04-29T06:25:45.046Z, 220.2447796, 198.36863920000002
1714371945069, 2024-04-29T06:25:45.069Z, 217.5055352, 192.9367102
1714371945085, 2024-04-29T06:25:45.085Z, 213.79075819999997, 188.22857820000002
1714371945101, 2024-04-29T06:25:45.101Z, 210.23750239999998, 184.6369958
1714371945117, 2024-04-29T06:25:45.117Z, 208.4899354, 181.52339
1714371945150, 2024-04-29T06:25:45.150Z, 209.26109380000003, 183.9706678
1714371945164, 2024-04-29T06:25:45.164Z, 213.27099160000003, 187.0012218
1714371945180, 2024-04-29T06:25:45.180Z, 217.22104359999997, 190.15104300000002
1714371945196, 2024-04-29T06:25:45.196Z, 223.03943859999998, 192.884816
1714371945211, 2024-04-29T06:25:45.211Z, 229.9720366, 196.1920988
1714371945227, 2024-04-29T06:25:45.227Z, 237.7203762, 199.915345
1714371945243, 2024-04-29T06:25:45.243Z, 241.38450840000002, 202.01672960000002
1714371945259, 2024-04-29T06:25:45.259Z, 244.00268340000002, 203.37912859999997
1714371945274, 2024-04-29T06:25:45.274Z, 246.1445588, 204.4302132
1714371945295, 2024-04-29T06:25:45.295Z, 246.6230216, 205.0322658
1714371945311, 2024-04-29T06:25:45.311Z, 244.85022859999998, 204.4486212
1714371945326, 2024-04-29T06:25:45.326Z, 241.96155779999998, 204.449617
1714371945339, 2024-04-29T06:25:45.339Z, 240.71708600000002, 205.1681012
1714371945356, 2024-04-29T06:25:45.356Z, 234.11277179999996, 204.7287076
1714371945371, 2024-04-29T06:25:45.371Z, 227.6698508, 204.1595386
1714371945386, 2024-04-29T06:25:45.386Z, 219.71053320000001, 202.79653779999998
1714371945402, 2024-04-29T06:25:45.402Z, 209.8154374, 202.21522720000002
1714371945418, 2024-04-29T06:25:45.418Z, 197.73523600000001, 201.7058364
1714371945447, 2024-04-29T06:25:45.447Z, 192.0773888, 202.9466886
1714371945461, 2024-04-29T06:25:45.461Z, 187.0974318, 204.0733604
1714371945474, 2024-04-29T06:25:45.474Z, 183.18142519999998, 204.7033058
1714371945492, 2024-04-29T06:25:45.492Z, 182.96191019999998, 204.714075
1714371945507, 2024-04-29T06:25:45.507Z, 183.3268806, 209.76546539999998
1714371945519, 2024-04-29T06:25:45.519Z, 179.7257994, 218.3585912
1714371945537, 2024-04-29T06:25:45.537Z, 175.2384314, 227.1203398
1714371945551, 2024-04-29T06:25:45.551Z, 171.36638299999998, 240.9599672
1714371945564, 2024-04-29T06:25:45.564Z, 167.8613866, 256.6539126
1714371945597, 2024-04-29T06:25:45.597Z, 167.256614, 270.796777
1714371945609, 2024-04-29T06:25:45.609Z, 168.231965, 280.0674728
1714371945627, 2024-04-29T06:25:45.627Z, 168.7836648, 288.808451
1714371945654, 2024-04-29T06:25:45.654Z, 169.9306766, 294.2466954
1714371945669, 2024-04-29T06:25:45.669Z, 170.523013, 299.154903
1714371945687, 2024-04-29T06:25:45.687Z, 169.9466402, 300.83927819999997
1714371945702, 2024-04-29T06:25:45.702Z, 169.571302, 300.77153699999997
1714371945718, 2024-04-29T06:25:45.718Z, 169.0767366, 301.136716
1714371945745, 2024-04-29T06:25:45.745Z, 167.09642100000002, 300.8392934
1714371945764, 2024-04-29T06:25:45.764Z, 165.2275146, 299.34206320000004
1714371945781, 2024-04-29T06:25:45.781Z, 164.3453102, 298.7510802
1714371945796, 2024-04-29T06:25:45.796Z, 164.81441460000002, 301.0404152
1714371945812, 2024-04-29T06:25:45.812Z, 173.23634900000002, 306.7241032
1714371945827, 2024-04-29T06:25:45.827Z, 183.822555, 312.9443702
1714371945842, 2024-04-29T06:25:45.842Z, 196.9028892, 319.8873886
1714371945858, 2024-04-29T06:25:45.858Z, 209.69410779999998, 325.8160984
1714371945873, 2024-04-29T06:25:45.873Z, 224.85586399999997, 331.67931
1714371945898, 2024-04-29T06:25:45.898Z, 232.65516159999999, 333.7081416
1714371945921, 2024-04-29T06:25:45.921Z, 239.1795048, 334.4096624
1714371945937, 2024-04-29T06:25:45.937Z, 243.1897118, 333.9354414
1714371945953, 2024-04-29T06:25:45.953Z, 246.3885872, 332.481938
1714371945969, 2024-04-29T06:25:45.969Z, 244.54141019999997, 329.9828814
1714371945984, 2024-04-29T06:25:45.984Z, 231.92514219999998, 328.1996842
1714371946001, 2024-04-29T06:25:46.001Z, 219.016259, 326.97797380000003
1714371946016, 2024-04-29T06:25:46.016Z, 205.14140379999998, 325.82970480000006
1714371946047, 2024-04-29T06:25:46.047Z, 188.1983216, 325.347332
1714371946064, 2024-04-29T06:25:46.064Z, 172.0651434, 325.70539360000004
1714371946096, 2024-04-29T06:25:46.096Z, 166.2316506, 325.6382474
1714371946111, 2024-04-29T06:25:46.111Z, 161.2024708, 325.9558586
1714371946142, 2024-04-29T06:25:46.142Z, 157.6503208, 326.58431340000004
1714371946159, 2024-04-29T06:25:46.159Z, 158.293151, 327.98210099999994
1714371946174, 2024-04-29T06:25:46.174Z, 159.854217, 328.6522934
1714371946222, 2024-04-29T06:25:46.222Z, 161.9457128, 329.9129296
1714371946238, 2024-04-29T06:25:46.238Z, 163.8381764, 330.77952100000005
1714371946254, 2024-04-29T06:25:46.254Z, 295.115427, 372.066469
1714371946270, 2024-04-29T06:25:46.270Z, 473.31609800000007, 428.0190576000001
1714371946285, 2024-04-29T06:25:46.285Z, 670.8034882, 490.36913860000004
1714371946301, 2024-04-29T06:25:46.301Z, 869.0123099999998, 552.2866212
1714371946316, 2024-04-29T06:25:46.316Z, 1066.341297, 613.531119
1714371946333, 2024-04-29T06:25:46.333Z, 1133.6907663999998, 634.093322
1714371946348, 2024-04-29T06:25:46.348Z, 1153.7443653999999, 640.7508110000001
1714371946364, 2024-04-29T06:25:46.364Z, 1154.1387215999998, 640.6805034
1714371946380, 2024-04-29T06:25:46.380Z, 1156.1185174, 640.1767618
1714371946396, 2024-04-29T06:25:46.396Z, 1158.7973132, 639.6593075999999
1714371946411, 2024-04-29T06:25:46.411Z, 1161.3614534, 639.237306
1714371946426, 2024-04-29T06:25:46.426Z, 1163.5511321999998, 637.3470147999999
1714371946442, 2024-04-29T06:25:46.442Z, 1166.0042988, 636.1452234
1714371946458, 2024-04-29T06:25:46.458Z, 1165.9921534, 635.8429173999999
1714371946474, 2024-04-29T06:25:46.474Z, 1165.7187226, 636.8815977999999
1714371946498, 2024-04-29T06:25:46.498Z, 1165.9806561999999, 639.4871356
1714371946522, 2024-04-29T06:25:46.522Z, 1166.2422228, 642.3766899999999
1714371946538, 2024-04-29T06:25:46.538Z, 1166.1416234, 645.3066884
1714371946554, 2024-04-29T06:25:46.554Z, 1166.1950208, 648.1775752
1714371946570, 2024-04-29T06:25:46.570Z, 1166.2404033999999, 650.391802
1714371946585, 2024-04-29T06:25:46.585Z, 1167.0005907999998, 650.4091958
1714371946601, 2024-04-29T06:25:46.601Z, 1168.071981, 650.185419
1714371946617, 2024-04-29T06:25:46.617Z, 1169.7132957999997, 650.2179536
1714371946649, 2024-04-29T06:25:46.649Z, 1171.5081816000002, 650.0539996
1714371946679, 2024-04-29T06:25:46.679Z, 1173.2391066, 650.0115564
1714371946694, 2024-04-29T06:25:46.694Z, 1172.093246, 650.5334454
1714371946710, 2024-04-29T06:25:46.710Z, 1170.1100974, 650.9607298
1714371946727, 2024-04-29T06:25:46.727Z, 1167.4641253999998, 650.5830938
1714371946742, 2024-04-29T06:25:46.742Z, 1164.5188922, 649.9734306
1714371946758, 2024-04-29T06:25:46.758Z, 1161.8327664, 649.6327336
1714371946774, 2024-04-29T06:25:46.774Z, 1160.8820099999998, 649.9085680000001
1714371946798, 2024-04-29T06:25:46.798Z, 1159.5618698, 651.4279036
1714371946811, 2024-04-29T06:25:46.811Z, 1158.1372604, 654.8210856
1714371946824, 2024-04-29T06:25:46.824Z, 1156.7455714, 658.5543099999999
1714371946841, 2024-04-29T06:25:46.841Z, 1154.7121166, 662.375825
1714371946858, 2024-04-29T06:25:46.858Z, 1152.1413568, 666.7094224
1714371946885, 2024-04-29T06:25:46.885Z, 1148.5511800000002, 673.2986286
1714371946901, 2024-04-29T06:25:46.901Z, 1144.8874838, 680.3029444
1714371946917, 2024-04-29T06:25:46.917Z, 1141.4772214, 686.7812404
1714371946947, 2024-04-29T06:25:46.947Z, 1138.7434066, 694.1886442
1714371946964, 2024-04-29T06:25:46.964Z, 1136.4435632, 699.8616989999999
1714371946980, 2024-04-29T06:25:46.980Z, 1136.3969504000002, 700.7032654
1714371946996, 2024-04-29T06:25:46.996Z, 1136.7948372, 699.7452678
1714371947013, 2024-04-29T06:25:47.013Z, 1137.1335918, 700.6589176
1714371947026, 2024-04-29T06:25:47.026Z, 1137.7255566, 700.3240782
1714371947043, 2024-04-29T06:25:47.043Z, 1138.5964116, 700.7289494
1714371947058, 2024-04-29T06:25:47.058Z, 1139.9366391999997, 701.887257
1714371947074, 2024-04-29T06:25:47.074Z, 1141.0445304, 702.9508604
1714371947095, 2024-04-29T06:25:47.095Z, 1142.0035348000001, 702.3647106000001
1714371947111, 2024-04-29T06:25:47.111Z, 1142.1742232000001, 701.6633314000001
1714371947136, 2024-04-29T06:25:47.136Z, 1141.0992021999998, 701.5524577999998
1714371947152, 2024-04-29T06:25:47.152Z, 1138.754569, 702.9113265999998
1714371947168, 2024-04-29T06:25:47.168Z, 1136.2768335999997, 704.2611135999999
1714371947184, 2024-04-29T06:25:47.184Z, 1133.9229638, 705.3968380000001
1714371947199, 2024-04-29T06:25:47.199Z, 1132.4435428000002, 705.7544684
1714371947215, 2024-04-29T06:25:47.215Z, 1132.1479717999998, 705.603963
1714371947231, 2024-04-29T06:25:47.231Z, 1132.2041484, 704.62238
1714371947247, 2024-04-29T06:25:47.247Z, 1132.4316352, 703.0507970000001
1714371947278, 2024-04-29T06:25:47.278Z, 1132.8554944, 701.3276634
1714371947278, 2024-04-29T06:25:47.278Z, 1131.6204948, 700.250121
1714371947294, 2024-04-29T06:25:47.294Z, 1130.2683895999999, 698.6863706
1714371947310, 2024-04-29T06:25:47.310Z, 1128.9652654, 697.2415956
1714371947326, 2024-04-29T06:25:47.326Z, 1128.2867173999998, 696.2365855999999
1714371947342, 2024-04-29T06:25:47.342Z, 1127.3544109999998, 695.7595104
1714371947358, 2024-04-29T06:25:47.358Z, 1127.9269254, 695.0869122
1714371947373, 2024-04-29T06:25:47.373Z, 1128.7291108, 694.9934964
1714371947397, 2024-04-29T06:25:47.397Z, 1128.7547141999999, 695.3461904
1714371947409, 2024-04-29T06:25:47.409Z, 1127.9732846, 695.7513382
1714371947426, 2024-04-29T06:25:47.426Z, 1127.2011342, 695.8157766
1714371947451, 2024-04-29T06:25:47.451Z, 1123.7285646, 696.4856472000001
1714371947467, 2024-04-29T06:25:47.467Z, 1118.7432944, 696.8931193999999
1714371947483, 2024-04-29T06:25:47.483Z, 1114.04018, 696.3715488
1714371947500, 2024-04-29T06:25:47.500Z, 1109.5525612, 695.1567056
1714371947517, 2024-04-29T06:25:47.517Z, 1105.2938989999998, 693.4069296
1714371947546, 2024-04-29T06:25:47.546Z, 1103.2748980000001, 690.9918688
1714371947562, 2024-04-29T06:25:47.562Z, 1102.7905864, 688.906223
1714371947578, 2024-04-29T06:25:47.578Z, 1103.031424, 688.8603126
1714371947594, 2024-04-29T06:25:47.594Z, 1103.8002056, 689.6797445999999
1714371947611, 2024-04-29T06:25:47.611Z, 1105.6916343999999, 692.3951837999999
1714371947626, 2024-04-29T06:25:47.626Z, 1108.1434901999999, 695.5886208
1714371947642, 2024-04-29T06:25:47.642Z, 1111.0039092, 698.2341932000002
1714371947658, 2024-04-29T06:25:47.658Z, 1113.9211994, 699.1748136000001
1714371947674, 2024-04-29T06:25:47.674Z, 1116.4107855999998, 699.65234
1714371947702, 2024-04-29T06:25:47.702Z, 1118.0310306, 699.1735322
1714371947721, 2024-04-29T06:25:47.721Z, 1119.5091896, 698.6174361999999
1714371947738, 2024-04-29T06:25:47.738Z, 1121.19534, 698.0192787999999
1714371947752, 2024-04-29T06:25:47.752Z, 1123.0618028000001, 697.6521014
1714371947769, 2024-04-29T06:25:47.769Z, 1125.1805012, 697.7403928
1714371947784, 2024-04-29T06:25:47.784Z, 1127.9335346, 698.6569523999999
1714371947800, 2024-04-29T06:25:47.800Z, 1143.7012384, 697.4802078
1714371947816, 2024-04-29T06:25:47.816Z, 1160.8276796, 696.2744992
1714371947863, 2024-04-29T06:25:47.863Z, 1183.9730718, 694.3631666
1714371947879, 2024-04-29T06:25:47.879Z, 1207.7144997999999, 693.2966485999999
1714371947895, 2024-04-29T06:25:47.895Z, 1230.6560418000001, 691.6451276
1714371947911, 2024-04-29T06:25:47.911Z, 1240.6598502000002, 692.1352276
1714371947927, 2024-04-29T06:25:47.927Z, 1249.3517806, 693.3257276
1714371947943, 2024-04-29T06:25:47.943Z, 1251.0374040000002, 695.0471598
1714371947959, 2024-04-29T06:25:47.959Z, 1252.1710994, 696.2796062
1714371947974, 2024-04-29T06:25:47.974Z, 1249.7405864, 696.2898368
1714371947995, 2024-04-29T06:25:47.995Z, 1242.5059858, 696.4249148000001
1714371948023, 2024-04-29T06:25:48.023Z, 1233.6224591999999, 696.312385
1714371948038, 2024-04-29T06:25:48.038Z, 1218.0427642, 697.249502
1714371948054, 2024-04-29T06:25:48.054Z, 1200.7617322, 697.8411110000001
1714371948070, 2024-04-29T06:25:48.070Z, 1184.8298657999999, 699.0385452
1714371948085, 2024-04-29T06:25:48.085Z, 1174.1978574, 700.1734722
1714371948116, 2024-04-29T06:25:48.116Z, 1148.3338388, 695.1492454
1714371948132, 2024-04-29T06:25:48.132Z, 1123.9887434, 686.9742106000001
1714371948148, 2024-04-29T06:25:48.148Z, 1102.7490496, 678.1468520000001
1714371948163, 2024-04-29T06:25:48.163Z, 1084.37538, 669.3975742
1714371948179, 2024-04-29T06:25:48.179Z, 1067.7232866, 660.06227
1714371948195, 2024-04-29T06:25:48.195Z, 1070.5120126, 656.6813654
1714371948210, 2024-04-29T06:25:48.210Z, 1079.5109618, 655.6788026
1714371948226, 2024-04-29T06:25:48.226Z, 1090.8730402, 656.0437026
1714371948242, 2024-04-29T06:25:48.242Z, 1104.2755014000002, 654.9046834
1714371948258, 2024-04-29T06:25:48.258Z, 1114.2505910000002, 655.2630406000001
1714371948274, 2024-04-29T06:25:48.274Z, 1121.4195152, 656.3008392
1714371948297, 2024-04-29T06:25:48.297Z, 1128.0259352, 657.8090598000001
1714371948309, 2024-04-29T06:25:48.309Z, 1130.2664894000002, 658.3316358
1714371948326, 2024-04-29T06:25:48.326Z, 1130.2067872, 660.2089986
1714371948341, 2024-04-29T06:25:48.341Z, 1131.1268770000001, 661.3914963999999
1714371948367, 2024-04-29T06:25:48.367Z, 1131.3785098, 662.1138096
1714371948383, 2024-04-29T06:25:48.383Z, 1133.5114984, 660.7714963999999
1714371948398, 2024-04-29T06:25:48.398Z, 1136.0608295999998, 659.0328792
1714371948414, 2024-04-29T06:25:48.414Z, 1138.1817738, 656.9082258000001
1714371948430, 2024-04-29T06:25:48.430Z, 1140.2039806, 654.3322194
1714371948445, 2024-04-29T06:25:48.445Z, 1142.080286, 650.848959
1714371948461, 2024-04-29T06:25:48.461Z, 1141.3869588, 648.3929685999999
1714371948477, 2024-04-29T06:25:48.477Z, 1140.7466868, 645.6679358
1714371948493, 2024-04-29T06:25:48.493Z, 1140.0300923999998, 643.8801408
1714371948509, 2024-04-29T06:25:48.509Z, 1139.2382084, 643.1688475999999
1714371948524, 2024-04-29T06:25:48.524Z, 1139.0987622, 644.08664
1714371948539, 2024-04-29T06:25:48.539Z, 1139.764156, 644.872959
1714371948555, 2024-04-29T06:25:48.555Z, 1140.366625, 646.128341
1714371948571, 2024-04-29T06:25:48.571Z, 1140.3565769999998, 647.5859044
1714371948598, 2024-04-29T06:25:48.598Z, 1139.3304117999999, 648.6072386
1714371948611, 2024-04-29T06:25:48.611Z, 1138.5913595999998, 648.3506617999999
1714371948624, 2024-04-29T06:25:48.624Z, 1136.4571248, 648.7995204
1714371948650, 2024-04-29T06:25:48.650Z, 1130.9584042000001, 649.596093
1714371948666, 2024-04-29T06:25:48.666Z, 1125.0384876, 650.1478678
1714371948682, 2024-04-29T06:25:48.682Z, 1118.9867354000003, 651.6245046
1714371948697, 2024-04-29T06:25:48.697Z, 1112.2323402, 653.4117904
1714371948713, 2024-04-29T06:25:48.713Z, 1107.0376506, 654.5910704
1714371948729, 2024-04-29T06:25:48.729Z, 1105.3753622, 655.1528274
1714371948752, 2024-04-29T06:25:48.752Z, 1104.9155374, 655.0908782
1714371948775, 2024-04-29T06:25:48.776Z, 1106.0359378, 652.9967642
1714371948791, 2024-04-29T06:25:48.791Z, 1106.7748356, 650.9417472000001
1714371948807, 2024-04-29T06:25:48.807Z, 1106.1133432000001, 648.9886474
1714371948822, 2024-04-29T06:25:48.822Z, 1105.7495678, 647.6869924
1714371948838, 2024-04-29T06:25:48.838Z, 1106.02598, 646.9900451999999
1714371948854, 2024-04-29T06:25:48.854Z, 1106.0776944000002, 646.9090760000001
1714371948870, 2024-04-29T06:25:48.870Z, 1105.9735960000003, 646.796284
1714371948895, 2024-04-29T06:25:48.895Z, 1107.7438968000001, 647.2272774
1714371948911, 2024-04-29T06:25:48.911Z, 1109.0211412, 647.5494364
1714371948927, 2024-04-29T06:25:48.927Z, 1109.7701342, 647.8085699999999
1714371948939, 2024-04-29T06:25:48.939Z, 1112.9255148, 648.8837194
1714371948964, 2024-04-29T06:25:48.964Z, 1126.426606, 650.1855864
1714371948979, 2024-04-29T06:25:48.979Z, 1139.7431824, 650.7401437999999
1714371948995, 2024-04-29T06:25:48.995Z, 1154.340884, 651.1753456
1714371949011, 2024-04-29T06:25:49.011Z, 1169.5729913999999, 650.7349528000001
1714371949027, 2024-04-29T06:25:49.027Z, 1187.338001, 649.4053552
1714371949047, 2024-04-29T06:25:49.047Z, 1203.0981888, 647.7153688000001
1714371949075, 2024-04-29T06:25:49.075Z, 1217.5754928000001, 646.3506332
1714371949106, 2024-04-29T06:25:49.106Z, 1236.0753788000002, 644.9438588
1714371949138, 2024-04-29T06:25:49.138Z, 1256.5491478, 643.7829466000001
1714371949156, 2024-04-29T06:25:49.156Z, 1274.5420442, 642.660195
1714371949170, 2024-04-29T06:25:49.170Z, 1285.4888329999999, 641.7019044000001
1714371949202, 2024-04-29T06:25:49.202Z, 1297.7318256, 641.1137798000001
1714371949218, 2024-04-29T06:25:49.218Z, 1303.9273675999998, 641.2745594
1714371949234, 2024-04-29T06:25:49.234Z, 1307.1156978, 641.8488774
1714371949250, 2024-04-29T06:25:49.250Z, 1307.6615957999998, 642.5811156
1714371949265, 2024-04-29T06:25:49.265Z, 1306.4713256, 644.53019
1714371949282, 2024-04-29T06:25:49.282Z, 1303.8270314000001, 647.7463682
1714371949296, 2024-04-29T06:25:49.296Z, 1301.8210008, 650.1043010000001
1714371949311, 2024-04-29T06:25:49.311Z, 1300.1310478, 650.4018997999999
1714371949328, 2024-04-29T06:25:49.328Z, 1298.1391098, 651.6268636
1714371949346, 2024-04-29T06:25:49.346Z, 1293.5784256, 652.0107267999999
1714371949374, 2024-04-29T06:25:49.374Z, 1287.7970492, 650.3829426
1714371949389, 2024-04-29T06:25:49.389Z, 1281.6590801999998, 649.2258632
1714371949405, 2024-04-29T06:25:49.405Z, 1274.7962484, 650.2263489999999
1714371949421, 2024-04-29T06:25:49.421Z, 1266.5329654, 649.9847887999999
1714371949437, 2024-04-29T06:25:49.437Z, 1259.6028628, 648.8392394
1714371949453, 2024-04-29T06:25:49.453Z, 1254.1777200000001, 648.0368534000002
1714371949469, 2024-04-29T06:25:49.469Z, 1247.8429632, 646.1674238
1714371949498, 2024-04-29T06:25:49.498Z, 1241.6104774, 645.3038972
1714371949511, 2024-04-29T06:25:49.511Z, 1236.7922638, 644.6674494
1714371949524, 2024-04-29T06:25:49.524Z, 1233.9212318, 644.168904
1714371949547, 2024-04-29T06:25:49.547Z, 1228.6858969999998, 644.0122928
1714371949563, 2024-04-29T06:25:49.563Z, 1222.5198516, 645.1489866
1714371949578, 2024-04-29T06:25:49.578Z, 1214.3344752, 645.5590616
1714371949595, 2024-04-29T06:25:49.595Z, 1205.0639737999998, 646.5956704
1714371949611, 2024-04-29T06:25:49.611Z, 1196.1234835999999, 648.322633
1714371949626, 2024-04-29T06:25:49.626Z, 1189.1221618, 650.7290186
1714371949648, 2024-04-29T06:25:49.648Z, 1181.7911135999998, 654.425509
1714371949659, 2024-04-29T06:25:49.659Z, 1176.3571212, 659.066561
1714371949676, 2024-04-29T06:25:49.676Z, 1172.777197, 663.740111
1714371949691, 2024-04-29T06:25:49.691Z, 1169.6938676, 668.119179
1714371949720, 2024-04-29T06:25:49.720Z, 1167.6362106000001, 671.5348702
1714371949735, 2024-04-29T06:25:49.735Z, 1167.9068468, 672.3173032
1714371949750, 2024-04-29T06:25:49.750Z, 1167.3001232000001, 671.0948066
1714371949766, 2024-04-29T06:25:49.766Z, 1163.8394374000002, 668.7346368000001
1714371949797, 2024-04-29T06:25:49.797Z, 1158.576052, 666.6848118
1714371949812, 2024-04-29T06:25:49.812Z, 1152.2416504, 665.7188123999999
1714371949829, 2024-04-29T06:25:49.829Z, 1146.1260551999999, 666.1013221999999
1714371949844, 2024-04-29T06:25:49.844Z, 1141.3763956000003, 667.4819212
1714371949860, 2024-04-29T06:25:49.860Z, 1139.1241122, 669.4976389999999
1714371949876, 2024-04-29T06:25:49.876Z, 1138.143764, 671.0510578
1714371949892, 2024-04-29T06:25:49.892Z, 1138.030961, 671.4926072000001
1714371949907, 2024-04-29T06:25:49.907Z, 1137.4508636, 671.5929635999998
1714371949923, 2024-04-29T06:25:49.923Z, 1136.519315, 671.5126991999999
1714371949948, 2024-04-29T06:25:49.948Z, 1135.5776402, 671.7385114
1714371949970, 2024-04-29T06:25:49.970Z, 1135.1422314, 671.7548398
1714371949986, 2024-04-29T06:25:49.986Z, 1135.1353534, 671.9406998000001
1714371950002, 2024-04-29T06:25:50.002Z, 1135.4255124, 672.108401
1714371950018, 2024-04-29T06:25:50.018Z, 1135.8795462000003, 672.0897516
1714371950033, 2024-04-29T06:25:50.033Z, 1136.042951, 671.5602982
1714371950050, 2024-04-29T06:25:50.050Z, 1135.877872, 671.7722263999999
1714371950065, 2024-04-29T06:25:50.065Z, 1135.6387208, 672.2118224
1714371950113, 2024-04-29T06:25:50.113Z, 1143.7017414000002, 672.0600828
1714371950129, 2024-04-29T06:25:50.129Z, 1159.5590082, 671.4551818000001
1714371950144, 2024-04-29T06:25:50.144Z, 1177.4957018, 670.7972402
1714371950160, 2024-04-29T06:25:50.160Z, 1195.4220424, 670.1793074
1714371950176, 2024-04-29T06:25:50.176Z, 1217.9744994, 670.1339811999999
1714371950191, 2024-04-29T06:25:50.191Z, 1234.298021, 670.8578998
1714371950207, 2024-04-29T06:25:50.207Z, 1243.475245, 672.314761
1714371950222, 2024-04-29T06:25:50.222Z, 1251.2256642, 673.8470198
1714371950247, 2024-04-29T06:25:50.247Z, 1253.8600256, 674.4955305999999
1714371950269, 2024-04-29T06:25:50.269Z, 1249.6965564, 674.4630014
1714371950285, 2024-04-29T06:25:50.285Z, 1241.1272088, 673.1536698
1714371950301, 2024-04-29T06:25:50.301Z, 1231.5668612, 671.8904186
1714371950317, 2024-04-29T06:25:50.317Z, 1221.445785, 670.7691712
1714371950333, 2024-04-29T06:25:50.333Z, 1216.3772316, 670.4189196
1714371950348, 2024-04-29T06:25:50.348Z, 1212.7905934, 669.7760198
1714371950364, 2024-04-29T06:25:50.364Z, 1211.6591472, 669.8707366000001
1714371950380, 2024-04-29T06:25:50.380Z, 1209.3966946, 669.9402082
1714371950399, 2024-04-29T06:25:50.399Z, 1202.7787674, 668.8306186
1714371950411, 2024-04-29T06:25:50.411Z, 1194.6878543999999, 666.7768232000001
1714371950426, 2024-04-29T06:25:50.426Z, 1182.9778039999999, 663.7293027999999
1714371950442, 2024-04-29T06:25:50.442Z, 1169.026028, 661.0866202
1714371950458, 2024-04-29T06:25:50.458Z, 1155.3858972, 658.0410855999999
1714371950473, 2024-04-29T06:25:50.473Z, 1145.3889122, 655.7409908000001
1714371950488, 2024-04-29T06:25:50.488Z, 1134.2002988, 652.8889126
1714371950504, 2024-04-29T06:25:50.504Z, 1125.9461328, 650.8472908000001
1714371950519, 2024-04-29T06:25:50.519Z, 1118.6789394, 649.8972276000001
1714371950547, 2024-04-29T06:25:50.547Z, 1113.8631054, 647.9135034000001
1714371950566, 2024-04-29T06:25:50.566Z, 1109.6270541999997, 646.1590638
1714371950582, 2024-04-29T06:25:50.582Z, 1108.2437708, 645.115244
1714371950598, 2024-04-29T06:25:50.598Z, 1107.8584316000001, 644.421106
1714371950614, 2024-04-29T06:25:50.614Z, 1109.0388957999999, 641.1610274000001
1714371950630, 2024-04-29T06:25:50.630Z, 1109.2465631999999, 639.3355200000001
1714371950646, 2024-04-29T06:25:50.646Z, 1109.8738842000002, 637.619147
1714371950661, 2024-04-29T06:25:50.661Z, 1109.7609714, 636.7124459999999
1714371950677, 2024-04-29T06:25:50.677Z, 1110.0699444, 636.0640243999999
1714371950696, 2024-04-29T06:25:50.696Z, 1110.0824026, 637.0628743999999
1714371950711, 2024-04-29T06:25:50.711Z, 1109.7507498, 637.9541824
1714371950727, 2024-04-29T06:25:50.727Z, 1109.1544288, 638.9854066
1714371950740, 2024-04-29T06:25:50.740Z, 1109.160041, 639.7744532
1714371950756, 2024-04-29T06:25:50.756Z, 1108.7271974, 640.9972740000001
1714371950771, 2024-04-29T06:25:50.771Z, 1108.1166726, 642.1848342000001
1714371950787, 2024-04-29T06:25:50.787Z, 1106.8172416, 643.5368284
1714371950802, 2024-04-29T06:25:50.802Z, 1105.8968790000001, 644.5184502
1714371950818, 2024-04-29T06:25:50.818Z, 1105.1068508, 644.6055587999999
1714371950847, 2024-04-29T06:25:50.847Z, 1104.6687114000001, 644.4553404
1714371950861, 2024-04-29T06:25:50.861Z, 1104.7677432, 644.475618
1714371950874, 2024-04-29T06:25:50.874Z, 1105.9222464, 644.4353592
1714371950892, 2024-04-29T06:25:50.892Z, 1107.0821768, 645.0230733999999
1714371950907, 2024-04-29T06:25:50.907Z, 1107.8435332000001, 646.5870201999999
1714371950924, 2024-04-29T06:25:50.924Z, 1107.879007, 648.030208
1714371950945, 2024-04-29T06:25:50.945Z, 1107.14752, 648.8412124
1714371950960, 2024-04-29T06:25:50.960Z, 1106.407964, 648.9515504
1714371950976, 2024-04-29T06:25:50.976Z, 1105.4430856, 648.6712101999999
1714371950997, 2024-04-29T06:25:50.997Z, 1106.3177846, 647.3820644
1714371951009, 2024-04-29T06:25:51.009Z, 1108.5243468, 646.0241274
1714371951026, 2024-04-29T06:25:51.026Z, 1112.1013648, 645.2140118
1714371951041, 2024-04-29T06:25:51.041Z, 1115.9763642, 645.8416414000001
1714371951054, 2024-04-29T06:25:51.054Z, 1119.9778704, 647.2006792
1714371951071, 2024-04-29T06:25:51.071Z, 1122.3511018000002, 650.5061854
1714371951101, 2024-04-29T06:25:51.101Z, 1123.7060901999998, 654.1867136000001
1714371951116, 2024-04-29T06:25:51.116Z, 1123.916397, 658.2337420000001
1714371951146, 2024-04-29T06:25:51.146Z, 1123.4162876, 661.700041
1714371951162, 2024-04-29T06:25:51.162Z, 1122.0238172, 663.4375052
1714371951178, 2024-04-29T06:25:51.178Z, 1120.8284764, 664.1937608000001
1714371951194, 2024-04-29T06:25:51.194Z, 1119.7200564, 664.1778344
1714371951209, 2024-04-29T06:25:51.209Z, 1118.6861032, 663.163932
1714371951224, 2024-04-29T06:25:51.224Z, 1117.7588054000003, 662.0574516
1714371951239, 2024-04-29T06:25:51.239Z, 1117.5856066000001, 662.2089058
1714371951255, 2024-04-29T06:25:51.255Z, 1117.156947, 662.42247
1714371951271, 2024-04-29T06:25:51.271Z, 1116.7900894000002, 663.5782776
1714371951298, 2024-04-29T06:25:51.298Z, 1116.1739622, 666.0530206000001
1714371951318, 2024-04-29T06:25:51.318Z, 1115.5869722, 668.1021904
1714371951334, 2024-04-29T06:25:51.334Z, 1114.9769843999998, 669.8638083999999
1714371951349, 2024-04-29T06:25:51.349Z, 1113.3729749999998, 671.4617602000001
1714371951366, 2024-04-29T06:25:51.366Z, 1111.7192744, 672.3023266
1714371951380, 2024-04-29T06:25:51.380Z, 1110.267637, 672.0445404
1714371951396, 2024-04-29T06:25:51.396Z, 1108.7527726, 671.8957996000001
1714371951411, 2024-04-29T06:25:51.411Z, 1107.3884905999998, 671.414724
1714371951427, 2024-04-29T06:25:51.427Z, 1106.816922, 670.8847938
1714371951446, 2024-04-29T06:25:51.446Z, 1106.6602864, 670.3762928
1714371951459, 2024-04-29T06:25:51.459Z, 1110.5229937999998, 670.22185
1714371951476, 2024-04-29T06:25:51.476Z, 1115.3812053999998, 670.645809
1714371951491, 2024-04-29T06:25:51.491Z, 1117.6729894, 672.2869184000001
1714371951505, 2024-04-29T06:25:51.505Z, 1120.4087287999998, 673.6712292
1714371951521, 2024-04-29T06:25:51.521Z, 1119.8434498, 675.4796656
1714371951536, 2024-04-29T06:25:51.536Z, 1116.2074196, 676.8200579999999
1714371951553, 2024-04-29T06:25:51.553Z, 1111.8626516, 677.6004696
1714371951569, 2024-04-29T06:25:51.569Z, 1109.8326612, 677.3864434
1714371951595, 2024-04-29T06:25:51.595Z, 1107.9628976, 678.623935
1714371951616, 2024-04-29T06:25:51.616Z, 1108.9397518, 679.4475622000001
1714371951632, 2024-04-29T06:25:51.632Z, 1108.9285698, 680.394678
1714371951649, 2024-04-29T06:25:51.649Z, 1108.4199594, 681.2284152
1714371951664, 2024-04-29T06:25:51.664Z, 1107.784185, 681.8496664
1714371951679, 2024-04-29T06:25:51.679Z, 1106.7482862000002, 681.228885
1714371951696, 2024-04-29T06:25:51.696Z, 1106.3561128, 680.2887234
1714371951711, 2024-04-29T06:25:51.711Z, 1107.2693403999997, 679.8541316
1714371951726, 2024-04-29T06:25:51.726Z, 1143.8698954, 694.8564012
1714371951753, 2024-04-29T06:25:51.753Z, 1207.8738196, 722.0767004
1714371951774, 2024-04-29T06:25:51.774Z, 1281.7273891999998, 754.794486
1714371951791, 2024-04-29T06:25:51.791Z, 1355.3755108, 788.0701134
1714371951822, 2024-04-29T06:25:51.822Z, 1428.1704412, 821.0359698
1714371951838, 2024-04-29T06:25:51.838Z, 1465.3970684, 838.3210358
1714371951853, 2024-04-29T06:25:51.853Z, 1474.6402022, 843.1261026
1714371951868, 2024-04-29T06:25:51.868Z, 1473.2967862, 842.6151993999999
1714371951900, 2024-04-29T06:25:51.900Z, 1472.0352074, 841.7374166
1714371951916, 2024-04-29T06:25:51.916Z, 1472.4636688000003, 840.3185576
1714371951932, 2024-04-29T06:25:51.932Z, 1466.6802770000002, 839.3418322
1714371951949, 2024-04-29T06:25:51.949Z, 1461.9871441999999, 839.8710060000001
1714371951964, 2024-04-29T06:25:51.964Z, 1457.3500656, 840.1638872
1714371951979, 2024-04-29T06:25:51.979Z, 1451.8828196000002, 840.5608482
1714371951996, 2024-04-29T06:25:51.996Z, 1444.6890786000001, 841.2898773999999
1714371952011, 2024-04-29T06:25:52.011Z, 1443.457386, 841.2035164000001
1714371952027, 2024-04-29T06:25:52.027Z, 1441.4878085999999, 838.9633098
1714371952045, 2024-04-29T06:25:52.045Z, 1351.8771239999999, 819.5480621999999
1714371952073, 2024-04-29T06:25:52.073Z, 1211.2636102, 790.198897
1714371952088, 2024-04-29T06:25:52.088Z, 1063.4253823999998, 759.5979176000001
1714371952104, 2024-04-29T06:25:52.104Z, 905.9057544, 727.8830630000001