1714373456053, 2024-04-29T06:50:56.053Z, 213.751017, 177.21535
1714373456068, 2024-04-29T06:50:56.068Z, 211.43162, 171.5955845
1714373456083, 2024-04-29T06:50:56.083Z, 210.46522833333333, 168.797289
1714373456099, 2024-04-29T06:50:56.099Z, 211.1960765, 168.9374755
1714373456114, 2024-04-29T06:50:56.114Z, 212.648457, 170.8735234
1714373456130, 2024-04-29T06:50:56.130Z, 214.78060799999997, 173.1114044
1714373456146, 2024-04-29T06:50:56.146Z, 218.104268, 178.2963166
1714373456161, 2024-04-29T06:50:56.161Z, 221.61575779999998, 184.30157060000002
1714373456176, 2024-04-29T06:50:56.176Z, 224.1753592, 189.31633260000004
1714373456204, 2024-04-29T06:50:56.204Z, 225.925677, 192.53517500000004
1714373456216, 2024-04-29T06:50:56.216Z, 229.408394, 193.99424400000004
1714373456232, 2024-04-29T06:50:56.232Z, 235.6436706, 194.86314380000002
1714373456247, 2024-04-29T06:50:56.247Z, 243.72360319999999, 195.7873778
1714373456261, 2024-04-29T06:50:56.261Z, 253.9237572, 195.8052668
1714373456277, 2024-04-29T06:50:56.277Z, 266.6730358, 194.46493879999997
1714373456293, 2024-04-29T06:50:56.293Z, 276.72901260000003, 192.90039540000004
1714373456319, 2024-04-29T06:50:56.319Z, 282.65595039999994, 189.93885100000003
1714373456334, 2024-04-29T06:50:56.334Z, 285.4436844, 185.0523124
1714373456352, 2024-04-29T06:50:56.352Z, 287.804717, 182.9417516
1714373456368, 2024-04-29T06:50:56.368Z, 287.18274499999995, 181.9723052
1714373456383, 2024-04-29T06:50:56.383Z, 286.42192700000004, 182.857603
1714373456398, 2024-04-29T06:50:56.398Z, 284.7806078, 185.016097
1714373456414, 2024-04-29T06:50:56.414Z, 283.03804959999997, 189.574631
1714373456430, 2024-04-29T06:50:56.430Z, 277.9041198, 192.06798960000003
1714373456445, 2024-04-29T06:50:56.445Z, 271.294627, 195.963457
1714373456461, 2024-04-29T06:50:56.461Z, 263.94187500000004, 198.07668819999998
1714373456477, 2024-04-29T06:50:56.477Z, 258.17739459999996, 200.089824
1714373456503, 2024-04-29T06:50:56.503Z, 252.4292734, 200.8467028
1714373456517, 2024-04-29T06:50:56.517Z, 248.46136460000002, 201.7266434
1714373456531, 2024-04-29T06:50:56.531Z, 246.2432804, 201.77035080000002
1714373456547, 2024-04-29T06:50:56.547Z, 244.67216120000003, 201.82782939999998
1714373456562, 2024-04-29T06:50:56.562Z, 243.0066824, 201.45393140000002
1714373456575, 2024-04-29T06:50:56.575Z, 242.67211419999998, 201.47133399999998
1714373456592, 2024-04-29T06:50:56.592Z, 242.35477140000003, 201.3828976
1714373456607, 2024-04-29T06:50:56.607Z, 243.3310806, 201.0716184
1714373456621, 2024-04-29T06:50:56.621Z, 244.27844679999998, 200.76624940000002
1714373456654, 2024-04-29T06:50:56.654Z, 245.8633092, 201.9636168
1714373456667, 2024-04-29T06:50:56.667Z, 247.76958679999998, 203.2759734
1714373456682, 2024-04-29T06:50:56.682Z, 258.3080462, 204.72767720000002
1714373456697, 2024-04-29T06:50:56.697Z, 268.441305, 205.8362886
1714373456713, 2024-04-29T06:50:56.713Z, 278.4272284, 206.57343180000004
1714373456730, 2024-04-29T06:50:56.730Z, 293.19330720000005, 206.7156512
1714373456745, 2024-04-29T06:50:56.745Z, 307.7400998, 207.0330352
1714373456760, 2024-04-29T06:50:56.760Z, 313.8649866, 208.256088
1714373456776, 2024-04-29T06:50:56.776Z, 319.47652220000003, 210.4653924
1714373456802, 2024-04-29T06:50:56.802Z, 325.7503162, 213.1938636
1714373456838, 2024-04-29T06:50:56.838Z, 327.40379480000007, 214.46454940000004
1714373456854, 2024-04-29T06:50:56.854Z, 329.140994, 214.22558420000001
1714373456869, 2024-04-29T06:50:56.869Z, 330.473747, 212.69950640000002
1714373456884, 2024-04-29T06:50:56.884Z, 331.1296962, 210.33105
1714373456900, 2024-04-29T06:50:56.900Z, 330.7752616, 207.87582779999997
1714373456916, 2024-04-29T06:50:56.916Z, 331.44133420000003, 208.5188632
1714373456931, 2024-04-29T06:50:56.931Z, 331.1862992, 209.7750032
1714373456953, 2024-04-29T06:50:56.953Z, 332.2372668, 211.4335204
1714373456979, 2024-04-29T06:50:56.979Z, 332.88520800000003, 212.7218096
1714373456994, 2024-04-29T06:50:56.994Z, 334.2216908, 212.57233079999997
1714373457009, 2024-04-29T06:50:57.009Z, 334.642457, 208.90411699999999
1714373457025, 2024-04-29T06:50:57.025Z, 334.87031759999996, 206.24519600000002
1714373457166, 2024-04-29T06:50:57.166Z, 314.91666599999996, 233.55684580000002
1714373457182, 2024-04-29T06:50:57.182Z, 282.2559784, 246.0428078
1714373457197, 2024-04-29T06:50:57.197Z, 249.76740480000004, 259.44454740000003
1714373457213, 2024-04-29T06:50:57.213Z, 215.5384564, 272.2033314
1714373457229, 2024-04-29T06:50:57.229Z, 181.4780702, 284.4579582
1714373457255, 2024-04-29T06:50:57.255Z, 166.2687866, 266.479511
1714373457275, 2024-04-29T06:50:57.275Z, 164.32644739999998, 264.4766564
1714373457290, 2024-04-29T06:50:57.290Z, 163.457495, 263.63544979999995
1714373457306, 2024-04-29T06:50:57.306Z, 161.38279459999998, 263.45685419999995
1714373457322, 2024-04-29T06:50:57.322Z, 158.1827776, 262.3508684
1714373457336, 2024-04-29T06:50:57.336Z, 153.95344619999997, 260.5896894
1714373457352, 2024-04-29T06:50:57.352Z, 151.2168518, 259.270854
1714373457368, 2024-04-29T06:50:57.368Z, 148.0827126, 258.669405
1714373457384, 2024-04-29T06:50:57.384Z, 147.8105302, 258.7950644
1714373457403, 2024-04-29T06:50:57.403Z, 150.4782532, 260.8366574
1714373457417, 2024-04-29T06:50:57.417Z, 153.15944199999998, 263.07648699999993
1714373457430, 2024-04-29T06:50:57.430Z, 155.40417639999998, 269.944548
1714373457447, 2024-04-29T06:50:57.447Z, 157.6412248, 279.8419922
1714373457462, 2024-04-29T06:50:57.462Z, 159.0513256, 293.36474259999994
1714373457477, 2024-04-29T06:50:57.477Z, 159.38675, 305.8552208
1714373457493, 2024-04-29T06:50:57.493Z, 163.2647134, 321.86007440000003
1714373457509, 2024-04-29T06:50:57.509Z, 166.2123714, 331.55225340000004
1714373457525, 2024-04-29T06:50:57.525Z, 168.0408802, 335.700956
1714373457554, 2024-04-29T06:50:57.554Z, 170.9465162, 337.5132334
1714373457569, 2024-04-29T06:50:57.569Z, 173.806154, 340.03457820000006
1714373457586, 2024-04-29T06:50:57.586Z, 173.7649938, 339.60457060000005
1714373457603, 2024-04-29T06:50:57.603Z, 173.9612378, 339.7004782
1714373457618, 2024-04-29T06:50:57.618Z, 177.1601636, 341.70423040000003
1714373457634, 2024-04-29T06:50:57.634Z, 185.5688364, 342.8849648
1714373457650, 2024-04-29T06:50:57.650Z, 217.415067, 345.54182660000004
1714373457666, 2024-04-29T06:50:57.666Z, 250.03592280000004, 348.22401099999996
1714373457682, 2024-04-29T06:50:57.682Z, 284.03737820000003, 350.8717178
1714373457701, 2024-04-29T06:50:57.701Z, 318.4010856, 352.4678888
1714373457720, 2024-04-29T06:50:57.720Z, 347.9864498, 354.3425282
1714373457732, 2024-04-29T06:50:57.732Z, 356.5211198, 354.5075668
1714373457745, 2024-04-29T06:50:57.745Z, 369.16205520000005, 354.3714754
1714373457762, 2024-04-29T06:50:57.762Z, 397.5904086, 355.9739006
1714373457777, 2024-04-29T06:50:57.777Z, 420.459005, 357.77358319999996
1714373457791, 2024-04-29T06:50:57.791Z, 445.4042186, 358.02360059999995
1714373457808, 2024-04-29T06:50:57.808Z, 466.2283586, 355.4274296
1714373457823, 2024-04-29T06:50:57.823Z, 482.5567922, 351.68630479999996
1714373457860, 2024-04-29T06:50:57.860Z, 478.9347656, 342.36771839999994
1714373457871, 2024-04-29T06:50:57.871Z, 478.46087500000004, 334.7264206
1714373457886, 2024-04-29T06:50:57.886Z, 473.8353238000001, 328.0809622
1714373457902, 2024-04-29T06:50:57.902Z, 470.0929532, 323.274954
1714373457917, 2024-04-29T06:50:57.917Z, 464.67162420000005, 318.7160596
1714373457933, 2024-04-29T06:50:57.933Z, 461.8095652, 318.04126779999996
1714373457949, 2024-04-29T06:50:57.949Z, 458.84607500000004, 316.03269739999996
1714373457965, 2024-04-29T06:50:57.965Z, 456.39858619999995, 314.3848384
1714373457981, 2024-04-29T06:50:57.981Z, 453.8525918, 313.91152619999997
1714373458003, 2024-04-29T06:50:58.003Z, 439.217249, 316.80554659999996
1714373458019, 2024-04-29T06:50:58.019Z, 423.8595494, 319.6362476
1714373458037, 2024-04-29T06:50:58.037Z, 407.04344520000006, 321.8692658
1714373458059, 2024-04-29T06:50:58.059Z, 386.9087786, 324.53312880000004
1714373458075, 2024-04-29T06:50:58.075Z, 358.4626074, 326.2798818
1714373458090, 2024-04-29T06:50:58.090Z, 328.06245, 324.1826278
1714373458106, 2024-04-29T06:50:58.106Z, 299.3081866, 326.139915
1714373458122, 2024-04-29T06:50:58.122Z, 268.7491588, 325.45139600000005
1714373458158, 2024-04-29T06:50:58.158Z, 241.95169140000002, 325.8826606
1714373458169, 2024-04-29T06:50:58.169Z, 224.4993402, 327.88050580000004
1714373458185, 2024-04-29T06:50:58.185Z, 221.2403384, 332.8369248
1714373458201, 2024-04-29T06:50:58.201Z, 212.5899922, 334.3825436000001
1714373458216, 2024-04-29T06:50:58.216Z, 206.21353319999997, 338.9490288
1714373458231, 2024-04-29T06:50:58.231Z, 198.7729132, 340.38123559999997
1714373458247, 2024-04-29T06:50:58.247Z, 190.2817544, 340.55129139999997
1714373458263, 2024-04-29T06:50:58.263Z, 183.0460356, 338.8758772
1714373458279, 2024-04-29T06:50:58.279Z, 180.3449864, 336.8204454
1714373458303, 2024-04-29T06:50:58.303Z, 177.6706748, 334.09135060000006
1714373458317, 2024-04-29T06:50:58.317Z, 175.9966344, 333.8903776
1714373458330, 2024-04-29T06:50:58.330Z, 175.20382060000003, 334.25085479999996
1714373458347, 2024-04-29T06:50:58.347Z, 175.65916600000003, 336.8086552
1714373458362, 2024-04-29T06:50:58.362Z, 176.1948064, 339.439456
1714373458375, 2024-04-29T06:50:58.375Z, 177.5442382, 343.31337840000003
1714373458392, 2024-04-29T06:50:58.392Z, 179.705798, 346.90189900000007
1714373458419, 2024-04-29T06:50:58.419Z, 182.3906008, 350.2642056
1714373458434, 2024-04-29T06:50:58.434Z, 183.99919959999997, 351.9349574
1714373458453, 2024-04-29T06:50:58.453Z, 183.5105924, 354.9242818
1714373458465, 2024-04-29T06:50:58.465Z, 181.10001999999997, 357.4026222
1714373458484, 2024-04-29T06:50:58.484Z, 177.50112399999998, 359.7033454
1714373458500, 2024-04-29T06:50:58.500Z, 173.09581479999997, 362.0301782
1714373458513, 2024-04-29T06:50:58.513Z, 167.6433414, 363.6213514
1714373458528, 2024-04-29T06:50:58.528Z, 163.76756840000002, 363.7574748
1714373458543, 2024-04-29T06:50:58.543Z, 161.0245598, 363.2045082
1714373458559, 2024-04-29T06:50:58.559Z, 158.520077, 361.8974218
1714373458575, 2024-04-29T06:50:58.575Z, 154.64482900000002, 358.664173
1714373458601, 2024-04-29T06:50:58.601Z, 150.0521042, 362.4673298
1714373458617, 2024-04-29T06:50:58.617Z, 144.98712940000001, 367.657842
1714373458632, 2024-04-29T06:50:58.632Z, 139.08180660000002, 375.2395198
1714373458654, 2024-04-29T06:50:58.654Z, 132.19092360000002, 385.1339144
1714373458670, 2024-04-29T06:50:58.670Z, 125.0371192, 401.08422920000004
1714373458687, 2024-04-29T06:50:58.687Z, 119.62730379999998, 412.29101879999996
1714373458702, 2024-04-29T06:50:58.702Z, 117.1309986, 428.2509696
1714373458717, 2024-04-29T06:50:58.717Z, 116.0642496, 442.8151702
1714373458732, 2024-04-29T06:50:58.732Z, 116.5989266, 456.0131432
1714373458753, 2024-04-29T06:50:58.753Z, 120.1148698, 465.6888854
1714373458772, 2024-04-29T06:50:58.772Z, 123.25999239999999, 473.4482648
1714373458795, 2024-04-29T06:50:58.795Z, 123.687914, 473.74546399999997
1714373458810, 2024-04-29T06:50:58.810Z, 121.69228539999999, 469.50152820000005
1714373458826, 2024-04-29T06:50:58.826Z, 118.5438498, 465.4764424
1714373458842, 2024-04-29T06:50:58.842Z, 112.15831840000001, 460.7492978
1714373458873, 2024-04-29T06:50:58.873Z, 106.0855122, 456.3925492
1714373458903, 2024-04-29T06:50:58.903Z, 99.54647440000001, 452.85690059999996
1714373458915, 2024-04-29T06:50:58.915Z, 94.62786480000001, 453.6025042
1714373458936, 2024-04-29T06:50:58.936Z, 90.20514599999998, 453.763452
1714373458951, 2024-04-29T06:50:58.951Z, 88.1894352, 454.3817632
1714373458967, 2024-04-29T06:50:58.967Z, 86.661965, 455.6578496
1714373458984, 2024-04-29T06:50:58.984Z, 86.1453184, 459.05039500000004
1714373458999, 2024-04-29T06:50:58.999Z, 84.93952720000001, 462.71977660000005
1714373459015, 2024-04-29T06:50:59.015Z, 83.5925138, 466.41688220000003
1714373459030, 2024-04-29T06:50:59.030Z, 82.8980434, 469.7647898
1714373459051, 2024-04-29T06:50:59.051Z, 80.43559440000001, 471.12895280000004
1714373459067, 2024-04-29T06:50:59.067Z, 78.0142788, 470.72244680000006
1714373459082, 2024-04-29T06:50:59.082Z, 76.7849382, 470.02712940000004
1714373459110, 2024-04-29T06:50:59.110Z, 77.3472056, 470.1999482
1714373459125, 2024-04-29T06:50:59.125Z, 77.661954, 470.13778179999997
1714373459141, 2024-04-29T06:50:59.141Z, 80.15772, 471.2900234
1714373459157, 2024-04-29T06:50:59.157Z, 88.87606, 471.48609560000006
1714373459172, 2024-04-29T06:50:59.172Z, 100.7042836, 470.8570930000001
1714373459203, 2024-04-29T06:50:59.203Z, 112.5976476, 468.5619114
1714373459218, 2024-04-29T06:50:59.218Z, 124.5294342, 467.2280274000001
1714373459234, 2024-04-29T06:50:59.234Z, 135.7919546, 465.2523008
1714373459250, 2024-04-29T06:50:59.250Z, 141.18868719999998, 464.8197258
1714373459265, 2024-04-29T06:50:59.265Z, 145.0106456, 467.1640694000001
1714373459281, 2024-04-29T06:50:59.281Z, 147.5989052, 470.0372374
1714373459297, 2024-04-29T06:50:59.297Z, 149.118914, 471.1741246
1714373459312, 2024-04-29T06:50:59.312Z, 150.861979, 473.29620880000004
1714373459327, 2024-04-29T06:50:59.327Z, 152.0345272, 474.33689560000005
1714373459353, 2024-04-29T06:50:59.353Z, 150.951068, 471.91178959999996
1714373459365, 2024-04-29T06:50:59.365Z, 149.8713676, 469.5748558
1714373459387, 2024-04-29T06:50:59.387Z, 149.942862, 467.53134600000004
1714373459397, 2024-04-29T06:50:59.397Z, 152.1896072, 464.71963859999994
1714373459410, 2024-04-29T06:50:59.410Z, 156.0491456, 463.500314
1714373459427, 2024-04-29T06:50:59.427Z, 161.93870980000003, 463.43003659999994
1714373459441, 2024-04-29T06:50:59.441Z, 168.6808966, 462.7997794
1714373459455, 2024-04-29T06:50:59.455Z, 175.51369360000004, 462.6638872
1714373459472, 2024-04-29T06:50:59.472Z, 181.65539360000002, 462.9498516
1714373459501, 2024-04-29T06:50:59.501Z, 187.64724579999998, 461.68028560000005
1714373459517, 2024-04-29T06:50:59.517Z, 191.8162734, 460.31847580000004
1714373459532, 2024-04-29T06:50:59.532Z, 193.97731299999998, 459.446341
1714373459545, 2024-04-29T06:50:59.545Z, 195.7657884, 459.0373396
1714373459563, 2024-04-29T06:50:59.563Z, 199.1780232, 465.4949676
1714373459580, 2024-04-29T06:50:59.580Z, 200.96636560000002, 471.81028200000003
1714373459591, 2024-04-29T06:50:59.591Z, 202.895545, 478.0413386
1714373459608, 2024-04-29T06:50:59.608Z, 205.6509814, 484.2868324
1714373459622, 2024-04-29T06:50:59.622Z, 208.74827620000002, 487.8900074
1714373459653, 2024-04-29T06:50:59.653Z, 210.63734319999998, 483.570406
1714373459667, 2024-04-29T06:50:59.667Z, 214.63748260000003, 479.7012568
1714373459681, 2024-04-29T06:50:59.681Z, 224.1219826, 476.4090346
1714373459697, 2024-04-29T06:50:59.697Z, 236.83808639999998, 473.5170344
1714373459713, 2024-04-29T06:50:59.713Z, 249.175108, 473.67265879999997
1714373459728, 2024-04-29T06:50:59.728Z, 266.323457, 475.78684060000006
1714373459744, 2024-04-29T06:50:59.744Z, 284.0174278, 478.6000781999999
1714373459760, 2024-04-29T06:50:59.760Z, 297.0197216, 480.91412419999995
1714373459775, 2024-04-29T06:50:59.775Z, 307.0070576, 482.1908162
1714373459803, 2024-04-29T06:50:59.803Z, 315.0369536, 480.4927412
1714373459815, 2024-04-29T06:50:59.815Z, 316.07307519999995, 478.22617420000006
1714373459832, 2024-04-29T06:50:59.832Z, 311.3386028, 474.7664068
1714373459847, 2024-04-29T06:50:59.847Z, 304.6663048, 472.01673359999995
1714373459861, 2024-04-29T06:50:59.861Z, 297.94053479999997, 470.0401388
1714373459877, 2024-04-29T06:50:59.877Z, 291.3662988, 469.98156199999994
1714373459892, 2024-04-29T06:50:59.892Z, 283.5373038, 468.2405608
1714373459915, 2024-04-29T06:50:59.915Z, 279.3355724, 467.15795760000003
1714373459930, 2024-04-29T06:50:59.930Z, 276.1043434, 466.33895359999997
1714373459951, 2024-04-29T06:50:59.951Z, 272.21018960000004, 464.59749700000003
1714373459967, 2024-04-29T06:50:59.967Z, 269.21170620000004, 461.1773674
1714373459982, 2024-04-29T06:50:59.982Z, 267.7864674, 459.17196619999993
1714373459996, 2024-04-29T06:50:59.996Z, 267.125596, 456.79412440000004
1714373460012, 2024-04-29T06:51:00.012Z, 267.37780140000007, 453.7518758
1714373460027, 2024-04-29T06:51:00.027Z, 284.140676, 453.534563
1714373460041, 2024-04-29T06:51:00.041Z, 303.51336499999996, 453.24257120000004
1714373460070, 2024-04-29T06:51:00.070Z, 323.2227018, 453.3425314
1714373460086, 2024-04-29T06:51:00.086Z, 342.9363394, 452.97255260000003
1714373460103, 2024-04-29T06:51:00.103Z, 363.7741996, 451.773372
1714373460133, 2024-04-29T06:51:00.133Z, 370.46442, 448.8204584
1714373460148, 2024-04-29T06:51:00.148Z, 375.259271, 447.72353440000006
1714373460164, 2024-04-29T06:51:00.164Z, 385.87239220000004, 449.9678924
1714373460180, 2024-04-29T06:51:00.180Z, 398.1135562, 453.23950299999996
1714373460196, 2024-04-29T06:51:00.196Z, 409.618589, 457.23628740000004
1714373460227, 2024-04-29T06:51:00.227Z, 420.9188204, 462.46319059999996
1714373460253, 2024-04-29T06:51:00.253Z, 433.37967660000004, 467.75986760000006
1714373460265, 2024-04-29T06:51:00.265Z, 438.91827320000004, 469.089747
1714373460282, 2024-04-29T06:51:00.282Z, 439.71791040000005, 469.5688518
1714373460304, 2024-04-29T06:51:00.304Z, 439.7609626, 468.82704
1714373460319, 2024-04-29T06:51:00.319Z, 438.20457060000007, 465.1552256
1714373460335, 2024-04-29T06:51:00.335Z, 435.12006940000003, 461.1875319999999
1714373460351, 2024-04-29T06:51:00.351Z, 432.62549959999996, 458.599658
1714373460367, 2024-04-29T06:51:00.367Z, 435.1962928, 457.5883296
1714373460382, 2024-04-29T06:51:00.382Z, 446.38793599999997, 459.60435340000004
1714373460402, 2024-04-29T06:51:00.402Z, 458.75836240000007, 463.54459019999996
1714373460417, 2024-04-29T06:51:00.417Z, 472.5025362, 468.3431072
1714373460431, 2024-04-29T06:51:00.431Z, 485.839491, 471.55477559999997
1714373460446, 2024-04-29T06:51:00.446Z, 495.6939462, 471.158248
1714373460462, 2024-04-29T06:51:00.462Z, 496.46388020000006, 469.75459220000005
1714373460477, 2024-04-29T06:51:00.477Z, 495.5708272, 466.4689588
1714373460491, 2024-04-29T06:51:00.491Z, 493.4709358, 460.49305880000003
1714373460507, 2024-04-29T06:51:00.507Z, 491.828938, 454.88540759999995
1714373460522, 2024-04-29T06:51:00.522Z, 490.7762818000001, 451.7699454
1714373460553, 2024-04-29T06:51:00.553Z, 490.24346679999996, 448.608399
1714373460569, 2024-04-29T06:51:00.569Z, 492.1855388, 446.7787948
1714373460585, 2024-04-29T06:51:00.585Z, 495.3044174, 448.0975906
1714373460601, 2024-04-29T06:51:00.601Z, 507.06407899999994, 449.459099
1714373460617, 2024-04-29T06:51:00.617Z, 528.6627174, 451.4059632
1714373460632, 2024-04-29T06:51:00.632Z, 550.882995, 452.83366939999996
1714373460648, 2024-04-29T06:51:00.648Z, 572.3546114000001, 452.674345
1714373460663, 2024-04-29T06:51:00.663Z, 592.5703154, 451.33124260000005
1714373460679, 2024-04-29T06:51:00.679Z, 604.7798888, 450.03158679999996
1714373460703, 2024-04-29T06:51:00.703Z, 606.0232858, 447.80931380000004
1714373460718, 2024-04-29T06:51:00.718Z, 606.5406904, 445.42212820000003
1714373460742, 2024-04-29T06:51:00.742Z, 606.2801356, 444.9543458
1714373460757, 2024-04-29T06:51:00.757Z, 608.8944112000001, 449.0264642
1714373460773, 2024-04-29T06:51:00.773Z, 610.8235886, 452.9258696
1714373460788, 2024-04-29T06:51:00.788Z, 615.6075372, 457.782809
1714373460804, 2024-04-29T06:51:00.804Z, 622.0122466, 462.48338160000003
1714373460819, 2024-04-29T06:51:00.819Z, 629.377309, 466.690032
1714373460835, 2024-04-29T06:51:00.835Z, 634.0320896000001, 466.0791406
1714373460852, 2024-04-29T06:51:00.852Z, 638.3489852, 463.97556640000005
1714373460867, 2024-04-29T06:51:00.867Z, 641.2991958, 461.2218178
1714373460884, 2024-04-29T06:51:00.884Z, 642.6521683999999, 458.44682279999995
1714373460897, 2024-04-29T06:51:00.897Z, 643.2721362, 456.6934128
1714373460912, 2024-04-29T06:51:00.912Z, 643.3626158, 454.8163963999999
1714373460930, 2024-04-29T06:51:00.930Z, 644.1033314, 456.009901
1714373460944, 2024-04-29T06:51:00.944Z, 645.1094014, 459.07340320000003
1714373460960, 2024-04-29T06:51:00.960Z, 645.9522112, 462.17706200000003
1714373460975, 2024-04-29T06:51:00.975Z, 645.5237960000001, 464.7571438
1714373461003, 2024-04-29T06:51:01.003Z, 638.2358576, 467.8109786
1714373461017, 2024-04-29T06:51:01.017Z, 601.3549495999999, 469.41918480000004
1714373461030, 2024-04-29T06:51:01.030Z, 556.9384935999999, 469.6839186
1714373461047, 2024-04-29T06:51:01.047Z, 501.59273700000006, 470.8757834
1714373461075, 2024-04-29T06:51:01.075Z, 440.5124502, 472.09876999999994
1714373461115, 2024-04-29T06:51:01.115Z, 352.17986999999994, 475.9840848
1714373461131, 2024-04-29T06:51:01.131Z, 294.366354, 480.2070812
1714373461153, 2024-04-29T06:51:01.153Z, 243.85761940000003, 483.72543459999997
1714373461167, 2024-04-29T06:51:01.167Z, 203.81752419999998, 486.4188966
1714373461194, 2024-04-29T06:51:01.194Z, 170.19426140000002, 489.77718020000003
1714373461210, 2024-04-29T06:51:01.210Z, 171.26466039999997, 491.7331272
1714373461225, 2024-04-29T06:51:01.225Z, 174.8216952, 494.9590518
1714373461241, 2024-04-29T06:51:01.241Z, 194.0873152, 492.9174478
1714373461257, 2024-04-29T06:51:01.257Z, 234.20356739999997, 487.84297240000006
1714373461277, 2024-04-29T06:51:01.277Z, 276.4823742, 480.3254546
1714373461301, 2024-04-29T06:51:01.301Z, 322.1005326, 470.9857326
1714373461317, 2024-04-29T06:51:01.317Z, 362.9939714, 460.65437540000005
1714373461332, 2024-04-29T06:51:01.332Z, 389.19842900000003, 456.96181839999997
1714373461345, 2024-04-29T06:51:01.345Z, 395.450946, 456.3113654
1714373461362, 2024-04-29T06:51:01.362Z, 402.5533896, 459.04243859999997
1714373461377, 2024-04-29T06:51:01.377Z, 406.3416286, 462.7822346
1714373461391, 2024-04-29T06:51:01.391Z, 412.1631964, 466.6389252000001
1714373461409, 2024-04-29T06:51:01.409Z, 417.4256542, 469.28083720000006
1714373461422, 2024-04-29T06:51:01.422Z, 421.8700384, 470.52818339999993
1714373461452, 2024-04-29T06:51:01.452Z, 421.35337319999996, 467.6012754
1714373461476, 2024-04-29T06:51:01.476Z, 418.9591458, 463.8566196
1714373461492, 2024-04-29T06:51:01.492Z, 413.70174399999996, 459.0868896
1714373461508, 2024-04-29T06:51:01.508Z, 407.6551868, 454.89227900000003
1714373461524, 2024-04-29T06:51:01.524Z, 401.33078020000005, 452.22530040000004
1714373461539, 2024-04-29T06:51:01.539Z, 397.5138732, 452.88570739999994
1714373461554, 2024-04-29T06:51:01.554Z, 397.0668446000001, 458.16733880000004
1714373461570, 2024-04-29T06:51:01.570Z, 398.82769160000004, 463.9171826
1714373461585, 2024-04-29T06:51:01.585Z, 397.9856554, 467.8282612
1714373461603, 2024-04-29T06:51:01.603Z, 391.4554118, 470.1603974000001
1714373461617, 2024-04-29T06:51:01.617Z, 381.9904382, 470.6385242
1714373461632, 2024-04-29T06:51:01.632Z, 368.3581032, 466.09746779999995
1714373461650, 2024-04-29T06:51:01.650Z, 351.0231358, 462.0209436
1714373461679, 2024-04-29T06:51:01.679Z, 335.410415, 459.5269524
1714373461694, 2024-04-29T06:51:01.694Z, 319.93562439999994, 458.2156088
1714373461710, 2024-04-29T06:51:01.710Z, 306.8881636, 457.71483180000007
1714373461725, 2024-04-29T06:51:01.725Z, 295.8165202, 457.596282
1714373461752, 2024-04-29T06:51:01.752Z, 287.3973418, 454.62687619999997
1714373461767, 2024-04-29T06:51:01.767Z, 279.50504, 449.7480288
1714373461782, 2024-04-29T06:51:01.782Z, 277.4462542, 446.9845794
1714373461796, 2024-04-29T06:51:01.796Z, 277.2923246, 450.20020039999997
1714373461812, 2024-04-29T06:51:01.812Z, 278.69411579999996, 456.1820288
1714373461827, 2024-04-29T06:51:01.827Z, 280.48664019999995, 462.64544379999995
1714373461840, 2024-04-29T06:51:01.840Z, 282.71197879999994, 470.909555
1714373461857, 2024-04-29T06:51:01.857Z, 285.0033689999999, 476.3650414
1714373461876, 2024-04-29T06:51:01.876Z, 285.15494320000005, 475.8532428
1714373461904, 2024-04-29T06:51:01.904Z, 285.90949439999997, 474.0687524
1714373461918, 2024-04-29T06:51:01.918Z, 285.965544, 471.66745820000006
1714373461931, 2024-04-29T06:51:01.931Z, 292.900327, 470.4700476
1714373461948, 2024-04-29T06:51:01.948Z, 437.0284726, 459.7600314
1714373461976, 2024-04-29T06:51:01.976Z, 584.0877828, 449.200782
1714373461992, 2024-04-29T06:51:01.992Z, 730.6614606, 437.96085059999996
1714373462007, 2024-04-29T06:51:02.007Z, 882.4915616000002, 429.0173441999999
1714373462023, 2024-04-29T06:51:02.023Z, 1030.1553376, 419.28415720000004
1714373462038, 2024-04-29T06:51:02.038Z, 1045.0567368, 420.6327386
1714373462055, 2024-04-29T06:51:02.055Z, 1057.8235244, 421.62870940000005
1714373462069, 2024-04-29T06:51:02.069Z, 1069.6263027999998, 422.3328432
1714373462085, 2024-04-29T06:51:02.085Z, 1078.1517646, 422.3400684
1714373462100, 2024-04-29T06:51:02.100Z, 1085.8201766, 422.52185900000006
1714373462116, 2024-04-29T06:51:02.116Z, 1094.6571432, 416.83583
1714373462131, 2024-04-29T06:51:02.131Z, 1104.1893112000002, 410.13921259999995
1714373462148, 2024-04-29T06:51:02.148Z, 1113.6276216, 402.333584
1714373462163, 2024-04-29T06:51:02.163Z, 1122.0941052, 393.7316548
1714373462179, 2024-04-29T06:51:02.179Z, 1130.0215946, 381.5572464
1714373462203, 2024-04-29T06:51:02.203Z, 1132.2428814, 373.75549379999995
1714373462218, 2024-04-29T06:51:02.218Z, 1132.8333630000002, 367.0906222
1714373462257, 2024-04-29T06:51:02.257Z, 1133.0371286, 360.71724959999995
1714373462273, 2024-04-29T06:51:02.273Z, 1132.7992274, 356.65804919999994
1714373462304, 2024-04-29T06:51:02.304Z, 1130.417808, 355.6113918
1714373462320, 2024-04-29T06:51:02.320Z, 1128.9997592000002, 356.07163119999996
1714373462335, 2024-04-29T06:51:02.335Z, 1126.680513, 355.5698728
1714373462354, 2024-04-29T06:51:02.354Z, 1125.919619, 355.681557
1714373462368, 2024-04-29T06:51:02.368Z, 1125.931049, 355.1090312
1714373462382, 2024-04-29T06:51:02.382Z, 1125.3109246, 354.54690819999996
1714373462400, 2024-04-29T06:51:02.400Z, 1125.0858806, 356.9147994
1714373462413, 2024-04-29T06:51:02.413Z, 1126.4187688, 361.2880454
1714373462445, 2024-04-29T06:51:02.445Z, 1126.5355482, 366.11360879999995
1714373462461, 2024-04-29T06:51:02.461Z, 1122.2326690000002, 373.72365299999996
1714373462477, 2024-04-29T06:51:02.477Z, 1119.5316036, 381.524272
1714373462504, 2024-04-29T06:51:02.504Z, 1115.5629476000001, 385.75409859999996
1714373462525, 2024-04-29T06:51:02.525Z, 1112.2606680000001, 388.3163062
1714373462539, 2024-04-29T06:51:02.539Z, 1114.6983416, 386.35697439999996
1714373462555, 2024-04-29T06:51:02.555Z, 1124.1460422, 379.1911626
1714373462571, 2024-04-29T06:51:02.571Z, 1135.1441246, 367.2366086
1714373462586, 2024-04-29T06:51:02.586Z, 1147.5691906, 353.7964988
1714373462602, 2024-04-29T06:51:02.602Z, 1159.4771016, 339.988137
1714373462618, 2024-04-29T06:51:02.618Z, 1166.7191128, 328.151046
1714373462634, 2024-04-29T06:51:02.634Z, 1172.7877422000001, 315.8068702
1714373462657, 2024-04-29T06:51:02.657Z, 1177.2093995999999, 308.0917678
1714373462669, 2024-04-29T06:51:02.669Z, 1181.9381534, 295.7884674
1714373462683, 2024-04-29T06:51:02.683Z, 1187.1434994, 281.31285360000004
1714373462699, 2024-04-29T06:51:02.699Z, 1194.4558788, 260.388775
1714373462713, 2024-04-29T06:51:02.713Z, 1204.0149394, 236.23971820000003
1714373462728, 2024-04-29T06:51:02.728Z, 1215.4979914, 209.16939779999998
1714373462742, 2024-04-29T06:51:02.742Z, 1226.7296552, 186.21856480000002
1714373462759, 2024-04-29T06:51:02.759Z, 1237.5275213999998, 163.8275544
1714373462773, 2024-04-29T06:51:02.773Z, 1245.5855032, 148.1281304
1714373462804, 2024-04-29T06:51:02.804Z, 1249.7924941999997, 140.4603398
1714373462820, 2024-04-29T06:51:02.820Z, 1251.9821924, 136.66389999999998
1714373462836, 2024-04-29T06:51:02.836Z, 1253.2008732, 134.6082892
1714373462851, 2024-04-29T06:51:02.851Z, 1260.600764, 135.4038744
1714373462867, 2024-04-29T06:51:02.867Z, 1282.2244717999997, 138.21764460000003
1714373462883, 2024-04-29T06:51:02.883Z, 1304.7315993999998, 139.27268420000001
1714373462899, 2024-04-29T06:51:02.899Z, 1329.8941352, 138.03864000000002
1714373462914, 2024-04-29T06:51:02.914Z, 1355.7067066, 138.52038199999998
1714373462930, 2024-04-29T06:51:02.930Z, 1375.7502814, 138.9614298
1714373462955, 2024-04-29T06:51:02.955Z, 1380.8759744, 138.9067396
1714373462977, 2024-04-29T06:51:02.977Z, 1384.4218958, 139.5963788
1714373462993, 2024-04-29T06:51:02.993Z, 1385.0850354000002, 142.3103384
1714373463009, 2024-04-29T06:51:03.009Z, 1384.9690002000002, 144.101797
1714373463025, 2024-04-29T06:51:03.025Z, 1384.4837582, 146.4337186
1714373463040, 2024-04-29T06:51:03.040Z, 1385.312239, 149.3682054
1714373463056, 2024-04-29T06:51:03.056Z, 1386.7239082, 150.2825012
1714373463072, 2024-04-29T06:51:03.072Z, 1388.0237304, 149.134456
1714373463087, 2024-04-29T06:51:03.087Z, 1388.7541668, 146.692194
1714373463103, 2024-04-29T06:51:03.103Z, 1387.962831, 142.5898204
1714373463118, 2024-04-29T06:51:03.118Z, 1386.1731184, 138.5674232
1714373463134, 2024-04-29T06:51:03.134Z, 1384.0023214, 135.46099740000002
1714373463150, 2024-04-29T06:51:03.150Z, 1382.2378936, 133.6898398
1714373463165, 2024-04-29T06:51:03.165Z, 1381.204815, 132.660581
1714373463181, 2024-04-29T06:51:03.181Z, 1381.1128268, 133.04124459999997
1714373463196, 2024-04-29T06:51:03.196Z, 1380.9655212000002, 133.5689504
1714373463212, 2024-04-29T06:51:03.212Z, 1379.6966378, 134.30260040000002
1714373463229, 2024-04-29T06:51:03.229Z, 1378.0569961999997, 134.17756939999998
1714373463254, 2024-04-29T06:51:03.254Z, 1373.5750582, 137.7891552
1714373463268, 2024-04-29T06:51:03.268Z, 1369.0213872, 141.1267684
1714373463282, 2024-04-29T06:51:03.282Z, 1364.8485966, 143.9099758
1714373463306, 2024-04-29T06:51:03.306Z, 1362.4246038, 146.51568360000002
1714373463323, 2024-04-29T06:51:03.323Z, 1361.4511711999999, 149.6157854
1714373463341, 2024-04-29T06:51:03.341Z, 1371.2331746, 147.97135759999998
1714373463356, 2024-04-29T06:51:03.356Z, 1384.8425126000002, 146.6195502
1714373463370, 2024-04-29T06:51:03.370Z, 1400.4694921999999, 145.669146
1714373463385, 2024-04-29T06:51:03.385Z, 1419.5246234, 145.3600164
1714373463404, 2024-04-29T06:51:03.404Z, 1452.9149504000002, 148.2641082
1714373463432, 2024-04-29T06:51:03.432Z, 1478.6326682, 152.03878820000003
1714373463447, 2024-04-29T06:51:03.447Z, 1500.8173229999998, 155.1959674
1714373463464, 2024-04-29T06:51:03.464Z, 1522.3377962, 154.8842872
1714373463479, 2024-04-29T06:51:03.479Z, 1539.9555581999998, 154.225801
1714373463495, 2024-04-29T06:51:03.495Z, 1540.953132, 150.039818
1714373463510, 2024-04-29T06:51:03.510Z, 1541.774614, 145.8542592
1714373463526, 2024-04-29T06:51:03.526Z, 1542.4500412, 142.17328579999997
1714373463572, 2024-04-29T06:51:03.572Z, 1539.9282824, 143.98940979999998
1714373463590, 2024-04-29T06:51:03.590Z, 1520.1702436, 160.6449034
1714373463604, 2024-04-29T06:51:03.604Z, 1500.4517523999998, 178.78633159999998
1714373463619, 2024-04-29T06:51:03.619Z, 1479.9832887999999, 199.32358939999997
1714373463635, 2024-04-29T06:51:03.635Z, 1458.148993, 220.1907882
1714373463651, 2024-04-29T06:51:03.651Z, 1437.6323306, 238.5582612
1714373463667, 2024-04-29T06:51:03.667Z, 1433.4189222, 243.6202804
1714373463683, 2024-04-29T06:51:03.683Z, 1428.1606084, 248.3961902
1714373463714, 2024-04-29T06:51:03.714Z, 1419.1790136, 252.808232
1714373463730, 2024-04-29T06:51:03.730Z, 1409.7397543999998, 257.8663032
1714373463745, 2024-04-29T06:51:03.745Z, 1401.0465100000001, 263.1824524
1714373463760, 2024-04-29T06:51:03.760Z, 1390.1478818, 269.973836
1714373463775, 2024-04-29T06:51:03.775Z, 1381.438653, 275.49482880000005
1714373463791, 2024-04-29T06:51:03.791Z, 1377.1275794, 279.1231234
1714373463807, 2024-04-29T06:51:03.807Z, 1374.7870245999998, 281.5381056
1714373463822, 2024-04-29T06:51:03.822Z, 1374.4165576, 280.2696294
1714373463854, 2024-04-29T06:51:03.854Z, 1377.89598, 275.8085396
1714373463869, 2024-04-29T06:51:03.869Z, 1380.6906896, 272.48262379999994
1714373463885, 2024-04-29T06:51:03.885Z, 1383.3526232, 269.1889038
1714373463901, 2024-04-29T06:51:03.901Z, 1384.624411, 268.73277640000003
1714373463917, 2024-04-29T06:51:03.917Z, 1383.2083418, 272.61898540000004
1714373463932, 2024-04-29T06:51:03.932Z, 1379.678497, 276.60188980000004
1714373463948, 2024-04-29T06:51:03.948Z, 1376.731533, 279.9496592
1714373463963, 2024-04-29T06:51:03.963Z, 1374.0437539999998, 283.079861
1714373463979, 2024-04-29T06:51:03.979Z, 1372.9821282, 283.1605366
1714373464002, 2024-04-29T06:51:04.002Z, 1372.3671117999997, 281.4725882
1714373464026, 2024-04-29T06:51:04.026Z, 1373.2585961999998, 279.7735888
1714373464042, 2024-04-29T06:51:04.042Z, 1374.5420589999999, 278.8014446
1714373464058, 2024-04-29T06:51:04.058Z, 1375.9782908000002, 278.0521648
1714373464073, 2024-04-29T06:51:04.073Z, 1377.4809574, 277.46575700000005
1714373464089, 2024-04-29T06:51:04.089Z, 1378.9800924, 278.10406099999994
1714373464105, 2024-04-29T06:51:04.105Z, 1380.0159016, 278.459316
1714373464121, 2024-04-29T06:51:04.121Z, 1380.7941423999998, 278.27474240000004
1714373464137, 2024-04-29T06:51:04.137Z, 1382.1521108000002, 277.062098
1714373464153, 2024-04-29T06:51:04.153Z, 1383.0423567999999, 275.551743
1714373464169, 2024-04-29T06:51:04.169Z, 1384.330195, 273.95134939999997
1714373464185, 2024-04-29T06:51:04.185Z, 1385.8555084000002, 272.4741222
1714373464200, 2024-04-29T06:51:04.200Z, 1386.040192, 269.9959682
1714373464215, 2024-04-29T06:51:04.215Z, 1380.5608222, 270.1920142
1714373464232, 2024-04-29T06:51:04.232Z, 1329.5483135999998, 281.3527828
1714373464246, 2024-04-29T06:51:04.246Z, 1196.3259788, 314.75888580000003
1714373464262, 2024-04-29T06:51:04.262Z, 1029.3633524000002, 354.33863039999994
1714373464278, 2024-04-29T06:51:04.278Z, 842.7770668, 399.31007120000004
1714373464304, 2024-04-29T06:51:04.304Z, 632.1301468, 450.71106
1714373464317, 2024-04-29T06:51:04.317Z, 461.85741880000006, 494.08887100000004
1714373464332, 2024-04-29T06:51:04.332Z, 364.0069918, 520.5967446000001
1714373464347, 2024-04-29T06:51:04.347Z, 297.1502764, 539.310718
1714373464375, 2024-04-29T06:51:04.375Z, 250.441975, 553.9121594000001
1714373464389, 2024-04-29T06:51:04.389Z, 236.119686, 563.7992965999999
1714373464403, 2024-04-29T06:51:04.403Z, 226.3178062, 570.6103542
1714373464419, 2024-04-29T06:51:04.419Z, 224.19382679999998, 570.8783024
1714373464435, 2024-04-29T06:51:04.435Z, 223.1715314, 571.4982916
1714373464453, 2024-04-29T06:51:04.453Z, 221.6134356, 571.0132546000001
1714373464467, 2024-04-29T06:51:04.467Z, 215.5810004, 567.0277245999999
1714373464482, 2024-04-29T06:51:04.482Z, 207.2036908, 564.26615
1714373464497, 2024-04-29T06:51:04.497Z, 198.5685552, 563.0570639999999
1714373464513, 2024-04-29T06:51:04.513Z, 183.5914726, 565.6078754
1714373464529, 2024-04-29T06:51:04.529Z, 165.89880620000002, 566.659461
1714373464545, 2024-04-29T06:51:04.545Z, 148.37276440000002, 567.4053246000001
1714373464560, 2024-04-29T06:51:04.560Z, 132.4901606, 566.9962372
1714373464575, 2024-04-29T06:51:04.575Z, 116.282792, 566.2638306
1714373464608, 2024-04-29T06:51:04.608Z, 108.12713880000001, 562.7252212
1714373464622, 2024-04-29T06:51:04.622Z, 103.405043, 561.9147002
1714373464639, 2024-04-29T06:51:04.639Z, 98.75281319999999, 561.8419186
1714373464655, 2024-04-29T06:51:04.655Z, 94.7268998, 562.2163469999999
1714373464670, 2024-04-29T06:51:04.670Z, 92.37450659999999, 562.5484045999999
1714373464686, 2024-04-29T06:51:04.686Z, 89.92164019999998, 563.1700954
1714373464701, 2024-04-29T06:51:04.701Z, 87.7357902, 563.2547632000001
1714373464717, 2024-04-29T06:51:04.717Z, 86.1559808, 563.0967536
1714373464733, 2024-04-29T06:51:04.733Z, 84.8177918, 562.683328
1714373464757, 2024-04-29T06:51:04.757Z, 83.1340024, 562.096089
1714373464768, 2024-04-29T06:51:04.768Z, 81.4695834, 559.776837
1714373464782, 2024-04-29T06:51:04.782Z, 79.5221636, 557.0903586
1714373464811, 2024-04-29T06:51:04.811Z, 76.7162726, 553.9154412
1714373464828, 2024-04-29T06:51:04.828Z, 73.3194052, 552.3633248
1714373464843, 2024-04-29T06:51:04.843Z, 69.9952986, 549.9433756000001
1714373464858, 2024-04-29T06:51:04.858Z, 66.22797820000001, 549.440293
1714373464874, 2024-04-29T06:51:04.874Z, 58.737221, 548.9878366
1714373464902, 2024-04-29T06:51:04.902Z, 54.11284380000001, 548.8722904
1714373464921, 2024-04-29T06:51:04.921Z, 50.2593516, 545.0274234000001
1714373464937, 2024-04-29T06:51:04.937Z, 49.1452862, 540.5059950000001
1714373464953, 2024-04-29T06:51:04.953Z, 54.2152818, 536.9160624
1714373464969, 2024-04-29T06:51:04.969Z, 64.71100000000001, 532.1294645999999
1714373464985, 2024-04-29T06:51:04.985Z, 73.1096264, 527.1076278
1714373465000, 2024-04-29T06:51:05.000Z, 81.9931092, 523.6426846
1714373465015, 2024-04-29T06:51:05.015Z, 87.3057816, 522.3617109999999
1714373465032, 2024-04-29T06:51:05.032Z, 87.9619804, 519.9028076
1714373465054, 2024-04-29T06:51:05.054Z, 89.70681859999999, 522.2901194
1714373465158, 2024-04-29T06:51:05.158Z, 88.9060306, 522.2591766
1714373465174, 2024-04-29T06:51:05.174Z, 87.9061222, 522.9783722
1714373465356, 2024-04-29T06:51:05.356Z, 116.81079259999998, 531.2776729999999
1714373465519, 2024-04-29T06:51:05.519Z, 147.2694336, 517.2371282
1714373465535, 2024-04-29T06:51:05.535Z, 184.914237, 509.5544266
1714373465550, 2024-04-29T06:51:05.550Z, 226.60625579999996, 508.0323046
1714373465565, 2024-04-29T06:51:05.565Z, 269.4801716, 508.9279988
1714373465597, 2024-04-29T06:51:05.597Z, 285.062724, 503.7784904
1714373465612, 2024-04-29T06:51:05.612Z, 299.5952456, 521.3796654
1714373465707, 2024-04-29T06:51:05.707Z, 305.80461959999997, 530.4926886000001
1714373465738, 2024-04-29T06:51:05.738Z, 309.6964346, 536.5279356
1714373465753, 2024-04-29T06:51:05.753Z, 312.4063526, 540.1453664000001
1714373465786, 2024-04-29T06:51:05.786Z, 279.9738192, 556.7233446
1714373465801, 2024-04-29T06:51:05.801Z, 244.5430808, 573.6104374
1714373465833, 2024-04-29T06:51:05.833Z, 205.182141, 590.0228102
1714373465848, 2024-04-29T06:51:05.848Z, 163.23608140000002, 608.7431282
1714373465864, 2024-04-29T06:51:05.864Z, 120.9238612, 628.1752168
1714373465880, 2024-04-29T06:51:05.880Z, 112.4636338, 632.6245596
1714373465896, 2024-04-29T06:51:05.896Z, 105.744447, 637.1954972
1714373465912, 2024-04-29T06:51:05.912Z, 101.7607868, 641.2852996
1714373465928, 2024-04-29T06:51:05.928Z, 101.58684, 642.1357201999999
1714373465953, 2024-04-29T06:51:05.953Z, 103.44175299999999, 640.9532949999999
1714373465967, 2024-04-29T06:51:05.967Z, 109.485759, 642.3216689999999
1714373465997, 2024-04-29T06:51:05.997Z, 117.48940660000001, 643.1624234
1714373466271, 2024-04-29T06:51:06.271Z, 134.49123020000002, 623.25324
1714373466286, 2024-04-29T06:51:06.286Z, 152.4346102, 596.2192954
1714373466302, 2024-04-29T06:51:06.302Z, 171.5358852, 572.82091
1714373466318, 2024-04-29T06:51:06.318Z, 188.49827720000002, 547.5451338
1714373466334, 2024-04-29T06:51:06.334Z, 207.79597400000003, 525.1534846000001
1714373466349, 2024-04-29T06:51:06.349Z, 218.313314, 523.0247148000001
1714373466365, 2024-04-29T06:51:06.365Z, 227.6658928, 527.9954776000001
1714373466381, 2024-04-29T06:51:06.381Z, 234.21807980000003, 530.1334806000001
1714373466403, 2024-04-29T06:51:06.403Z, 239.4401896, 532.2520224
1714373466417, 2024-04-29T06:51:06.417Z, 237.64735840000003, 526.8851174
1714373466431, 2024-04-29T06:51:06.431Z, 235.445084, 521.4897048
1714373466447, 2024-04-29T06:51:06.447Z, 234.44525240000002, 516.7814914
1714373466467, 2024-04-29T06:51:06.467Z, 235.72504400000003, 514.686908
1714373466479, 2024-04-29T06:51:06.479Z, 236.3341982, 511.96568220000006
1714373466492, 2024-04-29T06:51:06.492Z, 240.0626696, 514.2121542
1714373466509, 2024-04-29T06:51:06.509Z, 244.2023772, 517.075861
1714373466523, 2024-04-29T06:51:06.523Z, 247.53082999999998, 519.0409377999999
1714373466552, 2024-04-29T06:51:06.552Z, 249.1409858, 518.2989190000001
1714373466565, 2024-04-29T06:51:06.565Z, 251.4191018, 517.1744196000001
1714373466582, 2024-04-29T06:51:06.582Z, 255.301523, 515.7789740000001
1714373466600, 2024-04-29T06:51:06.600Z, 261.5614882, 515.6405464000001
1714373466610, 2024-04-29T06:51:06.610Z, 269.8904118, 517.8335356
1714373466627, 2024-04-29T06:51:06.627Z, 280.8388994, 523.1468186
1714373466649, 2024-04-29T06:51:06.649Z, 292.31388439999995, 531.4701648
1714373466665, 2024-04-29T06:51:06.665Z, 302.45594199999994, 543.0787042
1714373466681, 2024-04-29T06:51:06.681Z, 310.3000362000001, 554.0751640000001
1714373466701, 2024-04-29T06:51:06.701Z, 315.097771, 563.883286
1714373466716, 2024-04-29T06:51:06.716Z, 316.54866680000003, 571.0797048000001
1714373466732, 2024-04-29T06:51:06.732Z, 320.79483799999997, 579.8803494
1714373466745, 2024-04-29T06:51:06.745Z, 324.209075, 585.2793464
1714373466762, 2024-04-29T06:51:06.762Z, 327.86295859999996, 588.3993322
1714373466777, 2024-04-29T06:51:06.777Z, 331.92921079999996, 590.9598718
1714373466807, 2024-04-29T06:51:06.807Z, 336.47829459999997, 593.6482120000001
1714373466824, 2024-04-29T06:51:06.824Z, 337.1496808, 592.256921
1714373466853, 2024-04-29T06:51:06.853Z, 336.1458362, 589.8688716
1714373466870, 2024-04-29T06:51:06.870Z, 333.6273146, 588.2404242
1714373466885, 2024-04-29T06:51:06.885Z, 332.0629542, 587.2196548
1714373466901, 2024-04-29T06:51:06.901Z, 325.1779502, 579.7890132
1714373466918, 2024-04-29T06:51:06.918Z, 317.8250492, 589.4381174
1714373466933, 2024-04-29T06:51:06.933Z, 312.0457348, 605.0534861999998
1714373466949, 2024-04-29T06:51:06.949Z, 307.1082118, 623.8293096
1714373466964, 2024-04-29T06:51:06.964Z, 301.193293, 641.8648248000001
1714373466980, 2024-04-29T06:51:06.980Z, 300.1029916, 667.1851946
1714373467003, 2024-04-29T06:51:07.003Z, 298.44987440000006, 689.251189
1714373467015, 2024-04-29T06:51:07.015Z, 296.15146500000003, 707.7206148
1714373467033, 2024-04-29T06:51:07.033Z, 293.9147912, 723.7947814
1714373467048, 2024-04-29T06:51:07.048Z, 289.4544416, 741.2146024
1714373467061, 2024-04-29T06:51:07.061Z, 281.7435832, 759.0004526
1714373467077, 2024-04-29T06:51:07.077Z, 262.823852, 763.8520654
1714373467092, 2024-04-29T06:51:07.092Z, 248.653546, 766.8316812
1714373467106, 2024-04-29T06:51:07.106Z, 233.19631959999998, 769.5771769999999
1714373467122, 2024-04-29T06:51:07.122Z, 212.64004540000002, 771.344642
1714373467153, 2024-04-29T06:51:07.153Z, 197.5961, 773.0337036
1714373467169, 2024-04-29T06:51:07.169Z, 192.6237864, 772.9545492
1714373467185, 2024-04-29T06:51:07.185Z, 183.4173734, 774.2739359999999
1714373467201, 2024-04-29T06:51:07.201Z, 176.25787400000002, 775.5361059999999
1714373467216, 2024-04-29T06:51:07.216Z, 177.0097554, 775.8568337999999
1714373467231, 2024-04-29T06:51:07.231Z, 175.5943842, 771.4136596000001
1714373467247, 2024-04-29T06:51:07.247Z, 175.7680912, 765.4182182000001
1714373467263, 2024-04-29T06:51:07.263Z, 175.75228900000002, 757.6386774
1714373467279, 2024-04-29T06:51:07.279Z, 175.00347460000003, 749.2489236
1714373467303, 2024-04-29T06:51:07.303Z, 174.5651524, 739.8819062
1714373467326, 2024-04-29T06:51:07.326Z, 174.8589834, 734.1202492
1714373467342, 2024-04-29T06:51:07.342Z, 174.53817399999997, 718.032542
1714373467357, 2024-04-29T06:51:07.357Z, 174.88565300000002, 699.7643322
1714373467374, 2024-04-29T06:51:07.374Z, 175.32519280000002, 681.369769
1714373467389, 2024-04-29T06:51:07.389Z, 174.8025166, 663.4445988
1714373467404, 2024-04-29T06:51:07.404Z, 172.7860814, 642.2127280000001
1714373467421, 2024-04-29T06:51:07.421Z, 171.7767062, 633.6881786000001
1714373467453, 2024-04-29T06:51:07.453Z, 169.8337502, 629.1885060000001
1714373467468, 2024-04-29T06:51:07.468Z, 168.7171466, 625.1996642
1714373467483, 2024-04-29T06:51:07.483Z, 160.7159436, 629.6449312
1714373467500, 2024-04-29T06:51:07.500Z, 152.9305198, 637.8250134
1714373467515, 2024-04-29T06:51:07.515Z, 145.1140766, 645.9974331999999
1714373467530, 2024-04-29T06:51:07.530Z, 136.6600344, 653.6700361999999
1714373467546, 2024-04-29T06:51:07.546Z, 127.4283824, 661.9862522000001
1714373467562, 2024-04-29T06:51:07.562Z, 125.1736576, 663.2812666000001
1714373467577, 2024-04-29T06:51:07.577Z, 122.94706719999999, 663.6691444
1714373467601, 2024-04-29T06:51:07.601Z, 122.5972718, 664.6267974
1714373467617, 2024-04-29T06:51:07.617Z, 123.9814364, 665.1101464000001
1714373467632, 2024-04-29T06:51:07.632Z, 125.2393206, 665.0920137999999
1714373467649, 2024-04-29T06:51:07.649Z, 126.66367439999999, 665.021653
1714373467671, 2024-04-29T06:51:07.671Z, 129.2026264, 665.7131744000001
1714373467687, 2024-04-29T06:51:07.687Z, 130.06892320000003, 665.6730736
1714373467702, 2024-04-29T06:51:07.702Z, 129.5259522, 664.8360660000001
1714373467718, 2024-04-29T06:51:07.718Z, 127.9052142, 663.1456301999999
1714373467735, 2024-04-29T06:51:07.735Z, 125.01156999999998, 660.4903710000001
1714373467753, 2024-04-29T06:51:07.753Z, 118.43940300000001, 654.8386807999999
1714373467767, 2024-04-29T06:51:07.767Z, 111.67514639999999, 649.2664194
1714373467782, 2024-04-29T06:51:07.782Z, 106.394677, 644.478946
1714373467798, 2024-04-29T06:51:07.798Z, 102.1401424, 641.1280176
1714373467814, 2024-04-29T06:51:07.814Z, 99.270124, 639.3565334
1714373467830, 2024-04-29T06:51:07.830Z, 100.2549516, 641.5660168
1714373467846, 2024-04-29T06:51:07.846Z, 102.3063936, 653.6420105999999
1714373467862, 2024-04-29T06:51:07.862Z, 103.89677980000002, 668.6960686
1714373467878, 2024-04-29T06:51:07.878Z, 105.6615176, 684.7540692
1714373467903, 2024-04-29T06:51:07.903Z, 108.0481706, 706.0073164
1714373467927, 2024-04-29T06:51:07.927Z, 110.83528220000001, 726.2275042
1714373467941, 2024-04-29T06:51:07.941Z, 113.55731399999999, 737.1573609999999
1714373467957, 2024-04-29T06:51:07.957Z, 116.69161040000002, 745.2180408
1714373467972, 2024-04-29T06:51:07.972Z, 119.75345359999999, 752.0750092000001
1714373467988, 2024-04-29T06:51:07.988Z, 122.1671588, 753.2743382000001
1714373468004, 2024-04-29T06:51:08.004Z, 123.224963, 754.2905512
1714373468020, 2024-04-29T06:51:08.020Z, 122.8634542, 753.8496997999999
1714373468036, 2024-04-29T06:51:08.036Z, 118.8978028, 749.8307056000001
1714373468052, 2024-04-29T06:51:08.052Z, 114.49048160000002, 743.4903648000001
1714373468068, 2024-04-29T06:51:08.068Z, 110.4124156, 736.8591042
1714373468084, 2024-04-29T06:51:08.084Z, 111.0514688, 730.6035592000001
1714373468099, 2024-04-29T06:51:08.099Z, 117.3586976, 725.8734182000001
1714373468115, 2024-04-29T06:51:08.115Z, 133.3260924, 722.3856598
1714373468131, 2024-04-29T06:51:08.131Z, 150.5752104, 721.1824770000001
1714373468147, 2024-04-29T06:51:08.147Z, 167.5894996, 721.026515
1714373468164, 2024-04-29T06:51:08.164Z, 180.6026182, 721.0468466
1714373468178, 2024-04-29T06:51:08.178Z, 188.99307779999998, 720.8429552
1714373468203, 2024-04-29T06:51:08.203Z, 191.11859220000002, 721.1163078000001
1714373468222, 2024-04-29T06:51:08.222Z, 192.52494299999998, 721.7398716
1714373468242, 2024-04-29T06:51:08.242Z, 193.7576462, 721.5564794
1714373468258, 2024-04-29T06:51:08.258Z, 194.48183860000003, 719.6922214
1714373468273, 2024-04-29T06:51:08.273Z, 194.98977200000002, 718.2309606000001
1714373468289, 2024-04-29T06:51:08.289Z, 195.46084639999998, 718.5749294
1714373468304, 2024-04-29T06:51:08.304Z, 195.6267962, 719.302813
1714373468319, 2024-04-29T06:51:08.319Z, 195.6041422, 719.8560537999999
1714373468336, 2024-04-29T06:51:08.336Z, 195.517973, 721.3206364
1714373468353, 2024-04-29T06:51:08.353Z, 192.7385984, 722.6002828
1714373468367, 2024-04-29T06:51:08.367Z, 184.9068884, 726.024846
1714373468382, 2024-04-29T06:51:08.382Z, 176.80837200000002, 729.5043644
1714373468397, 2024-04-29T06:51:08.397Z, 167.4002982, 734.585909
1714373468414, 2024-04-29T06:51:08.414Z, 155.8217368, 741.4710921999999
1714373468429, 2024-04-29T06:51:08.429Z, 145.9282998, 748.2392081999999
1714373468445, 2024-04-29T06:51:08.445Z, 140.1540152, 753.572804
1714373468462, 2024-04-29T06:51:08.462Z, 134.340335, 758.7583185999999
1714373468477, 2024-04-29T06:51:08.477Z, 129.16540680000003, 763.461492
1714373468502, 2024-04-29T06:51:08.502Z, 125.99491040000001, 764.5677017999999
1714373468517, 2024-04-29T06:51:08.517Z, 123.61723900000001, 763.837261
1714373468532, 2024-04-29T06:51:08.532Z, 121.9082398, 761.893182
1714373468546, 2024-04-29T06:51:08.546Z, 121.6146664, 760.6909776
1714373468562, 2024-04-29T06:51:08.562Z, 123.03384999999999, 758.9445708
1714373468577, 2024-04-29T06:51:08.577Z, 126.12681540000001, 759.3760831999999
1714373468591, 2024-04-29T06:51:08.591Z, 129.5904808, 761.1677016
1714373468609, 2024-04-29T06:51:08.609Z, 135.2146478, 762.9134872
1714373468636, 2024-04-29T06:51:08.636Z, 140.26457779999998, 763.834967
1714373468653, 2024-04-29T06:51:08.653Z, 146.77938260000002, 764.0316622
1714373468666, 2024-04-29T06:51:08.666Z, 158.62675759999996, 765.4539534
1714373468683, 2024-04-29T06:51:08.683Z, 178.7856118, 764.5327306000001
1714373468699, 2024-04-29T06:51:08.699Z, 199.6621688, 763.8136032
1714373468717, 2024-04-29T06:51:08.717Z, 221.0364846, 762.1267868000001
1714373468730, 2024-04-29T06:51:08.730Z, 241.6495504, 759.7491048
1714373468745, 2024-04-29T06:51:08.745Z, 258.5853878, 754.7358604000001
1714373468761, 2024-04-29T06:51:08.761Z, 267.3887562, 754.576171
1714373468777, 2024-04-29T06:51:08.777Z, 273.2766496, 752.968936
1714373468803, 2024-04-29T06:51:08.803Z, 278.29195419999996, 752.7129126
1714373468815, 2024-04-29T06:51:08.815Z, 281.69222460000003, 754.6784406
1714373468832, 2024-04-29T06:51:08.832Z, 282.63558279999995, 758.9592283999999
1714373468847, 2024-04-29T06:51:08.847Z, 284.9006398, 760.9870532000001
1714373468860, 2024-04-29T06:51:08.860Z, 289.2941252, 766.4275580000001
1714373468876, 2024-04-29T06:51:08.876Z, 293.8925552, 770.885644
1714373468902, 2024-04-29T06:51:08.902Z, 296.1083732, 770.8495262000001
1714373468917, 2024-04-29T06:51:08.917Z, 298.280906, 770.3203208000001
1714373468932, 2024-04-29T06:51:08.932Z, 298.2087798, 769.0547784
1714373468951, 2024-04-29T06:51:08.951Z, 295.7544736, 765.6870652
1714373468979, 2024-04-29T06:51:08.979Z, 293.5931728, 762.8545330000001
1714373468995, 2024-04-29T06:51:08.995Z, 293.2612216, 762.7520436
1714373469012, 2024-04-29T06:51:09.012Z, 291.38217399999996, 763.9530246
1714373469027, 2024-04-29T06:51:09.027Z, 289.50474399999996, 765.7316112
1714373469043, 2024-04-29T06:51:09.043Z, 287.64231959999995, 766.7252000000001
1714373469059, 2024-04-29T06:51:09.059Z, 285.6103692, 767.1902412000001
1714373469074, 2024-04-29T06:51:09.074Z, 287.14608280000004, 767.7662893999999
1714373469103, 2024-04-29T06:51:09.103Z, 292.4447848, 765.8528012
1714373469117, 2024-04-29T06:51:09.117Z, 299.78405239999995, 763.5174292
1714373469130, 2024-04-29T06:51:09.130Z, 313.2031148, 762.4763726
1714373469151, 2024-04-29T06:51:09.151Z, 328.4574168, 762.0637210000001
1714373469167, 2024-04-29T06:51:09.167Z, 341.4017404, 762.9776154
1714373469183, 2024-04-29T06:51:09.183Z, 351.474484, 764.5260734
1714373469199, 2024-04-29T06:51:09.199Z, 360.1438466, 765.8071157999999
1714373469215, 2024-04-29T06:51:09.215Z, 365.5157076, 766.4314036000001
1714373469230, 2024-04-29T06:51:09.230Z, 382.35271600000004, 767.2181476
1714373469253, 2024-04-29T06:51:09.253Z, 402.22306580000003, 767.0433958000001
1714373469265, 2024-04-29T06:51:09.265Z, 421.9766444, 766.7709345999999
1714373469282, 2024-04-29T06:51:09.282Z, 440.35725679999996, 766.7240862000001
1714373469297, 2024-04-29T06:51:09.297Z, 456.339091, 766.27613
1714373469310, 2024-04-29T06:51:09.310Z, 459.77532199999996, 765.6758255999999
1714373469330, 2024-04-29T06:51:09.330Z, 462.9688492, 765.105511
1714373469347, 2024-04-29T06:51:09.347Z, 469.958072, 765.9041291999999
1714373469370, 2024-04-29T06:51:09.370Z, 480.16925139999995, 768.4036056000001
1714373469386, 2024-04-29T06:51:09.386Z, 491.17842759999996, 768.0182132
1714373469403, 2024-04-29T06:51:09.403Z, 501.69668160000003, 769.6299314
1714373469433, 2024-04-29T06:51:09.433Z, 509.635877, 771.1762335999999
1714373469449, 2024-04-29T06:51:09.449Z, 514.7735076, 770.2196021999999
1714373469465, 2024-04-29T06:51:09.465Z, 517.9261576, 767.4533758
1714373469481, 2024-04-29T06:51:09.481Z, 525.4752836, 765.4488441999999
1714373469498, 2024-04-29T06:51:09.498Z, 621.1247784, 726.2350258
1714373469513, 2024-04-29T06:51:09.513Z, 742.3654778, 677.7295469999999
1714373469529, 2024-04-29T06:51:09.529Z, 873.8746610000001, 625.9639169999999
1714373469569, 2024-04-29T06:51:09.569Z, 1012.5816226000001, 572.8427121999999
1714373469585, 2024-04-29T06:51:09.585Z, 1146.3512761999998, 523.2347344
1714373469600, 2024-04-29T06:51:09.600Z, 1190.2755487999998, 508.5929
1714373469625, 2024-04-29T06:51:09.625Z, 1207.9603941999999, 501.69194600000003
1714373469640, 2024-04-29T06:51:09.640Z, 1214.1178584, 498.2853698
1714373469656, 2024-04-29T06:51:09.656Z, 1213.4481086, 497.35145379999994
1714373469672, 2024-04-29T06:51:09.672Z, 1213.2061032, 494.88048799999996
1714373469687, 2024-04-29T06:51:09.687Z, 1214.4379198, 491.38423
1714373469705, 2024-04-29T06:51:09.705Z, 1216.4832941999998, 483.8034702
1714373469735, 2024-04-29T06:51:09.735Z, 1218.7007912, 474.6740556
1714373469750, 2024-04-29T06:51:09.750Z, 1220.211367, 456.35385419999994
1714373469766, 2024-04-29T06:51:09.766Z, 1219.696076, 438.16235420000004
1714373469782, 2024-04-29T06:51:09.782Z, 1216.190935, 419.0396178
1714373469797, 2024-04-29T06:51:09.797Z, 1211.497093, 405.5352924
1714373469814, 2024-04-29T06:51:09.814Z, 1206.2834432000002, 396.9476232
1714373469830, 2024-04-29T06:51:09.830Z, 1201.0051290000001, 396.4627902
1714373469852, 2024-04-29T06:51:09.852Z, 1195.1135718, 396.48308480000003
1714373469877, 2024-04-29T06:51:09.877Z, 1191.3944186, 398.9574992
1714373469893, 2024-04-29T06:51:09.893Z, 1185.7391888000002, 402.6512212
1714373469909, 2024-04-29T06:51:09.909Z, 1178.3044542, 404.4933192
1714373469925, 2024-04-29T06:51:09.925Z, 1164.983799, 404.4813484
1714373469942, 2024-04-29T06:51:09.942Z, 1153.8728614, 404.7871946
1714373469957, 2024-04-29T06:51:09.957Z, 1142.9309084000001, 404.38031600000005
1714373469973, 2024-04-29T06:51:09.973Z, 1133.9205194, 402.6371016
1714373470003, 2024-04-29T06:51:10.003Z, 1126.9442444000001, 402.8552968
1714373470019, 2024-04-29T06:51:10.019Z, 1125.9505674, 406.2821116
1714373470051, 2024-04-29T06:51:10.051Z, 1125.785727, 405.108069
1714373470066, 2024-04-29T06:51:10.066Z, 1124.6567043999999, 404.3218347999999
1714373470082, 2024-04-29T06:51:10.082Z, 1123.450718, 403.78975760000003
1714373470098, 2024-04-29T06:51:10.098Z, 1122.7895016, 400.4971798
1714373470114, 2024-04-29T06:51:10.114Z, 1122.2443331999998, 396.23754479999997
1714373470130, 2024-04-29T06:51:10.130Z, 1120.5072583999997, 396.5243258
1714373470154, 2024-04-29T06:51:10.154Z, 1119.1211022, 396.5617102
1714373470166, 2024-04-29T06:51:10.166Z, 1117.8588752, 396.5084278
1714373470194, 2024-04-29T06:51:10.194Z, 1115.6013662, 398.48093159999996
1714373470210, 2024-04-29T06:51:10.210Z, 1113.9381865999999, 397.42874
1714373470226, 2024-04-29T06:51:10.226Z, 1113.133756, 393.9634734
1714373470242, 2024-04-29T06:51:10.242Z, 1113.1145084000002, 392.89156360000004
1714373470257, 2024-04-29T06:51:10.257Z, 1113.2439758, 391.42949940000005
1714373470289, 2024-04-29T06:51:10.289Z, 1113.7752944000001, 388.45511980000003
1714373470305, 2024-04-29T06:51:10.305Z, 1113.5566480000002, 388.88420699999995
1714373470321, 2024-04-29T06:51:10.321Z, 1113.3817983999998, 390.3804846
1714373470337, 2024-04-29T06:51:10.337Z, 1114.180375, 388.6790986
1714373470353, 2024-04-29T06:51:10.353Z, 1115.0945281999998, 386.9029862
1714373470368, 2024-04-29T06:51:10.368Z, 1116.4519500000001, 384.11038440000004
1714373470384, 2024-04-29T06:51:10.384Z, 1117.9679116, 380.92836400000004
1714373470400, 2024-04-29T06:51:10.400Z, 1118.2588802, 378.7721956
1714373470416, 2024-04-29T06:51:10.416Z, 1117.4296775999999, 376.62423479999995
1714373470432, 2024-04-29T06:51:10.432Z, 1116.3670493999998, 374.021346
1714373470453, 2024-04-29T06:51:10.453Z, 1116.5354668, 371.66603879999997
1714373470467, 2024-04-29T06:51:10.467Z, 1116.2630431999999, 368.7436222
1714373470481, 2024-04-29T06:51:10.481Z, 1113.4020458, 371.13112079999996
1714373470497, 2024-04-29T06:51:10.497Z, 1110.1451761999997, 374.08838060000005
1714373470527, 2024-04-29T06:51:10.527Z, 1107.9636966, 377.2862506
1714373470543, 2024-04-29T06:51:10.543Z, 1104.7930962000003, 379.18005220000003
1714373470562, 2024-04-29T06:51:10.562Z, 1102.0478696, 382.31655020000005
1714373470578, 2024-04-29T06:51:10.578Z, 1102.116789, 382.5156958
1714373470603, 2024-04-29T06:51:10.603Z, 1102.9004314, 382.6719894
1714373470616, 2024-04-29T06:51:10.616Z, 1102.2251418, 383.4313154
1714373470632, 2024-04-29T06:51:10.632Z, 1101.68084, 386.0089834
1714373470654, 2024-04-29T06:51:10.654Z, 1102.4282126, 389.0973464
1714373470670, 2024-04-29T06:51:10.670Z, 1102.8049518, 393.2512286
1714373470685, 2024-04-29T06:51:10.685Z, 1103.113632, 397.4955088
1714373470701, 2024-04-29T06:51:10.701Z, 1104.2310658000001, 401.5497222
1714373470717, 2024-04-29T06:51:10.717Z, 1105.3746672, 405.3915896
1714373470732, 2024-04-29T06:51:10.732Z, 1105.5308799999998, 408.02938000000006
1714373470751, 2024-04-29T06:51:10.751Z, 1107.2869126, 408.97841819999996
1714373470780, 2024-04-29T06:51:10.780Z, 1109.8021792, 410.4928492
1714373470796, 2024-04-29T06:51:10.796Z, 1111.2905672000002, 412.3666348
1714373470812, 2024-04-29T06:51:10.812Z, 1112.1010869999998, 414.28037539999997
1714373470843, 2024-04-29T06:51:10.843Z, 1111.4981744, 415.3403098
1714373470858, 2024-04-29T06:51:10.858Z, 1110.4757078, 415.207381
1714373470875, 2024-04-29T06:51:10.875Z, 1109.4305894, 411.87279120000005
1714373470908, 2024-04-29T06:51:10.908Z, 1125.3026892000003, 406.1094394
1714373470922, 2024-04-29T06:51:10.922Z, 1141.8622621999998, 401.40659320000003
1714373470938, 2024-04-29T06:51:10.938Z, 1162.3543592, 402.08717420000005
1714373470953, 2024-04-29T06:51:10.953Z, 1185.8034143999998, 403.28801519999996
1714373470968, 2024-04-29T06:51:10.968Z, 1210.65903, 408.6210274
1714373470985, 2024-04-29T06:51:10.985Z, 1220.1641722, 414.84787059999996
1714373471001, 2024-04-29T06:51:11.001Z, 1229.6631966, 420.4899372
1714373471016, 2024-04-29T06:51:11.016Z, 1236.01025, 422.28680180000003
1714373471032, 2024-04-29T06:51:11.032Z, 1238.2585170000002, 424.80319660000004
1714373471053, 2024-04-29T06:51:11.053Z, 1240.607129, 425.12268220000004
1714373471066, 2024-04-29T06:51:11.066Z, 1242.5544178, 426.77341459999997
1714373471082, 2024-04-29T06:51:11.082Z, 1245.5702772, 427.8130058
1714373471097, 2024-04-29T06:51:11.097Z, 1250.4531702, 428.4415696
1714373471111, 2024-04-29T06:51:11.111Z, 1256.2163816, 428.05804820000003
1714373471127, 2024-04-29T06:51:11.127Z, 1260.841603, 428.44141099999996
1714373471143, 2024-04-29T06:51:11.143Z, 1265.002405, 428.6077832
1714373471160, 2024-04-29T06:51:11.160Z, 1268.7914362, 428.89090560000005
1714373471176, 2024-04-29T06:51:11.176Z, 1270.8872482000002, 429.4899388
1714373471203, 2024-04-29T06:51:11.203Z, 1273.9878234, 426.992766
1714373471217, 2024-04-29T06:51:11.217Z, 1276.0653639999998, 424.1308650000001
1714373471233, 2024-04-29T06:51:11.233Z, 1277.9230216, 421.49970999999994
1714373471246, 2024-04-29T06:51:11.246Z, 1278.8277038, 419.17764559999995
1714373471262, 2024-04-29T06:51:11.262Z, 1279.806204, 416.48411640000006
1714373471276, 2024-04-29T06:51:11.276Z, 1279.5229288000003, 416.65455820000005
1714373471290, 2024-04-29T06:51:11.290Z, 1278.027793, 418.3676960000001
1714373471315, 2024-04-29T06:51:11.315Z, 1272.8293390000001, 421.64015020000005
1714373471330, 2024-04-29T06:51:11.330Z, 1263.6782708, 425.96032720000005
1714373471353, 2024-04-29T06:51:11.353Z, 1252.3755833999999, 430.5601462000001
1714373471368, 2024-04-29T06:51:11.368Z, 1236.1327038, 435.67419060000003
1714373471380, 2024-04-29T06:51:11.380Z, 1218.2733910000002, 441.4990604000001
1714373471397, 2024-04-29T06:51:11.397Z, 1202.7655208, 445.5887784
1714373471412, 2024-04-29T06:51:11.412Z, 1187.397366, 448.76258899999993
1714373471426, 2024-04-29T06:51:11.426Z, 1174.2073933999998, 447.0339274
1714373471442, 2024-04-29T06:51:11.442Z, 1165.7577933999999, 444.70206459999997
1714373471458, 2024-04-29T06:51:11.458Z, 1160.2522979999999, 439.2723016
1714373471489, 2024-04-29T06:51:11.489Z, 1156.0562353999999, 434.17964839999996
1714373471505, 2024-04-29T06:51:11.505Z, 1153.9749658, 428.12644259999996
1714373471521, 2024-04-29T06:51:11.521Z, 1150.0018728, 426.730919
1714373471537, 2024-04-29T06:51:11.537Z, 1143.827312, 425.7566342
1714373471554, 2024-04-29T06:51:11.554Z, 1137.1652626, 426.8194144
1714373471570, 2024-04-29T06:51:11.570Z, 1128.5583258000001, 428.8947774
1714373471585, 2024-04-29T06:51:11.585Z, 1120.9202334000001, 431.83947120000005
1714373471601, 2024-04-29T06:51:11.601Z, 1114.4174417999998, 434.3276578000001
1714373471617, 2024-04-29T06:51:11.617Z, 1110.814323, 436.3613332
1714373471632, 2024-04-29T06:51:11.632Z, 1108.1867856, 437.05821460000004
1714373471651, 2024-04-29T06:51:11.651Z, 1107.887644, 436.33679300000006
1714373471679, 2024-04-29T06:51:11.679Z, 1108.2844802, 436.6870968
1714373471695, 2024-04-29T06:51:11.695Z, 1109.5261108, 437.48543639999997
1714373471711, 2024-04-29T06:51:11.711Z, 1109.6764312, 440.80652879999997
1714373471727, 2024-04-29T06:51:11.727Z, 1103.1567191999998, 442.2030786
1714373471743, 2024-04-29T06:51:11.743Z, 1101.2891566000003, 444.3943158
1714373471759, 2024-04-29T06:51:11.759Z, 1116.4858924, 443.7626088
1714373471774, 2024-04-29T06:51:11.774Z, 1136.623717, 443.5821112
1714373471802, 2024-04-29T06:51:11.802Z, 1170.4356636, 440.10244720000003
1714373471822, 2024-04-29T06:51:11.822Z, 1214.7065984, 440.04557059999996
1714373471838, 2024-04-29T06:51:11.838Z, 1254.5164604, 439.66021280000007
1714373471854, 2024-04-29T06:51:11.854Z, 1276.0924672, 439.5414734
1714373471869, 2024-04-29T06:51:11.869Z, 1292.3805468, 437.7577969999999
1714373471885, 2024-04-29T06:51:11.885Z, 1295.1994384, 436.8657092
1714373471902, 2024-04-29T06:51:11.902Z, 1293.2330422, 435.28686719999996
1714373471917, 2024-04-29T06:51:11.917Z, 1289.9669688000001, 433.1155774
1714373471932, 2024-04-29T06:51:11.932Z, 1287.7823124, 431.936496
1714373471953, 2024-04-29T06:51:11.953Z, 1285.0391986, 432.6023026000001
1714373471966, 2024-04-29T06:51:11.966Z, 1282.7033156, 432.96400059999996
1714373471981, 2024-04-29T06:51:11.981Z, 1280.983676, 436.2355100000001
1714373472010, 2024-04-29T06:51:12.010Z, 1280.5166044, 441.0373606
1714373472026, 2024-04-29T06:51:12.026Z, 1280.2401468, 445.9758638
1714373472043, 2024-04-29T06:51:12.043Z, 1280.1180616, 449.3560612
1714373472058, 2024-04-29T06:51:12.058Z, 1279.674193, 454.2597662
1714373472073, 2024-04-29T06:51:12.073Z, 1278.4708286, 455.8155164
1714373472101, 2024-04-29T06:51:12.101Z, 1273.6585658, 455.57820000000004
1714373472120, 2024-04-29T06:51:12.120Z, 1268.6968416000002, 455.44352719999995
1714373472136, 2024-04-29T06:51:12.136Z, 1263.3310696, 455.7099772
1714373472152, 2024-04-29T06:51:12.152Z, 1258.021814, 454.6242036
1714373472168, 2024-04-29T06:51:12.168Z, 1252.3992958000001, 453.78684940000005
1714373472184, 2024-04-29T06:51:12.184Z, 1250.1194725999999, 453.73718119999995
1714373472199, 2024-04-29T06:51:12.199Z, 1246.6790713999999, 453.87313399999994
1714373472215, 2024-04-29T06:51:12.215Z, 1244.0707863999999, 454.3669548
1714373472231, 2024-04-29T06:51:12.231Z, 1241.590995, 454.934041
1714373472253, 2024-04-29T06:51:12.253Z, 1238.7440596000001, 455.321328
1714373472267, 2024-04-29T06:51:12.267Z, 1235.2030264, 455.7146744
1714373472280, 2024-04-29T06:51:12.280Z, 1232.3874606000002, 456.260083
1714373472310, 2024-04-29T06:51:12.310Z, 1225.1702196, 457.76516359999994
1714373472326, 2024-04-29T06:51:12.326Z, 1218.7873996, 459.6798124
1714373472342, 2024-04-29T06:51:12.342Z, 1199.520905, 463.4937506
1714373472357, 2024-04-29T06:51:12.357Z, 1173.2927274, 464.60733300000004
1714373472372, 2024-04-29T06:51:12.372Z, 1146.1225657999998, 464.9032542000001
1714373472403, 2024-04-29T06:51:12.403Z, 1121.8592380000002, 463.958293
1714373472419, 2024-04-29T06:51:12.419Z, 1097.1424996, 463.350633
1714373472435, 2024-04-29T06:51:12.435Z, 1087.5360097999999, 460.842529
1714373472451, 2024-04-29T06:51:12.451Z, 1085.7194282, 460.8000994
1714373472467, 2024-04-29T06:51:12.467Z, 1084.8586882, 462.39224839999997
1714373472483, 2024-04-29T06:51:12.483Z, 1084.8306136, 466.3945936
1714373472499, 2024-04-29T06:51:12.499Z, 1084.4456696000002, 468.41342139999995
1714373472515, 2024-04-29T06:51:12.515Z, 1083.0886456, 469.81453739999995
1714373472531, 2024-04-29T06:51:12.531Z, 1081.9789368000002, 470.93639999999994
1714373472551, 2024-04-29T06:51:12.551Z, 1081.5764222, 470.985493
1714373472566, 2024-04-29T06:51:12.566Z, 1082.548151, 467.8753095999999
1714373472581, 2024-04-29T06:51:12.581Z, 1083.3820584, 467.0399960000001
1714373472595, 2024-04-29T06:51:12.595Z, 1084.2848542, 466.4355124
1714373472625, 2024-04-29T06:51:12.625Z, 1084.1206362, 467.339671
1714373472641, 2024-04-29T06:51:12.641Z, 1083.91041, 468.08040719999997
1714373472657, 2024-04-29T06:51:12.657Z, 1083.2019978, 469.6907324
1714373472672, 2024-04-29T06:51:12.672Z, 1082.8068726000001, 470.5826118
1714373472703, 2024-04-29T06:51:12.703Z, 1082.5200042000001, 471.1011614
1714373472719, 2024-04-29T06:51:12.719Z, 1082.9556822, 470.49450779999995
1714373472735, 2024-04-29T06:51:12.735Z, 1083.8986561999998, 468.4163732
1714373472751, 2024-04-29T06:51:12.751Z, 1084.9978222, 466.95294019999994
1714373472767, 2024-04-29T06:51:12.767Z, 1086.2756135999998, 465.3941996
1714373472783, 2024-04-29T06:51:12.783Z, 1086.478921, 466.0399068
1714373472798, 2024-04-29T06:51:12.798Z, 1086.4013744, 467.02006240000003
1714373472815, 2024-04-29T06:51:12.815Z, 1085.8702964, 469.8689272
1714373472831, 2024-04-29T06:51:12.831Z, 1088.7350226, 476.55505000000005
1714373472854, 2024-04-29T06:51:12.854Z, 1091.6870033999999, 484.41716319999995
1714373472865, 2024-04-29T06:51:12.865Z, 1095.7137360000002, 490.96401000000003
1714373472881, 2024-04-29T06:51:12.881Z, 1099.5609906000002, 498.30991459999996
1714373472898, 2024-04-29T06:51:12.898Z, 1105.1316708, 507.50709800000004
1714373472910, 2024-04-29T06:51:12.910Z, 1107.8010164, 512.4292118000001
1714373472927, 2024-04-29T06:51:12.927Z, 1110.5057475999997, 516.6254696
1714373472957, 2024-04-29T06:51:12.957Z, 1113.3084558000003, 520.7812824
1714373472972, 2024-04-29T06:51:12.972Z, 1116.1836019999998, 523.964082
1714373473002, 2024-04-29T06:51:13.002Z, 1117.3359506000002, 524.3052216
1714373473016, 2024-04-29T06:51:13.016Z, 1118.1622940000002, 523.860994
1714373473032, 2024-04-29T06:51:13.032Z, 1119.1524936, 522.2891189999999
1714373473045, 2024-04-29T06:51:13.045Z, 1120.4534446000002, 520.3191898000001
1714373473061, 2024-04-29T06:51:13.061Z, 1122.9342858, 517.2741063999999
1714373473077, 2024-04-29T06:51:13.077Z, 1127.8331130000001, 514.5009856
1714373473098, 2024-04-29T06:51:13.098Z, 1135.2256152000002, 512.2529664
1714373473113, 2024-04-29T06:51:13.113Z, 1143.2134692, 510.8491798
1714373473129, 2024-04-29T06:51:13.129Z, 1151.0736534, 509.7954506
1714373473154, 2024-04-29T06:51:13.154Z, 1161.4753672000002, 510.9903792
1714373473168, 2024-04-29T06:51:13.168Z, 1169.036223, 513.2453448
1714373473181, 2024-04-29T06:51:13.181Z, 1174.0655626000002, 516.2226918
1714373473198, 2024-04-29T06:51:13.198Z, 1178.040712, 518.4030646
1714373473213, 2024-04-29T06:51:13.213Z, 1181.1895404000002, 520.6141916
1714373473226, 2024-04-29T06:51:13.226Z, 1187.2428708, 521.7126498
1714373473243, 2024-04-29T06:51:13.243Z, 1201.6299457999999, 523.0956694
1714373473258, 2024-04-29T06:51:13.258Z, 1221.7479896, 522.5941988
1714373473270, 2024-04-29T06:51:13.270Z, 1241.9828628, 522.4586786
1714373473308, 2024-04-29T06:51:13.308Z, 1262.7480242, 523.0103004
1714373473332, 2024-04-29T06:51:13.332Z, 1277.0449998, 522.7960720000001
1714373473348, 2024-04-29T06:51:13.348Z, 1283.228813, 522.1871956
1714373473364, 2024-04-29T06:51:13.364Z, 1287.514172, 521.0436659999999
1714373473380, 2024-04-29T06:51:13.380Z, 1293.8461235999998, 518.5510572000001
1714373473396, 2024-04-29T06:51:13.396Z, 1300.4166736000002, 515.1328609999999
1714373473411, 2024-04-29T06:51:13.411Z, 1308.1004818, 512.7309118000001
1714373473427, 2024-04-29T06:51:13.427Z, 1316.7674702, 509.3403908
1714373473451, 2024-04-29T06:51:13.451Z, 1320.1327422, 507.6212832
1714373473474, 2024-04-29T06:51:13.474Z, 1320.9263246, 507.35477060000005
1714373473490, 2024-04-29T06:51:13.490Z, 1321.7542838, 507.04086820000003
1714373473507, 2024-04-29T06:51:13.507Z, 1322.0083242, 505.9009482
1714373473522, 2024-04-29T06:51:13.522Z, 1321.5554247999999, 503.90871260000006
1714373473538, 2024-04-29T06:51:13.538Z, 1321.613322, 501.53730540000004
1714373473553, 2024-04-29T06:51:13.553Z, 1318.5498356, 500.36216120000006
1714373473569, 2024-04-29T06:51:13.569Z, 1313.654496, 499.2204527999999
1714373473585, 2024-04-29T06:51:13.585Z, 1307.5106744, 498.0869318
1714373473608, 2024-04-29T06:51:13.608Z, 1298.8454132000002, 498.61571160000005
1714373473632, 2024-04-29T06:51:13.632Z, 1290.1111022, 500.084879
1714373473648, 2024-04-29T06:51:13.648Z, 1285.0890764, 499.74532239999996
1714373473664, 2024-04-29T06:51:13.664Z, 1281.5633798000001, 499.2239348
1714373473679, 2024-04-29T06:51:13.679Z, 1278.7762046, 499.33452079999995
1714373473695, 2024-04-29T06:51:13.695Z, 1277.8647586, 499.27666239999996
1714373473711, 2024-04-29T06:51:13.711Z, 1277.8027921999999, 499.02122840000004
1714373473727, 2024-04-29T06:51:13.727Z, 1277.8648456, 499.351044
1714373473755, 2024-04-29T06:51:13.755Z, 1278.2337142000001, 496.95147499999996
1714373473774, 2024-04-29T06:51:13.774Z, 1279.0229365999999, 493.07855500000005
1714373473791, 2024-04-29T06:51:13.791Z, 1279.4688716, 490.68880060000004
1714373473805, 2024-04-29T06:51:13.805Z, 1277.6791292000003, 489.944463
1714373473821, 2024-04-29T06:51:13.821Z, 1275.0091098, 488.8984758
1714373473837, 2024-04-29T06:51:13.837Z, 1270.455306, 493.0446094
1714373473853, 2024-04-29T06:51:13.853Z, 1265.5380585999999, 498.8322615999999
1714373473869, 2024-04-29T06:51:13.869Z, 1261.3528902, 503.3648618
1714373473885, 2024-04-29T06:51:13.885Z, 1258.9935758, 506.6610578
1714373473903, 2024-04-29T06:51:13.903Z, 1258.0637194, 511.44713680000007
1714373473933, 2024-04-29T06:51:13.933Z, 1259.7475344, 512.9400992000001
1714373473949, 2024-04-29T06:51:13.949Z, 1262.8240498, 513.9836344
1714373473964, 2024-04-29T06:51:13.964Z, 1260.7700082, 514.377698
1714373473981, 2024-04-29T06:51:13.981Z, 1255.6056125999999, 512.5928864
1714373473997, 2024-04-29T06:51:13.997Z, 1249.414464, 509.2776582
1714373474012, 2024-04-29T06:51:14.012Z, 1242.5670096, 508.0357696
1714373474028, 2024-04-29T06:51:14.028Z, 1231.8874031999999, 506.66163900000004
1714373474054, 2024-04-29T06:51:14.054Z, 1225.2125042, 505.864167
1714373474067, 2024-04-29T06:51:14.067Z, 1224.9731617999998, 509.4471034
1714373474081, 2024-04-29T06:51:14.081Z, 1225.2240004, 513.6708189999999
1714373474098, 2024-04-29T06:51:14.098Z, 1223.6084151999999, 517.8336522
1714373474117, 2024-04-29T06:51:14.117Z, 1223.9118504000003, 521.5245444
1714373474125, 2024-04-29T06:51:14.125Z, 1225.0035451999997, 522.1588236
1714373474143, 2024-04-29T06:51:14.143Z, 1223.9231576000002, 520.0669716
1714373474158, 2024-04-29T06:51:14.158Z, 1222.7774866000002, 517.5937494
1714373474171, 2024-04-29T06:51:14.171Z, 1222.788557, 513.8792762
1714373474203, 2024-04-29T06:51:14.203Z, 1222.2788962, 512.7017229999999
1714373474217, 2024-04-29T06:51:14.217Z, 1222.2380814, 514.0167514
1714373474233, 2024-04-29T06:51:14.233Z, 1221.5850930000001, 516.0117164000001
1714373474249, 2024-04-29T06:51:14.249Z, 1222.1300706, 517.4771444
1714373474265, 2024-04-29T06:51:14.265Z, 1224.9560614, 518.6869595999999
1714373474281, 2024-04-29T06:51:14.281Z, 1230.3505244, 517.639945
1714373474297, 2024-04-29T06:51:14.297Z, 1237.4811932, 515.4415660000001
1714373474313, 2024-04-29T06:51:14.313Z, 1244.9059084, 512.1738738000001
1714373474327, 2024-04-29T06:51:14.327Z, 1254.1177314000001, 507.9696218
1714373474356, 2024-04-29T06:51:14.356Z, 1263.3055216, 501.3212708
1714373474375, 2024-04-29T06:51:14.375Z, 1271.0197838, 495.5413912
1714373474391, 2024-04-29T06:51:14.391Z, 1276.6576816000002, 491.9399764
1714373474406, 2024-04-29T06:51:14.406Z, 1281.5472802, 489.78501860000006
1714373474421, 2024-04-29T06:51:14.421Z, 1280.4065908, 492.7955454
1714373474437, 2024-04-29T06:51:14.437Z, 1275.3093816, 499.66172179999995
1714373474452, 2024-04-29T06:51:14.452Z, 1264.9211952, 505.6224542
1714373474468, 2024-04-29T06:51:14.468Z, 1249.0955337999999, 510.65624059999993
1714373474483, 2024-04-29T06:51:14.483Z, 1233.3093352, 514.5848126
1714373474509, 2024-04-29T06:51:14.509Z, 1207.5436768, 514.0775044
1714373474530, 2024-04-29T06:51:14.530Z, 1180.8324369999998, 510.45535559999996
1714373474547, 2024-04-29T06:51:14.547Z, 1158.8380364, 507.233151
1714373474563, 2024-04-29T06:51:14.563Z, 1141.7623476, 503.16225240000006
1714373474578, 2024-04-29T06:51:14.578Z, 1124.6824199999999, 498.9429812
1714373474598, 2024-04-29T06:51:14.598Z, 1120.6416347999998, 495.710437
1714373474609, 2024-04-29T06:51:14.609Z, 1119.8012938, 495.0164702
1714373474625, 2024-04-29T06:51:14.625Z, 1119.8811928, 494.1351744
1714373474655, 2024-04-29T06:51:14.655Z, 1120.6388594, 493.6425136
1714373474666, 2024-04-29T06:51:14.666Z, 1121.7517342, 493.57034039999996
1714373474682, 2024-04-29T06:51:14.682Z, 1122.5175926000002, 493.3513452
1714373474697, 2024-04-29T06:51:14.697Z, 1122.5216554000003, 492.1558142
1714373474711, 2024-04-29T06:51:14.711Z, 1120.5458562, 491.60539980000004
1714373474727, 2024-04-29T06:51:14.727Z, 1118.1833118, 492.9264686
1714373474742, 2024-04-29T06:51:14.742Z, 1116.2151238000001, 493.1394306
1714373474755, 2024-04-29T06:51:14.755Z, 1113.2242146, 492.0401
1714373474782, 2024-04-29T06:51:14.782Z, 1111.1769266, 492.08036599999997
1714373474802, 2024-04-29T06:51:14.802Z, 1100.8762122, 493.3442202
1714373474829, 2024-04-29T06:51:14.829Z, 1048.0815302, 504.32037760000003
1714373474845, 2024-04-29T06:51:14.845Z, 974.5103234000001, 521.6001964000001
1714373474861, 2024-04-29T06:51:14.861Z, 892.4418142000002, 542.5289885999999
1714373474877, 2024-04-29T06:51:14.877Z, 781.5133796, 570.2979402
1714373474893, 2024-04-29T06:51:14.893Z, 604.3348314, 615.8198312000001
1714373474908, 2024-04-29T06:51:14.908Z, 468.51271039999995, 650.3751444000001
1714373474927, 2024-04-29T06:51:14.927Z, 351.5069028, 680.0095070000001
1714373474955, 2024-04-29T06:51:14.955Z, 244.6825824, 706.8409680000001
1714373474971, 2024-04-29T06:51:14.971Z, 174.7690646, 727.4482464
1714373474988, 2024-04-29T06:51:14.988Z, 187.5740876, 727.2148994
1714373475005, 2024-04-29T06:51:15.005Z, 302.6908014, 710.332854
1714373475019, 2024-04-29T06:51:15.019Z, 468.26600900000005, 687.3523419999999
1714373475035, 2024-04-29T06:51:15.035Z, 636.1299788, 664.0129289999999
1714373475050, 2024-04-29T06:51:15.050Z, 801.4812119999999, 638.975948
1714373475066, 2024-04-29T06:51:15.066Z, 966.133022, 614.724554
1714373475081, 2024-04-29T06:51:15.081Z, 1033.088991, 606.8121822
1714373475103, 2024-04-29T06:51:15.103Z, 1054.6763004, 604.5953265999999
1714373475120, 2024-04-29T06:51:15.120Z, 1073.820661, 603.0465042
1714373475134, 2024-04-29T06:51:15.134Z, 1086.9181072, 602.7937454
1714373475147, 2024-04-29T06:51:15.147Z, 1093.6561259999999, 604.975203
1714373475176, 2024-04-29T06:51:15.176Z, 1098.0833796, 609.5391928
1714373475191, 2024-04-29T06:51:15.191Z, 1099.3878184, 614.8142066
1714373475206, 2024-04-29T06:51:15.206Z, 1101.7985706000002, 619.626569
1714373475222, 2024-04-29T06:51:15.222Z, 1104.8717056, 622.8515684
1714373475252, 2024-04-29T06:51:15.252Z, 1110.2651836, 622.8142386
1714373475267, 2024-04-29T06:51:15.267Z, 1114.9845462, 620.2544864
1714373475286, 2024-04-29T06:51:15.286Z, 1119.7119108000002, 616.6220938
1714373475302, 2024-04-29T06:51:15.302Z, 1122.6074116, 613.7569470000001
1714373475318, 2024-04-29T06:51:15.318Z, 1124.4886021999998, 612.2764862
1714373475333, 2024-04-29T06:51:15.333Z, 1124.002477, 614.4913682
1714373475349, 2024-04-29T06:51:15.349Z, 1123.9233694, 620.1548858
1714373475366, 2024-04-29T06:51:15.366Z, 1123.707388, 626.9831924
1714373475382, 2024-04-29T06:51:15.382Z, 1123.4302554, 633.9956138
1714373475403, 2024-04-29T06:51:15.403Z, 1123.411819, 641.648169
1714373475417, 2024-04-29T06:51:15.417Z, 1123.7860374, 647.3089364
1714373475431, 2024-04-29T06:51:15.431Z, 1123.7826766, 650.2408394
1714373475447, 2024-04-29T06:51:15.447Z, 1123.0957118, 652.0492084
1714373475462, 2024-04-29T06:51:15.462Z, 1122.6724140000001, 653.5021068
1714373475491, 2024-04-29T06:51:15.491Z, 1122.5466036000003, 653.2545746
1714373475507, 2024-04-29T06:51:15.507Z, 1122.7205016, 652.1167954
1714373475523, 2024-04-29T06:51:15.523Z, 1123.1459358, 650.3624867999999
1714373475553, 2024-04-29T06:51:15.553Z, 1123.9488808, 648.2156556
1714373475565, 2024-04-29T06:51:15.565Z, 1125.3218802000001, 645.8255318
1714373475582, 2024-04-29T06:51:15.582Z, 1126.1731656, 643.7628046
1714373475600, 2024-04-29T06:51:15.600Z, 1122.0670753999998, 643.1478387999999
1714373475612, 2024-04-29T06:51:15.612Z, 1116.6667705999998, 643.1386340000001
1714373475627, 2024-04-29T06:51:15.627Z, 1110.3902254, 644.3456242
1714373475648, 2024-04-29T06:51:15.648Z, 1103.9964914, 646.4374742
1714373475663, 2024-04-29T06:51:15.663Z, 1098.0768266, 649.3537496000001
1714373475680, 2024-04-29T06:51:15.680Z, 1096.6277916, 652.0311708
1714373475701, 2024-04-29T06:51:15.701Z, 1094.3636638, 655.439244
1714373475717, 2024-04-29T06:51:15.717Z, 1092.9768124, 658.3449757999999
1714373475732, 2024-04-29T06:51:15.732Z, 1090.8130532, 660.7042118
1714373475749, 2024-04-29T06:51:15.749Z, 1089.1570656, 661.0504016
1714373475762, 2024-04-29T06:51:15.762Z, 1087.9631466, 660.4259718
1714373475777, 2024-04-29T06:51:15.777Z, 1088.9048316, 658.4066256
1714373475790, 2024-04-29T06:51:15.790Z, 1090.8826216000002, 655.898009
1714373475820, 2024-04-29T06:51:15.820Z, 1093.1280154, 653.2865106
1714373475835, 2024-04-29T06:51:15.835Z, 1095.0178078000001, 651.9608458
1714373475858, 2024-04-29T06:51:15.858Z, 1097.6352586, 651.1898768
1714373475867, 2024-04-29T06:51:15.867Z, 1100.071717, 650.9072840000001
1714373475883, 2024-04-29T06:51:15.883Z, 1101.5584368, 651.018017
1714373475899, 2024-04-29T06:51:15.899Z, 1103.2829658, 650.8106384
1714373475914, 2024-04-29T06:51:15.914Z, 1104.3212332, 650.4481448
1714373475930, 2024-04-29T06:51:15.930Z, 1103.9520464000002, 649.9478654000001
1714373475946, 2024-04-29T06:51:15.946Z, 1101.4215322, 649.4227372
1714373475962, 2024-04-29T06:51:15.962Z, 1098.924485, 648.5801435999999
1714373475979, 2024-04-29T06:51:15.979Z, 1096.4633514000002, 647.52722
1714373476003, 2024-04-29T06:51:16.003Z, 1094.2972174000001, 646.4822586
1714373476015, 2024-04-29T06:51:16.015Z, 1092.0133004, 644.0142069999999
1714373476031, 2024-04-29T06:51:16.031Z, 1091.8335508, 641.5965512
1714373476046, 2024-04-29T06:51:16.046Z, 1091.3615192000002, 639.2248251999999
1714373476060, 2024-04-29T06:51:16.060Z, 1091.0862996, 638.3274034
1714373476077, 2024-04-29T06:51:16.077Z, 1091.2120496, 638.419284
1714373476091, 2024-04-29T06:51:16.091Z, 1092.0918356, 640.5905735999999
1714373476242, 2024-04-29T06:51:16.242Z, 1111.3212437999998, 666.7632012
1714373476258, 2024-04-29T06:51:16.258Z, 1132.6880754, 682.4249036
1714373476274, 2024-04-29T06:51:16.274Z, 1153.7093294000001, 694.3509959999999
1714373476308, 2024-04-29T06:51:16.308Z, 1174.5766982, 702.046651
1714373476321, 2024-04-29T06:51:16.321Z, 1195.497082, 708.7226360000001
1714373476337, 2024-04-29T06:51:16.337Z, 1199.0641314, 687.667009
1714373476353, 2024-04-29T06:51:16.353Z, 1200.7904872000001, 677.4203786
1714373476369, 2024-04-29T06:51:16.369Z, 1202.2410466, 669.6215628
1714373476385, 2024-04-29T06:51:16.385Z, 1203.2287666, 666.0515388
1714373476401, 2024-04-29T06:51:16.401Z, 1203.7183455999998, 663.587959
1714373476416, 2024-04-29T06:51:16.416Z, 1203.083987, 664.7103468
1714373476432, 2024-04-29T06:51:16.432Z, 1201.5270750000002, 666.0662826
1714373476452, 2024-04-29T06:51:16.452Z, 1200.0383852, 668.1091442
1714373476478, 2024-04-29T06:51:16.478Z, 1199.2076698, 668.5216297999999
1714373476494, 2024-04-29T06:51:16.494Z, 1198.6112484, 667.7907475999999
1714373476509, 2024-04-29T06:51:16.509Z, 1197.7959933999998, 666.8801486
1714373476526, 2024-04-29T06:51:16.526Z, 1197.257583, 665.7333454
1714373476542, 2024-04-29T06:51:16.542Z, 1193.3661242, 666.9268261999999
1714373476557, 2024-04-29T06:51:16.557Z, 1189.5997395999998, 668.2349952
1714373476574, 2024-04-29T06:51:16.574Z, 1185.2461864000002, 669.7347202
1714373476602, 2024-04-29T06:51:16.602Z, 1181.3034152000002, 670.2513935999999
1714373476617, 2024-04-29T06:51:16.617Z, 1178.257712, 669.7817622
1714373476637, 2024-04-29T06:51:16.637Z, 1178.661802, 666.276763
1714373476653, 2024-04-29T06:51:16.653Z, 1178.6064470000001, 663.3281506
1714373476669, 2024-04-29T06:51:16.669Z, 1178.9534244, 660.9581383999999
1714373476685, 2024-04-29T06:51:16.685Z, 1178.3520094, 660.0910424
1714373476701, 2024-04-29T06:51:16.701Z, 1177.0396575999998, 660.4075002
1714373476716, 2024-04-29T06:51:16.716Z, 1175.5576583999998, 660.9758184
1714373476731, 2024-04-29T06:51:16.731Z, 1173.9129976, 661.8218397999999
1714373476752, 2024-04-29T06:51:16.752Z, 1173.4179064, 662.148318
1714373476766, 2024-04-29T06:51:16.766Z, 1173.7394738, 662.0852964
1714373476785, 2024-04-29T06:51:16.785Z, 1174.1683278, 661.9570809999999
1714373476797, 2024-04-29T06:51:16.797Z, 1175.7712194, 661.1580934000001
1714373476813, 2024-04-29T06:51:16.813Z, 1175.6196002000001, 661.5292225999999
1714373476828, 2024-04-29T06:51:16.828Z, 1174.0827628000002, 662.2463844
1714373476842, 2024-04-29T06:51:16.842Z, 1172.5186488, 663.4707314
1714373476857, 2024-04-29T06:51:16.857Z, 1171.3493852, 664.2685829999999
1714373476873, 2024-04-29T06:51:16.873Z, 1173.8998252, 665.9876367999999
1714373476903, 2024-04-29T06:51:16.903Z, 1189.2703532, 672.0643966
1714373476919, 2024-04-29T06:51:16.919Z, 1214.3801744, 682.14437
1714373476931, 2024-04-29T06:51:16.931Z, 1253.6126438, 698.706089
1714373476952, 2024-04-29T06:51:16.952Z, 1310.4691224, 724.1221538
1714373476968, 2024-04-29T06:51:16.968Z, 1364.2323566, 749.4025522
1714373476984, 2024-04-29T06:51:16.984Z, 1407.8120186, 768.7961337999999
1714373477000, 2024-04-29T06:51:17.000Z, 1442.5859268, 783.8849619999999
1714373477016, 2024-04-29T06:51:17.016Z, 1463.5563786, 791.4265722000001
1714373477032, 2024-04-29T06:51:17.032Z, 1466.5140456000001, 790.307431
1714373477051, 2024-04-29T06:51:17.051Z, 1465.1525124, 788.4292984
1714373477067, 2024-04-29T06:51:17.067Z, 1461.6337833999999, 786.9222434000001
1714373477081, 2024-04-29T06:51:17.081Z, 1456.7617636, 786.5268102000001
1714373477095, 2024-04-29T06:51:17.095Z, 1451.7018862, 787.2875594
1714373477112, 2024-04-29T06:51:17.112Z, 1448.8715182, 788.2919134000001
1714373477127, 2024-04-29T06:51:17.127Z, 1447.9678518, 790.2127492000001
1714373477140, 2024-04-29T06:51:17.140Z, 1448.3354282000003, 792.0525202
1714373477156, 2024-04-29T06:51:17.156Z, 1449.9977134, 792.7075543999999
1714373477172, 2024-04-29T06:51:17.172Z, 1452.4283504, 793.0261192
1714373477205, 2024-04-29T06:51:17.205Z, 1452.752987, 792.9800671999999
1714373477219, 2024-04-29T06:51:17.219Z, 1453.2207374, 790.3990596
1714373477236, 2024-04-29T06:51:17.236Z, 1454.3330396, 786.3576888
1714373477252, 2024-04-29T06:51:17.252Z, 1455.1003286, 783.119989
1714373477266, 2024-04-29T06:51:17.266Z, 1449.6865054, 778.5641241999999
1714373477283, 2024-04-29T06:51:17.283Z, 1353.7025426, 751.9626054
1714373477298, 2024-04-29T06:51:17.298Z, 1254.2100408000001, 726.4637316000001