1714373478801, 2024-04-29T06:51:18.801Z, 84.878453, 173.107921
1714373478816, 2024-04-29T06:51:18.816Z, 90.850076, 174.81316800000002
1714373478832, 2024-04-29T06:51:18.832Z, 94.30980433333333, 175.87013100000001
1714373478851, 2024-04-29T06:51:18.851Z, 98.29068425, 177.35853075
1714373478866, 2024-04-29T06:51:18.866Z, 104.53325500000001, 180.4327482
1714373478911, 2024-04-29T06:51:18.911Z, 114.80634719999998, 185.67063439999998
1714373478926, 2024-04-29T06:51:18.926Z, 124.25846879999999, 190.61983160000003
1714373478942, 2024-04-29T06:51:18.942Z, 133.88875480000002, 193.751846
1714373478958, 2024-04-29T06:51:18.958Z, 141.8357306, 195.97800180000002
1714373478973, 2024-04-29T06:51:18.973Z, 145.49201539999999, 198.2788332
1714373479002, 2024-04-29T06:51:19.002Z, 147.7171556, 200.1957328
1714373479030, 2024-04-29T06:51:19.030Z, 146.5430328, 207.58830939999999
1714373479046, 2024-04-29T06:51:19.046Z, 144.16739379999999, 223.55564180000002
1714373479061, 2024-04-29T06:51:19.061Z, 141.90238140000002, 239.48241519999996
1714373479083, 2024-04-29T06:51:19.083Z, 139.78603840000002, 253.0166792
1714373479098, 2024-04-29T06:51:19.098Z, 137.51336540000003, 265.8660238
1714373479114, 2024-04-29T06:51:19.114Z, 136.58783499999998, 273.3326022
1714373479130, 2024-04-29T06:51:19.130Z, 136.14828900000003, 274.585359
1714373479157, 2024-04-29T06:51:19.157Z, 136.8965066, 270.6306106
1714373479177, 2024-04-29T06:51:19.177Z, 138.8628652, 264.64897840000003
1714373479193, 2024-04-29T06:51:19.193Z, 143.00971180000002, 253.841793
1714373479208, 2024-04-29T06:51:19.208Z, 147.749996, 242.3449986
1714373479224, 2024-04-29T06:51:19.224Z, 150.95681180000003, 228.52305040000002
1714373479255, 2024-04-29T06:51:19.255Z, 155.2655226, 220.1531944
1714373479271, 2024-04-29T06:51:19.271Z, 158.3714156, 213.04517919999998
1714373479303, 2024-04-29T06:51:19.303Z, 159.22488119999997, 209.22423320000001
1714373479317, 2024-04-29T06:51:19.317Z, 156.2315044, 200.03193600000003
1714373479333, 2024-04-29T06:51:19.333Z, 158.5657674, 196.3916536
1714373479350, 2024-04-29T06:51:19.350Z, 158.81389800000002, 191.92970120000004
1714373479366, 2024-04-29T06:51:19.366Z, 161.1973438, 190.5975766
1714373479381, 2024-04-29T06:51:19.381Z, 165.1696626, 193.911994
1714373479396, 2024-04-29T06:51:19.396Z, 167.68964520000003, 200.452945
1714373479411, 2024-04-29T06:51:19.411Z, 167.06141780000002, 203.04261359999998
1714373479427, 2024-04-29T06:51:19.427Z, 169.97806759999997, 209.38663400000002
1714373479456, 2024-04-29T06:51:19.456Z, 171.0527608, 213.27258739999996
1714373479473, 2024-04-29T06:51:19.473Z, 169.4932644, 212.95365959999998
1714373479489, 2024-04-29T06:51:19.489Z, 169.6745388, 213.0278088
1714373479505, 2024-04-29T06:51:19.505Z, 168.2516654, 212.8023754
1714373479521, 2024-04-29T06:51:19.521Z, 168.55211780000002, 210.72432360000002
1714373479537, 2024-04-29T06:51:19.537Z, 173.0466594, 209.4668016
1714373479553, 2024-04-29T06:51:19.553Z, 182.2777896, 209.13639840000002
1714373479568, 2024-04-29T06:51:19.568Z, 198.0184496, 213.70783839999999
1714373479584, 2024-04-29T06:51:19.584Z, 212.9348476, 218.20479500000002
1714373479602, 2024-04-29T06:51:19.602Z, 225.12005139999997, 223.683081
1714373479615, 2024-04-29T06:51:19.615Z, 232.78043040000003, 227.7677288
1714373479631, 2024-04-29T06:51:19.631Z, 236.55862100000004, 231.6162612
1714373479647, 2024-04-29T06:51:19.647Z, 239.1494538, 232.715521
1714373479663, 2024-04-29T06:51:19.663Z, 239.3716292, 230.15258920000002
1714373479678, 2024-04-29T06:51:19.678Z, 236.49241260000002, 224.95035560000002
1714373479695, 2024-04-29T06:51:19.695Z, 233.1497596, 220.25399420000002
1714373479710, 2024-04-29T06:51:19.710Z, 231.6878514, 221.05882259999998
1714373479726, 2024-04-29T06:51:19.726Z, 232.68937620000003, 222.7747546
1714373479751, 2024-04-29T06:51:19.751Z, 232.93440180000002, 225.35776420000002
1714373479773, 2024-04-29T06:51:19.773Z, 234.53035599999998, 228.30687159999997
1714373479788, 2024-04-29T06:51:19.788Z, 237.2342448, 230.90970539999998
1714373479804, 2024-04-29T06:51:19.804Z, 238.1578466, 227.6532008
1714373479820, 2024-04-29T06:51:19.820Z, 234.9051164, 222.1100622
1714373479836, 2024-04-29T06:51:19.836Z, 237.31864860000002, 219.9918624
1714373479851, 2024-04-29T06:51:19.851Z, 242.67327840000002, 221.66094800000002
1714373479867, 2024-04-29T06:51:19.867Z, 247.5017718, 223.74508120000002
1714373479883, 2024-04-29T06:51:19.883Z, 252.80130760000003, 226.31413080000002
1714373479903, 2024-04-29T06:51:19.903Z, 258.87871579999995, 229.7488734
1714373479916, 2024-04-29T06:51:19.916Z, 265.6723266, 232.7045024
1714373479930, 2024-04-29T06:51:19.930Z, 268.3901006, 231.05329340000003
1714373479946, 2024-04-29T06:51:19.946Z, 271.8614154, 229.0668546
1714373479964, 2024-04-29T06:51:19.964Z, 275.9899282, 227.32787940000003
1714373479978, 2024-04-29T06:51:19.978Z, 277.4941718, 224.3839784
1714373479994, 2024-04-29T06:51:19.994Z, 278.3808352, 221.9823496
1714373480009, 2024-04-29T06:51:20.009Z, 280.8543314, 219.6472118
1714373480025, 2024-04-29T06:51:20.025Z, 283.26176219999996, 217.7673664
1714373480052, 2024-04-29T06:51:20.052Z, 285.7017104, 215.9051602
1714373480065, 2024-04-29T06:51:20.065Z, 290.54975, 216.3008414
1714373480082, 2024-04-29T06:51:20.082Z, 295.8953634, 218.041671
1714373480096, 2024-04-29T06:51:20.096Z, 298.8655342, 219.9239812
1714373480110, 2024-04-29T06:51:20.110Z, 301.17638300000004, 222.10688859999996
1714373480126, 2024-04-29T06:51:20.126Z, 302.3630136, 223.43513739999997
1714373480153, 2024-04-29T06:51:20.153Z, 304.0501954, 225.28057760000002
1714373480168, 2024-04-29T06:51:20.168Z, 304.2338764, 225.7484484
1714373480183, 2024-04-29T06:51:20.183Z, 305.3728838, 227.28180400000002
1714373480201, 2024-04-29T06:51:20.201Z, 304.3990178, 227.2289104
1714373480216, 2024-04-29T06:51:20.216Z, 303.393988, 227.8254362
1714373480231, 2024-04-29T06:51:20.231Z, 301.4683892, 227.111285
1714373480247, 2024-04-29T06:51:20.247Z, 298.6345296, 225.044196
1714373480262, 2024-04-29T06:51:20.263Z, 295.20428860000004, 221.8121396
1714373480278, 2024-04-29T06:51:20.278Z, 295.13907159999997, 220.59112599999997
1714373480294, 2024-04-29T06:51:20.294Z, 295.2129258, 218.28455759999997
1714373480310, 2024-04-29T06:51:20.310Z, 296.6501442, 216.5744068
1714373480326, 2024-04-29T06:51:20.326Z, 298.4636838, 214.84910559999997
1714373480353, 2024-04-29T06:51:20.353Z, 301.4337028, 213.44173140000004
1714373480369, 2024-04-29T06:51:20.369Z, 302.90775640000004, 211.5280578
1714373480380, 2024-04-29T06:51:20.380Z, 304.6153416, 211.0272836
1714373480396, 2024-04-29T06:51:20.396Z, 300.2418456, 205.64869720000002
1714373480411, 2024-04-29T06:51:20.411Z, 296.5250112, 201.54928339999998
1714373480425, 2024-04-29T06:51:20.425Z, 289.96030959999996, 197.63577139999998
1714373480451, 2024-04-29T06:51:20.451Z, 285.01261839999995, 194.1973168
1714373480468, 2024-04-29T06:51:20.468Z, 280.9903166, 189.23831660000002
1714373480483, 2024-04-29T06:51:20.483Z, 282.28727200000003, 189.95684219999998
1714373480502, 2024-04-29T06:51:20.502Z, 283.25836799999996, 189.34015100000002
1714373480515, 2024-04-29T06:51:20.515Z, 286.375353, 189.12004600000003
1714373480537, 2024-04-29T06:51:20.537Z, 289.726669, 190.16249399999998
1714373480547, 2024-04-29T06:51:20.547Z, 292.37081079999996, 192.2400314
1714373480562, 2024-04-29T06:51:20.562Z, 294.3528324, 192.5084162
1714373480577, 2024-04-29T06:51:20.577Z, 296.2367078, 193.5421098
1714373480593, 2024-04-29T06:51:20.593Z, 298.01583199999993, 194.9596382
1714373480771, 2024-04-29T06:51:20.771Z, 312.25648739999997, 174.76619399999998
1714373480802, 2024-04-29T06:51:20.802Z, 316.3729104, 176.695932
1714373480829, 2024-04-29T06:51:20.829Z, 322.4785914, 177.77737739999998
1714373480844, 2024-04-29T06:51:20.844Z, 330.13417019999997, 178.8387186
1714373480860, 2024-04-29T06:51:20.860Z, 338.0173178, 179.3253784
1714373480876, 2024-04-29T06:51:20.876Z, 331.4612426, 201.109759
1714373480892, 2024-04-29T06:51:20.892Z, 332.207473, 202.441406
1714373480908, 2024-04-29T06:51:20.908Z, 330.5317176, 205.2222496
1714373480924, 2024-04-29T06:51:20.924Z, 327.17158499999994, 209.03221539999998
1714373480953, 2024-04-29T06:51:20.953Z, 323.1191442, 213.29279020000004
1714373480965, 2024-04-29T06:51:20.965Z, 319.3508218, 216.0467686
1714373480981, 2024-04-29T06:51:20.981Z, 318.5732736, 217.1856444
1714373480997, 2024-04-29T06:51:20.997Z, 318.79605200000003, 217.6911172
1714373481018, 2024-04-29T06:51:21.018Z, 319.549118, 217.2878884
1714373481034, 2024-04-29T06:51:21.034Z, 318.6256474, 215.1716496
1714373481049, 2024-04-29T06:51:21.049Z, 317.5806492, 212.94748380000001
1714373481065, 2024-04-29T06:51:21.065Z, 316.60848500000003, 211.20332520000002
1714373481081, 2024-04-29T06:51:21.081Z, 316.1820694, 211.1742816
1714373481101, 2024-04-29T06:51:21.101Z, 314.608096, 210.680761
1714373481117, 2024-04-29T06:51:21.117Z, 315.68348679999997, 211.951353
1714373481131, 2024-04-29T06:51:21.131Z, 317.2941312, 212.5212988
1714373481145, 2024-04-29T06:51:21.145Z, 318.4892248, 211.8223672
1714373481162, 2024-04-29T06:51:21.162Z, 318.3067932, 209.2601294
1714373481177, 2024-04-29T06:51:21.177Z, 319.2332998, 207.53164399999997
1714373481191, 2024-04-29T06:51:21.191Z, 319.2006538, 205.8882334
1714373481207, 2024-04-29T06:51:21.207Z, 319.01692599999996, 204.67184379999998
1714373481226, 2024-04-29T06:51:21.226Z, 319.3932980000001, 203.9527646
1714373481253, 2024-04-29T06:51:21.253Z, 319.38742579999996, 203.71747119999998
1714373481267, 2024-04-29T06:51:21.267Z, 319.07396819999997, 203.4086712
1714373481280, 2024-04-29T06:51:21.280Z, 317.1330172, 203.8014268
1714373481297, 2024-04-29T06:51:21.297Z, 314.24159360000004, 204.8714438
1714373481311, 2024-04-29T06:51:21.311Z, 308.89809320000006, 206.26123500000003
1714373481324, 2024-04-29T06:51:21.324Z, 303.7488526, 207.61248059999997
1714373481344, 2024-04-29T06:51:21.344Z, 298.7966222, 209.06335760000002
1714373481356, 2024-04-29T06:51:21.356Z, 296.720387, 208.49644560000002
1714373481370, 2024-04-29T06:51:21.370Z, 295.567382, 207.4256398
1714373481403, 2024-04-29T06:51:21.403Z, 295.9722546, 206.55807360000003
1714373481415, 2024-04-29T06:51:21.415Z, 294.826719, 204.6353836
1714373481435, 2024-04-29T06:51:21.435Z, 286.3865912, 206.53020420000001
1714373481450, 2024-04-29T06:51:21.450Z, 270.6766764, 213.9499562
1714373481463, 2024-04-29T06:51:21.463Z, 250.666273, 224.7273678
1714373481480, 2024-04-29T06:51:21.480Z, 224.78438839999998, 239.692724
1714373481495, 2024-04-29T06:51:21.495Z, 200.34687559999998, 254.54460680000003
1714373481508, 2024-04-29T06:51:21.508Z, 183.1140886, 265.43669600000004
1714373481538, 2024-04-29T06:51:21.538Z, 172.9344772, 272.6762832
1714373481553, 2024-04-29T06:51:21.553Z, 166.76146, 275.3927786
1714373481569, 2024-04-29T06:51:21.569Z, 167.4660204, 273.6753154
1714373481585, 2024-04-29T06:51:21.585Z, 169.3200276, 274.123135
1714373481600, 2024-04-29T06:51:21.600Z, 171.2563174, 274.1609886
1714373481617, 2024-04-29T06:51:21.617Z, 172.4826782, 273.59031600000003
1714373481632, 2024-04-29T06:51:21.632Z, 173.75687499999998, 275.1149084
1714373481648, 2024-04-29T06:51:21.648Z, 174.0610948, 277.0449672
1714373481663, 2024-04-29T06:51:21.663Z, 172.4495734, 278.148721
1714373481678, 2024-04-29T06:51:21.678Z, 168.64359599999997, 279.65568740000003
1714373481702, 2024-04-29T06:51:21.702Z, 161.97953079999996, 281.05815459999997
1714373481726, 2024-04-29T06:51:21.726Z, 154.86026420000002, 281.7597074
1714373481742, 2024-04-29T06:51:21.742Z, 147.83054320000002, 282.57321679999995
1714373481758, 2024-04-29T06:51:21.758Z, 141.6179474, 284.0691682
1714373481774, 2024-04-29T06:51:21.774Z, 137.26415260000002, 285.4662512
1714373481790, 2024-04-29T06:51:21.790Z, 138.82162080000003, 289.67185979999994
1714373481805, 2024-04-29T06:51:21.805Z, 154.06125000000003, 300.64465060000003
1714373481821, 2024-04-29T06:51:21.821Z, 173.53409299999998, 312.8564026
1714373481868, 2024-04-29T06:51:21.868Z, 196.23042680000003, 325.22703820000004
1714373481883, 2024-04-29T06:51:21.883Z, 217.602473, 335.526165
1714373481899, 2024-04-29T06:51:21.899Z, 235.2023168, 342.1915644
1714373481915, 2024-04-29T06:51:21.915Z, 238.8265484, 341.7474194
1714373481930, 2024-04-29T06:51:21.930Z, 236.4870398, 339.3356204
1714373481946, 2024-04-29T06:51:21.946Z, 229.782352, 336.0383694
1714373481961, 2024-04-29T06:51:21.961Z, 223.50488679999998, 334.957641
1714373481976, 2024-04-29T06:51:21.976Z, 214.3629626, 333.87548260000005
1714373482001, 2024-04-29T06:51:22.001Z, 204.7147636, 332.7523208
1714373482017, 2024-04-29T06:51:22.017Z, 195.8182052, 331.25923760000006
1714373482032, 2024-04-29T06:51:22.032Z, 186.9843412, 330.0458628
1714373482045, 2024-04-29T06:51:22.045Z, 179.6469612, 329.0189064
1714373482062, 2024-04-29T06:51:22.062Z, 177.2375838, 332.0823158
1714373482077, 2024-04-29T06:51:22.077Z, 176.5378718, 335.8261612
1714373482094, 2024-04-29T06:51:22.094Z, 176.6738512, 339.387523
1714373482117, 2024-04-29T06:51:22.117Z, 178.4858968, 340.413811
1714373482133, 2024-04-29T06:51:22.133Z, 180.6473596, 334.4772832
1714373482153, 2024-04-29T06:51:22.153Z, 182.7155348, 314.35306299999996
1714373482180, 2024-04-29T06:51:22.180Z, 184.7206932, 293.5110536
1714373482197, 2024-04-29T06:51:22.197Z, 190.7831092, 262.8521126
1714373482227, 2024-04-29T06:51:22.227Z, 196.7834704, 234.84842079999999
1714373482243, 2024-04-29T06:51:22.243Z, 202.6389054, 214.3137596
1714373482259, 2024-04-29T06:51:22.259Z, 208.4191904, 205.2018266
1714373482275, 2024-04-29T06:51:22.275Z, 216.7344698, 198.2153856
1714373482303, 2024-04-29T06:51:22.303Z, 223.91041, 202.7608544
1714373482323, 2024-04-29T06:51:22.323Z, 231.0292122, 207.38830980000003
1714373482339, 2024-04-29T06:51:22.339Z, 237.45235079999998, 210.66980919999997
1714373482354, 2024-04-29T06:51:22.354Z, 243.2440176, 214.21323360000002
1714373482370, 2024-04-29T06:51:22.370Z, 246.73141719999998, 216.22735659999998
1714373482386, 2024-04-29T06:51:22.386Z, 249.1413826, 219.0549098
1714373482401, 2024-04-29T06:51:22.401Z, 251.37813, 221.4081634
1714373482417, 2024-04-29T06:51:22.417Z, 253.66171100000003, 224.33388300000001
1714373482433, 2024-04-29T06:51:22.433Z, 255.01014499999997, 225.74810740000004
1714373482451, 2024-04-29T06:51:22.451Z, 256.19030019999997, 223.2815996
1714373482467, 2024-04-29T06:51:22.467Z, 254.94307360000002, 218.902443
1714373482481, 2024-04-29T06:51:22.481Z, 253.72413820000003, 213.59802100000002
1714373482496, 2024-04-29T06:51:22.496Z, 252.43412819999998, 208.6574626
1714373482511, 2024-04-29T06:51:22.511Z, 251.3798556, 203.6188968
1714373482527, 2024-04-29T06:51:22.527Z, 249.90657499999998, 202.047802
1714373482543, 2024-04-29T06:51:22.543Z, 248.4731684, 199.652978
1714373482558, 2024-04-29T06:51:22.558Z, 247.0783226, 196.718388
1714373482574, 2024-04-29T06:51:22.574Z, 245.67218900000003, 193.2940834
1714373482603, 2024-04-29T06:51:22.603Z, 243.82570299999998, 189.06271120000002
1714373482617, 2024-04-29T06:51:22.617Z, 241.41790759999998, 184.3687944
1714373482630, 2024-04-29T06:51:22.630Z, 239.5656262, 180.97521120000002
1714373482646, 2024-04-29T06:51:22.646Z, 236.1388352, 178.77371620000002
1714373482662, 2024-04-29T06:51:22.662Z, 230.7615972, 176.5410354
1714373482675, 2024-04-29T06:51:22.675Z, 219.3464962, 174.9833534
1714373482692, 2024-04-29T06:51:22.692Z, 206.892562, 173.7819962
1714373482707, 2024-04-29T06:51:22.707Z, 192.4827682, 171.54240420000002
1714373482720, 2024-04-29T06:51:22.720Z, 178.1578404, 169.4241336
1714373482753, 2024-04-29T06:51:22.753Z, 162.341869, 167.8274514
1714373482765, 2024-04-29T06:51:22.765Z, 153.71962100000002, 167.0441372
1714373482781, 2024-04-29T06:51:22.781Z, 151.7819308, 168.1265336
1714373482797, 2024-04-29T06:51:22.797Z, 157.3046806, 171.54007080000002
1714373482810, 2024-04-29T06:51:22.810Z, 171.71863980000003, 174.859288
1714373482826, 2024-04-29T06:51:22.826Z, 358.6079776, 175.1723328
1714373482843, 2024-04-29T06:51:22.843Z, 547.0053988, 175.8371712
1714373482856, 2024-04-29T06:51:22.856Z, 731.3962439999999, 175.32626280000002
1714373482872, 2024-04-29T06:51:22.872Z, 925.5551770000002, 173.50244779999997
1714373482901, 2024-04-29T06:51:22.901Z, 1121.1957858, 175.1329088
1714373482917, 2024-04-29T06:51:22.917Z, 1147.703916, 182.2001026
1714373482932, 2024-04-29T06:51:22.932Z, 1171.2462316, 189.48348680000004
1714373482945, 2024-04-29T06:51:22.945Z, 1194.4105026, 198.81204160000001
1714373482962, 2024-04-29T06:51:22.962Z, 1202.6259038, 209.239824
1714373482976, 2024-04-29T06:51:22.976Z, 1201.8272828, 217.4443144
1714373482995, 2024-04-29T06:51:22.995Z, 1201.7514376, 223.42160159999997
1714373483011, 2024-04-29T06:51:23.011Z, 1199.6367246, 226.8110112
1714373483027, 2024-04-29T06:51:23.027Z, 1193.9202826, 226.0140406
1714373483072, 2024-04-29T06:51:23.072Z, 1184.6822218000002, 222.047194
1714373483088, 2024-04-29T06:51:23.088Z, 1172.7242302000002, 216.0884818
1714373483103, 2024-04-29T06:51:23.103Z, 1157.7942108, 207.7632838
1714373483119, 2024-04-29T06:51:23.119Z, 1147.2209487999999, 197.3309172
1714373483134, 2024-04-29T06:51:23.134Z, 1139.64427, 187.4650828
1714373483150, 2024-04-29T06:51:23.150Z, 1136.0232344, 177.5757914
1714373483164, 2024-04-29T06:51:23.164Z, 1143.8147192000001, 167.951553
1714373483180, 2024-04-29T06:51:23.180Z, 1159.206581, 159.2272394
1714373483203, 2024-04-29T06:51:23.203Z, 1193.7296920000001, 152.3074936
1714373483215, 2024-04-29T06:51:23.215Z, 1234.7715888, 145.8001348
1714373483231, 2024-04-29T06:51:23.231Z, 1282.5150416000001, 140.40753139999998
1714373483260, 2024-04-29T06:51:23.260Z, 1321.4921132, 135.6120134
1714373483290, 2024-04-29T06:51:23.290Z, 1355.8163443999997, 131.5058046
1714373483305, 2024-04-29T06:51:23.305Z, 1370.6244662, 128.1532482
1714373483320, 2024-04-29T06:51:23.320Z, 1378.5937688, 123.9377992
1714373483336, 2024-04-29T06:51:23.336Z, 1379.1031420000002, 120.46913960000002
1714373483352, 2024-04-29T06:51:23.352Z, 1381.7682214000001, 117.902793
1714373483370, 2024-04-29T06:51:23.370Z, 1385.7747878000002, 115.09588699999999
1714373483546, 2024-04-29T06:51:23.546Z, 1412.129676, 101.7089456
1714373483561, 2024-04-29T06:51:23.561Z, 1437.5822825999999, 90.6552288
1714373483575, 2024-04-29T06:51:23.575Z, 1462.4841054, 79.9728568
1714373483592, 2024-04-29T06:51:23.592Z, 1480.3979296, 71.5958748
1714373483607, 2024-04-29T06:51:23.607Z, 1487.3409921999998, 70.2794878
1714373483620, 2024-04-29T06:51:23.620Z, 1468.4302309999998, 82.9293382
1714373483653, 2024-04-29T06:51:23.653Z, 1448.3080032000003, 96.8010974
1714373483666, 2024-04-29T06:51:23.666Z, 1428.6663268, 110.7207566
1714373483695, 2024-04-29T06:51:23.695Z, 1411.7787951999999, 123.339383
1714373483711, 2024-04-29T06:51:23.711Z, 1403.8207192000002, 129.39124120000002
1714373483727, 2024-04-29T06:51:23.727Z, 1398.5928896, 133.33393900000002
1714373483742, 2024-04-29T06:51:23.742Z, 1395.9581842000002, 135.5249528
1714373483758, 2024-04-29T06:51:23.758Z, 1393.7390386, 137.32554620000002
1714373483789, 2024-04-29T06:51:23.789Z, 1392.6959808, 137.3271742
1714373483804, 2024-04-29T06:51:23.804Z, 1390.5549914000003, 137.3904688
1714373483835, 2024-04-29T06:51:23.835Z, 1387.1897000000001, 139.0686576
1714373483851, 2024-04-29T06:51:23.851Z, 1383.7418114, 140.6791384
1714373483866, 2024-04-29T06:51:23.866Z, 1379.9870264, 142.257358
1714373483883, 2024-04-29T06:51:23.883Z, 1377.7395618, 143.4135804
1714373483897, 2024-04-29T06:51:23.897Z, 1376.9398237999999, 144.35529560000003
1714373483913, 2024-04-29T06:51:23.913Z, 1377.9247872, 142.8729664
1714373483928, 2024-04-29T06:51:23.928Z, 1378.902071, 141.3488822
1714373483954, 2024-04-29T06:51:23.954Z, 1380.9184712, 137.9164308
1714373483974, 2024-04-29T06:51:23.974Z, 1382.0380516, 135.2059172
1714373483989, 2024-04-29T06:51:23.989Z, 1382.952803, 133.0622308
1714373484006, 2024-04-29T06:51:24.006Z, 1383.5890497999999, 131.3506328
1714373484021, 2024-04-29T06:51:24.021Z, 1384.3113104, 130.1097086
1714373484036, 2024-04-29T06:51:24.036Z, 1384.9600464, 131.5354424
1714373484051, 2024-04-29T06:51:24.051Z, 1386.0744568000002, 133.273509
1714373484067, 2024-04-29T06:51:24.067Z, 1387.1439544, 134.24885120000002
1714373484082, 2024-04-29T06:51:24.082Z, 1387.9008520000002, 135.52525459999998
1714373484103, 2024-04-29T06:51:24.103Z, 1387.913861, 136.1607984
1714373484115, 2024-04-29T06:51:24.115Z, 1387.1705258, 135.9926608
1714373484144, 2024-04-29T06:51:24.144Z, 1385.9521186, 135.2640428
1714373484160, 2024-04-29T06:51:24.160Z, 1384.9927782, 135.24684599999998
1714373484176, 2024-04-29T06:51:24.176Z, 1383.8542514, 135.676175
1714373484191, 2024-04-29T06:51:24.191Z, 1383.4421198, 136.33197639999997
1714373484207, 2024-04-29T06:51:24.207Z, 1382.9512318, 137.7695994
1714373484223, 2024-04-29T06:51:24.223Z, 1382.6573592, 138.9976676
1714373484251, 2024-04-29T06:51:24.251Z, 1381.9870058, 139.9157816
1714373484266, 2024-04-29T06:51:24.266Z, 1380.8582112, 141.8767884
1714373484282, 2024-04-29T06:51:24.282Z, 1379.6511936, 143.9874164
1714373484295, 2024-04-29T06:51:24.295Z, 1378.6237694, 145.482297
1714373484311, 2024-04-29T06:51:24.311Z, 1378.2691158, 147.3043938
1714373484327, 2024-04-29T06:51:24.327Z, 1378.8225476, 150.07528499999998
1714373484340, 2024-04-29T06:51:24.340Z, 1379.8455577999998, 151.41846919999998
1714373484357, 2024-04-29T06:51:24.357Z, 1380.9836156, 152.55651300000002
1714373484378, 2024-04-29T06:51:24.378Z, 1382.364892, 153.5519132
1714373484407, 2024-04-29T06:51:24.407Z, 1383.4845766000003, 153.7633278
1714373484426, 2024-04-29T06:51:24.426Z, 1384.0865386, 151.866192
1714373484441, 2024-04-29T06:51:24.441Z, 1385.2290036, 148.5976904
1714373484456, 2024-04-29T06:51:24.456Z, 1386.874988, 145.44631520000002
1714373484472, 2024-04-29T06:51:24.472Z, 1387.1832235999998, 142.9815814
1714373484487, 2024-04-29T06:51:24.487Z, 1387.5158348, 141.11753199999998
1714373484502, 2024-04-29T06:51:24.502Z, 1387.6447887999998, 140.3478412
1714373484519, 2024-04-29T06:51:24.519Z, 1388.5289281999999, 141.8350112
1714373484534, 2024-04-29T06:51:24.534Z, 1388.337962, 143.4209272
1714373484553, 2024-04-29T06:51:24.553Z, 1406.2413828, 143.06328739999998
1714373484565, 2024-04-29T06:51:24.565Z, 1434.157054, 142.432505
1714373484583, 2024-04-29T06:51:24.583Z, 1468.8427202, 141.26616380000002
1714373484597, 2024-04-29T06:51:24.597Z, 1504.0469429999998, 139.2001632
1714373484611, 2024-04-29T06:51:24.611Z, 1539.9558451999999, 138.1586508
1714373484627, 2024-04-29T06:51:24.627Z, 1559.7590142, 139.83014680000002
1714373484642, 2024-04-29T06:51:24.642Z, 1569.3358907999998, 141.5395316
1714373484658, 2024-04-29T06:51:24.658Z, 1572.1311834000003, 142.5340758
1714373484673, 2024-04-29T06:51:24.673Z, 1573.2580162, 143.9915196
1714373484701, 2024-04-29T06:51:24.701Z, 1574.5296916, 144.6442478
1714373484717, 2024-04-29T06:51:24.717Z, 1574.4355535999998, 144.17550400000002
1714373484751, 2024-04-29T06:51:24.751Z, 1573.8093868, 144.4932624
1714373484799, 2024-04-29T06:51:24.799Z, 1569.4606426, 146.419553
1714373484866, 2024-04-29T06:51:24.866Z, 1518.1158654, 172.4521366
1714373484892, 2024-04-29T06:51:24.892Z, 1466.4204034, 196.1284474
1714373484907, 2024-04-29T06:51:24.907Z, 1414.403646, 217.00835320000002
1714373484923, 2024-04-29T06:51:24.923Z, 1361.2412502000002, 237.8925208
1714373484939, 2024-04-29T06:51:24.939Z, 1311.1238594000001, 258.94040060000003
1714373484954, 2024-04-29T06:51:24.954Z, 1307.8801116, 255.7333224
1714373484971, 2024-04-29T06:51:24.971Z, 1306.9671034, 256.0376912
1714373484986, 2024-04-29T06:51:24.986Z, 1308.5562514, 258.9523598
1714373485018, 2024-04-29T06:51:25.018Z, 1316.0232529999998, 263.95803939999996
1714373485034, 2024-04-29T06:51:25.034Z, 1324.5214558000002, 270.3797884
1714373485050, 2024-04-29T06:51:25.050Z, 1332.9154556, 278.992011
1714373485065, 2024-04-29T06:51:25.065Z, 1339.6482866000001, 284.9343654
1714373485081, 2024-04-29T06:51:25.081Z, 1344.4418632, 291.732357
1714373485100, 2024-04-29T06:51:25.100Z, 1345.5182364, 295.8978984
1714373485111, 2024-04-29T06:51:25.111Z, 1346.8211787999999, 297.80886380000004
1714373485128, 2024-04-29T06:51:25.128Z, 1348.6462194, 297.24142600000005
1714373485152, 2024-04-29T06:51:25.152Z, 1350.201458, 296.81409499999995
1714373485167, 2024-04-29T06:51:25.167Z, 1352.1083217999999, 295.4732028
1714373485181, 2024-04-29T06:51:25.181Z, 1353.6349268000001, 294.104283
1714373485196, 2024-04-29T06:51:25.196Z, 1354.7127384, 292.6516168
1714373485212, 2024-04-29T06:51:25.212Z, 1355.5689817999998, 291.18005759999994
1714373485227, 2024-04-29T06:51:25.227Z, 1357.2150346, 289.8954254
1714373485250, 2024-04-29T06:51:25.250Z, 1358.7980074, 289.171014
1714373485266, 2024-04-29T06:51:25.266Z, 1361.3901786000001, 288.7492396
1714373485282, 2024-04-29T06:51:25.282Z, 1364.0536302, 288.90945139999997
1714373485303, 2024-04-29T06:51:25.303Z, 1366.375296, 289.32846600000005
1714373485318, 2024-04-29T06:51:25.318Z, 1367.890321, 290.85493320000006
1714373485331, 2024-04-29T06:51:25.331Z, 1369.1728462, 291.78602960000006
1714373485352, 2024-04-29T06:51:25.352Z, 1368.8157842, 292.5570262
1714373485367, 2024-04-29T06:51:25.367Z, 1368.4725032000001, 292.6317484
1714373485380, 2024-04-29T06:51:25.380Z, 1368.6789362, 291.72702
1714373485393, 2024-04-29T06:51:25.393Z, 1368.8301904, 289.0586516
1714373485408, 2024-04-29T06:51:25.408Z, 1369.6895873999997, 286.5255244
1714373485422, 2024-04-29T06:51:25.422Z, 1370.9990325999997, 284.2055434
1714373485454, 2024-04-29T06:51:25.454Z, 1373.3225174, 282.3745476
1714373485485, 2024-04-29T06:51:25.485Z, 1375.6597688, 281.0964842
1714373485500, 2024-04-29T06:51:25.500Z, 1377.6020668, 280.99978899999996
1714373485516, 2024-04-29T06:51:25.516Z, 1378.0197274, 280.26412199999993
1714373485534, 2024-04-29T06:51:25.534Z, 1377.3890638, 280.2101408
1714373485550, 2024-04-29T06:51:25.550Z, 1375.6800646, 280.89212
1714373485563, 2024-04-29T06:51:25.563Z, 1373.9449816000001, 281.1794654
1714373485579, 2024-04-29T06:51:25.579Z, 1372.4491338, 282.03794020000004
1714373485602, 2024-04-29T06:51:25.602Z, 1372.8222916, 282.450612
1714373485626, 2024-04-29T06:51:25.626Z, 1374.739911, 281.8996288
1714373485642, 2024-04-29T06:51:25.642Z, 1379.4704914, 281.02531239999996
1714373485658, 2024-04-29T06:51:25.658Z, 1391.9988368, 281.7530924
1714373485673, 2024-04-29T06:51:25.673Z, 1419.1495175999999, 282.7599426
1714373485689, 2024-04-29T06:51:25.689Z, 1453.4616078, 284.702083
1714373485705, 2024-04-29T06:51:25.705Z, 1495.8026652, 286.32381080000005
1714373485719, 2024-04-29T06:51:25.719Z, 1537.6539204000003, 287.2292986
1714373485736, 2024-04-29T06:51:25.736Z, 1581.826751, 286.89783380000006
1714373485755, 2024-04-29T06:51:25.755Z, 1613.1042892, 284.602937
1714373485768, 2024-04-29T06:51:25.768Z, 1636.505829, 282.1642718
1714373485783, 2024-04-29T06:51:25.783Z, 1652.0553982000001, 279.6502922
1714373485798, 2024-04-29T06:51:25.798Z, 1665.5924066, 277.43508520000006
1714373485814, 2024-04-29T06:51:25.814Z, 1668.2696794000003, 275.7833238
1714373485830, 2024-04-29T06:51:25.830Z, 1669.5336082000001, 274.7133776
1714373485845, 2024-04-29T06:51:25.845Z, 1669.6278828000002, 275.09186680000005
1714373485861, 2024-04-29T06:51:25.861Z, 1667.8519056, 276.4488426
1714373485877, 2024-04-29T06:51:25.877Z, 1665.0179928000002, 277.85551
1714373485904, 2024-04-29T06:51:25.904Z, 1661.5445759999998, 280.5208282
1714373485920, 2024-04-29T06:51:25.920Z, 1656.4177344, 284.98124119999994
1714373485932, 2024-04-29T06:51:25.932Z, 1651.3430412000002, 289.0464576
1714373485946, 2024-04-29T06:51:25.946Z, 1647.3444122, 292.72916760000004
1714373485960, 2024-04-29T06:51:25.960Z, 1637.3446784, 298.359396
1714373485986, 2024-04-29T06:51:25.986Z, 1557.3469774, 322.9518076
1714373486001, 2024-04-29T06:51:26.001Z, 1470.634938, 349.0710338
1714373486017, 2024-04-29T06:51:26.017Z, 1378.5165362, 377.52083860000005
1714373486033, 2024-04-29T06:51:26.033Z, 1277.7063112, 408.04556779999996
1714373486051, 2024-04-29T06:51:26.051Z, 1182.366834, 437.63704720000004
1714373486066, 2024-04-29T06:51:26.066Z, 1157.136415, 445.455961
1714373486096, 2024-04-29T06:51:26.096Z, 1139.4286041999999, 450.6416634
1714373486112, 2024-04-29T06:51:26.112Z, 1128.906286, 452.05026960000004
1714373486127, 2024-04-29T06:51:26.127Z, 1127.3820842, 451.28445439999996
1714373486143, 2024-04-29T06:51:26.143Z, 1127.0905522, 447.7688376
1714373486159, 2024-04-29T06:51:26.159Z, 1127.6424454000003, 445.42782960000005
1714373486175, 2024-04-29T06:51:26.175Z, 1128.9680938, 442.203212
1714373486203, 2024-04-29T06:51:26.203Z, 1129.8901759999999, 438.365719
1714373486221, 2024-04-29T06:51:26.221Z, 1131.289241, 435.9957942
1714373486238, 2024-04-29T06:51:26.238Z, 1133.3255273999998, 434.607369
1714373486252, 2024-04-29T06:51:26.252Z, 1136.1018713999997, 432.0884287999999
1714373486268, 2024-04-29T06:51:26.268Z, 1138.7761566000001, 424.88789299999996
1714373486284, 2024-04-29T06:51:26.284Z, 1141.1453844, 417.259188
1714373486300, 2024-04-29T06:51:26.300Z, 1143.6012847999998, 409.4083474
1714373486316, 2024-04-29T06:51:26.316Z, 1147.6098723999999, 402.7607868
1714373486332, 2024-04-29T06:51:26.332Z, 1153.06059, 396.7253132000001
1714373486353, 2024-04-29T06:51:26.353Z, 1161.5067694, 396.5467758000001
1714373486366, 2024-04-29T06:51:26.366Z, 1171.9914976, 398.0725044
1714373486382, 2024-04-29T06:51:26.382Z, 1186.2654168, 397.9602322
1714373486397, 2024-04-29T06:51:26.397Z, 1200.1959334, 396.0672364
1714373486411, 2024-04-29T06:51:26.411Z, 1212.3532752, 395.67224300000004
1714373486427, 2024-04-29T06:51:26.427Z, 1222.5663598, 394.7832068
1714373486442, 2024-04-29T06:51:26.442Z, 1230.3888666, 394.8324278
1714373486458, 2024-04-29T06:51:26.458Z, 1233.561003, 395.36154500000004
1714373486474, 2024-04-29T06:51:26.474Z, 1233.1486394, 397.34724459999995
1714373486520, 2024-04-29T06:51:26.520Z, 1231.5788374, 398.6951252
1714373486535, 2024-04-29T06:51:26.535Z, 1223.4578391999999, 400.3387874
1714373486551, 2024-04-29T06:51:26.551Z, 1212.4974095999999, 400.0856596
1714373486568, 2024-04-29T06:51:26.568Z, 1191.8005834, 397.8607466
1714373486582, 2024-04-29T06:51:26.582Z, 1167.1504874, 391.49609440000006
1714373486597, 2024-04-29T06:51:26.597Z, 1142.9582944, 384.4810308
1714373486613, 2024-04-29T06:51:26.613Z, 1123.7402428, 377.24348419999995
1714373486629, 2024-04-29T06:51:26.629Z, 1107.4724707999999, 371.16003820000003
1714373486653, 2024-04-29T06:51:26.653Z, 1101.3829536, 368.59914359999993
1714373486667, 2024-04-29T06:51:26.667Z, 1101.2210036000001, 371.21643539999997
1714373486680, 2024-04-29T06:51:26.680Z, 1101.5433758000001, 376.7712286
1714373486697, 2024-04-29T06:51:26.697Z, 1100.4666728, 383.3895208
1714373486711, 2024-04-29T06:51:26.711Z, 1098.3266257999999, 389.85214640000004
1714373486725, 2024-04-29T06:51:26.725Z, 1095.3477939999998, 393.9660492
1714373486754, 2024-04-29T06:51:26.754Z, 1092.4723148, 396.99431459999994
1714373486769, 2024-04-29T06:51:26.769Z, 1089.7270438, 396.7987948
1714373486784, 2024-04-29T06:51:26.784Z, 1088.610341, 395.53968840000005
1714373486803, 2024-04-29T06:51:26.803Z, 1088.1368965999998, 393.792259
1714373486820, 2024-04-29T06:51:26.820Z, 1089.0713856, 393.3650428
1714373486831, 2024-04-29T06:51:26.831Z, 1089.6067171999998, 392.33864380000006
1714373486862, 2024-04-29T06:51:26.862Z, 1089.6152478, 392.1921914
1714373486878, 2024-04-29T06:51:26.878Z, 1089.6483398, 391.393372
1714373486894, 2024-04-29T06:51:26.894Z, 1090.4389772, 391.5602284
1714373486910, 2024-04-29T06:51:26.910Z, 1091.066298, 392.4623418
1714373486925, 2024-04-29T06:51:26.925Z, 1091.8215278, 393.8559292
1714373486951, 2024-04-29T06:51:26.951Z, 1093.0127978, 395.5022722
1714373486966, 2024-04-29T06:51:26.966Z, 1094.2036322, 397.8635802
1714373486995, 2024-04-29T06:51:26.995Z, 1093.2581969999999, 397.13408979999997
1714373487021, 2024-04-29T06:51:27.021Z, 1085.9651508, 390.6985002
1714373487036, 2024-04-29T06:51:27.036Z, 1062.887725, 395.68333700000005
1714373487051, 2024-04-29T06:51:27.051Z, 1008.9298916, 403.0374558
1714373487067, 2024-04-29T06:51:27.067Z, 936.844262, 412.20774599999993
1714373487102, 2024-04-29T06:51:27.102Z, 771.782776, 431.6118008
1714373487117, 2024-04-29T06:51:27.117Z, 609.7096116, 454.130962
1714373487130, 2024-04-29T06:51:27.130Z, 464.4104582000001, 465.2800268
1714373487147, 2024-04-29T06:51:27.147Z, 345.4260028, 472.5417228
1714373487162, 2024-04-29T06:51:27.162Z, 247.4874498, 477.6789248
1714373487194, 2024-04-29T06:51:27.194Z, 247.3305038, 476.10240839999994
1714373487208, 2024-04-29T06:51:27.208Z, 249.33398019999998, 475.18739960000005
1714373487225, 2024-04-29T06:51:27.225Z, 244.26361660000003, 474.5971952
1714373487253, 2024-04-29T06:51:27.253Z, 237.63903620000002, 475.7635844
1714373487265, 2024-04-29T06:51:27.265Z, 226.5579492, 477.120431
1714373487281, 2024-04-29T06:51:27.281Z, 204.41086439999998, 476.34357220000004
1714373487296, 2024-04-29T06:51:27.296Z, 182.8693354, 476.4214046
1714373487310, 2024-04-29T06:51:27.310Z, 166.33095600000001, 475.8994054000001
1714373487332, 2024-04-29T06:51:27.332Z, 155.8051626, 475.03311379999997
1714373487342, 2024-04-29T06:51:27.342Z, 147.1959788, 474.2810088
1714373487355, 2024-04-29T06:51:27.355Z, 147.01107740000003, 475.322546
1714373487401, 2024-04-29T06:51:27.401Z, 149.2597622, 473.411088
1714373487432, 2024-04-29T06:51:27.432Z, 152.7726814, 471.3746682
1714373487445, 2024-04-29T06:51:27.445Z, 191.756191, 472.18289760000005
1714373487478, 2024-04-29T06:51:27.478Z, 236.46320980000002, 473.8592206
1714373487492, 2024-04-29T06:51:27.492Z, 283.2258312, 475.3546302
1714373487508, 2024-04-29T06:51:27.508Z, 328.78274439999996, 479.35646280000003
1714373487523, 2024-04-29T06:51:27.523Z, 374.40058279999994, 483.296932
1714373487552, 2024-04-29T06:51:27.552Z, 382.6755558, 484.96553240000003
1714373487566, 2024-04-29T06:51:27.566Z, 384.84955260000004, 485.46048099999996
1714373487580, 2024-04-29T06:51:27.580Z, 380.398329, 485.1129543999999
1714373487596, 2024-04-29T06:51:27.596Z, 371.7220278, 484.7186848
1714373487613, 2024-04-29T06:51:27.613Z, 362.39608639999994, 484.0521492
1714373487625, 2024-04-29T06:51:27.625Z, 353.8533164, 481.80576940000003
1714373487641, 2024-04-29T06:51:27.641Z, 343.71989319999994, 478.6569286
1714373487657, 2024-04-29T06:51:27.657Z, 338.24464359999996, 476.64244720000005
1714373487670, 2024-04-29T06:51:27.670Z, 335.5861268, 474.68346460000004
1714373487703, 2024-04-29T06:51:27.703Z, 332.3653288, 471.5852994
1714373487718, 2024-04-29T06:51:27.718Z, 330.2280158, 470.01825799999995
1714373487731, 2024-04-29T06:51:27.731Z, 329.4760662, 472.0019724
1714373487746, 2024-04-29T06:51:27.746Z, 328.1733872, 474.5326546
1714373487772, 2024-04-29T06:51:27.772Z, 309.82748879999997, 484.1241606
1714373487788, 2024-04-29T06:51:27.788Z, 284.16250579999996, 498.6445024000001
1714373487804, 2024-04-29T06:51:27.804Z, 256.0332946, 513.5052386
1714373487819, 2024-04-29T06:51:27.819Z, 226.6976676, 526.8871944
1714373487836, 2024-04-29T06:51:27.836Z, 192.58345160000002, 541.1927858000001
1714373487851, 2024-04-29T06:51:27.851Z, 175.38245919999997, 549.1448902000001
1714373487882, 2024-04-29T06:51:27.882Z, 166.4357924, 553.9561342000001
1714373487899, 2024-04-29T06:51:27.899Z, 159.637812, 558.6396480000001
1714373487917, 2024-04-29T06:51:27.917Z, 154.4168618, 563.8698234
1714373487929, 2024-04-29T06:51:27.929Z, 154.2627266, 566.8332948
1714373487945, 2024-04-29T06:51:27.945Z, 154.542527, 569.6545758
1714373487960, 2024-04-29T06:51:27.960Z, 155.7381362, 572.7833078
1714373487975, 2024-04-29T06:51:27.975Z, 157.60813980000003, 575.4083076
1714373488003, 2024-04-29T06:51:28.003Z, 159.32184539999997, 577.0402698
1714373488017, 2024-04-29T06:51:28.017Z, 161.5740564, 578.7454514
1714373488030, 2024-04-29T06:51:28.030Z, 163.76890600000002, 579.9314222
1714373488046, 2024-04-29T06:51:28.046Z, 165.2951518, 581.80137
1714373488061, 2024-04-29T06:51:28.061Z, 165.9414208, 584.5376096
1714373488075, 2024-04-29T06:51:28.075Z, 166.438718, 587.0710818
1714373488091, 2024-04-29T06:51:28.091Z, 165.85085080000002, 590.4033626
1714373488106, 2024-04-29T06:51:28.106Z, 165.916989, 593.1823052
1714373488120, 2024-04-29T06:51:28.120Z, 164.069472, 595.8088222
1714373488158, 2024-04-29T06:51:28.158Z, 147.2270762, 598.5558194
1714373488166, 2024-04-29T06:51:28.166Z, 127.32644100000002, 600.3924846
1714373488186, 2024-04-29T06:51:28.186Z, 103.81080299999999, 601.1157976000001
1714373488198, 2024-04-29T06:51:28.198Z, 77.8246634, 601.9127688000001
1714373488213, 2024-04-29T06:51:28.213Z, 53.7782734, 602.1111024
1714373488228, 2024-04-29T06:51:28.228Z, 44.9638062, 600.3166428000001
1714373488244, 2024-04-29T06:51:28.244Z, 39.6362822, 599.7630104000001
1714373488258, 2024-04-29T06:51:28.258Z, 39.7648526, 599.9988188
1714373488273, 2024-04-29T06:51:28.273Z, 42.192627200000004, 601.1360563999999
1714373488301, 2024-04-29T06:51:28.301Z, 44.6873898, 603.4359568
1714373488316, 2024-04-29T06:51:28.316Z, 48.7555188, 607.2222542000001
1714373488331, 2024-04-29T06:51:28.331Z, 62.7706858, 621.128324
1714373488345, 2024-04-29T06:51:28.345Z, 76.54789, 635.3856312
1714373488362, 2024-04-29T06:51:28.362Z, 90.60981319999999, 650.2972042
1714373488376, 2024-04-29T06:51:28.376Z, 104.5882528, 666.7675222
1714373488390, 2024-04-29T06:51:28.390Z, 118.8121734, 683.243181
1714373488406, 2024-04-29T06:51:28.406Z, 123.07282659999998, 689.2293256
1714373488421, 2024-04-29T06:51:28.421Z, 129.5054922, 696.1297634
1714373488452, 2024-04-29T06:51:28.452Z, 135.7034686, 702.526349
1714373488466, 2024-04-29T06:51:28.466Z, 141.5316696, 706.270424
1714373488480, 2024-04-29T06:51:28.480Z, 145.109782, 709.5383574
1714373488496, 2024-04-29T06:51:28.496Z, 144.3103292, 714.7550788000001
1714373488524, 2024-04-29T06:51:28.524Z, 135.9707732, 718.1626590000001
1714373488539, 2024-04-29T06:51:28.539Z, 126.19521320000001, 721.5333156
1714373488555, 2024-04-29T06:51:28.555Z, 117.7028434, 724.207827
1714373488571, 2024-04-29T06:51:28.571Z, 109.96249459999999, 727.7125874000001
1714373488604, 2024-04-29T06:51:28.604Z, 106.89208679999999, 729.3268758
1714373488618, 2024-04-29T06:51:28.618Z, 108.571343, 731.3490192
1714373488649, 2024-04-29T06:51:28.649Z, 111.1068084, 733.3417326000001
1714373488665, 2024-04-29T06:51:28.665Z, 112.379521, 735.3604564000001
1714373488711, 2024-04-29T06:51:28.711Z, 127.3150328, 736.5523076
1714373488750, 2024-04-29T06:51:28.750Z, 137.4423554, 740.4639446
1714373488766, 2024-04-29T06:51:28.766Z, 141.4993506, 749.3446048
1714373488781, 2024-04-29T06:51:28.781Z, 143.4198984, 762.1196931999999
1714373488794, 2024-04-29T06:51:28.794Z, 146.640441, 778.0927800000001
1714373488811, 2024-04-29T06:51:28.811Z, 136.80092100000002, 798.1840547999999
1714373488852, 2024-04-29T06:51:28.852Z, 133.70448460000003, 822.0855949999999
1714373488868, 2024-04-29T06:51:28.868Z, 136.90937100000002, 842.7658692000001
1714373488884, 2024-04-29T06:51:28.884Z, 142.4964218, 860.6906482
1714373488904, 2024-04-29T06:51:28.904Z, 146.6043952, 875.666416
1714373488919, 2024-04-29T06:51:28.919Z, 149.759927, 885.2805684000001
1714373488947, 2024-04-29T06:51:28.947Z, 150.1238366, 887.9366142000001
1714373488962, 2024-04-29T06:51:28.962Z, 149.3668064, 888.4749936000001
1714373488978, 2024-04-29T06:51:28.978Z, 147.4538038, 887.5376444
1714373488993, 2024-04-29T06:51:28.993Z, 145.50735120000002, 886.8831310000002
1714373489008, 2024-04-29T06:51:29.008Z, 143.8509108, 887.0761828000001
1714373489024, 2024-04-29T06:51:29.024Z, 142.6149156, 887.5983011999999
1714373489052, 2024-04-29T06:51:29.052Z, 146.12062120000002, 888.6444934000001
1714373489071, 2024-04-29T06:51:29.071Z, 151.4512918, 889.5683572000002
1714373489086, 2024-04-29T06:51:29.086Z, 158.3187354, 890.0018465999999
1714373489102, 2024-04-29T06:51:29.102Z, 165.39311500000002, 890.2459218
1714373489118, 2024-04-29T06:51:29.118Z, 173.48407580000003, 889.6019614
1714373489134, 2024-04-29T06:51:29.134Z, 179.49088620000003, 886.837622
1714373489149, 2024-04-29T06:51:29.149Z, 198.49314420000002, 881.3865979999998
1714373489166, 2024-04-29T06:51:29.166Z, 216.33548679999998, 876.1984248000001
1714373489181, 2024-04-29T06:51:29.181Z, 358.972988, 845.0970031999999
1714373489202, 2024-04-29T06:51:29.202Z, 523.093791, 810.0797709999999
1714373489217, 2024-04-29T06:51:29.217Z, 691.9723108000001, 775.1581739999999
1714373489231, 2024-04-29T06:51:29.231Z, 851.0236742000001, 743.6597233999998
1714373489246, 2024-04-29T06:51:29.246Z, 1014.8856082, 714.05949
1714373489262, 2024-04-29T06:51:29.262Z, 1053.6715204, 711.2245341999999
1714373489277, 2024-04-29T06:51:29.277Z, 1071.0045644000002, 715.6250894
1714373489291, 2024-04-29T06:51:29.291Z, 1082.5382679999998, 722.9601121999999
1714373489306, 2024-04-29T06:51:29.306Z, 1090.760443, 730.6386692
1714373489337, 2024-04-29T06:51:29.337Z, 1094.124077, 737.9628764
1714373489359, 2024-04-29T06:51:29.359Z, 1097.1080106, 743.6867255999999
1714373489370, 2024-04-29T06:51:29.370Z, 1098.2641468000002, 746.744725
1714373489384, 2024-04-29T06:51:29.384Z, 1098.6553608, 748.0775154
1714373489400, 2024-04-29T06:51:29.400Z, 1098.821934, 745.9706972
1714373489416, 2024-04-29T06:51:29.416Z, 1095.5053242000001, 742.8496006000001
1714373489431, 2024-04-29T06:51:29.431Z, 1095.1773044, 734.9890276
1714373489447, 2024-04-29T06:51:29.447Z, 1096.4141456000002, 725.9685998000001
1714373489463, 2024-04-29T06:51:29.463Z, 1097.6570344, 716.9347922
1714373489479, 2024-04-29T06:51:29.479Z, 1098.9496044, 709.3932378000001
1714373489503, 2024-04-29T06:51:29.503Z, 1108.7989183999998, 694.8158332
1714373489515, 2024-04-29T06:51:29.515Z, 1115.511579, 685.1006588
1714373489532, 2024-04-29T06:51:29.532Z, 1120.8698504, 675.3635054
1714373489546, 2024-04-29T06:51:29.546Z, 1123.7557612, 663.5737720000001
1714373489560, 2024-04-29T06:51:29.560Z, 1125.3133276, 651.6187850000001
1714373489589, 2024-04-29T06:51:29.589Z, 1121.5926968, 645.9950676000001
1714373489604, 2024-04-29T06:51:29.604Z, 1118.4454912, 640.5309492
1714373489619, 2024-04-29T06:51:29.619Z, 1115.7506666000002, 636.2999434000001
1714373489635, 2024-04-29T06:51:29.635Z, 1115.0781642000002, 633.7186126
1714373489651, 2024-04-29T06:51:29.651Z, 1116.4403562000002, 630.7900228000001
1714373489682, 2024-04-29T06:51:29.682Z, 1118.0703635999998, 627.6819202
1714373489698, 2024-04-29T06:51:29.698Z, 1120.3695046, 625.5974060000001
1714373489713, 2024-04-29T06:51:29.713Z, 1122.7773436, 623.7100836000001
1714373489729, 2024-04-29T06:51:29.729Z, 1125.668293, 621.8577435999999
1714373489745, 2024-04-29T06:51:29.745Z, 1126.9723626, 621.5691927999999
1714373489761, 2024-04-29T06:51:29.761Z, 1127.8918222, 621.814041
1714373489777, 2024-04-29T06:51:29.777Z, 1127.4924784, 622.4295868
1714373489803, 2024-04-29T06:51:29.803Z, 1126.7159791999998, 623.1473336
1714373489825, 2024-04-29T06:51:29.825Z, 1125.767402, 625.0429828
1714373489839, 2024-04-29T06:51:29.839Z, 1126.4561864, 627.1372536000001
1714373489856, 2024-04-29T06:51:29.856Z, 1136.2137806, 626.7701962
1714373489871, 2024-04-29T06:51:29.871Z, 1146.828058, 625.806311
1714373489887, 2024-04-29T06:51:29.887Z, 1159.7836276, 625.7920236
1714373489903, 2024-04-29T06:51:29.903Z, 1172.7673338, 624.981912
1714373489919, 2024-04-29T06:51:29.919Z, 1184.6604736000002, 623.8044328
1714373489934, 2024-04-29T06:51:29.934Z, 1188.6063962, 625.1972736
1714373489953, 2024-04-29T06:51:29.953Z, 1192.0887814, 626.3369914000001
1714373489966, 2024-04-29T06:51:29.966Z, 1193.3643064, 626.4856775999999
1714373489982, 2024-04-29T06:51:29.982Z, 1189.4038072, 627.3354562000001
1714373489998, 2024-04-29T06:51:29.998Z, 1180.855057, 628.3296504
1714373490012, 2024-04-29T06:51:30.012Z, 1171.0522734, 629.0379254
1714373490027, 2024-04-29T06:51:30.027Z, 1157.3891262, 630.9801644
1714373490042, 2024-04-29T06:51:30.042Z, 1141.624286, 633.2693353999999
1714373490058, 2024-04-29T06:51:30.058Z, 1130.4102865999998, 635.2310174
1714373490075, 2024-04-29T06:51:30.075Z, 1124.5853928000001, 636.8802665999999
1714373490102, 2024-04-29T06:51:30.102Z, 1118.4541478, 638.8161944000001
1714373490122, 2024-04-29T06:51:30.122Z, 1114.3747484, 638.3919364000001
1714373490138, 2024-04-29T06:51:30.138Z, 1112.375651, 637.7131580000001
1714373490154, 2024-04-29T06:51:30.154Z, 1110.3221188, 636.4329192000001
1714373490170, 2024-04-29T06:51:30.170Z, 1107.1943776, 635.6408687999999
1714373490186, 2024-04-29T06:51:30.186Z, 1104.5377962, 635.4300626
1714373490201, 2024-04-29T06:51:30.201Z, 1103.6815887999999, 637.0398941999999
1714373490219, 2024-04-29T06:51:30.219Z, 1102.6498502, 639.7835824
1714373490234, 2024-04-29T06:51:30.234Z, 1101.9684388, 642.9826624
1714373490253, 2024-04-29T06:51:30.253Z, 1100.7896922, 646.477683
1714373490267, 2024-04-29T06:51:30.267Z, 1099.4771884, 649.651663
1714373490280, 2024-04-29T06:51:30.280Z, 1098.8882154, 651.0513015999999
1714373490296, 2024-04-29T06:51:30.296Z, 1099.3671306, 651.1749491999999
1714373490312, 2024-04-29T06:51:30.312Z, 1099.5747654000002, 651.3459084
1714373490327, 2024-04-29T06:51:30.327Z, 1100.1235471999998, 650.9388197999999
1714373490344, 2024-04-29T06:51:30.344Z, 1101.1125306, 650.0925801999999
1714373490359, 2024-04-29T06:51:30.359Z, 1101.8705702, 650.550114
1714373490375, 2024-04-29T06:51:30.375Z, 1102.3833066, 651.2440892
1714373490403, 2024-04-29T06:51:30.403Z, 1103.761753, 653.4853483999999
1714373490415, 2024-04-29T06:51:30.415Z, 1105.7692321999998, 656.3387776
1714373490432, 2024-04-29T06:51:30.432Z, 1107.6450851999998, 659.1006576
1714373490450, 2024-04-29T06:51:30.450Z, 1109.8619288, 662.0074563999999
1714373490460, 2024-04-29T06:51:30.460Z, 1111.5721656, 665.1818764
1714373490477, 2024-04-29T06:51:30.477Z, 1112.8509067999998, 666.8077592
1714373490492, 2024-04-29T06:51:30.492Z, 1113.3154778, 667.4066378
1714373490517, 2024-04-29T06:51:30.517Z, 1113.6562846, 667.5834492
1714373490532, 2024-04-29T06:51:30.532Z, 1112.9263729999998, 667.904812
1714373490557, 2024-04-29T06:51:30.557Z, 1111.9649648, 667.4219836
1714373490567, 2024-04-29T06:51:30.567Z, 1111.202207, 666.6945358
1714373490583, 2024-04-29T06:51:30.583Z, 1110.9544001999998, 666.4627066
1714373490597, 2024-04-29T06:51:30.597Z, 1111.0014862, 666.430709
1714373490612, 2024-04-29T06:51:30.612Z, 1112.2153309999999, 666.3369324
1714373490628, 2024-04-29T06:51:30.628Z, 1113.4111738, 667.1025379999999
1714373490643, 2024-04-29T06:51:30.643Z, 1114.0676774, 668.7263340000001
1714373490658, 2024-04-29T06:51:30.658Z, 1114.8665902, 669.5267117999999
1714373490674, 2024-04-29T06:51:30.674Z, 1116.8240322, 670.5265952
1714373490704, 2024-04-29T06:51:30.704Z, 1117.1850598, 671.6344144000001
1714373490720, 2024-04-29T06:51:30.720Z, 1118.4236668, 671.3562421999999
1714373490736, 2024-04-29T06:51:30.736Z, 1115.6155292, 670.0905941999999
1714373490752, 2024-04-29T06:51:30.752Z, 1108.3306524000002, 669.5777429999999
1714373490767, 2024-04-29T06:51:30.767Z, 1100.1236514, 668.9307844
1714373490784, 2024-04-29T06:51:30.784Z, 1092.5342084000001, 667.6785298
1714373490799, 2024-04-29T06:51:30.799Z, 1084.9375878, 666.5346099999999
1714373490815, 2024-04-29T06:51:30.815Z, 1081.6927018, 665.6259249999999
1714373490830, 2024-04-29T06:51:30.830Z, 1082.227933, 664.6154676
1714373490854, 2024-04-29T06:51:30.854Z, 1084.1673735999998, 662.3280892
1714373490865, 2024-04-29T06:51:30.865Z, 1086.4815186, 660.569639
1714373490882, 2024-04-29T06:51:30.882Z, 1087.7737976, 661.6246266
1714373490900, 2024-04-29T06:51:30.900Z, 1088.8917856, 662.4846829999999
1714373490915, 2024-04-29T06:51:30.915Z, 1090.0486892000001, 663.5317686000001
1714373490939, 2024-04-29T06:51:30.939Z, 1089.2317233999997, 667.6867
1714373490955, 2024-04-29T06:51:30.955Z, 1092.0705288000001, 669.604993
1714373490972, 2024-04-29T06:51:30.972Z, 1096.0156376, 669.5691268
1714373491003, 2024-04-29T06:51:31.003Z, 1100.7145132, 669.7397422000001
1714373491017, 2024-04-29T06:51:31.017Z, 1105.7402465999999, 669.8492148
1714373491033, 2024-04-29T06:51:31.033Z, 1109.6856594, 668.5968581999999
1714373491048, 2024-04-29T06:51:31.048Z, 1109.6377516, 669.2140596
1714373491063, 2024-04-29T06:51:31.063Z, 1108.879075, 669.6821006
1714373491080, 2024-04-29T06:51:31.080Z, 1107.1834979999999, 670.152568
1714373491095, 2024-04-29T06:51:31.095Z, 1104.8148196000002, 670.3742942
1714373491111, 2024-04-29T06:51:31.111Z, 1103.4742582, 669.8244404
1714373491127, 2024-04-29T06:51:31.127Z, 1102.2489548, 670.127124
1714373491153, 2024-04-29T06:51:31.153Z, 1103.1698464, 674.4366938000001
1714373491189, 2024-04-29T06:51:31.189Z, 1104.2350534, 681.3087174
1714373491205, 2024-04-29T06:51:31.205Z, 1154.9707024, 704.0713742
1714373491221, 2024-04-29T06:51:31.221Z, 1210.1510851999997, 728.0314648
1714373491238, 2024-04-29T06:51:31.238Z, 1266.6512544000002, 751.4807046
1714373491253, 2024-04-29T06:51:31.253Z, 1324.0726852, 771.7961454
1714373491285, 2024-04-29T06:51:31.285Z, 1395.571594, 793.7225643999999
1714373491303, 2024-04-29T06:51:31.303Z, 1423.2141755999999, 803.0479858000001
1714373491316, 2024-04-29T06:51:31.316Z, 1446.2327094, 811.8934072
1714373491333, 2024-04-29T06:51:31.333Z, 1468.8603209999999, 820.4328824
1714373491347, 2024-04-29T06:51:31.347Z, 1488.5878416, 826.4696392
1714373491363, 2024-04-29T06:51:31.363Z, 1494.0328996, 827.9590610000001
1714373491379, 2024-04-29T06:51:31.379Z, 1492.4156859999998, 826.5803306
1714373491394, 2024-04-29T06:51:31.394Z, 1489.1165345999998, 825.900073
1714373491409, 2024-04-29T06:51:31.409Z, 1482.150654, 826.167202
1714373491425, 2024-04-29T06:51:31.425Z, 1472.797975, 829.2853671999999
1714373491451, 2024-04-29T06:51:31.451Z, 1461.9702066, 834.1662423999999
1714373491467, 2024-04-29T06:51:31.467Z, 1453.1228002, 839.6293878
1714373491504, 2024-04-29T06:51:31.504Z, 1446.1076082, 843.5258734000001
1714373491520, 2024-04-29T06:51:31.520Z, 1437.6401625999997, 842.8587384
1714373491535, 2024-04-29T06:51:31.535Z, 1397.7782232000002, 825.3272120000001
1714373491550, 2024-04-29T06:51:31.550Z, 1280.5893322, 765.4705120000001
1714373491566, 2024-04-29T06:51:31.566Z, 1078.9352000000001, 659.839461
1714373491582, 2024-04-29T06:51:31.582Z, 867.3185844, 551.6847974
1714373491603, 2024-04-29T06:51:31.603Z, 640.8205324, 437.82611660000003
1714373491617, 2024-04-29T06:51:31.617Z, 431.11924179999994, 333.17025219999994