1714633535547, 2024-05-02T07:05:35.547Z, 436.180347, 474.444075
1714633535562, 2024-05-02T07:05:35.562Z, 433.05087000000003, 476.494721
1714633535578, 2024-05-02T07:05:35.578Z, 450.7178916666667, 475.91930566666673
1714633535593, 2024-05-02T07:05:35.593Z, 440.89958475000003, 477.36109575
1714633535609, 2024-05-02T07:05:35.609Z, 436.29473740000003, 477.9455866
1714633535624, 2024-05-02T07:05:35.624Z, 438.3273452, 477.5917224000001
1714633535639, 2024-05-02T07:05:35.639Z, 434.4085086, 478.1436984
1714633535664, 2024-05-02T07:05:35.664Z, 425.29074959999997, 479.23535839999994
1714633535678, 2024-05-02T07:05:35.678Z, 427.5992562, 479.4182786
1714633535691, 2024-05-02T07:05:35.691Z, 431.2921614, 476.8329146
1714633535708, 2024-05-02T07:05:35.708Z, 430.1693518, 475.4679054
1714633535724, 2024-05-02T07:05:35.724Z, 422.6124126000001, 475.2197021999999
1714633535735, 2024-05-02T07:05:35.735Z, 414.4421122, 473.9081238
1714633535752, 2024-05-02T07:05:35.752Z, 411.1236192, 471.6425798
1714633535768, 2024-05-02T07:05:35.768Z, 398.7270026, 474.2681622
1714633535781, 2024-05-02T07:05:35.781Z, 388.3742544, 477.20018059999995
1714633535814, 2024-05-02T07:05:35.814Z, 383.86015000000003, 478.8571476
1714633535825, 2024-05-02T07:05:35.825Z, 379.38156259999994, 480.5967616
1714633535843, 2024-05-02T07:05:35.843Z, 367.43006060000005, 481.46100420000005
1714633535860, 2024-05-02T07:05:35.860Z, 336.6826778, 483.11776399999997
1714633535873, 2024-05-02T07:05:35.873Z, 305.22668480000004, 482.9759628
1714633535890, 2024-05-02T07:05:35.890Z, 279.23234560000003, 480.6174758
1714633535921, 2024-05-02T07:05:35.921Z, 238.1508484, 480.2245342
1714633535936, 2024-05-02T07:05:35.936Z, 205.8786964, 480.3938598
1714633535965, 2024-05-02T07:05:35.965Z, 213.967182, 472.53468539999994
1714633535979, 2024-05-02T07:05:35.979Z, 221.40091320000002, 465.53220839999994
1714633535996, 2024-05-02T07:05:35.996Z, 221.1227434, 462.66180180000003
1714633536015, 2024-05-02T07:05:36.015Z, 232.68831260000002, 459.0353898
1714633536047, 2024-05-02T07:05:36.047Z, 247.42502759999996, 455.23207460000003
1714633536063, 2024-05-02T07:05:36.063Z, 237.1307068, 460.08369060000007
1714633536078, 2024-05-02T07:05:36.078Z, 226.5953822, 466.47666
1714633536094, 2024-05-02T07:05:36.094Z, 214.068991, 472.5470412000001
1714633536113, 2024-05-02T07:05:36.113Z, 204.5230894, 477.20072760000005
1714633536142, 2024-05-02T07:05:36.142Z, 184.1476032, 483.8733270000001
1714633536173, 2024-05-02T07:05:36.173Z, 178.0806472, 485.28566520000004
1714633536188, 2024-05-02T07:05:36.188Z, 167.371184, 488.30402119999997
1714633536203, 2024-05-02T07:05:36.203Z, 177.01933660000003, 492.8293576
1714633536235, 2024-05-02T07:05:36.235Z, 172.3272914, 506.30994119999997
1714633536249, 2024-05-02T07:05:36.249Z, 176.3312812, 520.0000163999999
1714633536265, 2024-05-02T07:05:36.265Z, 173.25438520000003, 539.225829
1714633536282, 2024-05-02T07:05:36.282Z, 178.39701040000003, 554.8906888
1714633536297, 2024-05-02T07:05:36.297Z, 174.0542618, 567.0668420000001
1714633536312, 2024-05-02T07:05:36.312Z, 170.9547602, 572.9767664
1714633536329, 2024-05-02T07:05:36.329Z, 169.2980462, 576.8095994
1714633536344, 2024-05-02T07:05:36.344Z, 174.5429466, 576.4775702
1714633536360, 2024-05-02T07:05:36.360Z, 165.8318014, 579.9107428
1714633536376, 2024-05-02T07:05:36.376Z, 160.691111, 582.1086632
1714633536391, 2024-05-02T07:05:36.391Z, 166.0823728, 582.6665467999999
1714633536411, 2024-05-02T07:05:36.411Z, 181.4229254, 582.1224933999999
1714633536427, 2024-05-02T07:05:36.427Z, 201.751979, 583.0281166
1714633536443, 2024-05-02T07:05:36.443Z, 230.47101660000004, 582.4599771999999
1714633536455, 2024-05-02T07:05:36.455Z, 258.0758734, 581.786927
1714633536472, 2024-05-02T07:05:36.472Z, 286.55262819999996, 581.2835114
1714633536493, 2024-05-02T07:05:36.493Z, 300.9749766, 582.6887422
1714633536502, 2024-05-02T07:05:36.502Z, 309.9195206, 582.5610766
1714633536517, 2024-05-02T07:05:36.517Z, 323.4497576, 580.4379534000001
1714633536536, 2024-05-02T07:05:36.536Z, 328.73399759999995, 578.608478
1714633536564, 2024-05-02T07:05:36.564Z, 335.4285442, 576.6622027999999
1714633536579, 2024-05-02T07:05:36.579Z, 338.63192399999997, 575.1130258
1714633536595, 2024-05-02T07:05:36.595Z, 338.0375424, 574.1679246
1714633536611, 2024-05-02T07:05:36.611Z, 335.510016, 574.1297188
1714633536627, 2024-05-02T07:05:36.627Z, 333.7217332, 574.3810283999999
1714633536643, 2024-05-02T07:05:36.643Z, 329.7742372, 574.9298667999999
1714633536658, 2024-05-02T07:05:36.658Z, 330.7270806, 574.9861776
1714633536673, 2024-05-02T07:05:36.673Z, 324.2503448, 577.6698292
1714633536689, 2024-05-02T07:05:36.689Z, 319.356078, 580.2640792
1714633536714, 2024-05-02T07:05:36.714Z, 319.7427498, 583.2842148
1714633536725, 2024-05-02T07:05:36.725Z, 322.505734, 584.9218841999999
1714633536742, 2024-05-02T07:05:36.742Z, 324.58547839999994, 585.9114372
1714633536758, 2024-05-02T07:05:36.758Z, 327.964478, 583.4947338
1714633536770, 2024-05-02T07:05:36.770Z, 332.9747876, 579.1393036
1714633536787, 2024-05-02T07:05:36.787Z, 343.3644236, 572.6180568
1714633536803, 2024-05-02T07:05:36.803Z, 340.1928082, 571.4324806
1714633536821, 2024-05-02T07:05:36.821Z, 338.858294, 570.3994559999999
1714633536844, 2024-05-02T07:05:36.844Z, 347.8086806, 569.8305682
1714633536861, 2024-05-02T07:05:36.861Z, 366.4651374, 569.7370692
1714633536881, 2024-05-02T07:05:36.881Z, 394.6425084, 571.9228092
1714633536895, 2024-05-02T07:05:36.895Z, 425.31551499999995, 570.5605968
1714633536921, 2024-05-02T07:05:36.921Z, 453.3270112, 569.4468047999999
1714633536937, 2024-05-02T07:05:36.937Z, 482.40912180000004, 569.3680678
1714633536952, 2024-05-02T07:05:36.952Z, 472.2627318, 575.7102662000001
1714633536968, 2024-05-02T07:05:36.968Z, 449.562544, 580.1709452000001
1714633536984, 2024-05-02T07:05:36.984Z, 438.0139048, 582.3018554
1714633537000, 2024-05-02T07:05:37.000Z, 418.98525199999995, 586.678184
1714633537016, 2024-05-02T07:05:37.016Z, 410.64140280000004, 586.3679516
1714633537032, 2024-05-02T07:05:37.032Z, 429.7985248, 579.0292509999999
1714633537048, 2024-05-02T07:05:37.048Z, 453.9795566000001, 573.3625436
1714633537064, 2024-05-02T07:05:37.064Z, 473.04376900000005, 568.923955
1714633537080, 2024-05-02T07:05:37.080Z, 493.62299, 565.3161232
1714633537096, 2024-05-02T07:05:37.096Z, 503.6386780000001, 565.2108684
1714633537112, 2024-05-02T07:05:37.112Z, 511.186081, 567.2794852
1714633537126, 2024-05-02T07:05:37.126Z, 504.26175220000005, 569.9957462
1714633537142, 2024-05-02T07:05:37.142Z, 499.8117072, 572.6385005999999
1714633537164, 2024-05-02T07:05:37.164Z, 495.648921, 572.4555919999999
1714633537180, 2024-05-02T07:05:37.180Z, 490.4534516, 571.4739258
1714633537204, 2024-05-02T07:05:37.204Z, 489.05315499999995, 572.6954594
1714633537219, 2024-05-02T07:05:37.219Z, 490.385255, 573.3466968
1714633537235, 2024-05-02T07:05:37.235Z, 491.02102160000004, 574.4863956
1714633537250, 2024-05-02T07:05:37.250Z, 499.61042699999996, 576.0643662
1714633537265, 2024-05-02T07:05:37.265Z, 491.0696368, 580.2411142
1714633537281, 2024-05-02T07:05:37.281Z, 481.50360220000005, 581.7347624
1714633537297, 2024-05-02T07:05:37.297Z, 477.99239179999995, 582.0461674000001
1714633537313, 2024-05-02T07:05:37.313Z, 484.5324508, 580.4586201999999
1714633537330, 2024-05-02T07:05:37.330Z, 508.5708128, 577.2686965999999
1714633537345, 2024-05-02T07:05:37.345Z, 544.7227508, 573.8214333999999
1714633537361, 2024-05-02T07:05:37.361Z, 580.9900808, 570.5884092
1714633537376, 2024-05-02T07:05:37.376Z, 621.8871476, 568.1998136
1714633537392, 2024-05-02T07:05:37.392Z, 651.1836342, 567.1115464
1714633537407, 2024-05-02T07:05:37.407Z, 662.9033158, 566.7333086000001
1714633537429, 2024-05-02T07:05:37.429Z, 677.4131964000001, 565.2561529999999
1714633537439, 2024-05-02T07:05:37.439Z, 686.1955874, 565.9416344
1714633537463, 2024-05-02T07:05:37.463Z, 695.0929506, 564.092207
1714633537486, 2024-05-02T07:05:37.486Z, 698.6613362, 564.105526
1714633537501, 2024-05-02T07:05:37.501Z, 703.6323848, 564.514456
1714633537517, 2024-05-02T07:05:37.517Z, 709.4191126, 564.6040112000001
1714633537533, 2024-05-02T07:05:37.533Z, 715.3999142, 563.4128372
1714633537548, 2024-05-02T07:05:37.548Z, 691.2158516000001, 565.8649118000001
1714633537564, 2024-05-02T07:05:37.564Z, 660.5037898, 568.2819474
1714633537579, 2024-05-02T07:05:37.579Z, 558.9096078, 577.2438936000001
1714633537595, 2024-05-02T07:05:37.595Z, 454.58333059999995, 586.103672
1714633537626, 2024-05-02T07:05:37.626Z, 349.6826218, 594.6504116
1714633537642, 2024-05-02T07:05:37.642Z, 272.0482488, 602.716548
1714633537657, 2024-05-02T07:05:37.657Z, 199.64094319999998, 614.6364584
1714633537672, 2024-05-02T07:05:37.672Z, 196.4124056, 620.310599
1714633537704, 2024-05-02T07:05:37.704Z, 191.8063646, 627.363882
1714633537720, 2024-05-02T07:05:37.720Z, 196.1628384, 633.54039
1714633537735, 2024-05-02T07:05:37.735Z, 199.2983944, 638.1585294
1714633537761, 2024-05-02T07:05:37.761Z, 209.5485096, 636.9305696
1714633537777, 2024-05-02T07:05:37.777Z, 230.26668460000002, 631.3110112
1714633537793, 2024-05-02T07:05:37.793Z, 246.4696206, 625.5760428
1714633537805, 2024-05-02T07:05:37.805Z, 250.9968524, 620.7342394
1714633537822, 2024-05-02T07:05:37.822Z, 259.5938728, 614.3164026000001
1714633537838, 2024-05-02T07:05:37.838Z, 248.73783640000002, 613.2756626
1714633537850, 2024-05-02T07:05:37.850Z, 223.9955798, 616.7886698
1714633537867, 2024-05-02T07:05:37.867Z, 214.5736128, 617.6252482
1714633537883, 2024-05-02T07:05:37.883Z, 209.6267042, 618.575786
1714633537914, 2024-05-02T07:05:37.914Z, 219.73823980000003, 617.8449134
1714633537928, 2024-05-02T07:05:37.928Z, 245.5095052, 614.48961
1714633537944, 2024-05-02T07:05:37.944Z, 273.3211042, 611.7016324
1714633537960, 2024-05-02T07:05:37.960Z, 295.22145820000003, 610.5405166
1714633537976, 2024-05-02T07:05:37.976Z, 295.541779, 613.3348228
1714633537988, 2024-05-02T07:05:37.988Z, 282.8914062, 617.8911382
1714633538005, 2024-05-02T07:05:38.005Z, 277.0160912, 619.9051716000001
1714633538022, 2024-05-02T07:05:38.022Z, 272.0983364, 620.4829188
1714633538033, 2024-05-02T07:05:38.033Z, 275.413089, 619.247998
1714633538067, 2024-05-02T07:05:38.067Z, 299.5650424, 614.2323782
1714633538077, 2024-05-02T07:05:38.077Z, 318.8141564, 610.482938
1714633538096, 2024-05-02T07:05:38.096Z, 343.9618498, 606.2257235999999
1714633538113, 2024-05-02T07:05:38.113Z, 374.89332520000005, 603.9341837999999
1714633538122, 2024-05-02T07:05:38.122Z, 398.8174674, 602.9110614000001
1714633538142, 2024-05-02T07:05:38.142Z, 428.4922648, 600.1223732000001
1714633538158, 2024-05-02T07:05:38.158Z, 446.74773960000005, 598.9617068
1714633538170, 2024-05-02T07:05:38.170Z, 458.63520580000005, 598.2709742
1714633538184, 2024-05-02T07:05:38.184Z, 464.6509448, 595.5694932
1714633538214, 2024-05-02T07:05:38.214Z, 473.79941500000007, 591.643634
1714633538230, 2024-05-02T07:05:38.230Z, 483.0135076, 588.235402
1714633538246, 2024-05-02T07:05:38.246Z, 497.1129804, 584.6672036
1714633538261, 2024-05-02T07:05:38.261Z, 503.31409319999995, 582.2157956
1714633538276, 2024-05-02T07:05:38.276Z, 508.2358416, 576.3292956
1714633538292, 2024-05-02T07:05:38.292Z, 496.1696252, 575.6293552
1714633538307, 2024-05-02T07:05:38.307Z, 475.8154916, 577.2720496
1714633538323, 2024-05-02T07:05:38.323Z, 462.91635859999997, 576.8741488
1714633538338, 2024-05-02T07:05:38.338Z, 455.71141800000004, 576.5225682
1714633538367, 2024-05-02T07:05:38.367Z, 448.4115038, 577.7335645999999
1714633538378, 2024-05-02T07:05:38.378Z, 438.20173059999996, 578.7848888000001
1714633538390, 2024-05-02T07:05:38.390Z, 434.47861219999993, 578.4880708
1714633538407, 2024-05-02T07:05:38.407Z, 426.8299946, 579.5812458
1714633538423, 2024-05-02T07:05:38.423Z, 408.0328842, 582.4371814
1714633538439, 2024-05-02T07:05:38.439Z, 389.4184264, 587.7636596
1714633538456, 2024-05-02T07:05:38.456Z, 395.878198, 590.4195218
1714633538473, 2024-05-02T07:05:38.473Z, 409.72617900000006, 592.9061542
1714633538486, 2024-05-02T07:05:38.486Z, 430.506471, 594.8498916
1714633538514, 2024-05-02T07:05:38.514Z, 474.6732953999999, 595.339707
1714633538525, 2024-05-02T07:05:38.525Z, 525.6142471999999, 594.5210994
1714633538546, 2024-05-02T07:05:38.546Z, 561.0377004, 595.2414776
1714633538558, 2024-05-02T07:05:38.558Z, 588.4082089999999, 596.2551662
1714633538586, 2024-05-02T07:05:38.586Z, 610.014839, 597.6599669999999
1714633538601, 2024-05-02T07:05:38.601Z, 628.3951878, 597.4524994
1714633538617, 2024-05-02T07:05:38.617Z, 639.0380693999999, 598.509964
1714633538633, 2024-05-02T07:05:38.633Z, 655.0513986000001, 595.7989716
1714633538661, 2024-05-02T07:05:38.661Z, 667.0655356, 594.1333904
1714633538680, 2024-05-02T07:05:38.680Z, 676.3596719999999, 592.6444288
1714633538696, 2024-05-02T07:05:38.696Z, 675.5163458, 592.6747928
1714633538711, 2024-05-02T07:05:38.711Z, 672.9656901999999, 592.6663648
1714633538743, 2024-05-02T07:05:38.743Z, 580.7389234, 601.0261826
1714633538757, 2024-05-02T07:05:38.757Z, 486.404982, 607.9127966
1714633538772, 2024-05-02T07:05:38.772Z, 392.2291432, 614.2626146
1714633538788, 2024-05-02T07:05:38.788Z, 264.5037136, 623.6046286
1714633538832, 2024-05-02T07:05:38.832Z, 162.9448106, 629.6175338
1714633538850, 2024-05-02T07:05:38.850Z, 154.923834, 625.135822
1714633538865, 2024-05-02T07:05:38.865Z, 151.1173556, 620.4760276
1714633538881, 2024-05-02T07:05:38.881Z, 138.2964882, 620.409759
1714633538896, 2024-05-02T07:05:38.896Z, 160.1634772, 616.8926154000001
1714633538912, 2024-05-02T07:05:38.912Z, 162.94101500000002, 617.1108590000001
1714633538927, 2024-05-02T07:05:38.927Z, 156.23803979999997, 625.1907838
1714633538943, 2024-05-02T07:05:38.943Z, 152.01932100000002, 633.6774408
1714633538963, 2024-05-02T07:05:38.963Z, 160.48299079999998, 640.8435754
1714633538975, 2024-05-02T07:05:38.975Z, 173.24175300000002, 647.8416955999999
1714633538992, 2024-05-02T07:05:38.992Z, 181.5021216, 655.1154786
1714633539020, 2024-05-02T07:05:39.020Z, 186.4396046, 659.0144942
1714633539036, 2024-05-02T07:05:39.036Z, 194.7602856, 661.9243868
1714633539051, 2024-05-02T07:05:39.051Z, 206.266555, 661.1721614
1714633539067, 2024-05-02T07:05:39.067Z, 203.6485976, 661.5811845999999
1714633539086, 2024-05-02T07:05:39.086Z, 204.4624924, 660.9258563999999
1714633539111, 2024-05-02T07:05:39.111Z, 222.73751940000002, 659.2707992
1714633539127, 2024-05-02T07:05:39.127Z, 239.39627000000002, 658.522581
1714633539142, 2024-05-02T07:05:39.142Z, 245.9219364, 658.3820806000001
1714633539155, 2024-05-02T07:05:39.155Z, 256.3604674, 656.8080866
1714633539172, 2024-05-02T07:05:39.172Z, 276.1822258000001, 654.7134908
1714633539193, 2024-05-02T07:05:39.193Z, 276.3416694, 652.1450146000001
1714633539207, 2024-05-02T07:05:39.207Z, 270.16993, 648.5173057999999
1714633539222, 2024-05-02T07:05:39.222Z, 271.080907, 644.659281
1714633539238, 2024-05-02T07:05:39.238Z, 274.638142, 641.2483496
1714633539263, 2024-05-02T07:05:39.263Z, 275.6741094, 636.8579446
1714633539284, 2024-05-02T07:05:39.284Z, 282.0409782, 634.1586962
1714633539300, 2024-05-02T07:05:39.300Z, 292.923388, 632.2254656
1714633539316, 2024-05-02T07:05:39.316Z, 304.09771259999997, 630.3314148
1714633539331, 2024-05-02T07:05:39.331Z, 308.98149759999995, 629.9723234
1714633539347, 2024-05-02T07:05:39.347Z, 304.4641536, 630.942367
1714633539362, 2024-05-02T07:05:39.362Z, 304.8302318, 630.6945106000001
1714633539378, 2024-05-02T07:05:39.378Z, 295.6501594, 631.6459288
1714633539394, 2024-05-02T07:05:39.394Z, 286.98672580000004, 632.5154454
1714633539414, 2024-05-02T07:05:39.414Z, 285.0995892, 632.5662208
1714633539425, 2024-05-02T07:05:39.425Z, 286.8725084, 632.5266036
1714633539442, 2024-05-02T07:05:39.442Z, 287.407626, 633.2865432000001
1714633539458, 2024-05-02T07:05:39.458Z, 293.9480832, 633.8782092000001
1714633539474, 2024-05-02T07:05:39.474Z, 298.23178820000004, 633.2665372
1714633539507, 2024-05-02T07:05:39.507Z, 292.31764899999996, 634.2837426
1714633539519, 2024-05-02T07:05:39.519Z, 286.0820166, 634.4075794
1714633539561, 2024-05-02T07:05:39.561Z, 261.8250598, 638.2743377999999
1714633539597, 2024-05-02T07:05:39.597Z, 230.34551299999998, 642.6051018
1714633539613, 2024-05-02T07:05:39.613Z, 202.402941, 647.8832992
1714633539629, 2024-05-02T07:05:39.629Z, 183.9553904, 651.3021163999999
1714633539644, 2024-05-02T07:05:39.644Z, 161.16625000000002, 657.231826
1714633539660, 2024-05-02T07:05:39.660Z, 159.5861064, 659.500376
1714633539676, 2024-05-02T07:05:39.676Z, 174.0523082, 659.8654424
1714633539691, 2024-05-02T07:05:39.691Z, 176.2955332, 662.5514568
1714633539713, 2024-05-02T07:05:39.713Z, 188.4057166, 664.1596139999999
1714633539728, 2024-05-02T07:05:39.728Z, 195.6555534, 667.2421092
1714633539740, 2024-05-02T07:05:39.740Z, 202.63876520000002, 675.192604
1714633539757, 2024-05-02T07:05:39.757Z, 203.5177792, 685.8554826
1714633539773, 2024-05-02T07:05:39.773Z, 200.8287866, 704.5097164
1714633539785, 2024-05-02T07:05:39.785Z, 196.6970162, 724.8328491999999
1714633539802, 2024-05-02T07:05:39.802Z, 198.12759999999997, 742.6666494
1714633539823, 2024-05-02T07:05:39.823Z, 186.6888356, 756.1797416
1714633539838, 2024-05-02T07:05:39.838Z, 179.838275, 765.5862138
1714633539864, 2024-05-02T07:05:39.864Z, 179.9893162, 766.2551638
1714633539879, 2024-05-02T07:05:39.879Z, 178.996683, 764.7349452000001
1714633539894, 2024-05-02T07:05:39.894Z, 175.57421119999998, 763.7316112000001
1714633539910, 2024-05-02T07:05:39.910Z, 184.12446120000004, 766.9192366
1714633539926, 2024-05-02T07:05:39.926Z, 193.54333140000003, 770.5577053999999
1714633539941, 2024-05-02T07:05:39.941Z, 213.44901420000002, 774.2914864
1714633539957, 2024-05-02T07:05:39.957Z, 231.3115288, 779.3504414
1714633539973, 2024-05-02T07:05:39.973Z, 254.3425138, 783.7927987999999
1714633539987, 2024-05-02T07:05:39.987Z, 276.8024974, 783.3546632
1714633540011, 2024-05-02T07:05:40.011Z, 303.60484239999994, 783.3092214000001
1714633540030, 2024-05-02T07:05:40.030Z, 334.17819339999994, 781.1820946
1714633540043, 2024-05-02T07:05:40.043Z, 351.7037218, 780.2265529999999
1714633540059, 2024-05-02T07:05:40.059Z, 366.8597122, 779.0366852
1714633540075, 2024-05-02T07:05:40.075Z, 385.8211724, 776.591758
1714633540088, 2024-05-02T07:05:40.088Z, 376.60807420000003, 777.1857798
1714633540100, 2024-05-02T07:05:40.100Z, 359.118883, 778.7328528
1714633540120, 2024-05-02T07:05:40.120Z, 354.0607232, 778.6512951999999
1714633540137, 2024-05-02T07:05:40.137Z, 344.00710979999997, 781.0236534
1714633540163, 2024-05-02T07:05:40.163Z, 336.6086638, 783.7502314
1714633540190, 2024-05-02T07:05:40.190Z, 350.4430842, 783.6095518
1714633540206, 2024-05-02T07:05:40.206Z, 364.8458238, 783.601316
1714633540221, 2024-05-02T07:05:40.221Z, 381.32633240000007, 783.0641988
1714633540236, 2024-05-02T07:05:40.236Z, 398.43175940000003, 780.869201
1714633540254, 2024-05-02T07:05:40.254Z, 415.50662300000005, 777.6286234
1714633540268, 2024-05-02T07:05:40.268Z, 423.2541652, 776.7803446
1714633540282, 2024-05-02T07:05:40.282Z, 432.5950342, 775.5966074
1714633540314, 2024-05-02T07:05:40.314Z, 434.5686204, 775.8639896000001
1714633540330, 2024-05-02T07:05:40.330Z, 444.35697700000003, 775.5554138
1714633540346, 2024-05-02T07:05:40.346Z, 445.5187116, 777.559461
1714633540361, 2024-05-02T07:05:40.361Z, 446.7198512000001, 779.2524308
1714633540377, 2024-05-02T07:05:40.377Z, 448.21087939999995, 780.4104632000001
1714633540393, 2024-05-02T07:05:40.393Z, 449.38960499999996, 781.1987488000001
1714633540408, 2024-05-02T07:05:40.408Z, 438.56483959999997, 783.3416098
1714633540424, 2024-05-02T07:05:40.424Z, 421.52655459999994, 785.1507996
1714633540439, 2024-05-02T07:05:40.439Z, 406.2942712, 786.0701832
1714633540461, 2024-05-02T07:05:40.461Z, 389.10686339999995, 787.4441562
1714633540477, 2024-05-02T07:05:40.477Z, 366.9456772, 789.0839686
1714633540492, 2024-05-02T07:05:40.492Z, 333.8919694, 793.0001464
1714633540505, 2024-05-02T07:05:40.505Z, 314.1902954, 795.7982571999999
1714633540522, 2024-05-02T07:05:40.522Z, 304.27972580000005, 796.9709874
1714633540538, 2024-05-02T07:05:40.538Z, 281.7633304, 800.2915452
1714633540550, 2024-05-02T07:05:40.550Z, 265.0920478, 803.3426000000001
1714633540571, 2024-05-02T07:05:40.571Z, 267.60012700000004, 802.6769792
1714633540594, 2024-05-02T07:05:40.594Z, 254.84578980000006, 804.0133438
1714633540613, 2024-05-02T07:05:40.613Z, 243.4373652, 805.9156128000001
1714633540628, 2024-05-02T07:05:40.628Z, 241.0446102, 806.8475824
1714633540644, 2024-05-02T07:05:40.644Z, 241.86195179999999, 807.4558296
1714633540689, 2024-05-02T07:05:40.689Z, 249.211566, 808.6342695999999
1714633540723, 2024-05-02T07:05:40.723Z, 274.07892520000007, 808.6969579999999
1714633540737, 2024-05-02T07:05:40.737Z, 307.2564652, 807.6511072
1714633540764, 2024-05-02T07:05:40.764Z, 346.2125876, 806.3651750000001
1714633540775, 2024-05-02T07:05:40.775Z, 400.1177916, 805.9370636000001
1714633540808, 2024-05-02T07:05:40.808Z, 434.832532, 805.7332039999999
1714633540820, 2024-05-02T07:05:40.820Z, 464.90870859999995, 806.1067408
1714633540843, 2024-05-02T07:05:40.843Z, 488.0896406, 809.2162844000001
1714633540861, 2024-05-02T07:05:40.861Z, 496.41281760000004, 810.3916464
1714633540876, 2024-05-02T07:05:40.876Z, 493.099652, 809.3940074
1714633540892, 2024-05-02T07:05:40.892Z, 504.3648464, 808.176787
1714633540911, 2024-05-02T07:05:40.911Z, 513.8729912, 806.3558056
1714633540927, 2024-05-02T07:05:40.927Z, 514.09343, 802.7866386
1714633540943, 2024-05-02T07:05:40.943Z, 521.8417396, 800.942961
1714633540955, 2024-05-02T07:05:40.955Z, 521.3814232, 801.0150466
1714633540972, 2024-05-02T07:05:40.972Z, 517.9731856000001, 800.6466264000001
1714633540988, 2024-05-02T07:05:40.988Z, 493.42059559999996, 802.8025256000001
1714633541002, 2024-05-02T07:05:41.002Z, 470.2792652, 806.0873728000001
1714633541017, 2024-05-02T07:05:41.017Z, 452.134, 809.1192338000001
1714633541033, 2024-05-02T07:05:41.033Z, 431.0241452, 811.4867904
1714633541063, 2024-05-02T07:05:41.063Z, 417.74185940000007, 815.1345064
1714633541078, 2024-05-02T07:05:41.078Z, 421.1583506, 817.9692591999999
1714633541090, 2024-05-02T07:05:41.090Z, 425.5935958, 820.8339695999999
1714633541107, 2024-05-02T07:05:41.107Z, 432.043579, 823.4712252000002
1714633541123, 2024-05-02T07:05:41.123Z, 441.3535166, 827.3924726000001
1714633541135, 2024-05-02T07:05:41.135Z, 444.54879, 830.2020112
1714633541156, 2024-05-02T07:05:41.156Z, 451.5059456, 831.4311055999999
1714633541173, 2024-05-02T07:05:41.173Z, 448.37837579999996, 834.5043618
1714633541190, 2024-05-02T07:05:41.190Z, 445.6672582, 838.0438277999999
1714633541214, 2024-05-02T07:05:41.214Z, 443.60683600000004, 840.7192220000001
1714633541225, 2024-05-02T07:05:41.225Z, 443.7629154, 842.887473
1714633541242, 2024-05-02T07:05:41.242Z, 443.2564968, 845.1536892
1714633541258, 2024-05-02T07:05:41.258Z, 451.2502068, 844.6827731999999
1714633541270, 2024-05-02T07:05:41.270Z, 463.9026506, 844.7016102
1714633541287, 2024-05-02T07:05:41.287Z, 506.42515560000004, 841.0437329999999
1714633541303, 2024-05-02T07:05:41.303Z, 538.4824804, 838.5448678
1714633541316, 2024-05-02T07:05:41.316Z, 569.451671, 835.9897789999999
1714633541332, 2024-05-02T07:05:41.332Z, 604.403555, 834.383115
1714633541361, 2024-05-02T07:05:41.361Z, 636.8109919999999, 831.3921256
1714633541377, 2024-05-02T07:05:41.377Z, 642.9276351999999, 832.6496248
1714633541393, 2024-05-02T07:05:41.393Z, 649.5483852, 833.5633436
1714633541409, 2024-05-02T07:05:41.409Z, 651.0361444, 835.1097428
1714633541424, 2024-05-02T07:05:41.424Z, 653.5047056000001, 837.1243716000001
1714633541440, 2024-05-02T07:05:41.440Z, 639.4222646000001, 839.7605268
1714633541455, 2024-05-02T07:05:41.455Z, 622.7642664, 841.3867438000001
1714633541471, 2024-05-02T07:05:41.471Z, 616.5988627999999, 842.9177968
1714633541487, 2024-05-02T07:05:41.487Z, 607.2119678, 843.785407
1714633541513, 2024-05-02T07:05:41.513Z, 599.5995804, 843.2240658000001
1714633541528, 2024-05-02T07:05:41.528Z, 600.2298602000001, 842.9118421999999
1714633541545, 2024-05-02T07:05:41.545Z, 605.6739308, 842.9156444
1714633541561, 2024-05-02T07:05:41.561Z, 608.5090294, 842.4458597999999
1714633541578, 2024-05-02T07:05:41.578Z, 612.2372296, 842.7307639999999
1714633541586, 2024-05-02T07:05:41.586Z, 609.7867066, 843.8735954
1714633541602, 2024-05-02T07:05:41.602Z, 616.1162654000001, 845.8579127999999
1714633541619, 2024-05-02T07:05:41.619Z, 618.095107, 847.6456431999999
1714633541630, 2024-05-02T07:05:41.630Z, 617.3680354, 849.6185508000001
1714633541664, 2024-05-02T07:05:41.664Z, 616.3402063999999, 850.9210036000001
1714633541676, 2024-05-02T07:05:41.676Z, 616.9630976, 852.2467270000001
1714633541692, 2024-05-02T07:05:41.692Z, 606.5910016, 852.3241814
1714633541708, 2024-05-02T07:05:41.708Z, 589.2432436, 852.0951402000001
1714633541724, 2024-05-02T07:05:41.724Z, 575.4346096, 851.7993618
1714633541758, 2024-05-02T07:05:41.758Z, 561.8474536000001, 851.1111428
1714633541767, 2024-05-02T07:05:41.767Z, 549.6661178, 850.2543164000001
1714633541783, 2024-05-02T07:05:41.783Z, 541.4684264, 849.2009507999999
1714633541811, 2024-05-02T07:05:41.811Z, 549.898449, 846.1623400000001
1714633541827, 2024-05-02T07:05:41.827Z, 573.0338016000001, 840.5250976
1714633541843, 2024-05-02T07:05:41.843Z, 594.1248816, 835.2090888
1714633541859, 2024-05-02T07:05:41.859Z, 607.950791, 829.9269211999999
1714633541892, 2024-05-02T07:05:41.892Z, 630.4358926000001, 824.4981002000001
1714633541907, 2024-05-02T07:05:41.907Z, 640.8279076, 821.6594908000001
1714633541922, 2024-05-02T07:05:41.922Z, 637.2854034000001, 820.9041094
1714633541938, 2024-05-02T07:05:41.938Z, 643.0403226000001, 819.802547
1714633541963, 2024-05-02T07:05:41.963Z, 646.2843212, 809.5757234
1714633541978, 2024-05-02T07:05:41.978Z, 627.6714872, 795.6951016
1714633541990, 2024-05-02T07:05:41.990Z, 580.0591400000001, 732.7323997999999
1714633542007, 2024-05-02T07:05:42.007Z, 526.2890256000001, 672.7537841999999
1714633542023, 2024-05-02T07:05:42.023Z, 450.8703544, 602.1840608
1714633542035, 2024-05-02T07:05:42.035Z, 377.18511820000003, 529.3584442
1714633542052, 2024-05-02T07:05:42.052Z, 316.7481134000001, 459.491429
1714633542068, 2024-05-02T07:05:42.068Z, 276.9912644, 438.2460226
1714633542085, 2024-05-02T07:05:42.085Z, 240.53086119999998, 412.97517480000005
1714633542114, 2024-05-02T07:05:42.114Z, 224.50647839999996, 396.44526940000003
1714633542157, 2024-05-02T07:05:42.157Z, 218.82267040000002, 388.4986008
1714633542172, 2024-05-02T07:05:42.172Z, 204.221641, 384.64753959999996
1714633542187, 2024-05-02T07:05:42.187Z, 215.6939348, 378.8780682
1714633542202, 2024-05-02T07:05:42.202Z, 213.45842720000002, 379.189747
1714633542219, 2024-05-02T07:05:42.219Z, 215.63654840000004, 381.1554881999999
1714633542235, 2024-05-02T07:05:42.235Z, 213.33472339999997, 386.0799952
1714633542262, 2024-05-02T07:05:42.262Z, 228.61752180000002, 387.6519674
1714633542278, 2024-05-02T07:05:42.278Z, 233.8541828, 391.2008988
1714633542293, 2024-05-02T07:05:42.293Z, 246.900726, 391.060073
1714633542327, 2024-05-02T07:05:42.327Z, 262.89517, 388.1205998
1714633542343, 2024-05-02T07:05:42.343Z, 275.3729552, 384.7090792
1714633542359, 2024-05-02T07:05:42.359Z, 267.02492559999996, 384.21498499999996
1714633542376, 2024-05-02T07:05:42.376Z, 264.4723062, 380.4944044
1714633542390, 2024-05-02T07:05:42.390Z, 263.26139539999997, 374.2045532
1714633542414, 2024-05-02T07:05:42.414Z, 265.1402062, 368.95393679999995
1714633542428, 2024-05-02T07:05:42.428Z, 265.72768800000006, 364.6996354
1714633542442, 2024-05-02T07:05:42.442Z, 284.3659056, 356.5756184
1714633542458, 2024-05-02T07:05:42.458Z, 297.7652536, 350.9705313999999
1714633542485, 2024-05-02T07:05:42.485Z, 302.1669556, 347.251016
1714633542500, 2024-05-02T07:05:42.500Z, 300.24475220000005, 345.4454018
1714633542515, 2024-05-02T07:05:42.515Z, 303.0411546, 342.3908526
1714633542530, 2024-05-02T07:05:42.530Z, 292.8660798, 344.23480000000006
1714633542545, 2024-05-02T07:05:42.545Z, 283.9332482, 345.02286
1714633542567, 2024-05-02T07:05:42.567Z, 283.3960752, 345.5614268
1714633542593, 2024-05-02T07:05:42.593Z, 293.679759, 344.9114834
1714633542609, 2024-05-02T07:05:42.609Z, 299.04591200000004, 345.0208356
1714633542624, 2024-05-02T07:05:42.624Z, 313.889152, 341.05356
1714633542640, 2024-05-02T07:05:42.640Z, 330.8893998, 338.1991052
1714633542655, 2024-05-02T07:05:42.655Z, 336.84333460000005, 335.4763088
1714633542671, 2024-05-02T07:05:42.671Z, 327.77144599999997, 333.7969516
1714633542687, 2024-05-02T07:05:42.687Z, 325.8745026, 331.1560832
1714633542712, 2024-05-02T07:05:42.712Z, 335.6253656, 327.2737796
1714633542728, 2024-05-02T07:05:42.728Z, 344.1248908, 321.11865339999997
1714633542744, 2024-05-02T07:05:42.744Z, 354.019693, 313.056477
1714633542756, 2024-05-02T07:05:42.756Z, 366.0465732, 305.03460559999996
1714633542773, 2024-05-02T07:05:42.773Z, 385.67333199999996, 297.07365539999995
1714633542789, 2024-05-02T07:05:42.789Z, 382.08367039999996, 290.6047402
1714633542801, 2024-05-02T07:05:42.801Z, 369.6142928, 285.7779984
1714633542818, 2024-05-02T07:05:42.818Z, 372.2809698, 282.04491199999995
1714633542834, 2024-05-02T07:05:42.834Z, 366.9370344, 277.9574816
1714633542869, 2024-05-02T07:05:42.869Z, 353.6760346, 271.116115
1714633542879, 2024-05-02T07:05:42.879Z, 345.225324, 265.4938034
1714633542891, 2024-05-02T07:05:42.891Z, 344.94593240000006, 260.4393884
1714633542911, 2024-05-02T07:05:42.911Z, 345.2929868, 256.12871459999997
1714633542924, 2024-05-02T07:05:42.924Z, 341.5997334, 254.5423496
1714633542937, 2024-05-02T07:05:42.937Z, 336.9153306, 256.5605672
1714633542966, 2024-05-02T07:05:42.966Z, 340.08850160000003, 257.2328268
1714633542981, 2024-05-02T07:05:42.981Z, 334.63688579999996, 259.153659
1714633542997, 2024-05-02T07:05:42.997Z, 329.505225, 260.2871548
1714633543014, 2024-05-02T07:05:43.014Z, 340.8336018, 257.58115100000003
1714633543028, 2024-05-02T07:05:43.028Z, 347.72839319999997, 253.13191859999998
1714633543043, 2024-05-02T07:05:43.043Z, 339.3546576, 251.28902820000002
1714633543059, 2024-05-02T07:05:43.059Z, 333.5135934, 249.2278006
1714633543075, 2024-05-02T07:05:43.075Z, 324.9493074, 247.73148520000004
1714633543090, 2024-05-02T07:05:43.090Z, 310.9827156, 246.44245500000002
1714633543106, 2024-05-02T07:05:43.106Z, 297.71228499999995, 247.01524680000003
1714633543121, 2024-05-02T07:05:43.121Z, 296.07465, 247.069406
1714633543137, 2024-05-02T07:05:43.137Z, 295.01504059999996, 247.05994220000002
1714633543163, 2024-05-02T07:05:43.163Z, 294.14700200000004, 247.0382654
1714633543179, 2024-05-02T07:05:43.179Z, 293.10647359999996, 248.77238859999997
1714633543195, 2024-05-02T07:05:43.195Z, 288.3765246, 247.3273578
1714633543207, 2024-05-02T07:05:43.207Z, 282.5265022, 246.226963
1714633543224, 2024-05-02T07:05:43.224Z, 295.0032556, 264.30189260000003
1714633543240, 2024-05-02T07:05:43.240Z, 300.1982314, 291.2849302
1714633543269, 2024-05-02T07:05:43.269Z, 313.4653684, 316.10905540000005
1714633543285, 2024-05-02T07:05:43.285Z, 332.230509, 346.143602
1714633543315, 2024-05-02T07:05:43.315Z, 358.7289614, 375.592107
1714633543328, 2024-05-02T07:05:43.328Z, 363.33482100000003, 386.1398106
1714633543358, 2024-05-02T07:05:43.358Z, 380.100875, 386.1412408
1714633543373, 2024-05-02T07:05:43.373Z, 380.3873378, 388.15058120000003
1714633543403, 2024-05-02T07:05:43.403Z, 385.9333822, 387.593478
1714633543418, 2024-05-02T07:05:43.418Z, 397.2097142, 385.2983864
1714633543431, 2024-05-02T07:05:43.431Z, 418.6819536, 381.9869176
1714633543468, 2024-05-02T07:05:43.468Z, 427.3256052, 382.4289538
1714633543477, 2024-05-02T07:05:43.477Z, 444.9045902, 382.729146
1714633543493, 2024-05-02T07:05:43.493Z, 463.6646081999999, 383.4573856
1714633543509, 2024-05-02T07:05:43.509Z, 470.53885039999994, 384.471838
1714633543525, 2024-05-02T07:05:43.525Z, 473.58231340000003, 385.6446502
1714633543540, 2024-05-02T07:05:43.540Z, 489.541737, 384.5405632
1714633543556, 2024-05-02T07:05:43.556Z, 493.51576939999995, 385.4982592
1714633543571, 2024-05-02T07:05:43.571Z, 492.1995295999999, 385.7864012
1714633543586, 2024-05-02T07:05:43.586Z, 492.7096096, 385.5508626
1714633543612, 2024-05-02T07:05:43.612Z, 501.569143, 383.48855100000003
1714633543628, 2024-05-02T07:05:43.628Z, 510.73840600000005, 381.300964
1714633543643, 2024-05-02T07:05:43.643Z, 527.5460158, 378.2150354
1714633543655, 2024-05-02T07:05:43.655Z, 534.5764697999999, 377.0861846
1714633543673, 2024-05-02T07:05:43.673Z, 549.5149324, 373.142292
1714633543688, 2024-05-02T07:05:43.688Z, 553.9128189999999, 370.0490824
1714633543700, 2024-05-02T07:05:43.700Z, 546.250745, 368.6362006
1714633543733, 2024-05-02T07:05:43.733Z, 469.2890902000001, 373.3502692
1714633543778, 2024-05-02T07:05:43.778Z, 379.506452, 378.62884599999995
1714633543791, 2024-05-02T07:05:43.791Z, 314.6211484, 383.66645179999995
1714633543823, 2024-05-02T07:05:43.823Z, 241.1243832, 388.07239699999997
1714633543836, 2024-05-02T07:05:43.836Z, 188.26353720000003, 386.26822519999996
1714633543853, 2024-05-02T07:05:43.853Z, 210.76252800000003, 376.7857662
1714633543868, 2024-05-02T07:05:43.868Z, 242.53495119999997, 368.7031374
1714633543880, 2024-05-02T07:05:43.880Z, 246.261112, 363.4755052
1714633543914, 2024-05-02T07:05:43.914Z, 251.5251758, 361.0849174
1714633543925, 2024-05-02T07:05:43.925Z, 248.28894320000003, 362.2513416
1714633543963, 2024-05-02T07:05:43.963Z, 262.9566698, 365.0542786
1714633543975, 2024-05-02T07:05:43.975Z, 300.836681, 362.8013666
1714633544003, 2024-05-02T07:05:44.003Z, 408.72578480000004, 396.87258199999997
1714633544018, 2024-05-02T07:05:44.018Z, 545.802311, 438.3189593999999
1714633544066, 2024-05-02T07:05:44.066Z, 706.1482508, 496.53815960000003
1714633544078, 2024-05-02T07:05:44.078Z, 874.3607543999999, 492.22381800000005
1714633544094, 2024-05-02T07:05:44.094Z, 1024.6000364, 491.5968062
1714633544109, 2024-05-02T07:05:44.109Z, 1092.0562891999998, 456.9669169999999
1714633544124, 2024-05-02T07:05:44.124Z, 1149.056855, 409.56899060000006
1714633544143, 2024-05-02T07:05:44.143Z, 1173.3572206000001, 348.73945820000006
1714633544155, 2024-05-02T07:05:44.155Z, 1169.2245842, 349.6917974
1714633544171, 2024-05-02T07:05:44.171Z, 1174.8438036, 354.2783054
1714633544187, 2024-05-02T07:05:44.187Z, 1186.148207, 358.180409
1714633544215, 2024-05-02T07:05:44.215Z, 1186.3856543999998, 369.286891
1714633544229, 2024-05-02T07:05:44.229Z, 1188.6312414, 380.01652320000005
1714633544242, 2024-05-02T07:05:44.242Z, 1190.0888596, 392.1490892
1714633544261, 2024-05-02T07:05:44.261Z, 1189.0514274000002, 402.29519859999994
1714633544274, 2024-05-02T07:05:44.274Z, 1186.198476, 413.1376074
1714633544287, 2024-05-02T07:05:44.287Z, 1179.467242, 421.81719939999994
1714633544304, 2024-05-02T07:05:44.304Z, 1179.6251908000002, 424.6426654
1714633544319, 2024-05-02T07:05:44.319Z, 1173.5931778, 419.9850786
1714633544335, 2024-05-02T07:05:44.335Z, 1164.5706863999999, 407.1282558
1714633544365, 2024-05-02T07:05:44.365Z, 1156.2419288, 386.4886052
1714633544377, 2024-05-02T07:05:44.377Z, 1151.1951706, 365.85563379999996
1714633544396, 2024-05-02T07:05:44.396Z, 1143.3666894, 348.01218900000003
1714633544409, 2024-05-02T07:05:44.409Z, 1145.6879967999998, 337.052122
1714633544424, 2024-05-02T07:05:44.424Z, 1145.5663582, 331.0908542
1714633544439, 2024-05-02T07:05:44.439Z, 1148.3874562, 332.838009
1714633544455, 2024-05-02T07:05:44.455Z, 1150.4019821999998, 334.670664
1714633544470, 2024-05-02T07:05:44.470Z, 1149.5119906, 338.42130319999995
1714633544485, 2024-05-02T07:05:44.485Z, 1156.9126116, 335.345521
1714633544514, 2024-05-02T07:05:44.514Z, 1168.176159, 331.710611
1714633544528, 2024-05-02T07:05:44.528Z, 1174.9350221999998, 328.3845448
1714633544544, 2024-05-02T07:05:44.544Z, 1184.6749586, 322.4944934
1714633544556, 2024-05-02T07:05:44.556Z, 1196.8247944, 315.7967626
1714633544593, 2024-05-02T07:05:44.593Z, 1199.0685266, 316.485488
1714633544610, 2024-05-02T07:05:44.610Z, 1206.5767443999998, 321.056269
1714633544643, 2024-05-02T07:05:44.643Z, 1220.5440913999998, 324.9232898
1714633544664, 2024-05-02T07:05:44.664Z, 1241.8465351999998, 328.3144856
1714633544679, 2024-05-02T07:05:44.679Z, 1277.9950752, 326.40190520000004
1714633544692, 2024-05-02T07:05:44.692Z, 1310.2598816, 325.51971540000005
1714633544709, 2024-05-02T07:05:44.709Z, 1331.7775117999997, 324.22581560000003
1714633544727, 2024-05-02T07:05:44.727Z, 1351.7602472, 321.56587820000004
1714633544769, 2024-05-02T07:05:44.769Z, 1361.1552274, 321.6330972
1714633544784, 2024-05-02T07:05:44.784Z, 1352.6035804000003, 328.2097748
1714633544816, 2024-05-02T07:05:44.816Z, 1345.8867986, 330.5261792
1714633544831, 2024-05-02T07:05:44.831Z, 1340.662014, 330.84439720000006
1714633544863, 2024-05-02T07:05:44.863Z, 1335.3643470000002, 330.2112506
1714633544877, 2024-05-02T07:05:44.877Z, 1326.25567, 328.93909279999997
1714633544893, 2024-05-02T07:05:44.893Z, 1317.5208018, 326.4995636
1714633544909, 2024-05-02T07:05:44.909Z, 1319.0398247999997, 324.9118452
1714633544925, 2024-05-02T07:05:44.925Z, 1317.8513930000001, 324.63481119999994
1714633544940, 2024-05-02T07:05:44.940Z, 1322.3519442000002, 323.5597554
1714633544963, 2024-05-02T07:05:44.963Z, 1326.0688536, 325.017327
1714633544994, 2024-05-02T07:05:44.994Z, 1328.0229128, 328.60759879999995
1714633545006, 2024-05-02T07:05:45.006Z, 1317.7255434, 330.9920254
1714633545039, 2024-05-02T07:05:45.039Z, 1326.4001486000002, 327.8688564
1714633545071, 2024-05-02T07:05:45.071Z, 1347.2682166, 320.82598799999994
1714633545085, 2024-05-02T07:05:45.085Z, 1367.5276798, 312.0465894
1714633545114, 2024-05-02T07:05:45.114Z, 1399.7163436, 299.64640199999997
1714633545129, 2024-05-02T07:05:45.129Z, 1426.298577, 291.78750840000004
1714633545141, 2024-05-02T07:05:45.141Z, 1429.0984722, 291.9082614
1714633545158, 2024-05-02T07:05:45.158Z, 1414.1218416000002, 296.839824
1714633545174, 2024-05-02T07:05:45.174Z, 1413.130289, 303.6950354
1714633545189, 2024-05-02T07:05:45.189Z, 1410.4820909999999, 314.87530159999994
1714633545220, 2024-05-02T07:05:45.220Z, 1418.3157862, 323.31457240000003
1714633545236, 2024-05-02T07:05:45.236Z, 1438.0501368, 328.1405432
1714633545266, 2024-05-02T07:05:45.266Z, 1463.4900058, 333.2031714
1714633545282, 2024-05-02T07:05:45.282Z, 1477.040778, 338.2949108
1714633545314, 2024-05-02T07:05:45.314Z, 1489.725611, 340.99978419999997
1714633545330, 2024-05-02T07:05:45.330Z, 1519.9780458, 337.221994
1714633545345, 2024-05-02T07:05:45.345Z, 1548.8082512, 331.4308048
1714633545361, 2024-05-02T07:05:45.361Z, 1565.228219, 327.52300479999997
1714633545376, 2024-05-02T07:05:45.376Z, 1577.5442176000001, 323.248013
1714633545392, 2024-05-02T07:05:45.392Z, 1578.7652395999999, 320.10565560000003
1714633545414, 2024-05-02T07:05:45.414Z, 1548.3204916, 326.8960534000001
1714633545444, 2024-05-02T07:05:45.444Z, 1517.7351938, 334.2522338
1714633545457, 2024-05-02T07:05:45.457Z, 1489.0438277999997, 342.0764502
1714633545492, 2024-05-02T07:05:45.492Z, 1481.2728002, 344.17607239999995
1714633545502, 2024-05-02T07:05:45.502Z, 1474.4629916, 346.9252356
1714633545518, 2024-05-02T07:05:45.518Z, 1475.1336909999998, 348.5890836
1714633545534, 2024-05-02T07:05:45.534Z, 1484.315602, 348.9948066
1714633545578, 2024-05-02T07:05:45.578Z, 1507.1380548, 346.4884582000001
1714633545609, 2024-05-02T07:05:45.609Z, 1543.5710989999998, 340.0735444
1714633545625, 2024-05-02T07:05:45.625Z, 1584.2013112, 331.80880160000004
1714633545641, 2024-05-02T07:05:45.641Z, 1631.3304144, 320.8469478
1714633545657, 2024-05-02T07:05:45.657Z, 1671.6312299999997, 310.7707334
1714633545673, 2024-05-02T07:05:45.673Z, 1687.7666366, 304.8013312
1714633545688, 2024-05-02T07:05:45.688Z, 1667.9886092000002, 310.44281
1714633545717, 2024-05-02T07:05:45.717Z, 1639.648099, 325.11892300000005
1714633545727, 2024-05-02T07:05:45.727Z, 1612.1570742, 334.69952320000004
1714633545757, 2024-05-02T07:05:45.757Z, 1576.0680486, 347.61527399999994
1714633545770, 2024-05-02T07:05:45.770Z, 1500.9258334, 373.8574674
1714633545787, 2024-05-02T07:05:45.787Z, 1442.7128246, 394.74754199999995
1714633545802, 2024-05-02T07:05:45.802Z, 1404.4909186, 405.1416308
1714633545819, 2024-05-02T07:05:45.819Z, 1370.0889528, 419.6382068
1714633545832, 2024-05-02T07:05:45.832Z, 1348.7781836, 428.64535379999995
1714633545861, 2024-05-02T07:05:45.861Z, 1348.5966758, 437.3482516
1714633545877, 2024-05-02T07:05:45.877Z, 1355.6103917999997, 440.1312956
1714633545893, 2024-05-02T07:05:45.893Z, 1343.2446164, 447.473469
1714633545922, 2024-05-02T07:05:45.922Z, 1339.5024698, 444.60149979999994
1714633545938, 2024-05-02T07:05:45.938Z, 1330.4534214, 444.88107479999996
1714633545950, 2024-05-02T07:05:45.950Z, 1350.3864592, 430.02402060000003
1714633545969, 2024-05-02T07:05:45.969Z, 1365.3689874, 421.9628154
1714633545984, 2024-05-02T07:05:45.984Z, 1385.6700962, 410.5395280000001
1714633546015, 2024-05-02T07:05:46.015Z, 1387.9511612, 411.4769484
1714633546028, 2024-05-02T07:05:46.028Z, 1390.9076954, 412.3938204
1714633546044, 2024-05-02T07:05:46.044Z, 1385.5012993999999, 417.29845839999996
1714633546059, 2024-05-02T07:05:46.059Z, 1371.1446879999999, 422.96610739999994
1714633546075, 2024-05-02T07:05:46.075Z, 1363.8398572, 428.0679642
1714633546091, 2024-05-02T07:05:46.091Z, 1357.9906338, 432.5274786
1714633546106, 2024-05-02T07:05:46.106Z, 1360.6533832, 433.9777164
1714633546122, 2024-05-02T07:05:46.122Z, 1374.2270966, 431.27919959999997
1714633546137, 2024-05-02T07:05:46.137Z, 1385.3870342, 429.0052726
1714633546164, 2024-05-02T07:05:46.164Z, 1384.2724406, 428.7977998
1714633546175, 2024-05-02T07:05:46.175Z, 1386.1102756, 429.36761019999994
1714633546195, 2024-05-02T07:05:46.195Z, 1381.8732572000001, 433.74792099999996
1714633546208, 2024-05-02T07:05:46.208Z, 1371.864202, 440.4289726
1714633546224, 2024-05-02T07:05:46.224Z, 1353.8440322, 446.897966
1714633546248, 2024-05-02T07:05:46.248Z, 1350.6131398, 452.86056479999996
1714633546263, 2024-05-02T07:05:46.263Z, 1353.0010459999999, 453.3582878
1714633546279, 2024-05-02T07:05:46.279Z, 1352.3780298000001, 451.70401899999996
1714633546294, 2024-05-02T07:05:46.294Z, 1358.7792313999998, 453.07820680000003
1714633546316, 2024-05-02T07:05:46.316Z, 1374.7608409999998, 453.8330142
1714633546330, 2024-05-02T07:05:46.330Z, 1391.4813043999998, 446.69379059999994
1714633546346, 2024-05-02T07:05:46.346Z, 1398.9872624, 444.3555236
1714633546358, 2024-05-02T07:05:46.358Z, 1391.7056209999998, 448.86709579999996
1714633546376, 2024-05-02T07:05:46.376Z, 1389.731155, 443.643385
1714633546392, 2024-05-02T07:05:46.392Z, 1388.6984799999998, 438.47575800000004
1714633546404, 2024-05-02T07:05:46.404Z, 1372.8737776000003, 441.10766459999996
1714633546420, 2024-05-02T07:05:46.420Z, 1357.2333742000003, 443.21024420000003
1714633546436, 2024-05-02T07:05:46.436Z, 1364.458495, 436.1271202
1714633546466, 2024-05-02T07:05:46.466Z, 1363.6146148, 432.648013
1714633546481, 2024-05-02T07:05:46.481Z, 1364.932632, 428.2262416
1714633546496, 2024-05-02T07:05:46.496Z, 1363.5927384000001, 426.27536760000004
1714633546511, 2024-05-02T07:05:46.511Z, 1365.3958526000001, 424.4219231999999
1714633546527, 2024-05-02T07:05:46.527Z, 1361.5224122000002, 425.98015939999993
1714633546543, 2024-05-02T07:05:46.543Z, 1350.3014362, 431.58859140000004
1714633546558, 2024-05-02T07:05:46.558Z, 1343.4964646, 435.8010188
1714633546574, 2024-05-02T07:05:46.574Z, 1352.8858734, 434.09735140000004
1714633546589, 2024-05-02T07:05:46.589Z, 1352.458925, 438.6740136
1714633546617, 2024-05-02T07:05:46.617Z, 1350.8944393999998, 442.14518319999996
1714633546645, 2024-05-02T07:05:46.645Z, 1377.2822292, 434.8371108
1714633546661, 2024-05-02T07:05:46.661Z, 1391.5717974, 434.30294460000005
1714633546673, 2024-05-02T07:05:46.673Z, 1380.0349350000001, 445.17817320000006
1714633546689, 2024-05-02T07:05:46.689Z, 1374.7846282, 451.0047688000001
1714633546706, 2024-05-02T07:05:46.706Z, 1377.6926266000003, 451.53741660000003
1714633546718, 2024-05-02T07:05:46.718Z, 1356.9637894, 461.76543039999996
1714633546735, 2024-05-02T07:05:46.735Z, 1342.6730653999998, 467.11184160000005
1714633546767, 2024-05-02T07:05:46.767Z, 1345.4442082, 462.8710986
1714633546796, 2024-05-02T07:05:46.796Z, 1349.4122464, 459.70257819999995
1714633546810, 2024-05-02T07:05:46.810Z, 1338.0432772, 462.64573659999996
1714633546826, 2024-05-02T07:05:46.826Z, 1330.2704571999998, 462.5592286
1714633546842, 2024-05-02T07:05:46.842Z, 1338.5535409999998, 459.4724834
1714633546854, 2024-05-02T07:05:46.854Z, 1333.8511444, 462.7999128
1714633546872, 2024-05-02T07:05:46.872Z, 1328.886782, 466.4204566
1714633546900, 2024-05-02T07:05:46.900Z, 1321.1982308000001, 477.02037600000006
1714633546931, 2024-05-02T07:05:46.931Z, 1315.6548108000002, 486.99213180000004
1714633546947, 2024-05-02T07:05:46.947Z, 1284.1693668, 504.3927254
1714633546979, 2024-05-02T07:05:46.979Z, 1260.7135718, 519.9094548
1714633546994, 2024-05-02T07:05:46.994Z, 1238.3916828000001, 533.6201628000001
1714633547026, 2024-05-02T07:05:47.026Z, 1229.060427, 543.2748290000001
1714633547042, 2024-05-02T07:05:47.042Z, 1217.7870752, 553.2732632
1714633547066, 2024-05-02T07:05:47.066Z, 1211.5130862, 554.9089328
1714633547077, 2024-05-02T07:05:47.077Z, 1214.4604622, 552.5133372
1714633547093, 2024-05-02T07:05:47.093Z, 1225.4421939999997, 553.4122328
1714633547110, 2024-05-02T07:05:47.110Z, 1238.5034449999998, 554.3211687999999
1714633547122, 2024-05-02T07:05:47.122Z, 1253.0441544, 555.8430627999999
1714633547155, 2024-05-02T07:05:47.155Z, 1273.497412, 563.9686795999999
1714633547168, 2024-05-02T07:05:47.168Z, 1291.4840952, 572.208594
1714633547184, 2024-05-02T07:05:47.184Z, 1302.9807888, 574.9748969999998
1714633547211, 2024-05-02T07:05:47.211Z, 1307.08132, 572.7576779999999
1714633547227, 2024-05-02T07:05:47.227Z, 1319.7242695999998, 567.375257
1714633547243, 2024-05-02T07:05:47.243Z, 1330.1204962, 558.8353016
1714633547255, 2024-05-02T07:05:47.255Z, 1335.5329832, 552.783131
1714633547272, 2024-05-02T07:05:47.272Z, 1350.6013434000001, 544.285779
1714633547288, 2024-05-02T07:05:47.288Z, 1366.0480573999998, 538.5194931999999
1714633547300, 2024-05-02T07:05:47.300Z, 1367.3883768, 537.428349
1714633547318, 2024-05-02T07:05:47.318Z, 1369.5784898, 536.8835302
1714633547333, 2024-05-02T07:05:47.333Z, 1376.6489922, 534.4344879999999
1714633547363, 2024-05-02T07:05:47.363Z, 1370.1400302000002, 536.934763
1714633547383, 2024-05-02T07:05:47.383Z, 1357.6957256, 539.8822284
1714633547392, 2024-05-02T07:05:47.392Z, 1347.6546334, 541.7402638000001
1714633547417, 2024-05-02T07:05:47.417Z, 1338.2580071999998, 541.4594438
1714633547433, 2024-05-02T07:05:47.433Z, 1324.9119096000002, 542.2913868
1714633547449, 2024-05-02T07:05:47.449Z, 1312.5114564, 543.238796
1714633547465, 2024-05-02T07:05:47.465Z, 1310.2524343999999, 542.4086562
1714633547481, 2024-05-02T07:05:47.481Z, 1307.1961708000001, 542.3130468
1714633547515, 2024-05-02T07:05:47.515Z, 1286.5605626000001, 544.8783569999999
1714633547528, 2024-05-02T07:05:47.528Z, 1266.5065016, 547.0315692
1714633547543, 2024-05-02T07:05:47.543Z, 1243.552913, 548.3555987999999
1714633547559, 2024-05-02T07:05:47.559Z, 1211.1637738, 550.1910862000001
1714633547575, 2024-05-02T07:05:47.575Z, 1179.4503418, 552.6717022
1714633547590, 2024-05-02T07:05:47.590Z, 1171.2016718, 549.9075196
1714633547605, 2024-05-02T07:05:47.605Z, 1162.5565988, 548.569358
1714633547621, 2024-05-02T07:05:47.621Z, 1159.5938234, 547.0752865999999
1714633547636, 2024-05-02T07:05:47.636Z, 1163.4576258, 545.4322582000001
1714633547661, 2024-05-02T07:05:47.661Z, 1160.3857447999999, 546.9821714
1714633547678, 2024-05-02T07:05:47.678Z, 1153.3806108, 552.8969846
1714633547693, 2024-05-02T07:05:47.693Z, 1149.6103532000002, 556.8212278
1714633547705, 2024-05-02T07:05:47.705Z, 1139.9908564000002, 561.0223904000001
1714633547722, 2024-05-02T07:05:47.722Z, 1136.7112261999998, 563.6671018
1714633547739, 2024-05-02T07:05:47.739Z, 1140.2866846, 561.3229693999999
1714633547751, 2024-05-02T07:05:47.751Z, 1138.2900496, 559.6136737999999
1714633547767, 2024-05-02T07:05:47.767Z, 1141.9647936, 556.3409138
1714633547783, 2024-05-02T07:05:47.783Z, 1148.62527, 552.831647
1714633547814, 2024-05-02T07:05:47.814Z, 1150.3838623999998, 547.979223
1714633547833, 2024-05-02T07:05:47.833Z, 1150.4908226, 544.7440217999999
1714633547846, 2024-05-02T07:05:47.846Z, 1153.9727945999998, 539.7063645999999
1714633547858, 2024-05-02T07:05:47.858Z, 1154.1530943999999, 538.3251816
1714633547873, 2024-05-02T07:05:47.873Z, 1153.0412781999999, 538.8713774
1714633547889, 2024-05-02T07:05:47.889Z, 1148.2459806, 542.7156891999999
1714633547903, 2024-05-02T07:05:47.903Z, 1154.5786764, 544.9846962
1714633547918, 2024-05-02T07:05:47.918Z, 1157.9942385999998, 549.7054678000001
1714633547935, 2024-05-02T07:05:47.935Z, 1154.6405968, 553.7904834
1714633547969, 2024-05-02T07:05:47.969Z, 1158.9352789999998, 554.9677048
1714633547978, 2024-05-02T07:05:47.978Z, 1165.0968388, 555.7225178000001
1714633547995, 2024-05-02T07:05:47.995Z, 1163.2766078, 556.764832
1714633548010, 2024-05-02T07:05:48.010Z, 1163.0408818, 557.486615
1714633548025, 2024-05-02T07:05:48.025Z, 1167.6457674, 556.7061757999999
1714633548057, 2024-05-02T07:05:48.057Z, 1156.1522894, 563.0335471999999
1714633548072, 2024-05-02T07:05:48.072Z, 1151.6927019999998, 564.3370892
1714633548087, 2024-05-02T07:05:48.087Z, 1147.1929020000002, 565.9360032000001
1714633548112, 2024-05-02T07:05:48.112Z, 1149.9658668, 563.542778
1714633548128, 2024-05-02T07:05:48.128Z, 1155.800055, 559.5543156
1714633548144, 2024-05-02T07:05:48.144Z, 1171.6485484, 549.5368026
1714633548164, 2024-05-02T07:05:48.164Z, 1179.580941, 544.6340641999999
1714633548180, 2024-05-02T07:05:48.180Z, 1187.9432315999998, 538.9686985999999
1714633548195, 2024-05-02T07:05:48.195Z, 1179.7438195999998, 538.1589756
1714633548210, 2024-05-02T07:05:48.210Z, 1165.1656132000003, 539.8714362
1714633548225, 2024-05-02T07:05:48.225Z, 1153.5814189999999, 541.8062424
1714633548241, 2024-05-02T07:05:48.241Z, 1135.046555, 545.0121116
1714633548263, 2024-05-02T07:05:48.263Z, 1125.4304494, 552.0123402
1714633548278, 2024-05-02T07:05:48.278Z, 1124.9361285999998, 563.9378140000001
1714633548290, 2024-05-02T07:05:48.290Z, 1132.7423319999998, 583.9354428
1714633548307, 2024-05-02T07:05:48.307Z, 1150.7900091999998, 611.3879166
1714633548323, 2024-05-02T07:05:48.323Z, 1174.5001373999999, 640.8349956
1714633548336, 2024-05-02T07:05:48.336Z, 1190.9219056, 668.5497566
1714633548353, 2024-05-02T07:05:48.353Z, 1216.0275654000002, 693.1093452000001
1714633548369, 2024-05-02T07:05:48.369Z, 1233.051017, 709.0167926
1714633548383, 2024-05-02T07:05:48.383Z, 1235.1103116, 718.1414130000001
1714633548414, 2024-05-02T07:05:48.414Z, 1248.291352, 721.8049816
1714633548429, 2024-05-02T07:05:48.429Z, 1261.0556692, 722.4324263999999
1714633548446, 2024-05-02T07:05:48.446Z, 1265.7462618, 720.0571010000001
1714633548461, 2024-05-02T07:05:48.461Z, 1273.2636344, 717.6317552
1714633548476, 2024-05-02T07:05:48.476Z, 1285.3107803999999, 725.0242704
1714633548507, 2024-05-02T07:05:48.507Z, 1287.9981928, 739.1169682000001
1714633548523, 2024-05-02T07:05:48.523Z, 1290.3586752, 759.1300658
1714633548561, 2024-05-02T07:05:48.561Z, 1291.4983666, 779.4278294
1714633548593, 2024-05-02T07:05:48.593Z, 1271.3165968, 805.6018712
1714633548605, 2024-05-02T07:05:48.605Z, 1251.190705, 820.1427197999999
1714633548638, 2024-05-02T07:05:48.638Z, 1228.1789357999999, 830.3897913999999
1714633548655, 2024-05-02T07:05:48.655Z, 1203.3895324, 833.3466632
1714633548668, 2024-05-02T07:05:48.668Z, 1179.9062136, 836.427379
1714633548688, 2024-05-02T07:05:48.688Z, 1184.2738872000002, 832.427269
1714633548714, 2024-05-02T07:05:48.714Z, 1194.8648693999999, 827.8917222
1714633548728, 2024-05-02T07:05:48.728Z, 1202.7442842, 823.9549480000002
1714633548743, 2024-05-02T07:05:48.743Z, 1204.3023514000001, 823.3195946
1714633548759, 2024-05-02T07:05:48.759Z, 1207.7245884, 823.2185694
1714633548775, 2024-05-02T07:05:48.775Z, 1202.9497844, 824.0100466
1714633548791, 2024-05-02T07:05:48.791Z, 1186.9132406, 826.3341504
1714633548807, 2024-05-02T07:05:48.807Z, 1186.75659, 825.7589169999999
1714633548823, 2024-05-02T07:05:48.823Z, 1191.354479, 825.5755194000001
1714633548839, 2024-05-02T07:05:48.839Z, 1189.4551800000002, 824.6675292
1714633548864, 2024-05-02T07:05:48.864Z, 1201.0173737999999, 821.3629462000001
1714633548875, 2024-05-02T07:05:48.875Z, 1213.0015896, 818.5260958000001
1714633548892, 2024-05-02T07:05:48.892Z, 1214.0964362, 818.0376814
1714633548908, 2024-05-02T07:05:48.908Z, 1215.2420779999998, 816.2759016
1714633548920, 2024-05-02T07:05:48.920Z, 1218.6090928, 814.6129704
1714633548937, 2024-05-02T07:05:48.937Z, 1210.9856628000002, 814.9692372
1714633548953, 2024-05-02T07:05:48.953Z, 1199.6534896, 814.8854374
1714633548966, 2024-05-02T07:05:48.966Z, 1187.3857726, 814.7533528
1714633548983, 2024-05-02T07:05:48.983Z, 1183.3468738, 812.9728158
1714633549012, 2024-05-02T07:05:49.012Z, 1181.5443232, 810.7884428
1714633549028, 2024-05-02T07:05:49.028Z, 1179.9608314, 808.2345786
1714633549043, 2024-05-02T07:05:49.043Z, 1182.6531075999999, 805.9648559999999
1714633549057, 2024-05-02T07:05:49.057Z, 1180.3879376, 804.7152052
1714633549073, 2024-05-02T07:05:49.073Z, 1175.1031871999999, 805.2009442
1714633549089, 2024-05-02T07:05:49.089Z, 1168.5977182, 806.2295879999999
1714633549104, 2024-05-02T07:05:49.104Z, 1157.0477436, 808.1837515999999
1714633549120, 2024-05-02T07:05:49.120Z, 1154.8264094, 807.9468623999999
1714633549135, 2024-05-02T07:05:49.135Z, 1159.6302338, 806.574241
1714633549163, 2024-05-02T07:05:49.163Z, 1161.9595193999999, 805.9164176000002
1714633549178, 2024-05-02T07:05:49.178Z, 1155.1156494000002, 806.3007976000001
1714633549191, 2024-05-02T07:05:49.191Z, 1153.4982682, 807.6434848000001
1714633549207, 2024-05-02T07:05:49.207Z, 1150.3817892000002, 811.1338134
1714633549223, 2024-05-02T07:05:49.223Z, 1143.647152, 814.8329584
1714633549235, 2024-05-02T07:05:49.235Z, 1134.8737755999998, 818.161297
1714633549252, 2024-05-02T07:05:49.252Z, 1140.7954808, 819.7264462
1714633549268, 2024-05-02T07:05:49.268Z, 1143.8557497999998, 820.4918808
1714633549281, 2024-05-02T07:05:49.281Z, 1143.3096748, 820.6151598
1714633549314, 2024-05-02T07:05:49.314Z, 1140.4211152, 820.2363692000001
1714633549325, 2024-05-02T07:05:49.325Z, 1144.2358445999998, 818.9684344
1714633549343, 2024-05-02T07:05:49.343Z, 1141.3428434, 817.3616822
1714633549358, 2024-05-02T07:05:49.358Z, 1133.8073744, 819.3905103999999
1714633549375, 2024-05-02T07:05:49.375Z, 1123.731979, 820.8945638000001
1714633549387, 2024-05-02T07:05:49.387Z, 1129.2356272000002, 819.9711928
1714633549408, 2024-05-02T07:05:49.408Z, 1128.2901964, 820.3002604
1714633549416, 2024-05-02T07:05:49.416Z, 1125.6044594, 821.4543654000001
1714633549436, 2024-05-02T07:05:49.436Z, 1134.6094938, 816.137006
1714633549462, 2024-05-02T07:05:49.462Z, 1145.171802, 810.8178378
1714633549478, 2024-05-02T07:05:49.478Z, 1147.9859996, 806.6284824
1714633549493, 2024-05-02T07:05:49.493Z, 1151.0981608, 803.1971002
1714633549509, 2024-05-02T07:05:49.509Z, 1137.2194365999999, 802.5711704
1714633549525, 2024-05-02T07:05:49.525Z, 1121.391549, 804.4428306
1714633549541, 2024-05-02T07:05:49.541Z, 1108.4019764, 807.4381283999999
1714633549556, 2024-05-02T07:05:49.556Z, 1099.3068312, 812.5217111999999
1714633549572, 2024-05-02T07:05:49.572Z, 1093.1343044, 816.2185072
1714633549588, 2024-05-02T07:05:49.588Z, 1106.2170354, 817.262387
1714633549614, 2024-05-02T07:05:49.614Z, 1065.3369983999999, 816.1717222
1714633549628, 2024-05-02T07:05:49.628Z, 1029.9659888, 815.3606174
1714633549640, 2024-05-02T07:05:49.640Z, 930.345505, 803.5864717999999
1714633549658, 2024-05-02T07:05:49.658Z, 825.7392596, 793.889854
1714633549673, 2024-05-02T07:05:49.673Z, 685.6708381999999, 779.1522072000001
1714633549685, 2024-05-02T07:05:49.685Z, 579.4345354, 760.5048064
1714633549703, 2024-05-02T07:05:49.703Z, 454.6416499999999, 741.4599740000001
1714633549718, 2024-05-02T07:05:49.718Z, 386.79693519999995, 732.9514469999999
1714633549730, 2024-05-02T07:05:49.730Z, 325.81109719999995, 722.4351448
1714633549764, 2024-05-02T07:05:49.764Z, 291.0442554, 718.0669915999999
1714633549775, 2024-05-02T07:05:49.775Z, 280.60764259999996, 718.9820552
1714633549792, 2024-05-02T07:05:49.792Z, 268.473712, 721.3404739999999
1714633549808, 2024-05-02T07:05:49.808Z, 254.1214164, 723.7284232
1714633549825, 2024-05-02T07:05:49.825Z, 254.5844158, 723.502664
1714633549849, 2024-05-02T07:05:49.849Z, 258.92545559999996, 722.2416298
1714633549865, 2024-05-02T07:05:49.865Z, 251.86580279999998, 721.9335552
1714633549880, 2024-05-02T07:05:49.880Z, 261.8325338, 718.13981
1714633549895, 2024-05-02T07:05:49.895Z, 270.65433240000004, 714.3699082
1714633549913, 2024-05-02T07:05:49.913Z, 267.425051, 710.2942144000001
1714633549928, 2024-05-02T07:05:49.928Z, 266.1187808, 707.1842055999998
1714633549943, 2024-05-02T07:05:49.943Z, 267.89363399999996, 704.2788856
1714633549959, 2024-05-02T07:05:49.959Z, 271.7753282, 703.2762052
1714633549975, 2024-05-02T07:05:49.975Z, 274.6469854, 702.6438074
1714633549990, 2024-05-02T07:05:49.990Z, 259.397277, 704.959249
1714633550006, 2024-05-02T07:05:50.006Z, 252.6132514, 704.9074656
1714633550021, 2024-05-02T07:05:50.021Z, 243.7020922, 703.7144536
1714633550036, 2024-05-02T07:05:50.036Z, 223.6580994, 702.0704767999999
1714633550064, 2024-05-02T07:05:50.064Z, 196.7671738, 700.3014608000001
1714633550078, 2024-05-02T07:05:50.078Z, 181.97554780000002, 698.6732222
1714633550095, 2024-05-02T07:05:50.095Z, 170.2713644, 693.288
1714633550108, 2024-05-02T07:05:50.108Z, 155.04475280000003, 689.8737486
1714633550123, 2024-05-02T07:05:50.123Z, 141.86751439999998, 685.711015
1714633550135, 2024-05-02T07:05:50.135Z, 141.5184436, 680.3984257999999
1714633550153, 2024-05-02T07:05:50.153Z, 141.7989052, 674.2780472
1714633550168, 2024-05-02T07:05:50.168Z, 135.23734059999998, 672.8807764
1714633550184, 2024-05-02T07:05:50.184Z, 140.0942088, 669.3539433999999
1714633550214, 2024-05-02T07:05:50.214Z, 142.0174808, 666.9817525999999
1714633550225, 2024-05-02T07:05:50.225Z, 143.53816539999997, 665.169345
1714633550243, 2024-05-02T07:05:50.243Z, 150.4101954, 663.0554472
1714633550263, 2024-05-02T07:05:50.263Z, 155.8539492, 661.2384654
1714633550272, 2024-05-02T07:05:50.272Z, 164.572273, 658.5502792
1714633550292, 2024-05-02T07:05:50.292Z, 171.4213578, 656.4925802
1714633550308, 2024-05-02T07:05:50.308Z, 176.12646940000002, 654.9267877999999
1714633550321, 2024-05-02T07:05:50.321Z, 183.5737676, 652.1958092
1714633550347, 2024-05-02T07:05:50.347Z, 186.57565259999998, 650.8256824
1714633550367, 2024-05-02T07:05:50.367Z, 186.19743520000003, 649.9493468000001
1714633550382, 2024-05-02T07:05:50.382Z, 190.5904466, 648.7022276
1714633550398, 2024-05-02T07:05:50.398Z, 194.9501158, 647.8635926
1714633550411, 2024-05-02T07:05:50.411Z, 195.8045482, 648.2729052
1714633550427, 2024-05-02T07:05:50.427Z, 198.3972114, 649.334038
1714633550458, 2024-05-02T07:05:50.458Z, 202.5301988, 650.8000359999999
1714633550474, 2024-05-02T07:05:50.474Z, 217.747285, 650.6408114
1714633550489, 2024-05-02T07:05:50.489Z, 234.7526018, 649.8617756
1714633550515, 2024-05-02T07:05:50.515Z, 250.3501906, 649.1284838
1714633550530, 2024-05-02T07:05:50.530Z, 269.7041028, 646.3770338
1714633550542, 2024-05-02T07:05:50.542Z, 289.801514, 643.1350624
1714633550559, 2024-05-02T07:05:50.559Z, 295.730865, 642.0487102
1714633550578, 2024-05-02T07:05:50.578Z, 299.31929660000003, 640.8950328
1714633550588, 2024-05-02T07:05:50.588Z, 307.9756832, 638.2850926
1714633550605, 2024-05-02T07:05:50.605Z, 315.54086259999997, 635.0856522
1714633550620, 2024-05-02T07:05:50.620Z, 313.4708732, 633.4992354
1714633550632, 2024-05-02T07:05:50.632Z, 321.110091, 630.2273636
1714633550666, 2024-05-02T07:05:50.666Z, 329.500416, 626.875486
1714633550677, 2024-05-02T07:05:50.677Z, 339.84072260000005, 624.3774838
1714633550696, 2024-05-02T07:05:50.696Z, 384.5479004, 625.9562596
1714633550721, 2024-05-02T07:05:50.721Z, 475.0762944, 636.5905368
1714633550736, 2024-05-02T07:05:50.736Z, 580.6407692, 648.3300446
1714633550752, 2024-05-02T07:05:50.752Z, 717.0980922000001, 667.2225614
1714633550768, 2024-05-02T07:05:50.768Z, 854.8630612, 692.238395
1714633550785, 2024-05-02T07:05:50.785Z, 972.9170234, 721.6092243999999
1714633550800, 2024-05-02T07:05:50.800Z, 1092.74189, 751.4762742
1714633550815, 2024-05-02T07:05:50.815Z, 1213.693084, 786.722583
1714633550830, 2024-05-02T07:05:50.830Z, 1303.457082, 812.047196
1714633550848, 2024-05-02T07:05:50.848Z, 1376.2845088000001, 834.9656706
1714633550861, 2024-05-02T07:05:50.861Z, 1431.1902292, 853.9915574
1714633550876, 2024-05-02T07:05:50.876Z, 1450.7854026, 860.6443184
1714633550893, 2024-05-02T07:05:50.893Z, 1445.8150618000002, 862.8789889999998
1714633550907, 2024-05-02T07:05:50.907Z, 1440.8964612, 868.921384
1714633550922, 2024-05-02T07:05:50.922Z, 1446.1361038, 872.6496142
1714633550938, 2024-05-02T07:05:50.938Z, 1453.8487654, 872.8969331999999
1714633550965, 2024-05-02T07:05:50.965Z, 1458.9324708000001, 869.526485
1714633550980, 2024-05-02T07:05:50.980Z, 1464.0423626, 867.6419318000001
1714633550992, 2024-05-02T07:05:50.992Z, 1472.7602262, 861.6820144
1714633551018, 2024-05-02T07:05:51.018Z, 1476.0090100000002, 861.2126620000001
1714633551033, 2024-05-02T07:05:51.033Z, 1478.8461764, 860.6337914
1714633551050, 2024-05-02T07:05:51.050Z, 1472.8022864, 864.3613698000001
1714633551065, 2024-05-02T07:05:51.065Z, 1476.9479474, 866.5399723999999
1714633551081, 2024-05-02T07:05:51.081Z, 1474.4103786, 872.1335133999999
1714633551096, 2024-05-02T07:05:51.096Z, 1466.9586457999999, 872.6280033999999
1714633551116, 2024-05-02T07:05:51.116Z, 1451.4151107999999, 874.5035202000001
1714633551128, 2024-05-02T07:05:51.128Z, 1436.4722964, 877.4331017999999
1714633551144, 2024-05-02T07:05:51.144Z, 1419.8520352, 877.3905167999999
1714633551160, 2024-05-02T07:05:51.160Z, 1409.0966912, 876.9365255999999
1714633551175, 2024-05-02T07:05:51.175Z, 1398.614966, 878.2917326
1714633551192, 2024-05-02T07:05:51.192Z, 1418.3666404, 873.721113
1714633551206, 2024-05-02T07:05:51.206Z, 1435.2540992, 870.7601836