1714633302721, 2024-05-02T07:01:42.721Z, 345.564191, 556.463034
1714633302732, 2024-05-02T07:01:42.732Z, 353.476808, 557.2252965
1714633302749, 2024-05-02T07:01:42.749Z, 374.15088, 555.0553639999999
1714633302764, 2024-05-02T07:01:42.764Z, 407.31268275, 550.717045
1714633302777, 2024-05-02T07:01:42.777Z, 430.3154612, 548.8079955999999
1714633302796, 2024-05-02T07:01:42.796Z, 469.70766000000003, 546.1968853999999
1714633302809, 2024-05-02T07:01:42.809Z, 505.69197060000005, 543.1411241999999
1714633302823, 2024-05-02T07:01:42.823Z, 530.8467204000001, 540.9989427999999
1714633302839, 2024-05-02T07:01:42.839Z, 537.5259148, 540.9826765999999
1714633302868, 2024-05-02T07:01:42.868Z, 540.4951968, 540.0576427999999
1714633302884, 2024-05-02T07:01:42.884Z, 538.4504870000001, 538.3887060000001
1714633302916, 2024-05-02T07:01:42.916Z, 534.3657776000001, 536.9638797999999
1714633302932, 2024-05-02T07:01:42.932Z, 528.9365472000001, 536.22355
1714633302963, 2024-05-02T07:01:42.963Z, 518.784179, 535.8572338
1714633302978, 2024-05-02T07:01:42.978Z, 503.33165260000004, 533.9127388
1714633303021, 2024-05-02T07:01:43.021Z, 485.47741019999995, 531.3727872000001
1714633303034, 2024-05-02T07:01:43.034Z, 472.6196636000001, 531.1640553999999
1714633303047, 2024-05-02T07:01:43.047Z, 464.0075862, 534.7787364
1714633303064, 2024-05-02T07:01:43.064Z, 460.7718486, 539.3212022
1714633303079, 2024-05-02T07:01:43.079Z, 463.1756222, 545.0629763999999
1714633303092, 2024-05-02T07:01:43.092Z, 468.57943779999994, 550.8912253999999
1714633303109, 2024-05-02T07:01:43.109Z, 471.2367914, 553.7880318
1714633303127, 2024-05-02T07:01:43.127Z, 471.83404540000004, 552.8068308
1714633303139, 2024-05-02T07:01:43.139Z, 476.1104514, 549.2393721999999
1714633303174, 2024-05-02T07:01:43.174Z, 490.4490152, 546.6837262
1714633303184, 2024-05-02T07:01:43.184Z, 509.10551079999993, 545.0992961999999
1714633303202, 2024-05-02T07:01:43.202Z, 545.0996836, 545.3554414
1714633303217, 2024-05-02T07:01:43.217Z, 592.1694789999999, 547.1345252
1714633303229, 2024-05-02T07:01:43.229Z, 639.6564294, 551.5245784
1714633303247, 2024-05-02T07:01:43.247Z, 674.8292669999998, 551.742831
1714633303277, 2024-05-02T07:01:43.277Z, 706.8729913999999, 551.9457826
1714633303277, 2024-05-02T07:01:43.277Z, 722.0644102, 550.9429232
1714633303292, 2024-05-02T07:01:43.292Z, 726.7928546, 549.5147878
1714633303322, 2024-05-02T07:01:43.322Z, 727.3485576, 547.7151200000001
1714633303337, 2024-05-02T07:01:43.337Z, 731.6138364000001, 551.1952632
1714633303352, 2024-05-02T07:01:43.352Z, 735.1237900000001, 557.4434418
1714633303371, 2024-05-02T07:01:43.371Z, 737.3639116, 562.06831
1714633303386, 2024-05-02T07:01:43.386Z, 738.4896364, 567.2386934
1714633303402, 2024-05-02T07:01:43.402Z, 737.8528743999999, 569.7884756000001
1714633303416, 2024-05-02T07:01:43.416Z, 735.5488846000001, 570.4862046000001
1714633303432, 2024-05-02T07:01:43.432Z, 731.2990775999999, 567.4461132
1714633303448, 2024-05-02T07:01:43.448Z, 726.880372, 564.945997
1714633303472, 2024-05-02T07:01:43.472Z, 722.1040782, 558.4339248
1714633303484, 2024-05-02T07:01:43.484Z, 718.5118128, 553.4379640000001
1714633303498, 2024-05-02T07:01:43.498Z, 710.817754, 547.5678798
1714633303517, 2024-05-02T07:01:43.517Z, 693.0376268, 539.4171566
1714633303529, 2024-05-02T07:01:43.529Z, 656.4972092, 534.5942167999999
1714633303542, 2024-05-02T07:01:43.542Z, 588.8989554000001, 535.2814318000001
1714633303561, 2024-05-02T07:01:43.561Z, 517.575248, 536.979212
1714633303577, 2024-05-02T07:01:43.577Z, 450.7874892, 539.9367100000001
1714633303587, 2024-05-02T07:01:43.587Z, 368.5654042, 548.6700066000001
1714633303743, 2024-05-02T07:01:43.743Z, 304.08749939999996, 573.404984
1714633303768, 2024-05-02T07:01:43.768Z, 273.3673564, 589.4926722
1714633303785, 2024-05-02T07:01:43.785Z, 249.53961919999998, 598.1771136
1714633303812, 2024-05-02T07:01:43.812Z, 226.1514906, 607.0177550000001
1714633303830, 2024-05-02T07:01:43.830Z, 230.3049454, 612.9684697999999
1714633303857, 2024-05-02T07:01:43.857Z, 237.7423396, 597.3477602
1714633303882, 2024-05-02T07:01:43.882Z, 242.32227200000003, 587.5000463999999
1714633303921, 2024-05-02T07:01:43.921Z, 244.13567659999998, 585.6708563999999
1714633303934, 2024-05-02T07:01:43.934Z, 245.56641100000002, 583.6384762
1714633303950, 2024-05-02T07:01:43.950Z, 252.58383479999998, 580.7800159999999
1714633303965, 2024-05-02T07:01:43.965Z, 261.5370008, 580.5687002000001
1714633303980, 2024-05-02T07:01:43.980Z, 272.0619206, 579.8202022
1714633303992, 2024-05-02T07:01:43.992Z, 289.6090874, 577.503974
1714633304010, 2024-05-02T07:01:44.010Z, 311.8111914, 575.1323066
1714633304025, 2024-05-02T07:01:44.025Z, 328.49928420000003, 573.8960282
1714633304037, 2024-05-02T07:01:44.037Z, 343.65746559999997, 572.5464115999999
1714633304071, 2024-05-02T07:01:44.071Z, 362.94418939999997, 570.4535002
1714633304082, 2024-05-02T07:01:44.082Z, 375.46656759999996, 568.4090486
1714633304100, 2024-05-02T07:01:44.100Z, 382.48886039999996, 566.7717571999999
1714633304115, 2024-05-02T07:01:44.115Z, 389.513375, 565.0531209999999
1714633304129, 2024-05-02T07:01:44.129Z, 394.14581200000003, 563.1871192000001
1714633304145, 2024-05-02T07:01:44.145Z, 393.6848504, 562.2139706
1714633304161, 2024-05-02T07:01:44.161Z, 393.0358962, 561.7347448
1714633304177, 2024-05-02T07:01:44.177Z, 393.5732306, 560.816472
1714633304192, 2024-05-02T07:01:44.192Z, 393.92073600000003, 560.0336768
1714633304218, 2024-05-02T07:01:44.218Z, 393.2045078, 560.5459462
1714633304235, 2024-05-02T07:01:44.235Z, 391.91057739999997, 561.0650995999999
1714633304250, 2024-05-02T07:01:44.250Z, 390.5664464, 561.4407662
1714633304262, 2024-05-02T07:01:44.262Z, 388.4514944, 562.4508814
1714633304280, 2024-05-02T07:01:44.280Z, 385.81882920000004, 563.8036334000001
1714633304295, 2024-05-02T07:01:44.295Z, 384.8259844, 564.8948086
1714633304307, 2024-05-02T07:01:44.307Z, 382.980326, 565.981721
1714633304325, 2024-05-02T07:01:44.325Z, 381.2441066, 567.4820469999999
1714633304340, 2024-05-02T07:01:44.340Z, 380.322122, 568.7287712
1714633304371, 2024-05-02T07:01:44.371Z, 384.3130316, 568.650651
1714633304385, 2024-05-02T07:01:44.385Z, 393.59051, 567.3028646
1714633304397, 2024-05-02T07:01:44.397Z, 405.0601686, 565.9799456000001
1714633304415, 2024-05-02T07:01:44.415Z, 420.89261139999996, 564.5507344
1714633304430, 2024-05-02T07:01:44.430Z, 441.96776439999996, 562.8231966000001
1714633304442, 2024-05-02T07:01:44.442Z, 460.75532400000003, 561.8970326
1714633304460, 2024-05-02T07:01:44.460Z, 488.3180288, 563.8567458
1714633304475, 2024-05-02T07:01:44.475Z, 513.9911472, 565.660304
1714633304487, 2024-05-02T07:01:44.487Z, 536.10997, 567.5108884000001
1714633304685, 2024-05-02T07:01:44.685Z, 534.7184964, 566.1968746
1714633304700, 2024-05-02T07:01:44.700Z, 534.6883066, 567.3050010000001
1714633304712, 2024-05-02T07:01:44.712Z, 519.045131, 567.7821648
1714633304730, 2024-05-02T07:01:44.730Z, 503.39365200000003, 569.0885770000001
1714633304745, 2024-05-02T07:01:44.745Z, 485.55381179999995, 571.156074
1714633304757, 2024-05-02T07:01:44.757Z, 485.7212792, 575.9520428
1714633304775, 2024-05-02T07:01:44.775Z, 482.77874080000004, 577.7834833999999
1714633304790, 2024-05-02T07:01:44.790Z, 481.54665539999996, 577.5162669999999
1714633304821, 2024-05-02T07:01:44.821Z, 479.7897535999999, 573.1673598
1714633304835, 2024-05-02T07:01:44.835Z, 479.32392819999995, 567.7895708
1714633304847, 2024-05-02T07:01:44.847Z, 473.7422084, 557.6161589999999
1714633304880, 2024-05-02T07:01:44.880Z, 464.3272426, 540.2652264
1714633304892, 2024-05-02T07:01:44.892Z, 453.92081100000007, 522.2140453999999
1714633304925, 2024-05-02T07:01:44.925Z, 437.32182240000003, 492.7699704
1714633304938, 2024-05-02T07:01:44.938Z, 420.5769338, 463.79377000000005
1714633304971, 2024-05-02T07:01:44.971Z, 407.69489699999997, 435.48512600000004
1714633304982, 2024-05-02T07:01:44.982Z, 397.9046148, 415.086911
1714633305017, 2024-05-02T07:01:45.017Z, 389.67895020000003, 397.0057078
1714633305028, 2024-05-02T07:01:45.028Z, 389.6706542, 393.04004139999995
1714633305044, 2024-05-02T07:01:45.044Z, 387.6971678, 388.42212539999997
1714633305060, 2024-05-02T07:01:45.060Z, 385.995423, 388.9126602
1714633305074, 2024-05-02T07:01:45.074Z, 383.7344044, 389.7567596
1714633305090, 2024-05-02T07:01:45.090Z, 378.6660176, 390.1929542
1714633305119, 2024-05-02T07:01:45.119Z, 371.23499000000004, 391.8692614
1714633305146, 2024-05-02T07:01:45.146Z, 362.6067006, 394.3539566
1714633305157, 2024-05-02T07:01:45.157Z, 350.9932754, 396.037924
1714633305167, 2024-05-02T07:01:45.167Z, 336.9183428, 397.1612556
1714633305186, 2024-05-02T07:01:45.186Z, 325.4539372, 397.8218128
1714633305211, 2024-05-02T07:01:45.211Z, 315.8864484, 396.6804968
1714633305217, 2024-05-02T07:01:45.217Z, 309.174334, 395.5751338
1714633305231, 2024-05-02T07:01:45.231Z, 305.4794936, 393.7589276
1714633305245, 2024-05-02T07:01:45.245Z, 304.72070940000003, 391.987817
1714633305277, 2024-05-02T07:01:45.277Z, 302.0867346, 391.91946440000004
1714633305291, 2024-05-02T07:01:45.291Z, 296.12158280000006, 396.363581
1714633305306, 2024-05-02T07:01:45.306Z, 290.1412276, 400.4061294
1714633305322, 2024-05-02T07:01:45.322Z, 284.6654934, 408.334333
1714633305337, 2024-05-02T07:01:45.337Z, 280.0022766, 416.4694042
1714633305352, 2024-05-02T07:01:45.352Z, 277.7001928, 423.8909164
1714633305368, 2024-05-02T07:01:45.368Z, 277.8229664, 428.02155039999997
1714633305383, 2024-05-02T07:01:45.383Z, 278.0875516, 431.47059800000005
1714633305398, 2024-05-02T07:01:45.398Z, 278.71870900000005, 431.4135826
1714633305427, 2024-05-02T07:01:45.427Z, 278.51621000000006, 431.239007
1714633305433, 2024-05-02T07:01:45.433Z, 276.977242, 430.1439280000001
1714633305455, 2024-05-02T07:01:45.455Z, 280.3220344, 430.3135878
1714633305470, 2024-05-02T07:01:45.470Z, 285.27758639999996, 431.31982619999997
1714633305479, 2024-05-02T07:01:45.479Z, 290.4643518, 433.362968
1714633305501, 2024-05-02T07:01:45.501Z, 296.340458, 435.712138
1714633305528, 2024-05-02T07:01:45.528Z, 302.5265306, 438.87602960000004
1714633305537, 2024-05-02T07:01:45.537Z, 305.559305, 441.210765
1714633305560, 2024-05-02T07:01:45.560Z, 306.55848679999997, 444.03088160000004
1714633305574, 2024-05-02T07:01:45.574Z, 308.3656802, 445.8088726
1714633305602, 2024-05-02T07:01:45.602Z, 310.75539019999997, 447.4691948000001
1714633305615, 2024-05-02T07:01:45.615Z, 312.829215, 446.0078542
1714633305631, 2024-05-02T07:01:45.631Z, 306.33990839999996, 422.26230780000003
1714633305647, 2024-05-02T07:01:45.647Z, 300.1738768, 396.8788942
1714633305663, 2024-05-02T07:01:45.663Z, 292.7411744, 371.986405
1714633305681, 2024-05-02T07:01:45.681Z, 287.03465919999996, 348.90647
1714633305695, 2024-05-02T07:01:45.695Z, 281.9212768, 328.24958960000004
1714633305727, 2024-05-02T07:01:45.727Z, 284.7834864, 329.9627094
1714633305740, 2024-05-02T07:01:45.740Z, 287.817132, 332.6355246
1714633305755, 2024-05-02T07:01:45.755Z, 290.7497674, 335.1996362
1714633305771, 2024-05-02T07:01:45.771Z, 290.49628659999996, 334.9982154
1714633305787, 2024-05-02T07:01:45.787Z, 288.3494942, 333.4114556
1714633305802, 2024-05-02T07:01:45.802Z, 285.72425039999996, 331.7900744
1714633305818, 2024-05-02T07:01:45.818Z, 283.5229586, 331.00362459999997
1714633305833, 2024-05-02T07:01:45.833Z, 286.016057, 329.6016874
1714633305849, 2024-05-02T07:01:45.849Z, 290.165942, 328.0864824
1714633305876, 2024-05-02T07:01:45.876Z, 299.33161179999996, 327.028421
1714633305886, 2024-05-02T07:01:45.886Z, 311.47505600000005, 325.26884559999996
1714633305904, 2024-05-02T07:01:45.904Z, 329.47605760000005, 321.80109159999995
1714633305928, 2024-05-02T07:01:45.928Z, 346.3672592, 320.83723439999994
1714633305942, 2024-05-02T07:01:45.942Z, 362.81678759999994, 321.24008239999995
1714633305957, 2024-05-02T07:01:45.957Z, 376.43405079999997, 322.0219164
1714633305981, 2024-05-02T07:01:45.981Z, 386.7570488, 323.20286059999995
1714633305989, 2024-05-02T07:01:45.989Z, 387.4642626, 326.1041706
1714633306012, 2024-05-02T07:01:46.012Z, 384.0436812, 327.8353836
1714633306026, 2024-05-02T07:01:46.026Z, 380.4218836, 329.10748540000003
1714633306036, 2024-05-02T07:01:46.036Z, 378.25178700000004, 331.26046560000003
1714633306058, 2024-05-02T07:01:46.058Z, 377.05543900000004, 333.4298464
1714633306083, 2024-05-02T07:01:46.083Z, 379.429147, 334.6604702
1714633306102, 2024-05-02T07:01:46.102Z, 383.06312080000004, 335.67725659999996
1714633306114, 2024-05-02T07:01:46.114Z, 385.8581176, 336.22242059999996
1714633306130, 2024-05-02T07:01:46.130Z, 386.1413192, 334.49326080000003
1714633306147, 2024-05-02T07:01:46.147Z, 385.6431688, 332.68185339999997
1714633306192, 2024-05-02T07:01:46.192Z, 383.2416126, 331.1623214
1714633306208, 2024-05-02T07:01:46.208Z, 380.1747462, 330.1555668
1714633306238, 2024-05-02T07:01:46.238Z, 357.81349020000005, 366.187098
1714633306253, 2024-05-02T07:01:46.253Z, 331.27913279999996, 411.8961668
1714633306285, 2024-05-02T07:01:46.285Z, 301.6469599999999, 464.5134512000001
1714633306300, 2024-05-02T07:01:46.300Z, 272.4040328, 516.006421
1714633306321, 2024-05-02T07:01:46.321Z, 243.4198766, 566.9817664
1714633306332, 2024-05-02T07:01:46.332Z, 234.51137640000002, 581.6141954000001
1714633306365, 2024-05-02T07:01:46.365Z, 234.0822052, 587.6555999999999
1714633306377, 2024-05-02T07:01:46.377Z, 235.947931, 587.5237579999999
1714633306392, 2024-05-02T07:01:46.392Z, 240.140739, 589.3624841999999
1714633306416, 2024-05-02T07:01:46.416Z, 244.6469348, 591.0450475999999
1714633306440, 2024-05-02T07:01:46.440Z, 249.18314700000002, 592.1449433999999
1714633306460, 2024-05-02T07:01:46.460Z, 250.7817086, 594.6890946
1714633306473, 2024-05-02T07:01:46.473Z, 252.74033440000002, 595.3078515999999
1714633306495, 2024-05-02T07:01:46.495Z, 253.94035120000004, 594.6344413999999
1714633306509, 2024-05-02T07:01:46.509Z, 255.38945619999998, 595.0665588
1714633306517, 2024-05-02T07:01:46.517Z, 256.93294560000004, 596.4251664000001
1714633306533, 2024-05-02T07:01:46.533Z, 258.3260076, 598.179782
1714633306548, 2024-05-02T07:01:46.548Z, 261.11908580000005, 601.5386188
1714633306564, 2024-05-02T07:01:46.564Z, 264.94256220000005, 604.3763844000001
1714633306595, 2024-05-02T07:01:46.595Z, 274.0216606, 605.960954
1714633306636, 2024-05-02T07:01:46.636Z, 283.98175299999997, 606.5001916
1714633306647, 2024-05-02T07:01:46.647Z, 293.1570606, 605.9993629999999
1714633306685, 2024-05-02T07:01:46.685Z, 323.1383158, 602.8903668
1714633306693, 2024-05-02T07:01:46.693Z, 352.603268, 600.3152324
1714633306715, 2024-05-02T07:01:46.715Z, 379.1716152, 597.5871811999999
1714633306730, 2024-05-02T07:01:46.730Z, 405.4528686, 596.9456666
1714633306739, 2024-05-02T07:01:46.739Z, 434.04209499999996, 598.7774354
1714633306776, 2024-05-02T07:01:46.776Z, 437.6896554, 602.0467193999999
1714633306783, 2024-05-02T07:01:46.783Z, 439.3552968, 606.6525952
1714633306805, 2024-05-02T07:01:46.805Z, 430.5909008, 611.1407254000001
1714633306819, 2024-05-02T07:01:46.819Z, 419.3640548, 612.8980068
1714633306828, 2024-05-02T07:01:46.828Z, 406.8310236, 611.4987880000001
1714633306851, 2024-05-02T07:01:46.851Z, 394.02511979999997, 609.8716478
1714633306860, 2024-05-02T07:01:46.860Z, 382.0898936, 607.2311382
1714633306874, 2024-05-02T07:01:46.874Z, 376.5985336, 603.4754738
1714633306895, 2024-05-02T07:01:46.895Z, 372.3911234, 601.8304588
1714633306918, 2024-05-02T07:01:46.918Z, 367.3293292, 600.8637566
1714633306935, 2024-05-02T07:01:46.935Z, 365.3770924, 600.5787338
1714633306952, 2024-05-02T07:01:46.952Z, 362.67295759999996, 599.289048
1714633306968, 2024-05-02T07:01:46.968Z, 361.262835, 599.6917301999999
1714633306983, 2024-05-02T07:01:46.983Z, 361.3720278, 601.7366952
1714633306999, 2024-05-02T07:01:46.999Z, 347.04292100000004, 605.7287335999999
1714633307015, 2024-05-02T07:01:47.015Z, 335.4001316, 608.4899413999999
1714633307030, 2024-05-02T07:01:47.030Z, 326.2365074, 611.4794962
1714633307047, 2024-05-02T07:01:47.047Z, 304.2032182, 616.4382269999999
1714633307074, 2024-05-02T07:01:47.074Z, 286.18294419999995, 617.2123538
1714633307093, 2024-05-02T07:01:47.093Z, 276.91404819999997, 616.8873732
1714633307108, 2024-05-02T07:01:47.108Z, 271.41485059999997, 616.455854
1714633307124, 2024-05-02T07:01:47.124Z, 266.7347986, 616.1220042000001
1714633307140, 2024-05-02T07:01:47.140Z, 264.3294156, 615.5862642
1714633307155, 2024-05-02T07:01:47.155Z, 260.9884614, 615.5407029999999
1714633307170, 2024-05-02T07:01:47.170Z, 265.3146806, 614.3201676000001
1714633307186, 2024-05-02T07:01:47.186Z, 257.5259066, 615.7893498000001
1714633307202, 2024-05-02T07:01:47.202Z, 250.72560800000002, 617.0851835999999
1714633307222, 2024-05-02T07:01:47.222Z, 260.8102864, 615.1859482
1714633307233, 2024-05-02T07:01:47.233Z, 272.9599272, 613.4728422000001
1714633307250, 2024-05-02T07:01:47.250Z, 286.341005, 612.2317052000001
1714633307265, 2024-05-02T07:01:47.265Z, 305.601584, 610.0777076
1714633307279, 2024-05-02T07:01:47.279Z, 325.83124340000006, 609.0703724
1714633307295, 2024-05-02T07:01:47.295Z, 347.7329596000001, 607.5572834000001
1714633307311, 2024-05-02T07:01:47.311Z, 363.5678098, 606.0437128
1714633307327, 2024-05-02T07:01:47.327Z, 376.6720422, 604.0007538
1714633307342, 2024-05-02T07:01:47.342Z, 394.7087708, 601.97268
1714633307368, 2024-05-02T07:01:47.368Z, 410.66751379999994, 599.4080242
1714633307384, 2024-05-02T07:01:47.384Z, 419.3950516000001, 598.3074667999999
1714633307400, 2024-05-02T07:01:47.400Z, 427.68251840000005, 598.102552
1714633307412, 2024-05-02T07:01:47.412Z, 435.30625799999996, 598.3079452
1714633307430, 2024-05-02T07:01:47.430Z, 438.25666920000003, 598.2446022
1714633307445, 2024-05-02T07:01:47.445Z, 438.2277104000001, 597.8344539999999
1714633307457, 2024-05-02T07:01:47.457Z, 436.3497026, 596.6190325999999
1714633307478, 2024-05-02T07:01:47.478Z, 433.61337219999996, 595.0026359999999
1714633307490, 2024-05-02T07:01:47.490Z, 430.99904779999997, 593.2842544
1714633307521, 2024-05-02T07:01:47.521Z, 427.8913658, 591.4175587999999
1714633307535, 2024-05-02T07:01:47.535Z, 429.5767624, 590.9117581999999
1714633307547, 2024-05-02T07:01:47.547Z, 449.6872026, 593.4589318000001
1714633307565, 2024-05-02T07:01:47.565Z, 479.0422902, 597.0886459999999
1714633307580, 2024-05-02T07:01:47.580Z, 509.3125561999999, 600.8139402
1714633307592, 2024-05-02T07:01:47.592Z, 541.5060706, 604.7972400000001
1714633307609, 2024-05-02T07:01:47.609Z, 576.3352007999999, 608.1996632
1714633307625, 2024-05-02T07:01:47.625Z, 594.047109, 609.5490612000001
1714633307637, 2024-05-02T07:01:47.637Z, 602.6997945999999, 610.0282344
1714633307671, 2024-05-02T07:01:47.671Z, 613.0906815999999, 608.8732786
1714633307682, 2024-05-02T07:01:47.682Z, 622.4637786000001, 608.0160716
1714633307700, 2024-05-02T07:01:47.700Z, 626.2539974, 608.313712
1714633307715, 2024-05-02T07:01:47.715Z, 628.8104108, 611.5844834
1714633307727, 2024-05-02T07:01:47.727Z, 630.8633896, 614.7429354000001
1714633307744, 2024-05-02T07:01:47.744Z, 624.6909932000001, 618.1395868
1714633307760, 2024-05-02T07:01:47.760Z, 618.5899158, 620.0804292
1714633307772, 2024-05-02T07:01:47.772Z, 612.573025, 619.5856077999999
1714633307792, 2024-05-02T07:01:47.792Z, 604.179443, 613.3309114000001
1714633307818, 2024-05-02T07:01:47.818Z, 596.8385338, 605.7458328
1714633307834, 2024-05-02T07:01:47.834Z, 595.1124084, 599.4172592000001
1714633307850, 2024-05-02T07:01:47.850Z, 587.029393, 597.0559372
1714633307865, 2024-05-02T07:01:47.865Z, 577.3635804, 595.7020848
1714633307881, 2024-05-02T07:01:47.881Z, 569.968228, 597.0058713999999
1714633307897, 2024-05-02T07:01:47.897Z, 562.3691306000001, 599.6255829999999
1714633307912, 2024-05-02T07:01:47.912Z, 555.3433385999999, 602.9176678
1714633307928, 2024-05-02T07:01:47.928Z, 554.3971336000001, 603.5014863999999
1714633307943, 2024-05-02T07:01:47.943Z, 554.4818034, 603.7626864
1714633307971, 2024-05-02T07:01:47.971Z, 554.9701762, 603.673408
1714633307984, 2024-05-02T07:01:47.984Z, 555.9855318, 604.2448752
1714633307997, 2024-05-02T07:01:47.997Z, 556.821167, 605.1871628
1714633308014, 2024-05-02T07:01:48.014Z, 557.2513409999999, 605.9237154
1714633308030, 2024-05-02T07:01:48.030Z, 561.6027676, 608.444443
1714633308042, 2024-05-02T07:01:48.042Z, 569.4128222, 611.9886594
1714633308059, 2024-05-02T07:01:48.059Z, 602.933485, 611.6783642
1714633308075, 2024-05-02T07:01:48.075Z, 633.7364136, 610.8880155999999
1714633308087, 2024-05-02T07:01:48.087Z, 667.8266422, 609.5038064
1714633308121, 2024-05-02T07:01:48.121Z, 703.1359199999999, 605.7670166
1714633308134, 2024-05-02T07:01:48.134Z, 735.2406744000001, 601.2659632000001
1714633308150, 2024-05-02T07:01:48.150Z, 739.3649284, 601.8055738
1714633308165, 2024-05-02T07:01:48.165Z, 746.3306622, 601.2734493999999
1714633308177, 2024-05-02T07:01:48.177Z, 749.4307646, 601.5848897999999
1714633308195, 2024-05-02T07:01:48.195Z, 746.6681653999999, 602.6073848
1714633308212, 2024-05-02T07:01:48.212Z, 743.735872, 603.0374251999999
1714633308223, 2024-05-02T07:01:48.223Z, 742.446883, 601.8651504
1714633308240, 2024-05-02T07:01:48.240Z, 739.4177781999999, 602.3474312000001
1714633308269, 2024-05-02T07:01:48.269Z, 737.75841, 600.8075906
1714633308285, 2024-05-02T07:01:48.285Z, 694.0574934, 599.4530334
1714633308301, 2024-05-02T07:01:48.301Z, 639.2799306, 599.4260048
1714633308317, 2024-05-02T07:01:48.317Z, 575.0369724, 599.761684
1714633308332, 2024-05-02T07:01:48.332Z, 511.51618360000003, 598.1072054
1714633308347, 2024-05-02T07:01:48.347Z, 399.2412354, 600.1575994000001
1714633308362, 2024-05-02T07:01:48.362Z, 329.0979256, 602.3201852
1714633308378, 2024-05-02T07:01:48.378Z, 269.837312, 604.3680154000001
1714633308393, 2024-05-02T07:01:48.393Z, 219.90054020000002, 606.8624500000001
1714633308420, 2024-05-02T07:01:48.420Z, 170.67592360000003, 610.3986328
1714633308434, 2024-05-02T07:01:48.434Z, 170.9327582, 611.0402200000001
1714633308446, 2024-05-02T07:01:48.446Z, 171.7566876, 611.966368
1714633308464, 2024-05-02T07:01:48.464Z, 173.4074948, 612.5895760000001
1714633308479, 2024-05-02T07:01:48.479Z, 176.885677, 612.6347098
1714633308491, 2024-05-02T07:01:48.491Z, 180.9961824, 612.7783706
1714633308509, 2024-05-02T07:01:48.509Z, 183.96863860000002, 614.2795532
1714633308524, 2024-05-02T07:01:48.524Z, 186.6283776, 615.6545067999999
1714633308536, 2024-05-02T07:01:48.536Z, 188.9348978, 616.6498716
1714633308570, 2024-05-02T07:01:48.570Z, 191.39733280000002, 618.339441
1714633308581, 2024-05-02T07:01:48.581Z, 189.72875679999999, 619.8117832
1714633308599, 2024-05-02T07:01:48.599Z, 201.83090299999998, 620.2436638
1714633308614, 2024-05-02T07:01:48.614Z, 221.57707220000003, 619.6487626
1714633308626, 2024-05-02T07:01:48.626Z, 242.0558302, 619.150877
1714633308644, 2024-05-02T07:01:48.644Z, 277.72485100000006, 616.8399466000001
1714633308659, 2024-05-02T07:01:48.659Z, 317.03361000000007, 618.6985846
1714633308673, 2024-05-02T07:01:48.673Z, 342.3742282, 621.4416016000001
1714633308689, 2024-05-02T07:01:48.689Z, 360.3695622, 623.5320302
1714633308719, 2024-05-02T07:01:48.719Z, 379.1754322, 624.7619360000001
1714633308735, 2024-05-02T07:01:48.735Z, 381.3075108, 627.5320418
1714633308751, 2024-05-02T07:01:48.751Z, 382.82385239999996, 626.0693074000001
1714633308767, 2024-05-02T07:01:48.767Z, 383.64136620000005, 623.0497062000001
1714633308782, 2024-05-02T07:01:48.782Z, 382.8184522, 622.1534469999999
1714633308797, 2024-05-02T07:01:48.797Z, 379.65670860000006, 620.3902352
1714633308813, 2024-05-02T07:01:48.813Z, 375.8888696, 617.8562756
1714633308828, 2024-05-02T07:01:48.828Z, 372.84680979999996, 615.4335724
1714633308844, 2024-05-02T07:01:48.844Z, 370.2321344, 614.8014356000001
1714633308870, 2024-05-02T07:01:48.870Z, 368.4626272, 613.2759974
1714633308892, 2024-05-02T07:01:48.892Z, 368.0666835999999, 613.8262096000001
1714633308908, 2024-05-02T07:01:48.908Z, 369.08726520000005, 615.5656068000001
1714633308923, 2024-05-02T07:01:48.923Z, 378.36883280000006, 616.7967974000001
1714633308938, 2024-05-02T07:01:48.938Z, 393.0292398, 617.6252764
1714633308954, 2024-05-02T07:01:48.954Z, 408.979213, 618.9203678
1714633308970, 2024-05-02T07:01:48.970Z, 429.262367, 620.38804
1714633308985, 2024-05-02T07:01:48.985Z, 451.24605919999993, 621.4769712
1714633309001, 2024-05-02T07:01:49.001Z, 468.99931640000005, 623.4330724
1714633309020, 2024-05-02T07:01:49.020Z, 484.2859872, 624.634519
1714633309031, 2024-05-02T07:01:49.031Z, 498.88962139999995, 625.2842672
1714633309063, 2024-05-02T07:01:49.063Z, 508.8634926, 625.4653192000001
1714633309078, 2024-05-02T07:01:49.078Z, 516.3074042000001, 625.2473180000001
1714633309093, 2024-05-02T07:01:49.093Z, 515.9902994, 623.7174938
1714633309110, 2024-05-02T07:01:49.110Z, 512.4690181999999, 622.7430362000001
1714633309125, 2024-05-02T07:01:49.125Z, 508.97706160000007, 622.4265938
1714633309141, 2024-05-02T07:01:49.141Z, 504.799587, 622.5922418
1714633309167, 2024-05-02T07:01:49.167Z, 500.3432838, 622.9662936
1714633309184, 2024-05-02T07:01:49.184Z, 499.5294584, 626.704691
1714633309199, 2024-05-02T07:01:49.199Z, 499.1371282, 630.7818318000001
1714633309211, 2024-05-02T07:01:49.211Z, 499.0121354, 634.414386
1714633309229, 2024-05-02T07:01:49.229Z, 500.2561804, 637.2540266
1714633309244, 2024-05-02T07:01:49.244Z, 501.91507199999995, 638.8780485999999
1714633309256, 2024-05-02T07:01:49.256Z, 500.573776, 636.5734884
1714633309274, 2024-05-02T07:01:49.274Z, 498.5085464, 632.9177408
1714633309289, 2024-05-02T07:01:49.289Z, 496.61071680000003, 628.7476028
1714633309320, 2024-05-02T07:01:49.320Z, 500.316331, 625.4526384000001
1714633309347, 2024-05-02T07:01:49.347Z, 506.2565966, 622.9041728
1714633309364, 2024-05-02T07:01:49.364Z, 518.859064, 622.1066102
1714633309391, 2024-05-02T07:01:49.391Z, 540.7945942, 621.2192864
1714633309409, 2024-05-02T07:01:49.409Z, 566.8474143999999, 619.4460468
1714633309436, 2024-05-02T07:01:49.436Z, 586.9308612, 617.6119408
1714633309470, 2024-05-02T07:01:49.470Z, 614.6779033999999, 620.1425308
1714633309482, 2024-05-02T07:01:49.482Z, 638.9466626, 622.5147062
1714633309499, 2024-05-02T07:01:49.499Z, 655.3904738, 624.4535
1714633309514, 2024-05-02T07:01:49.514Z, 667.0033695999999, 628.5923904
1714633309529, 2024-05-02T07:01:49.529Z, 679.6545256, 632.1398756000001
1714633309544, 2024-05-02T07:01:49.544Z, 683.3962905999999, 630.9869794
1714633309560, 2024-05-02T07:01:49.560Z, 688.3674124, 630.017196
1714633309576, 2024-05-02T07:01:49.576Z, 692.3258266, 630.5760950000001
1714633309591, 2024-05-02T07:01:49.591Z, 698.9464036, 630.6686562000001
1714633309617, 2024-05-02T07:01:49.617Z, 704.4532752, 631.1612492
1714633309634, 2024-05-02T07:01:49.634Z, 711.1756654, 632.1543184000001
1714633309650, 2024-05-02T07:01:49.650Z, 716.701463, 632.6956814000001
1714633309663, 2024-05-02T07:01:49.663Z, 724.008248, 634.663679
1714633309681, 2024-05-02T07:01:49.681Z, 728.2986338, 635.938439
1714633309701, 2024-05-02T07:01:49.701Z, 732.2823536, 636.7627576000001
1714633309716, 2024-05-02T07:01:49.716Z, 732.5448118, 636.2769876
1714633309732, 2024-05-02T07:01:49.732Z, 729.0415576, 634.6493212
1714633309747, 2024-05-02T07:01:49.747Z, 709.1307514, 631.4900368
1714633309772, 2024-05-02T07:01:49.772Z, 673.0439632, 628.8507334
1714633309786, 2024-05-02T07:01:49.786Z, 629.220188, 626.5946025999999
1714633309799, 2024-05-02T07:01:49.799Z, 576.8298236, 625.7915736
1714633309816, 2024-05-02T07:01:49.816Z, 478.8327394000001, 627.677384
1714633309832, 2024-05-02T07:01:49.832Z, 395.2707702, 629.749532
1714633309843, 2024-05-02T07:01:49.843Z, 328.9206612, 632.1586508
1714633309861, 2024-05-02T07:01:49.861Z, 273.4401122, 634.6697752
1714633309877, 2024-05-02T07:01:49.877Z, 228.4805636, 636.0553512
1714633309888, 2024-05-02T07:01:49.888Z, 231.7036622, 636.9131376
1714633309923, 2024-05-02T07:01:49.923Z, 235.767195, 637.8211274
1714633309934, 2024-05-02T07:01:49.934Z, 239.6799176, 637.7583950000001
1714633309950, 2024-05-02T07:01:49.950Z, 241.793113, 636.6613122000001
1714633309965, 2024-05-02T07:01:49.965Z, 243.14246160000002, 636.906543
1714633309981, 2024-05-02T07:01:49.981Z, 245.76820160000003, 637.9996762000001
1714633310012, 2024-05-02T07:01:50.012Z, 248.919374, 639.5578250000001
1714633310028, 2024-05-02T07:01:50.028Z, 252.7873352, 640.7464758000001
1714633310068, 2024-05-02T07:01:50.068Z, 256.5089368, 641.9767958
1714633310100, 2024-05-02T07:01:50.100Z, 263.325555, 640.1917426
1714633310112, 2024-05-02T07:01:50.112Z, 268.81969879999997, 637.5090339999999
1714633310144, 2024-05-02T07:01:50.144Z, 274.9167662, 634.095401
1714633310157, 2024-05-02T07:01:50.157Z, 281.75423199999994, 639.3690472000001
1714633310191, 2024-05-02T07:01:50.192Z, 287.8055078, 648.1883981999999
1714633310237, 2024-05-02T07:01:50.237Z, 291.17955059999997, 660.8184964
1714633310249, 2024-05-02T07:01:50.249Z, 295.2808778, 671.8950984
1714633310282, 2024-05-02T07:01:50.282Z, 293.5415956, 680.3236979999999
1714633310293, 2024-05-02T07:01:50.293Z, 290.88246, 678.5457616
1714633310311, 2024-05-02T07:01:50.311Z, 286.7590764, 674.6510782
1714633310326, 2024-05-02T07:01:50.326Z, 281.8621516, 670.8939198
1714633310339, 2024-05-02T07:01:50.339Z, 276.672682, 668.2851532000001
1714633310374, 2024-05-02T07:01:50.374Z, 274.79960400000004, 670.1299848
1714633310385, 2024-05-02T07:01:50.385Z, 271.2175646, 675.1471100000001
1714633310402, 2024-05-02T07:01:50.402Z, 268.08315819999996, 680.0746256
1714633310432, 2024-05-02T07:01:50.432Z, 265.33875259999996, 683.8433114000001
1714633310447, 2024-05-02T07:01:50.447Z, 262.89724140000004, 687.85754
1714633310463, 2024-05-02T07:01:50.463Z, 260.5127622, 690.1817148
1714633310478, 2024-05-02T07:01:50.478Z, 257.7373862, 691.2038638
1714633310494, 2024-05-02T07:01:50.494Z, 258.0019814, 692.9894884
1714633310521, 2024-05-02T07:01:50.521Z, 258.3531602, 694.3032398
1714633310536, 2024-05-02T07:01:50.536Z, 262.6341086, 697.7083614000001
1714633310552, 2024-05-02T07:01:50.552Z, 268.7282798, 701.6775286
1714633310564, 2024-05-02T07:01:50.564Z, 279.1411454, 705.7281323999999
1714633310581, 2024-05-02T07:01:50.581Z, 307.66382880000003, 707.432598
1714633310597, 2024-05-02T07:01:50.597Z, 338.0444212, 709.458322
1714633310608, 2024-05-02T07:01:50.608Z, 367.0536582, 708.9556814
1714633310625, 2024-05-02T07:01:50.625Z, 401.58759899999995, 708.3704076
1714633310640, 2024-05-02T07:01:50.640Z, 438.01336359999993, 708.559307
1714633310670, 2024-05-02T07:01:50.670Z, 454.44222460000003, 710.5985834
1714633310684, 2024-05-02T07:01:50.684Z, 470.1467754, 711.2585071999999
1714633310697, 2024-05-02T07:01:50.697Z, 483.7183386, 711.2841154
1714633310716, 2024-05-02T07:01:50.716Z, 491.0915704, 710.9239546000001
1714633310729, 2024-05-02T07:01:50.729Z, 493.3660724, 709.8600242
1714633310742, 2024-05-02T07:01:50.742Z, 495.21087539999996, 707.4743208
1714633310761, 2024-05-02T07:01:50.761Z, 495.83822440000006, 705.5993604
1714633310774, 2024-05-02T07:01:50.774Z, 495.77984, 703.0394494
1714633310789, 2024-05-02T07:01:50.789Z, 496.1559668, 700.5150956
1714633310821, 2024-05-02T07:01:50.821Z, 510.2306304, 700.1693946
1714633310839, 2024-05-02T07:01:50.839Z, 526.381156, 699.4625708
1714633310852, 2024-05-02T07:01:50.852Z, 538.4418906, 700.8061144000001
1714633310867, 2024-05-02T07:01:50.867Z, 551.6588556, 703.148809
1714633310883, 2024-05-02T07:01:50.883Z, 572.1821012, 703.9994546
1714633310898, 2024-05-02T07:01:50.898Z, 584.6030668000001, 702.0846244
1714633310914, 2024-05-02T07:01:50.914Z, 595.7747292, 701.2262742
1714633310929, 2024-05-02T07:01:50.929Z, 614.2657786, 698.1609452
1714633310945, 2024-05-02T07:01:50.945Z, 636.1505046, 696.0623595999999
1714633310967, 2024-05-02T07:01:50.967Z, 650.7984979999999, 696.405904
1714633310984, 2024-05-02T07:01:50.984Z, 660.5033080000001, 698.5492416
1714633310999, 2024-05-02T07:01:50.999Z, 669.3919652, 700.5150806
1714633311011, 2024-05-02T07:01:51.011Z, 675.3249416000001, 701.7146826000001
1714633311029, 2024-05-02T07:01:51.029Z, 676.863041, 701.095222
1714633311044, 2024-05-02T07:01:51.044Z, 677.7238778, 699.0924012
1714633311056, 2024-05-02T07:01:51.056Z, 675.9965341999999, 697.4487338
1714633311074, 2024-05-02T07:01:51.074Z, 666.9557036, 698.1805684
1714633311093, 2024-05-02T07:01:51.093Z, 648.6208824, 700.0049864
1714633311131, 2024-05-02T07:01:51.131Z, 606.8048156000001, 703.7884994
1714633311146, 2024-05-02T07:01:51.146Z, 568.5874594000001, 708.2375234
1714633311163, 2024-05-02T07:01:51.163Z, 476.28638040000004, 714.6078336
1714633311194, 2024-05-02T07:01:51.194Z, 392.7442738, 718.5320664000001
1714633311210, 2024-05-02T07:01:51.210Z, 319.121856, 723.8220392000001
1714633311226, 2024-05-02T07:01:51.226Z, 267.91920919999995, 727.2850434
1714633311242, 2024-05-02T07:01:51.242Z, 214.21871860000002, 730.242518
1714633311271, 2024-05-02T07:01:51.271Z, 215.40354000000002, 729.7396708
1714633311281, 2024-05-02T07:01:51.281Z, 215.25468339999998, 728.3583454000002
1714633311298, 2024-05-02T07:01:51.298Z, 214.13535499999998, 726.4648508
1714633311314, 2024-05-02T07:01:51.314Z, 215.69702379999998, 727.6229598
1714633311336, 2024-05-02T07:01:51.336Z, 216.27808800000003, 729.1495524
1714633311352, 2024-05-02T07:01:51.352Z, 218.01617219999997, 733.706475
1714633311368, 2024-05-02T07:01:51.368Z, 220.17594479999997, 739.9206959999999
1714633311386, 2024-05-02T07:01:51.386Z, 223.2418862, 746.3541803999999
1714633311399, 2024-05-02T07:01:51.399Z, 225.50835560000002, 752.2419982000001
1714633311417, 2024-05-02T07:01:51.417Z, 227.9992514, 758.6081944
1714633311447, 2024-05-02T07:01:51.447Z, 230.5490796, 762.1097957999999
1714633311462, 2024-05-02T07:01:51.462Z, 229.4726404, 765.4829114
1714633311477, 2024-05-02T07:01:51.477Z, 225.392811, 769.7472114
1714633311493, 2024-05-02T07:01:51.493Z, 220.627346, 772.3201925999999
1714633311509, 2024-05-02T07:01:51.509Z, 215.52823580000003, 774.4639742
1714633311526, 2024-05-02T07:01:51.526Z, 211.242736, 777.5909784
1714633311541, 2024-05-02T07:01:51.541Z, 207.41065500000005, 784.1098842
1714633311570, 2024-05-02T07:01:51.570Z, 207.31328939999997, 789.5108428000001
1714633311584, 2024-05-02T07:01:51.584Z, 207.260349, 794.0512876
1714633311596, 2024-05-02T07:01:51.596Z, 206.6104932, 798.5907486
1714633311616, 2024-05-02T07:01:51.616Z, 204.5069066, 803.3028208000002
1714633311630, 2024-05-02T07:01:51.630Z, 204.779409, 803.6839016000001
1714633311642, 2024-05-02T07:01:51.642Z, 204.2924462, 803.6933402000001
1714633311659, 2024-05-02T07:01:51.659Z, 202.4601998, 804.638287
1714633311676, 2024-05-02T07:01:51.676Z, 201.17451119999996, 804.476317
1714633311687, 2024-05-02T07:01:51.687Z, 200.54991739999997, 800.867426
1714633311722, 2024-05-02T07:01:51.722Z, 202.9616718, 779.6965376
1714633311732, 2024-05-02T07:01:51.732Z, 205.9572842, 750.6905352
1714633311749, 2024-05-02T07:01:51.749Z, 212.37955240000002, 706.5928040000001
1714633311764, 2024-05-02T07:01:51.764Z, 218.4150936, 664.3483328
1714633311777, 2024-05-02T07:01:51.777Z, 229.67617140000002, 614.3095874
1714633311808, 2024-05-02T07:01:51.808Z, 237.5481262, 580.0420368
1714633311824, 2024-05-02T07:01:51.824Z, 245.2640038, 553.2615446000001
1714633311840, 2024-05-02T07:01:51.840Z, 250.9403714, 540.7832652000001
1714633311868, 2024-05-02T07:01:51.868Z, 257.2466358, 527.4024613999999
1714633311884, 2024-05-02T07:01:51.884Z, 257.911141, 524.1798906
1714633311901, 2024-05-02T07:01:51.901Z, 259.55564019999997, 525.9257878
1714633311916, 2024-05-02T07:01:51.916Z, 260.49239, 528.7406984
1714633311932, 2024-05-02T07:01:51.932Z, 261.8326846, 533.770777
1714633311947, 2024-05-02T07:01:51.947Z, 262.8296004, 539.0626324000001
1714633311963, 2024-05-02T07:01:51.963Z, 264.1280292, 544.4415274
1714633311979, 2024-05-02T07:01:51.979Z, 265.0173796, 546.382952
1714633311995, 2024-05-02T07:01:51.995Z, 265.5875848, 547.4470693999999
1714633312020, 2024-05-02T07:01:52.020Z, 265.64508620000004, 547.0023088
1714633312034, 2024-05-02T07:01:52.034Z, 266.76008, 544.2157675999999
1714633312046, 2024-05-02T07:01:52.046Z, 267.80203739999996, 541.4040910000001
1714633312064, 2024-05-02T07:01:52.064Z, 268.2833826, 537.8332064
1714633312079, 2024-05-02T07:01:52.079Z, 268.35067979999997, 534.3958840000001
1714633312091, 2024-05-02T07:01:52.091Z, 268.4055128, 531.3394698
1714633312109, 2024-05-02T07:01:52.109Z, 266.00297379999995, 530.0866865999999
1714633312124, 2024-05-02T07:01:52.124Z, 263.5027204, 528.784668
1714633312136, 2024-05-02T07:01:52.136Z, 260.994322, 528.9187284
1714633312171, 2024-05-02T07:01:52.171Z, 258.03096960000005, 528.5214595999998
1714633312197, 2024-05-02T07:01:52.197Z, 254.464336, 527.4720146
1714633312213, 2024-05-02T07:01:52.213Z, 251.842629, 526.3927084
1714633312229, 2024-05-02T07:01:52.229Z, 249.4106264, 525.2735752000001
1714633312245, 2024-05-02T07:01:52.245Z, 246.80982039999998, 525.6855708
1714633312262, 2024-05-02T07:01:52.262Z, 245.0063346, 527.0549918
1714633312275, 2024-05-02T07:01:52.275Z, 243.95276479999998, 529.6245656000001
1714633312318, 2024-05-02T07:01:52.318Z, 247.4350312, 534.319753
1714633312350, 2024-05-02T07:01:52.350Z, 254.2751194, 539.931688
1714633312362, 2024-05-02T07:01:52.362Z, 267.1991068, 544.230017
1714633312397, 2024-05-02T07:01:52.397Z, 293.911633, 550.899999
1714633312407, 2024-05-02T07:01:52.407Z, 321.74134300000003, 556.0534196
1714633312424, 2024-05-02T07:01:52.424Z, 346.64633779999997, 558.6517784
1714633312439, 2024-05-02T07:01:52.439Z, 367.0635888, 559.0339985999999
1714633312470, 2024-05-02T07:01:52.470Z, 386.22518160000004, 554.9340457999999
1714633312484, 2024-05-02T07:01:52.484Z, 390.9287508, 549.0361862000001
1714633312497, 2024-05-02T07:01:52.497Z, 393.3137896, 544.4379339999999
1714633312514, 2024-05-02T07:01:52.514Z, 409.5439966, 541.3269936
1714633312530, 2024-05-02T07:01:52.530Z, 441.06872380000004, 540.6608650000001
1714633312542, 2024-05-02T07:01:52.542Z, 473.61429, 543.9827564
1714633312560, 2024-05-02T07:01:52.560Z, 512.4605974, 546.8923993999999
1714633312576, 2024-05-02T07:01:52.576Z, 553.0975926, 549.7402367999999
1714633312601, 2024-05-02T07:01:52.601Z, 580.8898118000001, 551.6887565999999
1714633312621, 2024-05-02T07:01:52.621Z, 594.7186892000001, 552.445215
1714633312633, 2024-05-02T07:01:52.633Z, 603.137734, 553.9596354
1714633312650, 2024-05-02T07:01:52.650Z, 605.6917596, 554.8093274
1714633312664, 2024-05-02T07:01:52.664Z, 607.6121049999999, 554.5694854000001
1714633312680, 2024-05-02T07:01:52.680Z, 607.0541018, 554.8371566
1714633312695, 2024-05-02T07:01:52.695Z, 604.3391404, 555.0277900000001
1714633312711, 2024-05-02T07:01:52.711Z, 600.4353176, 554.52656
1714633312727, 2024-05-02T07:01:52.727Z, 593.9262102, 553.5889623999999
1714633312742, 2024-05-02T07:01:52.742Z, 586.3262026, 553.5356174000001
1714633312768, 2024-05-02T07:01:52.768Z, 576.9042682, 552.691688
1714633312784, 2024-05-02T07:01:52.784Z, 561.5516104000001, 549.8425365999999
1714633312800, 2024-05-02T07:01:52.800Z, 546.8245334000001, 547.8972898
1714633312812, 2024-05-02T07:01:52.812Z, 535.305246, 547.098592
1714633312829, 2024-05-02T07:01:52.829Z, 524.677479, 545.5939864
1714633312844, 2024-05-02T07:01:52.844Z, 516.6362968, 545.5250618
1714633312857, 2024-05-02T07:01:52.857Z, 516.1894464, 547.3129182
1714633312876, 2024-05-02T07:01:52.876Z, 515.8994838, 548.0963086
1714633312889, 2024-05-02T07:01:52.889Z, 513.1693952, 546.5890706
1714633312921, 2024-05-02T07:01:52.921Z, 509.70469599999996, 544.7529106000001
1714633312935, 2024-05-02T07:01:52.935Z, 505.5971492, 541.6671334
1714633312947, 2024-05-02T07:01:52.947Z, 501.98615540000003, 538.7714804
1714633312980, 2024-05-02T07:01:52.980Z, 504.3216024, 536.1746094
1714633312993, 2024-05-02T07:01:52.993Z, 513.6909774, 535.7118222000001
1714633313027, 2024-05-02T07:01:53.027Z, 537.4507502, 536.0686432
1714633313039, 2024-05-02T07:01:53.039Z, 565.8245588000001, 537.5177160000001
1714633313073, 2024-05-02T07:01:53.073Z, 605.5104767999999, 527.4083635999999
1714633313085, 2024-05-02T07:01:53.085Z, 645.3072326, 524.660267
1714633313102, 2024-05-02T07:01:53.102Z, 679.6330049999999, 518.3697721999999
1714633313124, 2024-05-02T07:01:53.124Z, 698.8590932, 506.1307882
1714633313132, 2024-05-02T07:01:53.132Z, 713.5371511999999, 490.98652780000003
1714633313151, 2024-05-02T07:01:53.151Z, 715.6450674, 487.9557486
1714633313179, 2024-05-02T07:01:53.179Z, 713.8561193999999, 483.72889640000005
1714633313194, 2024-05-02T07:01:53.194Z, 709.6816382, 482.3540868
1714633313218, 2024-05-02T07:01:53.218Z, 707.630086, 487.8755072
1714633313249, 2024-05-02T07:01:53.249Z, 708.6877302, 507.40721219999995
1714633313262, 2024-05-02T07:01:53.262Z, 708.7665810000001, 526.1630046
1714633313279, 2024-05-02T07:01:53.279Z, 703.1308198, 541.8465822000001
1714633313295, 2024-05-02T07:01:53.295Z, 677.4866838, 552.7465410000001
1714633313307, 2024-05-02T07:01:53.307Z, 645.4914198, 563.0514502
1714633313324, 2024-05-02T07:01:53.324Z, 595.6267218, 562.1779872
1714633313339, 2024-05-02T07:01:53.339Z, 538.5763852, 561.8776932
1714633313371, 2024-05-02T07:01:53.371Z, 455.5982664, 558.5239526
1714633313384, 2024-05-02T07:01:53.384Z, 395.43406339999996, 560.762867
1714633313397, 2024-05-02T07:01:53.397Z, 339.8281794, 562.2745878
1714633313417, 2024-05-02T07:01:53.417Z, 297.87450320000005, 562.5415986
1714633313429, 2024-05-02T07:01:53.429Z, 265.2197824, 562.4323918
1714633313444, 2024-05-02T07:01:53.444Z, 262.16290760000004, 562.5053105999999
1714633313460, 2024-05-02T07:01:53.460Z, 257.083513, 563.0719211999999
1714633313476, 2024-05-02T07:01:53.476Z, 252.6483088, 564.1193992000001
1714633313491, 2024-05-02T07:01:53.491Z, 249.488463, 566.2904642000001
1714633313520, 2024-05-02T07:01:53.520Z, 245.4320378, 568.4362748000001
1714633313531, 2024-05-02T07:01:53.531Z, 241.6474842, 570.6911246
1714633313549, 2024-05-02T07:01:53.549Z, 239.29707979999998, 572.4514424
1714633313564, 2024-05-02T07:01:53.564Z, 237.6680136, 574.0268662000001
1714633313577, 2024-05-02T07:01:53.577Z, 236.42953240000003, 575.1417276
1714633313594, 2024-05-02T07:01:53.594Z, 236.25396719999998, 577.3069548
1714633313609, 2024-05-02T07:01:53.609Z, 236.3758358, 578.9480324
1714633313621, 2024-05-02T07:01:53.621Z, 237.80713, 579.4715788
1714633313639, 2024-05-02T07:01:53.639Z, 239.40793680000002, 580.1526154000001
1714633313668, 2024-05-02T07:01:53.668Z, 241.91195939999997, 579.993919
1714633313684, 2024-05-02T07:01:53.684Z, 244.74117040000002, 578.7845734
1714633313701, 2024-05-02T07:01:53.701Z, 254.31358719999997, 577.769048
1714633313714, 2024-05-02T07:01:53.714Z, 273.20374860000004, 579.0730212
1714633313732, 2024-05-02T07:01:53.732Z, 297.37701960000004, 579.3939822
1714633313747, 2024-05-02T07:01:53.747Z, 321.78706380000006, 580.2750561999999
1714633313758, 2024-05-02T07:01:53.758Z, 345.90792600000003, 581.2352177999999
1714633313775, 2024-05-02T07:01:53.775Z, 361.88721939999994, 583.086989
1714633313790, 2024-05-02T07:01:53.790Z, 368.37417519999997, 582.6479783999999
1714633313822, 2024-05-02T07:01:53.822Z, 368.8606084, 581.1510688000001
1714633313836, 2024-05-02T07:01:53.836Z, 367.8319788, 579.4956926
1714633313847, 2024-05-02T07:01:53.847Z, 365.89084859999997, 578.0352672
1714633313864, 2024-05-02T07:01:53.864Z, 364.2251072, 573.3008086
1714633313880, 2024-05-02T07:01:53.880Z, 362.7160642, 569.3989770000001
1714633313892, 2024-05-02T07:01:53.892Z, 362.41880000000003, 568.0453778
1714633313909, 2024-05-02T07:01:53.909Z, 365.0807044, 567.1740953999999
1714633313925, 2024-05-02T07:01:53.925Z, 370.50771219999996, 566.1039094
1714633313939, 2024-05-02T07:01:53.939Z, 388.512761, 568.6125132000001
1714633313971, 2024-05-02T07:01:53.971Z, 409.38141260000003, 571.0130954
1714633313986, 2024-05-02T07:01:53.986Z, 429.7291384, 573.0463470000001
1714633314008, 2024-05-02T07:01:54.008Z, 452.47999980000003, 576.2216012
1714633314022, 2024-05-02T07:01:54.022Z, 473.03652320000003, 579.8904850000001
1714633314033, 2024-05-02T07:01:54.033Z, 481.8618082, 582.0699830000001
1714633314052, 2024-05-02T07:01:54.052Z, 486.4150772, 583.3093192
1714633314066, 2024-05-02T07:01:54.066Z, 491.0194894, 583.9904568
1714633314079, 2024-05-02T07:01:54.079Z, 489.4823856, 580.3697966000001
1714633314099, 2024-05-02T07:01:54.099Z, 488.91970820000006, 576.5289616
1714633314117, 2024-05-02T07:01:54.117Z, 489.6566474, 571.9375786
1714633314134, 2024-05-02T07:01:54.134Z, 491.13867819999996, 567.680112
1714633314149, 2024-05-02T07:01:54.149Z, 511.162575, 566.272775
1714633314163, 2024-05-02T07:01:54.163Z, 536.1098814, 566.4873758
1714633314181, 2024-05-02T07:01:54.181Z, 563.0505618, 566.6515311999999
1714633314196, 2024-05-02T07:01:54.196Z, 588.854591, 566.5106487999999
1714633314208, 2024-05-02T07:01:54.208Z, 616.1307237999999, 566.3978807999999
1714633314237, 2024-05-02T07:01:54.237Z, 624.1356136, 564.2917292
1714633314252, 2024-05-02T07:01:54.252Z, 628.4248818, 564.1928182
1714633314272, 2024-05-02T07:01:54.272Z, 629.8690756000001, 565.4265870000002
1714633314286, 2024-05-02T07:01:54.286Z, 630.9429434, 568.2107118000001
1714633314299, 2024-05-02T07:01:54.299Z, 629.2503252, 571.3191164
1714633314316, 2024-05-02T07:01:54.316Z, 628.5336556, 574.387499
1714633314331, 2024-05-02T07:01:54.331Z, 627.7800572, 576.3966492
1714633314345, 2024-05-02T07:01:54.345Z, 629.0361005999999, 577.6098522
1714633314361, 2024-05-02T07:01:54.361Z, 633.1781594, 578.8166114
1714633314376, 2024-05-02T07:01:54.376Z, 638.2422852000001, 579.4485378
1714633314392, 2024-05-02T07:01:54.392Z, 643.0750128, 579.1819605999999
1714633314423, 2024-05-02T07:01:54.423Z, 648.4679162000001, 577.9404425999999
1714633314438, 2024-05-02T07:01:54.438Z, 652.3964388, 576.0600105999999
1714633314453, 2024-05-02T07:01:54.453Z, 653.5743722, 573.7324030000001
1714633314469, 2024-05-02T07:01:54.469Z, 655.559214, 572.798427
1714633314485, 2024-05-02T07:01:54.485Z, 657.2092178, 572.3946714000001
1714633314500, 2024-05-02T07:01:54.500Z, 659.033065, 575.0648166
1714633314516, 2024-05-02T07:01:54.516Z, 660.9382668000001, 577.5664370000001
1714633314532, 2024-05-02T07:01:54.532Z, 662.9674786, 580.2759908
1714633314547, 2024-05-02T07:01:54.547Z, 664.41301, 582.1013634
1714633314569, 2024-05-02T07:01:54.569Z, 656.1951980000001, 583.2960204
1714633314599, 2024-05-02T07:01:54.599Z, 633.977175, 582.4355654
1714633314613, 2024-05-02T07:01:54.613Z, 607.28849, 581.8392464
1714633314647, 2024-05-02T07:01:54.647Z, 565.8913668, 581.2434897999999
1714633314659, 2024-05-02T07:01:54.659Z, 503.2802852000001, 580.0237594
1714633314691, 2024-05-02T07:01:54.691Z, 449.4733006, 579.2892952
1714633314720, 2024-05-02T07:01:54.720Z, 395.5640152, 579.4507891999999
1714633314734, 2024-05-02T07:01:54.734Z, 341.38971760000004, 581.6619012000001
1714633314748, 2024-05-02T07:01:54.748Z, 301.9527324, 583.5017317999999
1714633314764, 2024-05-02T07:01:54.764Z, 283.1668692, 586.4782904
1714633314780, 2024-05-02T07:01:54.780Z, 264.12515140000005, 589.7074333999999
1714633314795, 2024-05-02T07:01:54.795Z, 256.80601720000004, 592.5520090000001
1714633314811, 2024-05-02T07:01:54.811Z, 252.82935400000002, 593.2964715999999
1714633314826, 2024-05-02T07:01:54.826Z, 249.48087700000002, 594.8354311999999
1714633314841, 2024-05-02T07:01:54.841Z, 247.2986474, 596.3422469999999
1714633314870, 2024-05-02T07:01:54.870Z, 249.1639944, 597.7129656
1714633314881, 2024-05-02T07:01:54.881Z, 253.97756919999998, 598.9217284
1714633314899, 2024-05-02T07:01:54.899Z, 269.08727579999993, 600.6395769999999
1714633314914, 2024-05-02T07:01:54.914Z, 282.8826868, 601.9796352000001
1714633314926, 2024-05-02T07:01:54.926Z, 303.2056374, 603.7164134000001
1714633314944, 2024-05-02T07:01:54.944Z, 321.4076112, 605.3552182000001
1714633314959, 2024-05-02T07:01:54.959Z, 338.1995842, 607.0596423999999
1714633314972, 2024-05-02T07:01:54.972Z, 347.061306, 608.1841078
1714633314989, 2024-05-02T07:01:54.989Z, 356.8289572, 609.2790888000001
1714633315017, 2024-05-02T07:01:55.017Z, 359.22109979999993, 610.3361993999999
1714633315044, 2024-05-02T07:01:55.044Z, 360.6771418, 611.4550972
1714633315060, 2024-05-02T07:01:55.060Z, 362.044161, 612.3095821999999
1714633315075, 2024-05-02T07:01:55.076Z, 360.3361726, 610.5903897999999
1714633315091, 2024-05-02T07:01:55.091Z, 357.0880684, 607.9910577999999
1714633315107, 2024-05-02T07:01:55.107Z, 354.345152, 604.8725792
1714633315123, 2024-05-02T07:01:55.123Z, 349.47169399999996, 601.1740515999999
1714633315138, 2024-05-02T07:01:55.138Z, 344.8132098, 597.617838
1714633315170, 2024-05-02T07:01:55.170Z, 339.2518368, 596.9125550000001
1714633315186, 2024-05-02T07:01:55.186Z, 333.28621000000004, 597.6217144
1714633315202, 2024-05-02T07:01:55.202Z, 323.6801144, 597.9968921999999
1714633315217, 2024-05-02T07:01:55.217Z, 314.0512948, 599.1003583999999
1714633315232, 2024-05-02T07:01:55.232Z, 304.81046119999996, 600.8779517999999
1714633315247, 2024-05-02T07:01:55.247Z, 298.18945279999997, 602.736146
1714633315263, 2024-05-02T07:01:55.263Z, 293.3025546, 604.5970134
1714633315279, 2024-05-02T07:01:55.279Z, 291.45468259999996, 606.2926794000001
1714633315294, 2024-05-02T07:01:55.294Z, 290.0651696, 607.6948246
1714633315321, 2024-05-02T07:01:55.321Z, 286.015803, 608.302896
1714633315332, 2024-05-02T07:01:55.332Z, 281.02739280000003, 608.4294552
1714633315350, 2024-05-02T07:01:55.350Z, 273.8586194, 607.7364454000001
1714633315365, 2024-05-02T07:01:55.365Z, 266.2306234, 606.7010296000001
1714633315377, 2024-05-02T07:01:55.377Z, 259.8214196, 605.2500150000001
1714633315394, 2024-05-02T07:01:55.394Z, 254.43131380000005, 603.8479998
1714633315409, 2024-05-02T07:01:55.409Z, 248.66298339999997, 602.2586292
1714633315421, 2024-05-02T07:01:55.421Z, 245.35038880000002, 600.2325745999999
1714633315453, 2024-05-02T07:01:55.453Z, 242.4753384, 597.1477219999999
1714633315469, 2024-05-02T07:01:55.469Z, 240.01853799999998, 594.0780328
1714633315486, 2024-05-02T07:01:55.486Z, 237.9887756, 591.475874
1714633315501, 2024-05-02T07:01:55.501Z, 236.8069372, 589.2995132
1714633315516, 2024-05-02T07:01:55.516Z, 234.8042122, 589.1126479999999
1714633315532, 2024-05-02T07:01:55.532Z, 233.52155079999997, 590.4341654
1714633315547, 2024-05-02T07:01:55.547Z, 234.11286259999997, 591.7514446000001
1714633315563, 2024-05-02T07:01:55.563Z, 235.53834980000002, 592.4409625999999
1714633315578, 2024-05-02T07:01:55.578Z, 237.1733584, 592.5303092
1714633315593, 2024-05-02T07:01:55.593Z, 239.5555142, 591.8262908
1714633315620, 2024-05-02T07:01:55.620Z, 242.32914499999998, 591.4644842
1714633315634, 2024-05-02T07:01:55.634Z, 245.274039, 590.9920453999999
1714633315646, 2024-05-02T07:01:55.646Z, 248.02256079999998, 590.8339094
1714633315664, 2024-05-02T07:01:55.664Z, 251.2340866, 591.6666332
1714633315679, 2024-05-02T07:01:55.679Z, 254.94287720000003, 592.5373524
1714633315691, 2024-05-02T07:01:55.691Z, 258.1711422, 592.7262218
1714633315709, 2024-05-02T07:01:55.709Z, 259.7787044, 593.8119732
1714633315725, 2024-05-02T07:01:55.725Z, 260.77663640000003, 595.4628696
1714633315738, 2024-05-02T07:01:55.738Z, 259.8274736, 597.1859678
1714633315771, 2024-05-02T07:01:55.771Z, 256.7280558, 598.5646817999999
1714633315781, 2024-05-02T07:01:55.781Z, 252.61651540000003, 599.506897
1714633315799, 2024-05-02T07:01:55.799Z, 245.8381056, 598.0498445999999
1714633315814, 2024-05-02T07:01:55.814Z, 238.98206459999997, 595.9608492
1714633315827, 2024-05-02T07:01:55.827Z, 232.6600614, 592.6273276
1714633315844, 2024-05-02T07:01:55.844Z, 227.53165840000003, 588.7480109999999
1714633315860, 2024-05-02T07:01:55.860Z, 223.4380552, 585.552808
1714633315874, 2024-05-02T07:01:55.874Z, 221.6977984, 584.2043624
1714633315891, 2024-05-02T07:01:55.891Z, 220.4876166, 583.2046892
1714633315921, 2024-05-02T07:01:55.921Z, 219.20150360000002, 582.821026
1714633315937, 2024-05-02T07:01:55.937Z, 217.1321674, 583.0947408
1714633315953, 2024-05-02T07:01:55.953Z, 216.15900820000002, 584.780373
1714633315968, 2024-05-02T07:01:55.968Z, 216.9569372, 587.2608994
1714633315984, 2024-05-02T07:01:55.984Z, 227.3450362, 590.6470684
1714633315999, 2024-05-02T07:01:55.999Z, 242.29550019999996, 594.0694206000001
1714633316014, 2024-05-02T07:01:56.014Z, 262.7039376, 598.0394522
1714633316030, 2024-05-02T07:01:56.030Z, 286.0893588, 601.1865508000001
1714633316045, 2024-05-02T07:01:56.045Z, 311.0027728, 599.363505
1714633316070, 2024-05-02T07:01:56.070Z, 329.55150299999997, 600.5816362
1714633316084, 2024-05-02T07:01:56.084Z, 343.3999998, 599.3439136
1714633316096, 2024-05-02T07:01:56.096Z, 353.1869882, 596.0968664
1714633316113, 2024-05-02T07:01:56.113Z, 359.00686400000006, 591.5056382
1714633316129, 2024-05-02T07:01:56.129Z, 362.0282848, 590.7396759999999
1714633316141, 2024-05-02T07:01:56.141Z, 361.3047888, 585.7928972
1714633316159, 2024-05-02T07:01:56.159Z, 359.78130080000005, 582.59093
1714633316185, 2024-05-02T07:01:56.185Z, 356.4880602, 580.3396844
1714633316201, 2024-05-02T07:01:56.201Z, 352.8641882, 578.4920024
1714633316219, 2024-05-02T07:01:56.219Z, 348.76346780000006, 577.0330668
1714633316231, 2024-05-02T07:01:56.231Z, 345.97037220000004, 575.7450548
1714633316248, 2024-05-02T07:01:56.248Z, 342.84872979999994, 574.3066160000001
1714633316263, 2024-05-02T07:01:56.263Z, 342.1027534, 574.1562874
1714633316278, 2024-05-02T07:01:56.278Z, 341.70234680000004, 574.5178882
1714633316294, 2024-05-02T07:01:56.294Z, 340.762259, 575.7826546
1714633316309, 2024-05-02T07:01:56.309Z, 339.0219184, 576.9941624
1714633316324, 2024-05-02T07:01:56.325Z, 339.6579282, 579.3381602000002
1714633316340, 2024-05-02T07:01:56.340Z, 339.0424848, 580.4245406
1714633316367, 2024-05-02T07:01:56.367Z, 338.2226358, 581.6969624
1714633316383, 2024-05-02T07:01:56.383Z, 337.554423, 582.3643503999999
1714633316399, 2024-05-02T07:01:56.399Z, 335.8297546, 583.2178176
1714633316414, 2024-05-02T07:01:56.414Z, 333.51364219999994, 584.2062685999999
1714633316429, 2024-05-02T07:01:56.429Z, 331.7392548, 586.0064302
1714633316444, 2024-05-02T07:01:56.444Z, 332.2707976, 587.5592731999999
1714633316456, 2024-05-02T07:01:56.456Z, 336.57739, 588.9195953999999
1714633316473, 2024-05-02T07:01:56.473Z, 356.23252080000003, 588.840954
1714633316489, 2024-05-02T07:01:56.489Z, 375.5476084, 588.5886138
1714633316520, 2024-05-02T07:01:56.520Z, 399.1903144, 587.7863284
1714633316534, 2024-05-02T07:01:56.534Z, 420.97520399999996, 587.3368436
1714633316546, 2024-05-02T07:01:56.546Z, 439.4747284, 586.8347672
1714633316564, 2024-05-02T07:01:56.564Z, 444.2199294, 587.184168
1714633316579, 2024-05-02T07:01:56.579Z, 449.3554796, 587.2757392
1714633316593, 2024-05-02T07:01:56.593Z, 449.4914508, 587.2533552000001
1714633316609, 2024-05-02T07:01:56.609Z, 448.5576978, 587.8364408
1714633316624, 2024-05-02T07:01:56.624Z, 447.66146399999997, 588.4545458
1714633316636, 2024-05-02T07:01:56.636Z, 445.3265226, 590.800286
1714633316670, 2024-05-02T07:01:56.670Z, 442.3151492, 593.850112
1714633316681, 2024-05-02T07:01:56.681Z, 438.56799620000004, 596.845401
1714633316700, 2024-05-02T07:01:56.700Z, 435.44015880000006, 599.0131736000001
1714633316714, 2024-05-02T07:01:56.714Z, 433.6567908, 599.4013948
1714633316728, 2024-05-02T07:01:56.728Z, 432.2828668, 598.9274046
1714633316744, 2024-05-02T07:01:56.744Z, 432.05045800000005, 597.3260528000001
1714633316758, 2024-05-02T07:01:56.758Z, 433.0789692, 594.4550162
1714633316774, 2024-05-02T07:01:56.774Z, 434.04688400000003, 591.5980426
1714633316790, 2024-05-02T07:01:56.790Z, 433.7227624, 589.8796138
1714633316817, 2024-05-02T07:01:56.817Z, 432.46380740000006, 587.5798204
1714633316834, 2024-05-02T07:01:56.834Z, 431.3677170000001, 585.9211229999999
1714633316849, 2024-05-02T07:01:56.849Z, 430.30896839999997, 585.9772736
1714633316861, 2024-05-02T07:01:56.861Z, 429.6150094000001, 586.1348582
1714633316894, 2024-05-02T07:01:56.894Z, 429.2489118, 587.2674772
1714633316906, 2024-05-02T07:01:56.906Z, 437.902056, 589.7039391999999
1714633316938, 2024-05-02T07:01:56.938Z, 450.9569986, 592.0808272
1714633316984, 2024-05-02T07:01:56.984Z, 490.25137779999994, 596.4277258
1714633316996, 2024-05-02T07:01:56.996Z, 529.0760834, 600.3120218
1714633317013, 2024-05-02T07:01:57.013Z, 564.73759, 601.4853288
1714633317029, 2024-05-02T07:01:57.029Z, 593.0481502, 601.3027814
1714633317041, 2024-05-02T07:01:57.041Z, 615.8472912, 599.554069
1714633317059, 2024-05-02T07:01:57.059Z, 610.8732038, 593.6345226
1714633317073, 2024-05-02T07:01:57.073Z, 605.7963832, 588.0747013999999
1714633317086, 2024-05-02T07:01:57.086Z, 603.7638154, 584.3662012
1714633317122, 2024-05-02T07:01:57.122Z, 601.2355832000001, 579.455504
1714633317134, 2024-05-02T07:01:57.134Z, 593.7903076, 569.2044057999999
1714633317153, 2024-05-02T07:01:57.153Z, 585.1127012, 557.7072732
1714633317170, 2024-05-02T07:01:57.170Z, 576.2482008, 545.8320535999999
1714633317180, 2024-05-02T07:01:57.180Z, 566.7697504, 534.3104583999999
1714633317206, 2024-05-02T07:01:57.206Z, 555.6377106, 525.4285546
1714633317224, 2024-05-02T07:01:57.224Z, 548.8667576, 523.1907652
1714633317239, 2024-05-02T07:01:57.239Z, 544.3766084000001, 523.9640578000001
1714633317254, 2024-05-02T07:01:57.254Z, 539.5604158, 523.7850852
1714633317270, 2024-05-02T07:01:57.270Z, 534.9164376, 524.5763484
1714633317285, 2024-05-02T07:01:57.285Z, 531.2041992000001, 531.8953572
1714633317317, 2024-05-02T07:01:57.317Z, 527.7900418, 549.9669096
1714633317333, 2024-05-02T07:01:57.333Z, 523.5673376000001, 569.5332408
1714633317364, 2024-05-02T07:01:57.364Z, 514.749583, 593.7943768
1714633317381, 2024-05-02T07:01:57.381Z, 504.98985300000004, 616.5600878
1714633317421, 2024-05-02T07:01:57.421Z, 494.81648600000005, 630.0697056
1714633317448, 2024-05-02T07:01:57.448Z, 487.7881702000001, 629.5991076
1714633317465, 2024-05-02T07:01:57.465Z, 481.4231044, 626.4589572000001
1714633317481, 2024-05-02T07:01:57.481Z, 481.016042, 615.3992258000001
1714633317493, 2024-05-02T07:01:57.493Z, 482.29449860000005, 605.7912404000001
1714633317510, 2024-05-02T07:01:57.510Z, 487.18017339999994, 597.2508316000001
1714633317526, 2024-05-02T07:01:57.526Z, 490.8153404000001, 593.0544032
1714633317538, 2024-05-02T07:01:57.538Z, 495.7027938, 589.3982573999999
1714633317570, 2024-05-02T07:01:57.570Z, 508.8174928, 593.1106018
1714633317581, 2024-05-02T07:01:57.581Z, 520.8336300000001, 595.823344
1714633317601, 2024-05-02T07:01:57.601Z, 533.2962532, 598.8974900000001
1714633317614, 2024-05-02T07:01:57.614Z, 546.3816056, 601.0768788
1714633317628, 2024-05-02T07:01:57.628Z, 562.5653286, 601.4435884000001
1714633317659, 2024-05-02T07:01:57.659Z, 571.2032728, 597.8248754
1714633317674, 2024-05-02T07:01:57.674Z, 580.4379914000001, 593.879438
1714633317689, 2024-05-02T07:01:57.689Z, 588.2880996, 589.810858
1714633317718, 2024-05-02T07:01:57.718Z, 594.9316772, 586.4406268
1714633317734, 2024-05-02T07:01:57.734Z, 596.8980338, 585.7702436000001
1714633317750, 2024-05-02T07:01:57.750Z, 597.7551254, 585.9029641999999
1714633317761, 2024-05-02T07:01:57.761Z, 598.9334258000001, 586.1290730000001
1714633317779, 2024-05-02T07:01:57.779Z, 600.5084770000001, 585.6460897999999
1714633317794, 2024-05-02T07:01:57.794Z, 607.4982960000001, 583.908185
1714633317806, 2024-05-02T07:01:57.806Z, 623.6567946, 582.1657374
1714633317824, 2024-05-02T07:01:57.824Z, 641.3534086000001, 580.8105118
1714633317839, 2024-05-02T07:01:57.839Z, 659.9433678, 580.1595082
1714633317870, 2024-05-02T07:01:57.870Z, 689.5527896, 580.8070713999999
1714633317884, 2024-05-02T07:01:57.884Z, 713.8054146000001, 581.5571798
1714633317896, 2024-05-02T07:01:57.896Z, 729.3372242, 580.7331608
1714633317914, 2024-05-02T07:01:57.914Z, 743.3792272000001, 579.3186216
1714633317929, 2024-05-02T07:01:57.929Z, 755.8348358000001, 578.4236118000001
1714633317942, 2024-05-02T07:01:57.942Z, 755.7551176, 578.9429844
1714633317959, 2024-05-02T07:01:57.959Z, 755.2773654, 580.3639718000001
1714633317975, 2024-05-02T07:01:57.975Z, 754.7566454, 583.7570258
1714633317987, 2024-05-02T07:01:57.987Z, 754.0054108, 588.5699282
1714633318021, 2024-05-02T07:01:58.021Z, 751.5439822000001, 593.8511112
1714633318032, 2024-05-02T07:01:58.032Z, 748.5569171999999, 597.7528188
1714633318049, 2024-05-02T07:01:58.049Z, 740.8790172, 600.6749338
1714633318064, 2024-05-02T07:01:58.064Z, 692.6607865999999, 600.375109
1714633318076, 2024-05-02T07:01:58.076Z, 633.8098235999998, 600.4171546
1714633318094, 2024-05-02T07:01:58.094Z, 550.5069692, 600.71376
1714633318109, 2024-05-02T07:01:58.109Z, 457.0054258, 602.5162399999999
1714633318122, 2024-05-02T07:01:58.122Z, 362.3397954, 604.5174056000001
1714633318139, 2024-05-02T07:01:58.139Z, 306.1128286, 609.1742532000001
1714633318168, 2024-05-02T07:01:58.168Z, 261.05927980000007, 613.5464939999999
1714633318184, 2024-05-02T07:01:58.184Z, 242.2449284, 616.5680882
1714633318200, 2024-05-02T07:01:58.200Z, 233.7496298, 617.1038931999999
1714633318216, 2024-05-02T07:01:58.216Z, 230.34031879999998, 618.2193248
1714633318231, 2024-05-02T07:01:58.231Z, 229.321682, 619.3041076
1714633318247, 2024-05-02T07:01:58.247Z, 227.8757326, 618.5812669999999
1714633318262, 2024-05-02T07:01:58.262Z, 226.50291039999996, 616.3156162
1714633318278, 2024-05-02T07:01:58.278Z, 222.9160874, 614.3930055999999
1714633318294, 2024-05-02T07:01:58.294Z, 219.9989936, 612.1660830000001
1714633318320, 2024-05-02T07:01:58.320Z, 216.9644276, 609.7013052
1714633318339, 2024-05-02T07:01:58.339Z, 214.2331478, 607.726698
1714633318356, 2024-05-02T07:01:58.356Z, 211.1973932, 608.067228
1714633318371, 2024-05-02T07:01:58.371Z, 211.23083459999998, 607.0509208000001
1714633318387, 2024-05-02T07:01:58.387Z, 211.2614364, 606.3358428
1714633318402, 2024-05-02T07:01:58.402Z, 211.65632379999997, 605.4962802
1714633318433, 2024-05-02T07:01:58.433Z, 211.5729538, 605.6741186
1714633318448, 2024-05-02T07:01:58.448Z, 214.2385464, 604.8122014
1714633318470, 2024-05-02T07:01:58.470Z, 231.04754200000002, 607.692152
1714633318481, 2024-05-02T07:01:58.481Z, 248.4859062, 607.8181665999999
1714633318516, 2024-05-02T07:01:58.516Z, 271.45842380000005, 608.3257507999999
1714633318528, 2024-05-02T07:01:58.528Z, 297.93177299999996, 609.9580162
1714633318562, 2024-05-02T07:01:58.562Z, 327.205775, 614.1067808
1714633318588, 2024-05-02T07:01:58.588Z, 343.0619418, 613.0043737999999
1714633318603, 2024-05-02T07:01:58.603Z, 361.0220882, 615.8674634
1714633318635, 2024-05-02T07:01:58.635Z, 374.0839926, 615.376002
1714633318651, 2024-05-02T07:01:58.651Z, 384.1014044, 612.9980427999999
1714633318698, 2024-05-02T07:01:58.698Z, 523.8451576, 565.2175805999999
1714633318729, 2024-05-02T07:01:58.729Z, 720.9050224, 503.77127600000006
1714633318745, 2024-05-02T07:01:58.745Z, 917.5672384, 440.4206366
1714633318772, 2024-05-02T07:01:58.772Z, 1118.3875468, 378.8582762
1714633318792, 2024-05-02T07:01:58.792Z, 1323.414966, 315.79774580000003
1714633318823, 2024-05-02T07:01:58.823Z, 1390.1993202, 296.9184772
1714633318838, 2024-05-02T07:01:58.838Z, 1399.7832504000003, 294.584173
1714633318868, 2024-05-02T07:01:58.868Z, 1406.5089765999999, 294.550097
1714633318883, 2024-05-02T07:01:58.883Z, 1406.2447706, 297.2653226
1714633319101, 2024-05-02T07:01:59.101Z, 1458.9921214, 296.9643982
1714633319131, 2024-05-02T07:01:59.131Z, 1510.7305676, 294.90492559999996
1714633319147, 2024-05-02T07:01:59.147Z, 1560.1067164, 292.8847354
1714633319178, 2024-05-02T07:01:59.178Z, 1610.1199868, 288.9182522
1714633319194, 2024-05-02T07:01:59.194Z, 1662.3094045999999, 284.1915294
1714633319223, 2024-05-02T07:01:59.223Z, 1655.9640776, 286.7343412
1714633319241, 2024-05-02T07:01:59.241Z, 1653.6734278, 290.468386
1714633319288, 2024-05-02T07:01:59.288Z, 1643.9618876, 297.008429
1714633319319, 2024-05-02T07:01:59.319Z, 1611.8099042, 301.5374548
1714633319335, 2024-05-02T07:01:59.335Z, 1578.8310127999998, 305.3397286
1714633319383, 2024-05-02T07:01:59.383Z, 1541.0933949999999, 305.6126696
1714633319427, 2024-05-02T07:01:59.427Z, 1503.813669, 304.62510639999994
1714633319459, 2024-05-02T07:01:59.459Z, 1475.3437284, 300.8858172
1714633319474, 2024-05-02T07:01:59.474Z, 1469.4655078, 299.12623759999997
1714633319491, 2024-05-02T07:01:59.491Z, 1465.2765562, 296.7264162
1714633319553, 2024-05-02T07:01:59.553Z, 1467.2574610000001, 295.38551259999997
1714633319569, 2024-05-02T07:01:59.569Z, 1468.7114732, 294.5344132
1714633319584, 2024-05-02T07:01:59.584Z, 1468.9865602, 294.1059904
1714633319605, 2024-05-02T07:01:59.605Z, 1449.4575036, 297.326234
1714633319616, 2024-05-02T07:01:59.616Z, 1417.4392744, 306.4646958
1714633319632, 2024-05-02T07:01:59.632Z, 1391.1023082, 313.3001848
1714633319647, 2024-05-02T07:01:59.647Z, 1365.6705758, 321.23790020000007
1714633319671, 2024-05-02T07:01:59.671Z, 1339.3437532, 329.2381418
1714633319688, 2024-05-02T07:01:59.688Z, 1334.2609934, 333.1846826
1714633319715, 2024-05-02T07:01:59.715Z, 1353.9946267999999, 328.01162
1714633319733, 2024-05-02T07:01:59.733Z, 1361.5962213999999, 327.5654088
1714633319760, 2024-05-02T07:01:59.760Z, 1377.2917246, 322.4006018
1714633319776, 2024-05-02T07:01:59.776Z, 1388.2805718, 317.72864519999996
1714633319822, 2024-05-02T07:01:59.822Z, 1406.9282234, 309.9478782
1714633319835, 2024-05-02T07:01:59.835Z, 1396.7683366, 312.5999258
1714633319867, 2024-05-02T07:01:59.867Z, 1391.5248862, 314.392656
1714633319898, 2024-05-02T07:01:59.898Z, 1390.7746819999998, 313.4876572
1714633319913, 2024-05-02T07:01:59.913Z, 1390.6139418, 314.0069396
1714633319927, 2024-05-02T07:01:59.927Z, 1365.5516764, 322.46949520000004
1714633319943, 2024-05-02T07:01:59.943Z, 1356.4021986, 324.38701419999995
1714633319984, 2024-05-02T07:01:59.984Z, 1345.867373, 325.1499172
1714633320001, 2024-05-02T07:02:00.001Z, 1336.609046, 324.7812298
1714633320013, 2024-05-02T07:02:00.013Z, 1191.9958422, 331.40360899999996
1714633320030, 2024-05-02T07:02:00.030Z, 1018.8341054, 339.008152
1714633320045, 2024-05-02T07:02:00.045Z, 848.1291263999999, 349.3823767999999
1714633320058, 2024-05-02T07:02:00.058Z, 667.0367582, 359.8922724
1714633320074, 2024-05-02T07:02:00.074Z, 470.67546959999993, 378.1173708
1714633320090, 2024-05-02T07:02:00.090Z, 397.3857188, 389.61838539999997
1714633320121, 2024-05-02T07:02:00.121Z, 363.23399400000005, 393.61141299999997
1714633320135, 2024-05-02T07:02:00.135Z, 318.3149714, 394.66598680000004
1714633320148, 2024-05-02T07:02:00.148Z, 290.2348804, 394.1759556
1714633320164, 2024-05-02T07:02:00.164Z, 265.3870578, 392.18376920000003
1714633320181, 2024-05-02T07:02:00.181Z, 246.61986660000002, 388.4241084
1714633320194, 2024-05-02T07:02:00.194Z, 238.08037839999997, 384.85505340000003
1714633320210, 2024-05-02T07:02:00.210Z, 240.17994960000001, 381.25589840000004
1714633320229, 2024-05-02T07:02:00.229Z, 231.0098742, 383.002047
1714633320273, 2024-05-02T07:02:00.273Z, 196.907861, 394.31661180000003
1714633320287, 2024-05-02T07:02:00.287Z, 192.9157082, 398.6681426
1714633320300, 2024-05-02T07:02:00.300Z, 183.5174638, 406.18093179999994
1714633320331, 2024-05-02T07:02:00.331Z, 170.050713, 410.81449539999994
1714633320346, 2024-05-02T07:02:00.346Z, 176.239902, 406.0086796
1714633320362, 2024-05-02T07:02:00.362Z, 196.979923, 396.0211906
1714633320377, 2024-05-02T07:02:00.377Z, 206.76337840000002, 391.1545438
1714633320393, 2024-05-02T07:02:00.393Z, 220.291813, 384.3713925999999
1714633320435, 2024-05-02T07:02:00.435Z, 243.23602220000004, 386.6106794
1714633320450, 2024-05-02T07:02:00.450Z, 243.1087188, 397.288873
1714633320463, 2024-05-02T07:02:00.463Z, 256.02326359999995, 408.6428754
1714633320479, 2024-05-02T07:02:00.479Z, 264.7214538, 422.41978579999994
1714633320494, 2024-05-02T07:02:00.494Z, 250.5800858, 440.4272204
1714633320507, 2024-05-02T07:02:00.507Z, 232.56562920000002, 451.8841466
1714633320524, 2024-05-02T07:02:00.524Z, 228.78995960000003, 459.1068376
1714633320539, 2024-05-02T07:02:00.539Z, 213.1486816, 463.96271820000004
1714633320570, 2024-05-02T07:02:00.570Z, 202.22785100000002, 465.85392
1714633320585, 2024-05-02T07:02:00.585Z, 205.0317486, 466.156507
1714633320597, 2024-05-02T07:02:00.597Z, 209.61038320000003, 465.8691734
1714633320614, 2024-05-02T07:02:00.614Z, 213.8745884, 465.54602059999996
1714633320634, 2024-05-02T07:02:00.634Z, 216.9719892, 465.55441540000004
1714633320647, 2024-05-02T07:02:00.647Z, 214.25168040000003, 466.5131512
1714633320660, 2024-05-02T07:02:00.660Z, 221.2292038, 463.47320099999996
1714633320678, 2024-05-02T07:02:00.678Z, 218.2866622, 463.4263608
1714633320691, 2024-05-02T07:02:00.691Z, 217.05890340000002, 464.2836802
1714633320724, 2024-05-02T07:02:00.724Z, 223.73878879999998, 462.5519872
1714633320736, 2024-05-02T07:02:00.736Z, 234.4776076, 459.5250586
1714633320752, 2024-05-02T07:02:00.752Z, 242.42802999999998, 456.465747
1714633320768, 2024-05-02T07:02:00.768Z, 245.72291719999998, 454.64195159999997
1714633320783, 2024-05-02T07:02:00.783Z, 248.57319360000002, 450.9806152
1714633320799, 2024-05-02T07:02:00.799Z, 255.82125619999997, 447.35003880000005
1714633320814, 2024-05-02T07:02:00.814Z, 248.67272659999998, 447.2012398
1714633320830, 2024-05-02T07:02:00.830Z, 241.77725300000003, 449.37770140000003
1714633320845, 2024-05-02T07:02:00.845Z, 243.7012762, 449.1869684
1714633320873, 2024-05-02T07:02:00.873Z, 247.28974699999998, 449.1491882
1714633320892, 2024-05-02T07:02:00.892Z, 242.8162816, 449.5349002
1714633320908, 2024-05-02T07:02:00.908Z, 233.43187479999997, 450.9800864
1714633320923, 2024-05-02T07:02:00.923Z, 226.340031, 451.8394184
1714633320938, 2024-05-02T07:02:00.938Z, 225.2578858, 451.50006940000003
1714633320954, 2024-05-02T07:02:00.954Z, 200.0755554, 456.33039440000005
1714633320970, 2024-05-02T07:02:00.970Z, 180.9365366, 461.31689019999993
1714633320986, 2024-05-02T07:02:00.986Z, 185.4097424, 460.45030779999996
1714633321002, 2024-05-02T07:02:01.002Z, 187.311607, 442.52635040000007
1714633321024, 2024-05-02T07:02:01.024Z, 195.25178780000002, 421.19456879999996
1714633321040, 2024-05-02T07:02:01.040Z, 222.34359239999998, 395.242838
1714633321052, 2024-05-02T07:02:01.052Z, 250.70543200000003, 368.9251784
1714633321070, 2024-05-02T07:02:01.070Z, 270.4949716, 344.34338879999996
1714633321083, 2024-05-02T07:02:01.083Z, 283.68078280000003, 339.5582502
1714633321097, 2024-05-02T07:02:01.097Z, 292.053271, 339.39187200000003
1714633321113, 2024-05-02T07:02:01.113Z, 302.7125936, 338.94043580000005
1714633321130, 2024-05-02T07:02:01.130Z, 303.1730212, 340.48444340000003
1714633321144, 2024-05-02T07:02:01.144Z, 304.435812, 342.493282
1714633321176, 2024-05-02T07:02:01.176Z, 309.79139380000004, 341.94268180000006
1714633321191, 2024-05-02T07:02:01.191Z, 311.7876236, 339.834664
1714633321207, 2024-05-02T07:02:01.207Z, 310.1019802, 337.8117732
1714633321223, 2024-05-02T07:02:01.223Z, 304.925185, 337.24014339999997
1714633321239, 2024-05-02T07:02:01.239Z, 305.32233959999996, 334.38822339999996
1714633321255, 2024-05-02T07:02:01.255Z, 309.76833980000004, 330.41107380000005
1714633321269, 2024-05-02T07:02:01.269Z, 298.50766280000005, 330.2572322
1714633321285, 2024-05-02T07:02:01.285Z, 289.8206748, 330.7827914
1714633321300, 2024-05-02T07:02:01.300Z, 291.5443434, 328.28553739999995
1714633321323, 2024-05-02T07:02:01.323Z, 288.3032978, 326.9074046
1714633321338, 2024-05-02T07:02:01.338Z, 281.0504894, 326.9329434
1714633321354, 2024-05-02T07:02:01.354Z, 280.4021662, 324.4360456
1714633321368, 2024-05-02T07:02:01.368Z, 271.7121598, 322.6065136
1714633321394, 2024-05-02T07:02:01.394Z, 269.914718, 320.2777982
1714633321410, 2024-05-02T07:02:01.410Z, 252.67775380000003, 322.5223646
1714633321426, 2024-05-02T07:02:01.426Z, 234.4266126, 325.026918
1714633321441, 2024-05-02T07:02:01.441Z, 227.35528599999998, 326.01346720000004
1714633321457, 2024-05-02T07:02:01.457Z, 218.2081436, 329.41563299999996
1714633321474, 2024-05-02T07:02:01.474Z, 207.81270439999997, 332.50377340000006
1714633321488, 2024-05-02T07:02:01.488Z, 206.8073976, 332.7979894
1714633321503, 2024-05-02T07:02:01.503Z, 209.86141859999998, 331.34187800000007
1714633321519, 2024-05-02T07:02:01.519Z, 209.69809300000003, 331.0210124
1714633321535, 2024-05-02T07:02:01.535Z, 208.8959732, 330.0573852
1714633321566, 2024-05-02T07:02:01.566Z, 206.6867262, 329.4039966
1714633321581, 2024-05-02T07:02:01.581Z, 198.8527348, 329.50195180000003
1714633321597, 2024-05-02T07:02:01.597Z, 196.7247908, 329.52681259999997
1714633321624, 2024-05-02T07:02:01.624Z, 187.05461780000002, 330.52537920000003
1714633321635, 2024-05-02T07:02:01.635Z, 191.292722, 330.23061880000006
1714633321652, 2024-05-02T07:02:01.652Z, 191.2882296, 331.51217540000005
1714633321668, 2024-05-02T07:02:01.668Z, 191.140589, 332.359962
1714633321680, 2024-05-02T07:02:01.680Z, 189.1551566, 334.1568026
1714633321698, 2024-05-02T07:02:01.698Z, 195.91581860000002, 335.50106659999994
1714633321714, 2024-05-02T07:02:01.714Z, 185.56447859999997, 339.10294239999996
1714633321741, 2024-05-02T07:02:01.741Z, 185.97094520000002, 340.158338
1714633321802, 2024-05-02T07:02:01.802Z, 202.4086854, 339.06846640000003
1714633321849, 2024-05-02T07:02:01.849Z, 209.79866739999997, 337.3649176
1714633321896, 2024-05-02T07:02:01.896Z, 211.65022100000002, 337.9147842
1714633321922, 2024-05-02T07:02:01.922Z, 242.2090448, 335.9614876
1714633321936, 2024-05-02T07:02:01.936Z, 268.4810506, 335.124057
1714633321949, 2024-05-02T07:02:01.949Z, 282.6533634, 334.66163399999994
1714633321965, 2024-05-02T07:02:01.965Z, 319.32885699999997, 335.1847238
1714633321981, 2024-05-02T07:02:01.981Z, 343.694315, 331.3286194
1714633322010, 2024-05-02T07:02:02.010Z, 378.016206, 327.92365299999994
1714633322026, 2024-05-02T07:02:02.026Z, 492.14506679999994, 328.4134914
1714633322074, 2024-05-02T07:02:02.074Z, 657.1094202, 330.9158632
1714633322100, 2024-05-02T07:02:02.100Z, 854.0312642000001, 324.7377084
1714633322117, 2024-05-02T07:02:02.117Z, 1052.3559018, 323.80390819999997
1714633322145, 2024-05-02T07:02:02.145Z, 1235.4181714000001, 321.21992080000007
1714633322161, 2024-05-02T07:02:02.161Z, 1329.0549966, 323.18195720000006
1714633322192, 2024-05-02T07:02:02.192Z, 1391.0094672, 328.911432
1714633322235, 2024-05-02T07:02:02.235Z, 1395.6092408, 344.8603704
1714633322251, 2024-05-02T07:02:02.251Z, 1411.9210942, 357.4006572
1714633322280, 2024-05-02T07:02:02.280Z, 1427.5083782, 367.30652799999996
1714633322296, 2024-05-02T07:02:02.296Z, 1431.9449452000001, 372.28450899999996
1714633322327, 2024-05-02T07:02:02.327Z, 1430.9881249999999, 371.0894902
1714633322348, 2024-05-02T07:02:02.348Z, 1430.0499034, 368.5227552
1714633322372, 2024-05-02T07:02:02.372Z, 1434.6535004000002, 367.9656294
1714633322387, 2024-05-02T07:02:02.387Z, 1421.0928156, 372.19197
1714633322426, 2024-05-02T07:02:02.426Z, 1428.0144074, 374.6912572
1714633322442, 2024-05-02T07:02:02.442Z, 1418.9582464, 380.728431
1714633322474, 2024-05-02T07:02:02.474Z, 1423.5519376, 385.6785194
1714633322490, 2024-05-02T07:02:02.490Z, 1415.7155422, 389.6601746
1714633322522, 2024-05-02T07:02:02.522Z, 1402.0011622, 416.772658
1714633322552, 2024-05-02T07:02:02.552Z, 1395.104046, 428.32875320000005
1714633322568, 2024-05-02T07:02:02.568Z, 1383.4537415999998, 453.54644339999993
1714633322599, 2024-05-02T07:02:02.599Z, 1385.1155656, 456.90076600000003
1714633322614, 2024-05-02T07:02:02.614Z, 1382.2731654000002, 472.28008359999995
1714633322645, 2024-05-02T07:02:02.645Z, 1398.4622488, 456.19241739999995
1714633322685, 2024-05-02T07:02:02.685Z, 1412.4099814, 441.1996158
1714633322701, 2024-05-02T07:02:02.701Z, 1421.3418332, 411.63901239999996
1714633322731, 2024-05-02T07:02:02.731Z, 1423.9913302, 404.9240238
1714633322746, 2024-05-02T07:02:02.746Z, 1431.5739914, 387.415759
1714633322759, 2024-05-02T07:02:02.759Z, 1436.8256532000003, 376.9518124
1714633322775, 2024-05-02T07:02:02.775Z, 1429.5010644, 379.9501904
1714633322791, 2024-05-02T07:02:02.791Z, 1436.9383726, 382.7744994000001
1714633322821, 2024-05-02T07:02:02.821Z, 1438.6655723999997, 390.1091238
1714633322836, 2024-05-02T07:02:02.836Z, 1440.9061248000003, 393.4393972
1714633322849, 2024-05-02T07:02:02.849Z, 1439.0685524, 396.5667098
1714633322866, 2024-05-02T07:02:02.866Z, 1437.5792594, 399.54578879999997
1714633322882, 2024-05-02T07:02:02.882Z, 1447.0490399999999, 402.1276918
1714633322895, 2024-05-02T07:02:02.895Z, 1453.466089, 405.14611560000003
1714633322910, 2024-05-02T07:02:02.910Z, 1469.4614772, 409.37307239999996
1714633322926, 2024-05-02T07:02:02.926Z, 1492.1665058000003, 419.8783776
1714633322941, 2024-05-02T07:02:02.941Z, 1511.5393043999998, 428.8374806
1714633322973, 2024-05-02T07:02:02.973Z, 1534.0144685999999, 439.28456800000004
1714633322987, 2024-05-02T07:02:02.987Z, 1551.8084174, 448.50015300000007
1714633323019, 2024-05-02T07:02:03.019Z, 1579.1406732, 456.2517348
1714633323034, 2024-05-02T07:02:03.034Z, 1595.6118952000002, 459.74654519999996
1714633323050, 2024-05-02T07:02:03.050Z, 1615.5191986000002, 465.88074020000005
1714633323065, 2024-05-02T07:02:03.065Z, 1627.2098774, 465.73257920000003
1714633323081, 2024-05-02T07:02:03.081Z, 1632.3147302000002, 466.4499326
1714633323097, 2024-05-02T07:02:03.097Z, 1646.1148376, 452.1232006
1714633323123, 2024-05-02T07:02:03.123Z, 1656.4316951999997, 438.6287076
1714633323136, 2024-05-02T07:02:03.136Z, 1669.1315034, 423.52828719999997
1714633323161, 2024-05-02T07:02:03.161Z, 1676.9347802, 414.2061768
1714633323177, 2024-05-02T07:02:03.177Z, 1674.8785782, 406.8424144
1714633323192, 2024-05-02T07:02:03.192Z, 1659.630831, 409.51188340000004
1714633323208, 2024-05-02T07:02:03.208Z, 1647.3849584, 411.1119458
1714633323224, 2024-05-02T07:02:03.224Z, 1629.471718, 415.3779824
1714633323254, 2024-05-02T07:02:03.254Z, 1606.4845370000003, 422.71243079999994
1714633323271, 2024-05-02T07:02:03.271Z, 1611.1017452, 419.3036558
1714633323287, 2024-05-02T07:02:03.287Z, 1604.0351678000002, 424.7264612
1714633323302, 2024-05-02T07:02:03.302Z, 1599.8463734000002, 429.2449814
1714633323317, 2024-05-02T07:02:03.317Z, 1582.8698134, 434.3019356
1714633323333, 2024-05-02T07:02:03.333Z, 1564.7179474, 439.9132876
1714633323348, 2024-05-02T07:02:03.348Z, 1532.960973, 450.85936139999995
1714633323364, 2024-05-02T07:02:03.364Z, 1495.1707792, 464.1482304
1714633323380, 2024-05-02T07:02:03.380Z, 1444.5923502, 484.58734219999997
1714633323394, 2024-05-02T07:02:03.394Z, 1399.124433, 507.092677
1714633323421, 2024-05-02T07:02:03.421Z, 1351.077993, 530.261489
1714633323432, 2024-05-02T07:02:03.432Z, 1304.877421, 552.8808916
1714633323449, 2024-05-02T07:02:03.449Z, 1267.7500758, 576.2894592
1714633323464, 2024-05-02T07:02:03.464Z, 1245.1147428, 591.4822994
1714633323477, 2024-05-02T07:02:03.477Z, 1230.1708116, 600.9596882
1714633323494, 2024-05-02T07:02:03.494Z, 1226.1992903999999, 602.4576646
1714633323509, 2024-05-02T07:02:03.509Z, 1213.4292722, 600.3748400000001
1714633323522, 2024-05-02T07:02:03.522Z, 1201.2974938, 592.0786678000001
1714633323539, 2024-05-02T07:02:03.539Z, 1191.0250828, 582.6187818000001
1714633323568, 2024-05-02T07:02:03.568Z, 1196.8597094000002, 571.5162424
1714633323584, 2024-05-02T07:02:03.584Z, 1214.8478254, 561.6745922
1714633323599, 2024-05-02T07:02:03.599Z, 1234.8532532000002, 557.1342084
1714633323612, 2024-05-02T07:02:03.612Z, 1254.3002529999999, 554.5821573999999
1714633323629, 2024-05-02T07:02:03.629Z, 1282.1957026, 552.1706002
1714633323644, 2024-05-02T07:02:03.644Z, 1291.0552418, 555.2712364
1714633323660, 2024-05-02T07:02:03.660Z, 1291.6587588, 559.753568
1714633323677, 2024-05-02T07:02:03.677Z, 1300.6298138, 561.5414
1714633323690, 2024-05-02T07:02:03.690Z, 1305.6302544, 561.9342332
1714633323720, 2024-05-02T07:02:03.720Z, 1306.0002002, 561.3797443999999
1714633323735, 2024-05-02T07:02:03.735Z, 1309.3433274, 559.1362204
1714633323747, 2024-05-02T07:02:03.747Z, 1308.5948092, 556.1497592
1714633323764, 2024-05-02T07:02:03.764Z, 1306.1636856, 552.6025804
1714633323780, 2024-05-02T07:02:03.780Z, 1303.1930767999997, 551.2250265999999
1714633323792, 2024-05-02T07:02:03.792Z, 1298.5070542, 554.8052787999999
1714633323809, 2024-05-02T07:02:03.809Z, 1299.7808726, 558.0357956
1714633323829, 2024-05-02T07:02:03.829Z, 1293.1233102, 563.4615586
1714633323839, 2024-05-02T07:02:03.839Z, 1291.1146650000003, 569.5355132
1714633323871, 2024-05-02T07:02:03.871Z, 1290.1247864, 573.6408565999999
1714633323882, 2024-05-02T07:02:03.882Z, 1289.8550704000002, 574.619383
1714633323899, 2024-05-02T07:02:03.899Z, 1289.3242918, 571.8627704
1714633323925, 2024-05-02T07:02:03.925Z, 1290.6010476, 572.1425305999999
1714633323941, 2024-05-02T07:02:03.941Z, 1291.0633868, 572.1933465999999
1714633323956, 2024-05-02T07:02:03.956Z, 1298.0499292, 571.9536014
1714633323971, 2024-05-02T07:02:03.971Z, 1292.8988948, 573.4383326
1714633323988, 2024-05-02T07:02:03.988Z, 1290.4123062, 578.0141142
1714633324003, 2024-05-02T07:02:04.003Z, 1294.5985458, 578.2059913999999
1714633324018, 2024-05-02T07:02:04.018Z, 1295.75857, 573.1530706000001
1714633324034, 2024-05-02T07:02:04.034Z, 1284.8646013999999, 569.6394398
1714633324050, 2024-05-02T07:02:04.050Z, 1282.5750182, 565.1877646
1714633324064, 2024-05-02T07:02:04.064Z, 1272.2936628, 561.8127854
1714633324080, 2024-05-02T07:02:04.080Z, 1256.4689136, 558.4513076000001
1714633324097, 2024-05-02T07:02:04.097Z, 1216.941174, 561.5088744000001
1714633324112, 2024-05-02T07:02:04.112Z, 1188.618668, 563.2903596
1714633324127, 2024-05-02T07:02:04.127Z, 1163.5449342000002, 564.5937348
1714633324143, 2024-05-02T07:02:04.143Z, 1134.7264882, 564.5004184000001
1714633324173, 2024-05-02T07:02:04.173Z, 1116.6669698, 563.9930476000001
1714633324188, 2024-05-02T07:02:04.188Z, 1117.1138948, 563.396367
1714633324200, 2024-05-02T07:02:04.200Z, 1121.285515, 563.3163732
1714633324216, 2024-05-02T07:02:04.216Z, 1123.0295108, 563.6769612
1714633324233, 2024-05-02T07:02:04.233Z, 1123.5942632, 564.7534181999999
1714633324253, 2024-05-02T07:02:04.253Z, 1119.0766902, 565.3596826
1714633324268, 2024-05-02T07:02:04.268Z, 1121.080211, 565.416194
1714633324284, 2024-05-02T07:02:04.284Z, 1113.973221, 566.3104528
1714633324299, 2024-05-02T07:02:04.299Z, 1107.857778, 566.9730975999998
1714633324322, 2024-05-02T07:02:04.322Z, 1114.1273998, 567.1439308000001
1714633324334, 2024-05-02T07:02:04.334Z, 1121.1510122, 567.5536772
1714633324350, 2024-05-02T07:02:04.350Z, 1134.6524844, 566.0174424
1714633324366, 2024-05-02T07:02:04.366Z, 1149.0695274, 562.1073548
1714633324378, 2024-05-02T07:02:04.378Z, 1165.0913376, 555.948669
1714633324398, 2024-05-02T07:02:04.398Z, 1188.3279373999999, 548.2992195999999
1714633324411, 2024-05-02T07:02:04.411Z, 1205.5280532000002, 540.8077155999999
1714633324424, 2024-05-02T07:02:04.424Z, 1207.5311204, 543.7896285999999
1714633324440, 2024-05-02T07:02:04.440Z, 1215.2408556, 547.3346789999999
1714633324470, 2024-05-02T07:02:04.470Z, 1220.230972, 553.0726576
1714633324485, 2024-05-02T07:02:04.485Z, 1215.5179184000003, 559.6557236000001
1714633324505, 2024-05-02T07:02:04.505Z, 1210.8254932000002, 571.430017
1714633324518, 2024-05-02T07:02:04.518Z, 1206.5306618, 570.9390559999999
1714633324549, 2024-05-02T07:02:04.549Z, 1207.3414972, 566.8824852
1714633324564, 2024-05-02T07:02:04.564Z, 1208.0935536000002, 563.7123303999999
1714633324595, 2024-05-02T07:02:04.595Z, 1212.2814501999997, 560.5603613999999
1714633324634, 2024-05-02T07:02:04.634Z, 1222.2000753999998, 553.3648057999999
1714633324664, 2024-05-02T07:02:04.664Z, 1238.1060508, 550.7414624
1714633324679, 2024-05-02T07:02:04.679Z, 1252.6449056, 548.7220186
1714633324695, 2024-05-02T07:02:04.695Z, 1266.0012684, 553.3711108
1714633324709, 2024-05-02T07:02:04.709Z, 1283.2399546, 552.8840422000001
1714633324724, 2024-05-02T07:02:04.724Z, 1301.1635046, 550.9420686000001
1714633324737, 2024-05-02T07:02:04.737Z, 1322.2333864, 547.8985319999999
1714633324771, 2024-05-02T07:02:04.771Z, 1332.8236874, 551.1294626000001
1714633324782, 2024-05-02T07:02:04.782Z, 1334.0505442, 546.0376534000001
1714633324799, 2024-05-02T07:02:04.799Z, 1332.6854036, 541.6747090000001
1714633324815, 2024-05-02T07:02:04.815Z, 1325.0814734, 538.2998252
1714633324829, 2024-05-02T07:02:04.829Z, 1309.3917537999998, 537.361671
1714633324845, 2024-05-02T07:02:04.845Z, 1304.4990328, 529.1258098000001
1714633324861, 2024-05-02T07:02:04.861Z, 1308.5759026, 521.9901334
1714633324877, 2024-05-02T07:02:04.877Z, 1301.7671, 521.909379
1714633324893, 2024-05-02T07:02:04.893Z, 1290.1297648, 525.1120586
1714633324918, 2024-05-02T07:02:04.918Z, 1285.5569166, 528.8613312
1714633324934, 2024-05-02T07:02:04.934Z, 1274.5860332, 538.2360166000001
1714633324949, 2024-05-02T07:02:04.949Z, 1263.5274514, 547.2971970000001
1714633324962, 2024-05-02T07:02:04.962Z, 1254.2869492000002, 552.9698725999999
1714633324979, 2024-05-02T07:02:04.979Z, 1248.2060592000003, 552.9218724
1714633324995, 2024-05-02T07:02:04.995Z, 1219.3814132, 554.6074912
1714633325007, 2024-05-02T07:02:05.007Z, 1193.5139285999999, 554.7167214
1714633325024, 2024-05-02T07:02:05.024Z, 1170.7956296, 553.676822
1714633325040, 2024-05-02T07:02:05.040Z, 1145.8490832, 555.0397009999999
1714633325071, 2024-05-02T07:02:05.071Z, 1129.8584012000001, 557.6566856
1714633325085, 2024-05-02T07:02:05.085Z, 1131.6924878000002, 555.5287376
1714633325097, 2024-05-02T07:02:05.097Z, 1129.7843005999998, 553.96772
1714633325113, 2024-05-02T07:02:05.113Z, 1126.2036472, 553.150636
1714633325144, 2024-05-02T07:02:05.144Z, 1128.1268988, 559.308101
1714633325159, 2024-05-02T07:02:05.159Z, 1139.0514428, 567.0274858
1714633325175, 2024-05-02T07:02:05.175Z, 1155.9701298, 576.3664696
1714633325191, 2024-05-02T07:02:05.191Z, 1173.2092496, 587.6415886
1714633325221, 2024-05-02T07:02:05.221Z, 1189.0565947999999, 601.784447
1714633325237, 2024-05-02T07:02:05.237Z, 1205.8404972, 607.2505112
1714633325252, 2024-05-02T07:02:05.252Z, 1214.9976838, 610.3787022
1714633325268, 2024-05-02T07:02:05.268Z, 1223.887739, 610.5193336
1714633325283, 2024-05-02T07:02:05.283Z, 1227.6188132, 612.3831984000001
1714633325299, 2024-05-02T07:02:05.299Z, 1245.4447286, 608.4150000000001
1714633325315, 2024-05-02T07:02:05.315Z, 1261.3101338000001, 605.5359948
1714633325330, 2024-05-02T07:02:05.330Z, 1268.279764, 605.4790352
1714633325345, 2024-05-02T07:02:05.345Z, 1276.6479286000001, 604.3075788
1714633325368, 2024-05-02T07:02:05.368Z, 1284.3923750000001, 602.2494458
1714633325384, 2024-05-02T07:02:05.384Z, 1280.4259356, 602.1232428000001
1714633325400, 2024-05-02T07:02:05.400Z, 1277.5749336000001, 601.5790748000001
1714633325412, 2024-05-02T07:02:05.412Z, 1270.8893936, 603.3935998000001
1714633325429, 2024-05-02T07:02:05.429Z, 1269.2738368, 603.4700081999999
1714633325445, 2024-05-02T07:02:05.445Z, 1269.3866831999999, 602.4173332
1714633325457, 2024-05-02T07:02:05.457Z, 1264.7777694000001, 603.9294133999999
1714633325474, 2024-05-02T07:02:05.474Z, 1267.8967314, 601.7224614
1714633325492, 2024-05-02T07:02:05.492Z, 1276.1339098, 597.0394776
1714633325523, 2024-05-02T07:02:05.523Z, 1273.325071, 597.706926
1714633325545, 2024-05-02T07:02:05.545Z, 1270.5093333999998, 598.7072622
1714633325561, 2024-05-02T07:02:05.561Z, 1248.5879572, 602.3243261999999
1714633325576, 2024-05-02T07:02:05.576Z, 1224.9191696, 604.0211793999999
1714633325592, 2024-05-02T07:02:05.592Z, 1198.1448409999998, 606.106156
1714633325607, 2024-05-02T07:02:05.607Z, 1174.399208, 607.8544662
1714633325621, 2024-05-02T07:02:05.621Z, 1153.6885031999998, 608.4073542
1714633325637, 2024-05-02T07:02:05.637Z, 1149.9410682000002, 605.7994871999999
1714633325653, 2024-05-02T07:02:05.653Z, 1138.0244616, 610.3981786
1714633325677, 2024-05-02T07:02:05.677Z, 1130.6286058, 616.7198008
1714633325688, 2024-05-02T07:02:05.688Z, 1123.8819360000002, 620.7997160000001
1714633325703, 2024-05-02T07:02:05.703Z, 1122.2627704000001, 622.0147566
1714633325719, 2024-05-02T07:02:05.719Z, 1121.0211364, 624.9169933999999
1714633325733, 2024-05-02T07:02:05.733Z, 1118.7924672000001, 627.8076011999999
1714633325748, 2024-05-02T07:02:05.748Z, 1126.2573788, 623.1457355999999
1714633325764, 2024-05-02T07:02:05.764Z, 1129.5236832, 621.1579317999999
1714633325779, 2024-05-02T07:02:05.779Z, 1125.3808304, 622.3839685999999
1714633325795, 2024-05-02T07:02:05.795Z, 1129.2991078, 619.5828898
1714633325823, 2024-05-02T07:02:05.823Z, 1135.271235, 615.0267912
1714633325835, 2024-05-02T07:02:05.835Z, 1135.0688896, 613.4503716000002
1714633325851, 2024-05-02T07:02:05.851Z, 1134.6823769999999, 612.167833
1714633325863, 2024-05-02T07:02:05.863Z, 1136.9388198, 611.2669656
1714633325880, 2024-05-02T07:02:05.880Z, 1142.4385068, 610.7532536
1714633325896, 2024-05-02T07:02:05.896Z, 1139.4814122000002, 612.8403644
1714633325908, 2024-05-02T07:02:05.908Z, 1130.3081522, 616.8782242
1714633325928, 2024-05-02T07:02:05.928Z, 1125.3892635999998, 618.5845449999999
1714633325950, 2024-05-02T07:02:05.950Z, 1115.8588201999999, 617.8158456
1714633325971, 2024-05-02T07:02:05.972Z, 1104.6596826, 616.7344592000001
1714633325990, 2024-05-02T07:02:05.990Z, 1098.7851084, 613.6350411999999
1714633326000, 2024-05-02T07:02:06.000Z, 1101.5106041999998, 607.8145796
1714633326015, 2024-05-02T07:02:06.015Z, 1105.3810712, 602.584671
1714633326031, 2024-05-02T07:02:06.031Z, 1108.8092252000001, 600.9888097999999
1714633326045, 2024-05-02T07:02:06.045Z, 1109.6843955999998, 600.677232
1714633326060, 2024-05-02T07:02:06.060Z, 1116.733383, 599.5515091999999
1714633326080, 2024-05-02T07:02:06.080Z, 1112.9018854, 605.473223
1714633326092, 2024-05-02T07:02:06.092Z, 1111.9798263999999, 622.1767326
1714633326123, 2024-05-02T07:02:06.123Z, 1128.2289626000002, 652.2034128
1714633326138, 2024-05-02T07:02:06.138Z, 1138.7099379999997, 679.0594870000001
1714633326154, 2024-05-02T07:02:06.154Z, 1144.6736476, 703.4031502
1714633326170, 2024-05-02T07:02:06.170Z, 1162.352272, 732.673575
1714633326185, 2024-05-02T07:02:06.185Z, 1174.9033286000001, 755.7568554000001
1714633326201, 2024-05-02T07:02:06.201Z, 1190.1648522, 763.4582241999999
1714633326217, 2024-05-02T07:02:06.217Z, 1204.3974050000002, 777.703013
1714633326233, 2024-05-02T07:02:06.233Z, 1223.9102406, 795.0355686
1714633326249, 2024-05-02T07:02:06.249Z, 1241.3025956, 802.7415712
1714633326268, 2024-05-02T07:02:06.268Z, 1248.2930211999999, 810.3846276
1714633326284, 2024-05-02T07:02:06.284Z, 1245.6216346, 815.7769806
1714633326300, 2024-05-02T07:02:06.300Z, 1247.391624, 816.8731455999999
1714633326312, 2024-05-02T07:02:06.312Z, 1236.1443902, 818.8263274000001
1714633326329, 2024-05-02T07:02:06.329Z, 1226.3463112000002, 813.3088986
1714633326344, 2024-05-02T07:02:06.344Z, 1221.4409656, 805.2031426
1714633326359, 2024-05-02T07:02:06.359Z, 1209.5202378, 799.5476517999999
1714633326378, 2024-05-02T07:02:06.378Z, 1203.3241166, 795.1390816
1714633326406, 2024-05-02T07:02:06.406Z, 1202.3033114, 789.9721568
1714633326425, 2024-05-02T07:02:06.425Z, 1198.7131290000002, 791.7643850000001
1714633326452, 2024-05-02T07:02:06.452Z, 1196.1994924, 792.5336168000001
1714633326467, 2024-05-02T07:02:06.467Z, 1198.0470842, 788.6608630000001
1714633326483, 2024-05-02T07:02:06.483Z, 1191.5381234000001, 785.2135338
1714633326499, 2024-05-02T07:02:06.499Z, 1191.3215878, 781.6393949999999
1714633326514, 2024-05-02T07:02:06.514Z, 1189.4298296000002, 778.4439903999998
1714633326530, 2024-05-02T07:02:06.530Z, 1184.53163, 776.0756832
1714633326546, 2024-05-02T07:02:06.546Z, 1175.965463, 778.1110196
1714633326572, 2024-05-02T07:02:06.572Z, 1163.9680438, 779.944613
1714633326583, 2024-05-02T07:02:06.583Z, 1149.0580936000001, 781.7348794000001
1714633326600, 2024-05-02T07:02:06.600Z, 1136.3348342, 783.487793
1714633326616, 2024-05-02T07:02:06.616Z, 1129.0612139999998, 784.1885674000001
1714633326631, 2024-05-02T07:02:06.631Z, 1117.4825215999997, 785.7466436000001
1714633326645, 2024-05-02T07:02:06.645Z, 1127.353697, 785.358665
1714633326664, 2024-05-02T07:02:06.664Z, 1136.2544807999998, 784.5742182
1714633326686, 2024-05-02T07:02:06.686Z, 1137.400319, 784.1250574
1714633326701, 2024-05-02T07:02:06.701Z, 1146.075251, 782.4925606
1714633326723, 2024-05-02T07:02:06.723Z, 1149.1818669999998, 781.3545034
1714633326738, 2024-05-02T07:02:06.738Z, 1145.0438989999998, 780.1269508
1714633326752, 2024-05-02T07:02:06.752Z, 1142.2046484, 780.331212
1714633326766, 2024-05-02T07:02:06.766Z, 1147.87841, 779.6574488
1714633326781, 2024-05-02T07:02:06.781Z, 1146.6131464, 780.3323864
1714633326797, 2024-05-02T07:02:06.797Z, 1147.6062904, 782.7694806000001
1714633326811, 2024-05-02T07:02:06.811Z, 1139.2808358, 787.091137
1714633326844, 2024-05-02T07:02:06.844Z, 1138.2765402, 789.2102416
1714633326872, 2024-05-02T07:02:06.872Z, 1136.6341009999999, 790.5328946000001
1714633326891, 2024-05-02T07:02:06.891Z, 1135.0613402, 791.0466666
1714633326906, 2024-05-02T07:02:06.906Z, 1144.105113, 788.3833698000001
1714633326922, 2024-05-02T07:02:06.922Z, 1154.427981, 785.5560388
1714633326937, 2024-05-02T07:02:06.937Z, 1147.732761, 783.3536140000001
1714633326952, 2024-05-02T07:02:06.952Z, 1142.091379, 782.0375552
1714633326969, 2024-05-02T07:02:06.969Z, 1139.493056, 781.7920958
1714633326984, 2024-05-02T07:02:06.984Z, 1127.4196582, 784.3133506
1714633327000, 2024-05-02T07:02:07.000Z, 1118.9478318000001, 787.0729788000001
1714633327021, 2024-05-02T07:02:07.021Z, 1118.7699182000001, 792.1440311999999
1714633327032, 2024-05-02T07:02:07.032Z, 1111.3910988, 799.5213271999999
1714633327049, 2024-05-02T07:02:07.049Z, 1113.5361209999999, 805.4822338
1714633327065, 2024-05-02T07:02:07.065Z, 1121.7964957999998, 809.193691
1714633327077, 2024-05-02T07:02:07.077Z, 1130.2173828, 812.1699163999999
1714633327094, 2024-05-02T07:02:07.094Z, 1142.2729936, 812.1755086000001
1714633327112, 2024-05-02T07:02:07.112Z, 1147.1570263999997, 812.7740818
1714633327125, 2024-05-02T07:02:07.125Z, 1142.0487583999998, 813.5142532
1714633327143, 2024-05-02T07:02:07.143Z, 1139.6931304000002, 812.9648757999998
1714633327172, 2024-05-02T07:02:07.172Z, 1116.0999094, 811.0014788
1714633327200, 2024-05-02T07:02:07.200Z, 1097.0586496, 810.5702789999999
1714633327215, 2024-05-02T07:02:07.215Z, 1088.9778936, 806.2697826
1714633327230, 2024-05-02T07:02:07.230Z, 1076.3554224, 803.5324208
1714633327246, 2024-05-02T07:02:07.246Z, 1081.5743152, 798.581191
1714633327261, 2024-05-02T07:02:07.261Z, 1099.4207634, 796.3424010000001
1714633327278, 2024-05-02T07:02:07.278Z, 1120.4067049999999, 793.772605
1714633327309, 2024-05-02T07:02:07.309Z, 1137.2104838, 793.5109818000001
1714633327326, 2024-05-02T07:02:07.326Z, 1159.8745906, 792.238838
1714633327341, 2024-05-02T07:02:07.341Z, 1159.2813998, 794.489277
1714633327357, 2024-05-02T07:02:07.357Z, 1165.8298082, 796.3335362
1714633327372, 2024-05-02T07:02:07.372Z, 1163.3441128, 798.214415
1714633327389, 2024-05-02T07:02:07.389Z, 1155.0743334, 803.8299589999999
1714633327405, 2024-05-02T07:02:07.405Z, 1146.0983756, 808.643447
1714633327420, 2024-05-02T07:02:07.420Z, 1144.5833152, 813.5195008
1714633327435, 2024-05-02T07:02:07.435Z, 1139.699226, 818.6907640000001
1714633327451, 2024-05-02T07:02:07.451Z, 1137.718607, 823.7566225999999
1714633327472, 2024-05-02T07:02:07.472Z, 1146.8885654, 824.7225242000001
1714633327483, 2024-05-02T07:02:07.483Z, 1148.264836, 827.2726288
1714633327499, 2024-05-02T07:02:07.499Z, 1162.5074684, 824.7467798
1714633327518, 2024-05-02T07:02:07.518Z, 1174.9929554, 823.2454998000001
1714633327531, 2024-05-02T07:02:07.531Z, 1187.6894674, 822.5658396000001
1714633327546, 2024-05-02T07:02:07.546Z, 1199.0759858000001, 821.8179661999999
1714633327562, 2024-05-02T07:02:07.562Z, 1205.5075052, 822.1190174
1714633327578, 2024-05-02T07:02:07.578Z, 1199.2713398, 826.3692764
1714633327594, 2024-05-02T07:02:07.594Z, 1196.6361069999998, 829.2869728
1714633327619, 2024-05-02T07:02:07.619Z, 1180.8947002, 833.1551079999999
1714633327634, 2024-05-02T07:02:07.634Z, 1169.1418250000002, 835.4577409999999
1714633327649, 2024-05-02T07:02:07.649Z, 1169.3337388, 836.2790362
1714633327674, 2024-05-02T07:02:07.674Z, 1161.5546408, 838.4748149999999
1714633327690, 2024-05-02T07:02:07.690Z, 1165.3305394000001, 839.5171834
1714633327706, 2024-05-02T07:02:07.706Z, 1178.3385514000001, 839.366741
1714633327722, 2024-05-02T07:02:07.722Z, 1184.0869416, 840.7491416
1714633327738, 2024-05-02T07:02:07.738Z, 1192.2648961999998, 843.1149512
1714633327754, 2024-05-02T07:02:07.754Z, 1201.3047596000001, 844.3313022
1714633327770, 2024-05-02T07:02:07.770Z, 1198.1171232000002, 847.5380378
1714633327786, 2024-05-02T07:02:07.786Z, 1191.769102, 850.2098045999999
1714633327802, 2024-05-02T07:02:07.802Z, 1186.8802836, 853.4202786
1714633327818, 2024-05-02T07:02:07.818Z, 1183.9036688, 855.5991494
1714633327833, 2024-05-02T07:02:07.833Z, 1181.7761188, 858.8415001999999
1714633327849, 2024-05-02T07:02:07.849Z, 1176.1320952, 861.6429392
1714633327865, 2024-05-02T07:02:07.865Z, 1182.8836059999999, 865.0216928
1714633327881, 2024-05-02T07:02:07.881Z, 1188.5050562000001, 868.0365302
1714633327897, 2024-05-02T07:02:07.897Z, 1183.0449414, 871.9903122
1714633327927, 2024-05-02T07:02:07.927Z, 1173.0072174, 875.3262162000001
1714633327937, 2024-05-02T07:02:07.937Z, 1162.7200902, 876.8127384
1714633327951, 2024-05-02T07:02:07.951Z, 1148.9263873999998, 875.9684374000001
1714633327967, 2024-05-02T07:02:07.967Z, 1137.4349214, 874.6184334
1714633327979, 2024-05-02T07:02:07.979Z, 1127.034894, 873.6462686000001
1714633327998, 2024-05-02T07:02:07.998Z, 1141.9648558, 870.6498545999999
1714633328012, 2024-05-02T07:02:08.012Z, 1157.4096762, 868.9266439999999
1714633328024, 2024-05-02T07:02:08.024Z, 1163.4026271999999, 868.4452193999999
1714633328053, 2024-05-02T07:02:08.053Z, 1177.6491768, 865.9755713999999
1714633328072, 2024-05-02T07:02:08.072Z, 1179.1831035999999, 858.7408998000001
1714633328086, 2024-05-02T07:02:08.086Z, 1175.0609086, 851.6839889999999
1714633328102, 2024-05-02T07:02:08.102Z, 1172.6619925999998, 842.2529336
1714633328116, 2024-05-02T07:02:08.116Z, 1176.0095669999998, 830.2139564000001
1714633328132, 2024-05-02T07:02:08.132Z, 1179.3011314, 816.7546644
1714633328148, 2024-05-02T07:02:08.148Z, 1202.9675776, 805.0696488000001
1714633328163, 2024-05-02T07:02:08.163Z, 1221.8033432, 792.242337
1714633328178, 2024-05-02T07:02:08.178Z, 1279.6823327999998, 767.4884954
1714633328193, 2024-05-02T07:02:08.193Z, 1332.8051852, 746.8245564000001
1714633328222, 2024-05-02T07:02:08.222Z, 1392.9541774000002, 726.1102546
1714633328240, 2024-05-02T07:02:08.240Z, 1444.9846534000003, 706.5749802
1714633328256, 2024-05-02T07:02:08.256Z, 1472.7416360000002, 673.5174678000001
1714633328287, 2024-05-02T07:02:08.287Z, 1465.2360552, 654.7851974
1714633328302, 2024-05-02T07:02:08.302Z, 1460.9255578, 636.8162772
1714633328332, 2024-05-02T07:02:08.332Z, 1435.5562065999998, 621.0284770000001
1714633328348, 2024-05-02T07:02:08.348Z, 1416.4147416, 600.887096
1714633328375, 2024-05-02T07:02:08.375Z, 1415.8755448, 590.1830554000001
1714633328395, 2024-05-02T07:02:08.395Z, 1411.8687132, 582.9536484
1714633328426, 2024-05-02T07:02:08.426Z, 1409.0424016000002, 574.5432772
1714633328442, 2024-05-02T07:02:08.442Z, 1412.108678, 566.2004380000001
1714633328458, 2024-05-02T07:02:08.458Z, 1416.0437989999998, 560.1674082000001
1714633328474, 2024-05-02T07:02:08.474Z, 1421.812281, 560.7508701999999
1714633328489, 2024-05-02T07:02:08.489Z, 1424.4493818, 557.6652058000001
1714633328504, 2024-05-02T07:02:08.504Z, 1438.7608518, 550.0105712000001
1714633328521, 2024-05-02T07:02:08.521Z, 1446.646221, 546.2780716
1714633328551, 2024-05-02T07:02:08.551Z, 1442.371392, 548.3378418
1714633328567, 2024-05-02T07:02:08.567Z, 1433.9437988, 549.6188966
1714633328582, 2024-05-02T07:02:08.582Z, 1432.2578978000001, 550.2753823999999
1714633328598, 2024-05-02T07:02:08.598Z, 1425.3680202, 549.9859514
1714633328615, 2024-05-02T07:02:08.615Z, 1415.1466644, 549.781967
1714633328631, 2024-05-02T07:02:08.631Z, 1428.1717376, 542.1371776
1714633328646, 2024-05-02T07:02:08.646Z, 1437.0124784, 535.4513934
1714633328671, 2024-05-02T07:02:08.671Z, 1444.0525623999997, 530.8443294000001
1714633328686, 2024-05-02T07:02:08.686Z, 1439.9635289999999, 532.2887338
1714633328701, 2024-05-02T07:02:08.701Z, 1430.6055961999998, 534.4175098000001
1714633328715, 2024-05-02T07:02:08.715Z, 1403.1975834, 538.6325786