1714633939665, 2024-05-02T07:12:19.665Z, 208.809671, 505.403782
1714633939681, 2024-05-02T07:12:19.681Z, 208.358004, 501.6712035
1714633939696, 2024-05-02T07:12:19.696Z, 207.83601366666667, 500.76776466666666
1714633939712, 2024-05-02T07:12:19.712Z, 203.31826, 501.21059975000003
1714633939727, 2024-05-02T07:12:19.727Z, 197.9078164, 505.15141280000006
1714633939753, 2024-05-02T07:12:19.753Z, 194.31312259999999, 508.4686516
1714633939767, 2024-05-02T07:12:19.767Z, 188.163964, 510.359659
1714633939779, 2024-05-02T07:12:19.779Z, 187.72214119999998, 513.1909108
1714633939795, 2024-05-02T07:12:19.795Z, 215.4353248, 506.9021696
1714633939813, 2024-05-02T07:12:19.813Z, 249.4526726, 494.46944460000003
1714633939826, 2024-05-02T07:12:19.826Z, 282.7031696, 480.84749439999996
1714633939843, 2024-05-02T07:12:19.843Z, 320.727243, 469.10798919999996
1714633939858, 2024-05-02T07:12:19.858Z, 353.5695358, 456.757946
1714633939871, 2024-05-02T07:12:19.871Z, 362.4933588, 453.2277766
1714633939902, 2024-05-02T07:12:19.902Z, 367.6849562, 453.691795
1714633939914, 2024-05-02T07:12:19.914Z, 369.8451328, 455.12751720000006
1714633939930, 2024-05-02T07:12:19.930Z, 367.8044122, 459.9464996
1714633939947, 2024-05-02T07:12:19.947Z, 360.00136000000003, 466.96811379999997
1714633939958, 2024-05-02T07:12:19.958Z, 347.2259736, 474.65735839999996
1714633939975, 2024-05-02T07:12:19.975Z, 334.2921234, 480.4331892
1714633939993, 2024-05-02T07:12:19.993Z, 320.55246040000003, 485.8961416
1714633940006, 2024-05-02T07:12:20.006Z, 307.95313580000004, 488.86127100000004
1714633940036, 2024-05-02T07:12:20.036Z, 301.17729160000005, 488.44697340000005
1714633940067, 2024-05-02T07:12:20.067Z, 296.3355152, 485.8574468
1714633940083, 2024-05-02T07:12:20.083Z, 290.2778864, 483.90980340000004
1714633940098, 2024-05-02T07:12:20.098Z, 278.2478236, 484.1811446
1714633940114, 2024-05-02T07:12:20.114Z, 261.5058812, 486.1895109999999
1714633940130, 2024-05-02T07:12:20.130Z, 243.16798219999995, 489.4480718
1714633940146, 2024-05-02T07:12:20.146Z, 225.66541779999997, 494.58367499999997
1714633940161, 2024-05-02T07:12:20.161Z, 209.7490296, 500.67752540000004
1714633940176, 2024-05-02T07:12:20.176Z, 201.253385, 505.46326639999995
1714633940202, 2024-05-02T07:12:20.202Z, 198.4867878, 509.6458232
1714633940216, 2024-05-02T07:12:20.216Z, 198.04844740000004, 515.6976554
1714633940246, 2024-05-02T07:12:20.246Z, 201.43975740000002, 530.3193967999999
1714633940261, 2024-05-02T07:12:20.261Z, 205.2910288, 543.040533
1714633940291, 2024-05-02T07:12:20.291Z, 207.0741178, 557.16861
1714633940306, 2024-05-02T07:12:20.306Z, 205.8220976, 568.6265734000001
1714633940352, 2024-05-02T07:12:20.352Z, 210.8343066, 568.8403596
1714633940364, 2024-05-02T07:12:20.364Z, 210.8693154, 561.464645
1714633940382, 2024-05-02T07:12:20.382Z, 228.85278019999996, 553.2768858000001
1714633940398, 2024-05-02T07:12:20.398Z, 255.1353514, 545.5036302000001
1714633940409, 2024-05-02T07:12:20.409Z, 285.11123399999997, 545.6011068
1714633940426, 2024-05-02T07:12:20.426Z, 309.08234519999996, 555.3144368000001
1714633940441, 2024-05-02T07:12:20.441Z, 335.31118439999995, 563.6636461999999
1714633940456, 2024-05-02T07:12:20.456Z, 342.8041688, 573.874388
1714633940471, 2024-05-02T07:12:20.471Z, 343.1662064, 579.8332708
1714633940515, 2024-05-02T07:12:20.515Z, 341.4091684, 580.1612136000001
1714633940531, 2024-05-02T07:12:20.531Z, 327.6499738, 586.6770066
1714633940561, 2024-05-02T07:12:20.561Z, 297.7274772, 596.6640542
1714633940576, 2024-05-02T07:12:20.576Z, 264.8167202, 607.2950388
1714633940606, 2024-05-02T07:12:20.606Z, 205.31348960000005, 621.4751576
1714633940621, 2024-05-02T07:12:20.621Z, 152.89770760000002, 634.814897
1714633940652, 2024-05-02T07:12:20.652Z, 115.70813679999999, 630.0626683999999
1714633940666, 2024-05-02T07:12:20.666Z, 93.2604834, 621.9268521999999
1714633940679, 2024-05-02T07:12:20.679Z, 84.4059386, 609.9340937999999
1714633940695, 2024-05-02T07:12:20.695Z, 114.2850932, 593.6597014
1714633940711, 2024-05-02T07:12:20.711Z, 140.07280599999999, 577.3518584000001
1714633940724, 2024-05-02T07:12:20.724Z, 164.29641080000002, 571.8590656
1714633940741, 2024-05-02T07:12:20.741Z, 193.4691212, 565.6540376
1714633940756, 2024-05-02T07:12:20.756Z, 212.952848, 562.2914418
1714633940769, 2024-05-02T07:12:20.769Z, 222.58234939999997, 562.5702494
1714633940802, 2024-05-02T07:12:20.802Z, 232.34754619999998, 565.5985912
1714633940814, 2024-05-02T07:12:20.814Z, 240.15205680000003, 570.5977126
1714633940831, 2024-05-02T07:12:20.831Z, 248.31574959999998, 580.3230632000001
1714633940846, 2024-05-02T07:12:20.846Z, 255.7858378, 589.8752658000001
1714633940859, 2024-05-02T07:12:20.859Z, 261.8112174, 598.3028291999999
1714633940877, 2024-05-02T07:12:20.877Z, 266.92852700000003, 605.4196812
1714633940893, 2024-05-02T07:12:20.893Z, 270.07181060000005, 610.102713
1714633940904, 2024-05-02T07:12:20.904Z, 266.849292, 609.9823085999999
1714633940921, 2024-05-02T07:12:20.921Z, 263.9985654, 610.2273090000001
1714633940950, 2024-05-02T07:12:20.950Z, 260.39599400000003, 610.6361686
1714633940966, 2024-05-02T07:12:20.966Z, 255.549782, 609.8818355999999
1714633940981, 2024-05-02T07:12:20.981Z, 250.06442539999998, 607.6195326
1714633940997, 2024-05-02T07:12:20.997Z, 247.71746919999995, 606.032693
1714633941012, 2024-05-02T07:12:21.012Z, 244.13094220000002, 602.38823
1714633941027, 2024-05-02T07:12:21.027Z, 241.28886400000002, 598.216936
1714633941043, 2024-05-02T07:12:21.043Z, 239.36264459999998, 595.3187206
1714633941058, 2024-05-02T07:12:21.058Z, 236.79877700000003, 596.9094212
1714633941074, 2024-05-02T07:12:21.074Z, 234.0217248, 597.9116586
1714633941102, 2024-05-02T07:12:21.102Z, 247.08549460000003, 600.9869602000001
1714633941116, 2024-05-02T07:12:21.116Z, 263.9230682, 604.1700294
1714633941129, 2024-05-02T07:12:21.129Z, 282.82407580000006, 605.8963956
1714633941146, 2024-05-02T07:12:21.146Z, 306.7150072, 605.1668552
1714633941161, 2024-05-02T07:12:21.161Z, 330.8156634, 604.6695224
1714633941174, 2024-05-02T07:12:21.174Z, 345.2790954, 603.5937042
1714633941191, 2024-05-02T07:12:21.191Z, 363.63654379999997, 602.2721544
1714633941206, 2024-05-02T07:12:21.206Z, 379.9549322, 600.8479764
1714633941219, 2024-05-02T07:12:21.219Z, 393.9520788, 599.502549
1714633941265, 2024-05-02T07:12:21.265Z, 407.1279352, 598.0539214
1714633941284, 2024-05-02T07:12:21.284Z, 422.3064858000001, 601.1738828000001
1714633941301, 2024-05-02T07:12:21.301Z, 427.4007138, 604.2261704
1714633941314, 2024-05-02T07:12:21.314Z, 429.30327040000003, 607.0197204
1714633941330, 2024-05-02T07:12:21.330Z, 422.71790279999993, 608.860177
1714633941346, 2024-05-02T07:12:21.346Z, 415.8331684000001, 610.9827312
1714633941357, 2024-05-02T07:12:21.357Z, 397.1847012, 610.0959442
1714633941374, 2024-05-02T07:12:21.374Z, 373.8888012, 611.5140644
1714633941402, 2024-05-02T07:12:21.402Z, 355.8052058, 612.4405864
1714633941417, 2024-05-02T07:12:21.417Z, 343.22709180000004, 613.5293872
1714633941433, 2024-05-02T07:12:21.433Z, 334.9928698, 613.7939604000001
1714633941447, 2024-05-02T07:12:21.447Z, 334.013032, 612.7222978
1714633941462, 2024-05-02T07:12:21.462Z, 337.7866414, 611.1185800000001
1714633941478, 2024-05-02T07:12:21.478Z, 330.12070220000004, 612.3203242
1714633941494, 2024-05-02T07:12:21.494Z, 317.71462740000004, 613.9365844
1714633941509, 2024-05-02T07:12:21.509Z, 308.7224182, 615.9466552
1714633941525, 2024-05-02T07:12:21.525Z, 297.2709876, 618.1535498
1714633941553, 2024-05-02T07:12:21.553Z, 231.3867468, 628.4486532
1714633941567, 2024-05-02T07:12:21.567Z, 183.28329159999998, 634.5193866
1714633941579, 2024-05-02T07:12:21.579Z, 173.0687436, 633.4455994
1714633941596, 2024-05-02T07:12:21.596Z, 156.30065380000002, 632.2699006
1714633941611, 2024-05-02T07:12:21.611Z, 134.587995, 632.1997332000001
1714633941624, 2024-05-02T07:12:21.624Z, 173.0864168, 622.6978568000001
1714633941641, 2024-05-02T07:12:21.641Z, 197.5983992, 617.0994864
1714633941656, 2024-05-02T07:12:21.656Z, 188.27934140000002, 620.0550366
1714633941669, 2024-05-02T07:12:21.669Z, 184.0007838, 622.096391
1714633941702, 2024-05-02T07:12:21.702Z, 171.5607622, 627.4348188
1714633941714, 2024-05-02T07:12:21.714Z, 161.7503024, 631.201033
1714633941730, 2024-05-02T07:12:21.730Z, 151.45607320000002, 635.6754862
1714633941746, 2024-05-02T07:12:21.746Z, 151.0251352, 637.1681117999999
1714633941759, 2024-05-02T07:12:21.759Z, 151.2421612, 633.7757131999999
1714633941777, 2024-05-02T07:12:21.777Z, 170.4528044, 618.7474946
1714633941791, 2024-05-02T07:12:21.791Z, 185.9171836, 595.5614662
1714633941804, 2024-05-02T07:12:21.804Z, 210.7130202, 569.1957262
1714633941821, 2024-05-02T07:12:21.821Z, 229.99525020000002, 540.7240904
1714633941850, 2024-05-02T07:12:21.850Z, 251.72915859999998, 508.517626
1714633941866, 2024-05-02T07:12:21.866Z, 263.127378, 482.95357859999996
1714633941881, 2024-05-02T07:12:21.881Z, 278.16008840000006, 466.51862740000007
1714633941897, 2024-05-02T07:12:21.897Z, 286.90689180000004, 452.14649439999994
1714633941912, 2024-05-02T07:12:21.912Z, 293.32509080000005, 442.1630552
1714633941927, 2024-05-02T07:12:21.927Z, 299.0102846, 442.35525959999995
1714633941943, 2024-05-02T07:12:21.943Z, 305.20394980000003, 443.5856804
1714633941958, 2024-05-02T07:12:21.958Z, 302.6962876, 444.84139500000003
1714633941974, 2024-05-02T07:12:21.974Z, 298.3112044, 443.91651179999997
1714633942002, 2024-05-02T07:12:22.002Z, 289.72594119999997, 441.6622122
1714633942016, 2024-05-02T07:12:22.016Z, 267.5647796, 435.7799354
1714633942029, 2024-05-02T07:12:22.029Z, 250.0934142, 428.6075142000001
1714633942046, 2024-05-02T07:12:22.046Z, 236.17976579999998, 421.08586940000004
1714633942061, 2024-05-02T07:12:22.061Z, 225.8690518, 416.539217
1714633942074, 2024-05-02T07:12:22.074Z, 228.617002, 408.52041879999996
1714633942091, 2024-05-02T07:12:22.091Z, 238.76094039999998, 401.4315444
1714633942106, 2024-05-02T07:12:22.106Z, 244.8935966, 396.75103499999994
1714633942120, 2024-05-02T07:12:22.120Z, 261.092092, 389.3276076
1714633942152, 2024-05-02T07:12:22.152Z, 272.94017560000003, 381.3242596
1714633942164, 2024-05-02T07:12:22.164Z, 280.0252502, 376.680088
1714633942181, 2024-05-02T07:12:22.181Z, 277.50810900000005, 376.2926218
1714633942196, 2024-05-02T07:12:22.196Z, 275.03645660000007, 374.86570300000005
1714633942209, 2024-05-02T07:12:22.209Z, 265.60771420000003, 372.8516932
1714633942226, 2024-05-02T07:12:22.226Z, 250.3565576, 371.5821576
1714633942241, 2024-05-02T07:12:22.241Z, 230.28288379999998, 372.55574400000006
1714633942254, 2024-05-02T07:12:22.254Z, 225.3082374, 369.7762288
1714633942272, 2024-05-02T07:12:22.272Z, 218.4123698, 369.28175020000003
1714633942302, 2024-05-02T07:12:22.302Z, 219.0222782, 368.0627566
1714633942318, 2024-05-02T07:12:22.318Z, 226.9350936, 367.31337
1714633942333, 2024-05-02T07:12:22.333Z, 233.6524238, 366.72848899999997
1714633942346, 2024-05-02T07:12:22.346Z, 237.4227348, 368.751583
1714633942363, 2024-05-02T07:12:22.363Z, 238.32690300000004, 370.6758936
1714633942394, 2024-05-02T07:12:22.394Z, 223.6970198, 380.0808264
1714633942409, 2024-05-02T07:12:22.409Z, 216.3430836, 383.2210898
1714633942425, 2024-05-02T07:12:22.425Z, 212.6713866, 386.5387466
1714633942454, 2024-05-02T07:12:22.454Z, 206.2882474, 390.4576172
1714633942468, 2024-05-02T07:12:22.468Z, 206.7219428, 391.16803460000006
1714633942481, 2024-05-02T07:12:22.481Z, 212.89599379999999, 389.43259620000003
1714633942498, 2024-05-02T07:12:22.498Z, 215.28956559999997, 391.31109219999996
1714633942513, 2024-05-02T07:12:22.513Z, 217.41033900000002, 392.97584539999997
1714633942526, 2024-05-02T07:12:22.526Z, 222.93660319999998, 400.0293328
1714633942543, 2024-05-02T07:12:22.543Z, 230.932973, 412.55264420000003
1714633942558, 2024-05-02T07:12:22.558Z, 230.5872512, 474.02568600000006
1714633942571, 2024-05-02T07:12:22.571Z, 230.62746460000002, 535.8248024000001
1714633942604, 2024-05-02T07:12:22.604Z, 229.36115039999999, 607.5244402
1714633942616, 2024-05-02T07:12:22.616Z, 229.0338538, 670.8437028000001
1714633942633, 2024-05-02T07:12:22.633Z, 222.36065560000003, 732.818038
1714633942648, 2024-05-02T07:12:22.648Z, 222.07509620000002, 746.8095132
1714633942661, 2024-05-02T07:12:22.661Z, 231.06601999999998, 761.7818528
1714633942678, 2024-05-02T07:12:22.678Z, 241.3615734, 766.5445102
1714633942693, 2024-05-02T07:12:22.693Z, 243.3152012, 773.115699
1714633942709, 2024-05-02T07:12:22.709Z, 257.54419939999997, 775.0760448
1714633942723, 2024-05-02T07:12:22.723Z, 265.8582758, 777.4739184
1714633942754, 2024-05-02T07:12:22.754Z, 267.6238416, 778.4718726
1714633942770, 2024-05-02T07:12:22.770Z, 265.1054556, 779.793841
1714633942785, 2024-05-02T07:12:22.785Z, 262.87221880000004, 782.0642190000001
1714633942797, 2024-05-02T07:12:22.797Z, 256.78287480000006, 785.6080364000001
1714633942813, 2024-05-02T07:12:22.813Z, 254.6315982, 789.2945882
1714633942829, 2024-05-02T07:12:22.829Z, 245.83295879999997, 792.8585132000001
1714633942841, 2024-05-02T07:12:22.841Z, 248.53663360000002, 792.6129596
1714633942872, 2024-05-02T07:12:22.872Z, 249.35486, 792.4180764
1714633942887, 2024-05-02T07:12:22.887Z, 242.8792176, 792.7541632
1714633942905, 2024-05-02T07:12:22.905Z, 230.34156120000003, 793.778432
1714633942919, 2024-05-02T07:12:22.919Z, 222.83679920000003, 797.0941458
1714633942935, 2024-05-02T07:12:22.935Z, 217.10603220000002, 801.4052092
1714633942950, 2024-05-02T07:12:22.950Z, 210.0803562, 805.7377344
1714633942966, 2024-05-02T07:12:22.966Z, 193.43024880000002, 807.5087372
1714633942982, 2024-05-02T07:12:22.982Z, 184.4293556, 807.1644288
1714633942997, 2024-05-02T07:12:22.997Z, 174.2283364, 805.8270426000001
1714633943012, 2024-05-02T07:12:23.012Z, 153.8979934, 806.3278063999999
1714633943028, 2024-05-02T07:12:23.028Z, 140.4959216, 807.7116704
1714633943053, 2024-05-02T07:12:23.053Z, 140.0646462, 811.4606726
1714633943065, 2024-05-02T07:12:23.065Z, 140.32879699999998, 815.2015198000001
1714633943082, 2024-05-02T07:12:23.082Z, 139.11298, 817.2053016000001
1714633943097, 2024-05-02T07:12:23.097Z, 137.5764158, 817.7765624
1714633943114, 2024-05-02T07:12:23.114Z, 133.7084746, 815.7673207999999
1714633943127, 2024-05-02T07:12:23.127Z, 130.4951118, 813.5823588
1714633943142, 2024-05-02T07:12:23.142Z, 129.06870959999998, 817.6712722
1714633943158, 2024-05-02T07:12:23.158Z, 130.8647498, 821.2576122
1714633943172, 2024-05-02T07:12:23.172Z, 135.1029714, 826.3083753999999
1714633943203, 2024-05-02T07:12:23.203Z, 140.82327700000002, 833.3916044
1714633943217, 2024-05-02T07:12:23.217Z, 146.07891180000001, 841.6799814
1714633943232, 2024-05-02T07:12:23.232Z, 148.5397922, 844.5548763999999
1714633943245, 2024-05-02T07:12:23.245Z, 158.939005, 847.3338362000001
1714633943262, 2024-05-02T07:12:23.262Z, 162.1220686, 850.9090522
1714633943277, 2024-05-02T07:12:23.277Z, 162.5720152, 853.2804130000001
1714633943293, 2024-05-02T07:12:23.293Z, 171.82728300000002, 851.5132300000001
1714633943308, 2024-05-02T07:12:23.308Z, 179.69339280000003, 849.2692524
1714633943324, 2024-05-02T07:12:23.324Z, 177.3758654, 848.7834901999998
1714633943353, 2024-05-02T07:12:23.353Z, 184.2354236, 848.3522902000001
1714633943367, 2024-05-02T07:12:23.367Z, 204.7270184, 845.1588288
1714633943380, 2024-05-02T07:12:23.380Z, 222.09440999999998, 844.082071
1714633943400, 2024-05-02T07:12:23.400Z, 240.98817479999997, 842.9011307999999
1714633943412, 2024-05-02T07:12:23.412Z, 258.22653959999997, 841.5566458
1714633943425, 2024-05-02T07:12:23.425Z, 283.44136100000003, 838.5910739999999
1714633943442, 2024-05-02T07:12:23.442Z, 299.4616226, 838.6569082
1714633943457, 2024-05-02T07:12:23.457Z, 306.9816468, 839.4328042000001
1714633943470, 2024-05-02T07:12:23.470Z, 326.35340799999994, 839.6225436000001
1714633943508, 2024-05-02T07:12:23.508Z, 343.1955036, 840.3361603999999
1714633943516, 2024-05-02T07:12:23.516Z, 354.985069, 841.1718447999999
1714633943533, 2024-05-02T07:12:23.533Z, 356.25047920000003, 842.1238506
1714633943547, 2024-05-02T07:12:23.547Z, 355.5991848, 843.0972952
1714633943561, 2024-05-02T07:12:23.561Z, 357.659257, 843.0151662000001
1714633943577, 2024-05-02T07:12:23.577Z, 356.73865480000006, 843.2918194000001
1714633943593, 2024-05-02T07:12:23.593Z, 347.602582, 844.191579
1714633943605, 2024-05-02T07:12:23.605Z, 353.6559204, 843.4852578
1714633943622, 2024-05-02T07:12:23.622Z, 359.1836468, 843.6590598
1714633943653, 2024-05-02T07:12:23.653Z, 368.390642, 847.4599513999999
1714633943667, 2024-05-02T07:12:23.667Z, 391.4656592, 851.3999281999999
1714633943687, 2024-05-02T07:12:23.687Z, 422.15935980000006, 855.708937
1714633943713, 2024-05-02T07:12:23.713Z, 447.25539420000007, 861.4048882000001
1714633943727, 2024-05-02T07:12:23.727Z, 479.25255260000006, 867.1664462000001
1714633943743, 2024-05-02T07:12:23.743Z, 494.4238448, 870.5643266
1714633943759, 2024-05-02T07:12:23.759Z, 507.09795299999996, 873.6455401999999
1714633943774, 2024-05-02T07:12:23.774Z, 520.0063094, 877.2257175999999
1714633943802, 2024-05-02T07:12:23.802Z, 529.646631, 880.3894422
1714633943817, 2024-05-02T07:12:23.817Z, 537.0258728000001, 881.9311436
1714633943829, 2024-05-02T07:12:23.829Z, 542.233191, 883.3824304
1714633943846, 2024-05-02T07:12:23.846Z, 543.5330501999999, 883.530422
1714633943861, 2024-05-02T07:12:23.861Z, 537.378866, 881.8341088000001
1714633943874, 2024-05-02T07:12:23.874Z, 532.044503, 880.5211996
1714633943891, 2024-05-02T07:12:23.891Z, 526.8584936, 879.5648005999999
1714633943906, 2024-05-02T07:12:23.906Z, 523.9119472, 879.2487513999998
1714633943920, 2024-05-02T07:12:23.920Z, 522.5355628, 879.8515762
1714633943953, 2024-05-02T07:12:23.953Z, 523.6806909999999, 882.6249082
1714633943967, 2024-05-02T07:12:23.967Z, 527.801767, 885.193775
1714633943986, 2024-05-02T07:12:23.986Z, 530.4372448, 887.0074472
1714633943996, 2024-05-02T07:12:23.996Z, 530.323106, 888.0892908
1714633944009, 2024-05-02T07:12:24.009Z, 527.8395528000001, 888.1621994
1714633944026, 2024-05-02T07:12:24.026Z, 525.365924, 886.0500347999999
1714633944042, 2024-05-02T07:12:24.042Z, 523.0146298, 884.7793423999999
1714633944058, 2024-05-02T07:12:24.058Z, 528.3387634, 884.8744262
1714633944075, 2024-05-02T07:12:24.075Z, 540.4251984, 885.8165789999999
1714633944105, 2024-05-02T07:12:24.105Z, 553.7366337999999, 887.3227331999999
1714633944119, 2024-05-02T07:12:24.119Z, 568.6152996, 889.5911487999999
1714633944137, 2024-05-02T07:12:24.137Z, 579.7645864, 890.0897466
1714633944148, 2024-05-02T07:12:24.148Z, 583.918122, 888.8330216
1714633944164, 2024-05-02T07:12:24.164Z, 583.0959036, 886.623003
1714633944180, 2024-05-02T07:12:24.180Z, 575.9530904000001, 880.9164052
1714633944193, 2024-05-02T07:12:24.193Z, 558.8484430000001, 869.6115286
1714633944211, 2024-05-02T07:12:24.211Z, 531.602042, 850.5099154
1714633944227, 2024-05-02T07:12:24.227Z, 498.27625879999994, 830.7781976
1714633944257, 2024-05-02T07:12:24.257Z, 458.187496, 810.5848234
1714633944270, 2024-05-02T07:12:24.270Z, 413.2502026, 787.7711395999999
1714633944284, 2024-05-02T07:12:24.284Z, 375.8847874, 769.6771372
1714633944301, 2024-05-02T07:12:24.301Z, 319.6143422, 759.8240288
1714633944332, 2024-05-02T07:12:24.332Z, 267.95381140000006, 752.3415806
1714633944347, 2024-05-02T07:12:24.347Z, 234.01374840000003, 744.552283
1714633944362, 2024-05-02T07:12:24.362Z, 207.4699284, 743.6295038
1714633944377, 2024-05-02T07:12:24.377Z, 190.8211464, 741.3290655999999
1714633944404, 2024-05-02T07:12:24.404Z, 198.695915, 739.078376
1714633944424, 2024-05-02T07:12:24.424Z, 214.93787740000002, 734.7959034
1714633944439, 2024-05-02T07:12:24.439Z, 212.1813416, 731.961405
1714633944454, 2024-05-02T07:12:24.454Z, 212.27259320000002, 729.0664158000001
1714633944469, 2024-05-02T07:12:24.469Z, 214.1979648, 727.1835116
1714633944485, 2024-05-02T07:12:24.485Z, 217.36045180000002, 726.814738
1714633944500, 2024-05-02T07:12:24.500Z, 211.9450574, 728.5480091999999
1714633944515, 2024-05-02T07:12:24.515Z, 220.11636140000002, 730.1941288
1714633944530, 2024-05-02T07:12:24.530Z, 223.24552079999998, 732.7621872
1714633944551, 2024-05-02T07:12:24.551Z, 216.6607356, 736.1627378000001
1714633944567, 2024-05-02T07:12:24.567Z, 209.7024604, 738.3606486
1714633944581, 2024-05-02T07:12:24.581Z, 203.5444232, 739.6738981999999
1714633944594, 2024-05-02T07:12:24.594Z, 214.0543838, 734.1552042000001
1714633944614, 2024-05-02T07:12:24.614Z, 266.628521, 712.7148904000001
1714633944631, 2024-05-02T07:12:24.631Z, 342.5643548, 687.6518604
1714633944642, 2024-05-02T07:12:24.642Z, 449.08008559999996, 658.1831594
1714633944659, 2024-05-02T07:12:24.659Z, 554.9017486, 629.7536728
1714633944675, 2024-05-02T07:12:24.675Z, 657.8780495999999, 604.8310638
1714633944705, 2024-05-02T07:12:24.705Z, 776.9095224, 585.9917276
1714633944734, 2024-05-02T07:12:24.734Z, 887.3221962, 568.7528542
1714633944750, 2024-05-02T07:12:24.750Z, 973.3638636, 555.8245524
1714633944766, 2024-05-02T07:12:24.766Z, 1062.2938740000002, 541.5470846000001
1714633944781, 2024-05-02T07:12:24.781Z, 1132.4683282, 530.2541650000001
1714633944797, 2024-05-02T07:12:24.797Z, 1151.0411040000001, 527.9969748
1714633944813, 2024-05-02T07:12:24.813Z, 1153.2051348, 526.5811202
1714633944830, 2024-05-02T07:12:24.830Z, 1159.3768224, 517.9900087999999
1714633944856, 2024-05-02T07:12:24.856Z, 1170.3900488, 503.53938659999994
1714633944869, 2024-05-02T07:12:24.869Z, 1184.7647992000002, 487.13721619999995
1714633944885, 2024-05-02T07:12:24.885Z, 1202.8902428, 464.9740132
1714633944900, 2024-05-02T07:12:24.900Z, 1225.2100932, 443.4548228
1714633944912, 2024-05-02T07:12:24.912Z, 1240.4830924, 429.4666676
1714633944937, 2024-05-02T07:12:24.937Z, 1268.5459874, 417.72760719999997
1714633944953, 2024-05-02T07:12:24.953Z, 1287.166146, 409.62705719999997
1714633944968, 2024-05-02T07:12:24.968Z, 1299.1136510000001, 407.00085939999997
1714633945004, 2024-05-02T07:12:25.004Z, 1304.5870434, 404.3007268
1714633945019, 2024-05-02T07:12:25.019Z, 1314.475418, 400.9885956
1714633945036, 2024-05-02T07:12:25.036Z, 1317.1206097999998, 396.85250560000003
1714633945047, 2024-05-02T07:12:25.047Z, 1325.0091442, 390.1980544
1714633945078, 2024-05-02T07:12:25.078Z, 1347.143333, 379.68120880000004
1714633945093, 2024-05-02T07:12:25.093Z, 1370.0579256, 369.25661900000006
1714633945111, 2024-05-02T07:12:25.111Z, 1393.395454, 360.3787554
1714633945125, 2024-05-02T07:12:25.125Z, 1402.6674196000001, 357.3702034
1714633945155, 2024-05-02T07:12:25.155Z, 1420.8644234, 352.9987992
1714633945171, 2024-05-02T07:12:25.171Z, 1422.7889906, 353.42463200000003
1714633945186, 2024-05-02T07:12:25.186Z, 1429.7298749999998, 353.4754684
1714633945218, 2024-05-02T07:12:25.218Z, 1435.4568399999998, 351.60979180000004
1714633945233, 2024-05-02T07:12:25.233Z, 1428.1979956, 357.99373620000006
1714633945249, 2024-05-02T07:12:25.249Z, 1407.6475284, 369.0412324
1714633945265, 2024-05-02T07:12:25.265Z, 1387.8633790000001, 380.2543834
1714633945280, 2024-05-02T07:12:25.280Z, 1372.5707906, 387.45809260000004
1714633945303, 2024-05-02T07:12:25.303Z, 1354.1343186000001, 396.081343
1714633945315, 2024-05-02T07:12:25.315Z, 1347.8820828, 391.2142846
1714633945347, 2024-05-02T07:12:25.347Z, 1353.5452123999999, 378.18018559999996
1714633945360, 2024-05-02T07:12:25.360Z, 1361.0204194000003, 363.77214799999996
1714633945396, 2024-05-02T07:12:25.396Z, 1356.7092724, 356.33738139999997
1714633945407, 2024-05-02T07:12:25.407Z, 1346.075189, 351.30935439999996
1714633945455, 2024-05-02T07:12:25.455Z, 1343.8007238, 352.6905812
1714633945486, 2024-05-02T07:12:25.486Z, 1343.484382, 359.50220619999993
1714633945496, 2024-05-02T07:12:25.496Z, 1339.8392998000002, 367.49363299999993
1714633945527, 2024-05-02T07:12:25.527Z, 1345.1271984, 372.463388
1714633945542, 2024-05-02T07:12:25.542Z, 1347.3492492, 376.1042322
1714633945558, 2024-05-02T07:12:25.558Z, 1336.2939955999998, 379.0318836
1714633945573, 2024-05-02T07:12:25.573Z, 1327.8578248, 374.9788084
1714633945617, 2024-05-02T07:12:25.617Z, 1328.9207256, 366.606248
1714633945631, 2024-05-02T07:12:25.631Z, 1315.7228137999998, 362.23535580000004
1714633945647, 2024-05-02T07:12:25.647Z, 1310.4426738, 356.713075
1714633945662, 2024-05-02T07:12:25.662Z, 1323.3341937999999, 347.2030228
1714633945679, 2024-05-02T07:12:25.679Z, 1316.9673358, 348.13572439999996
1714633945698, 2024-05-02T07:12:25.698Z, 1316.4120254, 347.4431618
1714633945714, 2024-05-02T07:12:25.714Z, 1323.6719408000001, 344.3629132
1714633945730, 2024-05-02T07:12:25.730Z, 1326.7201446000001, 343.3017188
1714633945753, 2024-05-02T07:12:25.753Z, 1318.5112798, 345.4472394
1714633945766, 2024-05-02T07:12:25.766Z, 1316.392363, 345.935027
1714633945784, 2024-05-02T07:12:25.784Z, 1309.3870729999999, 344.2232944
1714633945800, 2024-05-02T07:12:25.800Z, 1313.6540208000001, 337.1856436
1714633945811, 2024-05-02T07:12:25.811Z, 1321.1165646000002, 326.9363996
1714633945827, 2024-05-02T07:12:25.827Z, 1331.7080798, 316.968282
1714633945842, 2024-05-02T07:12:25.842Z, 1349.7573744, 304.86206119999997
1714633945856, 2024-05-02T07:12:25.856Z, 1355.4860952000001, 303.54239739999997
1714633945872, 2024-05-02T07:12:25.872Z, 1350.7988380000002, 308.6571728
1714633945917, 2024-05-02T07:12:25.917Z, 1353.6454312, 313.35751719999996
1714633945933, 2024-05-02T07:12:25.933Z, 1353.9604934000001, 318.758317
1714633945948, 2024-05-02T07:12:25.948Z, 1264.353851, 314.56063140000003
1714633945964, 2024-05-02T07:12:25.964Z, 1076.5250854, 291.89430120000003
1714633945980, 2024-05-02T07:12:25.980Z, 841.4401584000001, 261.5053988
1714633945996, 2024-05-02T07:12:25.996Z, 635.3177852, 229.861361
1714633946012, 2024-05-02T07:12:26.012Z, 434.40014140000005, 196.4574466
1714633946029, 2024-05-02T07:12:26.029Z, 285.7607328, 178.66619880000002
1714633946058, 2024-05-02T07:12:26.058Z, 246.7704992, 173.2990562
1714633946074, 2024-05-02T07:12:26.074Z, 248.90727339999998, 175.0198054
1714633946090, 2024-05-02T07:12:26.090Z, 238.5256206, 181.757016
1714633946106, 2024-05-02T07:12:26.106Z, 216.3051868, 193.7372274
1714633946121, 2024-05-02T07:12:26.121Z, 223.2383914, 201.239761
1714633946137, 2024-05-02T07:12:26.137Z, 226.76541340000003, 210.2868634
1714633946152, 2024-05-02T07:12:26.152Z, 239.21535080000004, 224.78087019999998
1714633946168, 2024-05-02T07:12:26.168Z, 227.7613458, 237.87802299999998
1714633946184, 2024-05-02T07:12:26.184Z, 235.1403832, 241.5657776
1714633946204, 2024-05-02T07:12:26.204Z, 221.9182828, 253.23933199999996
1714633946216, 2024-05-02T07:12:26.216Z, 224.63920120000003, 259.1648792
1714633946233, 2024-05-02T07:12:26.233Z, 220.31153520000004, 262.7635856
1714633946246, 2024-05-02T07:12:26.246Z, 219.1260632, 265.90283819999996
1714633946260, 2024-05-02T07:12:26.260Z, 215.97033879999998, 273.88609340000005
1714633946292, 2024-05-02T07:12:26.292Z, 233.23846479999997, 279.6858648
1714633946292, 2024-05-02T07:12:26.292Z, 232.089077, 292.64628419999997
1714633946308, 2024-05-02T07:12:26.308Z, 247.863841, 298.3684334
1714633946323, 2024-05-02T07:12:26.323Z, 262.1201332, 304.58016779999997
1714633946351, 2024-05-02T07:12:26.351Z, 269.0080642, 308.9032202
1714633946366, 2024-05-02T07:12:26.366Z, 273.9209144, 307.6854402
1714633946381, 2024-05-02T07:12:26.381Z, 280.3899086, 304.9241536
1714633946398, 2024-05-02T07:12:26.398Z, 274.2064328, 307.3387034
1714633946410, 2024-05-02T07:12:26.410Z, 274.3662584, 308.92015819999995
1714633946431, 2024-05-02T07:12:26.431Z, 278.4601722, 314.152261
1714633946439, 2024-05-02T07:12:26.439Z, 307.674633, 330.74213399999996
1714633946455, 2024-05-02T07:12:26.455Z, 407.64370099999996, 345.90109760000007
1714633946471, 2024-05-02T07:12:26.471Z, 538.0002081999999, 362.78486780000003
1714633946502, 2024-05-02T07:12:26.502Z, 752.5837128, 382.1045975999999
1714633946516, 2024-05-02T07:12:26.516Z, 963.046609, 402.8560288
1714633946534, 2024-05-02T07:12:26.534Z, 1152.836363, 411.61435839999996
1714633946566, 2024-05-02T07:12:26.566Z, 1276.457477, 423.1811366
1714633946578, 2024-05-02T07:12:26.578Z, 1362.616842, 435.255943
1714633946603, 2024-05-02T07:12:26.603Z, 1357.4565694, 443.3543764
1714633946619, 2024-05-02T07:12:26.619Z, 1353.1441772000003, 443.6137328
1714633946635, 2024-05-02T07:12:26.635Z, 1349.3365342, 447.68440300000003
1714633946656, 2024-05-02T07:12:26.656Z, 1342.3641888, 447.3983726
1714633946667, 2024-05-02T07:12:26.668Z, 1342.8951434, 439.5188508
1714633946697, 2024-05-02T07:12:26.697Z, 1345.0983188000002, 430.618427
1714633946713, 2024-05-02T07:12:26.713Z, 1344.7882406, 425.32742399999995
1714633946728, 2024-05-02T07:12:26.728Z, 1344.527276, 413.79109639999996
1714633946744, 2024-05-02T07:12:26.744Z, 1342.4816515999999, 405.5897138
1714633946760, 2024-05-02T07:12:26.760Z, 1346.9520692, 410.1919782
1714633946775, 2024-05-02T07:12:26.775Z, 1369.898517, 410.6545264
1714633946803, 2024-05-02T07:12:26.803Z, 1393.3031942000002, 411.6960424
1714633946817, 2024-05-02T07:12:26.817Z, 1402.7641692000002, 419.52893359999996
1714633946833, 2024-05-02T07:12:26.833Z, 1408.763509, 428.8900248
1714633946846, 2024-05-02T07:12:26.846Z, 1404.3472948, 430.72855340000007
1714633946862, 2024-05-02T07:12:26.862Z, 1379.9346624, 439.582485
1714633946878, 2024-05-02T07:12:26.878Z, 1359.1395952, 447.7517679999999
1714633946891, 2024-05-02T07:12:26.891Z, 1354.0467998, 450.6506509999999
1714633946907, 2024-05-02T07:12:26.907Z, 1353.3361568, 452.44697379999997
1714633946923, 2024-05-02T07:12:26.923Z, 1356.4122188, 452.7900536
1714633946971, 2024-05-02T07:12:26.971Z, 1361.5981921999999, 453.0978372000001
1714633946984, 2024-05-02T07:12:26.984Z, 1363.738546, 453.9528928
1714633947000, 2024-05-02T07:12:27.000Z, 1364.2391784, 455.0380136
1714633947012, 2024-05-02T07:12:27.012Z, 1363.9904802, 456.46655300000003
1714633947026, 2024-05-02T07:12:27.026Z, 1364.264375, 452.33832760000007
1714633947042, 2024-05-02T07:12:27.042Z, 1379.0287208, 445.11341039999996
1714633947058, 2024-05-02T07:12:27.058Z, 1391.750443, 439.47317860000004
1714633947072, 2024-05-02T07:12:27.072Z, 1401.480905, 434.79713819999995
1714633947103, 2024-05-02T07:12:27.103Z, 1405.3126058, 430.0942048
1714633947119, 2024-05-02T07:12:27.119Z, 1406.4914916, 431.3459564
1714633947135, 2024-05-02T07:12:27.135Z, 1394.4428726, 437.15346500000004
1714633947150, 2024-05-02T07:12:27.150Z, 1383.9753254, 441.52273260000004
1714633947165, 2024-05-02T07:12:27.165Z, 1375.3110016, 446.20484640000006
1714633947181, 2024-05-02T07:12:27.181Z, 1372.3761855999999, 450.5228814
1714633947197, 2024-05-02T07:12:27.197Z, 1371.249391, 454.2896108
1714633947212, 2024-05-02T07:12:27.212Z, 1370.9165593999999, 452.18228680000004
1714633947227, 2024-05-02T07:12:27.227Z, 1370.8079030000001, 449.3861248
1714633947252, 2024-05-02T07:12:27.252Z, 1369.7756207999998, 448.4420042
1714633947267, 2024-05-02T07:12:27.267Z, 1365.1844488000002, 449.2415814
1714633947282, 2024-05-02T07:12:27.282Z, 1352.1426038000002, 454.61660980000005
1714633947296, 2024-05-02T07:12:27.296Z, 1346.341966, 464.044362
1714633947312, 2024-05-02T07:12:27.312Z, 1347.4230562, 474.5323418
1714633947330, 2024-05-02T07:12:27.330Z, 1365.1089324, 478.8274904
1714633947341, 2024-05-02T07:12:27.341Z, 1418.2226426000002, 480.4000516
1714633947362, 2024-05-02T07:12:27.362Z, 1504.6140695999998, 472.658998
1714633947386, 2024-05-02T07:12:27.386Z, 1586.9130042000002, 464.38558699999993
1714633947413, 2024-05-02T07:12:27.413Z, 1647.0918846, 460.06861499999997
1714633947431, 2024-05-02T07:12:27.431Z, 1703.4822294, 456.6125086
1714633947447, 2024-05-02T07:12:27.447Z, 1732.9843556, 450.9004208
1714633947463, 2024-05-02T07:12:27.463Z, 1737.1759645999998, 450.1936098
1714633947479, 2024-05-02T07:12:27.479Z, 1728.9535540000002, 451.98251739999995
1714633947494, 2024-05-02T07:12:27.494Z, 1742.7335928, 447.28340779999996
1714633947509, 2024-05-02T07:12:27.509Z, 1741.8602928, 444.82182439999997
1714633947525, 2024-05-02T07:12:27.525Z, 1732.1251762, 444.8835072
1714633947553, 2024-05-02T07:12:27.553Z, 1720.6132314000001, 444.58312000000006
1714633947588, 2024-05-02T07:12:27.588Z, 1704.151611, 447.9316304
1714633947604, 2024-05-02T07:12:27.604Z, 1648.2745018, 462.7104924
1714633947619, 2024-05-02T07:12:27.619Z, 1575.1984802000002, 486.4795446
1714633947635, 2024-05-02T07:12:27.635Z, 1485.3623424000002, 519.4676324
1714633947650, 2024-05-02T07:12:27.650Z, 1397.920665, 552.9532174
1714633947666, 2024-05-02T07:12:27.666Z, 1323.7148976, 580.2231942
1714633947682, 2024-05-02T07:12:27.682Z, 1282.971728, 598.9055966
1714633947700, 2024-05-02T07:12:27.700Z, 1263.474282, 607.1465744
1714633947728, 2024-05-02T07:12:27.728Z, 1263.9680422, 607.3239694
1714633947743, 2024-05-02T07:12:27.743Z, 1264.0109473999998, 606.911292
1714633947759, 2024-05-02T07:12:27.759Z, 1261.9238721999998, 605.8847056000001
1714633947775, 2024-05-02T07:12:27.775Z, 1253.0739720000001, 606.8531992000001
1714633947791, 2024-05-02T07:12:27.791Z, 1243.9592942000002, 609.0328952
1714633947806, 2024-05-02T07:12:27.806Z, 1239.839768, 607.7608385999999
1714633947822, 2024-05-02T07:12:27.822Z, 1241.1314834, 602.2431426
1714633947852, 2024-05-02T07:12:27.852Z, 1249.44779, 595.4778718
1714633947871, 2024-05-02T07:12:27.871Z, 1261.2071484, 585.933563
1714633947884, 2024-05-02T07:12:27.884Z, 1272.1620533999999, 578.9406058
1714633947900, 2024-05-02T07:12:27.900Z, 1275.3143298, 576.4540822
1714633947915, 2024-05-02T07:12:27.915Z, 1266.982004, 580.1041448
1714633947931, 2024-05-02T07:12:27.931Z, 1248.4766551999996, 585.8595686
1714633947946, 2024-05-02T07:12:27.946Z, 1230.1897925999997, 592.2617772
1714633947961, 2024-05-02T07:12:27.961Z, 1212.6622935999999, 597.3492244
1714633947977, 2024-05-02T07:12:27.977Z, 1198.4194757999999, 600.326135
1714633948002, 2024-05-02T07:12:28.002Z, 1192.381898, 604.1259759999999
1714633948015, 2024-05-02T07:12:28.015Z, 1190.4959451999998, 606.3186579999999
1714633948031, 2024-05-02T07:12:28.031Z, 1195.6391214, 608.2407639999999
1714633948046, 2024-05-02T07:12:28.046Z, 1206.2929817999998, 607.3864454000001
1714633948060, 2024-05-02T07:12:28.060Z, 1219.0127842, 606.9725292
1714633948076, 2024-05-02T07:12:28.076Z, 1233.3405168, 603.8506654
1714633948091, 2024-05-02T07:12:28.091Z, 1258.5198332, 602.3983261999999
1714633948104, 2024-05-02T07:12:28.104Z, 1277.2266254, 601.6670204
1714633948276, 2024-05-02T07:12:28.276Z, 1143.7587548000001, 586.1540505999999
1714633948306, 2024-05-02T07:12:28.306Z, 1008.2201946000001, 572.5939025999999
1714633948336, 2024-05-02T07:12:28.336Z, 869.2568684, 559.1389832
1714633948351, 2024-05-02T07:12:28.351Z, 703.2244848, 556.07709
1714633948367, 2024-05-02T07:12:28.367Z, 534.0892946, 552.697723
1714633948383, 2024-05-02T07:12:28.383Z, 521.4134154000001, 567.5294766
1714633948398, 2024-05-02T07:12:28.398Z, 503.1834726, 581.2900566000001
1714633948414, 2024-05-02T07:12:28.414Z, 487.77183299999996, 595.1875436
1714633948430, 2024-05-02T07:12:28.430Z, 498.8768166, 599.038453
1714633948457, 2024-05-02T07:12:28.457Z, 553.8215116, 605.8632890000001
1714633948467, 2024-05-02T07:12:28.467Z, 609.7118864, 611.2701258000001
1714633948492, 2024-05-02T07:12:28.492Z, 725.2078024, 618.4592254000002
1714633948508, 2024-05-02T07:12:28.508Z, 848.6029031999999, 625.2638188
1714633948523, 2024-05-02T07:12:28.523Z, 972.2571538, 632.5221131999999
1714633948538, 2024-05-02T07:12:28.538Z, 1064.3798992, 635.9764908
1714633948554, 2024-05-02T07:12:28.554Z, 1146.7882485999999, 639.9523432
1714633948570, 2024-05-02T07:12:28.570Z, 1175.4795304, 642.0157104
1714633948586, 2024-05-02T07:12:28.586Z, 1192.3521919999998, 639.2992212
1714633948602, 2024-05-02T07:12:28.603Z, 1201.4119546, 639.0670396
1714633948618, 2024-05-02T07:12:28.618Z, 1202.8551548, 637.1675228000001
1714633948635, 2024-05-02T07:12:28.635Z, 1203.8794636, 632.483004
1714633948649, 2024-05-02T07:12:28.649Z, 1204.9259662, 626.732737
1714633948665, 2024-05-02T07:12:28.665Z, 1207.1642682000002, 625.7957872000001
1714633948681, 2024-05-02T07:12:28.681Z, 1208.753826, 622.1098184
1714633948697, 2024-05-02T07:12:28.697Z, 1211.364965, 621.0067016
1714633948713, 2024-05-02T07:12:28.713Z, 1215.587137, 623.971405
1714633948729, 2024-05-02T07:12:28.729Z, 1221.5825954, 629.5384874
1714633948754, 2024-05-02T07:12:28.754Z, 1227.2277456, 635.2864127999999
1714633948768, 2024-05-02T07:12:28.768Z, 1232.0568748, 640.233261
1714633948781, 2024-05-02T07:12:28.781Z, 1237.5670418000002, 645.3154144
1714633948798, 2024-05-02T07:12:28.798Z, 1241.7604608, 648.564265
1714633948816, 2024-05-02T07:12:28.816Z, 1244.4407412, 648.6427834
1714633948837, 2024-05-02T07:12:28.837Z, 1246.6138462000001, 648.6903724
1714633948853, 2024-05-02T07:12:28.853Z, 1246.3789382, 648.5369482
1714633948867, 2024-05-02T07:12:28.867Z, 1243.3326608, 647.314639
1714633948883, 2024-05-02T07:12:28.883Z, 1228.8252278, 647.1773936000001
1714633948904, 2024-05-02T07:12:28.904Z, 1203.9702432000001, 648.5187382
1714633948916, 2024-05-02T07:12:28.916Z, 1175.342021, 647.8805856000001
1714633948936, 2024-05-02T07:12:28.936Z, 1145.0321804, 645.9837116000001
1714633948948, 2024-05-02T07:12:28.948Z, 1117.100586, 643.8795776
1714633948965, 2024-05-02T07:12:28.965Z, 1099.8462898000002, 640.399435
1714633948979, 2024-05-02T07:12:28.979Z, 1092.0716606, 636.0211975999999
1714633948994, 2024-05-02T07:12:28.994Z, 1088.5744870000003, 633.8086417999999
1714633949010, 2024-05-02T07:12:29.010Z, 1089.0773582, 633.1018548
1714633949025, 2024-05-02T07:12:29.025Z, 1089.1716040000001, 632.6174478
1714633949052, 2024-05-02T07:12:29.052Z, 1089.9532042, 632.7770701999999
1714633949068, 2024-05-02T07:12:29.068Z, 1091.7450966000001, 632.8982532
1714633949083, 2024-05-02T07:12:29.083Z, 1093.9465776, 632.9105516
1714633949096, 2024-05-02T07:12:29.096Z, 1095.6289208, 633.1531198
1714633949113, 2024-05-02T07:12:29.113Z, 1096.2094438, 633.3473806
1714633949128, 2024-05-02T07:12:29.128Z, 1094.7177266000003, 633.8252434
1714633949141, 2024-05-02T07:12:29.141Z, 1093.5859510000003, 634.4223694
1714633949158, 2024-05-02T07:12:29.158Z, 1092.222015, 634.9091452
1714633949173, 2024-05-02T07:12:29.173Z, 1091.114031, 635.023309
1714633949204, 2024-05-02T07:12:29.204Z, 1090.1854956, 634.8487686000001
1714633949216, 2024-05-02T07:12:29.216Z, 1090.6911064, 633.3109178
1714633949229, 2024-05-02T07:12:29.229Z, 1090.4032186, 631.9974096
1714633949260, 2024-05-02T07:12:29.260Z, 1090.2579554, 631.3570972
1714633949275, 2024-05-02T07:12:29.275Z, 1090.2219633999998, 632.784506
1714633949291, 2024-05-02T07:12:29.291Z, 1095.064337, 646.9459088
1714633949307, 2024-05-02T07:12:29.307Z, 1102.1828302, 667.1110914
1714633949322, 2024-05-02T07:12:29.322Z, 1113.2520544, 694.5808172
1714633949353, 2024-05-02T07:12:29.353Z, 1132.2048401999998, 737.2307952
1714633949368, 2024-05-02T07:12:29.368Z, 1150.287891, 778.6543008
1714633949402, 2024-05-02T07:12:29.402Z, 1163.0946786, 807.5201509999999
1714633949419, 2024-05-02T07:12:29.419Z, 1173.6248744, 831.5457462
1714633949433, 2024-05-02T07:12:29.433Z, 1176.5626699999998, 846.5429657999999
1714633949449, 2024-05-02T07:12:29.449Z, 1172.577345, 845.5038897999999
1714633949465, 2024-05-02T07:12:29.465Z, 1166.6678677999998, 842.5576836
1714633949481, 2024-05-02T07:12:29.481Z, 1163.6823603999999, 839.548789
1714633949500, 2024-05-02T07:12:29.500Z, 1163.5699831999998, 836.2604212
1714633949516, 2024-05-02T07:12:29.516Z, 1165.7946702000002, 835.1669828
1714633949536, 2024-05-02T07:12:29.536Z, 1159.1334164, 834.5480146
1714633949549, 2024-05-02T07:12:29.549Z, 1154.6978933999999, 835.0867941999999
1714633949564, 2024-05-02T07:12:29.564Z, 1149.3878558000001, 836.101191
1714633949579, 2024-05-02T07:12:29.579Z, 1141.3754145999999, 836.9271444
1714633949592, 2024-05-02T07:12:29.592Z, 1134.0887166, 836.9633784000001
1714633949612, 2024-05-02T07:12:29.612Z, 1134.8300056, 836.4405412
1714633949625, 2024-05-02T07:12:29.625Z, 1135.3377864, 836.2919734000001
1714633949656, 2024-05-02T07:12:29.656Z, 1135.1650771999998, 835.2705492000001
1714633949682, 2024-05-02T07:12:29.682Z, 1133.7299724, 834.5966744000001
1714633949698, 2024-05-02T07:12:29.698Z, 1131.7058167999999, 833.5750350000001
1714633949714, 2024-05-02T07:12:29.714Z, 1128.49248, 832.6697434
1714633949730, 2024-05-02T07:12:29.730Z, 1127.006038, 830.8660351999999
1714633949761, 2024-05-02T07:12:29.761Z, 1125.3743184, 827.9555803999999
1714633949776, 2024-05-02T07:12:29.776Z, 1123.943435, 824.1477562
1714633949803, 2024-05-02T07:12:29.803Z, 1122.3352364, 820.4214691999999
1714633949814, 2024-05-02T07:12:29.814Z, 1121.1477662, 816.8893208
1714633949836, 2024-05-02T07:12:29.836Z, 1116.043938, 815.25596
1714633949847, 2024-05-02T07:12:29.847Z, 1110.3794056, 817.9192237999999
1714633949860, 2024-05-02T07:12:29.860Z, 1105.5692826, 820.7063695999999
1714633949877, 2024-05-02T07:12:29.877Z, 1102.0174837999998, 823.3654710000001
1714633949892, 2024-05-02T07:12:29.892Z, 1098.8699499999998, 824.6636228
1714633949905, 2024-05-02T07:12:29.905Z, 1098.4397592, 823.2247978000001
1714633949926, 2024-05-02T07:12:29.926Z, 1097.8791918, 817.5810100000001
1714633949951, 2024-05-02T07:12:29.951Z, 1097.2640331999999, 812.6007732
1714633949967, 2024-05-02T07:12:29.967Z, 1096.6519362, 808.490435
1714633949982, 2024-05-02T07:12:29.982Z, 1096.2643964, 805.7159888
1714633949999, 2024-05-02T07:12:29.999Z, 1096.5919737999998, 804.7314772
1714633950012, 2024-05-02T07:12:30.012Z, 1097.9178548, 806.2299642
1714633950027, 2024-05-02T07:12:30.027Z, 1099.688387, 807.3702152
1714633950041, 2024-05-02T07:12:30.041Z, 1101.4612270000002, 808.1302022
1714633950057, 2024-05-02T07:12:30.057Z, 1103.7302937999998, 808.0723004
1714633950073, 2024-05-02T07:12:30.073Z, 1105.5933902, 807.1557546
1714633950103, 2024-05-02T07:12:30.103Z, 1106.3378616, 804.9947930000001
1714633950119, 2024-05-02T07:12:30.119Z, 1107.0394264, 802.288364
1714633950134, 2024-05-02T07:12:30.134Z, 1106.1167626000001, 798.4457338
1714633950150, 2024-05-02T07:12:30.151Z, 1103.9522352, 795.4701158
1714633950165, 2024-05-02T07:12:30.165Z, 1100.9144034, 792.4966828
1714633950181, 2024-05-02T07:12:30.181Z, 1098.3286406000002, 789.9734858
1714633950197, 2024-05-02T07:12:30.197Z, 1095.8765230000001, 788.5027872000001
1714633950212, 2024-05-02T07:12:30.212Z, 1095.5425364, 789.0844654
1714633950227, 2024-05-02T07:12:30.227Z, 1096.3008936, 789.9558076
1714633950253, 2024-05-02T07:12:30.253Z, 1099.7587002, 793.0019708
1714633950265, 2024-05-02T07:12:30.265Z, 1103.536117, 796.652178
1714633950297, 2024-05-02T07:12:30.297Z, 1107.5391644, 795.5194728
1714633950310, 2024-05-02T07:12:30.310Z, 1109.1736538, 795.5642737999999
1714633950327, 2024-05-02T07:12:30.327Z, 1119.4839754, 781.1584525999999
1714633950341, 2024-05-02T07:12:30.341Z, 1136.7282547999998, 752.491525
1714633950354, 2024-05-02T07:12:30.354Z, 1154.8349426, 721.9911387999999
1714633950403, 2024-05-02T07:12:30.403Z, 1175.4085488, 692.8896791999999
1714633950430, 2024-05-02T07:12:30.430Z, 1200.3528124, 660.131203
1714633950446, 2024-05-02T07:12:30.446Z, 1215.4817052000003, 641.9274924
1714633950460, 2024-05-02T07:12:30.460Z, 1220.3523526, 636.7271602
1714633950476, 2024-05-02T07:12:30.476Z, 1224.1624264, 632.8387726
1714633950492, 2024-05-02T07:12:30.492Z, 1224.6852491999998, 632.2662856
1714633950507, 2024-05-02T07:12:30.507Z, 1222.4289013999999, 632.4967302
1714633950523, 2024-05-02T07:12:30.523Z, 1220.6096850000001, 631.1543886
1714633950552, 2024-05-02T07:12:30.552Z, 1220.4871066, 629.1826450000001
1714633950565, 2024-05-02T07:12:30.565Z, 1220.1540433999999, 626.6124968
1714633950579, 2024-05-02T07:12:30.579Z, 1220.2792144, 624.5424171999999
1714633950595, 2024-05-02T07:12:30.595Z, 1221.4212828000002, 624.9529479999999
1714633950611, 2024-05-02T07:12:30.611Z, 1223.501727, 628.4162138
1714633950624, 2024-05-02T07:12:30.624Z, 1225.221674, 631.8661918
1714633950641, 2024-05-02T07:12:30.641Z, 1226.8950554, 635.8916176
1714633950656, 2024-05-02T07:12:30.656Z, 1228.6988551999998, 639.3677538000001
1714633950669, 2024-05-02T07:12:30.669Z, 1229.8458986, 641.5115768
1714633950702, 2024-05-02T07:12:30.702Z, 1230.7956918, 642.067094
1714633950714, 2024-05-02T07:12:30.714Z, 1227.2295946, 641.73052
1714633950730, 2024-05-02T07:12:30.730Z, 1220.5210902, 640.5159016
1714633950746, 2024-05-02T07:12:30.746Z, 1209.2183413999999, 637.9176772
1714633950759, 2024-05-02T07:12:30.759Z, 1197.3930344, 635.0810928000001
1714633950779, 2024-05-02T07:12:30.779Z, 1191.4976764, 629.1462676000001
1714633950796, 2024-05-02T07:12:30.796Z, 1191.358633, 623.0629772
1714633950806, 2024-05-02T07:12:30.806Z, 1190.5089816000002, 618.761618
1714633950821, 2024-05-02T07:12:30.821Z, 1196.2946074, 613.6218132
1714633950867, 2024-05-02T07:12:30.867Z, 1198.1237105999999, 610.5163678
1714633950883, 2024-05-02T07:12:30.883Z, 1193.8610062, 610.7506616000001
1714633950899, 2024-05-02T07:12:30.899Z, 1182.7289148, 613.1448480000001
1714633950914, 2024-05-02T07:12:30.914Z, 1179.9119933999998, 612.7282236
1714633950929, 2024-05-02T07:12:30.929Z, 1174.5530456, 614.2324848000001
1714633950945, 2024-05-02T07:12:30.945Z, 1169.3427666, 613.9883418
1714633950961, 2024-05-02T07:12:30.961Z, 1170.2466205999997, 611.9356454000001
1714633950977, 2024-05-02T07:12:30.977Z, 1172.4110421999999, 609.197743
1714633951002, 2024-05-02T07:12:31.002Z, 1173.9722152, 608.105009
1714633951016, 2024-05-02T07:12:31.016Z, 1171.5277935999998, 607.949093
1714633951029, 2024-05-02T07:12:31.029Z, 1176.3705817999999, 607.826061
1714633951045, 2024-05-02T07:12:31.045Z, 1178.1289253999998, 609.430306
1714633951061, 2024-05-02T07:12:31.061Z, 1180.2436184, 611.2879863999999
1714633951074, 2024-05-02T07:12:31.074Z, 1177.7128428, 613.4514636
1714633951090, 2024-05-02T07:12:31.090Z, 1183.9851632, 614.0253322000001
1714633951106, 2024-05-02T07:12:31.106Z, 1184.4002263999998, 614.705973
1714633951119, 2024-05-02T07:12:31.119Z, 1175.4557395999998, 616.3630122000001
1714633951152, 2024-05-02T07:12:31.152Z, 1161.4603342, 619.421661
1714633951164, 2024-05-02T07:12:31.164Z, 1147.4756576000002, 622.3265492
1714633951182, 2024-05-02T07:12:31.182Z, 1134.529406, 624.9897654
1714633951196, 2024-05-02T07:12:31.196Z, 1123.5248718, 627.2291855999999
1714633951211, 2024-05-02T07:12:31.211Z, 1114.7426713999998, 627.9403678
1714633951230, 2024-05-02T07:12:31.230Z, 1116.1500446000002, 623.8710778
1714633951242, 2024-05-02T07:12:31.242Z, 1117.621935, 619.57238
1714633951257, 2024-05-02T07:12:31.257Z, 1113.0966864, 615.9804177999999
1714633951273, 2024-05-02T07:12:31.273Z, 1109.2616432, 612.2388021999999
1714633951300, 2024-05-02T07:12:31.300Z, 1109.7963201999999, 608.9356559999999
1714633951316, 2024-05-02T07:12:31.316Z, 1109.4308196, 608.6509176000001
1714633951331, 2024-05-02T07:12:31.331Z, 1110.3078952, 609.5573622
1714633951344, 2024-05-02T07:12:31.344Z, 1111.2587206, 610.8980362
1714633951361, 2024-05-02T07:12:31.361Z, 1112.3978958, 612.1496348
1714633951406, 2024-05-02T07:12:31.406Z, 1112.5184914, 613.5579806
1714633951422, 2024-05-02T07:12:31.422Z, 1104.2705311999998, 620.5279837999999
1714633951452, 2024-05-02T07:12:31.452Z, 973.02824, 652.0288195999999
1714633951469, 2024-05-02T07:12:31.469Z, 832.1766856, 685.2784427999999
1714633951479, 2024-05-02T07:12:31.479Z, 698.1050946, 720.2075468
1714633951499, 2024-05-02T07:12:31.499Z, 560.1505502, 756.2884666
1714633951511, 2024-05-02T07:12:31.511Z, 416.4049136, 787.6599006
1714633951524, 2024-05-02T07:12:31.524Z, 399.27080920000003, 793.0205296
1714633951540, 2024-05-02T07:12:31.540Z, 397.3792026, 799.4828162
1714633951556, 2024-05-02T07:12:31.556Z, 385.09864660000005, 806.1316654000001
1714633951569, 2024-05-02T07:12:31.569Z, 387.6503524, 808.2192259999999
1714633951607, 2024-05-02T07:12:31.607Z, 398.2564186, 811.2069379999999
1714633951618, 2024-05-02T07:12:31.618Z, 409.46102579999996, 812.9618638
1714633951634, 2024-05-02T07:12:31.634Z, 404.4956924, 814.4343484
1714633951649, 2024-05-02T07:12:31.649Z, 402.0636024, 814.2519580000001
1714633951662, 2024-05-02T07:12:31.662Z, 396.05399320000004, 815.6203636
1714633951693, 2024-05-02T07:12:31.693Z, 392.8236568, 815.6978844000001
1714633951708, 2024-05-02T07:12:31.708Z, 382.40542880000004, 818.0888598
1714633951724, 2024-05-02T07:12:31.724Z, 385.1947819999999, 816.0259939999999
1714633951751, 2024-05-02T07:12:31.751Z, 396.90219820000004, 813.4346386
1714633951767, 2024-05-02T07:12:31.767Z, 399.2028192, 812.829618
1714633951781, 2024-05-02T07:12:31.781Z, 387.1390238, 815.418466
1714633951794, 2024-05-02T07:12:31.794Z, 364.19574299999994, 820.5132487999999
1714633951811, 2024-05-02T07:12:31.811Z, 336.30329279999995, 810.4495836
1714633951826, 2024-05-02T07:12:31.826Z, 291.947815, 756.8627438000001
1714633951839, 2024-05-02T07:12:31.839Z, 253.1987264, 689.4073668
1714633951860, 2024-05-02T07:12:31.860Z, 231.66468, 616.7415594
1714633951874, 2024-05-02T07:12:31.874Z, 223.26858739999997, 539.2859548
1714633951903, 2024-05-02T07:12:31.903Z, 217.21058720000002, 461.9712836
1714633951917, 2024-05-02T07:12:31.917Z, 211.2731882, 431.5210416
1714633951929, 2024-05-02T07:12:31.929Z, 210.17836459999998, 413.190139
1714633951945, 2024-05-02T07:12:31.945Z, 204.4321508, 397.2284324
1714633951961, 2024-05-02T07:12:31.961Z, 197.24971799999997, 385.32372580000003
1714633951974, 2024-05-02T07:12:31.974Z, 189.3092622, 389.91570540000004
1714633951991, 2024-05-02T07:12:31.991Z, 189.78245900000002, 391.6289206
1714633952006, 2024-05-02T07:12:32.006Z, 182.399773, 392.4836616
1714633952020, 2024-05-02T07:12:32.020Z, 186.00575800000001, 390.61733079999993
1714633952052, 2024-05-02T07:12:32.052Z, 190.39136900000003, 392.6466574
1714633952067, 2024-05-02T07:12:32.067Z, 194.7293854, 394.3102218
1714633952083, 2024-05-02T07:12:32.083Z, 200.61418079999999, 397.4037684
1714633952098, 2024-05-02T07:12:32.098Z, 206.66033199999998, 403.4275566
1714633952113, 2024-05-02T07:12:32.113Z, 208.8971238, 410.47281999999996
1714633952129, 2024-05-02T07:12:32.129Z, 212.0818386, 410.36228580000005
1714633952144, 2024-05-02T07:12:32.144Z, 223.12921300000002, 407.61390199999994
1714633952160, 2024-05-02T07:12:32.160Z, 248.8850426, 395.882739
1714633952176, 2024-05-02T07:12:32.176Z, 265.34269340000003, 388.58297060000007
1714633952200, 2024-05-02T07:12:32.200Z, 286.493897, 379.481332
1714633952216, 2024-05-02T07:12:32.216Z, 317.0532992, 366.84989740000003
1714633952231, 2024-05-02T07:12:32.231Z, 332.9327572, 360.12284659999995
1714633952244, 2024-05-02T07:12:32.244Z, 332.2026132, 361.79782280000006
1714633952260, 2024-05-02T07:12:32.260Z, 347.32135359999995, 356.04428240000004
1714633952276, 2024-05-02T07:12:32.276Z, 340.09152339999997, 357.96847800000006
1714633952289, 2024-05-02T07:12:32.289Z, 325.4597872, 362.78454039999997
1714633952306, 2024-05-02T07:12:32.306Z, 322.8627762, 362.943693
1714633952321, 2024-05-02T07:12:32.321Z, 313.11155099999996, 365.28860159999994
1714633952351, 2024-05-02T07:12:32.351Z, 295.6711918, 369.24236119999995
1714633952366, 2024-05-02T07:12:32.366Z, 292.4851966, 367.9649748
1714633952383, 2024-05-02T07:12:32.383Z, 294.21218220000003, 366.287943
1714633952396, 2024-05-02T07:12:32.396Z, 289.2356060000001, 368.341895
1714633952415, 2024-05-02T07:12:32.415Z, 300.7580366, 375.3205258
1714633952439, 2024-05-02T07:12:32.439Z, 313.4269008, 381.5371086
1714633952455, 2024-05-02T07:12:32.455Z, 352.108292, 403.90045299999997
1714633952471, 2024-05-02T07:12:32.471Z, 391.39880819999996, 429.7259916
1714633952486, 2024-05-02T07:12:32.486Z, 460.9104248, 454.5066764
1714633952505, 2024-05-02T07:12:32.505Z, 548.5403554000001, 481.25952639999997
1714633952518, 2024-05-02T07:12:32.518Z, 650.3904266000001, 521.7742934
1714633952550, 2024-05-02T07:12:32.550Z, 817.9857486, 586.13616
1714633952565, 2024-05-02T07:12:32.565Z, 982.899224, 654.0989148000001
1714633952581, 2024-05-02T07:12:32.581Z, 1146.4393892, 738.973699
1714633952597, 2024-05-02T07:12:32.597Z, 1284.1902848000002, 814.5763864
1714633952613, 2024-05-02T07:12:32.613Z, 1407.1940156, 882.5367843999999
1714633952629, 2024-05-02T07:12:32.629Z, 1441.6141556, 908.8468488000001
1714633952652, 2024-05-02T07:12:32.652Z, 1467.7629138, 930.6671125999999
1714633952668, 2024-05-02T07:12:32.668Z, 1455.9065102, 937.5254846
1714633952686, 2024-05-02T07:12:32.686Z, 1442.5818812, 942.6941856000001
1714633952700, 2024-05-02T07:12:32.700Z, 1436.1689780000002, 943.0124556000001
1714633952713, 2024-05-02T07:12:32.713Z, 1429.4932110000002, 944.2037624000001
1714633952728, 2024-05-02T07:12:32.728Z, 1430.3063035999999, 945.1608514
1714633952741, 2024-05-02T07:12:32.741Z, 1445.4147904000001, 943.2031706
1714633952758, 2024-05-02T07:12:32.758Z, 1458.5022408, 942.7776226
1714633952773, 2024-05-02T07:12:32.773Z, 1462.9890321999999, 943.8230826000001
1714633953118, 2024-05-02T07:12:33.118Z, 1389.6440182000001, 915.7743969999999
1714633953133, 2024-05-02T07:12:33.133Z, 1319.3700332, 891.7842192
1714633953146, 2024-05-02T07:12:33.146Z, 1216.3592640000002, 843.2621009999999