1714633469080, 2024-05-02T07:04:29.080Z, 153.844534, 567.430542
1714633469093, 2024-05-02T07:04:29.093Z, 168.1421755, 562.481526
1714633469109, 2024-05-02T07:04:29.109Z, 178.93622233333335, 558.3187636666667
1714633469124, 2024-05-02T07:04:29.124Z, 175.81928475, 557.9033055
1714633469137, 2024-05-02T07:04:29.137Z, 176.7754044, 556.7781477999999
1714633469154, 2024-05-02T07:04:29.154Z, 184.4310574, 553.0506848
1714633469174, 2024-05-02T07:04:29.174Z, 174.77984999999998, 554.1728188
1714633469182, 2024-05-02T07:04:29.182Z, 165.8540574, 555.6022316000001
1714633469218, 2024-05-02T07:04:29.218Z, 169.0726154, 554.3781968000001
1714633469228, 2024-05-02T07:04:29.228Z, 175.81915899999998, 552.2972668
1714633469261, 2024-05-02T07:04:29.261Z, 184.7590884, 549.1359482
1714633469275, 2024-05-02T07:04:29.275Z, 204.79976240000002, 541.3950188
1714633469307, 2024-05-02T07:04:29.307Z, 220.4085964, 534.6743616
1714633469322, 2024-05-02T07:04:29.322Z, 230.6387972, 529.1063464
1714633469362, 2024-05-02T07:04:29.362Z, 239.13313680000002, 525.1357651999999
1714633469395, 2024-05-02T07:04:29.395Z, 235.9657204, 519.332009
1714633469407, 2024-05-02T07:04:29.407Z, 231.48551600000002, 514.8194658
1714633469439, 2024-05-02T07:04:29.439Z, 222.65049800000003, 509.91272879999997
1714633469451, 2024-05-02T07:04:29.451Z, 215.07000680000002, 507.40138700000006
1714633469484, 2024-05-02T07:04:29.484Z, 200.63567359999996, 503.51659639999997
1714633469529, 2024-05-02T07:04:29.529Z, 191.3875946, 503.52536680000003
1714633469541, 2024-05-02T07:04:29.541Z, 179.9086702, 501.044248
1714633469574, 2024-05-02T07:04:29.574Z, 182.3712524, 503.5424438
1714633469588, 2024-05-02T07:04:29.588Z, 180.047423, 503.3911265999999
1714633469619, 2024-05-02T07:04:29.619Z, 179.46032759999997, 504.2010004
1714633469634, 2024-05-02T07:04:29.634Z, 179.28428620000003, 502.9654018
1714633469665, 2024-05-02T07:04:29.665Z, 199.24777040000004, 497.6275662
1714633469681, 2024-05-02T07:04:29.681Z, 211.63967680000005, 488.4418014
1714633469697, 2024-05-02T07:04:29.697Z, 225.10282120000002, 475.7615068
1714633469713, 2024-05-02T07:04:29.713Z, 241.31470180000002, 467.0833536
1714633469728, 2024-05-02T07:04:29.728Z, 257.6059924, 458.2862456000001
1714633469744, 2024-05-02T07:04:29.744Z, 258.76069399999994, 458.1656994
1714633469759, 2024-05-02T07:04:29.759Z, 255.5680492, 455.78572719999994
1714633469775, 2024-05-02T07:04:29.775Z, 254.69531420000004, 457.87693019999995
1714633469790, 2024-05-02T07:04:29.790Z, 252.4738888, 456.8946656
1714633469813, 2024-05-02T07:04:29.813Z, 253.60866500000003, 459.4693942
1714633469857, 2024-05-02T07:04:29.857Z, 252.0132438, 470.5821938
1714633469902, 2024-05-02T07:04:29.902Z, 252.4664448, 483.4812982
1714633469919, 2024-05-02T07:04:29.919Z, 253.27582700000002, 494.71353819999996
1714633469966, 2024-05-02T07:04:29.966Z, 257.878938, 506.3057164
1714633469979, 2024-05-02T07:04:29.979Z, 262.5549666, 516.9761748
1714633469992, 2024-05-02T07:04:29.992Z, 269.5694518, 518.2930441999999
1714633470025, 2024-05-02T07:04:30.025Z, 280.46678080000004, 520.1187431999999
1714633470039, 2024-05-02T07:04:30.039Z, 298.71282140000005, 522.3847916
1714633470071, 2024-05-02T07:04:30.071Z, 313.146844, 523.8264098
1714633470086, 2024-05-02T07:04:30.086Z, 333.17799320000006, 525.1702054
1714633470115, 2024-05-02T07:04:30.115Z, 366.576786, 528.4638177999999
1714633470126, 2024-05-02T07:04:30.126Z, 397.5436786000001, 531.4426672
1714633470159, 2024-05-02T07:04:30.159Z, 422.2268244, 535.1169882
1714633470171, 2024-05-02T07:04:30.171Z, 446.9687660000001, 539.0298656
1714633470205, 2024-05-02T07:04:30.205Z, 465.82453619999995, 542.682181
1714633470216, 2024-05-02T07:04:30.216Z, 470.79035540000007, 543.9213068
1714633470263, 2024-05-02T07:04:30.263Z, 477.6049948, 545.550571
1714633470310, 2024-05-02T07:04:30.310Z, 484.3544046, 547.9673182
1714633470352, 2024-05-02T07:04:30.352Z, 497.46897559999996, 552.6416914
1714633470369, 2024-05-02T07:04:30.369Z, 511.0754426, 555.1113332000001
1714633470417, 2024-05-02T07:04:30.417Z, 518.1936671999999, 542.7852514000001
1714633470431, 2024-05-02T07:04:30.431Z, 522.3655628, 527.393394
1714633470443, 2024-05-02T07:04:30.443Z, 527.3002072, 513.9147135999999
1714633470460, 2024-05-02T07:04:30.460Z, 524.7844836, 497.5386896
1714633470476, 2024-05-02T07:04:30.476Z, 520.9273821999999, 484.0458128
1714633470490, 2024-05-02T07:04:30.490Z, 527.6087322, 487.9778658
1714633470522, 2024-05-02T07:04:30.522Z, 541.7351438, 495.5130698
1714633470537, 2024-05-02T07:04:30.537Z, 555.544394, 500.7244064
1714633470565, 2024-05-02T07:04:30.565Z, 572.1105126, 507.21353239999996
1714633470576, 2024-05-02T07:04:30.576Z, 592.2171326, 514.594645
1714633470609, 2024-05-02T07:04:30.609Z, 622.8649694, 526.6293612000001
1714633470621, 2024-05-02T07:04:30.621Z, 647.9962654, 539.3660150000002
1714633470654, 2024-05-02T07:04:30.654Z, 672.0706216, 553.6964242
1714633470666, 2024-05-02T07:04:30.666Z, 692.4772407999999, 566.9074936
1714633470686, 2024-05-02T07:04:30.686Z, 708.0812736, 577.9377686
1714633470711, 2024-05-02T07:04:30.711Z, 709.2181717999999, 580.7718452
1714633470729, 2024-05-02T07:04:30.729Z, 708.4335966000001, 579.3059448
1714633470744, 2024-05-02T07:04:30.744Z, 706.645727, 575.5947752
1714633470758, 2024-05-02T07:04:30.758Z, 705.448905, 572.5282068
1714633470774, 2024-05-02T07:04:30.774Z, 704.6802802, 569.5549688
1714633470789, 2024-05-02T07:04:30.789Z, 704.0958006, 568.6977362
1714633470816, 2024-05-02T07:04:30.816Z, 705.3007389999999, 571.9029464
1714633470831, 2024-05-02T07:04:30.831Z, 714.1744676000001, 573.3985096
1714633470847, 2024-05-02T07:04:30.847Z, 724.204075, 574.3089998
1714633470881, 2024-05-02T07:04:30.881Z, 738.1152882, 573.9682796000001
1714633470894, 2024-05-02T07:04:30.894Z, 752.0845006, 570.9005308000001
1714633470910, 2024-05-02T07:04:30.910Z, 764.2860406, 566.1495568
1714633470942, 2024-05-02T07:04:30.942Z, 767.4697131999999, 567.6331121999999
1714633470987, 2024-05-02T07:04:30.987Z, 750.4117, 567.6252944
1714633471027, 2024-05-02T07:04:31.027Z, 703.5515748, 566.2134758
1714633471072, 2024-05-02T07:04:31.072Z, 590.4566351999999, 579.394586
1714633471117, 2024-05-02T07:04:31.117Z, 473.205519, 587.3809444
1714633471135, 2024-05-02T07:04:31.135Z, 354.0231856, 584.2496078
1714633471162, 2024-05-02T07:04:31.162Z, 253.95806919999995, 584.703194
1714633471179, 2024-05-02T07:04:31.179Z, 173.3882092, 584.7415046
1714633471194, 2024-05-02T07:04:31.194Z, 158.736747, 571.5066640000001
1714633471206, 2024-05-02T07:04:31.206Z, 149.69053839999998, 564.785995
1714633471224, 2024-05-02T07:04:31.224Z, 145.1100224, 564.8569066
1714633471252, 2024-05-02T07:04:31.252Z, 139.93775680000002, 560.6776536
1714633471269, 2024-05-02T07:04:31.269Z, 142.5874468, 559.0207048
1714633471284, 2024-05-02T07:04:31.284Z, 145.43575719999998, 556.8749344
1714633471315, 2024-05-02T07:04:31.315Z, 147.178562, 552.9138236000001
1714633471331, 2024-05-02T07:04:31.331Z, 148.2619884, 549.0849714000001
1714633471346, 2024-05-02T07:04:31.346Z, 150.9866234, 548.0238830000001
1714633471361, 2024-05-02T07:04:31.361Z, 158.9693648, 551.0350964
1714633471377, 2024-05-02T07:04:31.377Z, 168.4541784, 555.5168724
1714633471393, 2024-05-02T07:04:31.393Z, 182.1747834, 563.4618354
1714633471424, 2024-05-02T07:04:31.424Z, 196.87575099999998, 570.6480035999999
1714633471439, 2024-05-02T07:04:31.439Z, 215.35377699999998, 579.0521495999999
1714633471466, 2024-05-02T07:04:31.466Z, 232.15248400000002, 588.3221341999999
1714633471476, 2024-05-02T07:04:31.476Z, 247.3927772, 596.8338084
1714633471509, 2024-05-02T07:04:31.509Z, 258.901661, 603.8473132000001
1714633471521, 2024-05-02T07:04:31.521Z, 269.4489506, 611.9803068
1714633471554, 2024-05-02T07:04:31.554Z, 276.06394120000004, 619.2720554000001
1714633471566, 2024-05-02T07:04:31.566Z, 277.8893252, 622.489812
1714633471594, 2024-05-02T07:04:31.594Z, 280.2220694, 624.3937355999999
1714633471613, 2024-05-02T07:04:31.613Z, 281.51547, 622.523971
1714633471629, 2024-05-02T07:04:31.629Z, 280.146209, 617.6436154
1714633471644, 2024-05-02T07:04:31.644Z, 275.41755700000004, 612.3138262
1714633471656, 2024-05-02T07:04:31.656Z, 270.2041316, 606.4835026
1714633471674, 2024-05-02T07:04:31.674Z, 263.00361039999996, 602.1272839999999
1714633471691, 2024-05-02T07:04:31.691Z, 255.09077680000001, 601.301479
1714633471702, 2024-05-02T07:04:31.702Z, 248.4164628, 604.6424463999999
1714633471719, 2024-05-02T07:04:31.719Z, 243.40451359999997, 609.2746854
1714633471734, 2024-05-02T07:04:31.734Z, 238.6116166, 614.262651
1714633471765, 2024-05-02T07:04:31.765Z, 234.76583639999998, 618.3831118
1714633471780, 2024-05-02T07:04:31.780Z, 231.82748580000003, 621.3249192000001
1714633471795, 2024-05-02T07:04:31.795Z, 230.0082402, 623.3406682000001
1714633471811, 2024-05-02T07:04:31.811Z, 229.43833800000002, 623.6056248000001
1714633471826, 2024-05-02T07:04:31.826Z, 229.104997, 624.0257536
1714633471841, 2024-05-02T07:04:31.841Z, 229.9785638, 623.2717434
1714633471857, 2024-05-02T07:04:31.857Z, 231.30639100000002, 621.6433638
1714633471872, 2024-05-02T07:04:31.872Z, 234.74334979999998, 616.8931597999999
1714633471888, 2024-05-02T07:04:31.888Z, 237.86839179999998, 612.0017792
1714633471916, 2024-05-02T07:04:31.916Z, 241.24322980000002, 605.8121520000001
1714633471925, 2024-05-02T07:04:31.925Z, 244.03461700000003, 600.1946888
1714633471943, 2024-05-02T07:04:31.943Z, 245.0012314, 592.964076
1714633471958, 2024-05-02T07:04:31.958Z, 243.5050726, 587.6785572000001
1714633471970, 2024-05-02T07:04:31.970Z, 241.9710408, 582.5322134
1714633471988, 2024-05-02T07:04:31.988Z, 240.4873836, 578.6717450000001
1714633472003, 2024-05-02T07:04:32.003Z, 238.34035559999998, 575.5434264
1714633472015, 2024-05-02T07:04:32.015Z, 237.93757419999997, 574.9210766
1714633472033, 2024-05-02T07:04:32.033Z, 237.6231146, 574.728568
1714633472095, 2024-05-02T07:04:32.095Z, 241.96665599999997, 572.6806866
1714633472152, 2024-05-02T07:04:32.152Z, 250.367004, 569.7856862000001
1714633472169, 2024-05-02T07:04:32.169Z, 259.089391, 567.0618098
1714633472217, 2024-05-02T07:04:32.217Z, 264.58826919999996, 528.6956494
1714633472244, 2024-05-02T07:04:32.244Z, 271.33766779999996, 495.2723978
1714633472262, 2024-05-02T07:04:32.262Z, 275.4437134, 468.6751564
1714633472277, 2024-05-02T07:04:32.277Z, 275.65643220000004, 444.16366580000005
1714633472290, 2024-05-02T07:04:32.290Z, 276.0663824, 418.469114
1714633472307, 2024-05-02T07:04:32.307Z, 284.1313994, 426.9083248
1714633472322, 2024-05-02T07:04:32.322Z, 299.8552598, 431.6078076
1714633472337, 2024-05-02T07:04:32.337Z, 313.9269671999999, 429.9388382
1714633472372, 2024-05-02T07:04:32.372Z, 340.2945092, 430.23028320000003
1714633472383, 2024-05-02T07:04:32.383Z, 367.9216956, 432.48882119999996
1714633472430, 2024-05-02T07:04:32.430Z, 395.852549, 437.2196594
1714633472445, 2024-05-02T07:04:32.445Z, 416.91198219999995, 439.95692399999996
1714633472476, 2024-05-02T07:04:32.476Z, 441.3212546000001, 444.2395082
1714633472491, 2024-05-02T07:04:32.491Z, 456.1688034, 444.8960628
1714633472512, 2024-05-02T07:04:32.512Z, 464.3755732000001, 442.494261
1714633472531, 2024-05-02T07:04:32.531Z, 448.24829199999994, 421.9192276
1714633472544, 2024-05-02T07:04:32.544Z, 425.20833079999994, 401.7581112
1714633472556, 2024-05-02T07:04:32.556Z, 398.8911128, 383.8328016
1714633472576, 2024-05-02T07:04:32.576Z, 368.9778628, 365.34940559999995
1714633472600, 2024-05-02T07:04:32.600Z, 344.6134842, 350.00348299999996
1714633472616, 2024-05-02T07:04:32.616Z, 339.784536, 352.38434240000004
1714633472631, 2024-05-02T07:04:32.631Z, 338.4016176, 356.3470472
1714633472647, 2024-05-02T07:04:32.647Z, 336.8714376, 358.5015506000001
1714633472693, 2024-05-02T07:04:32.693Z, 335.46550779999995, 357.6690674
1714633472725, 2024-05-02T07:04:32.725Z, 332.875986, 356.8558182
1714633472740, 2024-05-02T07:04:32.740Z, 314.7859472, 360.9876908
1714633472757, 2024-05-02T07:04:32.757Z, 272.0800464, 370.2013966
1714633472787, 2024-05-02T07:04:32.787Z, 230.4889266, 378.7263618
1714633472820, 2024-05-02T07:04:32.820Z, 185.9917876, 391.95628640000007
1714633472834, 2024-05-02T07:04:32.834Z, 142.5992154, 404.5250924
1714633472850, 2024-05-02T07:04:32.850Z, 116.9946772, 413.8943194
1714633472865, 2024-05-02T07:04:32.865Z, 120.44034099999999, 422.05533219999995
1714633472881, 2024-05-02T07:04:32.881Z, 123.49362260000001, 432.6763138
1714633472989, 2024-05-02T07:04:32.989Z, 129.60717960000002, 449.99868520000007
1714633473004, 2024-05-02T07:04:33.004Z, 353.018799, 462.79185040000004
1714633473020, 2024-05-02T07:04:33.020Z, 566.9311936, 473.0362177999999
1714633473035, 2024-05-02T07:04:33.035Z, 779.4070672, 478.7665338
1714633473051, 2024-05-02T07:04:33.051Z, 994.7980095999999, 482.93664659999996
1714633473066, 2024-05-02T07:04:33.066Z, 1204.8787644, 476.5526426
1714633473082, 2024-05-02T07:04:33.082Z, 1199.8184862, 475.3912514
1714633473096, 2024-05-02T07:04:33.096Z, 1210.4399325999998, 472.49759059999997
1714633473121, 2024-05-02T07:04:33.121Z, 1237.5041787999999, 465.30201640000007
1714633473131, 2024-05-02T07:04:33.131Z, 1261.7342924, 455.1731522
1714633473163, 2024-05-02T07:04:33.163Z, 1296.3823778, 446.7651734
1714633473178, 2024-05-02T07:04:33.178Z, 1340.4197596, 431.0594526
1714633473239, 2024-05-02T07:04:33.239Z, 1387.9672434, 404.00304239999997
1714633473269, 2024-05-02T07:04:33.269Z, 1421.0842447999999, 378.489492
1714633473301, 2024-05-02T07:04:33.301Z, 1452.4444968, 355.1022938
1714633473317, 2024-05-02T07:04:33.318Z, 1476.2447522, 333.99865459999995
1714633473348, 2024-05-02T07:04:33.348Z, 1487.175551, 320.4646718
1714633473363, 2024-05-02T07:04:33.363Z, 1484.7011466, 320.3767294
1714633473379, 2024-05-02T07:04:33.379Z, 1478.921733, 323.05942300000004
1714633473394, 2024-05-02T07:04:33.394Z, 1472.9822814000001, 325.5215456
1714633473430, 2024-05-02T07:04:33.430Z, 1467.6442924, 324.40143720000003
1714633473445, 2024-05-02T07:04:33.445Z, 1463.6010106, 322.50178280000006
1714633473462, 2024-05-02T07:04:33.462Z, 1455.2609685999998, 321.6384272
1714633473474, 2024-05-02T07:04:33.474Z, 1424.5311081999998, 323.3879228
1714633473489, 2024-05-02T07:04:33.489Z, 1394.9325893999999, 324.35098500000004
1714633473504, 2024-05-02T07:04:33.504Z, 1356.6852886000001, 319.57335580000006
1714633473522, 2024-05-02T07:04:33.522Z, 1324.9018277999999, 315.52251540000003
1714633473535, 2024-05-02T07:04:33.535Z, 1300.9991668, 313.0201842
1714633473569, 2024-05-02T07:04:33.569Z, 1306.2498046, 315.630469
1714633473582, 2024-05-02T07:04:33.582Z, 1312.0265640000002, 316.55939060000003
1714633473598, 2024-05-02T07:04:33.598Z, 1324.1950506, 320.91035840000006
1714633473614, 2024-05-02T07:04:33.614Z, 1332.4108924, 323.8204356
1714633473628, 2024-05-02T07:04:33.628Z, 1340.1281128000003, 320.71452139999997
1714633473661, 2024-05-02T07:04:33.661Z, 1342.0936832, 306.6407608
1714633473676, 2024-05-02T07:04:33.676Z, 1344.2157066, 295.42476339999996
1714633473691, 2024-05-02T07:04:33.691Z, 1342.0949076, 289.53781760000004
1714633473716, 2024-05-02T07:04:33.716Z, 1345.6807928, 285.7779486
1714633473728, 2024-05-02T07:04:33.728Z, 1344.9827572, 285.4079048
1714633473745, 2024-05-02T07:04:33.745Z, 1340.9063343999999, 289.31579159999995
1714633473760, 2024-05-02T07:04:33.760Z, 1338.7224632, 293.15841479999995
1714633473773, 2024-05-02T07:04:33.773Z, 1334.4234938, 298.69319099999996
1714633473790, 2024-05-02T07:04:33.790Z, 1326.9453752, 301.70262859999997
1714633473805, 2024-05-02T07:04:33.805Z, 1322.9969919999999, 304.579136
1714633473818, 2024-05-02T07:04:33.818Z, 1314.6340222000001, 307.0925112
1714633473835, 2024-05-02T07:04:33.835Z, 1306.9445632, 309.67799040000006
1714633473868, 2024-05-02T07:04:33.868Z, 1305.8533628, 309.0318072
1714633473883, 2024-05-02T07:04:33.883Z, 1302.6659694, 306.47363379999996
1714633473898, 2024-05-02T07:04:33.898Z, 1296.4870928, 303.7854508
1714633473911, 2024-05-02T07:04:33.911Z, 1295.880926, 300.102103
1714633473928, 2024-05-02T07:04:33.928Z, 1295.503582, 297.843107
1714633473943, 2024-05-02T07:04:33.943Z, 1303.740795, 298.07245539999997
1714633473970, 2024-05-02T07:04:33.970Z, 1313.2472132, 300.9181108
1714633473986, 2024-05-02T07:04:33.986Z, 1325.7638758, 304.12055799999996
1714633474001, 2024-05-02T07:04:34.001Z, 1340.258362, 307.655794
1714633474020, 2024-05-02T07:04:34.020Z, 1351.103941, 309.22529640000005
1714633474033, 2024-05-02T07:04:34.033Z, 1356.9527699999999, 309.8424648
1714633474048, 2024-05-02T07:04:34.048Z, 1358.0491803999998, 310.7221306
1714633474064, 2024-05-02T07:04:34.064Z, 1355.550968, 314.2852428
1714633474079, 2024-05-02T07:04:34.079Z, 1352.5281564, 318.1076754
1714633474094, 2024-05-02T07:04:34.094Z, 1350.2467448, 322.09988380000004
1714633474110, 2024-05-02T07:04:34.110Z, 1348.177229, 325.823635
1714633474126, 2024-05-02T07:04:34.126Z, 1346.6897165999999, 329.1883984
1714633474141, 2024-05-02T07:04:34.141Z, 1344.7233345999998, 330.3050918
1714633474170, 2024-05-02T07:04:34.170Z, 1346.511419, 329.73455720000004
1714633474184, 2024-05-02T07:04:34.184Z, 1347.6496522, 329.42325
1714633474204, 2024-05-02T07:04:34.204Z, 1345.2895686, 327.7797938
1714633474220, 2024-05-02T07:04:34.220Z, 1344.8241948, 326.4099178
1714633474235, 2024-05-02T07:04:34.235Z, 1338.3653456, 326.0242968
1714633474250, 2024-05-02T07:04:34.250Z, 1331.3056571999998, 326.50504179999996
1714633474266, 2024-05-02T07:04:34.266Z, 1325.9286511999999, 327.0845552
1714633474282, 2024-05-02T07:04:34.282Z, 1321.1583854, 329.8426952
1714633474297, 2024-05-02T07:04:34.297Z, 1314.8430952, 333.21930999999995
1714633474318, 2024-05-02T07:04:34.318Z, 1310.9329338, 336.567842
1714633474333, 2024-05-02T07:04:34.333Z, 1305.8499708, 340.1829428
1714633474348, 2024-05-02T07:04:34.348Z, 1300.2930543999998, 343.4857244
1714633474361, 2024-05-02T07:04:34.361Z, 1292.3843274, 345.1896652
1714633474391, 2024-05-02T07:04:34.391Z, 1289.3710596, 344.0510284
1714633474406, 2024-05-02T07:04:34.406Z, 1290.4961672000002, 342.1349818
1714633474422, 2024-05-02T07:04:34.422Z, 1297.0309752, 345.3485528
1714633474438, 2024-05-02T07:04:34.438Z, 1300.5956686, 346.7077242
1714633474466, 2024-05-02T07:04:34.466Z, 1298.8908376000002, 350.3605588
1714633474480, 2024-05-02T07:04:34.480Z, 1297.0453956000001, 355.99079599999993
1714633474492, 2024-05-02T07:04:34.492Z, 1284.534278, 354.67031280000003
1714633474510, 2024-05-02T07:04:34.510Z, 1256.7098574, 345.4795658
1714633474525, 2024-05-02T07:04:34.525Z, 1225.4699070000001, 338.4625734
1714633474538, 2024-05-02T07:04:34.538Z, 1203.7383424, 330.30886780000003
1714633474555, 2024-05-02T07:04:34.555Z, 1172.0406598, 321.9935342
1714633474571, 2024-05-02T07:04:34.571Z, 1152.6252078, 321.1123728
1714633474583, 2024-05-02T07:04:34.583Z, 1139.9142966, 324.7631206
1714633474616, 2024-05-02T07:04:34.616Z, 1132.0090771999999, 328.663407
1714633474628, 2024-05-02T07:04:34.628Z, 1124.5008456, 331.4842388
1714633474645, 2024-05-02T07:04:34.645Z, 1121.3187242, 334.287083
1714633474660, 2024-05-02T07:04:34.660Z, 1118.3271151999998, 333.38126
1714633474677, 2024-05-02T07:04:34.677Z, 1116.4919536000002, 330.3084234
1714633474690, 2024-05-02T07:04:34.690Z, 1116.0757006, 327.43279359999997
1714633474705, 2024-05-02T07:04:34.705Z, 1117.1761058, 324.8978928
1714633474719, 2024-05-02T07:04:34.719Z, 1119.8052676, 321.1852642
1714633474750, 2024-05-02T07:04:34.750Z, 1122.3353654, 319.954927
1714633474765, 2024-05-02T07:04:34.765Z, 1125.5320242, 319.5833088
1714633474780, 2024-05-02T07:04:34.780Z, 1127.6477592, 319.05796780000003
1714633474796, 2024-05-02T07:04:34.796Z, 1128.8116822000002, 318.3057512
1714633474812, 2024-05-02T07:04:34.812Z, 1128.6754762, 318.400898
1714633474827, 2024-05-02T07:04:34.827Z, 1128.1728746000001, 316.6143016
1714633474843, 2024-05-02T07:04:34.843Z, 1127.1387144, 312.0711298
1714633474858, 2024-05-02T07:04:34.858Z, 1126.1806001999998, 306.00565900000004
1714633474874, 2024-05-02T07:04:34.874Z, 1125.3325282, 299.81382620000005
1714633474890, 2024-05-02T07:04:34.890Z, 1124.9640568, 295.39808400000004
1714633474916, 2024-05-02T07:04:34.916Z, 1128.9405156, 293.05819
1714633474936, 2024-05-02T07:04:34.936Z, 1143.5960742000002, 301.5969422
1714633474952, 2024-05-02T07:04:34.952Z, 1170.4667224, 319.2527918
1714633474969, 2024-05-02T07:04:34.969Z, 1209.713125, 345.361911
1714633474985, 2024-05-02T07:04:34.985Z, 1242.5943128000001, 366.9277536
1714633475000, 2024-05-02T07:04:35.000Z, 1283.6687192000002, 401.88755239999995
1714633475015, 2024-05-02T07:04:35.015Z, 1318.4677699999997, 433.71003540000004
1714633475031, 2024-05-02T07:04:35.031Z, 1343.0292886000002, 455.43215339999995
1714633475047, 2024-05-02T07:04:35.047Z, 1354.6406402, 469.9707854
1714633475072, 2024-05-02T07:04:35.072Z, 1373.4219144, 487.8446838
1714633475082, 2024-05-02T07:04:35.082Z, 1379.4812308, 491.7954214
1714633475098, 2024-05-02T07:04:35.098Z, 1383.3990079999999, 486.0711572
1714633475113, 2024-05-02T07:04:35.113Z, 1384.1054983999998, 482.2236758
1714633475127, 2024-05-02T07:04:35.127Z, 1384.2174543999997, 478.77363260000004
1714633475155, 2024-05-02T07:04:35.155Z, 1382.8139144, 475.11728039999997
1714633475170, 2024-05-02T07:04:35.170Z, 1380.8707877999998, 470.44671500000004
1714633475186, 2024-05-02T07:04:35.186Z, 1377.0551867999998, 470.44741039999997
1714633475202, 2024-05-02T07:04:35.202Z, 1373.5249995999998, 470.75220979999995
1714633475218, 2024-05-02T07:04:35.218Z, 1369.549945, 468.48440980000004
1714633475233, 2024-05-02T07:04:35.233Z, 1365.1600727999999, 466.33121919999996
1714633475249, 2024-05-02T07:04:35.249Z, 1362.6486378, 465.82427479999996
1714633475265, 2024-05-02T07:04:35.265Z, 1359.3009988, 463.85427280000005
1714633475281, 2024-05-02T07:04:35.281Z, 1357.3285161999997, 462.0049384
1714633475297, 2024-05-02T07:04:35.297Z, 1357.2073262, 460.92637560000003
1714633475312, 2024-05-02T07:04:35.312Z, 1357.6817135999997, 458.1441484
1714633475327, 2024-05-02T07:04:35.327Z, 1358.0912021999998, 454.8478056
1714633475342, 2024-05-02T07:04:35.342Z, 1358.7080212, 452.10573379999994
1714633475369, 2024-05-02T07:04:35.369Z, 1358.7317423999998, 450.80947639999994
1714633475390, 2024-05-02T07:04:35.390Z, 1358.2859389999999, 450.54661239999996
1714633475405, 2024-05-02T07:04:35.405Z, 1357.5071528, 452.18321560000004
1714633475420, 2024-05-02T07:04:35.420Z, 1356.5644474, 453.5105594
1714633475436, 2024-05-02T07:04:35.436Z, 1356.668345, 453.58982620000006
1714633475451, 2024-05-02T07:04:35.451Z, 1356.8311434000002, 451.3674494
1714633475467, 2024-05-02T07:04:35.467Z, 1355.803022, 449.6923768
1714633475482, 2024-05-02T07:04:35.482Z, 1355.2100418, 448.23763660000003
1714633475498, 2024-05-02T07:04:35.498Z, 1354.7126641999998, 446.82120100000003
1714633475522, 2024-05-02T07:04:35.522Z, 1353.2379389999999, 446.42620960000005
1714633475532, 2024-05-02T07:04:35.532Z, 1352.8163904, 445.83983800000004
1714633475548, 2024-05-02T07:04:35.548Z, 1353.0898514, 445.57608560000006
1714633475563, 2024-05-02T07:04:35.563Z, 1351.4853686000001, 446.3681348
1714633475576, 2024-05-02T07:04:35.576Z, 1349.7432344000001, 447.0869656
1714633475594, 2024-05-02T07:04:35.594Z, 1348.846397, 448.9986622
1714633475608, 2024-05-02T07:04:35.608Z, 1348.8980156000002, 452.590874
1714633475638, 2024-05-02T07:04:35.638Z, 1348.2411544, 453.5409778
1714633475653, 2024-05-02T07:04:35.653Z, 1349.1482318000003, 451.7019544000001
1714633475668, 2024-05-02T07:04:35.668Z, 1349.5710776, 449.2895328000001
1714633475684, 2024-05-02T07:04:35.684Z, 1347.9708396, 445.9203724
1714633475700, 2024-05-02T07:04:35.700Z, 1344.8021122000002, 441.90140959999997
1714633475715, 2024-05-02T07:04:35.715Z, 1343.6958068000001, 439.4851646
1714633475731, 2024-05-02T07:04:35.731Z, 1343.0597914, 437.8560568
1714633475747, 2024-05-02T07:04:35.747Z, 1343.3636086000001, 437.7249642
1714633475762, 2024-05-02T07:04:35.762Z, 1345.9963071999998, 434.76895
1714633475779, 2024-05-02T07:04:35.779Z, 1348.2033877999997, 432.5139994
1714633475793, 2024-05-02T07:04:35.793Z, 1348.4834706, 432.5450568
1714633475820, 2024-05-02T07:04:35.820Z, 1331.3025547999998, 448.5697134
1714633475834, 2024-05-02T07:04:35.834Z, 1313.1352036, 464.66987140000003
1714633475848, 2024-05-02T07:04:35.848Z, 1291.834155, 485.5285494
1714633475872, 2024-05-02T07:04:35.872Z, 1272.2601994000001, 504.5033754
1714633475888, 2024-05-02T07:04:35.888Z, 1250.6502275999999, 523.1265326
1714633475904, 2024-05-02T07:04:35.904Z, 1241.9196356, 532.0780014000001
1714633475920, 2024-05-02T07:04:35.920Z, 1234.1483074, 538.527931
1714633475936, 2024-05-02T07:04:35.936Z, 1228.4076458, 543.5802534000001
1714633475950, 2024-05-02T07:04:35.950Z, 1221.3334798, 549.136217
1714633475970, 2024-05-02T07:04:35.970Z, 1217.6384772, 551.9040658
1714633475982, 2024-05-02T07:04:35.982Z, 1218.619053, 548.1394026
1714633475998, 2024-05-02T07:04:35.998Z, 1219.3297444, 545.2448437999999
1714633476013, 2024-05-02T07:04:36.013Z, 1220.3037892, 542.5723899999999
1714633476028, 2024-05-02T07:04:36.028Z, 1221.4969350000001, 541.3593996
1714633476044, 2024-05-02T07:04:36.044Z, 1224.431644, 542.1026645999999
1714633476060, 2024-05-02T07:04:36.060Z, 1228.4044186, 544.9061859999999
1714633476075, 2024-05-02T07:04:36.075Z, 1234.2082906, 549.6203892
1714633476090, 2024-05-02T07:04:36.090Z, 1245.3507228000003, 556.1059223999999
1714633476113, 2024-05-02T07:04:36.113Z, 1262.819157, 563.1504246
1714633476135, 2024-05-02T07:04:36.135Z, 1284.561073, 570.8217933999999
1714633476145, 2024-05-02T07:04:36.145Z, 1304.6556858, 575.3427491999998
1714633476158, 2024-05-02T07:04:36.158Z, 1322.9157378, 579.1253319999998
1714633476175, 2024-05-02T07:04:36.175Z, 1335.237618, 577.8840033999999
1714633476190, 2024-05-02T07:04:36.190Z, 1340.0198544, 574.5591428
1714633476207, 2024-05-02T07:04:36.207Z, 1338.7461456, 568.9816665999999
1714633476230, 2024-05-02T07:04:36.230Z, 1337.9621333999999, 564.25906
1714633476246, 2024-05-02T07:04:36.246Z, 1337.3269521999998, 558.1469294
1714633476270, 2024-05-02T07:04:36.270Z, 1332.8049562, 553.9568246
1714633476280, 2024-05-02T07:04:36.280Z, 1327.9297285999999, 550.397627
1714633476292, 2024-05-02T07:04:36.292Z, 1316.0801311999999, 548.759152
1714633476310, 2024-05-02T07:04:36.310Z, 1302.8788731999998, 548.6249528000001
1714633476325, 2024-05-02T07:04:36.325Z, 1288.9724252, 549.9738426
1714633476340, 2024-05-02T07:04:36.340Z, 1277.1913134000001, 552.2202694
1714633476359, 2024-05-02T07:04:36.359Z, 1261.3193838, 555.5857402
1714633476385, 2024-05-02T07:04:36.385Z, 1251.9986122, 557.1342992
1714633476416, 2024-05-02T07:04:36.416Z, 1242.7528364, 557.5050756
1714633476433, 2024-05-02T07:04:36.433Z, 1234.4368368, 558.1747686000001
1714633476449, 2024-05-02T07:04:36.449Z, 1228.2753480000001, 558.4471462000001
1714633476465, 2024-05-02T07:04:36.465Z, 1227.3494872, 557.5974434
1714633476481, 2024-05-02T07:04:36.481Z, 1226.3804126, 557.1019486
1714633476497, 2024-05-02T07:04:36.497Z, 1226.2663082000001, 557.620493
1714633476512, 2024-05-02T07:04:36.512Z, 1224.347034, 558.9707756
1714633476527, 2024-05-02T07:04:36.527Z, 1216.8161724, 560.4121733999999
1714633476542, 2024-05-02T07:04:36.542Z, 1204.4200196, 561.9241158000001
1714633476564, 2024-05-02T07:04:36.564Z, 1185.785602, 562.2290118000001
1714633476580, 2024-05-02T07:04:36.580Z, 1165.2543904, 561.3586338
1714633476599, 2024-05-02T07:04:36.599Z, 1144.528135, 559.4855132
1714633476607, 2024-05-02T07:04:36.607Z, 1130.2424025999999, 557.7825376000001
1714633476625, 2024-05-02T07:04:36.625Z, 1121.0911658, 555.1365914
1714633476640, 2024-05-02T07:04:36.640Z, 1118.9788039999999, 553.5889376000001
1714633476652, 2024-05-02T07:04:36.652Z, 1119.091915, 552.6380704000001
1714633476670, 2024-05-02T07:04:36.670Z, 1120.1710521999998, 551.1493494
1714633476685, 2024-05-02T07:04:36.685Z, 1120.0166988, 549.4416332000001
1714633476716, 2024-05-02T07:04:36.716Z, 1119.1487814, 549.2188775999999
1714633476730, 2024-05-02T07:04:36.730Z, 1117.5847244, 550.915213
1714633476744, 2024-05-02T07:04:36.744Z, 1115.8640602, 554.9910372
1714633476760, 2024-05-02T07:04:36.760Z, 1114.3561226, 560.5790654
1714633476775, 2024-05-02T07:04:36.775Z, 1113.465069, 566.2750462
1714633476791, 2024-05-02T07:04:36.791Z, 1113.2835362, 571.1875220000001
1714633476806, 2024-05-02T07:04:36.806Z, 1114.7411597999999, 572.6196130000001
1714633476821, 2024-05-02T07:04:36.821Z, 1115.9633952, 572.3286754000001
1714633476837, 2024-05-02T07:04:36.837Z, 1117.982956, 571.0822974
1714633476866, 2024-05-02T07:04:36.866Z, 1120.289679, 569.1732112000001
1714633476878, 2024-05-02T07:04:36.878Z, 1120.0403364, 569.9294258
1714633476895, 2024-05-02T07:04:36.895Z, 1116.2646994000002, 572.7660158000001
1714633476910, 2024-05-02T07:04:36.910Z, 1112.8526226, 575.2043977999999
1714633476922, 2024-05-02T07:04:36.922Z, 1109.9249484, 576.827276
1714633476939, 2024-05-02T07:04:36.939Z, 1106.1633696000001, 579.2167486000001
1714633476960, 2024-05-02T07:04:36.960Z, 1106.3500847999999, 579.9861542
1714633476968, 2024-05-02T07:04:36.968Z, 1111.1915296, 581.0333899999999
1714633476985, 2024-05-02T07:04:36.985Z, 1120.8041982, 583.1603388
1714633477013, 2024-05-02T07:04:37.013Z, 1128.9667138, 586.202143
1714633477030, 2024-05-02T07:04:37.030Z, 1138.1922823999998, 589.5402324
1714633477045, 2024-05-02T07:04:37.045Z, 1145.5288642, 592.220354
1714633477061, 2024-05-02T07:04:37.061Z, 1150.8004821999998, 593.5153662
1714633477074, 2024-05-02T07:04:37.074Z, 1150.651582, 593.2310150000001
1714633477095, 2024-05-02T07:04:37.095Z, 1151.0854078, 592.1249482000001
1714633477105, 2024-05-02T07:04:37.105Z, 1151.0736128, 590.5802188
1714633477120, 2024-05-02T07:04:37.120Z, 1152.0249584, 587.876137
1714633477136, 2024-05-02T07:04:37.136Z, 1152.6515588, 585.797399
1714633477166, 2024-05-02T07:04:37.166Z, 1161.0826124, 587.109274
1714633477183, 2024-05-02T07:04:37.183Z, 1172.2158094, 589.2559374
1714633477198, 2024-05-02T07:04:37.198Z, 1184.7964699999998, 591.4186738
1714633477230, 2024-05-02T07:04:37.230Z, 1197.6365136, 594.7756376
1714633477245, 2024-05-02T07:04:37.245Z, 1212.747065, 597.8479788
1714633477261, 2024-05-02T07:04:37.261Z, 1221.9246994, 598.9335462
1714633477276, 2024-05-02T07:04:37.276Z, 1227.7803448, 599.4377622
1714633477292, 2024-05-02T07:04:37.292Z, 1232.6373396, 600.5889836
1714633477319, 2024-05-02T07:04:37.319Z, 1236.3953704, 601.9206562
1714633477340, 2024-05-02T07:04:37.340Z, 1236.5050334000002, 602.6481266000001
1714633477355, 2024-05-02T07:04:37.355Z, 1234.7665602000002, 602.4617496000001
1714633477371, 2024-05-02T07:04:37.371Z, 1233.5016362000001, 602.550734
1714633477386, 2024-05-02T07:04:37.386Z, 1231.719063, 601.6596024
1714633477402, 2024-05-02T07:04:37.402Z, 1230.3643732, 600.8366626
1714633477417, 2024-05-02T07:04:37.417Z, 1231.325677, 601.483041
1714633477433, 2024-05-02T07:04:37.433Z, 1232.54951, 601.942233
1714633477448, 2024-05-02T07:04:37.448Z, 1233.2303248, 601.8811144
1714633477468, 2024-05-02T07:04:37.468Z, 1224.5377442, 603.9140074
1714633477483, 2024-05-02T07:04:37.483Z, 1209.3770362, 606.8133444
1714633477498, 2024-05-02T07:04:37.498Z, 1196.6454985999999, 608.2985514
1714633477510, 2024-05-02T07:04:37.511Z, 1179.3332384, 610.5528534
1714633477530, 2024-05-02T07:04:37.530Z, 1157.2030276, 613.4479852000001
1714633477544, 2024-05-02T07:04:37.544Z, 1139.5469272, 614.9861725999999
1714633477557, 2024-05-02T07:04:37.557Z, 1128.1252602, 615.1759554
1714633477574, 2024-05-02T07:04:37.574Z, 1112.2686586, 617.5146953999999
1714633477588, 2024-05-02T07:04:37.589Z, 1100.3695249999998, 619.5156312
1714633477620, 2024-05-02T07:04:37.620Z, 1093.9999122000002, 619.2899002
1714633477635, 2024-05-02T07:04:37.635Z, 1092.2942858000001, 618.8024084000001
1714633477650, 2024-05-02T07:04:37.650Z, 1090.7500956, 618.2811018
1714633477667, 2024-05-02T07:04:37.667Z, 1090.2763062, 616.3913634
1714633477681, 2024-05-02T07:04:37.681Z, 1091.0351396, 615.3441751999999
1714633477697, 2024-05-02T07:04:37.697Z, 1091.7300338, 616.8010400000001
1714633477713, 2024-05-02T07:04:37.713Z, 1091.1555199999998, 616.6494460000001
1714633477728, 2024-05-02T07:04:37.728Z, 1090.1757125999998, 616.182949
1714633477743, 2024-05-02T07:04:37.743Z, 1089.5793669999998, 616.2702184
1714633477767, 2024-05-02T07:04:37.767Z, 1088.7437219999997, 614.6585944000001
1714633477779, 2024-05-02T07:04:37.779Z, 1087.8345854, 611.8575634000001
1714633477796, 2024-05-02T07:04:37.796Z, 1088.4139169999999, 610.6081342
1714633477815, 2024-05-02T07:04:37.815Z, 1089.3734961999999, 610.9426960000001
1714633477837, 2024-05-02T07:04:37.837Z, 1090.0797642000002, 610.566085
1714633477853, 2024-05-02T07:04:37.853Z, 1090.9547281999999, 611.9750554
1714633477868, 2024-05-02T07:04:37.868Z, 1091.6824518, 613.937652
1714633477883, 2024-05-02T07:04:37.883Z, 1091.4264577999998, 616.2268894
1714633477899, 2024-05-02T07:04:37.899Z, 1090.3825674, 617.4999389999999
1714633477914, 2024-05-02T07:04:37.914Z, 1088.7465586000003, 618.4835099999999
1714633477929, 2024-05-02T07:04:37.929Z, 1086.7530506, 617.6115336
1714633477945, 2024-05-02T07:04:37.945Z, 1084.9876093999999, 615.8093415999999
1714633477960, 2024-05-02T07:04:37.960Z, 1084.433676, 613.8037132
1714633477976, 2024-05-02T07:04:37.976Z, 1084.892171, 611.7967316
1714633477991, 2024-05-02T07:04:37.991Z, 1085.9117787999999, 610.3925462
1714633478007, 2024-05-02T07:04:38.007Z, 1087.3396028, 609.7860498
1714633478022, 2024-05-02T07:04:38.022Z, 1088.7180954, 610.3262897999999
1714633478038, 2024-05-02T07:04:38.038Z, 1089.0536194, 611.2739442
1714633478066, 2024-05-02T07:04:38.066Z, 1088.9857731999998, 612.283153
1714633478080, 2024-05-02T07:04:38.080Z, 1088.8780098, 613.4739609999999
1714633478092, 2024-05-02T07:04:38.092Z, 1089.0032244000001, 616.4447212
1714633478110, 2024-05-02T07:04:38.110Z, 1089.4017474, 619.5117158
1714633478125, 2024-05-02T07:04:38.125Z, 1095.1615984, 646.7544144000001
1714633478143, 2024-05-02T07:04:38.143Z, 1103.989086, 685.8559290000001
1714633478160, 2024-05-02T07:04:38.160Z, 1113.0399949999999, 725.8157698
1714633478179, 2024-05-02T07:04:38.179Z, 1122.6971277999999, 766.1721944
1714633478195, 2024-05-02T07:04:38.195Z, 1133.5493760000002, 806.4963132
1714633478222, 2024-05-02T07:04:38.222Z, 1141.8624346000001, 822.8814758000001
1714633478233, 2024-05-02T07:04:38.233Z, 1160.6829088, 825.5424820000001
1714633478249, 2024-05-02T07:04:38.249Z, 1181.3129974, 826.3850646000001
1714633478262, 2024-05-02T07:04:38.262Z, 1194.2559564, 825.5361122
1714633478274, 2024-05-02T07:04:38.274Z, 1200.9635106, 825.8135736
1714633478295, 2024-05-02T07:04:38.295Z, 1198.2409938, 827.0805396
1714633478321, 2024-05-02T07:04:38.321Z, 1181.6641732, 830.3870901999999
1714633478337, 2024-05-02T07:04:38.337Z, 1162.0021758, 836.5387766
1714633478365, 2024-05-02T07:04:38.365Z, 1148.3391874000001, 846.1641424
1714633478381, 2024-05-02T07:04:38.381Z, 1137.8925304, 857.8466762
1714633478396, 2024-05-02T07:04:38.396Z, 1135.0552996000001, 869.0659484
1714633478409, 2024-05-02T07:04:38.409Z, 1132.0352441999999, 882.6067252
1714633478426, 2024-05-02T07:04:38.426Z, 1130.0206633999999, 893.7130506
1714633478441, 2024-05-02T07:04:38.441Z, 1128.550364, 900.7490020000001
1714633478454, 2024-05-02T07:04:38.454Z, 1129.973361, 907.8196226
1714633478471, 2024-05-02T07:04:38.471Z, 1130.9454342, 913.6132238
1714633478486, 2024-05-02T07:04:38.486Z, 1131.7403116, 916.4538822000001
1714633478516, 2024-05-02T07:04:38.516Z, 1134.067955, 920.5642754
1714633478535, 2024-05-02T07:04:38.535Z, 1135.3863598, 924.2433774000001
1714633478555, 2024-05-02T07:04:38.555Z, 1134.4695124, 924.962774
1714633478571, 2024-05-02T07:04:38.571Z, 1132.035917, 925.6444627999999
1714633478586, 2024-05-02T07:04:38.586Z, 1128.973323, 925.88536
1714633478601, 2024-05-02T07:04:38.601Z, 1124.7146123999999, 925.7699156000001
1714633478617, 2024-05-02T07:04:38.617Z, 1121.5860257999998, 926.1486929999999
1714633478633, 2024-05-02T07:04:38.633Z, 1118.7978076, 926.923849
1714633478671, 2024-05-02T07:04:38.671Z, 1117.0561647999998, 927.7703072
1714633478680, 2024-05-02T07:04:38.680Z, 1116.3904183999998, 929.0919324
1714633478695, 2024-05-02T07:04:38.695Z, 1116.2405966000001, 929.420198
1714633478711, 2024-05-02T07:04:38.711Z, 1115.9693748, 929.7897508
1714633478728, 2024-05-02T07:04:38.728Z, 1115.1058211999998, 929.8697513999999
1714633478743, 2024-05-02T07:04:38.743Z, 1114.0742112, 930.2831033999998
1714633478759, 2024-05-02T07:04:38.759Z, 1111.9372263999999, 931.2051434000001
1714633478774, 2024-05-02T07:04:38.774Z, 1108.0615296, 932.0859558
1714633478789, 2024-05-02T07:04:38.789Z, 1102.1932379999998, 932.6705076000001
1714633478814, 2024-05-02T07:04:38.814Z, 1097.139423, 932.6259266000001
1714633478830, 2024-05-02T07:04:38.830Z, 1094.8570779999998, 933.0375415999999
1714633478845, 2024-05-02T07:04:38.845Z, 1093.6905082, 933.1223404
1714633478857, 2024-05-02T07:04:38.857Z, 1093.3462888, 933.7320044
1714633478875, 2024-05-02T07:04:38.875Z, 1094.404117, 935.2917027999999
1714633478890, 2024-05-02T07:04:38.890Z, 1095.1781284, 937.4923482
1714633478907, 2024-05-02T07:04:38.907Z, 1093.3044882000002, 939.1424792
1714633478920, 2024-05-02T07:04:38.920Z, 1091.3930032, 940.8617303999999
1714633478935, 2024-05-02T07:04:38.935Z, 1089.3175514, 942.6013907999999
1714633478971, 2024-05-02T07:04:38.971Z, 1087.682635, 944.606359
1714633479010, 2024-05-02T07:04:39.010Z, 1085.6290252000001, 945.773841
1714633479027, 2024-05-02T07:04:39.027Z, 1083.5298011999998, 945.6445142
1714633479039, 2024-05-02T07:04:39.039Z, 1081.8938604, 945.4208464000001
1714633479055, 2024-05-02T07:04:39.055Z, 1081.2123259999998, 945.3136754
1714633479070, 2024-05-02T07:04:39.070Z, 1080.2812055999998, 943.3701933999998
1714633479086, 2024-05-02T07:04:39.086Z, 1080.6093274, 941.7881206
1714633479116, 2024-05-02T07:04:39.116Z, 1081.687292, 941.365151
1714633479127, 2024-05-02T07:04:39.127Z, 1083.6783850000002, 940.9342292000001
1714633479144, 2024-05-02T07:04:39.144Z, 1085.287824, 939.4258532
1714633479160, 2024-05-02T07:04:39.160Z, 1087.5186645999997, 938.4418427999999
1714633479172, 2024-05-02T07:04:39.172Z, 1089.2731823999998, 937.405156
1714633479190, 2024-05-02T07:04:39.190Z, 1089.8750698, 936.4791256000001
1714633479205, 2024-05-02T07:04:39.205Z, 1088.9035098, 935.56035
1714633479218, 2024-05-02T07:04:39.218Z, 1087.7757328, 935.2699138
1714633479234, 2024-05-02T07:04:39.234Z, 1086.6460744, 935.2193596000001
1714633479264, 2024-05-02T07:04:39.264Z, 1085.5815786, 935.1715296
1714633479280, 2024-05-02T07:04:39.280Z, 1085.2489188, 935.0694426
1714633479295, 2024-05-02T07:04:39.295Z, 1084.3516258, 934.9371869999999
1714633479320, 2024-05-02T07:04:39.320Z, 1083.1508088, 935.0740618
1714633479335, 2024-05-02T07:04:39.335Z, 1081.9983582, 936.3743048
1714633479351, 2024-05-02T07:04:39.351Z, 1087.0307932, 939.4656476
1714633479718, 2024-05-02T07:04:39.718Z, 1142.0370636, 942.6592788
1714633479731, 2024-05-02T07:04:39.731Z, 1198.410262, 945.5081309999999
1714633479746, 2024-05-02T07:04:39.746Z, 1254.1231923999999, 947.5504452000001
1714633479762, 2024-05-02T07:04:39.762Z, 1309.4602682, 948.4707189999999
1714633479776, 2024-05-02T07:04:39.776Z, 1358.6958611999999, 947.6770147999999
1714633479791, 2024-05-02T07:04:39.791Z, 1358.3707966000002, 946.3440218
1714633479804, 2024-05-02T07:04:39.804Z, 1357.4185366000002, 945.3960534
1714633479821, 2024-05-02T07:04:39.821Z, 1357.174316, 944.6053322
1714633479836, 2024-05-02T07:04:39.836Z, 1357.3713414, 943.0950263999999
1714633479869, 2024-05-02T07:04:39.869Z, 1356.0530906, 940.6882082
1714633479881, 2024-05-02T07:04:39.881Z, 1355.0180162, 938.6341026
1714633479896, 2024-05-02T07:04:39.896Z, 1347.9811152, 931.4594592000001
1714633479911, 2024-05-02T07:04:39.911Z, 1237.3259828, 865.6431894000001
1714633479928, 2024-05-02T07:04:39.928Z, 1129.3507072, 799.0553464000001