1714633211440, 2024-05-02T07:00:11.440Z, 169.616117, 566.200574
1714633211456, 2024-05-02T07:00:11.456Z, 179.113178, 564.050574
1714633211472, 2024-05-02T07:00:11.472Z, 168.37428433333335, 565.508722
1714633211490, 2024-05-02T07:00:11.490Z, 167.75025425, 565.6541137500001
1714633211503, 2024-05-02T07:00:11.503Z, 170.07904560000003, 565.3918406
1714633211522, 2024-05-02T07:00:11.522Z, 188.37614539999998, 562.670773
1714633211537, 2024-05-02T07:00:11.537Z, 212.47681580000003, 560.5760044000001
1714633211553, 2024-05-02T07:00:11.553Z, 257.4525978, 556.0199902
1714633211566, 2024-05-02T07:00:11.566Z, 300.7236534, 551.8788108000001
1714633211583, 2024-05-02T07:00:11.583Z, 347.0624206, 547.8734704000001
1714633211613, 2024-05-02T07:00:11.613Z, 368.46313079999993, 547.7770748
1714633211629, 2024-05-02T07:00:11.629Z, 376.3536964, 549.7954898
1714633211647, 2024-05-02T07:00:11.647Z, 353.7667702, 555.2191174000001
1714633211673, 2024-05-02T07:00:11.673Z, 342.11489720000003, 559.6970395999999
1714633211689, 2024-05-02T07:00:11.689Z, 326.2928514, 562.46178
1714633211701, 2024-05-02T07:00:11.701Z, 332.74755560000006, 562.838051
1714633211717, 2024-05-02T07:00:11.717Z, 345.4762918, 561.2339748
1714633211734, 2024-05-02T07:00:11.734Z, 368.083394, 555.5718519999999
1714633211746, 2024-05-02T07:00:11.746Z, 381.93333240000004, 549.9505819999999
1714633211779, 2024-05-02T07:00:11.779Z, 381.98203739999997, 544.4401318
1714633211794, 2024-05-02T07:00:11.794Z, 371.3038112, 532.4642707999999
1714633211825, 2024-05-02T07:00:11.825Z, 349.71866779999993, 521.7275023999999
1714633211836, 2024-05-02T07:00:11.836Z, 344.1073276, 511.97359059999997
1714633211872, 2024-05-02T07:00:11.872Z, 320.542455, 504.5184398
1714633211882, 2024-05-02T07:00:11.882Z, 318.45978099999996, 497.18433239999996
1714633211913, 2024-05-02T07:00:11.913Z, 308.52982480000003, 498.77056760000005
1714633211926, 2024-05-02T07:00:11.926Z, 315.7069894, 500.2135252
1714633211943, 2024-05-02T07:00:11.943Z, 310.0399444, 502.6826946
1714633211974, 2024-05-02T07:00:11.974Z, 314.64327620000006, 503.98284240000004
1714633211989, 2024-05-02T07:00:11.989Z, 317.71373380000006, 503.147339
1714633212005, 2024-05-02T07:00:12.005Z, 319.87579719999997, 501.6241096
1714633212020, 2024-05-02T07:00:12.020Z, 308.3704712, 499.94782940000005
1714633212036, 2024-05-02T07:00:12.036Z, 309.12713360000004, 497.2192464
1714633212051, 2024-05-02T07:00:12.051Z, 303.7489698, 495.57826059999996
1714633212067, 2024-05-02T07:00:12.067Z, 286.2679288, 498.0710368
1714633212082, 2024-05-02T07:00:12.082Z, 277.12666279999996, 498.9668214
1714633212097, 2024-05-02T07:00:12.097Z, 268.1004756, 499.1265516
1714633212123, 2024-05-02T07:00:12.123Z, 255.8278416, 499.15484580000003
1714633212137, 2024-05-02T07:00:12.137Z, 247.0433328, 498.48908339999997
1714633212149, 2024-05-02T07:00:12.149Z, 247.4171048, 495.6185462
1714633212167, 2024-05-02T07:00:12.167Z, 245.96275500000002, 492.9558642
1714633212182, 2024-05-02T07:00:12.182Z, 235.67313800000002, 490.2583304
1714633212194, 2024-05-02T07:00:12.194Z, 224.3771106, 487.90654399999994
1714633212211, 2024-05-02T07:00:12.211Z, 220.85784120000002, 484.65229220000003
1714633212227, 2024-05-02T07:00:12.227Z, 203.484935, 485.53264039999993
1714633212239, 2024-05-02T07:00:12.239Z, 190.2736416, 485.930199
1714633212273, 2024-05-02T07:00:12.273Z, 186.42685500000002, 486.5179958
1714633212285, 2024-05-02T07:00:12.285Z, 184.43251020000002, 487.005666
1714633212301, 2024-05-02T07:00:12.301Z, 180.53803979999998, 487.55985340000007
1714633212317, 2024-05-02T07:00:12.317Z, 179.3617036, 487.416384
1714633212330, 2024-05-02T07:00:12.330Z, 178.4906504, 487.28752139999995
1714633212365, 2024-05-02T07:00:12.365Z, 184.19861219999999, 487.13719999999995
1714633212377, 2024-05-02T07:00:12.377Z, 185.4387624, 487.8609332
1714633212425, 2024-05-02T07:00:12.425Z, 214.148257, 489.5110438
1714633212470, 2024-05-02T07:00:12.470Z, 246.8674656, 491.3602248
1714633212485, 2024-05-02T07:00:12.485Z, 274.3542736, 493.89505899999995
1714633212500, 2024-05-02T07:00:12.500Z, 301.3225332, 495.30992699999996
1714633212515, 2024-05-02T07:00:12.515Z, 332.6640708, 495.9813838
1714633212531, 2024-05-02T07:00:12.531Z, 343.20111080000004, 495.2853848
1714633212547, 2024-05-02T07:00:12.547Z, 345.1883924, 495.32645619999994
1714633212573, 2024-05-02T07:00:12.573Z, 352.060535, 494.95949840000003
1714633212587, 2024-05-02T07:00:12.587Z, 353.0489602, 495.4917918
1714633212600, 2024-05-02T07:00:12.600Z, 354.5697114, 495.6666464
1714633212617, 2024-05-02T07:00:12.617Z, 352.6001526, 495.9856704
1714633212633, 2024-05-02T07:00:12.633Z, 378.92297399999995, 490.75522120000005
1714633212645, 2024-05-02T07:00:12.645Z, 407.7735578, 485.69894439999996
1714633212682, 2024-05-02T07:00:12.682Z, 487.3303204, 481.60964359999997
1714633212696, 2024-05-02T07:00:12.696Z, 554.8727906000001, 476.9054198
1714633212724, 2024-05-02T07:00:12.724Z, 676.6166968, 475.8053374
1714633212735, 2024-05-02T07:00:12.735Z, 792.0865268, 477.6617026
1714633212768, 2024-05-02T07:00:12.768Z, 938.4570958, 479.6487816
1714633212780, 2024-05-02T07:00:12.780Z, 1037.8581238000002, 481.2606610000001
1714633212814, 2024-05-02T07:00:12.814Z, 1143.5175918, 485.6418259999999
1714633212826, 2024-05-02T07:00:12.826Z, 1193.1900872, 485.707166
1714633212871, 2024-05-02T07:00:12.871Z, 1228.1535216, 486.04332080000006
1714633212887, 2024-05-02T07:00:12.887Z, 1227.8350972, 485.6282542
1714633212903, 2024-05-02T07:00:12.903Z, 1232.194222, 481.2022072000001
1714633212915, 2024-05-02T07:00:12.915Z, 1229.1953245999998, 475.30386880000003
1714633212932, 2024-05-02T07:00:12.932Z, 1237.9496982, 470.3195724
1714633212947, 2024-05-02T07:00:12.947Z, 1245.5044196000001, 465.14133820000006
1714633212959, 2024-05-02T07:00:12.959Z, 1247.9401446, 460.330234
1714633212977, 2024-05-02T07:00:12.977Z, 1249.086557, 456.0253282
1714633213013, 2024-05-02T07:00:13.013Z, 1254.8105134000002, 451.6772952
1714633213028, 2024-05-02T07:00:13.028Z, 1249.62959, 446.89521240000005
1714633213043, 2024-05-02T07:00:13.043Z, 1254.7633584, 433.2781038
1714633213058, 2024-05-02T07:00:13.058Z, 1262.1256259999998, 421.9268124
1714633213090, 2024-05-02T07:00:13.090Z, 1278.7385894, 407.88770459999995
1714633213105, 2024-05-02T07:00:13.105Z, 1298.1475762, 394.1764602
1714633213120, 2024-05-02T07:00:13.120Z, 1309.7410896000001, 383.1321694
1714633213136, 2024-05-02T07:00:13.136Z, 1326.8169380000002, 376.563459
1714633213152, 2024-05-02T07:00:13.152Z, 1339.8031332, 366.33233920000004
1714633213178, 2024-05-02T07:00:13.178Z, 1344.0158651999998, 360.843745
1714633213200, 2024-05-02T07:00:13.200Z, 1347.1018938000002, 356.16725940000003
1714633213216, 2024-05-02T07:00:13.216Z, 1372.0046274000001, 342.3332614
1714633213232, 2024-05-02T07:00:13.232Z, 1385.8396728, 332.0617452
1714633213248, 2024-05-02T07:00:13.248Z, 1416.0038769999999, 325.2113608000001
1714633213263, 2024-05-02T07:00:13.263Z, 1443.1797634, 318.53301980000003
1714633213278, 2024-05-02T07:00:13.278Z, 1455.229519, 315.0168794
1714633213297, 2024-05-02T07:00:13.297Z, 1446.9531235999998, 320.17909799999995
1714633213321, 2024-05-02T07:00:13.321Z, 1433.7870025999998, 326.6593402
1714633213352, 2024-05-02T07:00:13.352Z, 1396.2351469999999, 333.56419619999997
1714633213369, 2024-05-02T07:00:13.369Z, 1348.7760646, 343.05354579999994
1714633213398, 2024-05-02T07:00:13.398Z, 1326.6468399999999, 348.7808878
1714633213411, 2024-05-02T07:00:13.411Z, 1305.2308014, 354.301118
1714633213447, 2024-05-02T07:00:13.447Z, 1305.1660412, 356.2229408
1714633213488, 2024-05-02T07:00:13.488Z, 1321.3676246, 355.1377578
1714633213500, 2024-05-02T07:00:13.500Z, 1348.1235252000001, 351.97378319999996
1714633213532, 2024-05-02T07:00:13.532Z, 1369.2982802000001, 345.98301879999997
1714633213545, 2024-05-02T07:00:13.545Z, 1386.973337, 339.60856939999996
1714633213577, 2024-05-02T07:00:13.577Z, 1385.0117182, 337.3304534
1714633213589, 2024-05-02T07:00:13.589Z, 1368.5979166000002, 338.4494086
1714633213628, 2024-05-02T07:00:13.628Z, 1358.1997456000001, 340.016296
1714633213636, 2024-05-02T07:00:13.636Z, 1337.459478, 344.8353808
1714633213670, 2024-05-02T07:00:13.670Z, 1327.3290502000002, 349.4185112
1714633213683, 2024-05-02T07:00:13.683Z, 1308.8938613999999, 347.5267582
1714633213713, 2024-05-02T07:00:13.713Z, 1299.9824694000001, 343.1662272
1714633213729, 2024-05-02T07:00:13.729Z, 1281.5385406, 337.7792711999999
1714633213771, 2024-05-02T07:00:13.771Z, 1272.2194511999999, 329.9341752
1714633213803, 2024-05-02T07:00:13.803Z, 1267.5160116000002, 322.154805
1714633213815, 2024-05-02T07:00:13.815Z, 1295.2280726000001, 317.6942388
1714633213848, 2024-05-02T07:00:13.848Z, 1332.2933478, 313.430205
1714633213860, 2024-05-02T07:00:13.860Z, 1371.0856542, 311.3943672
1714633213892, 2024-05-02T07:00:13.892Z, 1407.1742064, 312.9616948
1714633213937, 2024-05-02T07:00:13.937Z, 1429.8207696000002, 315.2891856
1714633213949, 2024-05-02T07:00:13.949Z, 1430.9205849999998, 320.47856079999997
1714633213983, 2024-05-02T07:00:13.983Z, 1423.17365, 326.1375042
1714633213994, 2024-05-02T07:00:13.994Z, 1415.7725987999997, 331.0745428
1714633214031, 2024-05-02T07:00:14.031Z, 1391.9414332, 339.4661414
1714633214039, 2024-05-02T07:00:14.039Z, 1374.8614334, 346.1686056
1714633214073, 2024-05-02T07:00:14.073Z, 1363.9527382, 350.9855934
1714633214086, 2024-05-02T07:00:14.086Z, 1342.422934, 356.57916880000005
1714633214117, 2024-05-02T07:00:14.117Z, 1331.8975644000002, 358.701997
1714633214133, 2024-05-02T07:00:14.133Z, 1343.2009496, 356.55817940000003
1714633214164, 2024-05-02T07:00:14.164Z, 1354.1215424, 354.0140514
1714633214179, 2024-05-02T07:00:14.179Z, 1359.0659707999998, 354.4865608
1714633214220, 2024-05-02T07:00:14.220Z, 1372.563172, 353.3651854
1714633214252, 2024-05-02T07:00:14.252Z, 1377.7641068, 352.8778864
1714633214264, 2024-05-02T07:00:14.264Z, 1378.4561084000002, 351.3565416
1714633214282, 2024-05-02T07:00:14.282Z, 1378.2852392, 348.7052092
1714633214297, 2024-05-02T07:00:14.297Z, 1382.2478022, 344.19740459999997
1714633214309, 2024-05-02T07:00:14.309Z, 1367.7956258, 347.70240920000003
1714633214344, 2024-05-02T07:00:14.344Z, 1358.68304, 351.1809086
1714633214392, 2024-05-02T07:00:14.392Z, 1360.853329, 351.0897
1714633214400, 2024-05-02T07:00:14.400Z, 1363.1843738, 353.9866684
1714633214433, 2024-05-02T07:00:14.433Z, 1358.6672388, 358.923666
1714633214445, 2024-05-02T07:00:14.445Z, 1372.3758557999997, 357.1513182
1714633214462, 2024-05-02T07:00:14.462Z, 1371.6294037999999, 359.5542962
1714633214482, 2024-05-02T07:00:14.482Z, 1353.6171481999997, 366.61963180000004
1714633214491, 2024-05-02T07:00:14.491Z, 1321.4532828, 370.41566240000003
1714633214523, 2024-05-02T07:00:14.523Z, 1289.3308228, 372.3430422
1714633214536, 2024-05-02T07:00:14.536Z, 1254.948315, 374.18701
1714633214552, 2024-05-02T07:00:14.552Z, 1231.165153, 378.1399832
1714633214568, 2024-05-02T07:00:14.568Z, 1209.177827, 380.8049818
1714633214584, 2024-05-02T07:00:14.584Z, 1197.0044192, 384.6443878
1714633214601, 2024-05-02T07:00:14.601Z, 1193.148799, 386.5266342
1714633214632, 2024-05-02T07:00:14.632Z, 1192.5843402, 387.8657042
1714633214646, 2024-05-02T07:00:14.646Z, 1182.1221734000003, 379.37776299999996
1714633214670, 2024-05-02T07:00:14.670Z, 1174.3985926, 369.73140079999996
1714633214687, 2024-05-02T07:00:14.687Z, 1171.6401872000001, 361.27687419999995
1714633214702, 2024-05-02T07:00:14.702Z, 1164.4961349999999, 355.9547174
1714633214714, 2024-05-02T07:00:14.714Z, 1157.5209968000001, 349.14936720000003
1714633214732, 2024-05-02T07:00:14.732Z, 1157.8714128, 349.1611038
1714633214747, 2024-05-02T07:00:14.747Z, 1160.9118856, 350.20113440000006
1714633214759, 2024-05-02T07:00:14.759Z, 1163.3842413999998, 350.7209688
1714633214785, 2024-05-02T07:00:14.785Z, 1165.1804565999998, 349.2951928
1714633214801, 2024-05-02T07:00:14.801Z, 1169.037403, 348.48566259999996
1714633214823, 2024-05-02T07:00:14.823Z, 1173.8916596, 343.85588040000005
1714633214837, 2024-05-02T07:00:14.837Z, 1183.8686724, 340.5320602
1714633214863, 2024-05-02T07:00:14.863Z, 1190.9654288, 339.5016182
1714633214880, 2024-05-02T07:00:14.880Z, 1199.1545621999999, 338.7447344
1714633214895, 2024-05-02T07:00:14.895Z, 1203.8575939999998, 338.9461526
1714633214910, 2024-05-02T07:00:14.910Z, 1200.7989635999998, 338.4698958
1714633214925, 2024-05-02T07:00:14.925Z, 1190.0677805999999, 337.68443740000004
1714633214942, 2024-05-02T07:00:14.942Z, 1192.1016734, 342.3863992
1714633214972, 2024-05-02T07:00:14.972Z, 1200.9528584, 350.67626980000006
1714633214987, 2024-05-02T07:00:14.987Z, 1218.9579184, 363.175165
1714633215019, 2024-05-02T07:00:15.019Z, 1259.1923896, 389.011952
1714633215034, 2024-05-02T07:00:15.034Z, 1299.0756509999999, 414.72903260000004
1714633215066, 2024-05-02T07:00:15.066Z, 1329.589254, 434.47568600000005
1714633215081, 2024-05-02T07:00:15.081Z, 1355.0272277999998, 450.60269880000004
1714633215121, 2024-05-02T07:00:15.121Z, 1374.6547050000001, 463.2652488
1714633215139, 2024-05-02T07:00:15.139Z, 1378.3577364, 465.6424586
1714633215152, 2024-05-02T07:00:15.152Z, 1382.839531, 468.17225399999995
1714633215164, 2024-05-02T07:00:15.164Z, 1388.4732294, 462.86608079999996
1714633215197, 2024-05-02T07:00:15.197Z, 1391.5344314, 458.12001300000003
1714633215209, 2024-05-02T07:00:15.209Z, 1394.2714382, 451.78947259999995
1714633215246, 2024-05-02T07:00:15.246Z, 1396.3580106, 445.48408140000004
1714633215287, 2024-05-02T07:00:15.287Z, 1399.2166578, 440.31014080000006
1714633215299, 2024-05-02T07:00:15.299Z, 1399.8922111999998, 441.5676896
1714633215332, 2024-05-02T07:00:15.332Z, 1397.3416527999998, 446.18581380000006
1714633215344, 2024-05-02T07:00:15.344Z, 1394.2509618, 451.5914046
1714633215377, 2024-05-02T07:00:15.377Z, 1390.2917838, 459.0089964
1714633215391, 2024-05-02T07:00:15.391Z, 1386.6701051999999, 464.7020332
1714633215423, 2024-05-02T07:00:15.423Z, 1383.3947650000002, 471.62533999999994
1714633215437, 2024-05-02T07:00:15.437Z, 1382.3879740000002, 476.54187160000004
1714633215471, 2024-05-02T07:00:15.471Z, 1380.7385656000001, 482.00904720000005
1714633215483, 2024-05-02T07:00:15.483Z, 1378.7135131999999, 486.0656612000001
1714633215515, 2024-05-02T07:00:15.515Z, 1375.6731164, 490.6922692
1714633215530, 2024-05-02T07:00:15.530Z, 1352.1108636, 499.71700300000003
1714633215574, 2024-05-02T07:00:15.574Z, 1329.1624496, 507.1728988
1714633215605, 2024-05-02T07:00:15.605Z, 1326.6442267999998, 508.70375720000004
1714633215617, 2024-05-02T07:00:15.617Z, 1325.310684, 509.820603
1714633215650, 2024-05-02T07:00:15.650Z, 1324.6489912000002, 509.64561539999994
1714633215662, 2024-05-02T07:00:15.662Z, 1344.482239, 503.2285132
1714633215697, 2024-05-02T07:00:15.697Z, 1363.886132, 496.44555099999997
1714633215740, 2024-05-02T07:00:15.740Z, 1366.2248690000001, 491.3331336
1714633215752, 2024-05-02T07:00:15.752Z, 1378.5323378, 477.4284272
1714633215770, 2024-05-02T07:00:15.770Z, 1356.3440070000001, 469.9975646
1714633215785, 2024-05-02T07:00:15.785Z, 1294.1695228, 463.75677759999996
1714633215798, 2024-05-02T07:00:15.798Z, 1180.1339042, 455.54707179999997
1714633215815, 2024-05-02T07:00:15.815Z, 958.2496226, 449.15701040000005
1714633215840, 2024-05-02T07:00:15.840Z, 721.2221259999999, 451.4409551999999
1714633215855, 2024-05-02T07:00:15.855Z, 524.7988578, 447.8409466
1714633215878, 2024-05-02T07:00:15.878Z, 370.00742419999995, 447.030901
1714633215889, 2024-05-02T07:00:15.889Z, 274.3819764, 448.24549959999996
1714633215905, 2024-05-02T07:00:15.905Z, 284.52662840000005, 451.347774
1714633215920, 2024-05-02T07:00:15.920Z, 295.6908672, 457.2180996
1714633215934, 2024-05-02T07:00:15.934Z, 309.2029698, 465.0432928
1714633215951, 2024-05-02T07:00:15.951Z, 311.6490636, 470.8210582
1714633215980, 2024-05-02T07:00:15.980Z, 304.9471158, 477.9463832
1714633215996, 2024-05-02T07:00:15.996Z, 307.4171238, 482.1443174
1714633216024, 2024-05-02T07:00:16.024Z, 314.6216094, 484.27601540000006
1714633216040, 2024-05-02T07:00:16.040Z, 305.5973018, 485.086105
1714633216058, 2024-05-02T07:00:16.058Z, 312.7864062, 483.458828
1714633216074, 2024-05-02T07:00:16.074Z, 329.25667699999997, 476.75999579999996
1714633216089, 2024-05-02T07:00:16.089Z, 329.7284705999999, 472.8463844
1714633216105, 2024-05-02T07:00:16.105Z, 331.7179966, 469.6568190000001
1714633216120, 2024-05-02T07:00:16.120Z, 339.15070679999997, 464.269305
1714633216136, 2024-05-02T07:00:16.136Z, 336.41757399999995, 459.1713796
1714633216151, 2024-05-02T07:00:16.151Z, 323.78524959999993, 457.5219516
1714633216176, 2024-05-02T07:00:16.176Z, 308.03744059999997, 453.42458559999994
1714633216197, 2024-05-02T07:00:16.197Z, 298.6808734, 443.33057500000007
1714633216212, 2024-05-02T07:00:16.212Z, 297.4990178, 435.4940634000001
1714633216227, 2024-05-02T07:00:16.227Z, 295.4369224, 427.6357363999999
1714633216243, 2024-05-02T07:00:16.243Z, 295.67689640000003, 420.30861020000003
1714633216259, 2024-05-02T07:00:16.259Z, 316.22866860000005, 415.86455499999994
1714633216274, 2024-05-02T07:00:16.274Z, 330.0995088, 416.3617816
1714633216290, 2024-05-02T07:00:16.290Z, 335.0010706, 416.2212002
1714633216306, 2024-05-02T07:00:16.306Z, 352.78681159999996, 417.6961946
1714633216329, 2024-05-02T07:00:16.329Z, 366.4713816, 419.36080439999995
1714633216337, 2024-05-02T07:00:16.337Z, 375.24677039999995, 420.79449539999996
1714633216353, 2024-05-02T07:00:16.353Z, 374.43747299999995, 421.324538
1714633216369, 2024-05-02T07:00:16.369Z, 375.254554, 421.36061499999994
1714633216384, 2024-05-02T07:00:16.384Z, 376.2193478, 419.3008395999999
1714633216400, 2024-05-02T07:00:16.400Z, 375.1302378, 416.6163144
1714633216415, 2024-05-02T07:00:16.415Z, 363.3209906, 410.2188144
1714633216431, 2024-05-02T07:00:16.431Z, 366.4767848, 398.65261599999997
1714633216447, 2024-05-02T07:00:16.447Z, 364.0861254, 385.15249520000003
1714633216472, 2024-05-02T07:00:16.472Z, 355.263139, 371.36438599999997
1714633216488, 2024-05-02T07:00:16.488Z, 348.4082808, 356.30724999999995
1714633216503, 2024-05-02T07:00:16.503Z, 347.29732620000004, 344.4006948
1714633216515, 2024-05-02T07:00:16.515Z, 343.96978879999995, 338.0802836
1714633216533, 2024-05-02T07:00:16.533Z, 342.788722, 334.95612040000003
1714633216548, 2024-05-02T07:00:16.548Z, 334.0556848, 334.25299739999997
1714633216560, 2024-05-02T07:00:16.560Z, 338.1403764, 334.11504099999996
1714633216578, 2024-05-02T07:00:16.578Z, 335.56058619999993, 335.20930659999993
1714633216596, 2024-05-02T07:00:16.596Z, 325.945543, 336.7763764
1714633216624, 2024-05-02T07:00:16.624Z, 315.1222216, 338.1947712
1714633216642, 2024-05-02T07:00:16.642Z, 304.5295052, 337.7083616
1714633216652, 2024-05-02T07:00:16.652Z, 292.0247876, 338.36225019999995
1714633216668, 2024-05-02T07:00:16.668Z, 280.99262379999993, 338.3331778
1714633216683, 2024-05-02T07:00:16.683Z, 270.660946, 339.82813999999996
1714633216697, 2024-05-02T07:00:16.697Z, 274.14640799999995, 340.8228898
1714633216713, 2024-05-02T07:00:16.713Z, 282.7739434, 343.3467588
1714633216728, 2024-05-02T07:00:16.728Z, 282.5233988, 346.120188
1714633216744, 2024-05-02T07:00:16.744Z, 295.650304, 347.8549162
1714633216774, 2024-05-02T07:00:16.774Z, 303.65173880000003, 347.8865532
1714633216790, 2024-05-02T07:00:16.790Z, 309.3538894, 347.54776
1714633216806, 2024-05-02T07:00:16.806Z, 306.39139439999997, 348.495105
1714633216822, 2024-05-02T07:00:16.822Z, 302.90823539999997, 348.9758002
1714633216837, 2024-05-02T07:00:16.837Z, 299.88413099999997, 351.1900604
1714633216852, 2024-05-02T07:00:16.852Z, 301.4447128, 354.40098679999994
1714633216867, 2024-05-02T07:00:16.867Z, 294.71631099999996, 357.6686266
1714633216884, 2024-05-02T07:00:16.884Z, 303.3891248, 356.5197356
1714633216899, 2024-05-02T07:00:16.899Z, 311.3234375999999, 355.41741079999997
1714633216920, 2024-05-02T07:00:16.920Z, 312.448651, 353.0074082
1714633216937, 2024-05-02T07:00:16.937Z, 310.51004, 349.3160065999999
1714633216952, 2024-05-02T07:00:16.952Z, 314.06195060000005, 345.94896199999994
1714633216964, 2024-05-02T07:00:16.964Z, 312.53273120000006, 342.5391342
1714633216982, 2024-05-02T07:00:16.982Z, 313.5711564, 339.5609492
1714633216997, 2024-05-02T07:00:16.997Z, 300.1900912, 336.9735622
1714633217009, 2024-05-02T07:00:17.009Z, 295.699551, 332.3376514
1714633217031, 2024-05-02T07:00:17.031Z, 283.3320856, 327.430288
1714633217046, 2024-05-02T07:00:17.046Z, 262.79027260000004, 326.7556814
1714633217076, 2024-05-02T07:00:17.076Z, 252.201476, 326.1716818
1714633217091, 2024-05-02T07:00:17.091Z, 248.93838180000003, 326.03808300000003
1714633217103, 2024-05-02T07:00:17.103Z, 240.27612019999998, 328.3592928
1714633217121, 2024-05-02T07:00:17.121Z, 232.8754504, 334.38367239999997
1714633217136, 2024-05-02T07:00:17.136Z, 232.33445939999996, 338.66875459999994
1714633217148, 2024-05-02T07:00:17.148Z, 228.34381979999998, 341.83932940000005
1714633217179, 2024-05-02T07:00:17.179Z, 222.0666766, 345.79528260000006
1714633217195, 2024-05-02T07:00:17.195Z, 216.22162640000002, 349.71001300000006
1714633217210, 2024-05-02T07:00:17.210Z, 221.17290459999998, 349.36297520000005
1714633217228, 2024-05-02T07:00:17.228Z, 221.9988708, 350.11907
1714633217242, 2024-05-02T07:00:17.242Z, 222.860429, 351.2963017999999
1714633217257, 2024-05-02T07:00:17.257Z, 225.80567100000002, 352.55368880000003
1714633217273, 2024-05-02T07:00:17.273Z, 222.72434040000002, 352.983745
1714633217288, 2024-05-02T07:00:17.288Z, 223.8476322, 352.38782180000004
1714633217304, 2024-05-02T07:00:17.304Z, 219.891334, 350.5475956
1714633217320, 2024-05-02T07:00:17.320Z, 208.43106000000003, 349.4932252
1714633217335, 2024-05-02T07:00:17.335Z, 209.95886520000005, 347.2702112
1714633217351, 2024-05-02T07:00:17.351Z, 214.6843398, 347.01496299999997
1714633217375, 2024-05-02T07:00:17.375Z, 214.291066, 345.8793208
1714633217397, 2024-05-02T07:00:17.397Z, 221.06019300000003, 345.04599199999996
1714633217413, 2024-05-02T07:00:17.413Z, 232.2559544, 343.35797519999994
1714633217429, 2024-05-02T07:00:17.429Z, 240.2864884, 343.2407126
1714633217444, 2024-05-02T07:00:17.444Z, 248.86681199999998, 342.36697860000004
1714633217460, 2024-05-02T07:00:17.460Z, 250.9128066, 343.0745172
1714633217475, 2024-05-02T07:00:17.475Z, 257.41088460000003, 341.63891459999996
1714633217491, 2024-05-02T07:00:17.491Z, 257.11558279999997, 340.67760799999996
1714633217506, 2024-05-02T07:00:17.506Z, 249.91353259999997, 338.8551198
1714633217526, 2024-05-02T07:00:17.526Z, 241.35790779999996, 340.35958400000004
1714633217541, 2024-05-02T07:00:17.541Z, 233.47319000000002, 342.7822392
1714633217554, 2024-05-02T07:00:17.554Z, 231.80165440000002, 344.6569318
1714633217571, 2024-05-02T07:00:17.571Z, 229.01719000000003, 348.5011386
1714633217586, 2024-05-02T07:00:17.586Z, 221.30678939999999, 352.0807062
1714633217601, 2024-05-02T07:00:17.601Z, 226.10121840000002, 349.64573740000003
1714633217616, 2024-05-02T07:00:17.616Z, 230.0413164, 348.08642679999997
1714633217632, 2024-05-02T07:00:17.632Z, 221.29949660000003, 350.4528558
1714633217647, 2024-05-02T07:00:17.647Z, 225.28726939999996, 350.28623639999995
1714633217677, 2024-05-02T07:00:17.677Z, 229.7460032, 350.5318542
1714633217689, 2024-05-02T07:00:17.689Z, 231.5745248, 351.7081894
1714633217710, 2024-05-02T07:00:17.710Z, 228.86855180000003, 352.99878420000005
1714633217725, 2024-05-02T07:00:17.725Z, 227.66811560000002, 353.107977
1714633217741, 2024-05-02T07:00:17.741Z, 228.01322960000002, 351.4809768
1714633217757, 2024-05-02T07:00:17.757Z, 225.41606280000002, 349.8715684
1714633217773, 2024-05-02T07:00:17.773Z, 216.2331424, 349.696385
1714633217789, 2024-05-02T07:00:17.789Z, 221.04202879999997, 352.18321060000005
1714633217804, 2024-05-02T07:00:17.804Z, 235.24482860000003, 356.1727346
1714633217825, 2024-05-02T07:00:17.825Z, 248.3935818, 360.7757616
1714633217841, 2024-05-02T07:00:17.841Z, 274.9109268, 364.7789712
1714633217856, 2024-05-02T07:00:17.856Z, 294.6036292, 371.62001499999997
1714633217868, 2024-05-02T07:00:17.868Z, 312.7165552, 373.68547580000006
1714633217885, 2024-05-02T07:00:17.885Z, 326.0584856, 378.1969712
1714633217901, 2024-05-02T07:00:17.901Z, 339.1022302, 384.38014540000006
1714633217914, 2024-05-02T07:00:17.914Z, 347.675699, 389.3210968
1714633217930, 2024-05-02T07:00:17.930Z, 363.8940936, 386.539868
1714633217945, 2024-05-02T07:00:17.945Z, 379.62645960000003, 383.91827240000003
1714633217976, 2024-05-02T07:00:17.976Z, 391.401434, 376.1188412
1714633217992, 2024-05-02T07:00:17.992Z, 393.15623139999997, 369.0232502
1714633218007, 2024-05-02T07:00:18.007Z, 399.5401456, 363.4701598
1714633218023, 2024-05-02T07:00:18.023Z, 405.29083820000005, 363.543986
1714633218038, 2024-05-02T07:00:18.038Z, 400.8170572, 363.6225692
1714633218053, 2024-05-02T07:00:18.053Z, 400.6662178, 364.3579394
1714633218069, 2024-05-02T07:00:18.069Z, 402.98667080000007, 363.876869
1714633218084, 2024-05-02T07:00:18.084Z, 398.63989499999997, 362.70041879999997
1714633218100, 2024-05-02T07:00:18.100Z, 403.1275384, 360.4777496
1714633218124, 2024-05-02T07:00:18.124Z, 411.0537354, 358.3690042
1714633218135, 2024-05-02T07:00:18.135Z, 422.99761159999997, 356.5484682
1714633218152, 2024-05-02T07:00:18.152Z, 532.9729623999999, 373.06727440000003
1714633218168, 2024-05-02T07:00:18.168Z, 665.1202878, 399.05766700000004
1714633218180, 2024-05-02T07:00:18.180Z, 802.6544206000001, 428.9651208
1714633218198, 2024-05-02T07:00:18.198Z, 980.5008322, 462.23078599999997
1714633218214, 2024-05-02T07:00:18.214Z, 1147.3136342, 498.30184799999995
1714633218225, 2024-05-02T07:00:18.225Z, 1215.1528966, 518.2772082
1714633218245, 2024-05-02T07:00:18.245Z, 1270.9167948, 526.1721314
1714633218272, 2024-05-02T07:00:18.272Z, 1310.7635158, 533.3025434
1714633218288, 2024-05-02T07:00:18.288Z, 1313.9616498, 537.599487
1714633218304, 2024-05-02T07:00:18.304Z, 1316.1719226, 542.1951323999999
1714633218319, 2024-05-02T07:00:18.319Z, 1314.1085552, 547.5991357999999
1714633218348, 2024-05-02T07:00:18.348Z, 1309.3548311999998, 551.6040343999999
1714633218363, 2024-05-02T07:00:18.363Z, 1307.9089609999999, 551.6476358
1714633218378, 2024-05-02T07:00:18.378Z, 1295.9062182, 554.1064616
1714633218397, 2024-05-02T07:00:18.397Z, 1287.1914956, 553.6968889999999
1714633218425, 2024-05-02T07:00:18.425Z, 1282.2063685999997, 551.4105254
1714633218441, 2024-05-02T07:00:18.441Z, 1265.7803602, 553.8101788
1714633218456, 2024-05-02T07:00:18.456Z, 1248.5047528, 556.9235022
1714633218472, 2024-05-02T07:00:18.472Z, 1245.4090394, 558.1237414
1714633218490, 2024-05-02T07:00:18.490Z, 1241.0377984000002, 559.4646576
1714633218504, 2024-05-02T07:00:18.504Z, 1234.4656043999998, 560.909534
1714633218520, 2024-05-02T07:00:18.520Z, 1239.558906, 562.0229826
1714633218536, 2024-05-02T07:00:18.536Z, 1241.0039454, 564.2062214
1714633218551, 2024-05-02T07:00:18.551Z, 1236.7409579999999, 566.3638652
1714633218575, 2024-05-02T07:00:18.575Z, 1230.9017328000002, 569.1302446
1714633218586, 2024-05-02T07:00:18.586Z, 1225.2270368, 571.4478224
1714633218602, 2024-05-02T07:00:18.602Z, 1225.2776966000001, 573.4953122
1714633218622, 2024-05-02T07:00:18.622Z, 1227.2245364, 574.1679366
1714633218632, 2024-05-02T07:00:18.632Z, 1223.2264698000001, 574.3345251999999
1714633218661, 2024-05-02T07:00:18.661Z, 1229.928964, 572.8677602
1714633218676, 2024-05-02T07:00:18.676Z, 1240.0719551999998, 570.8892761999999
1714633218695, 2024-05-02T07:00:18.695Z, 1241.7719248, 568.6645586000001
1714633218724, 2024-05-02T07:00:18.724Z, 1238.3081012, 565.258736
1714633218754, 2024-05-02T07:00:18.754Z, 1238.8912964, 562.1303748
1714633218769, 2024-05-02T07:00:18.769Z, 1236.4388612, 560.5380636
1714633218801, 2024-05-02T07:00:18.801Z, 1237.1264416000001, 559.5084451999999
1714633218816, 2024-05-02T07:00:18.816Z, 1235.9343086000001, 559.3044442
1714633218849, 2024-05-02T07:00:18.849Z, 1242.6663942, 560.8172224
1714633218874, 2024-05-02T07:00:18.874Z, 1257.474782, 561.635927
1714633218889, 2024-05-02T07:00:18.889Z, 1285.0507346, 558.4879328
1714633218901, 2024-05-02T07:00:18.901Z, 1306.2003704, 555.3965574
1714633218918, 2024-05-02T07:00:18.918Z, 1326.9437218, 552.7790796
1714633218934, 2024-05-02T07:00:18.934Z, 1342.8415376, 550.8805752000001
1714633218946, 2024-05-02T07:00:18.946Z, 1348.0447814, 550.9819434
1714633218963, 2024-05-02T07:00:18.963Z, 1342.552235, 555.3008872
1714633218979, 2024-05-02T07:00:18.979Z, 1337.8315136, 560.6040308
1714633218991, 2024-05-02T07:00:18.991Z, 1327.1050656000002, 564.4228936000001
1714633219025, 2024-05-02T07:00:19.025Z, 1311.4173174000002, 566.591549
1714633219052, 2024-05-02T07:00:19.052Z, 1294.4526166, 567.0569818
1714633219068, 2024-05-02T07:00:19.068Z, 1259.3676154, 568.1276236
1714633219081, 2024-05-02T07:00:19.081Z, 1228.7332078, 567.6257906
1714633219098, 2024-05-02T07:00:19.098Z, 1188.1160914, 571.2100045999999
1714633219113, 2024-05-02T07:00:19.113Z, 1149.9638298, 577.509346
1714633219145, 2024-05-02T07:00:19.145Z, 1118.2536992, 583.6495594
1714633219188, 2024-05-02T07:00:19.188Z, 1119.5256385999999, 581.7070216
1714633219208, 2024-05-02T07:00:19.208Z, 1110.0766202, 585.9220912
1714633219237, 2024-05-02T07:00:19.237Z, 1127.8156821999999, 580.1096650000001
1714633219252, 2024-05-02T07:00:19.252Z, 1145.138667, 572.9795328
1714633219283, 2024-05-02T07:00:19.283Z, 1157.7267562, 567.2588062000001
1714633219298, 2024-05-02T07:00:19.298Z, 1147.392683, 567.3523902000001
1714633219324, 2024-05-02T07:00:19.324Z, 1151.8091153999999, 562.0137996000001
1714633219338, 2024-05-02T07:00:19.338Z, 1136.7100292, 562.5701196
1714633219368, 2024-05-02T07:00:19.368Z, 1137.3425086, 563.1151162
1714633219384, 2024-05-02T07:00:19.384Z, 1132.8975068, 561.8090437999999
1714633219416, 2024-05-02T07:00:19.416Z, 1140.1775738, 560.6385110000001
1714633219440, 2024-05-02T07:00:19.440Z, 1134.075427, 558.2300832
1714633219456, 2024-05-02T07:00:19.456Z, 1122.5065702, 561.6689269999999
1714633219475, 2024-05-02T07:00:19.475Z, 1104.260458, 566.2753981999999
1714633219503, 2024-05-02T07:00:19.503Z, 1105.2695322, 570.3199291999999
1714633219518, 2024-05-02T07:00:19.518Z, 1094.7382154, 576.3691649999998
1714633219534, 2024-05-02T07:00:19.534Z, 1083.1452146, 587.1358941999999
1714633219549, 2024-05-02T07:00:19.549Z, 1072.6058567999999, 603.4562394000001
1714633219565, 2024-05-02T07:00:19.565Z, 1070.0688698, 613.3899986
1714633219580, 2024-05-02T07:00:19.581Z, 1054.3625108, 622.4612284
1714633219596, 2024-05-02T07:00:19.596Z, 1048.8434593999998, 627.7885976
1714633219621, 2024-05-02T07:00:19.621Z, 1048.6541062, 628.0814194
1714633219653, 2024-05-02T07:00:19.653Z, 1055.411427, 614.7963772
1714633219665, 2024-05-02T07:00:19.665Z, 1049.6909596, 607.1009388
1714633219699, 2024-05-02T07:00:19.699Z, 1062.4098396, 602.1495166
1714633219710, 2024-05-02T07:00:19.710Z, 1060.2965428, 601.5339658
1714633219743, 2024-05-02T07:00:19.743Z, 1069.1525122, 600.9141225999999
1714633219787, 2024-05-02T07:00:19.787Z, 1090.1518167999998, 601.4065238
1714633219799, 2024-05-02T07:00:19.799Z, 1106.1813293999999, 603.3681078000001
1714633219832, 2024-05-02T07:00:19.832Z, 1117.101009, 607.6374427999999
1714633219844, 2024-05-02T07:00:19.844Z, 1140.6216858, 607.5022246000001
1714633219865, 2024-05-02T07:00:19.865Z, 1170.7846983999998, 606.5296486
1714633219877, 2024-05-02T07:00:19.877Z, 1197.9504194, 606.617978
1714633219893, 2024-05-02T07:00:19.893Z, 1229.1870314, 605.6428594
1714633219924, 2024-05-02T07:00:19.924Z, 1246.7968522000003, 603.0547952
1714633219938, 2024-05-02T07:00:19.938Z, 1262.591833, 601.0171588000001
1714633219969, 2024-05-02T07:00:19.969Z, 1253.2744754, 604.1627574
1714633219984, 2024-05-02T07:00:19.984Z, 1246.8070524, 608.3836664
1714633220000, 2024-05-02T07:00:20.000Z, 1260.4221518, 606.4629600000001
1714633220016, 2024-05-02T07:00:20.016Z, 1275.822013, 603.9742688
1714633220032, 2024-05-02T07:00:20.032Z, 1287.7171148000002, 603.0238516
1714633220048, 2024-05-02T07:00:20.048Z, 1315.6007836, 597.8576903999999
1714633220072, 2024-05-02T07:00:20.072Z, 1333.5893206, 592.2203844000001
1714633220086, 2024-05-02T07:00:20.086Z, 1337.1206948000001, 590.6752108
1714633220102, 2024-05-02T07:00:20.102Z, 1338.056593, 587.898911
1714633220118, 2024-05-02T07:00:20.118Z, 1335.3909070000002, 585.7822583999999
1714633220131, 2024-05-02T07:00:20.131Z, 1333.5569732000001, 582.1528354
1714633220147, 2024-05-02T07:00:20.147Z, 1334.8568348000001, 577.9741524
1714633220159, 2024-05-02T07:00:20.159Z, 1332.7593798, 574.6199682
1714633220176, 2024-05-02T07:00:20.176Z, 1341.384654, 568.5043344
1714633220192, 2024-05-02T07:00:20.192Z, 1351.3481809999998, 562.2969418
1714633220226, 2024-05-02T07:00:20.226Z, 1360.3365448, 555.2779584
1714633220237, 2024-05-02T07:00:20.237Z, 1365.9628011999998, 550.5775752
1714633220253, 2024-05-02T07:00:20.253Z, 1365.8590417999999, 549.6711158
1714633220266, 2024-05-02T07:00:20.266Z, 1359.4438788, 556.763611
1714633220282, 2024-05-02T07:00:20.282Z, 1350.4690406, 565.3954826
1714633220296, 2024-05-02T07:00:20.296Z, 1336.319077, 576.7767105999999
1714633220313, 2024-05-02T07:00:20.313Z, 1327.858342, 582.9032496000001
1714633220329, 2024-05-02T07:00:20.329Z, 1322.8079434, 586.243496
1714633220345, 2024-05-02T07:00:20.345Z, 1310.94433, 588.0222762
1714633220373, 2024-05-02T07:00:20.373Z, 1298.3043816000002, 593.7765386
1714633220384, 2024-05-02T07:00:20.384Z, 1284.8887528, 600.7179256
1714633220401, 2024-05-02T07:00:20.401Z, 1271.9599154000002, 611.2909086
1714633220417, 2024-05-02T07:00:20.417Z, 1265.0662338, 621.1212584
1714633220429, 2024-05-02T07:00:20.429Z, 1258.6215908, 628.0820338
1714633220446, 2024-05-02T07:00:20.446Z, 1270.7520209999998, 626.5546166
1714633220462, 2024-05-02T07:00:20.462Z, 1281.25123, 624.651208
1714633220474, 2024-05-02T07:00:20.474Z, 1285.015323, 623.1716892000001
1714633220491, 2024-05-02T07:00:20.491Z, 1292.1242223999998, 619.9691656
1714633220520, 2024-05-02T07:00:20.520Z, 1290.5386764, 618.2907233999999
1714633220536, 2024-05-02T07:00:20.536Z, 1281.48505, 619.6811388
1714633220552, 2024-05-02T07:00:20.552Z, 1276.7072784, 620.549451
1714633220564, 2024-05-02T07:00:20.564Z, 1273.6358172, 619.2436854
1714633220581, 2024-05-02T07:00:20.581Z, 1261.9708987999998, 618.8153245999999
1714633220602, 2024-05-02T07:00:20.602Z, 1247.7325018, 616.0951352
1714633220610, 2024-05-02T07:00:20.610Z, 1229.6732155999998, 612.8726226000001
1714633220632, 2024-05-02T07:00:20.632Z, 1210.4038150000001, 609.4170834
1714633220645, 2024-05-02T07:00:20.645Z, 1190.5575396, 610.2653314
1714633220677, 2024-05-02T07:00:20.677Z, 1175.0382518, 614.3807922
1714633220690, 2024-05-02T07:00:20.690Z, 1178.1759028000001, 620.5490432
1714633220702, 2024-05-02T07:00:20.702Z, 1177.9470124000002, 626.508093
1714633220720, 2024-05-02T07:00:20.720Z, 1176.8462022, 632.8905582
1714633220736, 2024-05-02T07:00:20.736Z, 1179.0741456, 636.4571458
1714633220749, 2024-05-02T07:00:20.749Z, 1180.1408569999999, 637.4364578000001
1714633220766, 2024-05-02T07:00:20.766Z, 1180.6515142, 636.4805458
1714633220782, 2024-05-02T07:00:20.782Z, 1181.6763492, 635.7958682000001
1714633220796, 2024-05-02T07:00:20.796Z, 1183.7912756, 635.670298
1714633220827, 2024-05-02T07:00:20.827Z, 1188.3383022, 635.8188348000001
1714633220842, 2024-05-02T07:00:20.842Z, 1191.6043924, 635.9875978
1714633220857, 2024-05-02T07:00:20.857Z, 1193.415344, 636.7067568
1714633220873, 2024-05-02T07:00:20.873Z, 1199.3153822, 636.2673714
1714633220889, 2024-05-02T07:00:20.889Z, 1199.6335940000001, 635.1452242
1714633220905, 2024-05-02T07:00:20.905Z, 1208.8910948, 627.5453930000001
1714633220920, 2024-05-02T07:00:20.920Z, 1217.790175, 619.6258742000001
1714633220935, 2024-05-02T07:00:20.935Z, 1219.9434640000002, 615.1482972
1714633220951, 2024-05-02T07:00:20.951Z, 1225.3574563999998, 611.094247
1714633220975, 2024-05-02T07:00:20.975Z, 1226.8700208, 609.3837998
1714633220994, 2024-05-02T07:00:20.994Z, 1224.6588342, 613.1134989999999
1714633221010, 2024-05-02T07:00:21.010Z, 1221.8031928, 617.6303318
1714633221016, 2024-05-02T07:00:21.016Z, 1219.5836424000001, 621.3261871999999
1714633221033, 2024-05-02T07:00:21.033Z, 1220.9769156000002, 628.1083794
1714633221047, 2024-05-02T07:00:21.047Z, 1227.1263158, 634.5495399999999
1714633221060, 2024-05-02T07:00:21.060Z, 1224.1697689999999, 642.4910496
1714633221078, 2024-05-02T07:00:21.078Z, 1230.0395634, 649.0377606
1714633221097, 2024-05-02T07:00:21.097Z, 1239.6930882000001, 654.3521234
1714633221124, 2024-05-02T07:00:21.124Z, 1246.2766144000002, 656.6747935999999
1714633221138, 2024-05-02T07:00:21.138Z, 1255.4688626, 657.7666852
1714633221154, 2024-05-02T07:00:21.154Z, 1266.8025647999998, 658.0260964
1714633221170, 2024-05-02T07:00:21.170Z, 1272.8428499999998, 661.0769886
1714633221186, 2024-05-02T07:00:21.186Z, 1276.395392, 663.9303912
1714633221200, 2024-05-02T07:00:21.200Z, 1271.4843018, 666.7588556
1714633221216, 2024-05-02T07:00:21.216Z, 1271.3595579999999, 668.0687019999999
1714633221232, 2024-05-02T07:00:21.232Z, 1266.9904732, 668.3428364
1714633221248, 2024-05-02T07:00:21.248Z, 1261.4380747999999, 666.4861645999999
1714633221274, 2024-05-02T07:00:21.274Z, 1261.6834502000002, 662.9336450000001
1714633221285, 2024-05-02T07:00:21.285Z, 1264.386811, 659.1889214
1714633221302, 2024-05-02T07:00:21.302Z, 1268.2380084000001, 655.0547091999999
1714633221318, 2024-05-02T07:00:21.318Z, 1279.2189206, 650.2132091999999
1714633221329, 2024-05-02T07:00:21.329Z, 1283.928499, 647.5007116
1714633221347, 2024-05-02T07:00:21.347Z, 1300.20046, 643.7219528
1714633221362, 2024-05-02T07:00:21.362Z, 1314.6029802, 641.004025
1714633221375, 2024-05-02T07:00:21.375Z, 1320.4185750000001, 639.9633604
1714633221393, 2024-05-02T07:00:21.393Z, 1328.0910543999998, 639.9086906
1714633221425, 2024-05-02T07:00:21.425Z, 1332.3719482000001, 640.9267132
1714633221438, 2024-05-02T07:00:21.438Z, 1329.6352060000002, 643.8066012
1714633221452, 2024-05-02T07:00:21.452Z, 1328.3898428, 646.2557884
1714633221465, 2024-05-02T07:00:21.465Z, 1304.7795214, 650.3709576
1714633221487, 2024-05-02T07:00:21.487Z, 1285.548132, 654.3770744000001
1714633221498, 2024-05-02T07:00:21.498Z, 1271.8033672, 655.4260120000001
1714633221512, 2024-05-02T07:00:21.512Z, 1242.367249, 657.1237862
1714633221527, 2024-05-02T07:00:21.527Z, 1211.5221055999998, 658.4156323999999
1714633221547, 2024-05-02T07:00:21.547Z, 1201.9363939999998, 658.1372246
1714633221573, 2024-05-02T07:00:21.573Z, 1173.1683979999998, 659.6121648
1714633221590, 2024-05-02T07:00:21.590Z, 1151.8151174, 661.0802556
1714633221606, 2024-05-02T07:00:21.606Z, 1137.0735716, 663.0689347999999
1714633221621, 2024-05-02T07:00:21.621Z, 1132.0556818, 667.0172546
1714633221636, 2024-05-02T07:00:21.636Z, 1131.3689155999998, 670.5205542000001
1714633221652, 2024-05-02T07:00:21.652Z, 1131.7080312, 672.8661549999999
1714633221667, 2024-05-02T07:00:21.667Z, 1137.040436, 675.4880582
1714633221682, 2024-05-02T07:00:21.682Z, 1145.7247234000001, 677.090658
1714633221697, 2024-05-02T07:00:21.697Z, 1143.2357712, 677.3323444
1714633221724, 2024-05-02T07:00:21.724Z, 1133.0868316, 677.3394228
1714633221735, 2024-05-02T07:00:21.735Z, 1128.9044903999998, 678.0810464
1714633221752, 2024-05-02T07:00:21.752Z, 1113.7512246000001, 675.2187544
1714633221768, 2024-05-02T07:00:21.768Z, 1098.070236, 671.9796302
1714633221780, 2024-05-02T07:00:21.780Z, 1085.6426609999999, 670.9863148
1714633221798, 2024-05-02T07:00:21.798Z, 1080.8815141999999, 669.0512258
1714633221813, 2024-05-02T07:00:21.813Z, 1072.5400257999997, 666.5841388
1714633221843, 2024-05-02T07:00:21.843Z, 1050.550508, 665.1837204
1714633221875, 2024-05-02T07:00:21.875Z, 978.5938272, 656.1796196
1714633221888, 2024-05-02T07:00:21.888Z, 867.5306970000001, 642.5375724
1714633221903, 2024-05-02T07:00:21.903Z, 748.0644202000001, 630.3930394000001
1714633221916, 2024-05-02T07:00:21.916Z, 628.4369116, 620.631999
1714633221933, 2024-05-02T07:00:21.933Z, 515.4923541999999, 613.8888529999999
1714633221961, 2024-05-02T07:00:21.961Z, 454.82812260000003, 614.4664376000001
1714633221977, 2024-05-02T07:00:21.977Z, 427.9010658, 616.7102435999999
1714633221993, 2024-05-02T07:00:21.993Z, 412.4657062, 617.4733415999999
1714633222023, 2024-05-02T07:00:22.023Z, 399.75710799999996, 613.4416573999999
1714633222039, 2024-05-02T07:00:22.039Z, 385.9714462, 604.4068262
1714633222054, 2024-05-02T07:00:22.054Z, 372.7251636, 595.8740636
1714633222070, 2024-05-02T07:00:22.070Z, 364.00877679999996, 587.6021498
1714633222085, 2024-05-02T07:00:22.085Z, 350.0663896, 580.2330038
1714633222102, 2024-05-02T07:00:22.102Z, 346.55468260000004, 572.765643
1714633222117, 2024-05-02T07:00:22.117Z, 353.5417294, 568.1153688
1714633222132, 2024-05-02T07:00:22.132Z, 353.66454039999996, 563.8843288
1714633222148, 2024-05-02T07:00:22.148Z, 360.8751123999999, 558.8342356
1714633222174, 2024-05-02T07:00:22.174Z, 364.5892368, 554.5357216
1714633222185, 2024-05-02T07:00:22.185Z, 366.33495059999996, 552.376538
1714633222201, 2024-05-02T07:00:22.201Z, 358.667261, 553.430066
1714633222225, 2024-05-02T07:00:22.225Z, 354.432193, 553.8370941999999
1714633222240, 2024-05-02T07:00:22.240Z, 351.5971638, 555.1880378
1714633222255, 2024-05-02T07:00:22.255Z, 350.99540899999994, 555.9499132
1714633222271, 2024-05-02T07:00:22.271Z, 337.57212339999995, 556.3734974
1714633222286, 2024-05-02T07:00:22.286Z, 335.54979579999997, 554.5338214
1714633222302, 2024-05-02T07:00:22.302Z, 332.5301882, 552.6240424
1714633222320, 2024-05-02T07:00:22.320Z, 320.418957, 550.4960692000001
1714633222341, 2024-05-02T07:00:22.341Z, 298.26026920000004, 548.7148414
1714633222352, 2024-05-02T07:00:22.352Z, 258.5189222, 551.0058308
1714633222364, 2024-05-02T07:00:22.364Z, 211.59891780000004, 554.4736374
1714633222382, 2024-05-02T07:00:22.382Z, 173.3727242, 556.7063704
1714633222397, 2024-05-02T07:00:22.397Z, 130.36272939999998, 561.1904254
1714633222412, 2024-05-02T07:00:22.412Z, 106.6760276, 564.5327536000001
1714633222431, 2024-05-02T07:00:22.431Z, 110.7355106, 563.9051872
1714633222458, 2024-05-02T07:00:22.458Z, 121.91390820000001, 562.1093596
1714633222474, 2024-05-02T07:00:22.474Z, 125.85419160000001, 561.7197022
1714633222490, 2024-05-02T07:00:22.490Z, 140.6496344, 556.4288766
1714633222505, 2024-05-02T07:00:22.505Z, 160.1960948, 550.1869193999999
1714633222521, 2024-05-02T07:00:22.521Z, 170.780267, 541.8741765999999
1714633222536, 2024-05-02T07:00:22.536Z, 182.82916719999997, 527.5744348
1714633222552, 2024-05-02T07:00:22.552Z, 201.3853388, 512.8786167999999
1714633222568, 2024-05-02T07:00:22.568Z, 215.7962946, 499.98830719999995
1714633222585, 2024-05-02T07:00:22.585Z, 218.90970099999998, 488.9506792
1714633222600, 2024-05-02T07:00:22.600Z, 237.2547614, 479.2248428
1714633222623, 2024-05-02T07:00:22.623Z, 249.72182579999998, 475.4176572
1714633222639, 2024-05-02T07:00:22.639Z, 260.9584394, 471.7389466000001
1714633222652, 2024-05-02T07:00:22.652Z, 262.1570036, 471.0719682
1714633222667, 2024-05-02T07:00:22.667Z, 264.0600584, 470.5050622
1714633222679, 2024-05-02T07:00:22.679Z, 265.73038979999995, 470.84188379999995
1714633222696, 2024-05-02T07:00:22.696Z, 263.9269276, 472.07798979999995
1714633222715, 2024-05-02T07:00:22.715Z, 255.09399000000002, 473.6092388
1714633222727, 2024-05-02T07:00:22.727Z, 260.93354020000004, 473.498377
1714633222745, 2024-05-02T07:00:22.745Z, 263.6084942, 472.9640346
1714633222774, 2024-05-02T07:00:22.774Z, 262.6886372, 472.63907520000004
1714633222790, 2024-05-02T07:00:22.790Z, 275.810909, 475.4740138
1714633222808, 2024-05-02T07:00:22.808Z, 289.8378874, 476.32831539999995
1714633222819, 2024-05-02T07:00:22.819Z, 391.1309178, 498.34367480000003
1714633222835, 2024-05-02T07:00:22.835Z, 564.5250228000001, 530.7841802
1714633222851, 2024-05-02T07:00:22.851Z, 741.3203282000001, 564.23504
1714633222867, 2024-05-02T07:00:22.867Z, 908.7919440000002, 594.4724944
1714633222882, 2024-05-02T07:00:22.882Z, 1090.1629884000001, 625.3382261999999
1714633222897, 2024-05-02T07:00:22.897Z, 1170.6097064, 636.1734124000001
1714633222926, 2024-05-02T07:00:22.926Z, 1190.9650772, 636.8208826
1714633222941, 2024-05-02T07:00:22.941Z, 1196.7465508, 642.537184
1714633222951, 2024-05-02T07:00:22.951Z, 1204.8172188, 646.3840178
1714633222968, 2024-05-02T07:00:22.968Z, 1211.8626646, 645.8274054
1714633222983, 2024-05-02T07:00:22.983Z, 1220.3723322, 646.1237624000001
1714633222998, 2024-05-02T07:00:22.998Z, 1221.3625088000003, 647.7606214
1714633223013, 2024-05-02T07:00:23.013Z, 1231.1555582, 642.6730716
1714633223028, 2024-05-02T07:00:23.028Z, 1235.4354388, 640.2222254000001
1714633223074, 2024-05-02T07:00:23.074Z, 1219.8840956, 646.0862064
1714633223118, 2024-05-02T07:00:23.118Z, 1205.6427402, 649.9887894
1714633223129, 2024-05-02T07:00:23.129Z, 1191.205219, 652.5424118
1714633223163, 2024-05-02T07:00:23.163Z, 1174.1848189999998, 653.8078026
1714633223177, 2024-05-02T07:00:23.177Z, 1155.8884228, 653.9438693999999
1714633223222, 2024-05-02T07:00:23.222Z, 1148.0663965999997, 645.7244091999999
1714633223241, 2024-05-02T07:00:23.241Z, 1170.8715812, 631.9773837999999
1714633223256, 2024-05-02T07:00:23.256Z, 1189.4284222, 620.3020260000001
1714633223272, 2024-05-02T07:00:23.272Z, 1206.9705891999997, 611.8567343999999
1714633223287, 2024-05-02T07:00:23.287Z, 1240.4153224000002, 603.0517355999999
1714633223303, 2024-05-02T07:00:23.303Z, 1266.0170616, 600.3614090000001
1714633223319, 2024-05-02T07:00:23.319Z, 1264.4302510000002, 602.2387484
1714633223349, 2024-05-02T07:00:23.349Z, 1265.581113, 602.8635211999999
1714633223374, 2024-05-02T07:00:23.374Z, 1279.622562, 598.0434904
1714633223389, 2024-05-02T07:00:23.389Z, 1279.0986824, 596.6096792000001
1714633223403, 2024-05-02T07:00:23.403Z, 1279.1024284, 596.4289552
1714633223418, 2024-05-02T07:00:23.418Z, 1298.2539968, 596.3570348000001
1714633223433, 2024-05-02T07:00:23.433Z, 1317.6052919999997, 595.5797332
1714633223445, 2024-05-02T07:00:23.445Z, 1322.2854164000003, 599.2810332
1714633223466, 2024-05-02T07:00:23.466Z, 1333.4599127999998, 599.884906
1714633223478, 2024-05-02T07:00:23.478Z, 1346.6581638, 599.3236668000001
1714633223493, 2024-05-02T07:00:23.493Z, 1337.7843908, 600.8755708000001
1714633223524, 2024-05-02T07:00:23.524Z, 1318.3581173999999, 605.8567548000001
1714633223537, 2024-05-02T07:00:23.538Z, 1298.7692774000002, 607.737887
1714633223553, 2024-05-02T07:00:23.553Z, 1281.5794099999998, 609.1199681999999
1714633223569, 2024-05-02T07:00:23.569Z, 1266.8129632000002, 610.2363809999999
1714633223584, 2024-05-02T07:00:23.584Z, 1253.8005782, 611.9849242
1714633223600, 2024-05-02T07:00:23.600Z, 1264.6805479999998, 606.3731834
1714633223616, 2024-05-02T07:00:23.616Z, 1279.7535452, 603.0816826
1714633223631, 2024-05-02T07:00:23.631Z, 1284.5391286, 599.0021442
1714633223647, 2024-05-02T07:00:23.647Z, 1286.884556, 594.3669726
1714633223675, 2024-05-02T07:00:23.675Z, 1288.4685912, 587.2827952
1714633223688, 2024-05-02T07:00:23.688Z, 1261.4709948, 583.2417164000001
1714633223703, 2024-05-02T07:00:23.703Z, 1229.140173, 580.6230314000001
1714633223715, 2024-05-02T07:00:23.715Z, 1202.8767338000002, 579.736389
1714633223733, 2024-05-02T07:00:23.733Z, 1174.1487382, 578.2926482
1714633223748, 2024-05-02T07:00:23.748Z, 1146.7850342, 577.3514365999999
1714633223763, 2024-05-02T07:00:23.763Z, 1142.101787, 573.0489905999999
1714633223778, 2024-05-02T07:00:23.778Z, 1140.1996992, 570.2257496
1714633223797, 2024-05-02T07:00:23.797Z, 1136.2171119999998, 568.5060242
1714633223824, 2024-05-02T07:00:23.824Z, 1129.3423897999999, 572.7102198
1714633223838, 2024-05-02T07:00:23.838Z, 1123.4808272, 577.3756924
1714633223850, 2024-05-02T07:00:23.850Z, 1118.4427772, 585.7611332
1714633223868, 2024-05-02T07:00:23.868Z, 1109.9669743999998, 592.7187222
1714633223883, 2024-05-02T07:00:23.883Z, 1100.6027152, 597.256745
1714633223897, 2024-05-02T07:00:23.897Z, 1107.6514554, 597.1858328000001
1714633223913, 2024-05-02T07:00:23.913Z, 1114.5663174, 596.5416238
1714633223928, 2024-05-02T07:00:23.928Z, 1111.9367164, 595.9569869999999
1714633223942, 2024-05-02T07:00:23.942Z, 1119.6109093999999, 594.3583495999999
1714633223975, 2024-05-02T07:00:23.975Z, 1129.3151404, 594.7676733999999
1714633224007, 2024-05-02T07:00:24.007Z, 1134.9509162, 592.06026
1714633224021, 2024-05-02T07:00:24.021Z, 1100.0826858, 582.7629846
1714633224036, 2024-05-02T07:00:24.036Z, 976.5860874000002, 553.6234546000001
1714633224052, 2024-05-02T07:00:24.052Z, 829.8043238, 524.8682832
1714633224068, 2024-05-02T07:00:24.068Z, 670.7103742, 491.85631539999997
1714633224083, 2024-05-02T07:00:24.083Z, 510.7291908, 460.5496746
1714633224098, 2024-05-02T07:00:24.098Z, 388.010273, 435.7930319999999
1714633224122, 2024-05-02T07:00:24.122Z, 352.6734294, 431.074739
1714633224138, 2024-05-02T07:00:24.138Z, 330.54254380000003, 426.59420140000003
1714633224154, 2024-05-02T07:00:24.154Z, 321.1020606, 424.27725300000003
1714633224165, 2024-05-02T07:00:24.165Z, 310.8799314, 425.24217439999995
1714633224183, 2024-05-02T07:00:24.183Z, 299.0486922, 425.422556
1714633224198, 2024-05-02T07:00:24.198Z, 291.3634526, 425.1756675999999
1714633224211, 2024-05-02T07:00:24.211Z, 289.3097106, 426.1057024
1714633224228, 2024-05-02T07:00:24.228Z, 285.52780600000006, 428.57627460000003
1714633224247, 2024-05-02T07:00:24.247Z, 272.04550299999994, 427.1598448
1714633224274, 2024-05-02T07:00:24.274Z, 257.314376, 425.41932660000003
1714633224288, 2024-05-02T07:00:24.288Z, 241.198859, 423.93046160000006
1714633224300, 2024-05-02T07:00:24.300Z, 236.2430898, 420.3125168
1714633224321, 2024-05-02T07:00:24.321Z, 223.0892844, 416.45698919999995
1714633224333, 2024-05-02T07:00:24.333Z, 215.88439720000002, 415.2532478
1714633224346, 2024-05-02T07:00:24.346Z, 224.6455754, 414.8363614
1714633224366, 2024-05-02T07:00:24.366Z, 234.0352704, 414.8468922
1714633224378, 2024-05-02T07:00:24.378Z, 227.6721318, 415.85292059999995
1714633224393, 2024-05-02T07:00:24.393Z, 241.53944099999998, 415.78462740000003
1714633224424, 2024-05-02T07:00:24.424Z, 249.89682940000003, 416.08953899999995
1714633224441, 2024-05-02T07:00:24.441Z, 255.45919439999997, 416.8542022
1714633224456, 2024-05-02T07:00:24.456Z, 257.156781, 422.217597
1714633224472, 2024-05-02T07:00:24.472Z, 253.2433378, 432.9433078
1714633224487, 2024-05-02T07:00:24.487Z, 252.2215636, 448.0001332
1714633224502, 2024-05-02T07:00:24.502Z, 248.6964352, 467.9947532
1714633224518, 2024-05-02T07:00:24.518Z, 235.5084038, 489.2760726
1714633224548, 2024-05-02T07:00:24.548Z, 221.50550160000003, 508.1720552
1714633224588, 2024-05-02T07:00:24.588Z, 217.63367899999997, 520.7227362
1714633224602, 2024-05-02T07:00:24.602Z, 200.5399234, 529.3340794
1714633224614, 2024-05-02T07:00:24.614Z, 192.81573360000002, 531.7719076
1714633224632, 2024-05-02T07:00:24.632Z, 185.2525288, 534.5860372
1714633224647, 2024-05-02T07:00:24.647Z, 193.2479772, 539.2473990000001
1714633224659, 2024-05-02T07:00:24.659Z, 226.1755904, 540.7298948
1714633224680, 2024-05-02T07:00:24.680Z, 249.3965996, 544.4459008
1714633224695, 2024-05-02T07:00:24.695Z, 272.9490486, 547.8937604
1714633224725, 2024-05-02T07:00:24.725Z, 301.75834160000005, 549.558098
1714633224740, 2024-05-02T07:00:24.740Z, 320.80525539999996, 546.8593222000001
1714633224750, 2024-05-02T07:00:24.750Z, 324.8441046, 547.0119026
1714633224766, 2024-05-02T07:00:24.766Z, 333.5851108, 545.8016726000001
1714633224781, 2024-05-02T07:00:24.781Z, 340.9304742, 545.0188988
1714633224797, 2024-05-02T07:00:24.797Z, 357.1255372, 543.6381592
1714633224812, 2024-05-02T07:00:24.812Z, 366.8185634, 542.8770548
1714633224828, 2024-05-02T07:00:24.828Z, 363.6551914, 542.9680538
1714633224844, 2024-05-02T07:00:24.844Z, 371.00519220000007, 541.3987377999999
1714633224873, 2024-05-02T07:00:24.873Z, 375.575386, 539.0820583999999
1714633224884, 2024-05-02T07:00:24.884Z, 376.9865504, 536.9026768
1714633224902, 2024-05-02T07:00:24.902Z, 433.6000186, 530.9593103999999
1714633224917, 2024-05-02T07:00:24.917Z, 510.14481319999993, 524.2462492000001
1714633224933, 2024-05-02T07:00:24.933Z, 600.0324956, 518.9023226
1714633224947, 2024-05-02T07:00:24.947Z, 704.8505636, 514.1050492
1714633224962, 2024-05-02T07:00:24.962Z, 817.9292792, 512.5749584
1714633224974, 2024-05-02T07:00:24.974Z, 895.0693918000001, 520.3719977999999
1714633224992, 2024-05-02T07:00:24.992Z, 976.0321614000001, 529.8525127999999
1714633225020, 2024-05-02T07:00:25.020Z, 1038.032265, 538.3809896
1714633225037, 2024-05-02T07:00:25.037Z, 1095.1098058000002, 546.9827054
1714633225051, 2024-05-02T07:00:25.051Z, 1137.8659886, 553.0694298
1714633225064, 2024-05-02T07:00:25.064Z, 1156.4699765999999, 554.6597364
1714633225081, 2024-05-02T07:00:25.081Z, 1158.6229988, 552.7972572000001
1714633225097, 2024-05-02T07:00:25.097Z, 1158.7308425999997, 552.2277676
1714633225112, 2024-05-02T07:00:25.112Z, 1154.4478152, 550.8452824
1714633225126, 2024-05-02T07:00:25.126Z, 1153.53502, 548.2268114
1714633225142, 2024-05-02T07:00:25.142Z, 1159.2402192, 544.7807427999999
1714633225173, 2024-05-02T07:00:25.173Z, 1168.976615, 542.5560484
1714633225192, 2024-05-02T07:00:25.192Z, 1176.1547006000003, 541.0785512
1714633225200, 2024-05-02T07:00:25.200Z, 1180.8536222, 563.1848087999999
1714633225221, 2024-05-02T07:00:25.221Z, 1192.2981112000002, 597.6860760000001
1714633225232, 2024-05-02T07:00:25.232Z, 1206.3574016000002, 637.6391064
1714633225245, 2024-05-02T07:00:25.245Z, 1206.1221262000001, 680.5992226000001
1714633225262, 2024-05-02T07:00:25.262Z, 1209.48574, 725.521968
1714633225277, 2024-05-02T07:00:25.277Z, 1211.0889786, 749.6100728
1714633225294, 2024-05-02T07:00:25.294Z, 1202.6818150000001, 765.1135828
1714633225323, 2024-05-02T07:00:25.323Z, 1194.3090352, 773.8143686
1714633225339, 2024-05-02T07:00:25.339Z, 1189.4781805999999, 779.839059
1714633225354, 2024-05-02T07:00:25.354Z, 1184.3010359999998, 780.3187403999999
1714633225370, 2024-05-02T07:00:25.370Z, 1180.0396126, 773.1059398
1714633225385, 2024-05-02T07:00:25.385Z, 1174.17603, 759.5548916
1714633225401, 2024-05-02T07:00:25.401Z, 1171.2494984, 737.244423
1714633225417, 2024-05-02T07:00:25.417Z, 1156.5304661999999, 696.9297876
1714633225432, 2024-05-02T07:00:25.432Z, 1147.6899212, 658.8004406000001
1714633225448, 2024-05-02T07:00:25.448Z, 1140.8013687999999, 624.1620282
1714633225470, 2024-05-02T07:00:25.470Z, 1135.4718657999997, 591.8464878
1714633225487, 2024-05-02T07:00:25.487Z, 1126.7605972000001, 565.6467306
1714633225502, 2024-05-02T07:00:25.502Z, 1133.3545503999999, 556.7361678
1714633225518, 2024-05-02T07:00:25.518Z, 1136.6466673999998, 550.3627842
1714633225535, 2024-05-02T07:00:25.535Z, 1145.7773522000002, 545.5189782
1714633225558, 2024-05-02T07:00:25.558Z, 1144.8250397999998, 546.751313
1714633225573, 2024-05-02T07:00:25.573Z, 1143.984885, 553.7620214
1714633225589, 2024-05-02T07:00:25.589Z, 1144.3184727999999, 562.9198157999999
1714633225604, 2024-05-02T07:00:25.604Z, 1141.9542334, 569.6609208
1714633225627, 2024-05-02T07:00:25.627Z, 1137.9826302, 574.4728552
1714633225641, 2024-05-02T07:00:25.641Z, 1138.7179087999998, 575.7119425999999
1714633225655, 2024-05-02T07:00:25.655Z, 1148.1481692, 574.5328084
1714633225671, 2024-05-02T07:00:25.671Z, 1149.5814418, 575.3062454
1714633225697, 2024-05-02T07:00:25.697Z, 1153.3848822, 576.1996426000001
1714633225713, 2024-05-02T07:00:25.713Z, 1158.1624446, 581.2124554
1714633225729, 2024-05-02T07:00:25.729Z, 1167.9648434, 585.5518754
1714633225745, 2024-05-02T07:00:25.745Z, 1164.478284, 588.877754
1714633225761, 2024-05-02T07:00:25.761Z, 1168.4589998, 588.5834296
1714633225779, 2024-05-02T07:00:25.779Z, 1169.8147328, 587.1062882
1714633225792, 2024-05-02T07:00:25.792Z, 1161.5546096, 586.4616586
1714633225807, 2024-05-02T07:00:25.807Z, 1163.9356882, 584.2574744
1714633225823, 2024-05-02T07:00:25.823Z, 1170.8044986, 584.2250102
1714633225838, 2024-05-02T07:00:25.838Z, 1175.8664400000002, 585.4206416
1714633225855, 2024-05-02T07:00:25.855Z, 1182.8691294, 588.2390886
1714633225869, 2024-05-02T07:00:25.869Z, 1189.8187352, 590.1591856000001
1714633225901, 2024-05-02T07:00:25.901Z, 1174.0944606, 593.5204390000001
1714633225924, 2024-05-02T07:00:25.924Z, 1156.4027038, 590.932767
1714633225939, 2024-05-02T07:00:25.939Z, 1135.1958908000001, 587.4293976
1714633225954, 2024-05-02T07:00:25.954Z, 1114.6529406, 583.2262058
1714633225966, 2024-05-02T07:00:25.966Z, 1099.3265228, 578.7128858
1714633225986, 2024-05-02T07:00:25.986Z, 1095.940107, 574.4394446
1714633226002, 2024-05-02T07:00:26.002Z, 1096.7374806, 575.2252478
1714633226012, 2024-05-02T07:00:26.012Z, 1101.4938218, 577.5390664
1714633226045, 2024-05-02T07:00:26.045Z, 1104.5756385999998, 579.8792254000001
1714633226075, 2024-05-02T07:00:26.075Z, 1135.5689132, 582.3102734
1714633226089, 2024-05-02T07:00:26.089Z, 1165.1592907999998, 584.1169404
1714633226119, 2024-05-02T07:00:26.119Z, 1201.2916516, 583.7438116000001
1714633226134, 2024-05-02T07:00:26.134Z, 1245.2937969999998, 579.3271912
1714633226181, 2024-05-02T07:00:26.181Z, 1288.364863, 576.1617152
1714633226197, 2024-05-02T07:00:26.197Z, 1302.5841068, 572.577869
1714633226223, 2024-05-02T07:00:26.223Z, 1310.0471888, 572.0702096
1714633226238, 2024-05-02T07:00:26.238Z, 1318.7573392, 572.7235192
1714633226252, 2024-05-02T07:00:26.252Z, 1322.9243194, 576.8774805999999
1714633226267, 2024-05-02T07:00:26.267Z, 1325.202973, 581.1836069999999
1714633226296, 2024-05-02T07:00:26.296Z, 1319.2411254, 587.6988948000001
1714633226312, 2024-05-02T07:00:26.312Z, 1313.6239982000002, 593.8488176000001
1714633226342, 2024-05-02T07:00:26.342Z, 1306.995224, 597.42333
1714633226392, 2024-05-02T07:00:26.392Z, 1287.8411814, 600.4263892000001
1714633226402, 2024-05-02T07:00:26.402Z, 1261.775098, 601.9287784
1714633226432, 2024-05-02T07:00:26.432Z, 1247.8959492, 602.4102306000001
1714633226462, 2024-05-02T07:00:26.462Z, 1254.2802918, 602.4080558
1714633226478, 2024-05-02T07:00:26.478Z, 1238.8966598, 603.9785836
1714633226494, 2024-05-02T07:00:26.494Z, 1224.1827948, 605.518562
1714633226522, 2024-05-02T07:00:26.522Z, 1217.497813, 604.9157034
1714633226539, 2024-05-02T07:00:26.539Z, 1197.6676102, 601.0288539999999
1714633226555, 2024-05-02T07:00:26.555Z, 1167.7919668, 592.758452
1714633226570, 2024-05-02T07:00:26.570Z, 1156.3161508, 586.5094234000001
1714633226586, 2024-05-02T07:00:26.586Z, 1147.8180344, 581.1734586
1714633226601, 2024-05-02T07:00:26.601Z, 1142.1793228, 577.9283068
1714633226617, 2024-05-02T07:00:26.617Z, 1140.6077724000002, 577.7567827999999
1714633226633, 2024-05-02T07:00:26.633Z, 1136.2063114, 579.4212353999999
1714633226649, 2024-05-02T07:00:26.649Z, 1133.2318184, 580.9598927999999
1714633226673, 2024-05-02T07:00:26.673Z, 1132.349249, 583.3469792
1714633226684, 2024-05-02T07:00:26.684Z, 1135.3961457999999, 586.3658039999999
1714633226702, 2024-05-02T07:00:26.702Z, 1143.7892418, 586.9855258
1714633226717, 2024-05-02T07:00:26.717Z, 1149.1518896, 586.9634484
1714633226729, 2024-05-02T07:00:26.729Z, 1155.7323904, 585.5013624
1714633226747, 2024-05-02T07:00:26.747Z, 1156.8764224000001, 581.7815942
1714633226762, 2024-05-02T07:00:26.762Z, 1151.8189704000001, 577.8783068
1714633226774, 2024-05-02T07:00:26.774Z, 1154.7021049999998, 577.7908874
1714633226792, 2024-05-02T07:00:26.792Z, 1152.9986234, 579.6810616
1714633226820, 2024-05-02T07:00:26.820Z, 1147.4594120000002, 583.7388784
1714633226837, 2024-05-02T07:00:26.837Z, 1155.826482, 590.2565612000001
1714633226852, 2024-05-02T07:00:26.852Z, 1153.328837, 592.1244508000001
1714633226866, 2024-05-02T07:00:26.866Z, 1142.0893778, 590.3592622
1714633226887, 2024-05-02T07:00:26.887Z, 1148.0966326000002, 590.2235914
1714633226898, 2024-05-02T07:00:26.898Z, 1141.5181846, 586.2614782
1714633226913, 2024-05-02T07:00:26.913Z, 1128.841152, 581.5735326
1714633226929, 2024-05-02T07:00:26.929Z, 1126.7996186, 581.556892
1714633226945, 2024-05-02T07:00:26.945Z, 1124.5733012, 582.4929548
1714633226973, 2024-05-02T07:00:26.973Z, 1108.0198788, 580.4950518
1714633226987, 2024-05-02T07:00:26.987Z, 1101.912566, 581.8360942
1714633226999, 2024-05-02T07:00:26.999Z, 1094.4461958000002, 582.3892396000001
1714633227017, 2024-05-02T07:00:27.017Z, 1089.2317078, 582.1840386
1714633227032, 2024-05-02T07:00:27.032Z, 1082.7938998000002, 579.6501096
1714633227044, 2024-05-02T07:00:27.044Z, 1080.8562162, 576.9021667999999
1714633227062, 2024-05-02T07:00:27.062Z, 1079.114214, 574.2695332000001
1714633227076, 2024-05-02T07:00:27.076Z, 1077.0103336, 571.1113121999999
1714633227123, 2024-05-02T07:00:27.123Z, 1072.347467, 577.467377
1714633227152, 2024-05-02T07:00:27.152Z, 964.6476758000001, 577.0936978000001
1714633227167, 2024-05-02T07:00:27.167Z, 844.0119632, 576.6060652
1714633227181, 2024-05-02T07:00:27.181Z, 710.8247405999998, 572.7091732
1714633227197, 2024-05-02T07:00:27.197Z, 570.7946572, 569.576628
1714633227212, 2024-05-02T07:00:27.212Z, 432.4147022, 557.5601091999999
1714633227226, 2024-05-02T07:00:27.226Z, 400.64770580000004, 553.5362708
1714633227246, 2024-05-02T07:00:27.246Z, 372.21542940000006, 550.6180431999999
1714633227270, 2024-05-02T07:00:27.270Z, 364.6823394, 550.73064
1714633227287, 2024-05-02T07:00:27.287Z, 362.2616914, 550.5426954
1714633227302, 2024-05-02T07:00:27.302Z, 364.5774966, 550.2707358
1714633227314, 2024-05-02T07:00:27.314Z, 361.1049978, 549.7173743999999
1714633227332, 2024-05-02T07:00:27.332Z, 362.6039148, 549.771444
1714633227347, 2024-05-02T07:00:27.347Z, 350.5735512, 550.0707176000001
1714633227359, 2024-05-02T07:00:27.359Z, 349.6599282, 549.8605218
1714633227376, 2024-05-02T07:00:27.376Z, 341.31239899999997, 550.5119792
1714633227392, 2024-05-02T07:00:27.392Z, 335.491485, 551.0772664
1714633227423, 2024-05-02T07:00:27.423Z, 357.93469020000003, 552.000534
1714633227436, 2024-05-02T07:00:27.436Z, 400.8970724, 553.012856
1714633227454, 2024-05-02T07:00:27.454Z, 456.121472, 554.3879554
1714633227467, 2024-05-02T07:00:27.467Z, 556.2031068, 555.712347
1714633227481, 2024-05-02T07:00:27.481Z, 650.9647649999999, 558.4560721999999
1714633227494, 2024-05-02T07:00:27.494Z, 726.3991647999999, 560.1103356
1714633227512, 2024-05-02T07:00:27.512Z, 832.1400846, 561.8069257999999
1714633227526, 2024-05-02T07:00:27.526Z, 903.0633806, 565.4870582
1714633227540, 2024-05-02T07:00:27.540Z, 936.2406134, 568.1884034000001
1714633227573, 2024-05-02T07:00:27.573Z, 983.7068212, 567.9906441999999
1714633227585, 2024-05-02T07:00:27.585Z, 1023.821329, 568.4314615999999
1714633227601, 2024-05-02T07:00:27.601Z, 1020.2159577999998, 570.7197264
1714633227616, 2024-05-02T07:00:27.616Z, 1031.928981, 571.5453880000001
1714633227632, 2024-05-02T07:00:27.632Z, 1054.803789, 573.236979
1714633227647, 2024-05-02T07:00:27.647Z, 1069.1118772, 578.6056983999999
1714633227663, 2024-05-02T07:00:27.663Z, 1084.8640592, 583.8037280000001
1714633227679, 2024-05-02T07:00:27.679Z, 1105.4213788000002, 587.9863568
1714633227694, 2024-05-02T07:00:27.694Z, 1121.9930048, 592.3949304
1714633227720, 2024-05-02T07:00:27.720Z, 1128.347112, 596.3091993999999
1714633227737, 2024-05-02T07:00:27.737Z, 1133.2906908, 599.2826216000001
1714633227752, 2024-05-02T07:00:27.752Z, 1140.74757, 600.8513596
1714633227764, 2024-05-02T07:00:27.764Z, 1146.5693827999999, 599.6667600000001
1714633227782, 2024-05-02T07:00:27.782Z, 1148.8947818, 597.5227183999999
1714633227797, 2024-05-02T07:00:27.797Z, 1144.0510312000001, 594.7649984
1714633227809, 2024-05-02T07:00:27.809Z, 1146.6620988, 591.5001748000001
1714633227827, 2024-05-02T07:00:27.827Z, 1147.2928282, 588.8657546000001
1714633227842, 2024-05-02T07:00:27.842Z, 1140.0210988000001, 587.9036094
1714633227872, 2024-05-02T07:00:27.872Z, 1128.8094648000001, 588.7397518
1714633227886, 2024-05-02T07:00:27.886Z, 1118.0929178, 590.4812362
1714633227899, 2024-05-02T07:00:27.899Z, 1109.9888686, 591.7758941999999
1714633227917, 2024-05-02T07:00:27.917Z, 1096.0716306, 594.0789014
1714633227932, 2024-05-02T07:00:27.932Z, 1085.1406493999998, 595.1954178
1714633227944, 2024-05-02T07:00:27.944Z, 1091.727727, 595.4763565999999
1714633227966, 2024-05-02T07:00:27.966Z, 1101.3859572, 594.7041082
1714633227982, 2024-05-02T07:00:27.982Z, 1101.2991889999998, 594.7466172000001
1714633227995, 2024-05-02T07:00:27.995Z, 1115.0461756, 594.0882508
1714633228026, 2024-05-02T07:00:28.026Z, 1124.7527387999999, 594.4081037999999
1714633228038, 2024-05-02T07:00:28.038Z, 1132.3165434, 594.8224666
1714633228054, 2024-05-02T07:00:28.054Z, 1131.5231436000001, 595.938808
1714633228070, 2024-05-02T07:00:28.070Z, 1131.6278954000002, 596.5314806
1714633228082, 2024-05-02T07:00:28.082Z, 1127.7958572, 597.8627388
1714633228100, 2024-05-02T07:00:28.100Z, 1130.1599086, 600.3107299999999
1714633228117, 2024-05-02T07:00:28.117Z, 1118.5441548000001, 600.4100844
1714633228129, 2024-05-02T07:00:28.129Z, 1116.7347359999999, 600.1315532
1714633228145, 2024-05-02T07:00:28.145Z, 1114.596602, 599.9747162
1714633228174, 2024-05-02T07:00:28.174Z, 1109.0516634, 598.8970212
1714633228190, 2024-05-02T07:00:28.190Z, 1102.7027309999999, 597.6417950000001
1714633228205, 2024-05-02T07:00:28.205Z, 1112.2274088, 613.5370098
1714633228219, 2024-05-02T07:00:28.219Z, 1124.4798947999998, 635.9855972
1714633228235, 2024-05-02T07:00:28.235Z, 1158.8584278, 671.906135
1714633228251, 2024-05-02T07:00:28.251Z, 1186.1240248, 706.5429226
1714633228266, 2024-05-02T07:00:28.266Z, 1215.21251, 739.0522656
1714633228283, 2024-05-02T07:00:28.283Z, 1238.3814695999997, 756.7552954
1714633228297, 2024-05-02T07:00:28.297Z, 1248.9746736000002, 769.8308146000002
1714633228326, 2024-05-02T07:00:28.326Z, 1242.3859002000002, 768.242902
1714633228340, 2024-05-02T07:00:28.340Z, 1240.1980634, 767.9801415999999
1714633228350, 2024-05-02T07:00:28.350Z, 1235.6399678000002, 767.8909668
1714633228368, 2024-05-02T07:00:28.368Z, 1232.1003796, 767.9709071999999
1714633228381, 2024-05-02T07:00:28.381Z, 1235.4283008, 766.7703091999999
1714633228394, 2024-05-02T07:00:28.394Z, 1231.1829098000003, 768.1014406
1714633228414, 2024-05-02T07:00:28.414Z, 1225.6489716, 772.1905558000001
1714633228426, 2024-05-02T07:00:28.426Z, 1215.7156022, 779.103806
1714633228439, 2024-05-02T07:00:28.439Z, 1201.881365, 786.2423196
1714633228473, 2024-05-02T07:00:28.473Z, 1188.1632066, 795.7402602
1714633228485, 2024-05-02T07:00:28.485Z, 1178.6841968, 803.8350226
1714633228502, 2024-05-02T07:00:28.502Z, 1173.3930224, 808.9000874000001
1714633228517, 2024-05-02T07:00:28.517Z, 1174.0246562, 811.2777416000001
1714633228534, 2024-05-02T07:00:28.534Z, 1184.1552184, 809.6358706000001
1714633228547, 2024-05-02T07:00:28.547Z, 1191.8711884, 806.1334208000001
1714633228563, 2024-05-02T07:00:28.563Z, 1197.297093, 803.7797066
1714633228578, 2024-05-02T07:00:28.578Z, 1200.5628966, 803.1432336
1714633228594, 2024-05-02T07:00:28.594Z, 1195.5622292, 805.9152508
1714633228620, 2024-05-02T07:00:28.620Z, 1181.3795928000002, 812.2333845999999
1714633228637, 2024-05-02T07:00:28.637Z, 1169.9613594, 818.1769883999999
1714633228652, 2024-05-02T07:00:28.652Z, 1159.8066018000002, 823.996197
1714633228664, 2024-05-02T07:00:28.664Z, 1150.994167, 829.30265
1714633228687, 2024-05-02T07:00:28.687Z, 1146.4788714000001, 832.3500654
1714633228703, 2024-05-02T07:00:28.703Z, 1143.2156977999998, 836.1136466
1714633228718, 2024-05-02T07:00:28.718Z, 1141.3224833999998, 840.134684
1714633228734, 2024-05-02T07:00:28.734Z, 1139.8811190000001, 843.4181906
1714633228749, 2024-05-02T07:00:28.749Z, 1137.9218867999998, 845.0463023999998
1714633228773, 2024-05-02T07:00:28.773Z, 1136.7273072, 846.1402525999999
1714633228786, 2024-05-02T07:00:28.786Z, 1135.4567684, 845.8095422
1714633228799, 2024-05-02T07:00:28.799Z, 1131.6725708, 844.9162739999999
1714633228817, 2024-05-02T07:00:28.817Z, 1128.6043154, 843.7496706
1714633228832, 2024-05-02T07:00:28.832Z, 1126.8096062, 843.2271122
1714633228844, 2024-05-02T07:00:28.844Z, 1124.6435895999998, 843.5245601999999
1714633228862, 2024-05-02T07:00:28.862Z, 1122.9392972, 845.4629376
1714633228877, 2024-05-02T07:00:28.877Z, 1122.8450244, 847.3541161999999
1714633228890, 2024-05-02T07:00:28.890Z, 1122.1124293999999, 850.6960321999999
1714633228923, 2024-05-02T07:00:28.923Z, 1122.0921254, 853.3902696000001
1714633228935, 2024-05-02T07:00:28.935Z, 1122.7081997999999, 855.3572191999999
1714633228952, 2024-05-02T07:00:28.952Z, 1123.4218084, 855.970071
1714633228967, 2024-05-02T07:00:28.967Z, 1123.6976134000001, 856.8240946
1714633228982, 2024-05-02T07:00:28.982Z, 1124.1159892, 856.9130588
1714633228998, 2024-05-02T07:00:28.998Z, 1123.9267718, 859.5831476
1714633229014, 2024-05-02T07:00:29.014Z, 1123.5866316000001, 864.1876998
1714633229029, 2024-05-02T07:00:29.029Z, 1123.036122, 869.804077
1714633229044, 2024-05-02T07:00:29.044Z, 1122.0897357999997, 876.9375049999999
1714633229071, 2024-05-02T07:00:29.071Z, 1121.1011858, 883.7789990000001
1714633229087, 2024-05-02T07:00:29.087Z, 1119.8695851999998, 888.9460919999999
1714633229102, 2024-05-02T07:00:29.102Z, 1118.6029025999999, 892.1895342
1714633229114, 2024-05-02T07:00:29.114Z, 1117.3257048, 894.8261946
1714633229132, 2024-05-02T07:00:29.132Z, 1115.1234438, 895.6336097999999
1714633229153, 2024-05-02T07:00:29.153Z, 1111.4318612, 896.8161684
1714633229169, 2024-05-02T07:00:29.169Z, 1109.458634, 898.1706728000001
1714633229185, 2024-05-02T07:00:29.185Z, 1108.8326294, 899.5876658
1714633229200, 2024-05-02T07:00:29.200Z, 1107.8352994000002, 898.8733314000001
1714633229223, 2024-05-02T07:00:29.223Z, 1108.0690344, 897.390373
1714633229237, 2024-05-02T07:00:29.237Z, 1110.0428414, 892.777461
1714633229254, 2024-05-02T07:00:29.254Z, 1110.917712, 888.48465
1714633229267, 2024-05-02T07:00:29.267Z, 1110.7524446, 884.1061372
1714633229282, 2024-05-02T07:00:29.282Z, 1112.1187658, 882.8726829999999
1714633229294, 2024-05-02T07:00:29.294Z, 1115.6387742, 886.7981038
1714633229312, 2024-05-02T07:00:29.312Z, 1119.417747, 893.5638607999999
1714633229327, 2024-05-02T07:00:29.327Z, 1123.6323226, 897.8840551999999
1714633229339, 2024-05-02T07:00:29.339Z, 1128.4124482, 900.8176615999998
1714633229378, 2024-05-02T07:00:29.378Z, 1131.1375418, 902.0446840000001
1714633229385, 2024-05-02T07:00:29.385Z, 1131.8644465999998, 897.3642094
1714633229403, 2024-05-02T07:00:29.403Z, 1132.5405696000003, 888.6871037999999
1714633229417, 2024-05-02T07:00:29.417Z, 1131.9951566000002, 881.6797118000001
1714633229432, 2024-05-02T07:00:29.432Z, 1130.8608484000001, 875.5922059999999
1714633229447, 2024-05-02T07:00:29.447Z, 1130.7772164000003, 867.0043387999998
1714633229464, 2024-05-02T07:00:29.464Z, 1131.1291478, 858.6690279999999
1714633229479, 2024-05-02T07:00:29.479Z, 1130.8132538000002, 851.5596902000001
1714633229495, 2024-05-02T07:00:29.495Z, 1127.9253371999998, 840.3358350000001
1714633229520, 2024-05-02T07:00:29.520Z, 1124.6954306, 830.079618
1714633229537, 2024-05-02T07:00:29.537Z, 1121.9283742, 823.351757
1714633229552, 2024-05-02T07:00:29.552Z, 1119.05793, 817.9372448
1714633229565, 2024-05-02T07:00:29.565Z, 1115.6489018000002, 815.3434795999999
1714633229582, 2024-05-02T07:00:29.582Z, 1115.5073318, 816.6690412
1714633229597, 2024-05-02T07:00:29.597Z, 1115.7075247999999, 817.218835
1714633229614, 2024-05-02T07:00:29.614Z, 1115.6214554, 816.8856578000001
1714633229627, 2024-05-02T07:00:29.627Z, 1115.798747, 815.8362324000001
1714633229642, 2024-05-02T07:00:29.642Z, 1117.40396, 813.7098706
1714633229673, 2024-05-02T07:00:29.673Z, 1117.0051316000001, 811.9442508
1714633229687, 2024-05-02T07:00:29.687Z, 1116.184132, 810.7562765999999
1714633229703, 2024-05-02T07:00:29.703Z, 1113.9943042, 809.5352746000001
1714633229717, 2024-05-02T07:00:29.717Z, 1109.46095, 808.5337692
1714633229732, 2024-05-02T07:00:29.732Z, 1104.4585816, 808.052132
1714633229744, 2024-05-02T07:00:29.744Z, 1100.8688684, 807.8785336
1714633229763, 2024-05-02T07:00:29.763Z, 1097.9742018, 809.6301649999999
1714633229777, 2024-05-02T07:00:29.777Z, 1096.4708243999999, 811.8541712
1714633229789, 2024-05-02T07:00:29.789Z, 1097.1136338000001, 814.4450360000001
1714633229825, 2024-05-02T07:00:29.825Z, 1095.7027613999999, 816.997717
1714633229851, 2024-05-02T07:00:29.851Z, 1094.4361084, 818.8289070000001
1714633229866, 2024-05-02T07:00:29.866Z, 1091.6207832, 818.0839672
1714633229882, 2024-05-02T07:00:29.882Z, 1093.2362536, 816.4325334
1714633229898, 2024-05-02T07:00:29.898Z, 1095.9517368000002, 814.9389932
1714633229913, 2024-05-02T07:00:29.913Z, 1099.7841102000002, 814.0230511999999
1714633229929, 2024-05-02T07:00:29.929Z, 1101.505741, 815.1566135999999
1714633229945, 2024-05-02T07:00:29.945Z, 1103.963021, 816.6112438
1714633229970, 2024-05-02T07:00:29.970Z, 1100.1341572, 817.2568516
1714633229987, 2024-05-02T07:00:29.987Z, 1095.6692945999998, 816.9789982
1714633230002, 2024-05-02T07:00:30.002Z, 1092.5676826, 816.4749528
1714633230014, 2024-05-02T07:00:30.014Z, 1091.3422826, 813.7808398000001
1714633230031, 2024-05-02T07:00:30.031Z, 1090.9332318000002, 810.7972072
1714633230047, 2024-05-02T07:00:30.047Z, 1093.0368498, 809.3469782
1714633230059, 2024-05-02T07:00:30.059Z, 1093.9410762, 807.6584581999999
1714633230076, 2024-05-02T07:00:30.076Z, 1100.9865489999997, 808.4662132
1714633230097, 2024-05-02T07:00:30.097Z, 1111.7796053999998, 810.8787318
1714633230123, 2024-05-02T07:00:30.123Z, 1138.9541184, 813.9998684
1714633230137, 2024-05-02T07:00:30.137Z, 1161.8818746, 818.1495648
1714633230154, 2024-05-02T07:00:30.154Z, 1185.5746682000001, 822.9998400000001
1714633230167, 2024-05-02T07:00:30.167Z, 1207.7830472, 825.5528922
1714633230182, 2024-05-02T07:00:30.182Z, 1228.1437794, 826.7408440000002
1714633230193, 2024-05-02T07:00:30.193Z, 1222.1752672000002, 829.943381
1714633230212, 2024-05-02T07:00:30.212Z, 1216.9870930000002, 832.0511664000002
1714633230232, 2024-05-02T07:00:30.232Z, 1211.4461152, 834.1191665999999
1714633230252, 2024-05-02T07:00:30.252Z, 1200.7094908, 836.0512106
1714633230273, 2024-05-02T07:00:30.273Z, 1187.4649536000002, 838.9261979999999
1714633230284, 2024-05-02T07:00:30.284Z, 1183.3153292, 840.0648068
1714633230302, 2024-05-02T07:00:30.302Z, 1180.1130144, 840.8024423999999
1714633230317, 2024-05-02T07:00:30.317Z, 1176.7045759999999, 841.7157461999999
1714633230330, 2024-05-02T07:00:30.330Z, 1173.7538657999999, 842.6050630000002
1714633230347, 2024-05-02T07:00:30.347Z, 1171.662124, 842.4121951999999
1714633230367, 2024-05-02T07:00:30.367Z, 1169.4645197999998, 841.2080941999999
1714633230392, 2024-05-02T07:00:30.392Z, 1169.1520490000003, 841.0374488
1714633230420, 2024-05-02T07:00:30.420Z, 1167.6590370000001, 841.7113231999999
1714633230437, 2024-05-02T07:00:30.437Z, 1164.6572488, 841.0087856
1714633230452, 2024-05-02T07:00:30.452Z, 1161.5377454000002, 840.1158066
1714633230464, 2024-05-02T07:00:30.464Z, 1158.7564251999997, 840.0470342000001
1714633230482, 2024-05-02T07:00:30.482Z, 1156.0907200000001, 839.8507598
1714633230496, 2024-05-02T07:00:30.496Z, 1155.1889332, 839.0363868000001
1714633230509, 2024-05-02T07:00:30.509Z, 1157.8874456, 838.5184976
1714633230527, 2024-05-02T07:00:30.527Z, 1166.4818547999998, 839.7113544000001
1714633230542, 2024-05-02T07:00:30.542Z, 1179.0408078, 841.2697988000002
1714633230573, 2024-05-02T07:00:30.573Z, 1194.356698, 841.7214796000001
1714633230587, 2024-05-02T07:00:30.587Z, 1208.3743854, 841.9813854
1714633230599, 2024-05-02T07:00:30.599Z, 1220.7223474, 843.3243244000001
1714633230617, 2024-05-02T07:00:30.617Z, 1228.058786, 843.5113100000001
1714633230632, 2024-05-02T07:00:30.632Z, 1231.4392326000002, 843.3976222000001
1714633230648, 2024-05-02T07:00:30.648Z, 1233.1206935999999, 846.0789794
1714633230667, 2024-05-02T07:00:30.667Z, 1243.4945155999999, 850.0359326000001
1714633230682, 2024-05-02T07:00:30.682Z, 1266.6624968, 861.4255786
1714633230692, 2024-05-02T07:00:30.692Z, 1292.1585674, 874.6234963999999
1714633230723, 2024-05-02T07:00:30.723Z, 1323.9994952, 891.0512128
1714633230736, 2024-05-02T07:00:30.736Z, 1352.1946427999999, 905.0965153999999
1714633230902, 2024-05-02T07:00:30.902Z, 1389.4955625999999, 907.8621292
1714633230914, 2024-05-02T07:00:30.914Z, 1391.7256313999999, 848.3760116
1714633230932, 2024-05-02T07:00:30.932Z, 1382.8871246, 753.9088226
1714633230947, 2024-05-02T07:00:30.947Z, 1362.4948774, 650.792964
1714633230959, 2024-05-02T07:00:30.959Z, 1327.6193867999998, 541.720891
1714633230978, 2024-05-02T07:00:30.978Z, 1276.9958612, 439.2025928
1714633230992, 2024-05-02T07:00:30.992Z, 1259.6530040000002, 391.69013979999994
1714633231023, 2024-05-02T07:00:31.023Z, 1251.3596674, 377.7385968
1714633231036, 2024-05-02T07:00:31.036Z, 1245.7756854000002, 368.4283478
1714633231049, 2024-05-02T07:00:31.049Z, 1249.0978944, 362.4752946
1714633231066, 2024-05-02T07:00:31.066Z, 1257.769479, 359.25762360000004
1714633231083, 2024-05-02T07:00:31.083Z, 1248.0611876, 353.25212380000005
1714633231097, 2024-05-02T07:00:31.097Z, 1235.2442546000002, 347.0478946
1714633231116, 2024-05-02T07:00:31.116Z, 1222.7759738, 341.7963124
1714633231130, 2024-05-02T07:00:31.130Z, 1216.7460370000001, 340.5060272
1714633231142, 2024-05-02T07:00:31.142Z, 1200.664657, 338.5995468
1714633231177, 2024-05-02T07:00:31.177Z, 1183.7277116, 339.265796
1714633231203, 2024-05-02T07:00:31.203Z, 1168.3391091999997, 339.3042064
1714633231219, 2024-05-02T07:00:31.219Z, 1153.0569558, 338.23120520000003
1714633231234, 2024-05-02T07:00:31.234Z, 1135.8994896, 333.794395
1714633231250, 2024-05-02T07:00:31.250Z, 1123.2365028, 330.10032600000005
1714633231266, 2024-05-02T07:00:31.266Z, 1118.7170912000001, 325.77555240000004
1714633231281, 2024-05-02T07:00:31.281Z, 1115.539437, 319.5184138
1714633231296, 2024-05-02T07:00:31.296Z, 1113.8234026, 312.9419166
1714633231320, 2024-05-02T07:00:31.320Z, 1113.7449672, 305.8493324
1714633231337, 2024-05-02T07:00:31.337Z, 1113.4368568, 299.2769334
1714633231352, 2024-05-02T07:00:31.352Z, 1168.969364, 309.2605446
1714633231364, 2024-05-02T07:00:31.364Z, 1260.8213996, 331.7142726
1714633231382, 2024-05-02T07:00:31.382Z, 1387.9686152, 351.8167074
1714633231397, 2024-05-02T07:00:31.397Z, 1514.7423916, 376.1101622
1714633231409, 2024-05-02T07:00:31.409Z, 1640.5810812, 401.2209004
1714633231432, 2024-05-02T07:00:31.432Z, 1714.5191404000002, 409.32190479999997
1714633231445, 2024-05-02T07:00:31.445Z, 1748.8590073999999, 408.0465648
1714633231476, 2024-05-02T07:00:31.476Z, 1753.5747882, 408.142455
1714633231490, 2024-05-02T07:00:31.490Z, 1756.9966713999997, 407.56958599999996
1714633231502, 2024-05-02T07:00:31.502Z, 1760.4520896000001, 406.386572
1714633231520, 2024-05-02T07:00:31.520Z, 1760.7328296, 406.63238220000005
1714633231535, 2024-05-02T07:00:31.535Z, 1759.4935338, 407.555663
1714633231547, 2024-05-02T07:00:31.547Z, 1752.7941192000003, 410.2996906
1714633231565, 2024-05-02T07:00:31.565Z, 1749.9669212000001, 412.575829
1714633231581, 2024-05-02T07:00:31.581Z, 1745.0942929999997, 415.4147368
1714633231594, 2024-05-02T07:00:31.594Z, 1732.542938, 419.64063639999995
1714633231624, 2024-05-02T07:00:31.624Z, 1707.9149277999998, 424.8663304
1714633231653, 2024-05-02T07:00:31.653Z, 1650.8072681999997, 434.913698
1714633231668, 2024-05-02T07:00:31.668Z, 1499.6985547999998, 433.7110944
1714633231684, 2024-05-02T07:00:31.684Z, 1299.6341102, 425.5950156
1714633231699, 2024-05-02T07:00:31.699Z, 1086.524795, 413.4766476000001