1714633336470, 2024-05-02T07:02:16.470Z, 369.956523, 547.146452
1714633336481, 2024-05-02T07:02:16.481Z, 343.038265, 535.0457584999999
1714633336498, 2024-05-02T07:02:16.498Z, 341.9582363333334, 539.6668893333332
1714633336513, 2024-05-02T07:02:16.513Z, 346.52216400000003, 545.9725237499999
1714633336525, 2024-05-02T07:02:16.525Z, 352.03139020000003, 551.6820731999999
1714633336543, 2024-05-02T07:02:16.543Z, 335.83299500000004, 550.6176757999999
1714633336558, 2024-05-02T07:02:16.558Z, 330.73171520000005, 554.375417
1714633336571, 2024-05-02T07:02:16.571Z, 321.08139459999995, 552.8437512
1714633336589, 2024-05-02T07:02:16.589Z, 307.8469308, 550.0149828000001
1714633336618, 2024-05-02T07:02:16.618Z, 291.067099, 545.827229
1714633336635, 2024-05-02T07:02:16.635Z, 291.66493920000005, 547.6819042000001
1714633336649, 2024-05-02T07:02:16.649Z, 291.7303766, 549.7897396000001
1714633336664, 2024-05-02T07:02:16.664Z, 291.4634878, 552.1271716
1714633336679, 2024-05-02T07:02:16.679Z, 289.99629519999996, 551.0172672
1714633336695, 2024-05-02T07:02:16.695Z, 271.43827899999997, 553.7659514
1714633336711, 2024-05-02T07:02:16.711Z, 254.238946, 556.3833362
1714633336726, 2024-05-02T07:02:16.726Z, 240.33176120000002, 557.5352466
1714633336742, 2024-05-02T07:02:16.742Z, 220.0152046, 560.0799617999999
1714633336770, 2024-05-02T07:02:16.770Z, 204.38615900000002, 562.541605
1714633336784, 2024-05-02T07:02:16.784Z, 203.204479, 560.8680953999999
1714633336796, 2024-05-02T07:02:16.796Z, 203.17839399999997, 559.0429898
1714633336814, 2024-05-02T07:02:16.814Z, 203.2396004, 557.5746548
1714633336830, 2024-05-02T07:02:16.830Z, 201.1845988, 558.2887518
1714633336842, 2024-05-02T07:02:16.842Z, 199.2348806, 559.2569390000001
1714633336859, 2024-05-02T07:02:16.859Z, 203.2281496, 558.7783840000001
1714633336875, 2024-05-02T07:02:16.875Z, 195.0052854, 561.045575
1714633336887, 2024-05-02T07:02:16.887Z, 185.79631500000002, 563.5910394
1714633336921, 2024-05-02T07:02:16.921Z, 188.61597060000003, 563.3486082
1714633336931, 2024-05-02T07:02:16.931Z, 187.77704980000001, 563.7338194
1714633336949, 2024-05-02T07:02:16.949Z, 190.83549440000002, 565.3830883999999
1714633336964, 2024-05-02T07:02:16.964Z, 215.9068088, 566.5580335999999
1714633336976, 2024-05-02T07:02:16.976Z, 247.00256100000001, 567.2784818
1714633336994, 2024-05-02T07:02:16.994Z, 277.9229738, 566.4203647999999
1714633337009, 2024-05-02T07:02:17.009Z, 304.3262118, 568.2935636
1714633337025, 2024-05-02T07:02:17.025Z, 328.0228324000001, 569.06673
1714633337038, 2024-05-02T07:02:17.038Z, 341.8446554000001, 567.4776322
1714633337067, 2024-05-02T07:02:17.067Z, 356.754529, 564.8388774
1714633337087, 2024-05-02T07:02:17.087Z, 372.648286, 560.6469648
1714633337104, 2024-05-02T07:02:17.104Z, 383.85995859999997, 556.6232287999999
1714633337127, 2024-05-02T07:02:17.127Z, 393.1510792, 552.5800234000001
1714633337143, 2024-05-02T07:02:17.143Z, 404.39912519999996, 547.8243678
1714633337159, 2024-05-02T07:02:17.160Z, 395.9300078, 548.5537596
1714633337178, 2024-05-02T07:02:17.178Z, 382.866757, 552.1610205999999
1714633337207, 2024-05-02T07:02:17.207Z, 371.8752958, 556.3646861999999
1714633337239, 2024-05-02T07:02:17.239Z, 364.84926039999993, 560.2131986
1714633337254, 2024-05-02T07:02:17.254Z, 348.0787468, 566.5031962
1714633337268, 2024-05-02T07:02:17.268Z, 350.2176456, 565.9716294
1714633337283, 2024-05-02T07:02:17.283Z, 343.3872098, 568.7033786
1714633337299, 2024-05-02T07:02:17.299Z, 346.9921456, 567.5583584
1714633337314, 2024-05-02T07:02:17.314Z, 345.3897778, 566.1219841999999
1714633337330, 2024-05-02T07:02:17.330Z, 345.45878239999996, 565.0151696
1714633337346, 2024-05-02T07:02:17.346Z, 326.3992626, 562.1204511999999
1714633337378, 2024-05-02T07:02:17.378Z, 311.4154064, 554.0250232000001
1714633337393, 2024-05-02T07:02:17.393Z, 294.62253599999997, 548.0940731999999
1714633337409, 2024-05-02T07:02:17.409Z, 271.9023816, 543.2092734
1714633337428, 2024-05-02T07:02:17.428Z, 242.9062058, 540.1098835999999
1714633337440, 2024-05-02T07:02:17.440Z, 226.65849239999997, 541.7745836
1714633337456, 2024-05-02T07:02:17.456Z, 215.81968140000004, 546.3070242
1714633337471, 2024-05-02T07:02:17.471Z, 192.5718926, 551.726084
1714633337488, 2024-05-02T07:02:17.488Z, 179.031655, 556.6868164
1714633337503, 2024-05-02T07:02:17.503Z, 177.06944019999997, 557.7244688
1714633337519, 2024-05-02T07:02:17.519Z, 181.22924419999998, 556.5441616
1714633337550, 2024-05-02T07:02:17.550Z, 189.6435052, 552.9920147999999
1714633337566, 2024-05-02T07:02:17.566Z, 203.12778680000002, 551.4084707999999
1714633337581, 2024-05-02T07:02:17.581Z, 223.716153, 549.4770295999999
1714633337600, 2024-05-02T07:02:17.600Z, 243.0681634, 550.7189070000001
1714633337629, 2024-05-02T07:02:17.629Z, 252.60110799999998, 555.5297788
1714633337644, 2024-05-02T07:02:17.644Z, 257.2838524, 562.658351
1714633337672, 2024-05-02T07:02:17.672Z, 274.22621039999996, 564.8453781999999
1714633337691, 2024-05-02T07:02:17.691Z, 276.105714, 569.1265627999999
1714633337723, 2024-05-02T07:02:17.723Z, 281.5309236, 568.7470196
1714633337738, 2024-05-02T07:02:17.738Z, 288.6640916, 567.7339102
1714633337753, 2024-05-02T07:02:17.753Z, 301.266113, 564.6685444000001
1714633337785, 2024-05-02T07:02:17.785Z, 340.9853998, 561.6639462
1714633337800, 2024-05-02T07:02:17.800Z, 400.528622, 558.7617404
1714633337823, 2024-05-02T07:02:17.823Z, 495.7960188, 551.2336578000002
1714633337833, 2024-05-02T07:02:17.833Z, 595.6839296, 552.3612948
1714633337852, 2024-05-02T07:02:17.852Z, 698.2749216, 553.8664034
1714633337866, 2024-05-02T07:02:17.866Z, 805.8017275999999, 545.6816476
1714633337893, 2024-05-02T07:02:17.893Z, 909.6877714000002, 533.014243
1714633337908, 2024-05-02T07:02:17.908Z, 982.7752022000001, 525.4074354
1714633337924, 2024-05-02T07:02:17.924Z, 1052.6344446, 507.01516460000005
1714633337940, 2024-05-02T07:02:17.940Z, 1124.730294, 481.67958719999996
1714633337970, 2024-05-02T07:02:17.970Z, 1169.9127788, 462.9001134
1714633337986, 2024-05-02T07:02:17.986Z, 1204.0111069999998, 445.13177319999994
1714633338001, 2024-05-02T07:02:18.001Z, 1220.9411389999998, 432.7981876
1714633338016, 2024-05-02T07:02:18.016Z, 1218.5160241999997, 434.51335500000005
1714633338032, 2024-05-02T07:02:18.032Z, 1206.2473934, 440.6279692
1714633338048, 2024-05-02T07:02:18.048Z, 1184.9051046, 448.45072760000005
1714633338064, 2024-05-02T07:02:18.064Z, 1077.3837634, 466.5382948
1714633338094, 2024-05-02T07:02:18.094Z, 954.5532968000001, 486.7386227999999
1714633338121, 2024-05-02T07:02:18.121Z, 820.1445299999999, 498.79000080000003
1714633338141, 2024-05-02T07:02:18.141Z, 683.0772774, 516.7247578
1714633338157, 2024-05-02T07:02:18.157Z, 527.5472676, 544.0878542
1714633338173, 2024-05-02T07:02:18.173Z, 450.73755200000005, 562.6407984
1714633338188, 2024-05-02T07:02:18.188Z, 396.5406454, 575.4923404
1714633338203, 2024-05-02T07:02:18.203Z, 371.04394219999995, 584.7062566
1714633338218, 2024-05-02T07:02:18.218Z, 346.7629032, 587.3199394000001
1714633338234, 2024-05-02T07:02:18.234Z, 329.9783676, 583.5690976
1714633338251, 2024-05-02T07:02:18.251Z, 312.9229328, 578.8794624
1714633338275, 2024-05-02T07:02:18.275Z, 283.026133, 573.828252
1714633338287, 2024-05-02T07:02:18.287Z, 259.3973744, 567.7117316
1714633338301, 2024-05-02T07:02:18.301Z, 232.77782040000002, 564.0725898
1714633338317, 2024-05-02T07:02:18.317Z, 202.5296202, 562.2123482000001
1714633338329, 2024-05-02T07:02:18.329Z, 182.1277878, 560.8853244000001
1714633338346, 2024-05-02T07:02:18.346Z, 179.25949559999998, 559.234872
1714633338377, 2024-05-02T07:02:18.377Z, 164.08963039999998, 558.9753908
1714633338391, 2024-05-02T07:02:18.391Z, 156.05175099999997, 559.358385
1714633338420, 2024-05-02T07:02:18.420Z, 172.26360559999998, 555.1836174
1714633338433, 2024-05-02T07:02:18.433Z, 187.5488584, 552.5411004000001
1714633338449, 2024-05-02T07:02:18.449Z, 186.1348482, 555.0893952
1714633338461, 2024-05-02T07:02:18.461Z, 192.9704876, 556.7373485999999
1714633338479, 2024-05-02T07:02:18.479Z, 206.80059160000002, 555.4242656
1714633338496, 2024-05-02T07:02:18.496Z, 193.772079, 560.7167185999999
1714633338517, 2024-05-02T07:02:18.517Z, 179.12996399999997, 565.8508358
1714633338547, 2024-05-02T07:02:18.547Z, 183.2842228, 566.1895136
1714633338594, 2024-05-02T07:02:18.594Z, 188.10290120000005, 567.5371272
1714633338609, 2024-05-02T07:02:18.609Z, 195.37568679999998, 569.3012232
1714633338641, 2024-05-02T07:02:18.641Z, 223.69597160000004, 569.7816284
1714633338656, 2024-05-02T07:02:18.656Z, 257.3423782, 568.2803678
1714633338672, 2024-05-02T07:02:18.672Z, 293.34694440000004, 565.6683387999999
1714633338688, 2024-05-02T07:02:18.688Z, 320.5420828, 565.1777188
1714633338704, 2024-05-02T07:02:18.704Z, 339.92608440000004, 566.2283852
1714633338720, 2024-05-02T07:02:18.720Z, 349.7478098, 565.4794834
1714633338736, 2024-05-02T07:02:18.736Z, 359.180796, 565.5452984
1714633338752, 2024-05-02T07:02:18.752Z, 359.6858472, 567.5237744
1714633338769, 2024-05-02T07:02:18.769Z, 358.968547, 568.8029561999999
1714633338782, 2024-05-02T07:02:18.782Z, 357.11333640000004, 570.3864192
1714633338799, 2024-05-02T07:02:18.799Z, 362.139535, 569.3240148
1714633338814, 2024-05-02T07:02:18.814Z, 352.91229280000005, 570.4502254
1714633338830, 2024-05-02T07:02:18.830Z, 346.0834578, 570.5652846
1714633338845, 2024-05-02T07:02:18.845Z, 348.9435216, 567.7281328000001
1714633338868, 2024-05-02T07:02:18.868Z, 360.49347620000003, 560.0993828000001
1714633338883, 2024-05-02T07:02:18.883Z, 364.5871294, 546.8429325999999
1714633338904, 2024-05-02T07:02:18.904Z, 370.728949, 537.9553060000001
1714633338917, 2024-05-02T07:02:18.917Z, 369.138265, 501.31339260000004
1714633338928, 2024-05-02T07:02:18.928Z, 355.24975140000004, 443.57944740000005
1714633338943, 2024-05-02T07:02:18.943Z, 304.427078, 383.8448484
1714633338971, 2024-05-02T07:02:18.971Z, 262.2586926, 329.008005
1714633338986, 2024-05-02T07:02:18.986Z, 228.15726440000003, 269.1299692
1714633339001, 2024-05-02T07:02:19.001Z, 191.53681899999998, 238.64310259999996
1714633339021, 2024-05-02T07:02:19.021Z, 175.1271158, 227.9096908
1714633339035, 2024-05-02T07:02:19.035Z, 177.67767659999998, 226.41669539999998
1714633339047, 2024-05-02T07:02:19.047Z, 180.96655719999998, 226.9818254
1714633339064, 2024-05-02T07:02:19.064Z, 185.2707566, 228.859625
1714633339079, 2024-05-02T07:02:19.079Z, 192.34608539999996, 240.4395402
1714633339109, 2024-05-02T07:02:19.109Z, 194.92810019999996, 256.56146939999996
1714633339129, 2024-05-02T07:02:19.129Z, 196.617472, 274.1670274
1714633339170, 2024-05-02T07:02:19.170Z, 204.5391112, 291.1337902
1714633339199, 2024-05-02T07:02:19.199Z, 217.38580459999997, 303.4757264
1714633339214, 2024-05-02T07:02:19.214Z, 235.24958100000003, 305.2155106
1714633339244, 2024-05-02T07:02:19.244Z, 246.79315200000002, 305.0799126
1714633339259, 2024-05-02T07:02:19.259Z, 254.3911286, 304.70905920000007
1714633339297, 2024-05-02T07:02:19.297Z, 253.07875919999998, 303.66938960000004
1714633339333, 2024-05-02T07:02:19.333Z, 253.7406108, 302.6053294
1714633339349, 2024-05-02T07:02:19.349Z, 244.281824, 303.8521918
1714633339380, 2024-05-02T07:02:19.380Z, 242.8041788, 303.6568446
1714633339395, 2024-05-02T07:02:19.395Z, 242.4308888, 302.0255498
1714633339439, 2024-05-02T07:02:19.439Z, 237.40873960000005, 301.7542398
1714633339454, 2024-05-02T07:02:19.454Z, 212.4691758, 307.2432026
1714633339472, 2024-05-02T07:02:19.472Z, 207.21871000000002, 308.5229616
1714633339489, 2024-05-02T07:02:19.489Z, 189.50622879999997, 312.45740079999996
1714633339516, 2024-05-02T07:02:19.516Z, 188.7061032, 313.83315039999997
1714633339533, 2024-05-02T07:02:19.533Z, 184.15421899999998, 319.39342120000003
1714633339548, 2024-05-02T07:02:19.548Z, 191.2223984, 322.918763
1714633339564, 2024-05-02T07:02:19.564Z, 197.00062480000003, 346.5789638
1714633339580, 2024-05-02T07:02:19.580Z, 203.4563308, 372.2397626
1714633339595, 2024-05-02T07:02:19.595Z, 209.72460339999998, 414.0071614
1714633339621, 2024-05-02T07:02:19.621Z, 221.43924900000002, 454.5404677999999
1714633339632, 2024-05-02T07:02:19.632Z, 234.39816860000002, 498.4024004
1714633339649, 2024-05-02T07:02:19.649Z, 239.3473948, 532.8725489999999
1714633339664, 2024-05-02T07:02:19.664Z, 234.70350799999997, 565.7131189999999
1714633339676, 2024-05-02T07:02:19.676Z, 228.02532639999998, 582.597664
1714633339693, 2024-05-02T07:02:19.693Z, 224.4333654, 595.4721957999999
1714633339709, 2024-05-02T07:02:19.709Z, 208.03872040000002, 606.3000076000001
1714633339722, 2024-05-02T07:02:19.722Z, 195.1827692, 606.388305
1714633339742, 2024-05-02T07:02:19.742Z, 199.0539976, 602.9257686
1714633339787, 2024-05-02T07:02:19.787Z, 205.74735, 595.0036888
1714633339804, 2024-05-02T07:02:19.804Z, 193.95436360000002, 590.9941778
1714633339832, 2024-05-02T07:02:19.832Z, 211.4009832, 581.1020214
1714633339861, 2024-05-02T07:02:19.861Z, 206.6688126, 577.1991786
1714633339877, 2024-05-02T07:02:19.877Z, 213.25402400000002, 571.7435664000001
1714633339892, 2024-05-02T07:02:19.892Z, 222.87100879999997, 569.6499608
1714633339919, 2024-05-02T07:02:19.919Z, 253.01706779999995, 563.8366424000001
1714633339934, 2024-05-02T07:02:19.934Z, 265.5397942, 562.4447815999999
1714633339963, 2024-05-02T07:02:19.963Z, 299.4526614, 557.7177647999999
1714633339979, 2024-05-02T07:02:19.979Z, 320.550838, 555.3709591999999
1714633340008, 2024-05-02T07:02:20.008Z, 330.6952576, 554.7873958
1714633340027, 2024-05-02T07:02:20.027Z, 334.9454106, 555.6108750000001
1714633340037, 2024-05-02T07:02:20.037Z, 338.016396, 556.1288214
1714633340070, 2024-05-02T07:02:20.070Z, 337.0246646, 554.747434
1714633340081, 2024-05-02T07:02:20.081Z, 335.485372, 553.8890435999999
1714633340103, 2024-05-02T07:02:20.103Z, 333.9306636, 553.5226518
1714633340119, 2024-05-02T07:02:20.119Z, 333.5165144, 549.9279002000001
1714633340128, 2024-05-02T07:02:20.128Z, 332.6817538, 546.8743104
1714633340144, 2024-05-02T07:02:20.144Z, 338.9321758, 544.7143461999999
1714633340159, 2024-05-02T07:02:20.159Z, 338.1362384, 544.4900318
1714633340172, 2024-05-02T07:02:20.172Z, 336.5086084, 544.2467482
1714633340192, 2024-05-02T07:02:20.192Z, 335.1889534, 546.7185830000001
1714633340218, 2024-05-02T07:02:20.218Z, 339.79786179999996, 547.8270651999999
1714633340248, 2024-05-02T07:02:20.248Z, 342.3903114, 548.3374282
1714633340264, 2024-05-02T07:02:20.264Z, 348.01389839999996, 548.4473694000001
1714633340279, 2024-05-02T07:02:20.279Z, 350.3610974, 550.5632820000001
1714633340295, 2024-05-02T07:02:20.295Z, 358.1852404, 551.7438394000001
1714633340310, 2024-05-02T07:02:20.310Z, 350.7397546, 558.71181
1714633340325, 2024-05-02T07:02:20.325Z, 351.53886439999997, 563.0729398000001
1714633340341, 2024-05-02T07:02:20.341Z, 355.8283918, 567.3364435999999
1714633340388, 2024-05-02T07:02:20.388Z, 372.8569964, 567.9101751999999
1714633340403, 2024-05-02T07:02:20.403Z, 384.910994, 569.2143296
1714633340419, 2024-05-02T07:02:20.419Z, 410.37237939999994, 564.7252238
1714633340435, 2024-05-02T07:02:20.435Z, 414.27729740000007, 566.4859018
1714633340450, 2024-05-02T07:02:20.450Z, 422.71637419999996, 566.056045
1714633340466, 2024-05-02T07:02:20.466Z, 424.6895168, 567.0352872
1714633340481, 2024-05-02T07:02:20.481Z, 420.5283668, 568.8221292
1714633340497, 2024-05-02T07:02:20.497Z, 413.7964036, 570.3110524
1714633340521, 2024-05-02T07:02:20.521Z, 408.13871919999997, 568.938818
1714633340532, 2024-05-02T07:02:20.532Z, 403.29841680000004, 566.3496635999999
1714633340549, 2024-05-02T07:02:20.549Z, 393.0211372, 563.9795105999999
1714633340565, 2024-05-02T07:02:20.565Z, 367.3355894, 564.4908156
1714633340577, 2024-05-02T07:02:20.577Z, 343.9355848000001, 565.4832432
1714633340594, 2024-05-02T07:02:20.594Z, 331.6834354, 565.5114102
1714633340700, 2024-05-02T07:02:20.700Z, 298.82982400000003, 566.4992417999999
1714633340714, 2024-05-02T07:02:20.714Z, 286.7734848, 569.1679306
1714633340730, 2024-05-02T07:02:20.730Z, 298.9429758, 566.7847274
1714633340746, 2024-05-02T07:02:20.746Z, 301.0826734, 567.0635588
1714633340761, 2024-05-02T07:02:20.761Z, 288.8457888, 571.6969976
1714633340777, 2024-05-02T07:02:20.777Z, 303.67731100000003, 574.1360664
1714633340793, 2024-05-02T07:02:20.793Z, 293.9806502, 577.0547426
1714633340835, 2024-05-02T07:02:20.835Z, 275.7330592, 582.8868186
1714633340849, 2024-05-02T07:02:20.849Z, 278.11299820000005, 582.794546
1714633340864, 2024-05-02T07:02:20.864Z, 299.6249428, 577.9156828
1714633340880, 2024-05-02T07:02:20.880Z, 312.12380680000007, 579.3943242
1714633340892, 2024-05-02T07:02:20.892Z, 334.7824236, 578.0452310000001
1714633340909, 2024-05-02T07:02:20.909Z, 364.41543880000006, 574.5439210000001
1714633340929, 2024-05-02T07:02:20.929Z, 381.813953, 575.2819896000001
1714633340939, 2024-05-02T07:02:20.939Z, 397.5887984, 576.5581572
1714633340971, 2024-05-02T07:02:20.971Z, 410.8375104, 574.5713134
1714633340986, 2024-05-02T07:02:20.986Z, 424.07366979999995, 572.423198
1714633341010, 2024-05-02T07:02:21.010Z, 437.475843, 570.3583328
1714633341026, 2024-05-02T07:02:21.026Z, 445.24083759999996, 569.6059744
1714633341041, 2024-05-02T07:02:21.041Z, 453.68785260000004, 569.129332
1714633341057, 2024-05-02T07:02:21.057Z, 465.92358060000004, 568.2924102
1714633341073, 2024-05-02T07:02:21.073Z, 465.6495248, 569.3258432
1714633341089, 2024-05-02T07:02:21.089Z, 467.2367074, 569.7824817999999
1714633341120, 2024-05-02T07:02:21.120Z, 477.55061799999993, 565.5990702
1714633341136, 2024-05-02T07:02:21.136Z, 469.5192132, 564.6335982
1714633341152, 2024-05-02T07:02:21.152Z, 458.8463074, 563.918867
1714633341168, 2024-05-02T07:02:21.168Z, 425.775202, 563.1331754
1714633341183, 2024-05-02T07:02:21.183Z, 388.25653700000004, 563.5575216
1714633341199, 2024-05-02T07:02:21.199Z, 326.9358812, 570.9432946
1714633341214, 2024-05-02T07:02:21.214Z, 277.6391239999999, 575.3297888
1714633341229, 2024-05-02T07:02:21.229Z, 234.1262314, 578.1804960000001
1714633341245, 2024-05-02T07:02:21.245Z, 209.33205120000002, 582.5453564
1714633341270, 2024-05-02T07:02:21.270Z, 190.71979399999998, 585.3754744
1714633341285, 2024-05-02T07:02:21.285Z, 188.7939772, 585.0755704000001
1714633341307, 2024-05-02T07:02:21.307Z, 188.0623354, 585.4653578
1714633341323, 2024-05-02T07:02:21.323Z, 183.2897056, 587.4625776
1714633341338, 2024-05-02T07:02:21.338Z, 182.8669402, 589.4317754000001
1714633341354, 2024-05-02T07:02:21.354Z, 181.28257100000002, 592.1309603999999
1714633341370, 2024-05-02T07:02:21.370Z, 186.3157368, 593.811963
1714633341385, 2024-05-02T07:02:21.385Z, 191.9933392, 596.7244474
1714633341400, 2024-05-02T07:02:21.400Z, 199.5422978, 598.6479774
1714633341421, 2024-05-02T07:02:21.421Z, 219.9099126, 599.0833627999999
1714633341432, 2024-05-02T07:02:21.432Z, 244.7742412, 597.3448056
1714633341449, 2024-05-02T07:02:21.449Z, 269.4708848, 595.5434812
1714633341465, 2024-05-02T07:02:21.465Z, 294.4235758, 592.4574712
1714633341479, 2024-05-02T07:02:21.479Z, 318.0074398, 590.5203164
1714633341494, 2024-05-02T07:02:21.494Z, 342.678002, 586.9378374
1714633341510, 2024-05-02T07:02:21.510Z, 347.5862748, 590.3943634
1714633341526, 2024-05-02T07:02:21.526Z, 350.3415556, 593.4063972
1714633341541, 2024-05-02T07:02:21.541Z, 354.27642499999996, 595.0768736
1714633341568, 2024-05-02T07:02:21.568Z, 363.5086642, 593.3630202
1714633341584, 2024-05-02T07:02:21.584Z, 372.1138618, 591.2014928000001
1714633341600, 2024-05-02T07:02:21.600Z, 385.949361, 587.834401
1714633341612, 2024-05-02T07:02:21.612Z, 393.7158888, 587.4714188
1714633341629, 2024-05-02T07:02:21.629Z, 407.7814932, 586.1604188
1714633341645, 2024-05-02T07:02:21.645Z, 407.6012046, 589.687456
1714633341657, 2024-05-02T07:02:21.657Z, 402.3637828, 594.7498422
1714633341674, 2024-05-02T07:02:21.674Z, 403.37340120000005, 596.5969474000001
1714633341690, 2024-05-02T07:02:21.690Z, 407.8389634, 596.1000624000001
1714633341720, 2024-05-02T07:02:21.720Z, 411.583546, 596.2772769999999
1714633341734, 2024-05-02T07:02:21.734Z, 415.76686900000004, 596.1351326
1714633341747, 2024-05-02T07:02:21.747Z, 426.03012440000003, 594.4131784
1714633341764, 2024-05-02T07:02:21.764Z, 437.3203476, 592.8842582
1714633341779, 2024-05-02T07:02:21.779Z, 451.43984119999993, 593.5843958
1714633341792, 2024-05-02T07:02:21.792Z, 461.55460439999996, 594.5029494
1714633341809, 2024-05-02T07:02:21.809Z, 485.5808124, 592.4750224000002
1714633341825, 2024-05-02T07:02:21.825Z, 502.370182, 592.1778392
1714633341837, 2024-05-02T07:02:21.837Z, 520.7976646, 591.7496368
1714633341877, 2024-05-02T07:02:21.877Z, 537.5566660000001, 589.7183742
1714633341883, 2024-05-02T07:02:21.883Z, 553.3419708, 585.5531578
1714633341899, 2024-05-02T07:02:21.899Z, 562.7411784, 583.1804258
1714633341914, 2024-05-02T07:02:21.914Z, 568.5627754, 581.5549556
1714633341930, 2024-05-02T07:02:21.930Z, 571.3157814, 580.3011462000001
1714633341946, 2024-05-02T07:02:21.946Z, 576.5612836, 577.6063087999999
1714633341962, 2024-05-02T07:02:21.962Z, 569.2753644000001, 580.1706076
1714633341977, 2024-05-02T07:02:21.977Z, 561.0545468, 582.4181834
1714633341993, 2024-05-02T07:02:21.993Z, 559.892525, 583.4722576
1714633342018, 2024-05-02T07:02:22.018Z, 574.5824024000001, 582.3386562
1714633342033, 2024-05-02T07:02:22.033Z, 596.0117018, 582.374997
1714633342049, 2024-05-02T07:02:22.049Z, 623.9463922, 582.909874
1714633342061, 2024-05-02T07:02:22.061Z, 647.4235606, 585.5814786000001
1714633342079, 2024-05-02T07:02:22.079Z, 677.1617432, 585.4212558
1714633342094, 2024-05-02T07:02:22.094Z, 683.8877174, 589.6373434
1714633342106, 2024-05-02T07:02:22.106Z, 678.1195232, 594.7284082
1714633342123, 2024-05-02T07:02:22.123Z, 678.8945396, 596.1250858
1714633342142, 2024-05-02T07:02:22.142Z, 676.8333282, 597.5357538000001
1714633342171, 2024-05-02T07:02:22.171Z, 672.8946746, 600.2121232
1714633342184, 2024-05-02T07:02:22.184Z, 674.1511221999999, 600.5593623999999
1714633342197, 2024-05-02T07:02:22.197Z, 680.6651042, 598.7776815999999
1714633342213, 2024-05-02T07:02:22.213Z, 684.7722550000001, 597.1614244
1714633342233, 2024-05-02T07:02:22.233Z, 693.2003272, 593.5380018
1714633342246, 2024-05-02T07:02:22.246Z, 685.949749, 591.1723382
1714633342279, 2024-05-02T07:02:22.279Z, 582.9426212000001, 596.8037982
1714633342293, 2024-05-02T07:02:22.293Z, 478.4452262000001, 602.0200990000001
1714633342327, 2024-05-02T07:02:22.327Z, 363.3561361999999, 609.1333999999999
1714633342337, 2024-05-02T07:02:22.337Z, 258.9608408, 615.8930424
1714633342367, 2024-05-02T07:02:22.367Z, 163.6173892, 622.5329530000001
1714633342383, 2024-05-02T07:02:22.383Z, 157.2787964, 624.7301901999999
1714633342414, 2024-05-02T07:02:22.414Z, 148.38171060000002, 629.5754352
1714633342430, 2024-05-02T07:02:22.430Z, 154.22957839999998, 632.8234915999999
1714633342445, 2024-05-02T07:02:22.445Z, 149.75228899999996, 637.1281362
1714633342473, 2024-05-02T07:02:22.473Z, 140.5296594, 642.8788476
1714633342487, 2024-05-02T07:02:22.487Z, 156.9672412, 642.7191444
1714633342504, 2024-05-02T07:02:22.504Z, 168.12200940000002, 642.6065447999999
1714633342516, 2024-05-02T07:02:22.516Z, 169.6676074, 644.2022639999999
1714633342532, 2024-05-02T07:02:22.532Z, 179.354648, 643.2110552
1714633342549, 2024-05-02T07:02:22.549Z, 183.60408139999998, 641.9009626
1714633342561, 2024-05-02T07:02:22.561Z, 166.50617699999998, 642.4588342
1714633342577, 2024-05-02T07:02:22.577Z, 158.2481954, 640.7502145999999
1714633342594, 2024-05-02T07:02:22.594Z, 157.63419459999997, 621.3212959999998
1714633342622, 2024-05-02T07:02:22.622Z, 166.08640179999998, 590.8549163999999
1714633342636, 2024-05-02T07:02:22.636Z, 185.9771316, 556.0854797999999
1714633342648, 2024-05-02T07:02:22.648Z, 211.4763952, 522.2588038000001
1714633342665, 2024-05-02T07:02:22.665Z, 238.6772556, 487.36341859999993
1714633342681, 2024-05-02T07:02:22.681Z, 255.3481534, 469.56424260000006
1714633342695, 2024-05-02T07:02:22.695Z, 257.29657899999995, 464.3394822
1714633342710, 2024-05-02T07:02:22.710Z, 259.230825, 462.9269956
1714633342726, 2024-05-02T07:02:22.726Z, 248.48753380000002, 463.3346858
1714633342742, 2024-05-02T07:02:22.742Z, 236.53258339999996, 464.8785116
1714633342772, 2024-05-02T07:02:22.772Z, 225.5444686, 466.93591960000003
1714633342788, 2024-05-02T07:02:22.788Z, 217.39557960000002, 468.88656059999994
1714633342803, 2024-05-02T07:02:22.803Z, 209.089574, 470.69458299999997
1714633342819, 2024-05-02T07:02:22.819Z, 214.31156659999996, 469.35201539999997
1714633342834, 2024-05-02T07:02:22.834Z, 218.63151079999997, 468.86099399999995
1714633342850, 2024-05-02T07:02:22.850Z, 229.0057658, 467.59645699999993
1714633342865, 2024-05-02T07:02:22.865Z, 216.75834679999997, 469.916231
1714633342881, 2024-05-02T07:02:22.881Z, 213.6459688, 469.64612959999994
1714633342897, 2024-05-02T07:02:22.897Z, 205.340311, 470.638962
1714633342920, 2024-05-02T07:02:22.920Z, 201.57386739999998, 471.7857242
1714633342935, 2024-05-02T07:02:22.935Z, 217.687716, 473.07548160000005
1714633342950, 2024-05-02T07:02:22.950Z, 241.9527204, 472.3718702
1714633342962, 2024-05-02T07:02:22.962Z, 257.9211182, 474.61457600000006
1714633342980, 2024-05-02T07:02:22.980Z, 283.08857639999997, 475.8917872
1714633342995, 2024-05-02T07:02:22.995Z, 285.90245319999997, 481.891157
1714633343008, 2024-05-02T07:02:23.008Z, 262.794941, 490.1855676
1714633343024, 2024-05-02T07:02:23.024Z, 254.866676, 497.2526274
1714633343040, 2024-05-02T07:02:23.040Z, 238.0458064, 504.9118482
1714633343070, 2024-05-02T07:02:23.070Z, 229.156648, 512.7709551999999
1714633343085, 2024-05-02T07:02:23.085Z, 225.6841828, 516.829716
1714633343099, 2024-05-02T07:02:23.099Z, 239.4877952, 516.5964768
1714633343114, 2024-05-02T07:02:23.114Z, 252.49152080000005, 516.4366854
1714633343130, 2024-05-02T07:02:23.130Z, 257.42494200000004, 517.5098474
1714633343145, 2024-05-02T07:02:23.145Z, 251.61501160000003, 517.9168907999999
1714633343161, 2024-05-02T07:02:23.161Z, 260.4725714, 515.9855101999999
1714633343177, 2024-05-02T07:02:23.177Z, 259.51953100000003, 513.8874841999999
1714633343193, 2024-05-02T07:02:23.193Z, 268.364424, 510.4166896
1714633343220, 2024-05-02T07:02:23.220Z, 286.6847554, 504.6131174
1714633343231, 2024-05-02T07:02:23.231Z, 306.08362520000003, 498.82104719999995
1714633343249, 2024-05-02T07:02:23.249Z, 331.213992, 492.876238
1714633343264, 2024-05-02T07:02:23.264Z, 355.6037482, 488.84995560000004
1714633343276, 2024-05-02T07:02:23.276Z, 366.4844804, 486.30437359999996
1714633343294, 2024-05-02T07:02:23.294Z, 383.676785, 482.9548882
1714633343309, 2024-05-02T07:02:23.309Z, 395.42774959999997, 480.15520719999995
1714633343321, 2024-05-02T07:02:23.321Z, 397.1405816, 478.71117919999995
1714633343339, 2024-05-02T07:02:23.339Z, 397.2830981999999, 476.958853
1714633343367, 2024-05-02T07:02:23.367Z, 396.6906472, 474.1572316
1714633343384, 2024-05-02T07:02:23.384Z, 396.10277080000003, 472.1716668
1714633343399, 2024-05-02T07:02:23.399Z, 396.5557724, 471.38195319999994
1714633343412, 2024-05-02T07:02:23.412Z, 397.69329039999997, 471.9040632
1714633343442, 2024-05-02T07:02:23.442Z, 399.1207104, 472.7017318
1714633343458, 2024-05-02T07:02:23.458Z, 400.80402300000003, 474.8371928
1714633343458, 2024-05-02T07:02:23.458Z, 402.40367920000006, 476.74600300000003
1714633343474, 2024-05-02T07:02:23.474Z, 402.89533240000003, 478.15794100000005
1714633343504, 2024-05-02T07:02:23.504Z, 403.0898222, 477.63532599999996
1714633343520, 2024-05-02T07:02:23.520Z, 403.3860778, 477.13431360000004
1714633343535, 2024-05-02T07:02:23.535Z, 394.76665540000005, 464.38360140000003
1714633343551, 2024-05-02T07:02:23.551Z, 385.00577580000004, 452.8405652
1714633343582, 2024-05-02T07:02:23.582Z, 374.8589668000001, 440.63166299999995
1714633343597, 2024-05-02T07:02:23.597Z, 363.774925, 429.3982164
1714633343613, 2024-05-02T07:02:23.613Z, 351.56928419999997, 418.83433640000004
1714633343628, 2024-05-02T07:02:23.628Z, 348.6298822, 421.0556176
1714633343643, 2024-05-02T07:02:23.643Z, 347.3446372, 422.29345720000003
1714633343669, 2024-05-02T07:02:23.669Z, 347.62981499999995, 423.65611880000006
1714633343680, 2024-05-02T07:02:23.680Z, 350.7673976, 426.1992462
1714633343697, 2024-05-02T07:02:23.697Z, 359.35650799999996, 432.180913
1714633343712, 2024-05-02T07:02:23.712Z, 367.43445439999994, 437.8257026
1714633343725, 2024-05-02T07:02:23.725Z, 375.16252080000004, 443.8539484
1714633343743, 2024-05-02T07:02:23.743Z, 382.54352880000005, 450.89123959999995
1714633343758, 2024-05-02T07:02:23.758Z, 387.85002640000005, 456.3529692
1714633343770, 2024-05-02T07:02:23.770Z, 389.9658484, 456.8464546
1714633343788, 2024-05-02T07:02:23.788Z, 392.16880440000006, 457.175251
1714633343816, 2024-05-02T07:02:23.816Z, 396.2506096000001, 458.97970100000003
1714633343835, 2024-05-02T07:02:23.835Z, 400.19269260000004, 460.4905122
1714633343848, 2024-05-02T07:02:23.848Z, 404.0734582, 462.3822854
1714633343862, 2024-05-02T07:02:23.862Z, 406.1809628, 465.65662199999997
1714633343878, 2024-05-02T07:02:23.878Z, 408.23719680000005, 469.0103268000001
1714633343893, 2024-05-02T07:02:23.893Z, 408.1742844, 470.41358460000004
1714633343909, 2024-05-02T07:02:23.909Z, 407.49200579999996, 470.92698800000005
1714633343924, 2024-05-02T07:02:23.924Z, 405.9154542, 474.32310240000004
1714633343940, 2024-05-02T07:02:23.940Z, 404.48838399999994, 478.53313720000006
1714633343969, 2024-05-02T07:02:23.969Z, 403.05413000000004, 483.72822940000003
1714633343983, 2024-05-02T07:02:23.983Z, 401.4650774, 489.4726694
1714633343995, 2024-05-02T07:02:23.995Z, 399.9057018, 495.9322834000001
1714633344013, 2024-05-02T07:02:24.013Z, 401.80453679999994, 495.1907476
1714633344028, 2024-05-02T07:02:24.028Z, 404.4330602, 492.882179
1714633344040, 2024-05-02T07:02:24.040Z, 407.36566760000005, 489.92469680000005
1714633344058, 2024-05-02T07:02:24.058Z, 410.997575, 486.4038238
1714633344073, 2024-05-02T07:02:24.073Z, 415.15438839999996, 482.0332466
1714633344085, 2024-05-02T07:02:24.085Z, 416.81706, 481.4423388
1714633344119, 2024-05-02T07:02:24.119Z, 418.4647696, 481.600683
1714633344132, 2024-05-02T07:02:24.132Z, 421.70570399999997, 481.2296434000001
1714633344148, 2024-05-02T07:02:24.148Z, 424.5106016, 480.65217920000003
1714633344163, 2024-05-02T07:02:24.163Z, 425.7262798, 480.27807599999994
1714633344175, 2024-05-02T07:02:24.175Z, 427.6988878, 480.62589820000005
1714633344193, 2024-05-02T07:02:24.193Z, 429.6703148, 480.5306704000001
1714633344208, 2024-05-02T07:02:24.208Z, 428.9999584, 479.557079
1714633344220, 2024-05-02T07:02:24.220Z, 427.3870456000001, 479.37695659999997
1714633344238, 2024-05-02T07:02:24.238Z, 426.0024858, 478.87008160000005
1714633344266, 2024-05-02T07:02:24.266Z, 423.6804978, 477.8770356
1714633344283, 2024-05-02T07:02:24.283Z, 420.7537684, 476.59616900000003
1714633344298, 2024-05-02T07:02:24.298Z, 419.61430540000003, 477.380289
1714633344313, 2024-05-02T07:02:24.313Z, 419.73719339999997, 478.71704179999995
1714633344328, 2024-05-02T07:02:24.328Z, 421.02537900000004, 481.98873100000003
1714633344344, 2024-05-02T07:02:24.344Z, 419.6673872, 488.7942958
1714633344359, 2024-05-02T07:02:24.359Z, 409.470436, 509.04038
1714633344375, 2024-05-02T07:02:24.375Z, 397.5924652, 528.9413688
1714633344391, 2024-05-02T07:02:24.391Z, 384.12992199999997, 548.6207238
1714633344425, 2024-05-02T07:02:24.425Z, 368.04645600000003, 569.7483205999999
1714633344439, 2024-05-02T07:02:24.439Z, 353.93525379999994, 587.132128
1714633344453, 2024-05-02T07:02:24.453Z, 349.483705, 590.842311
1714633344470, 2024-05-02T07:02:24.470Z, 345.6489702, 593.3160898
1714633344485, 2024-05-02T07:02:24.485Z, 344.04127139999997, 594.4547001999999
1714633344500, 2024-05-02T07:02:24.500Z, 345.7056276, 592.4486362
1714633344516, 2024-05-02T07:02:24.516Z, 347.4396568, 590.6227228
1714633344531, 2024-05-02T07:02:24.531Z, 348.42674339999996, 589.0925068
1714633344546, 2024-05-02T07:02:24.546Z, 348.29798280000006, 589.1392768
1714633344574, 2024-05-02T07:02:24.574Z, 346.5928496, 589.7683136
1714633344582, 2024-05-02T07:02:24.582Z, 343.582945, 590.689232
1714633344604, 2024-05-02T07:02:24.604Z, 340.8250676, 591.4222504
1714633344618, 2024-05-02T07:02:24.618Z, 335.70787740000003, 591.0067419999999
1714633344632, 2024-05-02T07:02:24.632Z, 331.07316840000004, 588.7371715999999
1714633344649, 2024-05-02T07:02:24.649Z, 326.56025040000003, 586.2072514
1714633344670, 2024-05-02T07:02:24.670Z, 322.3099254, 583.8355856000001
1714633344685, 2024-05-02T07:02:24.685Z, 318.397412, 582.3373666
1714633344713, 2024-05-02T07:02:24.713Z, 315.8724766, 582.434276
1714633344738, 2024-05-02T07:02:24.738Z, 312.60863340000003, 582.2749228
1714633344750, 2024-05-02T07:02:24.750Z, 309.2309248, 581.8439931999999
1714633344765, 2024-05-02T07:02:24.765Z, 304.81472740000004, 580.5380496
1714633344781, 2024-05-02T07:02:24.781Z, 299.4680288, 577.9042142000001
1714633344797, 2024-05-02T07:02:24.797Z, 291.22727599999996, 574.088969
1714633344812, 2024-05-02T07:02:24.812Z, 283.9305398, 570.8621966000001
1714633344830, 2024-05-02T07:02:24.830Z, 279.1601768, 569.1371756000001
1714633344845, 2024-05-02T07:02:24.845Z, 275.8384286, 568.5084816
1714633344877, 2024-05-02T07:02:24.877Z, 274.8670188, 569.1700536000001
1714633344891, 2024-05-02T07:02:24.891Z, 277.588109, 570.7171238
1714633344907, 2024-05-02T07:02:24.907Z, 281.406664, 572.7132822000001
1714633344922, 2024-05-02T07:02:24.922Z, 282.035254, 573.2654124
1714633344937, 2024-05-02T07:02:24.937Z, 281.4487616, 572.749029
1714633344952, 2024-05-02T07:02:24.952Z, 279.85462479999995, 572.0508086
1714633344968, 2024-05-02T07:02:24.968Z, 278.9706056, 570.9982990000001
1714633344983, 2024-05-02T07:02:24.983Z, 277.893904, 569.1624102
1714633344999, 2024-05-02T07:02:24.999Z, 278.37315580000006, 566.1647242
1714633345021, 2024-05-02T07:02:25.021Z, 279.02915020000006, 562.9495651999999
1714633345031, 2024-05-02T07:02:25.031Z, 279.7029476, 559.0939956
1714633345053, 2024-05-02T07:02:25.053Z, 299.7037698, 557.7386348
1714633345064, 2024-05-02T07:02:25.064Z, 320.23703880000005, 556.9650530000001
1714633345078, 2024-05-02T07:02:25.078Z, 351.645626, 558.1183872
1714633345094, 2024-05-02T07:02:25.094Z, 392.301595, 561.0383400000001
1714633345110, 2024-05-02T07:02:25.110Z, 432.378647, 563.66832
1714633345123, 2024-05-02T07:02:25.123Z, 453.2296136, 564.5673238
1714633345139, 2024-05-02T07:02:25.139Z, 473.20147, 565.3389294
1714633345167, 2024-05-02T07:02:25.167Z, 481.87666520000005, 565.9297692
1714633345184, 2024-05-02T07:02:25.184Z, 481.6050844, 567.2301486
1714633345199, 2024-05-02T07:02:25.199Z, 481.26283399999994, 569.3018076000001
1714633345211, 2024-05-02T07:02:25.211Z, 479.9847226, 569.9566268000001
1714633345229, 2024-05-02T07:02:25.229Z, 478.37393059999994, 569.4430841999999
1714633345243, 2024-05-02T07:02:25.243Z, 477.1283158, 567.5996754
1714633345256, 2024-05-02T07:02:25.256Z, 476.37548200000003, 564.6592568
1714633345274, 2024-05-02T07:02:25.274Z, 475.9628352000001, 561.3319006
1714633345289, 2024-05-02T07:02:25.289Z, 476.69737079999993, 559.7054648000001
1714633345320, 2024-05-02T07:02:25.320Z, 478.77500899999995, 560.9849238
1714633345334, 2024-05-02T07:02:25.334Z, 480.77056860000005, 563.2696244000001
1714633345346, 2024-05-02T07:02:25.346Z, 482.9252216, 565.3689756000001
1714633345364, 2024-05-02T07:02:25.364Z, 486.63067280000007, 567.1272526
1714633345379, 2024-05-02T07:02:25.379Z, 493.79172660000006, 567.241062
1714633345391, 2024-05-02T07:02:25.391Z, 502.9351034, 564.5390414000001
1714633345409, 2024-05-02T07:02:25.409Z, 514.1101044000001, 563.0302632
1714633345424, 2024-05-02T07:02:25.424Z, 525.2807646000001, 561.23229
1714633345436, 2024-05-02T07:02:25.436Z, 535.3252648, 560.1670478
1714633345470, 2024-05-02T07:02:25.470Z, 542.3621730000001, 560.0748346
1714633345481, 2024-05-02T07:02:25.481Z, 546.8144507999999, 560.4463516
1714633345504, 2024-05-02T07:02:25.504Z, 549.434705, 560.092535
1714633345528, 2024-05-02T07:02:25.528Z, 551.7135234, 560.0589686000001
1714633345544, 2024-05-02T07:02:25.544Z, 576.0435784, 523.1096464
1714633345559, 2024-05-02T07:02:25.559Z, 598.034978, 488.041241
1714633345574, 2024-05-02T07:02:25.574Z, 610.3919026000001, 467.50195600000006
1714633345590, 2024-05-02T07:02:25.590Z, 615.967076, 453.761661
1714633345617, 2024-05-02T07:02:25.617Z, 614.5718174, 448.29920899999996
1714633345634, 2024-05-02T07:02:25.634Z, 589.249103, 480.41845279999995
1714633345649, 2024-05-02T07:02:25.649Z, 564.717898, 511.06633819999996
1714633345661, 2024-05-02T07:02:25.661Z, 549.294247, 528.0379334
1714633345679, 2024-05-02T07:02:25.679Z, 540.2927702, 537.5210031999999
1714633345694, 2024-05-02T07:02:25.694Z, 538.4502638, 538.5345272
1714633345706, 2024-05-02T07:02:25.706Z, 537.9978758, 538.7482499999999
1714633345724, 2024-05-02T07:02:25.724Z, 537.8025818, 538.8421071999999
1714633345739, 2024-05-02T07:02:25.739Z, 537.411215, 539.3216633999999
1714633345769, 2024-05-02T07:02:25.769Z, 533.7647806, 541.8530458
1714633345784, 2024-05-02T07:02:25.784Z, 529.5393548, 545.2318754
1714633345796, 2024-05-02T07:02:25.796Z, 524.2496134, 548.3824644
1714633345814, 2024-05-02T07:02:25.814Z, 516.8907320000001, 552.031471
1714633345829, 2024-05-02T07:02:25.829Z, 508.5123366000001, 556.3646000000001
1714633345841, 2024-05-02T07:02:25.841Z, 503.35502779999996, 560.1589852000001
1714633345861, 2024-05-02T07:02:25.861Z, 498.40702359999995, 564.1140767999999
1714633345880, 2024-05-02T07:02:25.880Z, 494.5202192, 568.0288914
1714633345892, 2024-05-02T07:02:25.892Z, 492.3450256, 570.9782444
1714633345927, 2024-05-02T07:02:25.927Z, 491.2540008, 572.2955186
1714633345936, 2024-05-02T07:02:25.936Z, 490.2065864, 572.0701812
1714633345951, 2024-05-02T07:02:25.951Z, 489.00416299999995, 570.4037973999999
1714633345966, 2024-05-02T07:02:25.966Z, 489.18152260000005, 568.2037568
1714633345980, 2024-05-02T07:02:25.980Z, 490.22505219999994, 565.9841438
1714633345996, 2024-05-02T07:02:25.996Z, 492.4222444, 563.7886866000001
1714633346027, 2024-05-02T07:02:26.027Z, 492.342713, 562.542857
1714633346068, 2024-05-02T07:02:26.068Z, 482.76497420000004, 562.1680402
1714633346111, 2024-05-02T07:02:26.111Z, 466.1553586, 561.7954477999999
1714633346156, 2024-05-02T07:02:26.156Z, 412.3609176, 561.6696417999999
1714633346174, 2024-05-02T07:02:26.174Z, 358.3305378, 562.5826006
1714633346194, 2024-05-02T07:02:26.194Z, 308.72993119999995, 564.3269651999999
1714633346224, 2024-05-02T07:02:26.224Z, 268.4605228, 565.2590452
1714633346239, 2024-05-02T07:02:26.239Z, 235.05998720000002, 567.5007428
1714633346249, 2024-05-02T07:02:26.249Z, 242.37801439999998, 569.2301844
1714633346266, 2024-05-02T07:02:26.266Z, 257.4897994, 570.7767835999999
1714633346281, 2024-05-02T07:02:26.281Z, 273.9415358, 573.7916018
1714633346293, 2024-05-02T07:02:26.293Z, 291.7923398, 577.4451914
1714633346313, 2024-05-02T07:02:26.313Z, 309.37267660000003, 581.0923059999999
1714633346326, 2024-05-02T07:02:26.326Z, 324.0614076, 584.8480714
1714633346338, 2024-05-02T07:02:26.338Z, 332.29270720000005, 588.6991706
1714633346372, 2024-05-02T07:02:26.372Z, 338.0783944, 590.322584
1714633346401, 2024-05-02T07:02:26.401Z, 340.94315399999994, 586.0122015999999
1714633346416, 2024-05-02T07:02:26.416Z, 344.59443899999997, 580.7309656000001
1714633346431, 2024-05-02T07:02:26.431Z, 339.4450154, 559.0491662000001
1714633346447, 2024-05-02T07:02:26.447Z, 329.6329056, 529.8028634
1714633346463, 2024-05-02T07:02:26.463Z, 318.03780279999995, 498.67272080000004
1714633346478, 2024-05-02T07:02:26.478Z, 307.23132799999996, 471.47292699999997
1714633346494, 2024-05-02T07:02:26.494Z, 294.7005308, 443.46314759999996
1714633346518, 2024-05-02T07:02:26.518Z, 288.9339402, 430.7021698
1714633346534, 2024-05-02T07:02:26.534Z, 285.5805988, 425.57904879999995
1714633346549, 2024-05-02T07:02:26.549Z, 282.1354632, 422.232473
1714633346561, 2024-05-02T07:02:26.561Z, 279.82185719999995, 420.72954279999993
1714633346578, 2024-05-02T07:02:26.578Z, 276.9228776, 419.10379140000003
1714633346594, 2024-05-02T07:02:26.594Z, 275.2041046, 419.2207376
1714633346606, 2024-05-02T07:02:26.606Z, 274.3467360000001, 417.71138179999997
1714633346624, 2024-05-02T07:02:26.624Z, 274.2017158, 415.6524488
1714633346677, 2024-05-02T07:02:26.677Z, 275.1038836, 413.4726184
1714633346701, 2024-05-02T07:02:26.701Z, 275.4990918, 413.1433352
1714633346720, 2024-05-02T07:02:26.720Z, 275.0369164, 412.32852239999994
1714633346742, 2024-05-02T07:02:26.742Z, 272.57237619999995, 412.990553
1714633346766, 2024-05-02T07:02:26.766Z, 268.33440299999995, 413.7318372
1714633346779, 2024-05-02T07:02:26.779Z, 261.81967139999995, 414.23288
1714633346789, 2024-05-02T07:02:26.789Z, 258.56819, 413.32307860000003
1714633346825, 2024-05-02T07:02:26.825Z, 256.8907486, 411.68620119999997
1714633346836, 2024-05-02T07:02:26.836Z, 256.459065, 409.3428402
1714633346852, 2024-05-02T07:02:26.852Z, 258.76645879999995, 405.902155
1714633346882, 2024-05-02T07:02:26.882Z, 262.3354836, 396.56922360000004
1714633346898, 2024-05-02T07:02:26.898Z, 263.3431724, 383.89361859999997
1714633346913, 2024-05-02T07:02:26.913Z, 266.0731552, 373.86264739999996
1714633346929, 2024-05-02T07:02:26.929Z, 268.9334172, 363.76738739999996
1714633346944, 2024-05-02T07:02:26.944Z, 269.5488216, 353.2694856
1714633346967, 2024-05-02T07:02:26.967Z, 271.4450978, 350.197009
1714633346986, 2024-05-02T07:02:26.986Z, 275.3068336, 353.06073639999994
1714633347001, 2024-05-02T07:02:27.001Z, 276.4722866, 353.87149339999996
1714633347011, 2024-05-02T07:02:27.011Z, 277.5065004, 354.638937
1714633347046, 2024-05-02T07:02:27.046Z, 279.38125479999997, 356.31264300000004
1714633347058, 2024-05-02T07:02:27.058Z, 279.8333616, 355.98602220000004
1714633347076, 2024-05-02T07:02:27.076Z, 279.4372888, 353.27138260000004
1714633347091, 2024-05-02T07:02:27.091Z, 279.1904632, 350.94269560000004
1714633347126, 2024-05-02T07:02:27.126Z, 282.0894844, 348.84828080000005
1714633347136, 2024-05-02T07:02:27.136Z, 286.7036574, 347.571593
1714633347146, 2024-05-02T07:02:27.146Z, 291.926965, 347.3943468
1714633347181, 2024-05-02T07:02:27.181Z, 299.163728, 351.20502300000004
1714633347193, 2024-05-02T07:02:27.193Z, 307.0375338, 355.56157300000007
1714633347209, 2024-05-02T07:02:27.209Z, 314.0665876, 360.5529762
1714633347225, 2024-05-02T07:02:27.225Z, 320.1075502, 365.4945606
1714633347241, 2024-05-02T07:02:27.241Z, 325.622397, 369.1805376
1714633347255, 2024-05-02T07:02:27.255Z, 328.46241399999997, 369.9015786
1714633347271, 2024-05-02T07:02:27.271Z, 330.6514456, 369.773731
1714633347286, 2024-05-02T07:02:27.286Z, 330.63939819999996, 369.3455068
1714633347302, 2024-05-02T07:02:27.302Z, 329.8701062, 368.2079112
1714633347318, 2024-05-02T07:02:27.318Z, 328.69535740000003, 368.0784432
1714633347334, 2024-05-02T07:02:27.334Z, 326.5122342, 367.1399306
1714633347349, 2024-05-02T07:02:27.349Z, 324.23355380000004, 365.9728188
1714633347364, 2024-05-02T07:02:27.364Z, 322.70658960000003, 364.334724
1714633347395, 2024-05-02T07:02:27.395Z, 322.37455420000003, 365.38565260000007
1714633347417, 2024-05-02T07:02:27.417Z, 321.97576399999997, 369.05426940000007
1714633347450, 2024-05-02T07:02:27.450Z, 321.4787564, 375.5864984
1714633347461, 2024-05-02T07:02:27.461Z, 313.51693439999997, 401.5392046
1714633347495, 2024-05-02T07:02:27.495Z, 302.4353334, 433.54674320000004
1714633347506, 2024-05-02T07:02:27.506Z, 293.0369094, 457.9667998
1714633347545, 2024-05-02T07:02:27.545Z, 281.1246178, 492.99757220000004
1714633347579, 2024-05-02T07:02:27.579Z, 273.1666268, 517.035721
1714633347596, 2024-05-02T07:02:27.596Z, 272.28212240000005, 524.3183670000001
1714633347611, 2024-05-02T07:02:27.611Z, 273.8891898, 529.1295984000001
1714633347626, 2024-05-02T07:02:27.626Z, 272.2412696, 541.1996068000001
1714633347642, 2024-05-02T07:02:27.642Z, 274.4560246, 540.060794
1714633347658, 2024-05-02T07:02:27.658Z, 274.7770972, 547.5792426
1714633347674, 2024-05-02T07:02:27.674Z, 276.222552, 553.5831618
1714633347689, 2024-05-02T07:02:27.689Z, 279.0153018, 558.229208
1714633347722, 2024-05-02T07:02:27.722Z, 282.868792, 563.5352929999999
1714633347736, 2024-05-02T07:02:27.736Z, 284.696182, 569.3940204
1714633347752, 2024-05-02T07:02:27.752Z, 282.432847, 576.2362544
1714633347767, 2024-05-02T07:02:27.767Z, 279.46375520000004, 582.5190142
1714633347783, 2024-05-02T07:02:27.783Z, 274.9557418, 586.9597604
1714633347798, 2024-05-02T07:02:27.798Z, 270.7306704, 590.5656028000001
1714633347814, 2024-05-02T07:02:27.814Z, 268.069434, 593.5396342000001
1714633347829, 2024-05-02T07:02:27.829Z, 266.8864098, 593.1584038
1714633347845, 2024-05-02T07:02:27.845Z, 265.8757708, 592.5957367999999
1714633347868, 2024-05-02T07:02:27.868Z, 267.4308202, 591.4063622
1714633347886, 2024-05-02T07:02:27.886Z, 269.2244558, 588.2729514
1714633347901, 2024-05-02T07:02:27.901Z, 273.04453739999997, 585.4006899999999
1714633347912, 2024-05-02T07:02:27.912Z, 288.56804760000006, 586.0372934000001
1714633347931, 2024-05-02T07:02:27.931Z, 309.3544202, 587.2133908
1714633347946, 2024-05-02T07:02:27.946Z, 331.150069, 588.9113032
1714633347957, 2024-05-02T07:02:27.957Z, 351.1591696, 590.3500348
1714633347976, 2024-05-02T07:02:27.976Z, 368.6489208, 591.2604778
1714633347991, 2024-05-02T07:02:27.991Z, 375.8807008, 590.8658866
1714633348026, 2024-05-02T07:02:28.026Z, 377.5893932, 589.5183153999999
1714633348042, 2024-05-02T07:02:28.042Z, 375.93083659999996, 588.0717144
1714633348048, 2024-05-02T07:02:28.048Z, 375.40759280000003, 587.2663686
1714633348066, 2024-05-02T07:02:28.066Z, 376.96203180000003, 587.5609953999999
1714633348081, 2024-05-02T07:02:28.081Z, 380.6589812, 588.9001852
1714633348094, 2024-05-02T07:02:28.094Z, 384.978963, 590.6686576
1714633348111, 2024-05-02T07:02:28.111Z, 394.7381036, 591.3957717999999
1714633348126, 2024-05-02T07:02:28.126Z, 406.1510582, 591.2387244
1714633348141, 2024-05-02T07:02:28.141Z, 418.2079758, 589.2055102
1714633348175, 2024-05-02T07:02:28.175Z, 434.94033559999997, 584.2583724000001
1714633348188, 2024-05-02T07:02:28.188Z, 450.85316299999994, 579.2709609999999
1714633348203, 2024-05-02T07:02:28.203Z, 461.59968419999996, 575.362349
1714633348218, 2024-05-02T07:02:28.218Z, 470.67235300000004, 571.7773022000001
1714633348234, 2024-05-02T07:02:28.234Z, 477.35894500000006, 569.1499726000001
1714633348251, 2024-05-02T07:02:28.251Z, 477.50542340000004, 568.6683888
1714633348266, 2024-05-02T07:02:28.266Z, 478.75592720000003, 568.2538139999999
1714633348282, 2024-05-02T07:02:28.282Z, 479.71475359999994, 567.7884968000001
1714633348297, 2024-05-02T07:02:28.297Z, 484.217573, 564.2494979999999
1714633348318, 2024-05-02T07:02:28.318Z, 510.0440462, 566.4896662
1714633348340, 2024-05-02T07:02:28.340Z, 538.9831900000001, 569.3551298
1714633348351, 2024-05-02T07:02:28.351Z, 571.6232714, 571.6712426
1714633348362, 2024-05-02T07:02:28.362Z, 604.6601469999999, 574.1188135999998
1714633348386, 2024-05-02T07:02:28.386Z, 638.5387852, 580.3142873999999
1714633348402, 2024-05-02T07:02:28.402Z, 651.8116746, 582.5919294
1714633348408, 2024-05-02T07:02:28.408Z, 662.7803059999999, 584.9649028
1714633348426, 2024-05-02T07:02:28.426Z, 669.4177198, 587.9342418
1714633348441, 2024-05-02T07:02:28.441Z, 675.6900113999999, 590.6483512000001
1714633348472, 2024-05-02T07:02:28.472Z, 677.6642338, 592.9715924
1714633348486, 2024-05-02T07:02:28.486Z, 678.2915488000001, 591.4771752
1714633348501, 2024-05-02T07:02:28.501Z, 677.8029078, 589.093953
1714633348516, 2024-05-02T07:02:28.516Z, 674.9215774, 585.0449335999999
1714633348531, 2024-05-02T07:02:28.531Z, 663.2935030000001, 582.1445322
1714633348547, 2024-05-02T07:02:28.547Z, 648.8981402000001, 579.4900558
1714633348562, 2024-05-02T07:02:28.562Z, 633.7547378, 579.3142621999999
1714633348577, 2024-05-02T07:02:28.577Z, 617.0612886000001, 579.3287217999999
1714633348592, 2024-05-02T07:02:28.592Z, 601.5148482000001, 581.291798
1714633348709, 2024-05-02T07:02:28.709Z, 590.1322094, 573.7085758
1714633348740, 2024-05-02T07:02:28.740Z, 579.387423, 562.3674218
1714633348784, 2024-05-02T07:02:28.784Z, 593.9764048, 561.6963538
1714633348799, 2024-05-02T07:02:28.799Z, 620.975841, 561.7684152
1714633348811, 2024-05-02T07:02:28.811Z, 651.2094678, 563.6291183999999
1714633348842, 2024-05-02T07:02:28.842Z, 687.5100718, 574.8895208
1714633348858, 2024-05-02T07:02:28.858Z, 726.598524, 590.9077976
1714633348874, 2024-05-02T07:02:28.874Z, 740.6677483999999, 593.1972559999999
1714633348889, 2024-05-02T07:02:28.889Z, 742.754756, 594.1796482
1714633348920, 2024-05-02T07:02:28.920Z, 742.5942662, 591.6098836
1714633348936, 2024-05-02T07:02:28.936Z, 738.1780071999999, 580.1455131999999
1714633348951, 2024-05-02T07:02:28.951Z, 732.2545334, 566.777347
1714633348967, 2024-05-02T07:02:28.967Z, 726.7265007999999, 555.0431348
1714633348982, 2024-05-02T07:02:28.982Z, 725.4993482, 546.1052916000001
1714633348998, 2024-05-02T07:02:28.998Z, 725.1106980000001, 536.9560282
1714633349028, 2024-05-02T07:02:29.028Z, 728.6251286, 535.5331982
1714633349070, 2024-05-02T07:02:29.070Z, 758.4739232, 525.7673634
1714633349114, 2024-05-02T07:02:29.114Z, 817.3130716, 508.4932626
1714633349159, 2024-05-02T07:02:29.159Z, 937.7399868, 475.3560676
1714633349217, 2024-05-02T07:02:29.217Z, 1047.507206, 444.344593
1714633349248, 2024-05-02T07:02:29.248Z, 1151.7982568, 408.24301260000004
1714633349263, 2024-05-02T07:02:29.263Z, 1228.2341860000001, 380.031431
1714633349295, 2024-05-02T07:02:29.295Z, 1275.4716798, 366.1477418
1714633349311, 2024-05-02T07:02:29.311Z, 1258.2675798, 361.25013
1714633349343, 2024-05-02T07:02:29.343Z, 1250.5562983999998, 356.201059
1714633349384, 2024-05-02T07:02:29.384Z, 1295.3896114000001, 344.229798
1714633349429, 2024-05-02T07:02:29.429Z, 1337.099185, 358.70761359999995
1714633349458, 2024-05-02T07:02:29.458Z, 1383.4513298000002, 360.23708619999996
1714633349473, 2024-05-02T07:02:29.473Z, 1422.711992, 375.6082798
1714633349549, 2024-05-02T07:02:29.549Z, 1474.7098752000002, 365.7590138
1714633349563, 2024-05-02T07:02:29.563Z, 1476.9794936, 367.8700384
1714633349594, 2024-05-02T07:02:29.594Z, 1477.8389246, 347.12538340000003
1714633349611, 2024-05-02T07:02:29.611Z, 1473.025941, 335.7583116
1714633349641, 2024-05-02T07:02:29.641Z, 1474.2365834, 316.1843368
1714633349688, 2024-05-02T07:02:29.688Z, 1456.864533, 320.7715688
1714633349704, 2024-05-02T07:02:29.704Z, 1430.6181451999998, 326.16535480000005
1714633349746, 2024-05-02T07:02:29.746Z, 1408.3612512, 328.65154799999993
1714633349762, 2024-05-02T07:02:29.762Z, 1387.590635, 327.79892540000003
1714633349793, 2024-05-02T07:02:29.793Z, 1367.2527918, 323.7917708
1714633349809, 2024-05-02T07:02:29.809Z, 1354.7362994, 319.1499488
1714633349825, 2024-05-02T07:02:29.825Z, 1351.8700450000001, 313.9963826
1714633349840, 2024-05-02T07:02:29.840Z, 1333.5779858, 310.037647
1714633349872, 2024-05-02T07:02:29.872Z, 1318.0376734, 306.9373524
1714633349888, 2024-05-02T07:02:29.888Z, 1312.0544396, 304.5747684
1714633349903, 2024-05-02T07:02:29.903Z, 1297.7140552, 304.0324974
1714633349918, 2024-05-02T07:02:29.918Z, 1289.1262068, 302.6387106
1714633349934, 2024-05-02T07:02:29.934Z, 1302.7528678, 300.1809334000001
1714633349949, 2024-05-02T07:02:29.949Z, 1312.7645865999998, 298.2895138
1714633349972, 2024-05-02T07:02:29.972Z, 1316.6041164, 296.7753628
1714633350000, 2024-05-02T07:02:30.000Z, 1318.32207, 295.256704
1714633350016, 2024-05-02T07:02:30.016Z, 1315.3858083999999, 294.9716848
1714633350046, 2024-05-02T07:02:30.046Z, 1301.1541494, 294.8839414
1714633350061, 2024-05-02T07:02:30.061Z, 1298.7761587999998, 293.7398238
1714633350092, 2024-05-02T07:02:30.092Z, 1303.27922, 292.67042499999997
1714633350135, 2024-05-02T07:02:30.135Z, 1317.5514136, 290.8887384
1714633350149, 2024-05-02T07:02:30.149Z, 1332.3545208, 288.3143606
1714633350161, 2024-05-02T07:02:30.161Z, 1354.7184214000001, 285.83755080000003
1714633350178, 2024-05-02T07:02:30.178Z, 1366.7412018, 283.0626208
1714633350194, 2024-05-02T07:02:30.194Z, 1368.576853, 281.19877540000005
1714633350224, 2024-05-02T07:02:30.224Z, 1369.6429824000002, 280.47150960000005
1714633350239, 2024-05-02T07:02:30.239Z, 1381.5597288, 279.7004334
1714633350270, 2024-05-02T07:02:30.270Z, 1406.6727281999997, 283.9387504
1714633350284, 2024-05-02T07:02:30.284Z, 1435.635212, 290.2348148
1714633350297, 2024-05-02T07:02:30.297Z, 1457.6001723999998, 294.0238262
1714633350313, 2024-05-02T07:02:30.313Z, 1479.623806, 299.6674098
1714633350333, 2024-05-02T07:02:30.333Z, 1496.4922134, 307.95503800000006
1714633350360, 2024-05-02T07:02:30.360Z, 1489.845132, 310.828044
1714633350374, 2024-05-02T07:02:30.374Z, 1480.8897172000002, 311.2611986
1714633350389, 2024-05-02T07:02:30.389Z, 1482.3361428, 313.687186
1714633350422, 2024-05-02T07:02:30.422Z, 1475.1475465999997, 310.1038822
1714633350451, 2024-05-02T07:02:30.451Z, 1452.5711012, 302.2103776
1714633350466, 2024-05-02T07:02:30.466Z, 1437.0331959999999, 294.3502126
1714633350497, 2024-05-02T07:02:30.497Z, 1415.7240947999999, 288.3485412
1714633350512, 2024-05-02T07:02:30.512Z, 1392.3643101999999, 285.2298312
1714633350544, 2024-05-02T07:02:30.544Z, 1377.128054, 284.9686622
1714633350585, 2024-05-02T07:02:30.585Z, 1368.6812212, 286.293007
1714633350600, 2024-05-02T07:02:30.600Z, 1358.3757629999998, 287.00633419999997
1714633350630, 2024-05-02T07:02:30.630Z, 1350.4693946, 287.8761612
1714633350645, 2024-05-02T07:02:30.645Z, 1343.7536329999998, 289.62660739999995
1714633350674, 2024-05-02T07:02:30.674Z, 1336.1552952, 291.727134
1714633350690, 2024-05-02T07:02:30.690Z, 1315.9818738, 293.437664
1714633350720, 2024-05-02T07:02:30.720Z, 1299.1298692, 295.0723282
1714633350735, 2024-05-02T07:02:30.735Z, 1295.0589742, 295.0148406
1714633350764, 2024-05-02T07:02:30.764Z, 1299.267401, 290.25958
1714633350780, 2024-05-02T07:02:30.780Z, 1304.799387, 285.02383519999995
1714633350813, 2024-05-02T07:02:30.813Z, 1325.5633626, 280.1992362
1714633350825, 2024-05-02T07:02:30.825Z, 1347.8883866, 278.5347986
1714633350871, 2024-05-02T07:02:30.871Z, 1359.9301982, 278.96777280000003
1714633350885, 2024-05-02T07:02:30.885Z, 1361.5136126, 280.84749339999996
1714633350900, 2024-05-02T07:02:30.900Z, 1366.0106289999999, 283.66748
1714633350916, 2024-05-02T07:02:30.916Z, 1396.8020084, 288.4808168
1714633350931, 2024-05-02T07:02:30.931Z, 1425.816042, 292.062216
1714633350962, 2024-05-02T07:02:30.962Z, 1452.3125188, 294.69135900000003
1714633350978, 2024-05-02T07:02:30.978Z, 1470.061511, 298.2404192
1714633351035, 2024-05-02T07:02:31.035Z, 1488.8372588, 300.0193528
1714633351049, 2024-05-02T07:02:31.049Z, 1506.3911902, 292.97969559999996
1714633351062, 2024-05-02T07:02:31.062Z, 1519.3206544, 286.3241306
1714633351079, 2024-05-02T07:02:31.079Z, 1531.9821256, 281.1077716
1714633351095, 2024-05-02T07:02:31.095Z, 1557.9800668, 274.5349692
1714633351107, 2024-05-02T07:02:31.107Z, 1562.273161, 273.12760199999997
1714633351124, 2024-05-02T07:02:31.124Z, 1548.5668104000001, 279.7444216
1714633351139, 2024-05-02T07:02:31.139Z, 1547.5366096000002, 285.88555740000004
1714633351172, 2024-05-02T07:02:31.172Z, 1548.7295712, 291.18076399999995
1714633351184, 2024-05-02T07:02:31.184Z, 1550.1902002, 297.6919124
1714633351197, 2024-05-02T07:02:31.197Z, 1559.6448937999999, 307.16555819999996
1714633351214, 2024-05-02T07:02:31.214Z, 1563.962161, 316.811704
1714633351229, 2024-05-02T07:02:31.229Z, 1567.0633750000002, 324.95405139999997
1714633351245, 2024-05-02T07:02:31.245Z, 1570.1020322, 331.8661478
1714633351276, 2024-05-02T07:02:31.276Z, 1568.9079768000001, 337.621659
1714633351291, 2024-05-02T07:02:31.291Z, 1570.9656106, 339.5124378
1714633351320, 2024-05-02T07:02:31.320Z, 1560.5101, 345.6117882
1714633351331, 2024-05-02T07:02:31.331Z, 1535.3675466, 354.830268
1714633351348, 2024-05-02T07:02:31.348Z, 1487.4084162, 367.4214866
1714633351364, 2024-05-02T07:02:31.364Z, 1443.6215736000001, 377.53295820000005
1714633351379, 2024-05-02T07:02:31.379Z, 1384.3182664, 396.6234982
1714633351402, 2024-05-02T07:02:31.402Z, 1343.6715308000003, 406.40689299999997
1714633351417, 2024-05-02T07:02:31.417Z, 1319.3784532000002, 410.51728860000003
1714633351433, 2024-05-02T07:02:31.433Z, 1310.05645, 413.34820500000006
1714633351449, 2024-05-02T07:02:31.449Z, 1297.0934427999998, 420.46639919999996
1714633351467, 2024-05-02T07:02:31.467Z, 1298.2507321999997, 412.5813896000001
1714633351483, 2024-05-02T07:02:31.483Z, 1284.9234732, 411.57090980000004
1714633351503, 2024-05-02T07:02:31.503Z, 1268.9998197999998, 413.3261291999999
1714633351512, 2024-05-02T07:02:31.512Z, 1266.6342602, 415.4886877999999
1714633351529, 2024-05-02T07:02:31.529Z, 1264.0186589999998, 417.0525506
1714633351547, 2024-05-02T07:02:31.547Z, 1275.1091325999998, 421.12834039999996
1714633351560, 2024-05-02T07:02:31.560Z, 1284.5837118, 425.8268818
1714633351590, 2024-05-02T07:02:31.590Z, 1287.9080748, 432.1437326
1714633351605, 2024-05-02T07:02:31.605Z, 1291.3419483999999, 435.1122856
1714633351623, 2024-05-02T07:02:31.623Z, 1295.8187661999998, 436.425706
1714633351638, 2024-05-02T07:02:31.638Z, 1295.8733177999998, 437.0433922
1714633351652, 2024-05-02T07:02:31.652Z, 1293.8454047999999, 438.81090159999997
1714633351667, 2024-05-02T07:02:31.667Z, 1295.0917134, 439.0529106
1714633351682, 2024-05-02T07:02:31.682Z, 1297.0314022, 439.10939040000005
1714633351698, 2024-05-02T07:02:31.698Z, 1288.3314163999999, 444.20485879999995
1714633351713, 2024-05-02T07:02:31.713Z, 1282.1069334000001, 449.35677780000003
1714633351728, 2024-05-02T07:02:31.728Z, 1289.6805835999999, 448.383645
1714633351744, 2024-05-02T07:02:31.744Z, 1291.2072895999997, 449.7777278
1714633351771, 2024-05-02T07:02:31.771Z, 1285.4032108, 453.1531608
1714633351782, 2024-05-02T07:02:31.782Z, 1284.2353686000001, 453.3550652
1714633351799, 2024-05-02T07:02:31.799Z, 1287.5170308000002, 450.9140168
1714633351814, 2024-05-02T07:02:31.814Z, 1288.2241603999998, 449.4511188
1714633351827, 2024-05-02T07:02:31.827Z, 1286.3850346, 449.41220999999996
1714633351845, 2024-05-02T07:02:31.845Z, 1291.3715904, 446.04090780000007
1714633351860, 2024-05-02T07:02:31.860Z, 1303.119744, 440.4905296
1714633351872, 2024-05-02T07:02:31.872Z, 1309.9560974, 437.9808814
1714633351890, 2024-05-02T07:02:31.890Z, 1319.9041148000001, 435.10647900000004
1714633351918, 2024-05-02T07:02:31.918Z, 1338.3632306, 429.84694659999997
1714633351935, 2024-05-02T07:02:31.935Z, 1350.8123164, 427.47465759999994
1714633351949, 2024-05-02T07:02:31.949Z, 1360.5354222, 426.2095802
1714633351962, 2024-05-02T07:02:31.962Z, 1368.5650110000001, 419.12111540000006
1714633351979, 2024-05-02T07:02:31.979Z, 1389.6994496, 413.3421224
1714633351995, 2024-05-02T07:02:31.995Z, 1401.815963, 406.19843860000003
1714633352009, 2024-05-02T07:02:32.009Z, 1416.2315942, 399.7808276
1714633352026, 2024-05-02T07:02:32.026Z, 1426.7205578, 394.247612
1714633352041, 2024-05-02T07:02:32.041Z, 1428.0933413999999, 397.2657764
1714633352071, 2024-05-02T07:02:32.071Z, 1406.9397195999998, 403.44318719999995
1714633352087, 2024-05-02T07:02:32.087Z, 1392.5036048, 411.87918520000005
1714633352102, 2024-05-02T07:02:32.102Z, 1375.6652193999998, 419.4210403999999
1714633352118, 2024-05-02T07:02:32.118Z, 1362.7338712, 426.0579156
1714633352134, 2024-05-02T07:02:32.134Z, 1357.1321988000002, 430.88495
1714633352149, 2024-05-02T07:02:32.149Z, 1355.9280074, 434.01933360000004
1714633352164, 2024-05-02T07:02:32.164Z, 1356.2645707999998, 435.4416582
1714633352180, 2024-05-02T07:02:32.180Z, 1355.6720540000001, 436.58126460000005
1714633352196, 2024-05-02T07:02:32.196Z, 1354.8500046, 436.7406152
1714633352225, 2024-05-02T07:02:32.225Z, 1353.5759653999999, 436.0088812
1714633352234, 2024-05-02T07:02:32.234Z, 1352.6682874, 434.6977468
1714633352250, 2024-05-02T07:02:32.250Z, 1351.042706, 431.5332942
1714633352265, 2024-05-02T07:02:32.265Z, 1350.4866594, 426.74493679999995
1714633352281, 2024-05-02T07:02:32.281Z, 1350.7075868, 423.0984554
1714633352295, 2024-05-02T07:02:32.295Z, 1351.7581076000001, 422.16302379999996
1714633352311, 2024-05-02T07:02:32.311Z, 1350.3488364, 421.4165014
1714633352322, 2024-05-02T07:02:32.322Z, 1346.3403826, 423.7631122000001
1714633352340, 2024-05-02T07:02:32.340Z, 1342.8340994, 428.2740466
1714633352368, 2024-05-02T07:02:32.368Z, 1335.1829721999998, 434.2907548
1714633352389, 2024-05-02T07:02:32.389Z, 1322.0136638, 440.87985819999994
1714633352414, 2024-05-02T07:02:32.414Z, 1302.957252, 449.08225459999994
1714633352431, 2024-05-02T07:02:32.431Z, 1281.1216128, 457.1982786
1714633352446, 2024-05-02T07:02:32.446Z, 1257.0011848, 468.272512
1714633352461, 2024-05-02T07:02:32.461Z, 1236.3193720000002, 477.98646260000004
1714633352477, 2024-05-02T07:02:32.477Z, 1220.6472308, 485.51538519999997
1714633352493, 2024-05-02T07:02:32.493Z, 1211.8174872, 491.43779780000006
1714633352522, 2024-05-02T07:02:32.522Z, 1207.4043265999999, 503.4997230000001
1714633352536, 2024-05-02T07:02:32.536Z, 1204.4674796, 512.7850516000001
1714633352551, 2024-05-02T07:02:32.551Z, 1201.6197989999998, 520.4110462000001
1714633352565, 2024-05-02T07:02:32.565Z, 1203.2786875999998, 522.4299198000001
1714633352580, 2024-05-02T07:02:32.580Z, 1207.0039458, 522.4766698000001
1714633352592, 2024-05-02T07:02:32.592Z, 1213.1954793999998, 515.5404603999999
1714633352610, 2024-05-02T07:02:32.610Z, 1227.1490154, 514.7679984
1714633352625, 2024-05-02T07:02:32.625Z, 1245.450914, 513.925001
1714633352638, 2024-05-02T07:02:32.638Z, 1258.8237132000002, 521.29943
1714633352672, 2024-05-02T07:02:32.672Z, 1275.1173056, 531.9171084
1714633352682, 2024-05-02T07:02:32.682Z, 1289.59418, 543.1349898000001
1714633352700, 2024-05-02T07:02:32.700Z, 1301.5913925999998, 547.0941614
1714633352715, 2024-05-02T07:02:32.715Z, 1312.0316508, 551.8964378
1714633352729, 2024-05-02T07:02:32.729Z, 1318.6516838, 554.9927866
1714633352745, 2024-05-02T07:02:32.745Z, 1326.4459486, 553.7313028
1714633352761, 2024-05-02T07:02:32.761Z, 1336.763128, 549.6407894
1714633352776, 2024-05-02T07:02:32.776Z, 1338.3169284, 549.4024264
1714633352791, 2024-05-02T07:02:32.791Z, 1333.6494434, 550.5202821999999
1714633352817, 2024-05-02T07:02:32.817Z, 1331.707175, 550.9680074
1714633352834, 2024-05-02T07:02:32.834Z, 1317.8112277999999, 555.0088846
1714633352849, 2024-05-02T07:02:32.849Z, 1301.0211747999997, 561.2443794
1714633352861, 2024-05-02T07:02:32.861Z, 1289.9458439999999, 563.1372058
1714633352878, 2024-05-02T07:02:32.878Z, 1276.3114906, 566.2747504
1714633352894, 2024-05-02T07:02:32.894Z, 1266.5363525999999, 567.4465211999999
1714633352906, 2024-05-02T07:02:32.906Z, 1266.2675, 568.4113715999999
1714633352924, 2024-05-02T07:02:32.924Z, 1268.8993884, 570.0421134000001
1714633352943, 2024-05-02T07:02:32.943Z, 1272.5699954, 572.856784
1714633352971, 2024-05-02T07:02:32.971Z, 1283.6885354, 573.1948926000001
1714633352984, 2024-05-02T07:02:32.984Z, 1292.1737968000002, 572.9835474
1714633352996, 2024-05-02T07:02:32.996Z, 1297.2903346000003, 571.8517398
1714633353014, 2024-05-02T07:02:33.014Z, 1294.6692228, 568.8159088
1714633353072, 2024-05-02T07:02:33.072Z, 1289.7991738, 568.9286583999999
1714633353088, 2024-05-02T07:02:33.088Z, 1283.4758636000001, 568.7090258
1714633353120, 2024-05-02T07:02:33.120Z, 1117.6627084, 546.4523419999999
1714633353135, 2024-05-02T07:02:33.135Z, 960.5047652000001, 524.232823
1714633353150, 2024-05-02T07:02:33.150Z, 793.8544873999999, 504.32138239999995
1714633353166, 2024-05-02T07:02:33.166Z, 628.2025539999999, 480.3833874
1714633353181, 2024-05-02T07:02:33.181Z, 465.4265122, 457.4988386
1714633353197, 2024-05-02T07:02:33.197Z, 449.56059239999996, 459.04155899999995
1714633353212, 2024-05-02T07:02:33.212Z, 423.82400179999996, 460.14675120000004
1714633353226, 2024-05-02T07:02:33.226Z, 420.5099228, 460.46455799999995
1714633353242, 2024-05-02T07:02:33.242Z, 408.89174800000006, 463.3947768
1714633353267, 2024-05-02T07:02:33.267Z, 396.2467544, 465.8393058
1714633353284, 2024-05-02T07:02:33.284Z, 388.0981456, 468.1543298
1714633353299, 2024-05-02T07:02:33.299Z, 380.791474, 469.90625040000003
1714633353311, 2024-05-02T07:02:33.311Z, 371.63056939999996, 471.25270979999993
1714633353344, 2024-05-02T07:02:33.344Z, 443.7502438, 479.036291
1714633353356, 2024-05-02T07:02:33.356Z, 533.6933253999999, 489.4374874
1714633353373, 2024-05-02T07:02:33.373Z, 651.7949160000001, 501.9718596000001
1714633353394, 2024-05-02T07:02:33.394Z, 784.8382866, 518.3322286
1714633353420, 2024-05-02T07:02:33.420Z, 953.1874984, 540.0023140000001
1714633353434, 2024-05-02T07:02:33.434Z, 1037.8403028, 557.5085744
1714633353447, 2024-05-02T07:02:33.447Z, 1104.4161318, 570.7499758
1714633353464, 2024-05-02T07:02:33.464Z, 1155.6561212000001, 575.9633895999999
1714633353479, 2024-05-02T07:02:33.479Z, 1194.393038, 577.0765863999999
1714633353491, 2024-05-02T07:02:33.491Z, 1188.0720047999998, 574.5158334
1714633353514, 2024-05-02T07:02:33.514Z, 1190.4760447999997, 568.8122154
1714633353528, 2024-05-02T07:02:33.528Z, 1193.1934685999997, 567.0479862
1714633353542, 2024-05-02T07:02:33.542Z, 1193.14319, 574.3629685999999
1714633353576, 2024-05-02T07:02:33.576Z, 1193.6903938, 585.5232988
1714633353587, 2024-05-02T07:02:33.587Z, 1198.202823, 591.8441042000001
1714633353602, 2024-05-02T07:02:33.602Z, 1204.7878698, 601.5809898
1714633353618, 2024-05-02T07:02:33.618Z, 1207.2196497999998, 611.6084932
1714633353630, 2024-05-02T07:02:33.630Z, 1214.7556358, 614.0651996
1714633353645, 2024-05-02T07:02:33.645Z, 1225.2363156, 610.4532546
1714633353661, 2024-05-02T07:02:33.661Z, 1227.8864412, 614.1583064
1714633353677, 2024-05-02T07:02:33.677Z, 1229.3673213999998, 613.3124554000001
1714633353692, 2024-05-02T07:02:33.692Z, 1240.1048486, 608.0218087999999
1714633353718, 2024-05-02T07:02:33.718Z, 1246.7511731999998, 606.2650682
1714633353734, 2024-05-02T07:02:33.734Z, 1244.2550614, 610.0578948
1714633353749, 2024-05-02T07:02:33.749Z, 1250.6768606, 609.624943
1714633353761, 2024-05-02T07:02:33.761Z, 1256.8401282, 610.8710474000001
1714633353779, 2024-05-02T07:02:33.779Z, 1254.4207696, 616.2030543999999
1714633353794, 2024-05-02T07:02:33.794Z, 1251.4170912000002, 621.8050916
1714633353806, 2024-05-02T07:02:33.806Z, 1250.7636638, 626.1157681999999
1714633353824, 2024-05-02T07:02:33.824Z, 1247.000164, 631.6917488
1714633353839, 2024-05-02T07:02:33.839Z, 1241.825613, 638.0418913999999
1714633353870, 2024-05-02T07:02:33.870Z, 1238.2802274, 643.3268780000001
1714633353884, 2024-05-02T07:02:33.884Z, 1233.0330392, 649.1627408
1714633353896, 2024-05-02T07:02:33.896Z, 1228.7325501999999, 653.121415
1714633353914, 2024-05-02T07:02:33.914Z, 1227.8202442, 656.1075682000001
1714633353930, 2024-05-02T07:02:33.930Z, 1227.587873, 657.3942672000001
1714633353945, 2024-05-02T07:02:33.945Z, 1227.5837654000002, 657.841035
1714633353962, 2024-05-02T07:02:33.962Z, 1227.6131665999999, 658.4370992000001
1714633353978, 2024-05-02T07:02:33.978Z, 1228.8874203999999, 659.4868532
1714633353990, 2024-05-02T07:02:33.990Z, 1231.3010296, 657.5443988
1714633354026, 2024-05-02T07:02:34.026Z, 1233.9900604, 655.3289934000001
1714633354051, 2024-05-02T07:02:34.051Z, 1238.7579620000001, 652.2873326
1714633354067, 2024-05-02T07:02:34.067Z, 1261.2178681999999, 633.4384382
1714633354082, 2024-05-02T07:02:34.082Z, 1280.035521, 616.7287592
1714633354098, 2024-05-02T07:02:34.098Z, 1292.3015934, 605.2875428
1714633354113, 2024-05-02T07:02:34.113Z, 1300.3818328, 596.8540608
1714633354128, 2024-05-02T07:02:34.128Z, 1306.518995, 589.2999051999999
1714633354144, 2024-05-02T07:02:34.144Z, 1291.6361798000003, 599.4367688
1714633354168, 2024-05-02T07:02:34.168Z, 1296.8127313999998, 605.2686094000001
1714633354183, 2024-05-02T07:02:34.183Z, 1307.6968691999998, 608.1785636
1714633354198, 2024-05-02T07:02:34.198Z, 1319.4035694, 608.6301122
1714633354211, 2024-05-02T07:02:34.211Z, 1311.6811057999998, 607.1796552
1714633354228, 2024-05-02T07:02:34.228Z, 1297.4639546, 603.3276008
1714633354244, 2024-05-02T07:02:34.244Z, 1260.6222468, 603.1601946000001
1714633354256, 2024-05-02T07:02:34.256Z, 1201.8197386, 607.5698673999999
1714633354274, 2024-05-02T07:02:34.274Z, 1148.7576086, 607.1803596000001
1714633354289, 2024-05-02T07:02:34.289Z, 1107.5233269999999, 610.2453720000001
1714633354319, 2024-05-02T07:02:34.319Z, 1083.4353833999999, 607.2890450000001
1714633354333, 2024-05-02T07:02:34.333Z, 1066.3266682, 601.9504068
1714633354346, 2024-05-02T07:02:34.346Z, 1072.9906859999999, 590.8551219999999
1714633354368, 2024-05-02T07:02:34.368Z, 1077.8525519999998, 585.6301308000001
1714633354380, 2024-05-02T07:02:34.380Z, 1090.4691447999999, 580.3474696
1714633354395, 2024-05-02T07:02:34.395Z, 1104.185398, 581.3252814000001
1714633354412, 2024-05-02T07:02:34.412Z, 1113.2028062000002, 584.6847127999999
1714633354427, 2024-05-02T07:02:34.427Z, 1116.7964556, 589.7201136
1714633354439, 2024-05-02T07:02:34.439Z, 1118.3050636, 593.5089591999999
1714633354472, 2024-05-02T07:02:34.472Z, 1137.345522, 591.2017948
1714633354486, 2024-05-02T07:02:34.486Z, 1149.3444024, 588.9432626
1714633354503, 2024-05-02T07:02:34.503Z, 1169.5212192, 586.9491042
1714633354533, 2024-05-02T07:02:34.533Z, 1193.3131458, 584.8537137999999
1714633354548, 2024-05-02T07:02:34.548Z, 1223.357423, 582.825411
1714633354579, 2024-05-02T07:02:34.579Z, 1237.076787, 585.3001852
1714633354594, 2024-05-02T07:02:34.594Z, 1249.6406064, 587.6815733999999
1714633354625, 2024-05-02T07:02:34.625Z, 1256.2413001999998, 587.68488
1714633354641, 2024-05-02T07:02:34.641Z, 1249.2031087999999, 600.8081182
1714633354657, 2024-05-02T07:02:34.657Z, 1244.4493056000001, 610.6222032
1714633354673, 2024-05-02T07:02:34.673Z, 1235.8550034, 620.3288888
1714633354689, 2024-05-02T07:02:34.689Z, 1226.3356506, 630.0534178
1714633354705, 2024-05-02T07:02:34.705Z, 1217.6807136, 640.6893372
1714633354719, 2024-05-02T07:02:34.719Z, 1221.4765594, 637.7706968
1714633354734, 2024-05-02T07:02:34.734Z, 1216.6276460000001, 640.5716954
1714633354750, 2024-05-02T07:02:34.750Z, 1210.9230322, 645.3573122
1714633354773, 2024-05-02T07:02:34.773Z, 1205.0515804000001, 650.5670824
1714633354789, 2024-05-02T07:02:34.789Z, 1205.1293375999999, 650.5873862
1714633354801, 2024-05-02T07:02:34.801Z, 1202.1126067999999, 652.5238175999999
1714633354817, 2024-05-02T07:02:34.817Z, 1199.7705246, 648.861895
1714633354832, 2024-05-02T07:02:34.832Z, 1196.465874, 644.7232134
1714633354844, 2024-05-02T07:02:34.844Z, 1189.5293078, 642.1551104
1714633354863, 2024-05-02T07:02:34.863Z, 1174.1146888, 645.9047624000001
1714633354878, 2024-05-02T07:02:34.878Z, 1160.060163, 647.0611627999999
1714633354891, 2024-05-02T07:02:34.891Z, 1143.7226586000002, 650.9281982
1714633354924, 2024-05-02T07:02:34.924Z, 1132.2599010000001, 652.505362
1714633354937, 2024-05-02T07:02:34.937Z, 1124.6682258, 652.8367089999999
1714633354953, 2024-05-02T07:02:34.953Z, 1118.2899456, 651.8086860000001
1714633354969, 2024-05-02T07:02:34.969Z, 1113.7053406, 651.7019912
1714633354984, 2024-05-02T07:02:34.984Z, 1111.6530698000001, 651.6148438
1714633355000, 2024-05-02T07:02:35.000Z, 1107.683227, 652.4252628
1714633355016, 2024-05-02T07:02:35.016Z, 1102.8657626, 653.238507
1714633355031, 2024-05-02T07:02:35.031Z, 1100.3520114, 654.2011484000001
1714633355047, 2024-05-02T07:02:35.047Z, 1096.969369, 655.2258422000001
1714633355070, 2024-05-02T07:02:35.070Z, 1111.5432180000003, 652.4738792
1714633355085, 2024-05-02T07:02:35.085Z, 1115.200333, 650.9236165999998
1714633355098, 2024-05-02T07:02:35.098Z, 1123.6995136, 648.2821764
1714633355111, 2024-05-02T07:02:35.111Z, 1131.0965363999999, 644.7097172
1714633355140, 2024-05-02T07:02:35.140Z, 1149.6219833999999, 650.5007694
1714633355155, 2024-05-02T07:02:35.155Z, 1144.4806644000003, 674.3556447999999
1714633355171, 2024-05-02T07:02:35.171Z, 1154.1002552, 700.2716458
1714633355187, 2024-05-02T07:02:35.187Z, 1158.264327, 730.0502328
1714633355202, 2024-05-02T07:02:35.202Z, 1163.6179198000002, 762.3953788000001
1714633355219, 2024-05-02T07:02:35.219Z, 1168.000962, 790.7278620000001
1714633355233, 2024-05-02T07:02:35.233Z, 1176.6502549999998, 805.3658680000001
1714633355248, 2024-05-02T07:02:35.248Z, 1182.7295233999998, 817.3904288
1714633355263, 2024-05-02T07:02:35.263Z, 1192.20849, 826.3402139999998
1714633355279, 2024-05-02T07:02:35.279Z, 1200.3424793999998, 833.5480486
1714633355295, 2024-05-02T07:02:35.295Z, 1202.3548909999997, 835.248859
1714633355311, 2024-05-02T07:02:35.311Z, 1202.2946719999998, 839.0493962
1714633355326, 2024-05-02T07:02:35.326Z, 1200.7292573999998, 841.4010916
1714633355341, 2024-05-02T07:02:35.341Z, 1200.8585294, 842.3202044
1714633355370, 2024-05-02T07:02:35.370Z, 1201.5531271999998, 844.3847248
1714633355381, 2024-05-02T07:02:35.381Z, 1202.2412544, 845.7716780000001
1714633355399, 2024-05-02T07:02:35.399Z, 1200.4585572, 845.4943884
1714633355414, 2024-05-02T07:02:35.414Z, 1199.5895368000001, 846.0012573999999
1714633355431, 2024-05-02T07:02:35.431Z, 1197.216476, 846.716056
1714633355444, 2024-05-02T07:02:35.444Z, 1191.5255032, 846.1136779999999
1714633355459, 2024-05-02T07:02:35.459Z, 1181.3879954, 846.285216
1714633355471, 2024-05-02T07:02:35.471Z, 1179.7954399999999, 845.1401442
1714633355489, 2024-05-02T07:02:35.489Z, 1179.3280492, 843.5325301999999
1714633355517, 2024-05-02T07:02:35.517Z, 1171.7157315999998, 841.098522
1714633355534, 2024-05-02T07:02:35.534Z, 1168.9487762, 838.5809964
1714633355549, 2024-05-02T07:02:35.549Z, 1173.6459268, 835.1468983999999
1714633355561, 2024-05-02T07:02:35.561Z, 1157.2182612000001, 829.7171236
1714633355584, 2024-05-02T07:02:35.584Z, 1139.2965172, 824.8119016
1714633355608, 2024-05-02T07:02:35.608Z, 1126.5698295999998, 823.1894574
1714633355624, 2024-05-02T07:02:35.624Z, 1106.1126434, 823.1047814
1714633355639, 2024-05-02T07:02:35.639Z, 1081.333079, 824.555858
1714633355670, 2024-05-02T07:02:35.670Z, 1067.9862554000001, 833.7343568
1714633355685, 2024-05-02T07:02:35.685Z, 1056.8631178, 841.7994059999999
1714633355701, 2024-05-02T07:02:35.701Z, 1053.940384, 846.0151647999999
1714633355716, 2024-05-02T07:02:35.716Z, 1073.3196838, 846.8572434
1714633355732, 2024-05-02T07:02:35.732Z, 1082.2932414, 848.1901544
1714633355748, 2024-05-02T07:02:35.748Z, 1098.1332018, 844.4635414
1714633355764, 2024-05-02T07:02:35.764Z, 1104.9422880000002, 840.3687900000001
1714633355780, 2024-05-02T07:02:35.780Z, 1104.1118376000002, 838.22518
1714633355796, 2024-05-02T07:02:35.796Z, 1098.3702019999998, 837.909473
1714633355820, 2024-05-02T07:02:35.820Z, 1090.5191019999997, 835.5333527999999
1714633355831, 2024-05-02T07:02:35.831Z, 1082.5463196, 832.7612056
1714633355848, 2024-05-02T07:02:35.848Z, 1069.707506, 828.2330871999999
1714633355864, 2024-05-02T07:02:35.864Z, 1064.731647, 824.7694506
1714633355876, 2024-05-02T07:02:35.876Z, 1027.4982174000002, 813.1920462
1714633355894, 2024-05-02T07:02:35.894Z, 942.8107350000002, 783.7229288
1714633355910, 2024-05-02T07:02:35.910Z, 853.3053835999999, 755.3016352
1714633355924, 2024-05-02T07:02:35.924Z, 752.1717566, 722.2659384
1714633355943, 2024-05-02T07:02:35.943Z, 639.5022105999999, 687.5569413999999
1714633355972, 2024-05-02T07:02:35.972Z, 534.4859639999999, 659.7976199999999
1714633355987, 2024-05-02T07:02:35.987Z, 481.0391996, 651.6039671999999
1714633356003, 2024-05-02T07:02:36.003Z, 434.3290684, 642.6978869999999
1714633356016, 2024-05-02T07:02:36.016Z, 416.6188168, 641.8271474
1714633356032, 2024-05-02T07:02:36.032Z, 398.8178272, 641.5420495999999
1714633356047, 2024-05-02T07:02:36.047Z, 389.4109664, 642.5419116
1714633356060, 2024-05-02T07:02:36.060Z, 397.85208919999997, 644.6308192
1714633356091, 2024-05-02T07:02:36.091Z, 397.7755248, 646.9171428
1714633356106, 2024-05-02T07:02:36.106Z, 390.21824660000004, 648.1522852
1714633356123, 2024-05-02T07:02:36.123Z, 372.37508360000004, 646.4970572
1714633356138, 2024-05-02T07:02:36.138Z, 343.4798556, 644.2028916
1714633356153, 2024-05-02T07:02:36.153Z, 304.8835534, 639.6167938000001
1714633356168, 2024-05-02T07:02:36.168Z, 270.8342566, 634.045464
1714633356183, 2024-05-02T07:02:36.183Z, 235.69673360000002, 628.794224
1714633356199, 2024-05-02T07:02:36.199Z, 216.6165794, 626.3016024000001
1714633356214, 2024-05-02T07:02:36.214Z, 215.26985159999998, 622.2380324000001
1714633356229, 2024-05-02T07:02:36.229Z, 199.76805, 619.2183001999999
1714633356245, 2024-05-02T07:02:36.245Z, 194.53740779999998, 615.0569634000001
1714633356273, 2024-05-02T07:02:36.273Z, 198.25019379999998, 610.3699112
1714633356292, 2024-05-02T07:02:36.292Z, 202.6438826, 605.1735884
1714633356308, 2024-05-02T07:02:36.308Z, 202.61107800000002, 602.2814344
1714633356323, 2024-05-02T07:02:36.323Z, 204.79622179999998, 602.5721658
1714633356338, 2024-05-02T07:02:36.338Z, 211.71450520000002, 605.724527
1714633356354, 2024-05-02T07:02:36.354Z, 209.3752086, 610.5051366
1714633356369, 2024-05-02T07:02:36.369Z, 201.45299440000002, 616.3649637999999
1714633356385, 2024-05-02T07:02:36.385Z, 205.26434060000003, 620.568166
1714633356402, 2024-05-02T07:02:36.402Z, 216.380674, 621.4238884
1714633356422, 2024-05-02T07:02:36.422Z, 272.194877, 615.5042372
1714633356449, 2024-05-02T07:02:36.449Z, 330.78422140000004, 609.1759998
1714633356465, 2024-05-02T07:02:36.465Z, 386.109188, 603.7941559999999
1714633356480, 2024-05-02T07:02:36.480Z, 461.7003272, 597.7396071999999
1714633356496, 2024-05-02T07:02:36.496Z, 542.7153528, 590.9245758
1714633356511, 2024-05-02T07:02:36.511Z, 574.3290377999999, 588.9302696
1714633356527, 2024-05-02T07:02:36.527Z, 610.8625208000001, 588.2386134000001
1714633356543, 2024-05-02T07:02:36.543Z, 645.3557138, 586.9891768
1714633356574, 2024-05-02T07:02:36.574Z, 643.3252421999999, 588.6506246
1714633356589, 2024-05-02T07:02:36.589Z, 634.0498604000001, 591.0000228
1714633356604, 2024-05-02T07:02:36.604Z, 623.9065832, 594.04847
1714633356619, 2024-05-02T07:02:36.619Z, 605.4165688, 595.478881
1714633356635, 2024-05-02T07:02:36.635Z, 591.5132138, 596.3830288
1714633356650, 2024-05-02T07:02:36.650Z, 592.2398926, 595.3142627999999
1714633356665, 2024-05-02T07:02:36.665Z, 597.0318334000001, 594.2921482
1714633356680, 2024-05-02T07:02:36.680Z, 591.4066078000001, 594.1990088
1714633356696, 2024-05-02T07:02:36.696Z, 598.2816408000001, 593.4795922
1714633356720, 2024-05-02T07:02:36.720Z, 606.1512344, 592.8727394
1714633356731, 2024-05-02T07:02:36.731Z, 592.3810558, 595.8507446
1714633356749, 2024-05-02T07:02:36.749Z, 576.2380936, 598.7286596
1714633356764, 2024-05-02T07:02:36.764Z, 540.499062, 601.8283366
1714633356776, 2024-05-02T07:02:36.776Z, 489.5837181999999, 606.1202028
1714633356793, 2024-05-02T07:02:36.793Z, 433.381455, 611.1262033999999
1714633356809, 2024-05-02T07:02:36.809Z, 395.2667304, 613.8350508000001
1714633356821, 2024-05-02T07:02:36.821Z, 347.66053899999997, 615.6171268
1714633356838, 2024-05-02T07:02:36.838Z, 318.36364939999993, 617.1427624
1714633356867, 2024-05-02T07:02:36.867Z, 292.8970472, 618.9285947999999
1714633356884, 2024-05-02T07:02:36.884Z, 261.06032659999994, 619.0782222
1714633356903, 2024-05-02T07:02:36.903Z, 220.62806959999998, 619.2376942
1714633356913, 2024-05-02T07:02:36.913Z, 196.4237438, 618.0721074
1714633356929, 2024-05-02T07:02:36.929Z, 170.29939, 616.420369
1714633356949, 2024-05-02T07:02:36.949Z, 144.3966834, 614.9706686
1714633356962, 2024-05-02T07:02:36.962Z, 140.1584578, 613.193295
1714633356976, 2024-05-02T07:02:36.976Z, 136.489249, 612.767727
1714633356992, 2024-05-02T07:02:36.992Z, 127.42817360000001, 614.7361092
1714633357020, 2024-05-02T07:02:37.020Z, 117.6051614, 617.4008678
1714633357034, 2024-05-02T07:02:37.034Z, 111.191256, 619.1815308000001
1714633357046, 2024-05-02T07:02:37.046Z, 105.5924698, 620.9491975999999
1714633357063, 2024-05-02T07:02:37.063Z, 98.9074962, 622.2937698000001
1714633357079, 2024-05-02T07:02:37.079Z, 92.8521112, 623.7684528000001
1714633357091, 2024-05-02T07:02:37.091Z, 103.6646968, 622.7036042000001
1714633357108, 2024-05-02T07:02:37.108Z, 113.49713999999999, 622.4108902
1714633357124, 2024-05-02T07:02:37.124Z, 112.40155139999999, 624.1049538
1714633357136, 2024-05-02T07:02:37.136Z, 127.0443648, 623.2543888
1714633357170, 2024-05-02T07:02:37.170Z, 139.75330279999997, 622.9992702
1714633357186, 2024-05-02T07:02:37.186Z, 153.6128268, 622.0814354
1714633357208, 2024-05-02T07:02:37.208Z, 188.8564378, 626.1376119999999
1714633357225, 2024-05-02T07:02:37.225Z, 299.1483656, 648.3550656
1714633357240, 2024-05-02T07:02:37.240Z, 408.8496905999999, 672.7289568
1714633357256, 2024-05-02T07:02:37.256Z, 544.0810153999998, 700.5346417999999
1714633357272, 2024-05-02T07:02:37.272Z, 680.7651741999999, 734.1119532
1714633357288, 2024-05-02T07:02:37.288Z, 831.3248535999999, 767.5623286
1714633357320, 2024-05-02T07:02:37.320Z, 936.3335761999999, 785.7203792
1714633357337, 2024-05-02T07:02:37.337Z, 1030.1490081999998, 803.2136038
1714633357352, 2024-05-02T07:02:37.352Z, 1099.735166, 815.8909678
1714633357368, 2024-05-02T07:02:37.368Z, 1160.1779546, 824.3395892000001
1714633357384, 2024-05-02T07:02:37.384Z, 1183.9181242, 827.8953404
1714633357400, 2024-05-02T07:02:37.400Z, 1179.5898665999998, 827.8588728000001
1714633357416, 2024-05-02T07:02:37.416Z, 1185.5763344, 822.3021394
1714633357432, 2024-05-02T07:02:37.432Z, 1191.3328606, 816.998746
1714633357447, 2024-05-02T07:02:37.447Z, 1192.8306478, 812.6374324
1714633357480, 2024-05-02T07:02:37.480Z, 1201.4264778, 806.8778587999999
1714633357495, 2024-05-02T07:02:37.495Z, 1208.4351368, 801.3083237999999
1714633357510, 2024-05-02T07:02:37.510Z, 1207.3201998, 800.9232548
1714633357525, 2024-05-02T07:02:37.525Z, 1209.1085117999999, 801.6363038
1714633357541, 2024-05-02T07:02:37.541Z, 1212.0726618, 802.9195609999999
1714633357557, 2024-05-02T07:02:37.557Z, 1221.1372688000001, 814.2118908
1714633357572, 2024-05-02T07:02:37.572Z, 1237.3086286000002, 825.9285981999999
1714633357588, 2024-05-02T07:02:37.588Z, 1271.327812, 849.7555388000001
1714633357604, 2024-05-02T07:02:37.604Z, 1304.6004318, 871.7387413999999
1714633357624, 2024-05-02T07:02:37.624Z, 1348.6442613999998, 899.02592
1714633357652, 2024-05-02T07:02:37.652Z, 1400.2188941999998, 916.8501925999999
1714633357668, 2024-05-02T07:02:37.668Z, 1450.3190666, 933.8689042
1714633357684, 2024-05-02T07:02:37.684Z, 1468.8180164, 938.6310166
1714633357700, 2024-05-02T07:02:37.700Z, 1479.6519700000001, 944.5870849999999
1714633357715, 2024-05-02T07:02:37.715Z, 1479.7415742, 944.2232529999999
1714633357731, 2024-05-02T07:02:37.731Z, 1461.9549316, 944.2959248
1714633357746, 2024-05-02T07:02:37.746Z, 1453.0004708000001, 945.7337540000001
1714633357785, 2024-05-02T07:02:37.785Z, 1448.8167658000002, 946.7116922000001
1714633357801, 2024-05-02T07:02:37.801Z, 1451.3850408, 947.2176696
1714633357812, 2024-05-02T07:02:37.812Z, 1461.5200444, 947.8403963999999
1714633357829, 2024-05-02T07:02:37.829Z, 1470.3352432000001, 947.9325412000001
1714633357845, 2024-05-02T07:02:37.845Z, 1462.2198844, 947.2658707999999
1714633357860, 2024-05-02T07:02:37.860Z, 1464.6446404, 947.4784798000001
1714633357874, 2024-05-02T07:02:37.874Z, 1470.7885542, 947.4841521999999
1714633357894, 2024-05-02T07:02:37.894Z, 1460.9368868000001, 946.4152564
1714633357923, 2024-05-02T07:02:37.923Z, 1457.6002528000001, 942.3670064
1714633357935, 2024-05-02T07:02:37.935Z, 1457.6863788000003, 937.2236839999999
1714633357947, 2024-05-02T07:02:37.947Z, 1458.9399372, 932.2393890000001
1714633357964, 2024-05-02T07:02:37.964Z, 1468.615237, 931.0235061999999
1714633357980, 2024-05-02T07:02:37.980Z, 1483.2202144, 931.546767
1714633357994, 2024-05-02T07:02:37.994Z, 1488.6284508, 934.385053
1714633358010, 2024-05-02T07:02:38.010Z, 1499.7565194, 939.6841597999999
1714633358025, 2024-05-02T07:02:38.025Z, 1503.5454727999997, 943.3350102
1714633358040, 2024-05-02T07:02:38.040Z, 1494.348519, 942.9257774
1714633358071, 2024-05-02T07:02:38.071Z, 1428.2765328, 924.5038132
1714633358102, 2024-05-02T07:02:38.102Z, 1304.0329908, 883.8473621999999
1714633358118, 2024-05-02T07:02:38.118Z, 1151.3700294, 832.9801668
1714633358132, 2024-05-02T07:02:38.132Z, 974.32655, 765.2321330000001
1714633358148, 2024-05-02T07:02:38.148Z, 720.6627276, 657.1169126
1714633358163, 2024-05-02T07:02:38.163Z, 523.511892, 566.6161462
1714633358178, 2024-05-02T07:02:38.178Z, 399.0647338, 497.7011197999999
1714633358194, 2024-05-02T07:02:38.194Z, 290.840815, 436.74258580000003
1714633358218, 2024-05-02T07:02:38.218Z, 219.00672760000003, 394.14866079999996
1714633358235, 2024-05-02T07:02:38.235Z, 223.43971219999997, 392.311903
1714633358250, 2024-05-02T07:02:38.250Z, 235.321495, 390.34359859999995
1714633358262, 2024-05-02T07:02:38.262Z, 233.1600856, 390.25454679999996
1714633358280, 2024-05-02T07:02:38.280Z, 230.9090078, 391.8599624
1714633358294, 2024-05-02T07:02:38.294Z, 215.108511, 394.1660018
1714633358307, 2024-05-02T07:02:38.307Z, 212.0124882, 395.67085340000006
1714633358324, 2024-05-02T07:02:38.324Z, 200.41827479999998, 396.9831862
1714633358340, 2024-05-02T07:02:38.340Z, 187.90777359999998, 398.0220372
1714633358370, 2024-05-02T07:02:38.370Z, 179.77500279999998, 398.03259199999997
1714633358388, 2024-05-02T07:02:38.388Z, 178.6614052, 396.61953639999996
1714633358411, 2024-05-02T07:02:38.411Z, 175.5701394, 395.4072238
1714633358427, 2024-05-02T07:02:38.427Z, 173.045617, 394.30673399999995
1714633358442, 2024-05-02T07:02:38.442Z, 170.467582, 393.6690070000001
1714633358459, 2024-05-02T07:02:38.459Z, 188.3371668, 390.66168000000005
1714633358474, 2024-05-02T07:02:38.474Z, 199.0939682, 388.57237760000004
1714633358489, 2024-05-02T07:02:38.489Z, 205.3716506, 385.246087
1714633358523, 2024-05-02T07:02:38.523Z, 209.5448606, 380.50131559999994
1714633358536, 2024-05-02T07:02:38.536Z, 223.29133540000004, 374.74306640000003
1714633358552, 2024-05-02T07:02:38.552Z, 210.913002, 370.292622
1714633358567, 2024-05-02T07:02:38.567Z, 201.6643524, 365.34618059999997
1714633358583, 2024-05-02T07:02:38.583Z, 199.79653779999998, 361.4109946
1714633358598, 2024-05-02T07:02:38.598Z, 197.1819844, 359.1436992
1714633358613, 2024-05-02T07:02:38.613Z, 186.886234, 357.2965452
1714633358628, 2024-05-02T07:02:38.628Z, 195.59376179999998, 355.11558099999996
1714633358644, 2024-05-02T07:02:38.644Z, 199.8615998, 354.3232958
1714633358668, 2024-05-02T07:02:38.668Z, 197.6932292, 353.89654079999997
1714633358684, 2024-05-02T07:02:38.684Z, 202.5002366, 353.3407746
1714633358699, 2024-05-02T07:02:38.699Z, 213.20432580000002, 351.9800004
1714633358711, 2024-05-02T07:02:38.711Z, 215.05071719999995, 350.4773176
1714633358728, 2024-05-02T07:02:38.728Z, 218.93522579999998, 348.53694
1714633358744, 2024-05-02T07:02:38.744Z, 214.9302976, 347.21234760000004
1714633358756, 2024-05-02T07:02:38.756Z, 213.6011046, 343.764337
1714633358774, 2024-05-02T07:02:38.774Z, 203.141471, 341.0901422
1714633358788, 2024-05-02T07:02:38.788Z, 190.0675422, 340.08209460000006
1714633358819, 2024-05-02T07:02:38.819Z, 174.8865908, 341.3295372
1714633358833, 2024-05-02T07:02:38.833Z, 161.95957579999998, 342.4628426
1714633358846, 2024-05-02T07:02:38.846Z, 157.28354159999998, 342.68977459999996
1714633358863, 2024-05-02T07:02:38.863Z, 150.595534, 344.71874799999995
1714633358878, 2024-05-02T07:02:38.878Z, 142.6683822, 346.98616200000004
1714633358893, 2024-05-02T07:02:38.893Z, 149.90832, 345.13432439999997
1714633358908, 2024-05-02T07:02:38.908Z, 165.3887918, 343.18425540000004
1714633358925, 2024-05-02T07:02:38.925Z, 165.884231, 345.157013
1714633358940, 2024-05-02T07:02:38.940Z, 175.49371100000002, 345.481482
1714633358970, 2024-05-02T07:02:38.970Z, 184.452309, 347.2165918
1714633358981, 2024-05-02T07:02:38.981Z, 189.731815, 349.83837320000004
1714633358998, 2024-05-02T07:02:38.998Z, 175.9932796, 390.0398464
1714633359014, 2024-05-02T07:02:39.014Z, 166.8182826, 429.0581452
1714633359026, 2024-05-02T07:02:39.026Z, 168.1656426, 487.42149979999994
1714633359043, 2024-05-02T07:02:39.043Z, 170.5009034, 548.2185984
1714633359058, 2024-05-02T07:02:39.058Z, 162.942613, 610.3138643999998
1714633359071, 2024-05-02T07:02:39.071Z, 174.8993182, 632.6706603999999
1714633359088, 2024-05-02T07:02:39.088Z, 178.38144640000002, 656.1847991999999
1714633359117, 2024-05-02T07:02:39.117Z, 174.7859604, 659.4922538000001
1714633359133, 2024-05-02T07:02:39.133Z, 170.9487608, 658.0488760000001
1714633359149, 2024-05-02T07:02:39.149Z, 175.70631880000002, 655.9605306
1714633359161, 2024-05-02T07:02:39.161Z, 172.19725839999998, 655.5493402
1714633359178, 2024-05-02T07:02:39.178Z, 172.36976299999998, 654.7045448000001
1714633359193, 2024-05-02T07:02:39.193Z, 167.24884740000002, 654.7450986
1714633359206, 2024-05-02T07:02:39.206Z, 169.38602300000002, 654.1862666
1714633359223, 2024-05-02T07:02:39.223Z, 163.6972788, 654.6143604000001
1714633359238, 2024-05-02T07:02:39.238Z, 154.82481779999998, 656.5125696000001
1714633359271, 2024-05-02T07:02:39.271Z, 146.349055, 660.4540787999999
1714633359285, 2024-05-02T07:02:39.285Z, 140.09023699999997, 658.5150538
1714633359313, 2024-05-02T07:02:39.313Z, 153.39123419999999, 632.7391667999999
1714633359374, 2024-05-02T07:02:39.374Z, 186.641878, 588.4289593999999
1714633359390, 2024-05-02T07:02:39.390Z, 220.24279900000002, 540.0107644
1714633359420, 2024-05-02T07:02:39.420Z, 240.24751619999998, 488.12739320000003
1714633359431, 2024-05-02T07:02:39.431Z, 269.97293479999996, 437.523746