1714456804445, 2024-04-30T06:00:04.445Z, 303.16354, 325.976535
1714456804461, 2024-04-30T06:00:04.461Z, 353.85274000000004, 326.21182
1714456804492, 2024-04-30T06:00:04.492Z, 389.2601816666667, 319.44235933333334
1714456804507, 2024-04-30T06:00:04.507Z, 406.15062, 314.60901725
1714456804522, 2024-04-30T06:00:04.522Z, 415.2679568, 311.2965626
1714456804552, 2024-04-30T06:00:04.552Z, 443.75031879999995, 306.99199
1714456804568, 2024-04-30T06:00:04.568Z, 451.49296780000003, 302.702903
1714456804583, 2024-04-30T06:00:04.583Z, 448.233188, 304.3520906
1714456804599, 2024-04-30T06:00:04.599Z, 446.16063159999993, 311.2626862
1714456804614, 2024-04-30T06:00:04.614Z, 447.2898494, 319.3461694
1714456804645, 2024-04-30T06:00:04.645Z, 455.96602759999996, 325.65092139999996
1714456804661, 2024-04-30T06:00:04.661Z, 465.78498079999997, 330.7869852
1714456804702, 2024-04-30T06:00:04.702Z, 484.30174320000003, 331.13225980000004
1714456804731, 2024-04-30T06:00:04.731Z, 502.3347545999999, 326.9878696
1714456804746, 2024-04-30T06:00:04.746Z, 518.5630613999999, 322.24924120000003
1714456804776, 2024-04-30T06:00:04.776Z, 529.7867452, 319.61016
1714456804791, 2024-04-30T06:00:04.791Z, 541.1629636, 319.6164852
1714456804821, 2024-04-30T06:00:04.821Z, 541.9626356, 319.5187336
1714456804866, 2024-04-30T06:00:04.866Z, 541.9740812000001, 317.8392666
1714456804887, 2024-04-30T06:00:04.887Z, 542.0444580000001, 316.2949546
1714456804914, 2024-04-30T06:00:04.914Z, 539.6750896, 315.47338840000003
1714456804930, 2024-04-30T06:00:04.930Z, 535.6431628, 313.7784114
1714456804957, 2024-04-30T06:00:04.957Z, 533.7112618, 316.7248402
1714456804973, 2024-04-30T06:00:04.973Z, 533.1235454, 321.240037
1714456805003, 2024-04-30T06:00:05.003Z, 532.7555709999999, 324.5447104
1714456805016, 2024-04-30T06:00:05.016Z, 524.5038246, 322.31750279999994
1714456805027, 2024-04-30T06:00:05.027Z, 504.83230939999993, 320.6886512
1714456805046, 2024-04-30T06:00:05.046Z, 465.24117379999996, 322.4112032
1714456805061, 2024-04-30T06:00:05.061Z, 423.1220814, 324.954531
1714456805090, 2024-04-30T06:00:05.090Z, 371.74606320000004, 329.4438956
1714456805106, 2024-04-30T06:00:05.106Z, 330.4626084, 338.6403728
1714456805152, 2024-04-30T06:00:05.152Z, 302.0273902, 351.2578
1714456805190, 2024-04-30T06:00:05.190Z, 295.3836856, 360.62190339999995
1714456805206, 2024-04-30T06:00:05.206Z, 292.373719, 370.4500786
1714456805237, 2024-04-30T06:00:05.237Z, 302.59836559999997, 380.61037559999994
1714456805252, 2024-04-30T06:00:05.252Z, 310.92132419999996, 389.0611204
1714456805282, 2024-04-30T06:00:05.282Z, 317.3329032, 391.96324979999997
1714456805319, 2024-04-30T06:00:05.319Z, 318.7105708, 391.9030656
1714456805334, 2024-04-30T06:00:05.334Z, 318.09758120000004, 391.1664205999999
1714456805364, 2024-04-30T06:00:05.364Z, 307.46566640000003, 403.98241939999997
1714456805379, 2024-04-30T06:00:05.379Z, 300.92096300000003, 416.79354220000005
1714456805408, 2024-04-30T06:00:05.408Z, 293.58920439999997, 431.1296037999999
1714456805425, 2024-04-30T06:00:05.425Z, 286.1694168, 446.0734798
1714456805454, 2024-04-30T06:00:05.454Z, 275.698034, 460.67508699999996
1714456805470, 2024-04-30T06:00:05.470Z, 270.4176056, 460.405865
1714456805501, 2024-04-30T06:00:05.501Z, 268.4337932, 458.0307707999999
1714456805517, 2024-04-30T06:00:05.517Z, 281.13441900000004, 453.71447079999996
1714456805548, 2024-04-30T06:00:05.548Z, 297.4858306, 449.9088086
1714456805563, 2024-04-30T06:00:05.563Z, 317.91557100000006, 446.18433400000004
1714456805606, 2024-04-30T06:00:05.606Z, 341.2426366, 439.99066899999997
1714456805632, 2024-04-30T06:00:05.632Z, 359.7178382, 437.25612
1714456805647, 2024-04-30T06:00:05.647Z, 368.3102832, 436.0847334
1714456805677, 2024-04-30T06:00:05.677Z, 385.1634194, 434.9652242
1714456805692, 2024-04-30T06:00:05.692Z, 403.2145256, 434.5617156
1714456805726, 2024-04-30T06:00:05.726Z, 415.84950899999995, 434.11844540000004
1714456805767, 2024-04-30T06:00:05.767Z, 428.51899140000006, 433.4311696
1714456805782, 2024-04-30T06:00:05.782Z, 432.336765, 426.13144700000004
1714456805812, 2024-04-30T06:00:05.812Z, 423.9634826, 415.58241180000005
1714456805827, 2024-04-30T06:00:05.827Z, 414.35180879999996, 402.769024
1714456805858, 2024-04-30T06:00:05.858Z, 411.98063220000006, 393.0031032
1714456805874, 2024-04-30T06:00:05.874Z, 408.6321314, 383.14043879999997
1714456805903, 2024-04-30T06:00:05.903Z, 412.60258020000003, 380.7557904
1714456805917, 2024-04-30T06:00:05.917Z, 420.46839339999997, 382.20200480000005
1714456805947, 2024-04-30T06:00:05.947Z, 420.3796517999999, 391.95313280000005
1714456805963, 2024-04-30T06:00:05.963Z, 414.76940299999995, 403.9791398
1714456805992, 2024-04-30T06:00:05.992Z, 392.01787279999996, 421.7507684
1714456806007, 2024-04-30T06:00:06.007Z, 365.50881940000005, 439.9386432
1714456806054, 2024-04-30T06:00:06.054Z, 316.59854759999996, 467.5171604
1714456806082, 2024-04-30T06:00:06.082Z, 282.5943894, 489.33419999999995
1714456806098, 2024-04-30T06:00:06.098Z, 249.9504892, 507.8831042
1714456806127, 2024-04-30T06:00:06.127Z, 230.27430199999998, 517.442229
1714456806147, 2024-04-30T06:00:06.147Z, 210.4827768, 522.5244444
1714456806172, 2024-04-30T06:00:06.172Z, 210.79740540000003, 516.5579184000001
1714456806217, 2024-04-30T06:00:06.217Z, 208.922183, 508.86151540000003
1714456806232, 2024-04-30T06:00:06.232Z, 206.9966238, 501.9804064
1714456806262, 2024-04-30T06:00:06.262Z, 216.422042, 499.980624
1714456806278, 2024-04-30T06:00:06.278Z, 226.66728479999998, 500.213422
1714456806309, 2024-04-30T06:00:06.309Z, 244.8365134, 500.9575892
1714456806325, 2024-04-30T06:00:06.325Z, 257.077883, 499.18243459999997
1714456806353, 2024-04-30T06:00:06.353Z, 270.6174046, 497.87760360000004
1714456806367, 2024-04-30T06:00:06.367Z, 277.2025028, 493.93565880000006
1714456806397, 2024-04-30T06:00:06.397Z, 286.09561099999996, 492.09874
1714456806412, 2024-04-30T06:00:06.412Z, 292.53161280000006, 491.12066500000003
1714456806442, 2024-04-30T06:00:06.442Z, 303.16171599999996, 495.57969940000004
1714456806457, 2024-04-30T06:00:06.457Z, 326.88861460000004, 502.106808
1714456806576, 2024-04-30T06:00:06.576Z, 354.8768638, 510.090129
1714456806592, 2024-04-30T06:00:06.592Z, 381.1647044, 514.906316
1714456806621, 2024-04-30T06:00:06.621Z, 393.1015006, 516.7791622000001
1714456806666, 2024-04-30T06:00:06.666Z, 403.7720638, 517.6017418
1714456806714, 2024-04-30T06:00:06.714Z, 398.8108358, 514.261254
1714456806730, 2024-04-30T06:00:06.730Z, 388.6026328, 510.75707459999995
1714456806761, 2024-04-30T06:00:06.761Z, 372.2778798, 511.28714820000005
1714456806776, 2024-04-30T06:00:06.776Z, 344.13958080000003, 517.6735592
1714456806802, 2024-04-30T06:00:06.802Z, 313.5890834, 522.8120444
1714456806815, 2024-04-30T06:00:06.815Z, 276.0563894, 527.5551338
1714456806845, 2024-04-30T06:00:06.845Z, 230.14894519999999, 528.4592382
1714456806861, 2024-04-30T06:00:06.861Z, 187.89584959999996, 526.6796554
1714456806891, 2024-04-30T06:00:06.891Z, 166.07779019999998, 521.3580946
1714456807893, 2024-04-30T06:00:07.893Z, 148.9787806, 472.20395859999996
1714456807908, 2024-04-30T06:00:07.908Z, 131.88065999999998, 408.4870006
1714456807939, 2024-04-30T06:00:07.939Z, 124.7051746, 347.0816062
1714456807955, 2024-04-30T06:00:07.955Z, 132.70220999999998, 286.3950052
1714456807975, 2024-04-30T06:00:07.975Z, 139.6159842, 222.3098362
1714456807999, 2024-04-30T06:00:07.999Z, 143.198595, 203.8478744
1714456808016, 2024-04-30T06:00:08.016Z, 156.7570698, 204.005152
1714456808032, 2024-04-30T06:00:08.032Z, 173.8053622, 208.22713439999998
1714456808047, 2024-04-30T06:00:08.047Z, 177.0474964, 209.474998
1714456808063, 2024-04-30T06:00:08.063Z, 191.8244186, 228.4854898
1714456808079, 2024-04-30T06:00:08.079Z, 204.8620388, 244.6720484
1714456808109, 2024-04-30T06:00:08.109Z, 213.2703044, 254.58303759999998
1714456808125, 2024-04-30T06:00:08.125Z, 216.534649, 259.907249
1714456808151, 2024-04-30T06:00:08.151Z, 230.0343704, 267.985542
1714456808165, 2024-04-30T06:00:08.165Z, 237.1387002, 261.851497
1714456808195, 2024-04-30T06:00:08.195Z, 252.479351, 258.346106
1714456808210, 2024-04-30T06:00:08.210Z, 276.5961434, 261.5563816
1714456808240, 2024-04-30T06:00:08.240Z, 301.68874500000004, 266.3827926
1714456808255, 2024-04-30T06:00:08.255Z, 319.7826088, 271.9927874
1714456808301, 2024-04-30T06:00:08.301Z, 336.86625180000004, 277.6022962
1714456808330, 2024-04-30T06:00:08.330Z, 346.30442360000006, 275.9233438
1714456808345, 2024-04-30T06:00:08.345Z, 357.883441, 268.1149646
1714456808381, 2024-04-30T06:00:08.381Z, 371.61245499999995, 260.3831112000001
1714456808393, 2024-04-30T06:00:08.393Z, 385.6610574, 253.875412
1714456808422, 2024-04-30T06:00:08.422Z, 393.9788506, 246.74225660000002
1714456808467, 2024-04-30T06:00:08.467Z, 401.6819408, 245.77801680000002
1714456808482, 2024-04-30T06:00:08.482Z, 403.9060492, 251.26549919999997
1714456808512, 2024-04-30T06:00:08.512Z, 402.44353639999997, 259.6916784
1714456808528, 2024-04-30T06:00:08.528Z, 398.4056122, 266.2587674
1714456808558, 2024-04-30T06:00:08.558Z, 405.73068159999997, 269.6205484
1714456808574, 2024-04-30T06:00:08.574Z, 414.02256539999996, 272.8842256
1714456808601, 2024-04-30T06:00:08.601Z, 428.0348966, 273.504915
1714456808615, 2024-04-30T06:00:08.615Z, 445.0514196000001, 269.6474944
1714456808645, 2024-04-30T06:00:08.645Z, 466.05945579999997, 264.4427064
1714456808664, 2024-04-30T06:00:08.664Z, 480.36541520000003, 261.1347754
1714456808691, 2024-04-30T06:00:08.691Z, 493.6630026000001, 256.8120086
1714456808708, 2024-04-30T06:00:08.708Z, 496.1944076, 256.32328079999996
1714456808756, 2024-04-30T06:00:08.756Z, 496.3232768, 255.1360004
1714456808780, 2024-04-30T06:00:08.780Z, 500.3176774, 254.92561859999995
1714456808795, 2024-04-30T06:00:08.795Z, 505.8712076, 256.9576348
1714456808825, 2024-04-30T06:00:08.825Z, 512.3556228, 260.1392924
1714456808844, 2024-04-30T06:00:08.844Z, 521.5826302, 258.54708739999995
1714456808872, 2024-04-30T06:00:08.872Z, 526.2074272, 255.6256926
1714456808918, 2024-04-30T06:00:08.918Z, 526.9031054, 255.11227979999998
1714456808941, 2024-04-30T06:00:08.941Z, 523.933952, 253.47889960000003
1714456808967, 2024-04-30T06:00:08.967Z, 525.9285550000001, 253.4006902
1714456808985, 2024-04-30T06:00:08.985Z, 526.7818254, 253.8401528
1714456809010, 2024-04-30T06:00:09.010Z, 531.5675325999999, 256.50178900000003
1714456809026, 2024-04-30T06:00:09.026Z, 532.832543, 254.8312304
1714456809053, 2024-04-30T06:00:09.053Z, 535.4581482, 253.7825194
1714456809067, 2024-04-30T06:00:09.067Z, 532.2638294000001, 249.1748286
1714456809096, 2024-04-30T06:00:09.096Z, 529.8687936, 242.34708379999998
1714456809114, 2024-04-30T06:00:09.114Z, 528.4339848, 237.01124760000002
1714456809142, 2024-04-30T06:00:09.142Z, 523.90846, 238.97197380000003
1714456809159, 2024-04-30T06:00:09.159Z, 519.4982646000001, 241.65571480000003
1714456809205, 2024-04-30T06:00:09.205Z, 513.4470147999999, 246.04034959999998
1714456809249, 2024-04-30T06:00:09.249Z, 501.8324606, 253.05182359999998
1714456809276, 2024-04-30T06:00:09.276Z, 489.55166420000006, 258.781602
1714456809819, 2024-04-30T06:00:09.819Z, 447.0772118, 298.9484098
1714456809833, 2024-04-30T06:00:09.833Z, 411.8631816, 325.1048466
1714456809864, 2024-04-30T06:00:09.864Z, 383.23849600000005, 352.1042656
1714456809880, 2024-04-30T06:00:09.880Z, 367.6990106, 384.39508779999994
1714456809911, 2024-04-30T06:00:09.911Z, 361.1983724, 426.99853700000006
1714456809926, 2024-04-30T06:00:09.926Z, 389.4896996, 429.205591
1714456810289, 2024-04-30T06:00:10.289Z, 358.8765028, 471.8207364
1714456810318, 2024-04-30T06:00:10.318Z, 339.2178426, 513.7943898
1714456810337, 2024-04-30T06:00:10.337Z, 314.11337919999994, 549.9003076
1714456810376, 2024-04-30T06:00:10.376Z, 282.0148852, 576.1471922
1714456810391, 2024-04-30T06:00:10.391Z, 249.40338579999997, 603.4141999999999
1714456810869, 2024-04-30T06:00:10.869Z, 245.04253940000004, 604.4405458
1714456810952, 2024-04-30T06:00:10.952Z, 327.457933, 562.6462584000001
1714456810967, 2024-04-30T06:00:10.967Z, 454.4686854, 506.4682098
1714456811002, 2024-04-30T06:00:11.002Z, 664.4093581999999, 427.36735080000005
1714456811035, 2024-04-30T06:00:11.035Z, 888.1442082, 348.6717416
1714456811046, 2024-04-30T06:00:11.046Z, 1134.7359842, 270.56661399999996
1714456811076, 2024-04-30T06:00:11.076Z, 1279.0960609999997, 235.8203834
1714456811170, 2024-04-30T06:00:11.170Z, 1392.0863046, 216.83613259999998
1714456811185, 2024-04-30T06:00:11.185Z, 1452.9875755999997, 215.590726
1714456811216, 2024-04-30T06:00:11.216Z, 1498.7050914, 210.93458420000002
1714456811232, 2024-04-30T06:00:11.232Z, 1543.5900723999998, 203.58867199999997
1714456811263, 2024-04-30T06:00:11.263Z, 1585.9037766000001, 197.58600299999998
1714456811281, 2024-04-30T06:00:11.281Z, 1609.7271366, 198.47601959999997
1714456811310, 2024-04-30T06:00:11.310Z, 1598.6977279999999, 207.593872
1714456811326, 2024-04-30T06:00:11.326Z, 1579.421641, 228.12869099999998
1714456811358, 2024-04-30T06:00:11.358Z, 1562.67094, 252.1017492
1714456811373, 2024-04-30T06:00:11.373Z, 1552.86616, 274.80261540000004
1714456811404, 2024-04-30T06:00:11.404Z, 1549.7697426, 288.1426534
1714456811420, 2024-04-30T06:00:11.420Z, 1553.7869722, 296.3378578
1714456811460, 2024-04-30T06:00:11.460Z, 1573.150702, 293.7549968
1714456811498, 2024-04-30T06:00:11.498Z, 1595.5863382, 284.4928842
1714456811514, 2024-04-30T06:00:11.514Z, 1614.8937956000002, 273.7723812
1714456811545, 2024-04-30T06:00:11.545Z, 1630.5151084000001, 264.09049259999995
1714456811576, 2024-04-30T06:00:11.576Z, 1639.3990124, 256.6674198
1714456811623, 2024-04-30T06:00:11.623Z, 1641.7707514, 252.0852104
1714456811639, 2024-04-30T06:00:11.639Z, 1639.118996, 254.55581120000002
1714456811670, 2024-04-30T06:00:11.670Z, 1635.647854, 257.9130886
1714456811686, 2024-04-30T06:00:11.686Z, 1631.3364446, 261.3432414
1714456811718, 2024-04-30T06:00:11.718Z, 1628.329854, 263.49265859999997
1714456811732, 2024-04-30T06:00:11.732Z, 1625.7997371999998, 263.9278612
1714456811754, 2024-04-30T06:00:11.754Z, 1624.2564898, 260.8001792
1714456811771, 2024-04-30T06:00:11.771Z, 1622.2065184, 255.6284236
1714456811802, 2024-04-30T06:00:11.802Z, 1620.8310040000001, 250.38540360000002
1714456811813, 2024-04-30T06:00:11.813Z, 1620.2804222, 246.43099060000003
1714456811843, 2024-04-30T06:00:11.843Z, 1620.0276816, 246.0351482
1714456811858, 2024-04-30T06:00:11.858Z, 1619.014818, 247.74622440000002
1714456811904, 2024-04-30T06:00:11.904Z, 1619.1996868, 251.3024406
1714456811949, 2024-04-30T06:00:11.949Z, 1603.5695496, 260.3770586
1714456812246, 2024-04-30T06:00:12.246Z, 1335.4318502, 303.4604116
1714456812261, 2024-04-30T06:00:12.261Z, 1059.1355398, 337.9033366
1714456812292, 2024-04-30T06:00:12.292Z, 788.7478017999999, 371.29683800000004
1714456812308, 2024-04-30T06:00:12.308Z, 523.7059746, 407.2468828
1714456812352, 2024-04-30T06:00:12.352Z, 273.4512848, 433.6301649999999
1714456812381, 2024-04-30T06:00:12.381Z, 281.06820600000003, 430.1332278
1714456812396, 2024-04-30T06:00:12.396Z, 298.9249314, 435.7115544
1714456812426, 2024-04-30T06:00:12.426Z, 312.84615660000003, 445.6522392
1714456812441, 2024-04-30T06:00:12.441Z, 318.97591360000007, 449.7498976
1714456812476, 2024-04-30T06:00:12.476Z, 324.92910240000003, 455.4759848
1714456812516, 2024-04-30T06:00:12.516Z, 323.75085939999997, 451.96920259999996
1714456812532, 2024-04-30T06:00:12.532Z, 322.24397639999995, 447.54606479999995
1714456812561, 2024-04-30T06:00:12.561Z, 317.0768012, 432.5576892
1714456812576, 2024-04-30T06:00:12.576Z, 319.0824638, 420.5655266
1714456812606, 2024-04-30T06:00:12.606Z, 316.63348260000004, 415.0653762
1714456812621, 2024-04-30T06:00:12.621Z, 304.9424438, 419.4542184
1714456812652, 2024-04-30T06:00:12.652Z, 285.2493818, 430.3460524
1714456812666, 2024-04-30T06:00:12.666Z, 269.2678462, 447.782384
1714456812696, 2024-04-30T06:00:12.696Z, 246.5052118, 465.7218226000001
1714456812716, 2024-04-30T06:00:12.716Z, 225.5531744, 480.7570966
1714456812742, 2024-04-30T06:00:12.742Z, 212.658954, 491.4226474
1714456812758, 2024-04-30T06:00:12.758Z, 206.2166302, 495.6666306
1714456812802, 2024-04-30T06:00:12.802Z, 196.514627, 499.4095838
1714456812831, 2024-04-30T06:00:12.831Z, 191.56522239999998, 506.15137880000003
1714456812846, 2024-04-30T06:00:12.846Z, 190.37967480000003, 511.60171439999993
1714456812876, 2024-04-30T06:00:12.876Z, 191.54155839999999, 516.8513301999999
1714456812891, 2024-04-30T06:00:12.891Z, 190.4886578, 517.1420553999999
1714456812921, 2024-04-30T06:00:12.921Z, 197.90524299999998, 520.1518858
1714456812966, 2024-04-30T06:00:12.966Z, 203.35999040000002, 517.4387290000001
1714456812981, 2024-04-30T06:00:12.981Z, 211.42878660000002, 516.053526
1714456813011, 2024-04-30T06:00:13.011Z, 237.39081259999998, 506.9717186
1714456813026, 2024-04-30T06:00:13.026Z, 265.992171, 503.0080874
1714456813056, 2024-04-30T06:00:13.056Z, 290.3911024, 496.0375207999999
1714456813075, 2024-04-30T06:00:13.075Z, 312.35858399999995, 493.38706540000004
1714456813106, 2024-04-30T06:00:13.106Z, 334.7861152, 487.49095900000003
1714456813120, 2024-04-30T06:00:13.120Z, 337.15203699999995, 490.81559159999995
1714456813149, 2024-04-30T06:00:13.149Z, 334.654968, 495.07147539999994
1714456813165, 2024-04-30T06:00:13.165Z, 332.552188, 499.2293028
1714456813196, 2024-04-30T06:00:13.196Z, 335.9675006, 502.6626868
1714456813211, 2024-04-30T06:00:13.211Z, 339.26153220000003, 507.01856260000005
1714456813254, 2024-04-30T06:00:13.254Z, 351.3635556, 508.82127479999997
1714456813288, 2024-04-30T06:00:13.288Z, 363.70575180000003, 515.4088954
1714456813304, 2024-04-30T06:00:13.304Z, 374.68346499999996, 519.6995648
1714456813335, 2024-04-30T06:00:13.335Z, 378.8517336000001, 520.5183928
1714456813350, 2024-04-30T06:00:13.350Z, 378.68477300000006, 518.230892
1714456813381, 2024-04-30T06:00:13.381Z, 371.885122, 513.9271512
1714456813421, 2024-04-30T06:00:13.421Z, 365.0562346, 500.89045480000004
1714456813436, 2024-04-30T06:00:13.436Z, 358.52840720000006, 491.035214
1714456813463, 2024-04-30T06:00:13.463Z, 333.9933052, 489.23603539999993
1714456813477, 2024-04-30T06:00:13.477Z, 303.7889592, 502.74053779999997
1714456813508, 2024-04-30T06:00:13.508Z, 272.3836726, 519.9418754000001
1714456813522, 2024-04-30T06:00:13.522Z, 232.8039926, 531.880044
1714456813553, 2024-04-30T06:00:13.553Z, 204.9225538, 550.1124188
1714456813569, 2024-04-30T06:00:13.569Z, 182.7819466, 555.8790816
1714456813600, 2024-04-30T06:00:13.600Z, 172.531558, 552.9270036
1714456813616, 2024-04-30T06:00:13.616Z, 159.9146456, 536.7555292
1714456813658, 2024-04-30T06:00:13.658Z, 159.1882426, 524.9108158
1714456813663, 2024-04-30T06:00:13.663Z, 143.46925019999998, 514.9526598
1714456813707, 2024-04-30T06:00:13.707Z, 138.5063548, 507.1558051999999
1714456813732, 2024-04-30T06:00:13.732Z, 165.6986634, 495.51264819999994
1714456813747, 2024-04-30T06:00:13.747Z, 304.28660419999994, 475.40403200000003
1714456813779, 2024-04-30T06:00:13.779Z, 485.87242299999997, 449.55305640000006
1714456813797, 2024-04-30T06:00:13.797Z, 704.4689603999999, 410.3562862
1714456813834, 2024-04-30T06:00:13.834Z, 959.0356756000001, 369.76982200000003
1714456813868, 2024-04-30T06:00:13.868Z, 1163.8294888, 323.4125938
1714456813883, 2024-04-30T06:00:13.883Z, 1260.3455262000002, 298.6955742
1714456813916, 2024-04-30T06:00:13.916Z, 1310.0605042000002, 284.30279939999997
1714456813928, 2024-04-30T06:00:13.928Z, 1321.9603642, 286.9605906
1714456813958, 2024-04-30T06:00:13.958Z, 1311.6449676, 299.83580219999993
1714456813974, 2024-04-30T06:00:13.974Z, 1316.7754882, 320.06890880000003
1714456814003, 2024-04-30T06:00:14.003Z, 1324.9693733999998, 336.8191276
1714456814020, 2024-04-30T06:00:14.020Z, 1338.885431, 345.9818694
1714456814098, 2024-04-30T06:00:14.098Z, 1374.2991474, 334.4333708
1714456814114, 2024-04-30T06:00:14.114Z, 1399.3466094, 318.64863299999996
1714456814186, 2024-04-30T06:00:14.186Z, 1462.0940936, 311.9136328000001
1714456814201, 2024-04-30T06:00:14.201Z, 1519.3209407999998, 312.94159980000006
1714456814227, 2024-04-30T06:00:14.227Z, 1576.1531235999998, 319.92542100000003
1714456814243, 2024-04-30T06:00:14.243Z, 1614.0807456, 336.8284342
1714456814287, 2024-04-30T06:00:14.287Z, 1651.7743598000002, 353.31241560000007
1714456814319, 2024-04-30T06:00:14.319Z, 1659.2515910000002, 345.6519006
1714456814335, 2024-04-30T06:00:14.335Z, 1669.465326, 332.64033140000004
1714456814366, 2024-04-30T06:00:14.366Z, 1675.5768102000002, 318.998892
1714456814382, 2024-04-30T06:00:14.382Z, 1678.5700884000003, 307.74036820000003
1714456814414, 2024-04-30T06:00:14.414Z, 1675.860394, 308.7720254
1714456814430, 2024-04-30T06:00:14.430Z, 1663.8082383999997, 324.9615834
1714456814454, 2024-04-30T06:00:14.454Z, 1658.1706768, 332.185418
1714456814468, 2024-04-30T06:00:14.468Z, 1655.9030644, 337.770944
1714456814498, 2024-04-30T06:00:14.498Z, 1660.3217382000003, 335.60396860000003
1714456814513, 2024-04-30T06:00:14.513Z, 1670.3497137999998, 321.6501806
1714456814543, 2024-04-30T06:00:14.543Z, 1681.5850174, 306.10136620000003
1714456814557, 2024-04-30T06:00:14.557Z, 1685.7846686, 302.257692
1714456814604, 2024-04-30T06:00:14.604Z, 1686.0956635999999, 302.60079119999995
1714456814633, 2024-04-30T06:00:14.633Z, 1682.8928038000001, 307.89916400000004
1714456814649, 2024-04-30T06:00:14.649Z, 1679.2088486, 314.2614224
1714456814680, 2024-04-30T06:00:14.680Z, 1653.2260682, 332.01700199999993
1714456814696, 2024-04-30T06:00:14.696Z, 1633.938151, 344.25181580000003
1714456814726, 2024-04-30T06:00:14.726Z, 1582.1100866, 353.20534799999996
1714456814766, 2024-04-30T06:00:14.766Z, 1496.0096852, 363.8113728
1714456814781, 2024-04-30T06:00:14.781Z, 1414.4539888000002, 371.03693680000003
1714456814812, 2024-04-30T06:00:14.812Z, 1349.3484852000001, 370.941241
1714456814826, 2024-04-30T06:00:14.826Z, 1287.5963928, 373.1745176
1714456814861, 2024-04-30T06:00:14.861Z, 1265.8206306, 371.11613100000005
1714456814882, 2024-04-30T06:00:14.882Z, 1303.5733534, 361.8454254
1714456814906, 2024-04-30T06:00:14.906Z, 1362.5861676, 350.73252460000003
1714456814920, 2024-04-30T06:00:14.920Z, 1431.2153451999998, 337.77732240000006
1714456814950, 2024-04-30T06:00:14.950Z, 1505.2246214, 325.785097
1714456814975, 2024-04-30T06:00:14.975Z, 1581.5317801999997, 318.8359828
1714456815006, 2024-04-30T06:00:15.006Z, 1634.529525, 310.5051934
1714456815021, 2024-04-30T06:00:15.021Z, 1661.4016717999998, 305.0001794
1714456815056, 2024-04-30T06:00:15.056Z, 1678.2456134, 303.00066239999995
1714456815085, 2024-04-30T06:00:15.085Z, 1676.6591661999998, 306.64292539999997
1714456815101, 2024-04-30T06:00:15.101Z, 1665.67421, 312.63006920000004
1714456815133, 2024-04-30T06:00:15.133Z, 1654.6138877999997, 323.01989519999995
1714456815148, 2024-04-30T06:00:15.148Z, 1652.4103464, 326.6965168
1714456815178, 2024-04-30T06:00:15.178Z, 1652.8668186, 328.58091939999997
1714456815215, 2024-04-30T06:00:15.215Z, 1655.8714264000002, 325.2738307999999
1714456815237, 2024-04-30T06:00:15.237Z, 1662.3305218, 318.5756812000001
1714456815271, 2024-04-30T06:00:15.271Z, 1667.0452014000002, 315.52281180000006
1714456815287, 2024-04-30T06:00:15.287Z, 1663.1133914000002, 323.9003956
1714456815318, 2024-04-30T06:00:15.318Z, 1668.8996624, 329.57792159999997
1714456815333, 2024-04-30T06:00:15.333Z, 1673.4961324, 334.5346878
1714456815358, 2024-04-30T06:00:15.358Z, 1678.8600881999998, 336.6082842
1714456815372, 2024-04-30T06:00:15.372Z, 1683.3573413999998, 335.0883508
1714456815411, 2024-04-30T06:00:15.411Z, 1687.1741258000002, 329.09569760000005
1714456815426, 2024-04-30T06:00:15.426Z, 1679.4782043999999, 326.66137100000003
1714456815458, 2024-04-30T06:00:15.458Z, 1661.9864768, 328.73074099999997
1714456815474, 2024-04-30T06:00:15.474Z, 1609.5545224, 350.09854779999995
1714456815509, 2024-04-30T06:00:15.509Z, 1527.4329166000002, 385.6521684
1714456815536, 2024-04-30T06:00:15.536Z, 1449.324581, 412.19008379999997
1714456815551, 2024-04-30T06:00:15.551Z, 1373.9834068, 434.9861548
1714456815566, 2024-04-30T06:00:15.566Z, 1312.4476318000002, 452.29972280000004
1714456815582, 2024-04-30T06:00:15.582Z, 1278.9432374, 453.619914
1714456815598, 2024-04-30T06:00:15.598Z, 1270.9537798, 445.15877639999997
1714456815668, 2024-04-30T06:00:15.668Z, 1248.3396870000001, 468.57489999999996
1714456815686, 2024-04-30T06:00:15.686Z, 1225.1845084, 504.9097054
1714456815716, 2024-04-30T06:00:15.716Z, 1201.1660064, 502.9058684
1714456815728, 2024-04-30T06:00:15.728Z, 1181.5369322000001, 522.1079159999999
1714456815758, 2024-04-30T06:00:15.758Z, 1163.0272126, 516.9127764
1714456815773, 2024-04-30T06:00:15.773Z, 1160.7624681999998, 480.4476667999999
1714456815804, 2024-04-30T06:00:15.804Z, 1162.913651, 440.4894816
1714456815863, 2024-04-30T06:00:15.863Z, 1181.1365352, 429.5230482
1714456815894, 2024-04-30T06:00:15.894Z, 1204.510504, 389.56375979999996
1714456815910, 2024-04-30T06:00:15.910Z, 1231.2311942000001, 372.12337879999995
1714456815958, 2024-04-30T06:00:15.958Z, 1226.3250620000001, 376.3680602
1714456816001, 2024-04-30T06:00:16.001Z, 1221.3445968, 367.3515676
1714456816017, 2024-04-30T06:00:16.017Z, 1199.126668, 370.86330899999996
1714456816032, 2024-04-30T06:00:16.032Z, 1166.8790564, 398.73531760000003
1714456816047, 2024-04-30T06:00:16.047Z, 1124.2952493999999, 438.5776054
1714456816078, 2024-04-30T06:00:16.078Z, 1107.5546709999999, 466.93983220000007
1714456816102, 2024-04-30T06:00:16.102Z, 1085.7207666000002, 468.56608859999994
1714456816118, 2024-04-30T06:00:16.118Z, 1069.4324709999999, 474.80972920000005
1714456816133, 2024-04-30T06:00:16.133Z, 1060.7688704, 466.763803
1714456816144, 2024-04-30T06:00:16.144Z, 1065.558296, 443.55253360000006
1714456816167, 2024-04-30T06:00:16.167Z, 1078.3850772, 418.4532588
1714456816179, 2024-04-30T06:00:16.179Z, 1098.157623, 423.67617559999997
1714456816193, 2024-04-30T06:00:16.193Z, 1111.2239114, 424.6557574
1714456816225, 2024-04-30T06:00:16.225Z, 1125.8251791999999, 422.2785132
1714456816270, 2024-04-30T06:00:16.270Z, 1137.6242438000002, 424.3484042
1714456816314, 2024-04-30T06:00:16.314Z, 1179.1683295999999, 412.96206600000005
1714456816345, 2024-04-30T06:00:16.345Z, 1205.0863508, 400.52249479999995
1714456816361, 2024-04-30T06:00:16.361Z, 1237.9145282, 382.5131614
1714456816404, 2024-04-30T06:00:16.404Z, 1241.45186, 366.18850080000004
1714456816432, 2024-04-30T06:00:16.432Z, 1236.7860862000002, 345.6378436
1714456816447, 2024-04-30T06:00:16.447Z, 1195.7550153999998, 339.86704060000005
1714456816478, 2024-04-30T06:00:16.478Z, 1171.9526128, 339.3150566
1714456816492, 2024-04-30T06:00:16.492Z, 1162.0547766, 354.8618724
1714456816527, 2024-04-30T06:00:16.527Z, 1196.9343754, 376.39418459999996
1714456816568, 2024-04-30T06:00:16.568Z, 1239.1709606, 404.8521786
1714456816583, 2024-04-30T06:00:16.583Z, 1280.0176103999997, 434.69060460000003
1714456816611, 2024-04-30T06:00:16.611Z, 1314.215503, 462.1989172
1714456816626, 2024-04-30T06:00:16.626Z, 1333.5663327999998, 470.492462
1714456816656, 2024-04-30T06:00:16.656Z, 1327.00373, 474.2531226
1714456816676, 2024-04-30T06:00:16.676Z, 1325.0554012, 473.35734920000004
1714456816709, 2024-04-30T06:00:16.709Z, 1324.2037708, 471.521112
1714456816720, 2024-04-30T06:00:16.720Z, 1319.8905672, 470.68527939999996
1714456816751, 2024-04-30T06:00:16.751Z, 1312.7997852, 474.02637639999995
1714456816767, 2024-04-30T06:00:16.767Z, 1315.2854014, 471.1825358
1714456816798, 2024-04-30T06:00:16.798Z, 1314.6879454, 468.28690159999996
1714456816814, 2024-04-30T06:00:16.814Z, 1311.1606252, 469.8104084
1714456816830, 2024-04-30T06:00:16.830Z, 1311.6526986000001, 469.4750672
1714456816855, 2024-04-30T06:00:16.855Z, 1297.9185182, 477.48809760000006
1714456816894, 2024-04-30T06:00:16.894Z, 1280.8776320000002, 485.15455060000005
1714456816909, 2024-04-30T06:00:16.909Z, 1264.7936519999998, 492.89496819999994
1714456816927, 2024-04-30T06:00:16.927Z, 1261.6656466, 495.17526319999996
1714456816942, 2024-04-30T06:00:16.942Z, 1255.3142562, 498.9670118
1714456816957, 2024-04-30T06:00:16.957Z, 1259.9650078, 496.7891388
1714456816987, 2024-04-30T06:00:16.987Z, 1266.2335498, 497.6121266
1714456817018, 2024-04-30T06:00:17.018Z, 1265.3498106, 502.5032358
1714456817034, 2024-04-30T06:00:17.034Z, 1254.793089, 508.57791960000003
1714456817050, 2024-04-30T06:00:17.050Z, 1244.1090724, 514.396263
1714456817065, 2024-04-30T06:00:17.065Z, 1231.1918881999998, 521.7904224000001
1714456817081, 2024-04-30T06:00:17.081Z, 1217.2287568, 529.9454710000001
1714456817111, 2024-04-30T06:00:17.111Z, 1208.5485250000002, 532.0501366000001
1714456817127, 2024-04-30T06:00:17.127Z, 1199.3592526, 531.9853535999999
1714456817154, 2024-04-30T06:00:17.154Z, 1204.0311046, 520.286095
1714456817167, 2024-04-30T06:00:17.167Z, 1212.4410816, 506.5022656
1714456817198, 2024-04-30T06:00:17.198Z, 1219.1529693999998, 494.1368056
1714456817212, 2024-04-30T06:00:17.212Z, 1226.8250522, 483.626025
1714456817224, 2024-04-30T06:00:17.224Z, 1229.7211218, 474.0826628
1714456817243, 2024-04-30T06:00:17.243Z, 1217.0413240000003, 472.41400459999994
1714456817257, 2024-04-30T06:00:17.257Z, 1204.239163, 472.04711419999995
1714456817304, 2024-04-30T06:00:17.304Z, 1194.4265268, 469.88220839999997
1714456817333, 2024-04-30T06:00:17.333Z, 1184.8926688, 470.22406639999997
1714456817359, 2024-04-30T06:00:17.359Z, 1182.3492525999998, 471.7587388
1714456817377, 2024-04-30T06:00:17.377Z, 1184.1710441999999, 472.93689140000004
1714456817392, 2024-04-30T06:00:17.392Z, 1194.9398224000001, 471.66245960000003
1714456817453, 2024-04-30T06:00:17.453Z, 1194.6689916, 456.5511782
1714456817484, 2024-04-30T06:00:17.484Z, 1183.1946366, 440.67504879999996
1714456817499, 2024-04-30T06:00:17.499Z, 1170.3556715999998, 423.5411798
1714456817515, 2024-04-30T06:00:17.515Z, 1160.1390436000002, 416.33875079999996
1714456817530, 2024-04-30T06:00:17.530Z, 1141.5696578000002, 408.286527
1714456817546, 2024-04-30T06:00:17.546Z, 1133.147468, 417.3988016
1714456817562, 2024-04-30T06:00:17.562Z, 1129.3003371999998, 430.6870696
1714456817578, 2024-04-30T06:00:17.578Z, 1099.1733907999999, 436.2984524
1714456817603, 2024-04-30T06:00:17.603Z, 1035.186666, 432.9916284000001
1714456817617, 2024-04-30T06:00:17.617Z, 960.4426051999999, 430.2989614
1714456817647, 2024-04-30T06:00:17.647Z, 852.6516699999999, 423.5348838
1714456817662, 2024-04-30T06:00:17.662Z, 718.8603314, 414.857935
1714456817697, 2024-04-30T06:00:17.697Z, 579.4295314000001, 419.6628324
1714456817708, 2024-04-30T06:00:17.708Z, 469.82130559999996, 423.8332386
1714456817782, 2024-04-30T06:00:17.782Z, 375.1299398, 428.36461339999994
1714456817797, 2024-04-30T06:00:17.797Z, 314.76545699999997, 437.70526579999995
1714456817828, 2024-04-30T06:00:17.828Z, 277.9218786, 449.00637859999995
1714456817843, 2024-04-30T06:00:17.843Z, 269.4791816, 455.5138438
1714456817874, 2024-04-30T06:00:17.874Z, 263.4641484, 464.4994645999999
1714456817915, 2024-04-30T06:00:17.915Z, 244.81294559999998, 477.9164138
1714456817931, 2024-04-30T06:00:17.931Z, 225.5822686, 487.9896898
1714456817941, 2024-04-30T06:00:17.941Z, 214.68959439999998, 491.9969954
1714456817961, 2024-04-30T06:00:17.961Z, 207.8562276, 495.57549199999994
1714456817976, 2024-04-30T06:00:17.976Z, 201.1916086, 499.4535528
1714456818005, 2024-04-30T06:00:18.005Z, 204.9337138, 501.0728298
1714456818020, 2024-04-30T06:00:18.020Z, 210.43913120000002, 505.56806240000003
1714456818052, 2024-04-30T06:00:18.052Z, 214.0781434, 512.2382794
1714456818066, 2024-04-30T06:00:18.066Z, 214.5064604, 518.1538352
1714456818095, 2024-04-30T06:00:18.095Z, 213.931727, 523.3718272
1714456818113, 2024-04-30T06:00:18.113Z, 208.312016, 524.7178794
1714456818143, 2024-04-30T06:00:18.143Z, 196.9454978, 520.5624667999999
1714456818168, 2024-04-30T06:00:18.168Z, 186.5821554, 513.689951
1714456818201, 2024-04-30T06:00:18.201Z, 179.0650754, 505.0900842
1714456818231, 2024-04-30T06:00:18.231Z, 171.07116639999998, 495.4896412
1714456818247, 2024-04-30T06:00:18.247Z, 167.80877279999999, 481.62991359999995
1714456818278, 2024-04-30T06:00:18.278Z, 171.1144466, 467.67663419999997
1714456818293, 2024-04-30T06:00:18.293Z, 175.15141820000002, 454.76380520000004
1714456818324, 2024-04-30T06:00:18.324Z, 186.958826, 439.7829804
1714456818365, 2024-04-30T06:00:18.365Z, 200.948358, 427.005317
1714456818380, 2024-04-30T06:00:18.380Z, 215.469174, 423.27514679999996
1714456818410, 2024-04-30T06:00:18.410Z, 230.67283660000004, 422.37301439999993
1714456818425, 2024-04-30T06:00:18.425Z, 250.10374099999999, 418.620724
1714456818455, 2024-04-30T06:00:18.455Z, 275.00463820000004, 424.37179260000005
1714456818470, 2024-04-30T06:00:18.470Z, 299.99949219999996, 430.4666346
1714456818502, 2024-04-30T06:00:18.502Z, 326.994927, 435.62312140000006
1714456818516, 2024-04-30T06:00:18.516Z, 350.595538, 435.85083299999997
1714456818545, 2024-04-30T06:00:18.545Z, 368.21474539999997, 441.60653160000004
1714456818561, 2024-04-30T06:00:18.561Z, 369.6813154, 439.1181678
1714456818592, 2024-04-30T06:00:18.592Z, 372.42217580000005, 432.07038300000005
1714456818605, 2024-04-30T06:00:18.605Z, 376.6215088, 421.65107659999995
1714456818652, 2024-04-30T06:00:18.652Z, 385.3042732, 414.05427999999995
1714456818681, 2024-04-30T06:00:18.681Z, 404.951238, 402.6711128
1714456818697, 2024-04-30T06:00:18.697Z, 427.6486578, 393.551926
1714456818728, 2024-04-30T06:00:18.728Z, 441.36871759999997, 388.018373
1714456818743, 2024-04-30T06:00:18.743Z, 432.2435544, 378.4865808
1714456818774, 2024-04-30T06:00:18.774Z, 404.34167279999997, 369.047958
1714456818966, 2024-04-30T06:00:18.966Z, 387.77689620000007, 342.84905799999996
1714456818995, 2024-04-30T06:00:18.995Z, 353.5192684, 328.6856718
1714456819010, 2024-04-30T06:00:19.010Z, 328.8578606, 310.49103479999997
1714456819040, 2024-04-30T06:00:19.040Z, 323.4913478, 297.7139726
1714456819056, 2024-04-30T06:00:19.056Z, 331.4153942, 288.1964034
1714456819104, 2024-04-30T06:00:19.104Z, 327.5113142, 293.3019386
1714456819130, 2024-04-30T06:00:19.130Z, 341.8146026, 297.33020640000007
1714456819146, 2024-04-30T06:00:19.146Z, 353.3640486, 306.7989646
1714456819176, 2024-04-30T06:00:19.176Z, 368.94469039999996, 322.4665026
1714456819192, 2024-04-30T06:00:19.192Z, 385.79875100000004, 338.7442444
1714456819223, 2024-04-30T06:00:19.223Z, 390.0744596, 352.6453414
1714456819265, 2024-04-30T06:00:19.265Z, 396.3229774, 360.1494702
1714456819283, 2024-04-30T06:00:19.283Z, 400.2520624, 362.5845064
1714456819312, 2024-04-30T06:00:19.312Z, 473.6897764, 360.05792280000003
1714456819326, 2024-04-30T06:00:19.326Z, 549.7415189999999, 355.9456626
1714456819356, 2024-04-30T06:00:19.356Z, 647.9320667999999, 359.30329140000003
1714456819373, 2024-04-30T06:00:19.373Z, 759.7673572, 359.2089834
1714456819404, 2024-04-30T06:00:19.404Z, 931.9865338, 369.3548854
1714456819418, 2024-04-30T06:00:19.418Z, 1029.5440776, 376.2667658
1714456819449, 2024-04-30T06:00:19.449Z, 1122.9844924000001, 381.4377088
1714456819462, 2024-04-30T06:00:19.462Z, 1181.5478536, 370.3189558
1714456819493, 2024-04-30T06:00:19.493Z, 1221.8591068, 358.4306292
1714456819508, 2024-04-30T06:00:19.508Z, 1199.959278, 339.3039078
1714456819558, 2024-04-30T06:00:19.558Z, 1188.4391792000001, 324.97318
1714456819585, 2024-04-30T06:00:19.585Z, 1188.00159, 318.5109546
1714456819601, 2024-04-30T06:00:19.601Z, 1202.2870486, 325.01778619999993
1714456819644, 2024-04-30T06:00:19.644Z, 1231.6778148, 347.4555186
1714456819660, 2024-04-30T06:00:19.660Z, 1264.847378, 371.0264704
1714456819676, 2024-04-30T06:00:19.676Z, 1285.9319668, 394.0027012
1714456819721, 2024-04-30T06:00:19.721Z, 1295.9745203999998, 412.7385964
1714456819737, 2024-04-30T06:00:19.737Z, 1306.6696378, 432.3637516
1714456819768, 2024-04-30T06:00:19.768Z, 1293.4249624, 436.89852579999996
1714456819783, 2024-04-30T06:00:19.783Z, 1275.5356160000001, 442.0427864
1714456819814, 2024-04-30T06:00:19.814Z, 1257.3787182, 445.7732308000001
1714456819829, 2024-04-30T06:00:19.829Z, 1238.6862392, 448.17704160000005
1714456819854, 2024-04-30T06:00:19.854Z, 1223.8527093999999, 450.0674935999999
1714456819866, 2024-04-30T06:00:19.866Z, 1218.7100712000001, 451.9155806
1714456819908, 2024-04-30T06:00:19.908Z, 1219.7050742000001, 449.41855240000007
1714456819923, 2024-04-30T06:00:19.923Z, 1222.6882542, 446.2324540000001
1714456819955, 2024-04-30T06:00:19.955Z, 1227.4804682000001, 443.3306016
1714456819971, 2024-04-30T06:00:19.971Z, 1229.5041165999999, 442.6232212
1714456820039, 2024-04-30T06:00:20.039Z, 1220.882423, 436.8754186
1714456820049, 2024-04-30T06:00:20.049Z, 1207.4529072, 433.1486086
1714456820079, 2024-04-30T06:00:20.079Z, 1204.7162429999998, 429.8441019999999
1714456820095, 2024-04-30T06:00:20.095Z, 1210.1106918, 426.2986029999999
1714456820126, 2024-04-30T06:00:20.126Z, 1217.5003946, 421.51433239999994
1714456820167, 2024-04-30T06:00:20.167Z, 1247.0982419999998, 429.80248220000004
1714456820182, 2024-04-30T06:00:20.182Z, 1278.1469163999998, 439.3625664
1714456820213, 2024-04-30T06:00:20.213Z, 1295.4003011999998, 449.9660708
1714456820233, 2024-04-30T06:00:20.233Z, 1304.3632994, 459.69423900000004
1714456820258, 2024-04-30T06:00:20.258Z, 1312.2226196, 469.4131558
1714456820272, 2024-04-30T06:00:20.272Z, 1315.9948848, 471.772869
1714456820304, 2024-04-30T06:00:20.304Z, 1328.6353233999998, 473.507273
1714456820317, 2024-04-30T06:00:20.317Z, 1341.9248341999999, 474.0500266
1714456820360, 2024-04-30T06:00:20.360Z, 1355.2200427999999, 474.2691404
1714456820375, 2024-04-30T06:00:20.375Z, 1369.5687047999998, 472.2366344
1714456820392, 2024-04-30T06:00:20.392Z, 1374.3185885999999, 469.6151474
1714456820407, 2024-04-30T06:00:20.407Z, 1369.0616, 467.989762
1714456820454, 2024-04-30T06:00:20.454Z, 1347.1154780000002, 466.24825419999996
1714456820485, 2024-04-30T06:00:20.485Z, 1304.7196377999999, 464.0278134
1714456820500, 2024-04-30T06:00:20.500Z, 1263.2523984, 462.33586640000004
1714456820531, 2024-04-30T06:00:20.531Z, 1218.6885686, 457.7342372
1714456820546, 2024-04-30T06:00:20.546Z, 1175.2263876, 454.9860248
1714456820577, 2024-04-30T06:00:20.577Z, 1151.8600199999998, 450.43345239999996
1714456820616, 2024-04-30T06:00:20.616Z, 1149.2861318, 446.58580659999996
1714456820630, 2024-04-30T06:00:20.630Z, 1141.1914138, 447.34444840000003
1714456820661, 2024-04-30T06:00:20.661Z, 1140.3968732, 452.6157918
1714456820676, 2024-04-30T06:00:20.676Z, 1142.8117366, 452.31061200000005
1714456820706, 2024-04-30T06:00:20.706Z, 1143.5637120000004, 454.4726162
1714456820721, 2024-04-30T06:00:20.721Z, 1143.3059566, 456.8966676
1714456820752, 2024-04-30T06:00:20.752Z, 1143.0559399999997, 454.8095174
1714456820766, 2024-04-30T06:00:20.766Z, 1141.0963678, 450.89954639999996
1714456820797, 2024-04-30T06:00:20.797Z, 1136.2081383999998, 450.4117148
1714456820811, 2024-04-30T06:00:20.811Z, 1133.5562208, 450.99670080000004
1714456820842, 2024-04-30T06:00:20.842Z, 1130.3499858, 451.794583
1714456820857, 2024-04-30T06:00:20.857Z, 1129.7202404000002, 454.06142660000006
1714456820902, 2024-04-30T06:00:20.902Z, 1131.675625, 454.5565866
1714456820931, 2024-04-30T06:00:20.931Z, 1135.7723852000001, 454.788003
1714456820946, 2024-04-30T06:00:20.946Z, 1138.146937, 454.8909168
1714456820975, 2024-04-30T06:00:20.975Z, 1144.0739675999998, 453.8579968
1714456820991, 2024-04-30T06:00:20.991Z, 1161.2702735999999, 450.41141500000003
1714456821020, 2024-04-30T06:00:21.020Z, 1187.468523, 457.61366039999996
1714456821066, 2024-04-30T06:00:21.066Z, 1216.6272212, 469.14760880000006
1714456821081, 2024-04-30T06:00:21.081Z, 1243.8767382, 480.74066039999997
1714456821111, 2024-04-30T06:00:21.111Z, 1270.3845516, 492.5553997999999
1714456821127, 2024-04-30T06:00:21.127Z, 1286.0611726000002, 506.89696540000006
1714456821156, 2024-04-30T06:00:21.156Z, 1292.5523648, 510.9061388
1714456821172, 2024-04-30T06:00:21.172Z, 1294.4449992000002, 511.1009056000001
1714456821202, 2024-04-30T06:00:21.202Z, 1290.4456152, 517.1228778000001
1714456821224, 2024-04-30T06:00:21.224Z, 1282.4571134000003, 525.66133
1714456821248, 2024-04-30T06:00:21.248Z, 1266.464602, 536.1066766
1714456821264, 2024-04-30T06:00:21.264Z, 1245.169884, 548.729575
1714456821294, 2024-04-30T06:00:21.294Z, 1221.5129194, 568.6988854
1714456821310, 2024-04-30T06:00:21.310Z, 1206.7059943999998, 583.146544
1714456821352, 2024-04-30T06:00:21.352Z, 1196.0102798, 601.4459288
1714456821382, 2024-04-30T06:00:21.382Z, 1200.1255492, 622.2388685999999
1714456821396, 2024-04-30T06:00:21.396Z, 1208.5169620000001, 642.4641101999999
1714456821438, 2024-04-30T06:00:21.438Z, 1220.2780601999998, 655.4030394
1714456821453, 2024-04-30T06:00:21.453Z, 1230.2492732, 667.2156566
1714456821472, 2024-04-30T06:00:21.472Z, 1238.4673534, 672.6796721999999
1714456821516, 2024-04-30T06:00:21.516Z, 1246.250963, 672.7105862000001
1714456821532, 2024-04-30T06:00:21.532Z, 1247.5210644000001, 673.6104986
1714456821562, 2024-04-30T06:00:21.562Z, 1251.3087426, 672.4710144000001
1714456821582, 2024-04-30T06:00:21.582Z, 1253.5391374, 672.1803774
1714456821609, 2024-04-30T06:00:21.609Z, 1254.2744882, 672.9563908
1714456821624, 2024-04-30T06:00:21.624Z, 1246.4610367999999, 673.8031508
1714456821653, 2024-04-30T06:00:21.653Z, 1240.4175222000001, 674.8400038
1714456821666, 2024-04-30T06:00:21.666Z, 1233.4587204, 676.053929
1714456821696, 2024-04-30T06:00:21.696Z, 1223.3205322000001, 675.8547176
1714456821711, 2024-04-30T06:00:21.711Z, 1212.1718958000001, 675.4111042000001
1714456821742, 2024-04-30T06:00:21.742Z, 1201.1016101999999, 675.9545518
1714456821756, 2024-04-30T06:00:21.756Z, 1193.4300178, 675.9493438
1714456821803, 2024-04-30T06:00:21.803Z, 1184.8341032, 677.828065
1714456821832, 2024-04-30T06:00:21.832Z, 1182.9726952, 681.4353248
1714456821847, 2024-04-30T06:00:21.847Z, 1184.4104242, 684.2844281999999
1714456821876, 2024-04-30T06:00:21.876Z, 1188.3613546, 687.0870636
1714456821891, 2024-04-30T06:00:21.891Z, 1192.4057906, 689.1941724000001
1714456821938, 2024-04-30T06:00:21.938Z, 1193.8074978, 690.0824506000001
1714456821967, 2024-04-30T06:00:21.967Z, 1192.5480255999998, 689.7801096
1714456821982, 2024-04-30T06:00:21.982Z, 1190.0440084, 690.1117776000001
1714456822012, 2024-04-30T06:00:22.012Z, 1177.2671498, 693.3840696000001
1714456822028, 2024-04-30T06:00:22.028Z, 1164.6062628000002, 696.5831942000001
1714456822059, 2024-04-30T06:00:22.059Z, 1153.9963084, 699.8753892000001
1714456822075, 2024-04-30T06:00:22.075Z, 1144.9595894, 702.805734
1714456822108, 2024-04-30T06:00:22.108Z, 1138.5010058000003, 705.5558346
1714456822121, 2024-04-30T06:00:22.121Z, 1143.795225, 705.3135540000001
1714456822153, 2024-04-30T06:00:22.153Z, 1151.9892984, 705.3050989999999
1714456822168, 2024-04-30T06:00:22.168Z, 1159.8808318, 705.7444466
1714456822200, 2024-04-30T06:00:22.200Z, 1165.4116422, 706.6941966
1714456822216, 2024-04-30T06:00:22.216Z, 1163.6361777999998, 709.1303217999999
1714456822252, 2024-04-30T06:00:22.252Z, 1158.1502406, 711.6702715999999
1714456822281, 2024-04-30T06:00:22.281Z, 1149.9642622, 713.368341
1714456822302, 2024-04-30T06:00:22.302Z, 1142.0120658, 715.209227
1714456822327, 2024-04-30T06:00:22.327Z, 1136.3420078, 718.0557753999999
1714456822341, 2024-04-30T06:00:22.341Z, 1135.8047762, 719.2984278
1714456822372, 2024-04-30T06:00:22.372Z, 1137.2284003999998, 720.444236
1714456822423, 2024-04-30T06:00:22.423Z, 1137.7420238, 721.3267846
1714456822433, 2024-04-30T06:00:22.433Z, 1135.2093542, 720.586765
1714456822463, 2024-04-30T06:00:22.463Z, 1131.1751680000002, 718.9085732000001
1714456822479, 2024-04-30T06:00:22.479Z, 1126.5581688, 718.0613792
1714456822510, 2024-04-30T06:00:22.510Z, 1123.1246302, 718.971984
1714456822526, 2024-04-30T06:00:22.526Z, 1121.7976604, 720.754935
1714456822552, 2024-04-30T06:00:22.552Z, 1125.4702694, 723.086137
1714456822566, 2024-04-30T06:00:22.566Z, 1130.8482806000002, 724.1946902
1714456822595, 2024-04-30T06:00:22.595Z, 1135.82357, 724.8120746000001
1714456822611, 2024-04-30T06:00:22.611Z, 1137.3745924, 724.0773662
1714456822640, 2024-04-30T06:00:22.640Z, 1135.8766068, 723.4415256
1714456822656, 2024-04-30T06:00:22.656Z, 1132.1466074, 723.8040622000001
1714456822703, 2024-04-30T06:00:22.703Z, 1127.993904, 724.3776244000001
1714456822747, 2024-04-30T06:00:22.747Z, 1123.7162270000001, 724.0542594000001
1714456822775, 2024-04-30T06:00:22.775Z, 964.43563, 693.851311
1714456822791, 2024-04-30T06:00:22.791Z, 795.3025276000001, 663.5931998
1714456822823, 2024-04-30T06:00:22.823Z, 620.7171466000001, 632.8323320000001
1714456822866, 2024-04-30T06:00:22.866Z, 445.35483300000004, 600.9364056000001
1714456822881, 2024-04-30T06:00:22.881Z, 270.9626942, 569.7045586000002
1714456822910, 2024-04-30T06:00:22.910Z, 260.261047, 569.5839027999999
1714456822926, 2024-04-30T06:00:22.926Z, 260.4557316, 568.7472046
1714456822955, 2024-04-30T06:00:22.955Z, 266.0158824, 565.5748533999999
1714456822972, 2024-04-30T06:00:22.972Z, 272.9787302, 565.6265724
1714456823001, 2024-04-30T06:00:23.001Z, 273.6198636, 558.0753496
1714456823025, 2024-04-30T06:00:23.025Z, 265.9563996, 548.2063377999999
1714456823046, 2024-04-30T06:00:23.046Z, 257.9132986, 539.4150194
1714456823062, 2024-04-30T06:00:23.062Z, 246.26454400000003, 540.5025365999999
1714456823090, 2024-04-30T06:00:23.090Z, 231.15209199999998, 544.8715866
1714456823107, 2024-04-30T06:00:23.107Z, 224.28048859999998, 555.7923314000001
1714456823152, 2024-04-30T06:00:23.152Z, 219.7504766, 567.4112548
1714456823245, 2024-04-30T06:00:23.245Z, 460.41056319999996, 637.9551708
1714456823275, 2024-04-30T06:00:23.275Z, 704.7462924, 692.8258126000001
1714456823318, 2024-04-30T06:00:23.318Z, 953.9634176, 746.3528146000001
1714456823333, 2024-04-30T06:00:23.333Z, 1200.6714548, 798.588034
1714456823364, 2024-04-30T06:00:23.364Z, 1448.065243, 845.273998
1714456823377, 2024-04-30T06:00:23.377Z, 1448.9727897999999, 833.6322459999999
1714456823407, 2024-04-30T06:00:23.407Z, 1455.299393, 832.1471497999999
1714456823423, 2024-04-30T06:00:23.423Z, 1456.9172502, 826.9896946000001
1714456823453, 2024-04-30T06:00:23.453Z, 1459.1046754000001, 824.1008282
1714456823466, 2024-04-30T06:00:23.466Z, 1462.3530526, 826.0797622
1714456823504, 2024-04-30T06:00:23.504Z, 1468.8925106000002, 826.677044
1714456823518, 2024-04-30T06:00:23.518Z, 1471.126124, 826.7347368000001
1714456823527, 2024-04-30T06:00:23.527Z, 1475.1208856, 826.7785494
1714456823546, 2024-04-30T06:00:23.546Z, 1478.9529046, 826.9614088000001
1714456823560, 2024-04-30T06:00:23.560Z, 1481.5541176000002, 827.7601007999999
1714456823576, 2024-04-30T06:00:23.576Z, 1481.4643124000002, 829.3945970000001
1714456823604, 2024-04-30T06:00:23.604Z, 1478.4595722, 829.3489904
1714456823634, 2024-04-30T06:00:23.634Z, 1479.8431905999998, 836.2930581999999
1714456823649, 2024-04-30T06:00:23.649Z, 1481.771655, 844.9129298
1714456823664, 2024-04-30T06:00:23.664Z, 1482.0645512, 852.7139272000001
1714456823679, 2024-04-30T06:00:23.679Z, 1482.3867488, 857.6337815999999
1714456823695, 2024-04-30T06:00:23.695Z, 1482.7042020000001, 860.3242618
1714456823726, 2024-04-30T06:00:23.726Z, 1478.1047475999999, 854.670717
1714456823769, 2024-04-30T06:00:23.769Z, 1475.2683882, 846.1147891999999
1714456823783, 2024-04-30T06:00:23.783Z, 1477.3961044, 834.7352859999999
1714456823820, 2024-04-30T06:00:23.820Z, 1480.2676548, 826.0097478