1714457099276, 2024-04-30T06:04:59.276Z, 304.454906, 308.092743
1714457099293, 2024-04-30T06:04:59.293Z, 301.299211, 311.484817
1714457099308, 2024-04-30T06:04:59.308Z, 293.2363276666667, 313.8290286666667
1714457099339, 2024-04-30T06:04:59.339Z, 287.72780925, 315.29233450000004
1714457099358, 2024-04-30T06:04:59.358Z, 279.6813836, 314.4785446
1714457099387, 2024-04-30T06:04:59.387Z, 265.03203560000003, 313.51805679999995
1714457099402, 2024-04-30T06:04:59.402Z, 253.15456899999998, 312.0342568
1714457099442, 2024-04-30T06:04:59.442Z, 239.91872719999998, 312.3584582
1714457099472, 2024-04-30T06:04:59.472Z, 234.855116, 315.5855384
1714457099487, 2024-04-30T06:04:59.487Z, 230.82277839999998, 319.2379078
1714457099517, 2024-04-30T06:04:59.517Z, 235.8104186, 326.6248962
1714457099532, 2024-04-30T06:04:59.532Z, 239.3360814, 333.226585
1714457099565, 2024-04-30T06:04:59.565Z, 248.66037780000002, 336.7271748
1714457099607, 2024-04-30T06:04:59.607Z, 247.85408660000002, 332.60058319999996
1714457099622, 2024-04-30T06:04:59.622Z, 252.37952320000005, 330.24209179999997
1714457099652, 2024-04-30T06:04:59.652Z, 244.73559700000004, 329.0509022
1714457099668, 2024-04-30T06:04:59.668Z, 237.1397202, 334.1220886
1714457099699, 2024-04-30T06:04:59.699Z, 229.12340559999998, 340.9641994
1714457099715, 2024-04-30T06:04:59.715Z, 223.80539520000002, 353.10531359999993
1714457099743, 2024-04-30T06:04:59.743Z, 217.9338552, 364.0527467999999
1714457099758, 2024-04-30T06:04:59.758Z, 218.38150019999998, 369.6309666
1714457099787, 2024-04-30T06:04:59.787Z, 218.55867339999995, 369.18578360000004
1714457099802, 2024-04-30T06:04:59.803Z, 218.8549844, 369.4689732
1714457099832, 2024-04-30T06:04:59.832Z, 220.70096560000002, 371.1419634
1714457099848, 2024-04-30T06:04:59.848Z, 222.3848312, 374.5843766
1714457099893, 2024-04-30T06:04:59.893Z, 228.39046959999996, 386.9331408
1714457099922, 2024-04-30T06:04:59.922Z, 236.011236, 401.16312899999997
1714457099937, 2024-04-30T06:04:59.937Z, 244.2761872, 415.6965311999999
1714457099967, 2024-04-30T06:04:59.967Z, 251.87964019999998, 426.9923714
1714457099982, 2024-04-30T06:04:59.982Z, 259.7693366, 437.42465840000006
1714457100017, 2024-04-30T06:05:00.017Z, 263.8151274, 443.2202078
1714457100061, 2024-04-30T06:05:00.061Z, 269.03884819999996, 445.60644940000003
1714457100077, 2024-04-30T06:05:00.077Z, 279.99986359999997, 443.58844719999996
1714457100106, 2024-04-30T06:05:00.106Z, 294.1542816, 443.810455
1714457100122, 2024-04-30T06:05:00.122Z, 313.033759, 445.73163479999994
1714457100153, 2024-04-30T06:05:00.153Z, 331.54571139999996, 444.93393940000004
1714457100167, 2024-04-30T06:05:00.167Z, 346.784377, 443.90574259999994
1714457100197, 2024-04-30T06:05:00.197Z, 355.34320080000003, 444.49563639999997
1714457100212, 2024-04-30T06:05:00.212Z, 359.92406020000004, 443.23411580000004
1714457100242, 2024-04-30T06:05:00.242Z, 357.7677756, 440.04867219999994
1714457100258, 2024-04-30T06:05:00.258Z, 355.3282372, 436.91270640000005
1714457100289, 2024-04-30T06:05:00.289Z, 350.6841006, 435.83560960000005
1714457100305, 2024-04-30T06:05:00.305Z, 346.366274, 435.48667559999996
1714457100345, 2024-04-30T06:05:00.345Z, 345.30158539999996, 436.0297635999999
1714457100373, 2024-04-30T06:05:00.373Z, 344.6419158, 436.62001879999997
1714457100388, 2024-04-30T06:05:00.388Z, 372.7939534, 438.56064
1714457100421, 2024-04-30T06:05:00.421Z, 402.8894104, 439.481149
1714457100434, 2024-04-30T06:05:00.434Z, 425.8331526, 438.932704
1714457100444, 2024-04-30T06:05:00.444Z, 448.5768886000001, 438.3753508
1714457100463, 2024-04-30T06:05:00.463Z, 470.28790300000003, 438.059328
1714457100508, 2024-04-30T06:05:00.508Z, 453.4508924, 435.8148564
1714457100523, 2024-04-30T06:05:00.523Z, 440.15200940000005, 435.0525178
1714457100553, 2024-04-30T06:05:00.553Z, 423.56497500000006, 440.34502039999995
1714457100569, 2024-04-30T06:05:00.569Z, 404.1485196, 447.0012546
1714457100600, 2024-04-30T06:05:00.600Z, 385.0755416, 459.6038992
1714457100616, 2024-04-30T06:05:00.616Z, 376.3437244, 473.00091920000006
1714457100644, 2024-04-30T06:05:00.644Z, 368.016827, 484.289825
1714457100658, 2024-04-30T06:05:00.658Z, 369.965528, 491.0778472
1714457100687, 2024-04-30T06:05:00.688Z, 370.7749288, 497.3715086
1714457100703, 2024-04-30T06:05:00.703Z, 372.31968079999996, 499.3568458
1714457100732, 2024-04-30T06:05:00.732Z, 372.3215722, 501.84278200000006
1714457100748, 2024-04-30T06:05:00.748Z, 355.72415040000004, 508.9508442
1714457100794, 2024-04-30T06:05:00.794Z, 328.7103962, 518.9207984
1714457100822, 2024-04-30T06:05:00.822Z, 292.9687722, 534.0725462
1714457100837, 2024-04-30T06:05:00.837Z, 258.68085899999994, 547.517453
1714457100867, 2024-04-30T06:05:00.867Z, 225.9216952, 560.2336014
1714457100882, 2024-04-30T06:05:00.882Z, 206.04951839999998, 569.3104118
1714457100912, 2024-04-30T06:05:00.912Z, 196.45587619999998, 576.1633856000001
1714457100957, 2024-04-30T06:05:00.957Z, 196.3743908, 576.7389994
1714457100972, 2024-04-30T06:05:00.972Z, 193.97876279999997, 575.3767734
1714457101003, 2024-04-30T06:05:01.003Z, 191.3146956, 574.618966
1714457101020, 2024-04-30T06:05:01.020Z, 205.26334219999998, 629.2427698
1714457101067, 2024-04-30T06:05:01.067Z, 214.7311346, 682.0041066
1714457101097, 2024-04-30T06:05:01.097Z, 222.998265, 739.2884196000001
1714457101113, 2024-04-30T06:05:01.113Z, 231.6237764, 799.0712974
1714457101144, 2024-04-30T06:05:01.144Z, 239.81190580000003, 858.043216
1714457101160, 2024-04-30T06:05:01.160Z, 232.48485259999998, 861.2293586
1714457101191, 2024-04-30T06:05:01.191Z, 232.2820776, 864.7239382
1714457101207, 2024-04-30T06:05:01.207Z, 236.908746, 863.7850104000001
1714457101246, 2024-04-30T06:05:01.246Z, 240.17489600000005, 863.6556634000001
1714457101274, 2024-04-30T06:05:01.274Z, 234.8368982, 872.4449124
1714457101294, 2024-04-30T06:05:01.294Z, 229.17075260000001, 882.2324937999999
1714457101319, 2024-04-30T06:05:01.319Z, 228.092115, 893.6132078
1714457101334, 2024-04-30T06:05:01.334Z, 223.40331999999998, 905.2393052
1714457101364, 2024-04-30T06:05:01.364Z, 220.12812900000003, 917.0770424
1714457101412, 2024-04-30T06:05:01.412Z, 228.47327060000003, 919.9230191999999
1714457101428, 2024-04-30T06:05:01.428Z, 234.0482594, 923.0528514
1714457101459, 2024-04-30T06:05:01.459Z, 249.83717420000002, 922.1198378000001
1714457101474, 2024-04-30T06:05:01.474Z, 273.8543472, 920.7374116000001
1714457101505, 2024-04-30T06:05:01.505Z, 300.3242602, 917.5639562
1714457101520, 2024-04-30T06:05:01.520Z, 325.10024940000005, 914.9939236000002
1714457101545, 2024-04-30T06:05:01.545Z, 375.2985954, 913.0576972000001
1714457101560, 2024-04-30T06:05:01.560Z, 411.45226779999996, 914.3600972
1714457101589, 2024-04-30T06:05:01.589Z, 429.36005320000004, 907.0828251999999
1714457101604, 2024-04-30T06:05:01.604Z, 444.8837292, 899.2640783999999
1714457101637, 2024-04-30T06:05:01.637Z, 464.79995119999995, 892.0078066
1714457101649, 2024-04-30T06:05:01.649Z, 466.20232219999997, 885.9522174
1714457101696, 2024-04-30T06:05:01.696Z, 462.7153594, 874.9235425999999
1714457101707, 2024-04-30T06:05:01.707Z, 469.5147686, 873.904018
1714457101724, 2024-04-30T06:05:01.724Z, 465.64135400000004, 866.3557628000001
1714457101741, 2024-04-30T06:05:01.741Z, 456.90540799999997, 858.0862878
1714457101753, 2024-04-30T06:05:01.753Z, 441.991682, 844.8936
1714457101769, 2024-04-30T06:05:01.769Z, 427.19494540000005, 834.9321201999999
1714457101785, 2024-04-30T06:05:01.785Z, 413.0420008, 825.4164632
1714457101801, 2024-04-30T06:05:01.801Z, 410.8916372, 824.1438074
1714457101816, 2024-04-30T06:05:01.816Z, 407.664049, 823.1885288000001
1714457101842, 2024-04-30T06:05:01.842Z, 406.3451438, 823.8605800000001
1714457101859, 2024-04-30T06:05:01.859Z, 407.0230048, 828.2438331999999
1714457101874, 2024-04-30T06:05:01.874Z, 407.2525548, 828.5643324
1714457101884, 2024-04-30T06:05:01.884Z, 403.2513158, 819.5142612
1714457101902, 2024-04-30T06:05:01.902Z, 401.09510579999994, 815.1707384
1714457101918, 2024-04-30T06:05:01.918Z, 399.3439274, 812.0608408
1714457101928, 2024-04-30T06:05:01.928Z, 395.562752, 806.6684658
1714457101947, 2024-04-30T06:05:01.947Z, 391.28592599999996, 803.9685592
1714457101963, 2024-04-30T06:05:01.963Z, 390.4881626, 809.9533596
1714457101993, 2024-04-30T06:05:01.993Z, 388.03662679999996, 814.1019116
1714457102008, 2024-04-30T06:05:02.008Z, 384.12206159999994, 818.174033
1714457102018, 2024-04-30T06:05:02.018Z, 384.9159896, 819.7244295999999
1714457102037, 2024-04-30T06:05:02.037Z, 383.7415118, 823.0877069999999
1714457102053, 2024-04-30T06:05:02.053Z, 380.4664712, 825.369975
1714457102064, 2024-04-30T06:05:02.064Z, 379.60430800000006, 822.5722045999998
1714457102082, 2024-04-30T06:05:02.082Z, 378.81646520000004, 818.5887012000001
1714457102098, 2024-04-30T06:05:02.098Z, 368.0077882, 815.8217932
1714457102145, 2024-04-30T06:05:02.145Z, 357.87418140000005, 810.3155886000001
1714457102155, 2024-04-30T06:05:02.155Z, 351.17215999999996, 805.1876486
1714457102173, 2024-04-30T06:05:02.173Z, 341.6415212, 800.8644554
1714457102188, 2024-04-30T06:05:02.188Z, 317.7615526, 791.7868226
1714457102218, 2024-04-30T06:05:02.218Z, 301.4322628, 784.1771868000001
1714457102233, 2024-04-30T06:05:02.233Z, 284.10389739999994, 776.1806332
1714457102248, 2024-04-30T06:05:02.248Z, 269.80739539999996, 762.882697
1714457102264, 2024-04-30T06:05:02.264Z, 254.0127924, 752.6237394000001
1714457102289, 2024-04-30T06:05:02.289Z, 258.3416718, 746.8342434
1714457102307, 2024-04-30T06:05:02.307Z, 261.9111404, 742.2507562000001
1714457102323, 2024-04-30T06:05:02.323Z, 269.2787948, 740.0690138
1714457102333, 2024-04-30T06:05:02.333Z, 277.480763, 742.206329
1714457102358, 2024-04-30T06:05:02.358Z, 290.1733158, 743.5957694
1714457102373, 2024-04-30T06:05:02.373Z, 299.9156286, 745.7434632
1714457102389, 2024-04-30T06:05:02.389Z, 310.8940328, 745.2229986
1714457102405, 2024-04-30T06:05:02.405Z, 321.29413239999997, 744.8804662
1714457102420, 2024-04-30T06:05:02.420Z, 325.9092198, 747.5590007999999
1714457102449, 2024-04-30T06:05:02.449Z, 327.57825679999996, 749.6897855999999
1714457102464, 2024-04-30T06:05:02.464Z, 326.6593786, 749.8920817999999
1714457102475, 2024-04-30T06:05:02.475Z, 325.8892722, 751.2456538
1714457102491, 2024-04-30T06:05:02.491Z, 324.09428560000003, 749.9603088
1714457102508, 2024-04-30T06:05:02.508Z, 326.75526, 746.5543198
1714457102552, 2024-04-30T06:05:02.552Z, 331.5494382, 743.7659514
1714457102565, 2024-04-30T06:05:02.565Z, 336.6113656, 739.7991930000001
1714457102599, 2024-04-30T06:05:02.599Z, 342.8985776, 748.7773578
1714457102608, 2024-04-30T06:05:02.608Z, 349.3954686, 759.5252035999999
1714457102626, 2024-04-30T06:05:02.626Z, 347.3834208, 770.2903652
1714457102654, 2024-04-30T06:05:02.654Z, 340.08241860000004, 787.0128586000001
1714457102669, 2024-04-30T06:05:02.669Z, 332.0660418, 808.2746694
1714457102685, 2024-04-30T06:05:02.685Z, 321.4407268, 817.8077082000001
1714457102699, 2024-04-30T06:05:02.699Z, 314.680104, 823.3357932000001
1714457102715, 2024-04-30T06:05:02.715Z, 311.8425464, 830.7880948000002
1714457102742, 2024-04-30T06:05:02.742Z, 312.5925372, 830.4903026
1714457102758, 2024-04-30T06:05:02.758Z, 306.862786, 828.0528524000001
1714457102774, 2024-04-30T06:05:02.774Z, 299.6463112, 826.5776748000001
1714457102783, 2024-04-30T06:05:02.783Z, 287.7271968, 829.2022436
1714457102803, 2024-04-30T06:05:02.803Z, 274.70845840000004, 829.0775202000001
1714457102818, 2024-04-30T06:05:02.818Z, 263.1098114, 828.395665
1714457102848, 2024-04-30T06:05:02.848Z, 258.0961854, 827.7389114
1714457102863, 2024-04-30T06:05:02.863Z, 254.7258018, 816.3277797999999
1714457102893, 2024-04-30T06:05:02.893Z, 252.11998699999998, 802.9020974
1714457102908, 2024-04-30T06:05:02.908Z, 251.58658960000002, 790.3779837999999
1714457102938, 2024-04-30T06:05:02.938Z, 244.9576378, 770.7420476
1714457102953, 2024-04-30T06:05:02.953Z, 241.41407180000002, 750.9341172
1714457102964, 2024-04-30T06:05:02.964Z, 237.89877719999998, 740.0610610000001
1714457102982, 2024-04-30T06:05:02.982Z, 229.5513108, 732.5137544
1714457103001, 2024-04-30T06:05:03.002Z, 219.0606614, 729.5995924
1714457103010, 2024-04-30T06:05:03.010Z, 215.6596936, 736.174734
1714457103051, 2024-04-30T06:05:03.051Z, 208.5415282, 746.7250876
1714457103059, 2024-04-30T06:05:03.059Z, 207.8883096, 757.759269
1714457103077, 2024-04-30T06:05:03.077Z, 221.9543186, 762.7286114
1714457103104, 2024-04-30T06:05:03.104Z, 239.0542072, 762.8384991999999
1714457103119, 2024-04-30T06:05:03.119Z, 261.4813474, 748.8913656000001
1714457103135, 2024-04-30T06:05:03.135Z, 285.4217504, 729.4545777999999
1714457103151, 2024-04-30T06:05:03.151Z, 303.7644484, 705.4993948
1714457103166, 2024-04-30T06:05:03.166Z, 312.0224784, 686.3181452
1714457103192, 2024-04-30T06:05:03.192Z, 318.5790844, 667.1945862
1714457103209, 2024-04-30T06:05:03.209Z, 317.74625480000003, 665.5008212
1714457103225, 2024-04-30T06:05:03.225Z, 322.4032642, 665.7566608000001
1714457103236, 2024-04-30T06:05:03.236Z, 328.42460140000003, 666.107851
1714457103254, 2024-04-30T06:05:03.254Z, 336.050925, 663.7959864000001
1714457103270, 2024-04-30T06:05:03.270Z, 342.15507820000005, 657.8850824
1714457103285, 2024-04-30T06:05:03.285Z, 346.7693746, 644.3569332
1714457103299, 2024-04-30T06:05:03.299Z, 346.3246286, 632.0685500000001
1714457103315, 2024-04-30T06:05:03.315Z, 344.8590328, 630.0895408
1714457103345, 2024-04-30T06:05:03.345Z, 349.90193860000005, 656.149756
1714457103360, 2024-04-30T06:05:03.360Z, 353.361311, 705.1361278
1714457103372, 2024-04-30T06:05:03.372Z, 359.87882279999997, 757.0362238
1714457103391, 2024-04-30T06:05:03.391Z, 367.77148159999996, 811.6774468000001
1714457103415, 2024-04-30T06:05:03.415Z, 378.1585102, 860.5573058000002
1714457103431, 2024-04-30T06:05:03.431Z, 381.30712159999996, 881.9009798000001
1714457103445, 2024-04-30T06:05:03.445Z, 384.7326314, 882.0266796
1714457103461, 2024-04-30T06:05:03.461Z, 385.3396162, 881.9728694000001
1714457103499, 2024-04-30T06:05:03.499Z, 348.3558422, 791.2759976
1714457103528, 2024-04-30T06:05:03.528Z, 313.34806, 707.3082492000001
1714457103554, 2024-04-30T06:05:03.554Z, 274.8438198, 615.8843318000002
1714457103569, 2024-04-30T06:05:03.569Z, 239.4680034, 522.652431
1714457103585, 2024-04-30T06:05:03.585Z, 210.6371512, 430.81896879999994
1714457103585, 2024-04-30T06:05:03.585Z, 213.635833, 417.61544139999995
1714457103600, 2024-04-30T06:05:03.600Z, 213.89156599999995, 402.765084
1714457103615, 2024-04-30T06:05:03.615Z, 215.0635968, 391.637875
1714457103642, 2024-04-30T06:05:03.642Z, 209.80817900000002, 381.3878706
1714457103659, 2024-04-30T06:05:03.659Z, 200.1821428, 372.9930996
1714457103674, 2024-04-30T06:05:03.674Z, 195.45747139999997, 373.072475
1714457103704, 2024-04-30T06:05:03.704Z, 192.39128379999997, 367.3507208
1714457103719, 2024-04-30T06:05:03.719Z, 188.1739936, 370.0559048
1714457103730, 2024-04-30T06:05:03.730Z, 192.7596844, 375.89252159999995
1714457103752, 2024-04-30T06:05:03.752Z, 198.1407868, 379.43575180000005
1714457103764, 2024-04-30T06:05:03.764Z, 203.29158, 384.9311502
1714457103795, 2024-04-30T06:05:03.795Z, 211.575245, 395.9208582
1714457103810, 2024-04-30T06:05:03.810Z, 224.34745360000002, 404.6004844
1714457103820, 2024-04-30T06:05:03.820Z, 234.3530968, 413.40500099999997
1714457103839, 2024-04-30T06:05:03.839Z, 241.94175879999997, 422.4455516
1714457103855, 2024-04-30T06:05:03.855Z, 247.6986304, 429.3393582
1714457103884, 2024-04-30T06:05:03.884Z, 244.05851779999998, 429.78458259999996
1714457103899, 2024-04-30T06:05:03.899Z, 239.6656486, 429.10150079999994
1714457103910, 2024-04-30T06:05:03.910Z, 234.30966159999997, 427.1175692
1714457103946, 2024-04-30T06:05:03.946Z, 231.3977096, 423.78565119999996
1714457103977, 2024-04-30T06:05:03.977Z, 230.66723259999998, 423.2117996
1714457103989, 2024-04-30T06:05:03.989Z, 231.86584539999998, 425.1123592
1714457104019, 2024-04-30T06:05:04.019Z, 231.7716092, 428.29401499999994
1714457104039, 2024-04-30T06:05:04.039Z, 232.5766658, 432.68556920000003
1714457104048, 2024-04-30T06:05:04.048Z, 232.33422760000002, 437.7017408
1714457104064, 2024-04-30T06:05:04.064Z, 227.3495406, 442.60825860000006
1714457104109, 2024-04-30T06:05:04.109Z, 230.14254220000004, 451.0554056
1714457104124, 2024-04-30T06:05:04.124Z, 241.6431726, 459.82398240000003
1714457104154, 2024-04-30T06:05:04.154Z, 256.3111576, 471.2335279999999
1714457104169, 2024-04-30T06:05:04.169Z, 277.9869366, 484.48125300000004
1714457104199, 2024-04-30T06:05:04.199Z, 301.010623, 489.95221000000004
1714457104215, 2024-04-30T06:05:04.215Z, 314.48833499999995, 484.09286360000004
1714457104245, 2024-04-30T06:05:04.245Z, 319.9057644, 474.9694574
1714457104259, 2024-04-30T06:05:04.259Z, 322.45554039999996, 461.36647899999997
1714457104289, 2024-04-30T06:05:04.289Z, 317.18430939999996, 440.46331200000003
1714457104304, 2024-04-30T06:05:04.304Z, 314.0563994, 424.9888608
1714457104332, 2024-04-30T06:05:04.332Z, 313.93811919999996, 414.0193152
1714457104347, 2024-04-30T06:05:04.347Z, 313.6941418, 405.584179
1714457104396, 2024-04-30T06:05:04.396Z, 320.40490059999996, 397.5814902
1714457104427, 2024-04-30T06:05:04.427Z, 328.97608879999996, 396.0544488
1714457104438, 2024-04-30T06:05:04.438Z, 347.0661678, 394.0568516
1714457104468, 2024-04-30T06:05:04.468Z, 366.1438836, 393.97004240000007
1714457104483, 2024-04-30T06:05:04.483Z, 390.33676019999996, 394.440526
1714457104513, 2024-04-30T06:05:04.513Z, 407.3282554, 396.8140152
1714457104558, 2024-04-30T06:05:04.558Z, 430.94192459999994, 399.92745640000004
1714457104574, 2024-04-30T06:05:04.574Z, 445.85176620000004, 401.2717432
1714457104605, 2024-04-30T06:05:04.605Z, 453.8990326, 397.8381652
1714457104635, 2024-04-30T06:05:04.635Z, 456.2300370000001, 391.6002758
1714457104652, 2024-04-30T06:05:04.652Z, 455.3729598, 381.6634416
1714457104667, 2024-04-30T06:05:04.667Z, 415.0840954, 349.3416514
1714457104693, 2024-04-30T06:05:04.693Z, 363.8588698, 312.757928
1714457104708, 2024-04-30T06:05:04.708Z, 313.8610794, 278.5452116
1714457104718, 2024-04-30T06:05:04.718Z, 265.98785119999997, 246.94916540000003
1714457104737, 2024-04-30T06:05:04.737Z, 225.12824080000001, 221.39177
1714457104753, 2024-04-30T06:05:04.753Z, 211.179956, 213.5599032
1714457104768, 2024-04-30T06:05:04.768Z, 209.6748286, 212.790603
1714457104782, 2024-04-30T06:05:04.782Z, 207.387025, 205.12210220000003
1714457104799, 2024-04-30T06:05:04.799Z, 203.8074572, 196.38524160000003
1714457104850, 2024-04-30T06:05:04.850Z, 195.01196819999998, 187.1122804
1714457104859, 2024-04-30T06:05:04.859Z, 190.2024844, 184.1157518
1714457104876, 2024-04-30T06:05:04.876Z, 184.0311498, 182.0469298
1714457104893, 2024-04-30T06:05:04.893Z, 186.19803380000002, 185.925901
1714457104930, 2024-04-30T06:05:04.930Z, 189.515002, 187.1626278
1714457104945, 2024-04-30T06:05:04.945Z, 193.58256679999997, 179.6235256
1714457104964, 2024-04-30T06:05:04.964Z, 199.6200778, 171.92519520000002
1714457105008, 2024-04-30T06:05:05.008Z, 207.7458, 172.75965219999998
1714457105024, 2024-04-30T06:05:05.024Z, 210.88546839999998, 188.9150676
1714457105055, 2024-04-30T06:05:05.055Z, 212.39906200000001, 213.29943139999995
1714457105071, 2024-04-30T06:05:05.071Z, 216.3986436, 248.98937740000002
1714457105102, 2024-04-30T06:05:05.102Z, 205.77177380000003, 268.5870788
1714457105117, 2024-04-30T06:05:05.117Z, 192.49206279999999, 278.18940999999995
1714457105143, 2024-04-30T06:05:05.143Z, 184.3969308, 281.4305856
1714457105156, 2024-04-30T06:05:05.156Z, 179.56950580000003, 281.16401260000004
1714457105187, 2024-04-30T06:05:05.187Z, 194.11075780000002, 298.6596178
1714457105202, 2024-04-30T06:05:05.202Z, 222.6916604, 329.2610406
1714457105231, 2024-04-30T06:05:05.231Z, 250.46974260000002, 360.842961
1714457105247, 2024-04-30T06:05:05.247Z, 273.2753428, 385.8787332
1714457105294, 2024-04-30T06:05:05.294Z, 291.7575816, 408.17286120000006
1714457105336, 2024-04-30T06:05:05.336Z, 291.7326202, 407.0973774
1714457105352, 2024-04-30T06:05:05.352Z, 291.6100962, 406.2185712
1714457105383, 2024-04-30T06:05:05.383Z, 303.55510319999996, 405.040122
1714457105399, 2024-04-30T06:05:05.399Z, 316.89570459999993, 404.6520938
1714457105415, 2024-04-30T06:05:05.415Z, 334.0461656, 406.959073
1714457105460, 2024-04-30T06:05:05.460Z, 347.2388244, 412.83741419999996
1714457105475, 2024-04-30T06:05:05.475Z, 357.130578, 419.0464886000001
1714457105504, 2024-04-30T06:05:05.504Z, 352.7807854, 425.9487276
1714457105520, 2024-04-30T06:05:05.520Z, 353.9657514, 427.86320379999995
1714457105549, 2024-04-30T06:05:05.549Z, 358.5208658, 423.882017
1714457105564, 2024-04-30T06:05:05.564Z, 365.9460422, 419.32426860000004
1714457105601, 2024-04-30T06:05:05.601Z, 373.57552819999995, 413.1464247999999
1714457105610, 2024-04-30T06:05:05.610Z, 384.9932914, 405.0881526
1714457105649, 2024-04-30T06:05:05.649Z, 391.66805020000004, 401.5707652
1714457105664, 2024-04-30T06:05:05.664Z, 392.424351, 400.7950058
1714457105695, 2024-04-30T06:05:05.695Z, 385.9816452, 405.5186536
1714457105711, 2024-04-30T06:05:05.711Z, 378.1253862, 419.8858254
1714457105748, 2024-04-30T06:05:05.748Z, 362.58586879999996, 431.9489458
1714457105773, 2024-04-30T06:05:05.773Z, 342.2264646, 443.2965284
1714457105804, 2024-04-30T06:05:05.804Z, 323.278806, 457.34456639999996
1714457105819, 2024-04-30T06:05:05.819Z, 317.3369422, 465.69508399999995
1714457105835, 2024-04-30T06:05:05.835Z, 319.22221900000005, 465.2382318
1714457105866, 2024-04-30T06:05:05.866Z, 329.8401796, 470.7613488
1714457105914, 2024-04-30T06:05:05.914Z, 323.6027742, 486.1111138
1714457105930, 2024-04-30T06:05:05.930Z, 312.37114940000004, 499.4677554
1714457105961, 2024-04-30T06:05:05.961Z, 291.38694019999997, 511.8711872
1714457105976, 2024-04-30T06:05:05.976Z, 262.7544558, 524.681476
1714457106007, 2024-04-30T06:05:06.007Z, 222.46633379999997, 534.6841856000001
1714457106023, 2024-04-30T06:05:06.023Z, 202.19444900000002, 536.2421686
1714457106045, 2024-04-30T06:05:06.045Z, 188.21045220000002, 537.264958
1714457106057, 2024-04-30T06:05:06.057Z, 177.44477360000002, 537.2352725999999
1714457106087, 2024-04-30T06:05:06.087Z, 172.4789828, 538.2939650000001
1714457106103, 2024-04-30T06:05:06.103Z, 179.5114672, 540.2804669999999
1714457106132, 2024-04-30T06:05:06.132Z, 188.5637896, 540.2877646
1714457106148, 2024-04-30T06:05:06.148Z, 203.65411, 541.0998984
1714457106194, 2024-04-30T06:05:06.194Z, 227.20821560000005, 543.5932128000001
1714457106225, 2024-04-30T06:05:06.225Z, 258.4091826, 549.0075727999999
1714457106239, 2024-04-30T06:05:06.239Z, 287.8260748, 552.7146118000001
1714457106271, 2024-04-30T06:05:06.271Z, 315.68508920000005, 557.1764922
1714457106286, 2024-04-30T06:05:06.286Z, 338.71675519999997, 562.3683442
1714457106317, 2024-04-30T06:05:06.317Z, 358.4926386, 565.6111198000001
1714457106357, 2024-04-30T06:05:06.357Z, 365.6596074, 562.7364534000001
1714457106372, 2024-04-30T06:05:06.372Z, 374.78813260000004, 560.6537913999999
1714457106402, 2024-04-30T06:05:06.402Z, 380.79053860000005, 558.4863802
1714457106417, 2024-04-30T06:05:06.417Z, 384.09901440000004, 551.8970998
1714457106447, 2024-04-30T06:05:06.447Z, 387.0338446, 545.5945714
1714457106462, 2024-04-30T06:05:06.462Z, 395.70371620000003, 541.83897
1714457106493, 2024-04-30T06:05:06.493Z, 401.488206, 536.569301
1714457106507, 2024-04-30T06:05:06.507Z, 412.23324080000003, 531.9723031999999
1714457106537, 2024-04-30T06:05:06.537Z, 433.18597580000005, 533.5151086
1714457106552, 2024-04-30T06:05:06.552Z, 451.139506, 533.433875
1714457106582, 2024-04-30T06:05:06.582Z, 465.62180520000004, 531.5536244
1714457106598, 2024-04-30T06:05:06.598Z, 481.30578019999996, 531.3174455999999
1714457106644, 2024-04-30T06:05:06.644Z, 493.85446360000003, 531.6474553999999
1714457106675, 2024-04-30T06:05:06.675Z, 492.7803762, 531.4878858
1714457106690, 2024-04-30T06:05:06.690Z, 488.49774039999994, 534.2980359999999
1714457106721, 2024-04-30T06:05:06.721Z, 486.27484760000004, 538.4835312
1714457106736, 2024-04-30T06:05:06.736Z, 481.203841, 543.3750778000001
1714457106767, 2024-04-30T06:05:06.767Z, 502.92150439999995, 543.8305588
1714457106807, 2024-04-30T06:05:06.807Z, 530.4068758000001, 541.686371
1714457106822, 2024-04-30T06:05:06.822Z, 556.8888092, 537.662181
1714457106852, 2024-04-30T06:05:06.852Z, 582.5577998000001, 533.401112
1714457106867, 2024-04-30T06:05:06.867Z, 611.3156226, 528.4174644
1714457106897, 2024-04-30T06:05:06.897Z, 613.6697568000001, 527.8541262000001
1714457106912, 2024-04-30T06:05:06.912Z, 613.341666, 528.6592537999999
1714457106943, 2024-04-30T06:05:06.943Z, 610.3162402, 523.6370224
1714457106957, 2024-04-30T06:05:06.957Z, 606.6057978, 517.6818874
1714457106986, 2024-04-30T06:05:06.986Z, 601.7299602, 510.6481404000001
1714457107002, 2024-04-30T06:05:07.002Z, 597.5624111999999, 503.567162
1714457107032, 2024-04-30T06:05:07.032Z, 604.6711240000001, 494.36780339999996
1714457107140, 2024-04-30T06:05:07.140Z, 629.9887677999999, 480.4425671999999
1714457107172, 2024-04-30T06:05:07.172Z, 669.7133051999999, 495.46676560000003
1714457107187, 2024-04-30T06:05:07.187Z, 701.9176064000001, 502.15746079999997
1714457107218, 2024-04-30T06:05:07.218Z, 736.1230493999999, 514.2507398
1714457107258, 2024-04-30T06:05:07.258Z, 753.0985702, 524.8915758
1714457107272, 2024-04-30T06:05:07.272Z, 753.6971108, 544.5100772
1714457107302, 2024-04-30T06:05:07.302Z, 723.6360284, 531.5271804
1714457107318, 2024-04-30T06:05:07.318Z, 664.3140238, 528.5630613999999
1714457107347, 2024-04-30T06:05:07.347Z, 590.0100744, 522.1596755999999
1714457107363, 2024-04-30T06:05:07.363Z, 500.965819, 528.059944
1714457107392, 2024-04-30T06:05:07.392Z, 407.918681, 539.1307838
1714457107406, 2024-04-30T06:05:07.406Z, 331.00538900000004, 555.5921528
1714457107437, 2024-04-30T06:05:07.437Z, 277.952358, 584.1023334
1714457107452, 2024-04-30T06:05:07.452Z, 238.52860180000002, 611.1227396
1714457107482, 2024-04-30T06:05:07.482Z, 222.3582714, 628.7831126000001
1714457107497, 2024-04-30T06:05:07.497Z, 213.7888066, 642.9364585999999
1714457107543, 2024-04-30T06:05:07.543Z, 210.245795, 653.2334246
1714457107575, 2024-04-30T06:05:07.575Z, 225.80057939999998, 649.1897531999999
1714457107590, 2024-04-30T06:05:07.590Z, 239.80749299999997, 645.1231015999999
1714457107621, 2024-04-30T06:05:07.621Z, 251.11213200000003, 640.0871132
1714457107636, 2024-04-30T06:05:07.636Z, 261.94463640000004, 634.6407728
1714457107667, 2024-04-30T06:05:07.667Z, 268.19481239999993, 632.1481913999999
1714457107706, 2024-04-30T06:05:07.706Z, 268.1999998, 629.9320426
1714457107721, 2024-04-30T06:05:07.721Z, 268.832737, 627.539806
1714457107751, 2024-04-30T06:05:07.751Z, 266.31644760000006, 626.3168786
1714457107766, 2024-04-30T06:05:07.766Z, 265.78064079999996, 624.8762884
1714457107796, 2024-04-30T06:05:07.796Z, 268.5814044, 623.2509118
1714457107810, 2024-04-30T06:05:07.810Z, 284.57760820000004, 622.3777492
1714457107842, 2024-04-30T06:05:07.842Z, 302.3274272, 621.7761052
1714457107856, 2024-04-30T06:05:07.856Z, 319.9579284, 621.3161354
1714457107889, 2024-04-30T06:05:07.889Z, 335.3262936, 621.01681
1714457107904, 2024-04-30T06:05:07.904Z, 348.1611144, 620.26062
1714457107930, 2024-04-30T06:05:07.930Z, 341.4650812, 609.4782252
1714457107948, 2024-04-30T06:05:07.948Z, 325.7757834, 597.0284257999999
1714457107994, 2024-04-30T06:05:07.994Z, 311.99410739999996, 575.9144766
1714457108024, 2024-04-30T06:05:08.024Z, 291.99733419999995, 551.6758922
1714457108071, 2024-04-30T06:05:08.071Z, 255.0278174, 517.9523873999999
1714457108117, 2024-04-30T06:05:08.117Z, 222.18378819999998, 496.50163499999996
1714457108172, 2024-04-30T06:05:08.172Z, 206.88912580000002, 490.18400139999994
1714457108202, 2024-04-30T06:05:08.202Z, 230.1741692, 496.087793
1714457108217, 2024-04-30T06:05:08.217Z, 263.66093620000004, 504.3255676
1714457108247, 2024-04-30T06:05:08.247Z, 326.7913584, 522.0165406
1714457108264, 2024-04-30T06:05:08.264Z, 383.7300182, 533.9243414
1714457108293, 2024-04-30T06:05:08.293Z, 437.0145606, 534.9374518000001
1714457108308, 2024-04-30T06:05:08.308Z, 447.27955679999997, 525.9163926
1714457108337, 2024-04-30T06:05:08.337Z, 452.37092620000004, 516.4335326
1714457108354, 2024-04-30T06:05:08.354Z, 445.35431480000005, 509.9928578
1714457108382, 2024-04-30T06:05:08.382Z, 455.28488080000005, 510.7252428
1714457108474, 2024-04-30T06:05:08.474Z, 460.25631519999996, 509.9994174
1714457108489, 2024-04-30T06:05:08.489Z, 470.84951579999995, 515.2759174
1714457108520, 2024-04-30T06:05:08.520Z, 494.8412714, 521.8861944
1714457108535, 2024-04-30T06:05:08.535Z, 517.7928284, 526.6525588000001
1714457108567, 2024-04-30T06:05:08.567Z, 538.8805066, 525.8329658
1714457108607, 2024-04-30T06:05:08.607Z, 563.8753604, 526.299238
1714457108652, 2024-04-30T06:05:08.652Z, 589.4155017999999, 526.5288412
1714457108677, 2024-04-30T06:05:08.677Z, 602.6664194, 527.3031405999999
1714457108708, 2024-04-30T06:05:08.708Z, 616.0082054000001, 532.4814706
1714457108745, 2024-04-30T06:05:08.745Z, 623.5331504, 541.036072
1714457108759, 2024-04-30T06:05:08.759Z, 627.8983578, 546.7204518
1714457108788, 2024-04-30T06:05:08.788Z, 626.6915168, 551.0566454
1714457108817, 2024-04-30T06:05:08.817Z, 565.605796, 548.929041
1714457108834, 2024-04-30T06:05:08.834Z, 488.89911140000004, 543.7414928000001
1714457108848, 2024-04-30T06:05:08.848Z, 386.8892618, 540.2509522
1714457108927, 2024-04-30T06:05:08.927Z, 263.3882554, 544.365501
1714457108943, 2024-04-30T06:05:08.943Z, 160.55091779999998, 560.5098
1714457108974, 2024-04-30T06:05:08.974Z, 119.0131276, 585.2508826
1714457108990, 2024-04-30T06:05:08.990Z, 91.620793, 608.7186936
1714457109021, 2024-04-30T06:05:09.021Z, 87.65096539999999, 630.4402108
1714457109058, 2024-04-30T06:05:09.058Z, 107.4433822, 642.6492064
1714457109073, 2024-04-30T06:05:09.073Z, 118.51401820000001, 643.6118326
1714457109102, 2024-04-30T06:05:09.102Z, 131.2818932, 643.3323274
1714457109119, 2024-04-30T06:05:09.119Z, 145.3925956, 644.2044453999999
1714457109158, 2024-04-30T06:05:09.158Z, 161.9838828, 645.2994142
1714457109174, 2024-04-30T06:05:09.174Z, 174.40598519999998, 648.3346096
1714457109527, 2024-04-30T06:05:09.527Z, 234.6867482, 639.2172038000001
1714457109556, 2024-04-30T06:05:09.556Z, 296.03079280000003, 636.132056
1714457109580, 2024-04-30T06:05:09.580Z, 357.3650336, 630.887726
1714457109610, 2024-04-30T06:05:09.610Z, 419.63263420000004, 624.6797844
1714457109627, 2024-04-30T06:05:09.627Z, 489.46668579999994, 618.7376154
1714457109643, 2024-04-30T06:05:09.643Z, 524.801552, 625.1998788
1714457109658, 2024-04-30T06:05:09.658Z, 558.3497774, 624.891343
1714457109689, 2024-04-30T06:05:09.689Z, 597.8274534, 624.6234898
1714457109704, 2024-04-30T06:05:09.704Z, 635.6062448, 624.4813264000001
1714457109735, 2024-04-30T06:05:09.735Z, 665.7918, 623.0367176
1714457109750, 2024-04-30T06:05:09.750Z, 675.5168344, 622.0699772
1714457109794, 2024-04-30T06:05:09.794Z, 684.6769472, 620.1891410000001
1714457109824, 2024-04-30T06:05:09.824Z, 695.455427, 614.4427484
1714457109838, 2024-04-30T06:05:09.838Z, 746.9401214, 573.5040051999999
1714457109868, 2024-04-30T06:05:09.868Z, 859.0452394, 481.64649439999994
1714457109913, 2024-04-30T06:05:09.913Z, 972.8048590000001, 387.46810539999996
1714457109959, 2024-04-30T06:05:09.959Z, 1082.4313453999998, 304.9378334
1714457109979, 2024-04-30T06:05:09.979Z, 1180.86442, 231.88288039999998
1714457110005, 2024-04-30T06:05:10.005Z, 1235.1685181999999, 201.07643620000002
1714457110032, 2024-04-30T06:05:10.032Z, 1216.8502065999999, 234.25165739999997
1714457110063, 2024-04-30T06:05:10.063Z, 1199.961623, 266.2687658
1714457110082, 2024-04-30T06:05:10.082Z, 1176.6664778, 290.5856728
1714457110095, 2024-04-30T06:05:10.095Z, 1153.4978776, 287.26994
1714457110110, 2024-04-30T06:05:10.110Z, 1138.0609288, 264.9629406
1714457110141, 2024-04-30T06:05:10.141Z, 1134.1236882, 228.9259442
1714457110156, 2024-04-30T06:05:10.156Z, 1125.8943384000002, 196.32052200000004
1714457110187, 2024-04-30T06:05:10.187Z, 1129.0240075999998, 156.19299740000002
1714457110202, 2024-04-30T06:05:10.202Z, 1134.9941358, 137.6567938
1714457110245, 2024-04-30T06:05:10.245Z, 1138.2072504, 124.406771
1714457110280, 2024-04-30T06:05:10.280Z, 1140.8395414000001, 112.9135454
1714457110296, 2024-04-30T06:05:10.296Z, 1145.299836, 100.4400274
1714457110326, 2024-04-30T06:05:10.326Z, 1144.0119078, 95.15845399999999
1714457110342, 2024-04-30T06:05:10.342Z, 1137.5387428000001, 96.872956
1714457110374, 2024-04-30T06:05:10.374Z, 1129.1389631999998, 102.71230820000001
1714457110421, 2024-04-30T06:05:10.421Z, 1120.6130752000001, 107.4555124
1714457110436, 2024-04-30T06:05:10.436Z, 1107.9380557999998, 117.6368578
1714457110468, 2024-04-30T06:05:10.468Z, 1091.4538244, 133.62894
1714457110484, 2024-04-30T06:05:10.484Z, 1079.5279713999998, 143.0925156
1714457110500, 2024-04-30T06:05:10.500Z, 1068.8818557999998, 153.4544126
1714457110516, 2024-04-30T06:05:10.516Z, 1072.513464, 151.0402092
1714457110546, 2024-04-30T06:05:10.546Z, 1081.0680986000002, 142.45435419999998
1714457110563, 2024-04-30T06:05:10.563Z, 1096.3153648, 127.34620939999999
1714457110593, 2024-04-30T06:05:10.593Z, 1113.4535102, 106.6620872
1714457110609, 2024-04-30T06:05:10.609Z, 1127.6025564, 88.83816300000001
1714457110639, 2024-04-30T06:05:10.639Z, 1124.0646454, 90.416289
1714457110654, 2024-04-30T06:05:10.654Z, 1114.7655352, 99.4350934
1714457110694, 2024-04-30T06:05:10.694Z, 1110.4199406, 103.50077900000001
1714457110723, 2024-04-30T06:05:10.723Z, 1121.1011968, 129.47341260000002
1714457110736, 2024-04-30T06:05:10.736Z, 1133.489474, 157.3796228
1714457110772, 2024-04-30T06:05:10.772Z, 1153.5324696, 181.6811776
1714457110782, 2024-04-30T06:05:10.782Z, 1176.8896598000001, 207.77468
1714457110812, 2024-04-30T06:05:10.812Z, 1200.515081, 238.9671766
1714457110857, 2024-04-30T06:05:10.857Z, 1211.3189774, 248.60729320000002
1714457110874, 2024-04-30T06:05:10.874Z, 1223.7805726, 253.47877080000004
1714457110905, 2024-04-30T06:05:10.905Z, 1232.6575369999998, 257.0928218
1714457110921, 2024-04-30T06:05:10.921Z, 1243.137602, 252.7053234
1714457110952, 2024-04-30T06:05:10.952Z, 1256.9051862000001, 243.6687234
1714457110966, 2024-04-30T06:05:10.966Z, 1281.747231, 238.5679346
1714457111175, 2024-04-30T06:05:11.175Z, 1366.0124816, 223.4673488
1714457111191, 2024-04-30T06:05:11.191Z, 1457.5803758, 218.35854920000003
1714457111234, 2024-04-30T06:05:11.234Z, 1546.030876, 215.660761
1714457111249, 2024-04-30T06:05:11.249Z, 1626.8549506000002, 216.76193860000004
1714457111267, 2024-04-30T06:05:11.267Z, 1691.7395601999997, 220.48481780000003
1714457111311, 2024-04-30T06:05:11.311Z, 1693.4296889999998, 237.79077500000002
1714457111326, 2024-04-30T06:05:11.326Z, 1686.4557446, 244.6586006
1714457111357, 2024-04-30T06:05:11.357Z, 1681.6334353999998, 250.65286139999998
1714457111371, 2024-04-30T06:05:11.371Z, 1673.0100164, 256.2440332
1714457111401, 2024-04-30T06:05:11.401Z, 1652.9309514000001, 269.73233819999996
1714457111416, 2024-04-30T06:05:11.416Z, 1635.751864, 280.54779420000006
1714457111447, 2024-04-30T06:05:11.447Z, 1620.7753032, 288.496217
1714457111460, 2024-04-30T06:05:11.460Z, 1608.2409334, 293.8634876
1714457111489, 2024-04-30T06:05:11.489Z, 1601.1745734, 296.45708460000003
1714457111503, 2024-04-30T06:05:11.503Z, 1605.6056196000002, 291.1973008
1714457111533, 2024-04-30T06:05:11.533Z, 1609.6233770000001, 286.7638062
1714457111548, 2024-04-30T06:05:11.548Z, 1613.2351884, 284.93116180000004
1714457111595, 2024-04-30T06:05:11.595Z, 1614.7608896, 285.4446962
1714457111624, 2024-04-30T06:05:11.624Z, 1614.5692368000002, 288.99444120000004
1714457111640, 2024-04-30T06:05:11.640Z, 1615.7735284000003, 291.2989324
1714457111671, 2024-04-30T06:05:11.671Z, 1618.4974435999998, 294.764797
1714457111686, 2024-04-30T06:05:11.686Z, 1620.602935, 296.6236308
1714457111733, 2024-04-30T06:05:11.733Z, 1624.7341417999999, 298.24666119999995
1714457111764, 2024-04-30T06:05:11.764Z, 1629.694483, 298.550834
1714457111780, 2024-04-30T06:05:11.780Z, 1634.1589915999998, 300.7290598
1714457111811, 2024-04-30T06:05:11.811Z, 1634.7397981999998, 303.2729572
1714457111826, 2024-04-30T06:05:11.826Z, 1633.5600084, 308.6178464
1714457111857, 2024-04-30T06:05:11.857Z, 1630.0969846000003, 312.0489104
1714457111872, 2024-04-30T06:05:11.872Z, 1625.7637062000001, 315.50670560000003
1714457111895, 2024-04-30T06:05:11.895Z, 1613.1724786, 322.1061824
1714457111913, 2024-04-30T06:05:11.913Z, 1603.4397732000002, 325.7827542
1714457111937, 2024-04-30T06:05:11.937Z, 1594.0209668, 329.456781
1714457111952, 2024-04-30T06:05:11.952Z, 1589.5627448, 332.1486974
1714457111982, 2024-04-30T06:05:11.982Z, 1590.311507, 331.9368194
1714457112012, 2024-04-30T06:05:12.012Z, 1598.3683262, 327.6103916
1714457112043, 2024-04-30T06:05:12.043Z, 1607.3899972000002, 323.02199279999996
1714457112075, 2024-04-30T06:05:12.075Z, 1617.5125226, 317.62119999999993
1714457112093, 2024-04-30T06:05:12.093Z, 1623.2945716, 314.3812436
1714457112121, 2024-04-30T06:05:12.121Z, 1622.7140851999998, 314.50986819999997
1714457112137, 2024-04-30T06:05:12.137Z, 1623.2187906, 314.0526208
1714457112168, 2024-04-30T06:05:12.168Z, 1622.1825098000002, 315.5343104
1714457112212, 2024-04-30T06:05:12.212Z, 1600.7302912, 317.8183246
1714457112228, 2024-04-30T06:05:12.228Z, 1576.80109, 321.2521566
1714457112259, 2024-04-30T06:05:12.259Z, 1526.094067, 330.1537328
1714457112274, 2024-04-30T06:05:12.274Z, 1451.3979537999999, 342.7309686
1714457112305, 2024-04-30T06:05:12.305Z, 1375.4755612, 355.34203560000003
1714457112320, 2024-04-30T06:05:12.320Z, 1320.0972987999999, 366.7047824
1714457112343, 2024-04-30T06:05:12.343Z, 1266.8675068, 377.346532
1714457112357, 2024-04-30T06:05:12.357Z, 1241.849185, 382.04662339999993
1714457112387, 2024-04-30T06:05:12.387Z, 1223.3004707999999, 359.34319020000004
1714457112402, 2024-04-30T06:05:12.402Z, 1194.4970319999998, 317.91336540000003
1714457112437, 2024-04-30T06:05:12.437Z, 1165.6684751999999, 276.456153
1714457112452, 2024-04-30T06:05:12.452Z, 1136.6115605999998, 234.26402979999997
1714457112499, 2024-04-30T06:05:12.499Z, 1110.4489174, 194.14831900000001
1714457112526, 2024-04-30T06:05:12.526Z, 1101.9757254, 177.67540060000002
1714457112539, 2024-04-30T06:05:12.539Z, 1104.3040595999998, 178.98263519999998
1714457112572, 2024-04-30T06:05:12.572Z, 1105.5193898, 181.75649679999998
1714457112599, 2024-04-30T06:05:12.599Z, 1108.0020147999999, 185.441604
1714457112630, 2024-04-30T06:05:12.630Z, 1103.9259034, 187.0238342
1714457112661, 2024-04-30T06:05:12.661Z, 1101.1259826, 189.9373092
1714457112677, 2024-04-30T06:05:12.677Z, 1097.6185276, 192.42075979999998
1714457112708, 2024-04-30T06:05:12.708Z, 1096.9274616, 191.3760332
1714457112724, 2024-04-30T06:05:12.724Z, 1097.3312092, 185.80880859999996
1714457112755, 2024-04-30T06:05:12.755Z, 1100.7209965999998, 181.17890219999998
1714457112770, 2024-04-30T06:05:12.770Z, 1100.6948705999998, 178.72086819999998
1714457112796, 2024-04-30T06:05:12.796Z, 1103.593124, 175.013636
1714457112812, 2024-04-30T06:05:12.812Z, 1104.3248008, 173.87979460000003
1714457112848, 2024-04-30T06:05:12.848Z, 1102.462055, 176.067355
1714457112864, 2024-04-30T06:05:12.864Z, 1100.8036287999998, 176.8844306
1714457112896, 2024-04-30T06:05:12.896Z, 1104.3089114, 171.051188
1714457112911, 2024-04-30T06:05:12.911Z, 1105.0639720000001, 167.934754
1714457112949, 2024-04-30T06:05:12.949Z, 1105.1842732, 166.242379
1714457112974, 2024-04-30T06:05:12.974Z, 1110.0100368, 158.7817306
1714457112990, 2024-04-30T06:05:12.990Z, 1114.9373706000001, 151.98393
1714457113021, 2024-04-30T06:05:13.021Z, 1116.2793396000002, 148.88527340000002
1714457113036, 2024-04-30T06:05:13.036Z, 1116.6889308, 149.87383320000004
1714457113067, 2024-04-30T06:05:13.067Z, 1123.887935, 146.2533492
1714457113106, 2024-04-30T06:05:13.106Z, 1124.5772454, 150.942085
1714457113122, 2024-04-30T06:05:13.122Z, 1129.173119, 152.3163682
1714457113152, 2024-04-30T06:05:13.152Z, 1127.0305422, 157.5151172
1714457113166, 2024-04-30T06:05:13.166Z, 1119.7007664, 165.0626064
1714457113201, 2024-04-30T06:05:13.201Z, 1110.8100682, 172.707916
1714457113215, 2024-04-30T06:05:13.215Z, 1105.8496771999999, 177.8829112
1714457113244, 2024-04-30T06:05:13.244Z, 1106.060152, 177.4898764
1714457113259, 2024-04-30T06:05:13.259Z, 1111.3452824, 174.519881
1714457113288, 2024-04-30T06:05:13.288Z, 1126.276707, 161.4695554
1714457113303, 2024-04-30T06:05:13.303Z, 1134.1240816000002, 153.7264338
1714457113334, 2024-04-30T06:05:13.334Z, 1132.376987, 152.45304140000002
1714457113348, 2024-04-30T06:05:13.348Z, 1121.5814704, 160.443014
1714457113393, 2024-04-30T06:05:13.393Z, 1113.0169612, 166.92482320000002
1714457113425, 2024-04-30T06:05:13.425Z, 1102.8596318, 177.80907739999998
1714457113441, 2024-04-30T06:05:13.441Z, 1097.8733859999998, 188.62995659999999
1714457113472, 2024-04-30T06:05:13.472Z, 1118.4103234, 230.2487388
1714457113487, 2024-04-30T06:05:13.487Z, 1139.8265926, 275.0739908
1714457113518, 2024-04-30T06:05:13.518Z, 1165.6993889999999, 322.373591
1714457113557, 2024-04-30T06:05:13.557Z, 1185.0118862, 365.5198798
1714457113572, 2024-04-30T06:05:13.572Z, 1202.0728594, 405.33733700000005
1714457113613, 2024-04-30T06:05:13.613Z, 1200.1554928, 407.08329100000003
1714457113629, 2024-04-30T06:05:13.629Z, 1195.0344982000001, 404.86050939999996
1714457113653, 2024-04-30T06:05:13.653Z, 1185.0231984, 399.8458944
1714457113664, 2024-04-30T06:05:13.664Z, 1178.4071484, 397.98044819999996
1714457113694, 2024-04-30T06:05:13.694Z, 1171.422625, 396.78233420000004
1714457113708, 2024-04-30T06:05:13.708Z, 1166.4375006000002, 397.1148514
1714457113739, 2024-04-30T06:05:13.739Z, 1163.1650776, 397.7974328
1714457113754, 2024-04-30T06:05:13.754Z, 1159.8725182, 397.95373420000004
1714457113785, 2024-04-30T06:05:13.785Z, 1158.9031506, 396.40819079999994
1714457113801, 2024-04-30T06:05:13.801Z, 1165.507129, 395.9149202
1714457113843, 2024-04-30T06:05:13.843Z, 1182.0787318, 396.302321
1714457113878, 2024-04-30T06:05:13.878Z, 1210.5931951999999, 398.5316232
1714457113894, 2024-04-30T06:05:13.894Z, 1239.3867168000002, 401.4535022
1714457113926, 2024-04-30T06:05:13.926Z, 1267.8486844000001, 406.219643
1714457113942, 2024-04-30T06:05:13.942Z, 1289.5934444, 409.63099
1714457113972, 2024-04-30T06:05:13.972Z, 1307.7380018, 410.40408260000004
1714457114012, 2024-04-30T06:05:14.012Z, 1310.6383558000002, 414.823145
1714457114035, 2024-04-30T06:05:14.035Z, 1315.3000106, 417.19413619999995
1714457114066, 2024-04-30T06:05:14.066Z, 1318.0153896, 420.90777899999995
1714457114082, 2024-04-30T06:05:14.082Z, 1319.5467948, 425.54181580000005
1714457114114, 2024-04-30T06:05:14.114Z, 1287.2918118, 430.2780966
1714457114130, 2024-04-30T06:05:14.130Z, 1246.3523111999998, 432.18832760000004
1714457114150, 2024-04-30T06:05:14.150Z, 1205.2196434, 434.86605959999997
1714457114164, 2024-04-30T06:05:14.164Z, 1163.0997532, 436.2314432
1714457114192, 2024-04-30T06:05:14.192Z, 1124.861823, 433.0487394
1714457114207, 2024-04-30T06:05:14.207Z, 1116.1155914, 428.8190344000001
1714457114240, 2024-04-30T06:05:14.240Z, 1120.9086810000001, 422.71121899999997
1714457114252, 2024-04-30T06:05:14.252Z, 1124.3629078000001, 419.0464954
1714457114293, 2024-04-30T06:05:14.293Z, 1131.3364551999998, 413.0904896
1714457114325, 2024-04-30T06:05:14.325Z, 1134.0068374, 406.81782719999995
1714457114340, 2024-04-30T06:05:14.340Z, 1133.9222048, 402.8643552
1714457114373, 2024-04-30T06:05:14.373Z, 1130.829798, 397.0029622
1714457114393, 2024-04-30T06:05:14.393Z, 1126.8515616, 390.367296
1714457114424, 2024-04-30T06:05:14.424Z, 1122.8461997999998, 385.8529889999999
1714457114470, 2024-04-30T06:05:14.470Z, 1119.0722092, 389.62407499999995
1714457114485, 2024-04-30T06:05:14.485Z, 1111.9696457999999, 396.8235636
1714457114516, 2024-04-30T06:05:14.516Z, 1106.6974507999998, 404.6821774
1714457114531, 2024-04-30T06:05:14.531Z, 1103.5016954, 409.80162959999996
1714457114563, 2024-04-30T06:05:14.563Z, 1097.2647642, 412.8407152
1714457114578, 2024-04-30T06:05:14.578Z, 1092.4189032, 411.70382599999994
1714457114595, 2024-04-30T06:05:14.595Z, 1092.061168, 407.313815
1714457114609, 2024-04-30T06:05:14.609Z, 1091.7333048, 403.5107778
1714457114641, 2024-04-30T06:05:14.641Z, 1090.0363985999998, 401.0298772
1714457114657, 2024-04-30T06:05:14.657Z, 1091.0664514, 399.9625748
1714457114672, 2024-04-30T06:05:14.672Z, 1092.773156, 397.1281166
1714457114703, 2024-04-30T06:05:14.703Z, 1094.3700204000002, 394.24571460000004
1714457114749, 2024-04-30T06:05:14.749Z, 1098.0394614, 393.9012542
1714457114775, 2024-04-30T06:05:14.775Z, 1108.0650082, 397.945586
1714457114790, 2024-04-30T06:05:14.790Z, 1120.2832076, 402.5796148
1714457114819, 2024-04-30T06:05:14.819Z, 1136.1306745999998, 409.96585999999996
1714457114838, 2024-04-30T06:05:14.838Z, 1157.309625, 417.405923
1714457114869, 2024-04-30T06:05:14.869Z, 1191.7248212, 421.72330380000005
1714457114891, 2024-04-30T06:05:14.891Z, 1233.2802402000002, 418.5463514
1714457114909, 2024-04-30T06:05:14.909Z, 1278.2232372, 416.39790759999994
1714457114924, 2024-04-30T06:05:14.924Z, 1322.4641132, 410.7197006
1714457114954, 2024-04-30T06:05:14.954Z, 1361.6762868, 403.2907504
1714457114969, 2024-04-30T06:05:14.969Z, 1384.949594, 395.64847879999996
1714457114999, 2024-04-30T06:05:14.999Z, 1392.7262282, 396.91134819999996
1714457115014, 2024-04-30T06:05:15.014Z, 1392.9149588, 398.1742884
1714457115045, 2024-04-30T06:05:15.045Z, 1387.8025186, 402.40827840000003
1714457115062, 2024-04-30T06:05:15.062Z, 1372.1080288, 407.8910928
1714457115093, 2024-04-30T06:05:15.093Z, 1339.4101122, 407.7655812
1714457115109, 2024-04-30T06:05:15.109Z, 1300.1855562, 406.6032516
1714457115139, 2024-04-30T06:05:15.139Z, 1260.3953126000001, 400.8174024
1714457115155, 2024-04-30T06:05:15.155Z, 1220.9789704, 398.4784588
1714457115195, 2024-04-30T06:05:15.195Z, 1194.0574982000003, 389.96679639999996
1714457115222, 2024-04-30T06:05:15.222Z, 1189.9292314, 386.46981079999995
1714457115237, 2024-04-30T06:05:15.237Z, 1193.7077126, 380.0250322
1714457115267, 2024-04-30T06:05:15.267Z, 1180.5330419999998, 382.48787539999995
1714457115287, 2024-04-30T06:05:15.287Z, 1165.0192424000002, 380.3996664
1714457115312, 2024-04-30T06:05:15.312Z, 1045.6824654000002, 367.246972
1714457115357, 2024-04-30T06:05:15.357Z, 908.3341893999999, 356.4992422
1714457115402, 2024-04-30T06:05:15.402Z, 764.8407113999999, 352.16376700000006
1714457115448, 2024-04-30T06:05:15.448Z, 637.9990611999999, 347.0032818
1714457115493, 2024-04-30T06:05:15.493Z, 465.51431560000003, 333.067479
1714457115507, 2024-04-30T06:05:15.507Z, 381.73193280000004, 334.18904140000006
1714457115536, 2024-04-30T06:05:15.536Z, 313.7093668, 334.74106880000005
1714457115551, 2024-04-30T06:05:15.551Z, 254.70683, 330.46097180000004
1714457115582, 2024-04-30T06:05:15.582Z, 196.4205778, 321.862665
1714457115597, 2024-04-30T06:05:15.597Z, 185.9322886, 327.1637348
1714457115643, 2024-04-30T06:05:15.643Z, 187.2406558, 334.07218019999993
1714457115653, 2024-04-30T06:05:15.653Z, 183.86231319999996, 340.0071254
1714457115671, 2024-04-30T06:05:15.671Z, 179.0683194, 344.783765
1714457115687, 2024-04-30T06:05:15.687Z, 183.114042, 348.76981779999994
1714457115717, 2024-04-30T06:05:15.717Z, 191.09779399999996, 349.1008108
1714457115744, 2024-04-30T06:05:15.744Z, 198.0035446, 350.6859734
1714457115762, 2024-04-30T06:05:15.762Z, 218.69402639999998, 356.42248040000004
1714457115807, 2024-04-30T06:05:15.807Z, 239.57032039999999, 360.9692832
1714457115822, 2024-04-30T06:05:15.822Z, 256.2480282, 366.072693
1714457115852, 2024-04-30T06:05:15.852Z, 271.034473, 373.67523900000003
1714457115869, 2024-04-30T06:05:15.869Z, 286.7055734, 383.007679
1714457115899, 2024-04-30T06:05:15.899Z, 292.83876399999997, 385.85547060000005
1714457115915, 2024-04-30T06:05:15.915Z, 297.52829039999995, 389.6526406
1714457115942, 2024-04-30T06:05:15.942Z, 307.4695248, 392.2102874
1714457116001, 2024-04-30T06:05:16.001Z, 327.46506139999997, 391.7964664
1714457116031, 2024-04-30T06:05:16.031Z, 347.0994166, 389.30636519999996
1714457116093, 2024-04-30T06:05:16.093Z, 361.9272992, 387.8309664
1714457116122, 2024-04-30T06:05:16.122Z, 375.8857316, 387.25628880000005
1714457116136, 2024-04-30T06:05:16.136Z, 380.7010652, 390.33265300000005
1714457116167, 2024-04-30T06:05:16.167Z, 381.0140344, 396.10768300000007
1714457116185, 2024-04-30T06:05:16.185Z, 385.6952834, 402.8260294
1714457116225, 2024-04-30T06:05:16.225Z, 393.576523, 410.03801519999996
1714457116259, 2024-04-30T06:05:16.259Z, 407.04901979999994, 411.77776320000004
1714457116274, 2024-04-30T06:05:16.274Z, 421.97038679999997, 410.85422559999995
1714457116304, 2024-04-30T06:05:16.304Z, 422.27853479999993, 410.95257039999996
1714457116319, 2024-04-30T06:05:16.319Z, 417.55805039999996, 410.2790798
1714457116349, 2024-04-30T06:05:16.349Z, 405.45015, 408.1140856
1714457116364, 2024-04-30T06:05:16.364Z, 385.8733322, 408.88787219999995
1714457116393, 2024-04-30T06:05:16.393Z, 363.5835828, 409.3821099999999
1714457116407, 2024-04-30T06:05:16.407Z, 344.625641, 403.95040859999995
1714457116436, 2024-04-30T06:05:16.436Z, 327.9845504, 400.16752319999995
1714457116451, 2024-04-30T06:05:16.451Z, 345.3649388, 395.274913
1714457116481, 2024-04-30T06:05:16.481Z, 494.7158186, 394.3714076
1714457116497, 2024-04-30T06:05:16.497Z, 645.2903018, 395.4358888
1714457116543, 2024-04-30T06:05:16.543Z, 791.560616, 405.7257816
1714457116572, 2024-04-30T06:05:16.572Z, 939.8324224, 414.113314
1714457116587, 2024-04-30T06:05:16.587Z, 1051.6379892, 428.01931720000005
1714457116616, 2024-04-30T06:05:16.616Z, 1071.1107758000003, 435.8521786
1714457116637, 2024-04-30T06:05:16.637Z, 1085.5413646000002, 441.70621620000003
1714457116661, 2024-04-30T06:05:16.661Z, 1118.2311276, 439.8383706000001
1714457116707, 2024-04-30T06:05:16.707Z, 1147.370257, 438.7418102
1714457116724, 2024-04-30T06:05:16.724Z, 1186.1398186000001, 437.77365399999996
1714457116754, 2024-04-30T06:05:16.754Z, 1202.1794548, 443.01077539999994
1714457116770, 2024-04-30T06:05:16.770Z, 1225.6890384, 448.60248519999993
1714457116801, 2024-04-30T06:05:16.801Z, 1241.8284428000002, 452.694562
1714457116816, 2024-04-30T06:05:16.816Z, 1259.5546508, 454.88433060000006
1714457116842, 2024-04-30T06:05:16.842Z, 1275.868284, 455.5838788
1714457116864, 2024-04-30T06:05:16.864Z, 1273.4958092, 455.15881659999997
1714457116998, 2024-04-30T06:05:16.998Z, 1278.0739879999999, 451.2252902
1714457117038, 2024-04-30T06:05:17.038Z, 1278.7261463999998, 454.1951572
1714457117053, 2024-04-30T06:05:17.053Z, 1274.5687988, 459.2194824
1714457117071, 2024-04-30T06:05:17.071Z, 1267.7156292, 466.33352379999997
1714457117086, 2024-04-30T06:05:17.086Z, 1259.6803782000002, 473.36108520000005
1714457117100, 2024-04-30T06:05:17.100Z, 1243.0807678, 484.188606
1714457117116, 2024-04-30T06:05:17.116Z, 1227.7378152000001, 490.676296
1714457117144, 2024-04-30T06:05:17.144Z, 1217.1716876, 495.52769179999996
1714457117159, 2024-04-30T06:05:17.159Z, 1210.4677942, 498.27466940000005
1714457117174, 2024-04-30T06:05:17.174Z, 1213.2304272, 496.487919
1714457117204, 2024-04-30T06:05:17.204Z, 1214.8959069999999, 491.4696672
1714457117217, 2024-04-30T06:05:17.217Z, 1216.9588875999998, 485.473726
1714457117247, 2024-04-30T06:05:17.247Z, 1217.9651862, 479.33989979999996
1714457117262, 2024-04-30T06:05:17.262Z, 1219.3316751999998, 473.5762489999999
1714457117293, 2024-04-30T06:05:17.293Z, 1216.0383305999999, 469.65880219999997
1714457117307, 2024-04-30T06:05:17.307Z, 1207.0134522, 465.661661
1714457117337, 2024-04-30T06:05:17.337Z, 1194.5446256, 463.0537526
1714457117352, 2024-04-30T06:05:17.352Z, 1181.058589, 462.300929
1714457117382, 2024-04-30T06:05:17.382Z, 1158.769567, 463.3689614000001
1714457117402, 2024-04-30T06:05:17.402Z, 1137.563565, 464.415759
1714457117446, 2024-04-30T06:05:17.446Z, 1124.3768154, 466.70449240000005
1714457117473, 2024-04-30T06:05:17.473Z, 1118.32674, 466.41112460000005
1714457117487, 2024-04-30T06:05:17.487Z, 1113.1995456, 465.7865642
1714457117503, 2024-04-30T06:05:17.503Z, 1114.6238398, 464.6159996
1714457117518, 2024-04-30T06:05:17.518Z, 1111.5685819999999, 465.75729600000005
1714457117534, 2024-04-30T06:05:17.534Z, 1112.8213748, 466.3488876
1714457117565, 2024-04-30T06:05:17.565Z, 1129.420551, 465.2341482
1714457117608, 2024-04-30T06:05:17.608Z, 1172.9037348, 461.561643
1714457117622, 2024-04-30T06:05:17.622Z, 1217.8914052, 459.58997980000004
1714457117653, 2024-04-30T06:05:17.653Z, 1262.0905613999998, 455.38750059999995
1714457117667, 2024-04-30T06:05:17.667Z, 1301.5229034000001, 452.30395740000006
1714457117697, 2024-04-30T06:05:17.697Z, 1320.5692316, 451.87861999999996
1714457117718, 2024-04-30T06:05:17.718Z, 1315.3461682000002, 455.62919220000003
1714457117743, 2024-04-30T06:05:17.743Z, 1286.7575048, 457.35645320000003
1714457117758, 2024-04-30T06:05:17.758Z, 1236.0877986, 463.94235779999997
1714457117802, 2024-04-30T06:05:17.802Z, 1197.6192460000002, 476.96658420000006
1714457117832, 2024-04-30T06:05:17.832Z, 1122.6576904, 496.759339
1714457117847, 2024-04-30T06:05:17.847Z, 1039.7581234, 515.5137338000001
1714457117861, 2024-04-30T06:05:17.861Z, 1001.0869999999999, 530.2460948
1714457117893, 2024-04-30T06:05:17.893Z, 856.4596052, 560.9266326
1714457117924, 2024-04-30T06:05:17.924Z, 700.0678702, 587.1267156
1714457117939, 2024-04-30T06:05:17.939Z, 593.6301172000001, 629.3583318
1714457117973, 2024-04-30T06:05:17.973Z, 501.2738740000001, 682.6947911999999
1714457117990, 2024-04-30T06:05:17.990Z, 393.41270219999996, 745.1124228
1714457118019, 2024-04-30T06:05:18.019Z, 416.2499706, 788.9961430000001
1714457118065, 2024-04-30T06:05:18.065Z, 430.68948179999995, 827.2838896000001
1714457118081, 2024-04-30T06:05:18.081Z, 429.26752180000005, 835.1754868
1714457118112, 2024-04-30T06:05:18.112Z, 419.70309240000006, 832.452635
1714457118128, 2024-04-30T06:05:18.128Z, 405.7394464, 823.7185868
1714457118160, 2024-04-30T06:05:18.160Z, 393.0389818, 811.4132968
1714457118175, 2024-04-30T06:05:18.175Z, 387.66112760000004, 802.7763886
1714457118193, 2024-04-30T06:05:18.193Z, 387.641115, 802.5546896
1714457118214, 2024-04-30T06:05:18.214Z, 397.83624180000004, 805.6486884
1714457118237, 2024-04-30T06:05:18.237Z, 424.9977344, 797.9734466
1714457118252, 2024-04-30T06:05:18.252Z, 499.2416544000001, 778.3102656
1714457118267, 2024-04-30T06:05:18.267Z, 591.2263924000001, 753.8470632000001
1714457118283, 2024-04-30T06:05:18.283Z, 683.072249, 728.483796
1714457118302, 2024-04-30T06:05:18.302Z, 787.158017, 689.8034682
1714457118314, 2024-04-30T06:05:18.314Z, 908.9853376000001, 652.6504998
1714457118348, 2024-04-30T06:05:18.348Z, 981.1229172000001, 628.6353204
1714457118361, 2024-04-30T06:05:18.361Z, 1036.3475022, 611.0899818
1714457118377, 2024-04-30T06:05:18.377Z, 1089.8233082000002, 594.6621096
1714457118392, 2024-04-30T06:05:18.392Z, 1117.7672196, 584.5624892
1714457118407, 2024-04-30T06:05:18.407Z, 1111.2257526, 583.5390563999999
1714457118423, 2024-04-30T06:05:18.423Z, 1109.252416, 583.5724886
1714457118438, 2024-04-30T06:05:18.438Z, 1106.7039274, 581.9647092
1714457118453, 2024-04-30T06:05:18.453Z, 1103.6852478, 577.2581608
1714457118469, 2024-04-30T06:05:18.469Z, 1107.5569476, 576.8961248
1714457118493, 2024-04-30T06:05:18.493Z, 1112.2740740000002, 578.776001
1714457118507, 2024-04-30T06:05:18.507Z, 1121.0303712, 585.4127242
1714457118521, 2024-04-30T06:05:18.521Z, 1122.1728448000001, 596.5348816
1714457118533, 2024-04-30T06:05:18.533Z, 1126.58154, 612.6081964
1714457118552, 2024-04-30T06:05:18.552Z, 1130.3631842, 627.9410962
1714457118567, 2024-04-30T06:05:18.567Z, 1132.1950531999998, 646.7115748
1714457118579, 2024-04-30T06:05:18.579Z, 1130.6634407999998, 661.6942246000001
1714457118597, 2024-04-30T06:05:18.597Z, 1139.056343, 672.4394254000001
1714457118612, 2024-04-30T06:05:18.612Z, 1151.0491471999999, 679.1837834
1714457118643, 2024-04-30T06:05:18.643Z, 1158.6176034, 683.8901840000001
1714457118658, 2024-04-30T06:05:18.658Z, 1166.1823878, 681.602708
1714457118674, 2024-04-30T06:05:18.674Z, 1172.5131642000001, 677.6938612
1714457118693, 2024-04-30T06:05:18.693Z, 1177.2679696, 674.5590462
1714457118709, 2024-04-30T06:05:18.709Z, 1177.8107034, 673.6165037999999
1714457118721, 2024-04-30T06:05:18.721Z, 1179.4957553999998, 673.6299247999999
1714457118737, 2024-04-30T06:05:18.737Z, 1180.8214426, 674.3472119999999
1714457118752, 2024-04-30T06:05:18.752Z, 1179.4485214000001, 670.9330456
1714457118768, 2024-04-30T06:05:18.768Z, 1177.6314008000002, 667.1374522000001
1714457118795, 2024-04-30T06:05:18.795Z, 1173.2859243999999, 662.9083514
1714457118806, 2024-04-30T06:05:18.806Z, 1168.6955606000001, 660.8904580000001
1714457118823, 2024-04-30T06:05:18.823Z, 1158.9213266, 662.5746359999999
1714457118838, 2024-04-30T06:05:18.838Z, 1151.4455326, 668.1449960000001
1714457118850, 2024-04-30T06:05:18.850Z, 1143.6788252000001, 674.7275726
1714457118868, 2024-04-30T06:05:18.868Z, 1133.9743898000002, 686.0084056
1714457118883, 2024-04-30T06:05:18.883Z, 1124.7058077999998, 694.2342322000001
1714457118894, 2024-04-30T06:05:18.894Z, 1123.4955678000001, 695.5242454
1714457118914, 2024-04-30T06:05:18.914Z, 1124.3838816, 699.038854
1714457118941, 2024-04-30T06:05:18.941Z, 1125.6492444, 701.4915854
1714457118959, 2024-04-30T06:05:18.959Z, 1129.8216344, 697.467797
1714457118973, 2024-04-30T06:05:18.973Z, 1131.7132126000001, 694.3131474
1714457118988, 2024-04-30T06:05:18.988Z, 1133.0562632, 694.1425706
1714457119004, 2024-04-30T06:05:19.004Z, 1133.6565458, 693.0495235999999
1714457119018, 2024-04-30T06:05:19.018Z, 1134.9220442, 692.6281464
1714457119035, 2024-04-30T06:05:19.035Z, 1136.8416300000001, 693.5379277999999
1714457119050, 2024-04-30T06:05:19.050Z, 1141.8361936000001, 695.5895178000001
1714457119065, 2024-04-30T06:05:19.066Z, 1144.977232, 698.3067884
1714457119095, 2024-04-30T06:05:19.095Z, 1146.7030716000002, 699.7557156
1714457119107, 2024-04-30T06:05:19.107Z, 1147.4311364, 700.968353
1714457119118, 2024-04-30T06:05:19.118Z, 1148.0376695999998, 702.4893938
1714457119137, 2024-04-30T06:05:19.137Z, 1147.5598968, 702.9501290000001
1714457119159, 2024-04-30T06:05:19.159Z, 1144.8309676, 701.6841076
1714457119164, 2024-04-30T06:05:19.164Z, 1141.3697406, 700.5804572
1714457119182, 2024-04-30T06:05:19.182Z, 1138.9465486, 699.632237
1714457119197, 2024-04-30T06:05:19.197Z, 1136.6639100000002, 699.0147371999999
1714457119208, 2024-04-30T06:05:19.208Z, 1134.1415638000003, 698.0968822000001
1714457119242, 2024-04-30T06:05:19.242Z, 1134.7253188, 700.2752098
1714457119253, 2024-04-30T06:05:19.253Z, 1136.9152598, 702.5864904
1714457119292, 2024-04-30T06:05:19.292Z, 1133.8205664, 712.4627028
1714457119301, 2024-04-30T06:05:19.301Z, 1130.3525004, 723.3377544000001
1714457119333, 2024-04-30T06:05:19.333Z, 1140.988761, 732.9741802000001
1714457119349, 2024-04-30T06:05:19.349Z, 1154.6244132, 737.1388009999998
1714457119365, 2024-04-30T06:05:19.365Z, 1166.1682016, 740.9216794
1714457119389, 2024-04-30T06:05:19.389Z, 1177.2342952, 731.4749684000001
1714457119414, 2024-04-30T06:05:19.414Z, 1191.5015462, 720.1381146
1714457119428, 2024-04-30T06:05:19.428Z, 1191.6005868, 711.0504022
1714457119444, 2024-04-30T06:05:19.444Z, 1188.183816, 709.9806629999999
1714457119460, 2024-04-30T06:05:19.460Z, 1186.3231692, 709.5179291999999
1714457119475, 2024-04-30T06:05:19.475Z, 1189.3766071999999, 713.5732918
1714457119491, 2024-04-30T06:05:19.491Z, 1189.0923656, 717.0884086
1714457119507, 2024-04-30T06:05:19.507Z, 1186.0283172, 721.1399124
1714457119523, 2024-04-30T06:05:19.523Z, 1178.5307034000002, 719.035559
1714457119544, 2024-04-30T06:05:19.544Z, 1170.4310679999999, 716.209314
1714457119569, 2024-04-30T06:05:19.569Z, 1162.1520358000002, 714.2188082
1714457119600, 2024-04-30T06:05:19.600Z, 1155.6002962, 715.4768108000001
1714457119617, 2024-04-30T06:05:19.617Z, 1151.0316447999999, 716.3962802
1714457119633, 2024-04-30T06:05:19.633Z, 1149.4812876, 720.9016426000001
1714457119648, 2024-04-30T06:05:19.648Z, 1145.6439031999998, 726.8929442000001
1714457119664, 2024-04-30T06:05:19.664Z, 1137.3875252, 730.2305654
1714457119693, 2024-04-30T06:05:19.693Z, 1130.9769866, 732.4166134
1714457119703, 2024-04-30T06:05:19.703Z, 1124.086361, 732.4450606
1714457119722, 2024-04-30T06:05:19.722Z, 1122.0166688000002, 727.8337829999999
1714457119736, 2024-04-30T06:05:19.736Z, 1123.5543128, 721.8929626
1714457119748, 2024-04-30T06:05:19.748Z, 1124.541946, 723.478695
1714457119774, 2024-04-30T06:05:19.774Z, 1124.4574042, 722.4252804
1714457119790, 2024-04-30T06:05:19.790Z, 1126.4895752, 722.9304532
1714457119805, 2024-04-30T06:05:19.805Z, 1122.6401686000002, 728.4331202
1714457119821, 2024-04-30T06:05:19.821Z, 1122.01449, 732.2282560000001
1714457119839, 2024-04-30T06:05:19.839Z, 1123.043284, 734.5733542
1714457119864, 2024-04-30T06:05:19.864Z, 1124.2262892, 737.2465976
1714457119874, 2024-04-30T06:05:19.874Z, 1124.3906754, 739.6151927999999
1714457119883, 2024-04-30T06:05:19.883Z, 1119.2740663999998, 741.4840111999999
1714457119902, 2024-04-30T06:05:19.902Z, 1108.4572262, 745.5856792
1714457119923, 2024-04-30T06:05:19.923Z, 1103.6397084, 745.5653063999999
1714457119929, 2024-04-30T06:05:19.929Z, 1092.5228626, 747.5154683999999
1714457119948, 2024-04-30T06:05:19.948Z, 1083.5632394, 749.0444697999999
1714457119962, 2024-04-30T06:05:19.962Z, 1083.1333707999997, 748.2362923999999
1714457119994, 2024-04-30T06:05:19.994Z, 1084.7173692000001, 746.9749094
1714457120014, 2024-04-30T06:05:20.014Z, 1087.1968008000001, 745.4362193999999
1714457120022, 2024-04-30T06:05:20.022Z, 1095.978752, 745.8978153999999
1714457120038, 2024-04-30T06:05:20.038Z, 1106.3732243999998, 747.4358001999999
1714457120054, 2024-04-30T06:05:20.054Z, 1117.0554466, 747.4361294
1714457120070, 2024-04-30T06:05:20.070Z, 1126.8144064, 746.5885956
1714457120086, 2024-04-30T06:05:20.086Z, 1133.1560076, 745.0358546000001
1714457120101, 2024-04-30T06:05:20.101Z, 1136.9007678, 740.9983668000001
1714457120117, 2024-04-30T06:05:20.117Z, 1140.8623014, 727.6703530000001
1714457120150, 2024-04-30T06:05:20.150Z, 1139.1124234, 720.7796542
1714457120181, 2024-04-30T06:05:20.181Z, 1134.6002010000002, 718.8138694000002
1714457120228, 2024-04-30T06:05:20.228Z, 1129.061278, 718.6113828
1714457120242, 2024-04-30T06:05:20.242Z, 1123.7387776, 718.3920410000001
1714457120274, 2024-04-30T06:05:20.274Z, 1177.8324016, 736.4931720000001
1714457120308, 2024-04-30T06:05:20.308Z, 1250.1864742, 750.1221382000001
1714457120322, 2024-04-30T06:05:20.322Z, 1325.854339, 758.4938892
1714457120353, 2024-04-30T06:05:20.353Z, 1402.5838822, 765.9632761999999
1714457120367, 2024-04-30T06:05:20.367Z, 1479.7584534, 774.225013
1714457120398, 2024-04-30T06:05:20.398Z, 1494.6340136, 772.3100268000001
1714457120414, 2024-04-30T06:05:20.414Z, 1495.1806657999998, 771.1788482
1714457120443, 2024-04-30T06:05:20.443Z, 1495.8875267999997, 768.9535258000001
1714457120456, 2024-04-30T06:05:20.456Z, 1495.8870458, 766.9697668