1714456480292, 2024-04-30T05:54:40.292Z, 250.758738, 330.079243
1714456480308, 2024-04-30T05:54:40.308Z, 253.692609, 326.2159255
1714456480341, 2024-04-30T05:54:40.341Z, 255.50084500000003, 324.684903
1714456480355, 2024-04-30T05:54:40.355Z, 257.09457225, 324.50790775
1714456480387, 2024-04-30T05:54:40.387Z, 257.8014164, 325.27589320000004
1714456480426, 2024-04-30T05:54:40.426Z, 251.97327660000002, 330.32851900000003
1714456480442, 2024-04-30T05:54:40.442Z, 244.0560872, 347.70843160000004
1714456480476, 2024-04-30T05:54:40.476Z, 238.61523019999998, 376.489602
1714456480487, 2024-04-30T05:54:40.487Z, 230.22950980000002, 413.42097759999996
1714456480527, 2024-04-30T05:54:40.527Z, 223.91665419999998, 458.22545900000006
1714456480542, 2024-04-30T05:54:40.542Z, 224.78792600000003, 497.6297572
1714456480566, 2024-04-30T05:54:40.566Z, 228.82983159999998, 526.7164348
1714456480582, 2024-04-30T05:54:40.582Z, 233.76292600000002, 546.3851818
1714456480611, 2024-04-30T05:54:40.611Z, 242.36791139999997, 557.9504132
1714456480626, 2024-04-30T05:54:40.626Z, 247.50654960000003, 559.9360326
1714456480655, 2024-04-30T05:54:40.655Z, 268.05051199999997, 558.2994344
1714456480672, 2024-04-30T05:54:40.672Z, 289.0091954, 555.0107902
1714456480683, 2024-04-30T05:54:40.683Z, 313.2662676, 550.8946242
1714456480714, 2024-04-30T05:54:40.714Z, 336.4495228, 540.6882994
1714456480877, 2024-04-30T05:54:40.877Z, 361.41164560000004, 531.1574372
1714456480892, 2024-04-30T05:54:40.892Z, 371.428658, 515.3635366000001
1714456480903, 2024-04-30T05:54:40.903Z, 377.22099319999995, 501.8675252
1714456480922, 2024-04-30T05:54:40.922Z, 377.1738098, 486.9965626
1714456480937, 2024-04-30T05:54:40.937Z, 377.41216240000006, 477.65106319999995
1714456480952, 2024-04-30T05:54:40.952Z, 375.73497480000003, 469.8376415999999
1714456480967, 2024-04-30T05:54:40.967Z, 375.1090652, 471.6960752
1714456480983, 2024-04-30T05:54:40.983Z, 377.274453, 474.0998788
1714456481012, 2024-04-30T05:54:41.012Z, 376.7705328, 478.348225
1714456481028, 2024-04-30T05:54:41.028Z, 376.44728560000004, 483.4530914
1714456481056, 2024-04-30T05:54:41.056Z, 361.99752939999996, 489.7361316
1714456481071, 2024-04-30T05:54:41.071Z, 330.6315148, 496.28124499999996
1714456481101, 2024-04-30T05:54:41.101Z, 293.1647892, 501.0749874
1714456481117, 2024-04-30T05:54:41.117Z, 254.43689220000002, 505.15131759999997
1714456481161, 2024-04-30T05:54:41.161Z, 212.767078, 507.658724
1714456481190, 2024-04-30T05:54:41.190Z, 189.04014640000003, 507.61143380000004
1714456481205, 2024-04-30T05:54:41.205Z, 181.0417336, 507.74846780000007
1714456481235, 2024-04-30T05:54:41.235Z, 168.3819682, 510.79405160000005
1714456481249, 2024-04-30T05:54:41.249Z, 160.9665686, 512.8045168
1714456481280, 2024-04-30T05:54:41.280Z, 176.24015319999998, 511.5415304
1714456481325, 2024-04-30T05:54:41.325Z, 192.51049099999997, 509.8473502
1714456481340, 2024-04-30T05:54:41.340Z, 209.57068499999997, 508.3942977999999
1714456481373, 2024-04-30T05:54:41.373Z, 235.8643416, 505.4852860000001
1714456481388, 2024-04-30T05:54:41.388Z, 259.1683042, 502.8103642
1714456481418, 2024-04-30T05:54:41.418Z, 261.404245, 505.3378492
1714456481433, 2024-04-30T05:54:41.433Z, 260.526223, 509.055918
1714456481465, 2024-04-30T05:54:41.465Z, 259.17327320000004, 512.7711158
1714456481476, 2024-04-30T05:54:41.476Z, 258.3532394, 515.9919104
1714456481507, 2024-04-30T05:54:41.507Z, 254.92259399999998, 517.6732949999999
1714456481523, 2024-04-30T05:54:41.523Z, 250.29443460000002, 517.9903078
1714456481553, 2024-04-30T05:54:41.553Z, 245.4539334, 517.7178190000001
1714456481568, 2024-04-30T05:54:41.568Z, 241.151491, 517.1032044
1714456481616, 2024-04-30T05:54:41.616Z, 250.995458, 507.5700286
1714456481647, 2024-04-30T05:54:41.647Z, 273.5166878, 498.9181972
1714456481775, 2024-04-30T05:54:41.775Z, 316.2246136, 499.34180080000004
1714456481791, 2024-04-30T05:54:41.791Z, 378.0502445999999, 482.39742160000003
1714456481821, 2024-04-30T05:54:41.821Z, 450.989107, 470.7389738
1714456481836, 2024-04-30T05:54:41.836Z, 521.5118434, 472.013414
1714456481848, 2024-04-30T05:54:41.848Z, 588.820198, 484.9998643999999
1714456481866, 2024-04-30T05:54:41.866Z, 636.932504, 485.7231862
1714456481881, 2024-04-30T05:54:41.881Z, 666.32184, 502.937174
1714456481911, 2024-04-30T05:54:41.911Z, 690.1165945999999, 522.1385844
1714456481938, 2024-04-30T05:54:41.938Z, 706.2950171999998, 529.5068269999999
1714456482226, 2024-04-30T05:54:42.226Z, 660.1220192, 527.9317622000001
1714456482240, 2024-04-30T05:54:42.240Z, 604.895505, 522.8586372
1714456482270, 2024-04-30T05:54:42.270Z, 552.053888, 517.8446136
1714456482286, 2024-04-30T05:54:42.286Z, 494.2926794, 503.9447216
1714456482315, 2024-04-30T05:54:42.315Z, 429.4938424, 496.5147406
1714456482330, 2024-04-30T05:54:42.331Z, 421.04317760000004, 487.49263579999996
1714456482361, 2024-04-30T05:54:42.361Z, 419.5686530000001, 484.45727239999997
1714456482375, 2024-04-30T05:54:42.375Z, 408.822364, 480.59146760000004
1714456482405, 2024-04-30T05:54:42.405Z, 375.92408059999997, 478.631127
1714456482420, 2024-04-30T05:54:42.420Z, 344.5352344, 476.9404102
1714456482450, 2024-04-30T05:54:42.450Z, 309.1240753999999, 474.6782776
1714456482468, 2024-04-30T05:54:42.468Z, 276.69800999999995, 473.45211739999996
1714456482514, 2024-04-30T05:54:42.514Z, 251.7671308, 475.648365
1714456482540, 2024-04-30T05:54:42.540Z, 248.4645606, 477.9534234000001
1714456482556, 2024-04-30T05:54:42.556Z, 246.14645180000002, 480.25825999999995
1714456482587, 2024-04-30T05:54:42.587Z, 247.0919096, 482.0381166
1714456482602, 2024-04-30T05:54:42.602Z, 247.42257439999997, 483.0190654
1714456482633, 2024-04-30T05:54:42.633Z, 255.0394538, 482.01790679999993
1714456482675, 2024-04-30T05:54:42.675Z, 263.4644624, 480.335938
1714456482693, 2024-04-30T05:54:42.693Z, 270.5283182, 476.63609719999994
1714456482720, 2024-04-30T05:54:42.720Z, 278.4601138, 473.7975086
1714456482736, 2024-04-30T05:54:42.736Z, 287.005887, 471.3401914
1714456482765, 2024-04-30T05:54:42.765Z, 293.38677040000005, 473.54059040000004
1714456482780, 2024-04-30T05:54:42.780Z, 301.1978892, 477.17784300000005
1714456482811, 2024-04-30T05:54:42.811Z, 311.19997539999997, 482.4735506
1714456482826, 2024-04-30T05:54:42.826Z, 323.19554619999997, 484.215859
1714456482855, 2024-04-30T05:54:42.855Z, 333.742253, 487.9024842
1714456482873, 2024-04-30T05:54:42.873Z, 339.3101226, 484.35249899999997
1714456482900, 2024-04-30T05:54:42.900Z, 339.1019438, 474.3595324
1714456482915, 2024-04-30T05:54:42.915Z, 337.49736859999996, 464.677026
1714456482961, 2024-04-30T05:54:42.961Z, 332.9234992, 457.64072079999994
1714456482990, 2024-04-30T05:54:42.990Z, 331.6742876, 448.6761778
1714456483005, 2024-04-30T05:54:43.005Z, 333.6559188, 440.2781008
1714456483035, 2024-04-30T05:54:43.035Z, 343.426827, 436.99194860000006
1714456483050, 2024-04-30T05:54:43.050Z, 354.41977439999994, 433.9199982
1714456483081, 2024-04-30T05:54:43.081Z, 366.7191272, 430.7426853999999
1714456483278, 2024-04-30T05:54:43.278Z, 394.127075, 419.16069600000003
1714456483308, 2024-04-30T05:54:43.308Z, 412.36595939999995, 421.4252444
1714456483323, 2024-04-30T05:54:43.323Z, 425.6225850000001, 422.08436120000005
1714456483354, 2024-04-30T05:54:43.354Z, 439.44142819999996, 421.832769
1714456483368, 2024-04-30T05:54:43.368Z, 453.008678, 422.6348236
1714456483412, 2024-04-30T05:54:43.412Z, 452.87912479999994, 434.28999079999994
1714456483441, 2024-04-30T05:54:43.441Z, 461.1941903999999, 433.8028264000001
1714456483456, 2024-04-30T05:54:43.456Z, 478.9357314, 431.6325452
1714456483486, 2024-04-30T05:54:43.486Z, 503.79453780000006, 435.02761680000003
1714456483501, 2024-04-30T05:54:43.501Z, 533.350792, 445.265744
1714456483532, 2024-04-30T05:54:43.532Z, 567.4705115999999, 461.4409754
1714456483576, 2024-04-30T05:54:43.576Z, 601.737282, 480.1205760000001
1714456483591, 2024-04-30T05:54:43.591Z, 628.5882952, 499.49792300000007
1714456483621, 2024-04-30T05:54:43.621Z, 646.6751840000001, 510.96514499999995
1714456483636, 2024-04-30T05:54:43.636Z, 658.9485366, 514.785269
1714456483666, 2024-04-30T05:54:43.666Z, 666.5473624, 510.170529
1714456483681, 2024-04-30T05:54:43.681Z, 674.2184568, 503.91451040000004
1714456483711, 2024-04-30T05:54:43.711Z, 680.9732876, 498.9618176
1714456483757, 2024-04-30T05:54:43.757Z, 692.3138885999999, 497.10063840000004
1714456483776, 2024-04-30T05:54:43.776Z, 706.241637, 499.190007
1714456483785, 2024-04-30T05:54:43.785Z, 718.0756252, 502.5709972000001
1714456483803, 2024-04-30T05:54:43.803Z, 735.4626460000001, 512.3469087999999
1714456483821, 2024-04-30T05:54:43.821Z, 755.7343034, 526.161263
1714456483868, 2024-04-30T05:54:43.868Z, 779.7421082000001, 551.7582758
1714456483891, 2024-04-30T05:54:43.891Z, 800.7423020000001, 573.8094181999999
1714456483907, 2024-04-30T05:54:43.907Z, 784.1913818, 589.6637342
1714456483936, 2024-04-30T05:54:43.936Z, 677.8449394, 588.9410666
1714456483953, 2024-04-30T05:54:43.953Z, 567.3797452, 585.726402
1714456483981, 2024-04-30T05:54:43.981Z, 449.6473546, 570.732356
1714456484026, 2024-04-30T05:54:44.026Z, 335.99618799999996, 558.5659534
1714456484177, 2024-04-30T05:54:44.177Z, 209.9291844, 536.7879101999999
1714456484207, 2024-04-30T05:54:44.207Z, 166.73265139999998, 525.8773170000001
1714456484221, 2024-04-30T05:54:44.221Z, 127.13912480000002, 507.3607298
1714456484252, 2024-04-30T05:54:44.252Z, 88.3292378, 488.7052608
1714456484266, 2024-04-30T05:54:44.266Z, 44.72066739999999, 468.7027682
1714456484313, 2024-04-30T05:54:44.313Z, 49.821481199999994, 478.082792
1714456484342, 2024-04-30T05:54:44.342Z, 55.607996400000005, 494.05523359999995
1714456484357, 2024-04-30T05:54:44.357Z, 58.72231860000001, 518.1059198
1714456484387, 2024-04-30T05:54:44.387Z, 64.4071094, 543.4229244
1714456484401, 2024-04-30T05:54:44.401Z, 88.39305440000001, 565.7914572
1714456484432, 2024-04-30T05:54:44.432Z, 118.20385300000001, 573.776603
1714456484492, 2024-04-30T05:54:44.492Z, 142.9724392, 581.3070632000001
1714456484522, 2024-04-30T05:54:44.522Z, 181.3192516, 589.2174728
1714456484538, 2024-04-30T05:54:44.538Z, 234.00224639999996, 592.1519020000001
1714456484553, 2024-04-30T05:54:44.553Z, 270.1697486, 595.6100344
1714456484629, 2024-04-30T05:54:44.629Z, 300.6780338, 598.8042214
1714456485830, 2024-04-30T05:54:45.830Z, 357.6004198, 561.8712432
1714456485847, 2024-04-30T05:54:45.847Z, 386.3600004, 515.9924467999999
1714456485878, 2024-04-30T05:54:45.878Z, 404.77438199999995, 474.7930362
1714456485893, 2024-04-30T05:54:45.893Z, 427.030912, 434.1757992
1714456485922, 2024-04-30T05:54:45.922Z, 446.0279904, 391.8632774
1714456485936, 2024-04-30T05:54:45.936Z, 439.6796152, 381.0870662
1714456485961, 2024-04-30T05:54:45.961Z, 445.00594759999996, 371.2700364
1714456485976, 2024-04-30T05:54:45.976Z, 442.43259079999996, 360.71731339999997
1714456486006, 2024-04-30T05:54:46.006Z, 434.1430416, 346.1615356
1714456486021, 2024-04-30T05:54:46.021Z, 427.8530554, 328.2516224
1714456486050, 2024-04-30T05:54:46.050Z, 421.3589424, 313.06270659999996
1714456486066, 2024-04-30T05:54:46.066Z, 416.7119312, 305.4220984
1714456486278, 2024-04-30T05:54:46.278Z, 405.7138136, 312.24101399999995
1714456486296, 2024-04-30T05:54:46.296Z, 391.3155636, 311.1414066
1714456486325, 2024-04-30T05:54:46.325Z, 380.492697, 312.74317
1714456486340, 2024-04-30T05:54:46.340Z, 371.00917880000003, 313.04884159999995
1714456486386, 2024-04-30T05:54:46.386Z, 361.0951768, 310.48948579999995
1714456486415, 2024-04-30T05:54:46.415Z, 358.70781900000003, 295.501615
1714456486430, 2024-04-30T05:54:46.430Z, 362.31181860000004, 294.3249734
1714456486460, 2024-04-30T05:54:46.460Z, 365.1341878, 297.4252504
1714456486475, 2024-04-30T05:54:46.475Z, 367.7163428, 300.26784860000004
1714456486504, 2024-04-30T05:54:46.504Z, 370.65439560000004, 305.32424240000006
1714456486520, 2024-04-30T05:54:46.520Z, 372.7098156, 308.5057332
1714456486567, 2024-04-30T05:54:46.567Z, 368.3643404, 309.9226324
1714456486592, 2024-04-30T05:54:46.592Z, 353.94472939999997, 309.18873080000003
1714456486607, 2024-04-30T05:54:46.607Z, 328.4635714, 309.63990700000005
1714456486618, 2024-04-30T05:54:46.618Z, 300.91067039999996, 308.8720106
1714456486637, 2024-04-30T05:54:46.637Z, 273.24138039999997, 310.2214636
1714456486652, 2024-04-30T05:54:46.652Z, 250.56260200000003, 311.3020506
1714456486665, 2024-04-30T05:54:46.665Z, 235.69262239999998, 310.9822012
1714456486682, 2024-04-30T05:54:46.682Z, 232.26138299999997, 310.5984952
1714456486710, 2024-04-30T05:54:46.710Z, 230.8291026, 311.03421979999996
1714456486727, 2024-04-30T05:54:46.727Z, 230.07001960000002, 310.9223252
1714456486743, 2024-04-30T05:54:46.743Z, 230.01184679999997, 312.8363682
1714456486758, 2024-04-30T05:54:46.758Z, 230.3437092, 316.2010506
1714456486774, 2024-04-30T05:54:46.774Z, 232.02248920000002, 317.48595259999996
1714456486790, 2024-04-30T05:54:46.790Z, 240.57726940000003, 324.16941699999995
1714456486820, 2024-04-30T05:54:46.820Z, 252.52801099999996, 328.189124
1714456486835, 2024-04-30T05:54:46.835Z, 263.41205780000007, 330.0028742
1714456486869, 2024-04-30T05:54:46.869Z, 278.7597654, 331.876793
1714456486882, 2024-04-30T05:54:46.882Z, 290.0483034, 335.0620408
1714456486914, 2024-04-30T05:54:46.914Z, 293.89067079999995, 327.0561608
1714456486929, 2024-04-30T05:54:46.929Z, 289.1577416, 313.4571006
1714456486961, 2024-04-30T05:54:46.961Z, 284.8129196, 298.4658348
1714456486976, 2024-04-30T05:54:46.976Z, 280.9643372, 283.4204878
1714456487019, 2024-04-30T05:54:47.019Z, 282.6174604, 270.68201519999997
1714456487042, 2024-04-30T05:54:47.042Z, 287.8721592, 272.6641886
1714456487059, 2024-04-30T05:54:47.059Z, 298.0474682, 283.9171164
1714456487069, 2024-04-30T05:54:47.069Z, 308.31581420000003, 296.80030539999996
1714456487086, 2024-04-30T05:54:47.086Z, 313.02860180000005, 322.7779904
1714456487102, 2024-04-30T05:54:47.102Z, 314.3411822, 344.8700254
1714456487132, 2024-04-30T05:54:47.132Z, 313.5378154, 358.94217960000003
1714456487178, 2024-04-30T05:54:47.178Z, 317.1734256, 363.1710756
1714456487194, 2024-04-30T05:54:47.194Z, 324.1023612, 365.8156696
1714456487225, 2024-04-30T05:54:47.225Z, 336.27271640000004, 356.9730604
1714456487239, 2024-04-30T05:54:47.239Z, 349.3932732, 348.6369464
1714456487270, 2024-04-30T05:54:47.270Z, 363.23936280000004, 339.91013519999996
1714456487286, 2024-04-30T05:54:47.286Z, 371.47790699999996, 337.18115339999997
1714456487313, 2024-04-30T05:54:47.313Z, 378.5906758, 328.5087474
1714456487327, 2024-04-30T05:54:47.327Z, 381.260238, 318.0810688
1714456487356, 2024-04-30T05:54:47.356Z, 383.1016912, 309.1858572
1714456487371, 2024-04-30T05:54:47.371Z, 384.8338636, 303.29067760000004
1714456487400, 2024-04-30T05:54:47.400Z, 388.5461686, 299.07595000000003
1714456487416, 2024-04-30T05:54:47.416Z, 394.5084362, 303.9642278
1714456487466, 2024-04-30T05:54:47.466Z, 402.7241888, 309.3916838
1714456487496, 2024-04-30T05:54:47.496Z, 409.4098292, 313.4919678
1714456487511, 2024-04-30T05:54:47.511Z, 414.04047419999995, 312.7941488
1714456487537, 2024-04-30T05:54:47.537Z, 417.3037442, 313.6813088
1714456487552, 2024-04-30T05:54:47.552Z, 417.110211, 314.501231
1714456487582, 2024-04-30T05:54:47.582Z, 415.87994919999994, 316.391149
1714456487627, 2024-04-30T05:54:47.627Z, 417.6646318, 320.7003378
1714456487643, 2024-04-30T05:54:47.643Z, 419.87985019999996, 326.9466488
1714456487674, 2024-04-30T05:54:47.674Z, 413.90371639999995, 329.9302178
1714456487690, 2024-04-30T05:54:47.690Z, 408.4020506, 334.21470339999996
1714456487720, 2024-04-30T05:54:47.720Z, 401.2159266, 337.96294679999994
1714456487736, 2024-04-30T05:54:47.736Z, 391.6184695999999, 339.79774740000005
1714456487763, 2024-04-30T05:54:47.763Z, 383.03108899999995, 342.02150560000007
1714456487777, 2024-04-30T05:54:47.777Z, 384.1536926, 344.8421598
1714456487806, 2024-04-30T05:54:47.806Z, 383.95376080000005, 344.7539372
1714456487821, 2024-04-30T05:54:47.821Z, 383.5505194, 344.105231
1714456487851, 2024-04-30T05:54:47.851Z, 384.58092960000005, 343.48278740000006
1714456487866, 2024-04-30T05:54:47.866Z, 385.20153059999996, 342.31600760000003
1714456487912, 2024-04-30T05:54:47.912Z, 384.68214520000004, 341.9965838
1714456487940, 2024-04-30T05:54:47.940Z, 384.4616982, 343.5230016
1714456487959, 2024-04-30T05:54:47.959Z, 385.143728, 344.9802968
1714456487988, 2024-04-30T05:54:47.988Z, 386.85886960000005, 346.11121579999997
1714456488001, 2024-04-30T05:54:48.001Z, 388.71475879999997, 346.940276
1714456488031, 2024-04-30T05:54:48.031Z, 390.0625696, 344.5564002
1714456488079, 2024-04-30T05:54:48.079Z, 390.036373, 340.08467599999994
1714456488094, 2024-04-30T05:54:48.094Z, 389.0332356, 336.17909879999996
1714456488257, 2024-04-30T05:54:48.257Z, 396.5102578, 332.9174686
1714456488272, 2024-04-30T05:54:48.272Z, 403.65004899999997, 321.10397739999996
1714456488302, 2024-04-30T05:54:48.302Z, 411.036294, 312.05909959999997
1714456488317, 2024-04-30T05:54:48.317Z, 418.1780688, 306.7204258
1714456488363, 2024-04-30T05:54:48.363Z, 427.22573279999995, 308.28008400000004
1714456488392, 2024-04-30T05:54:48.392Z, 427.02192219999995, 304.7651218
1714456488407, 2024-04-30T05:54:48.407Z, 426.828167, 305.02145119999994
1714456488437, 2024-04-30T05:54:48.437Z, 425.761877, 304.47802479999996
1714456488452, 2024-04-30T05:54:48.452Z, 422.750042, 303.27534060000005
1714456488482, 2024-04-30T05:54:48.482Z, 419.55982220000004, 293.25804400000004
1714456488527, 2024-04-30T05:54:48.527Z, 409.64766380000003, 289.8430566
1714456488542, 2024-04-30T05:54:48.542Z, 400.395443, 293.796454
1714456488572, 2024-04-30T05:54:48.572Z, 393.0324918, 295.4289314
1714456488587, 2024-04-30T05:54:48.587Z, 388.78630480000004, 293.03874740000003
1714456488619, 2024-04-30T05:54:48.620Z, 380.1741944, 293.5182554
1714456488635, 2024-04-30T05:54:48.635Z, 376.80303619999995, 292.0466752
1714456488663, 2024-04-30T05:54:48.663Z, 372.0120974, 289.9657644
1714456488677, 2024-04-30T05:54:48.677Z, 368.7260622, 292.9033622
1714456488707, 2024-04-30T05:54:48.707Z, 368.48797099999996, 300.27672199999995
1714456488722, 2024-04-30T05:54:48.722Z, 371.5597956, 305.65248379999997
1714456488752, 2024-04-30T05:54:48.752Z, 375.08103360000007, 310.357622
1714456488767, 2024-04-30T05:54:48.767Z, 377.7743362, 311.8854816
1714456488813, 2024-04-30T05:54:48.813Z, 374.2161368, 313.576666
1714456488842, 2024-04-30T05:54:48.842Z, 361.73258039999996, 316.3355672
1714456488857, 2024-04-30T05:54:48.857Z, 339.7663652, 323.8496182
1714456488887, 2024-04-30T05:54:48.887Z, 311.5021394, 339.730522
1714456488902, 2024-04-30T05:54:48.902Z, 286.3302584, 358.17532960000005
1714456488933, 2024-04-30T05:54:48.933Z, 263.68577139999996, 375.30703619999997
1714456488977, 2024-04-30T05:54:48.977Z, 246.72936179999996, 388.4791414
1714456488993, 2024-04-30T05:54:48.993Z, 240.323632, 397.88263820000003
1714456489024, 2024-04-30T05:54:49.024Z, 249.74904740000002, 396.99838200000005
1714456489039, 2024-04-30T05:54:49.039Z, 260.3636344, 393.1499906
1714456489071, 2024-04-30T05:54:49.071Z, 271.535005, 388.93562940000004
1714456489086, 2024-04-30T05:54:49.086Z, 282.8284748, 383.2276276
1714456489112, 2024-04-30T05:54:49.112Z, 292.84139619999996, 376.4317834
1714456489125, 2024-04-30T05:54:49.125Z, 293.72467919999997, 372.403514
1714456489156, 2024-04-30T05:54:49.156Z, 291.5706236, 374.171232
1714456489171, 2024-04-30T05:54:49.171Z, 291.7091132, 375.18146939999997
1714456489200, 2024-04-30T05:54:49.200Z, 291.69760460000003, 379.59353360000006
1714456489216, 2024-04-30T05:54:49.216Z, 291.462553, 386.4179576
1714456489262, 2024-04-30T05:54:49.262Z, 287.41302780000007, 394.6726372
1714456489291, 2024-04-30T05:54:49.291Z, 281.776095, 398.13151439999996
1714456489308, 2024-04-30T05:54:49.308Z, 275.7578652, 403.6098206
1714456489337, 2024-04-30T05:54:49.337Z, 270.9242476, 408.45088759999993
1714456489355, 2024-04-30T05:54:49.355Z, 267.8281986, 413.3613044
1714456489384, 2024-04-30T05:54:49.384Z, 270.1032188, 419.8378498
1714456489427, 2024-04-30T05:54:49.427Z, 277.79938419999996, 427.3906776
1714456489441, 2024-04-30T05:54:49.441Z, 291.3666742, 434.0237682
1714456489471, 2024-04-30T05:54:49.471Z, 305.2765496, 439.3432692
1714456489486, 2024-04-30T05:54:49.486Z, 316.98209879999996, 441.66936880000003
1714456489516, 2024-04-30T05:54:49.516Z, 324.817657, 439.8863982
1714456489531, 2024-04-30T05:54:49.531Z, 326.313185, 436.49005539999996
1714456489562, 2024-04-30T05:54:49.562Z, 320.2247092, 432.34762220000005
1714456489576, 2024-04-30T05:54:49.576Z, 312.9438422, 428.7024902
1714456489606, 2024-04-30T05:54:49.606Z, 305.77166600000004, 426.5833354
1714456489621, 2024-04-30T05:54:49.621Z, 300.42530320000003, 425.07138139999995
1714456489651, 2024-04-30T05:54:49.651Z, 298.0854164, 425.31466739999996
1714456489666, 2024-04-30T05:54:49.666Z, 296.19098640000004, 425.4182964
1714456489713, 2024-04-30T05:54:49.713Z, 298.9753492, 426.5367576
1714456489741, 2024-04-30T05:54:49.741Z, 304.17463259999994, 424.23404279999994
1714456489756, 2024-04-30T05:54:49.756Z, 311.50194999999997, 420.2370702
1714456489768, 2024-04-30T05:54:49.768Z, 321.2725276, 410.14054219999997
1714456489786, 2024-04-30T05:54:49.786Z, 333.063537, 399.9177844
1714456489801, 2024-04-30T05:54:49.801Z, 340.9166048, 389.0635138
1714456489831, 2024-04-30T05:54:49.831Z, 348.48168880000003, 383.8115286
1714456489876, 2024-04-30T05:54:49.876Z, 355.70413800000006, 383.1617532
1714456489892, 2024-04-30T05:54:49.892Z, 359.9804962, 387.032684
1714456489921, 2024-04-30T05:54:49.921Z, 358.48544460000005, 388.2588632
1714456489936, 2024-04-30T05:54:49.936Z, 355.8037976, 390.21585719999996
1714456489947, 2024-04-30T05:54:49.947Z, 349.570426, 390.04131479999995
1714456489966, 2024-04-30T05:54:49.966Z, 342.39698119999997, 387.7354572
1714456489981, 2024-04-30T05:54:49.981Z, 337.68094460000003, 384.3011598
1714456490012, 2024-04-30T05:54:50.012Z, 336.5268414, 384.17936380000003
1714456490026, 2024-04-30T05:54:50.026Z, 336.0949012, 383.24530000000004
1714456490056, 2024-04-30T05:54:50.056Z, 340.18497340000005, 381.4164546
1714456490071, 2024-04-30T05:54:50.071Z, 343.5824792, 378.73516120000005
1714456490101, 2024-04-30T05:54:50.101Z, 353.9658496, 379.6216426
1714456490116, 2024-04-30T05:54:50.116Z, 363.847401, 380.33162000000004
1714456490162, 2024-04-30T05:54:50.162Z, 378.447391, 384.29346599999997
1714456490190, 2024-04-30T05:54:50.190Z, 391.92851580000007, 388.92154220000003
1714456490208, 2024-04-30T05:54:50.208Z, 409.62248120000004, 392.411719
1714456490236, 2024-04-30T05:54:50.236Z, 418.46624699999995, 391.5756882
1714456490251, 2024-04-30T05:54:50.251Z, 425.9439328, 391.9394492
1714456490281, 2024-04-30T05:54:50.281Z, 426.8550336, 386.2838922
1714456490326, 2024-04-30T05:54:50.326Z, 420.4344456, 381.724922
1714456490341, 2024-04-30T05:54:50.341Z, 399.67537219999997, 382.91667019999994
1714456490371, 2024-04-30T05:54:50.371Z, 369.80247660000003, 397.6145684
1714456490386, 2024-04-30T05:54:50.386Z, 342.4888052, 410.93405679999995
1714456490416, 2024-04-30T05:54:50.416Z, 310.68335019999995, 436.507466
1714456490431, 2024-04-30T05:54:50.431Z, 285.9346026, 460.8125158000001
1714456490461, 2024-04-30T05:54:50.461Z, 270.65300119999995, 483.550645
1714456490477, 2024-04-30T05:54:50.477Z, 263.7643594, 497.19319780000006
1714456490505, 2024-04-30T05:54:50.505Z, 255.9317054, 510.0412026
1714456490521, 2024-04-30T05:54:50.521Z, 254.5216832, 509.1821404000001
1714456490550, 2024-04-30T05:54:50.550Z, 249.4802636, 507.382894
1714456490567, 2024-04-30T05:54:50.567Z, 236.8523474, 503.6913918
1714456490613, 2024-04-30T05:54:50.613Z, 218.7216534, 499.1828326
1714456490641, 2024-04-30T05:54:50.641Z, 202.4098004, 494.08648039999997
1714456490656, 2024-04-30T05:54:50.656Z, 186.2267024, 493.217345
1714456490685, 2024-04-30T05:54:50.685Z, 173.52241759999998, 493.3651566
1714456490701, 2024-04-30T05:54:50.701Z, 170.0273948, 493.6457472
1714456490731, 2024-04-30T05:54:50.731Z, 172.24919300000002, 493.26974359999997
1714456490775, 2024-04-30T05:54:50.775Z, 173.8087016, 495.2403588
1714456490792, 2024-04-30T05:54:50.792Z, 176.146599, 497.45663640000004
1714456490820, 2024-04-30T05:54:50.820Z, 175.27312580000003, 499.21386739999997
1714456490836, 2024-04-30T05:54:50.836Z, 173.79344699999996, 500.9614096
1714456490865, 2024-04-30T05:54:50.865Z, 173.09765199999998, 504.0058244
1714456490881, 2024-04-30T05:54:50.881Z, 171.92173340000002, 506.3784374
1714456490911, 2024-04-30T05:54:50.911Z, 174.45670160000003, 507.9011576
1714456490926, 2024-04-30T05:54:50.926Z, 176.84801, 510.77727159999995
1714456490956, 2024-04-30T05:54:50.956Z, 188.95449319999997, 515.8973171999999
1714456490972, 2024-04-30T05:54:50.972Z, 205.151548, 514.9195038
1714456491000, 2024-04-30T05:54:51.000Z, 224.32398600000002, 513.993233
1714456491016, 2024-04-30T05:54:51.016Z, 240.24283779999996, 515.0273891999999
1714456491061, 2024-04-30T05:54:51.061Z, 260.2587944, 515.8555052
1714456491092, 2024-04-30T05:54:51.092Z, 273.7276068, 510.7061662
1714456491105, 2024-04-30T05:54:51.105Z, 284.2536992, 509.2911364
1714456491135, 2024-04-30T05:54:51.135Z, 302.99276019999996, 512.2458632
1714456491150, 2024-04-30T05:54:51.150Z, 319.189981, 512.8121616000001
1714456491181, 2024-04-30T05:54:51.181Z, 332.175616, 508.794578
1714456491224, 2024-04-30T05:54:51.224Z, 343.30923759999996, 509.35137920000005
1714456491240, 2024-04-30T05:54:51.240Z, 349.80603759999997, 507.2872238
1714456491270, 2024-04-30T05:54:51.270Z, 343.8098516, 499.45714260000005
1714456491285, 2024-04-30T05:54:51.285Z, 334.26480899999996, 486.5803978
1714456491330, 2024-04-30T05:54:51.330Z, 330.9498882, 481.3030368
1714456491375, 2024-04-30T05:54:51.375Z, 326.88729839999996, 473.8640546
1714456491419, 2024-04-30T05:54:51.419Z, 325.7515082, 469.81213339999994
1714456491452, 2024-04-30T05:54:51.452Z, 330.4079762, 466.8637452
1714456491468, 2024-04-30T05:54:51.468Z, 348.0266252, 467.42630799999995
1714456491515, 2024-04-30T05:54:51.515Z, 365.9874428, 466.56808259999997
1714456491540, 2024-04-30T05:54:51.540Z, 395.3804344, 468.98111
1714456491556, 2024-04-30T05:54:51.556Z, 419.9394918, 469.34069220000003
1714456491586, 2024-04-30T05:54:51.586Z, 440.7693062, 469.3979972
1714456491602, 2024-04-30T05:54:51.602Z, 456.9212028, 474.67651879999994
1714456491633, 2024-04-30T05:54:51.633Z, 468.92481620000007, 477.7065506
1714456491679, 2024-04-30T05:54:51.679Z, 489.71969060000004, 478.81412280000006
1714456491696, 2024-04-30T05:54:51.696Z, 517.6200106, 481.46848279999995
1714456491726, 2024-04-30T05:54:51.726Z, 551.7266933999999, 482.48471179999996
1714456491742, 2024-04-30T05:54:51.742Z, 585.6490342000001, 480.913584
1714456491774, 2024-04-30T05:54:51.774Z, 627.0304646000001, 477.7432492
1714456491789, 2024-04-30T05:54:51.789Z, 646.8757459999999, 474.69604360000005
1714456491811, 2024-04-30T05:54:51.811Z, 667.5009712, 471.90780859999995
1714456491825, 2024-04-30T05:54:51.825Z, 680.5893204, 471.66679400000004
1714456491855, 2024-04-30T05:54:51.855Z, 687.3594347999999, 470.46395359999997
1714456491870, 2024-04-30T05:54:51.870Z, 686.0273212, 470.7103945999999
1714456491881, 2024-04-30T05:54:51.881Z, 691.1349724, 472.58520339999995
1714456491902, 2024-04-30T05:54:51.902Z, 703.7020600000001, 478.0001408
1714456491916, 2024-04-30T05:54:51.916Z, 717.6214600000001, 483.1706198
1714456491928, 2024-04-30T05:54:51.928Z, 739.0118654, 486.1091534
1714456491961, 2024-04-30T05:54:51.961Z, 761.3901655999999, 489.09646899999996
1714456491974, 2024-04-30T05:54:51.974Z, 780.3009526, 489.4635338
1714456491990, 2024-04-30T05:54:51.990Z, 788.3877689999999, 485.8357648
1714456492006, 2024-04-30T05:54:52.006Z, 795.6377279999999, 481.63619719999997
1714456492021, 2024-04-30T05:54:52.021Z, 795.3322922, 476.58530200000007
1714456492036, 2024-04-30T05:54:52.036Z, 791.3577638, 471.9163668
1714456492214, 2024-04-30T05:54:52.214Z, 679.7344254000001, 520.7717386
1714456492261, 2024-04-30T05:54:52.261Z, 568.2942928, 572.6284011999999
1714456492305, 2024-04-30T05:54:52.305Z, 453.5126848, 623.6082332
1714456492352, 2024-04-30T05:54:52.352Z, 340.2801138, 677.589652
1714456492424, 2024-04-30T05:54:52.424Z, 234.732416, 726.4794966
1714456492440, 2024-04-30T05:54:52.440Z, 235.39710999999997, 720.8477224000001
1714456492456, 2024-04-30T05:54:52.456Z, 236.92688520000002, 712.4804788
1714456492487, 2024-04-30T05:54:52.487Z, 216.54865180000002, 672.333446
1714456492536, 2024-04-30T05:54:52.536Z, 195.7671706, 616.7156214
1714456492710, 2024-04-30T05:54:52.710Z, 174.8944766, 572.8503542000001
1714456492724, 2024-04-30T05:54:52.724Z, 162.88251780000002, 528.0183732
1714456492754, 2024-04-30T05:54:52.754Z, 156.87672700000002, 484.79961620000006
1714456492770, 2024-04-30T05:54:52.770Z, 179.096944, 474.4524915999999
1714456492799, 2024-04-30T05:54:52.799Z, 199.64217779999998, 479.6495824
1714456492814, 2024-04-30T05:54:52.814Z, 213.43764339999998, 479.792102
1714456492864, 2024-04-30T05:54:52.864Z, 212.9464568, 482.21463919999997
1714456492889, 2024-04-30T05:54:52.889Z, 192.5779822, 492.7418836
1714456492905, 2024-04-30T05:54:52.905Z, 167.372738, 503.7667751999999
1714456492936, 2024-04-30T05:54:52.936Z, 144.442749, 515.8123092
1714456492952, 2024-04-30T05:54:52.952Z, 123.31035119999999, 527.9874861999999
1714456492983, 2024-04-30T05:54:52.983Z, 106.88189200000002, 541.2931578
1714456493041, 2024-04-30T05:54:53.041Z, 104.9693978, 544.7841862000001
1714456493070, 2024-04-30T05:54:53.070Z, 106.59117260000001, 542.6058768
1714456493164, 2024-04-30T05:54:53.164Z, 113.5287696, 543.9793122
1714456493178, 2024-04-30T05:54:53.178Z, 119.5992138, 547.1818002
1714456493208, 2024-04-30T05:54:53.208Z, 125.7850536, 550.1252979999999
1714456493478, 2024-04-30T05:54:53.478Z, 143.38749339999998, 558.1305138
1714456493494, 2024-04-30T05:54:53.494Z, 183.74136919999998, 544.056569
1714456493523, 2024-04-30T05:54:53.523Z, 218.15429939999999, 524.2421404
1714456493538, 2024-04-30T05:54:53.538Z, 233.2037406, 494.110816
1714456493569, 2024-04-30T05:54:53.569Z, 239.2220236, 446.4824654
1714456493581, 2024-04-30T05:54:53.581Z, 229.96234479999998, 389.9048358
1714456493760, 2024-04-30T05:54:53.760Z, 188.3756638, 346.6812818
1714456493839, 2024-04-30T05:54:53.839Z, 132.8812018, 311.7069894
1714456493855, 2024-04-30T05:54:53.855Z, 106.2480788, 278.1457144
1714456493885, 2024-04-30T05:54:53.885Z, 87.0011482, 261.837977
1714456493924, 2024-04-30T05:54:53.924Z, 106.1558352, 246.2558704
1714456493972, 2024-04-30T05:54:53.972Z, 135.7467326, 246.92775820000003
1714456494016, 2024-04-30T05:54:54.016Z, 188.6755048, 249.8226776
1714456494030, 2024-04-30T05:54:54.030Z, 232.28222999999997, 258.2717978
1714456494061, 2024-04-30T05:54:54.061Z, 279.0637292, 267.09097440000005
1714456494075, 2024-04-30T05:54:54.075Z, 288.8287332, 279.798461
1714456494105, 2024-04-30T05:54:54.105Z, 295.931598, 290.0699878
1714456494120, 2024-04-30T05:54:54.120Z, 298.08178, 291.860659
1714456494135, 2024-04-30T05:54:54.135Z, 299.668259, 292.122289
1714456494151, 2024-04-30T05:54:54.151Z, 300.0678626, 290.611023
1714456494167, 2024-04-30T05:54:54.167Z, 302.704885, 288.88776559999997
1714456494183, 2024-04-30T05:54:54.183Z, 305.91432960000003, 285.77412300000003
1714456494211, 2024-04-30T05:54:54.211Z, 304.2369064, 279.60193580000004
1714456494221, 2024-04-30T05:54:54.221Z, 303.1456928, 273.12345020000004
1714456494240, 2024-04-30T05:54:54.240Z, 301.6749244, 265.8995722
1714456494255, 2024-04-30T05:54:54.255Z, 301.1974596, 261.42442420000003
1714456494266, 2024-04-30T05:54:54.266Z, 294.0514002, 258.2264724
1714456494285, 2024-04-30T05:54:54.285Z, 288.9745538, 258.6896218
1714456494300, 2024-04-30T05:54:54.300Z, 284.33629959999996, 260.2838702
1714456494311, 2024-04-30T05:54:54.311Z, 279.544664, 263.433213
1714456494330, 2024-04-30T05:54:54.330Z, 273.0985978, 262.07425879999994
1714456494555, 2024-04-30T05:54:54.555Z, 296.911902, 259.7256728
1714456494570, 2024-04-30T05:54:54.570Z, 313.6359864, 251.02777180000004
1714456494601, 2024-04-30T05:54:54.601Z, 330.6087586, 242.62069459999998
1714456494617, 2024-04-30T05:54:54.617Z, 345.86110440000004, 229.57563839999997
1714456494690, 2024-04-30T05:54:54.690Z, 325.2638218, 211.78786580000002
1714456494735, 2024-04-30T05:54:54.735Z, 279.35667900000004, 193.4307052
1714456494750, 2024-04-30T05:54:54.750Z, 240.7062276, 180.4734
1714456494780, 2024-04-30T05:54:54.780Z, 205.6128466, 159.8154814
1714456494845, 2024-04-30T05:54:54.845Z, 176.6607168, 160.06481679999996
1714456494871, 2024-04-30T05:54:54.871Z, 208.30123780000002, 174.377373
1714456494896, 2024-04-30T05:54:54.896Z, 241.7922782, 188.89526299999997
1714456494916, 2024-04-30T05:54:54.916Z, 286.69404280000003, 204.99216959999998
1714456494935, 2024-04-30T05:54:54.935Z, 328.1512884, 229.55163480000002
1714456494962, 2024-04-30T05:54:54.962Z, 365.0137892000001, 239.26474679999995
1714456494980, 2024-04-30T05:54:54.980Z, 376.80434120000007, 241.82006159999997
1714456495008, 2024-04-30T05:54:55.008Z, 388.824811, 245.97776140000002
1714456495024, 2024-04-30T05:54:55.024Z, 388.88687519999996, 248.76044499999998
1714456495115, 2024-04-30T05:54:55.115Z, 671.7248165999999, 339.9770074
1714456495141, 2024-04-30T05:54:55.141Z, 768.6310974, 402.58235080000003
1714456496915, 2024-04-30T05:54:56.915Z, 758.8494589999999, 352.72519239999997
1714456497323, 2024-04-30T05:54:57.323Z, 697.7042549999999, 337.04502199999996
1714456497363, 2024-04-30T05:54:57.363Z, 732.5897395999999, 358.395174
1714456497437, 2024-04-30T05:54:57.437Z, 408.4214774, 291.3604832
1714456497482, 2024-04-30T05:54:57.482Z, 270.5307836, 253.5761454
1714456497542, 2024-04-30T05:54:57.542Z, 242.16067959999995, 327.12585920000004
1714456497572, 2024-04-30T05:54:57.572Z, 265.05281119999995, 366.18848599999995
1714456497588, 2024-04-30T05:54:57.588Z, 191.27186899999998, 364.43864099999996
1714456497619, 2024-04-30T05:54:57.619Z, 203.67355539999997, 358.9856192
1714456497634, 2024-04-30T05:54:57.634Z, 215.81485859999998, 349.759598
1714456497662, 2024-04-30T05:54:57.662Z, 223.13367119999998, 338.5973554
1714456498430, 2024-04-30T05:54:58.430Z, 237.97263980000002, 343.10212519999993
1714456498445, 2024-04-30T05:54:58.445Z, 251.1821604, 343.2393714
1714456498476, 2024-04-30T05:54:58.476Z, 253.8378076, 346.11841619999996
1714456498493, 2024-04-30T05:54:58.493Z, 254.80349499999997, 348.3277576
1714456498523, 2024-04-30T05:54:58.523Z, 253.32354959999998, 352.25701280000004
1714456498538, 2024-04-30T05:54:58.538Z, 244.6812382, 340.6706096
1714456498561, 2024-04-30T05:54:58.561Z, 218.4398032, 357.76811960000003
1714456498575, 2024-04-30T05:54:58.575Z, 192.2898514, 371.9155604
1714456498605, 2024-04-30T05:54:58.605Z, 166.09892440000002, 390.71788580000003
1714456498622, 2024-04-30T05:54:58.622Z, 144.3710912, 415.45112179999995
1714456498652, 2024-04-30T05:54:58.652Z, 125.96215500000001, 443.7731638
1714456498667, 2024-04-30T05:54:58.667Z, 130.4138062, 449.5749186
1714456498742, 2024-04-30T05:54:58.742Z, 161.25694579999998, 458.4271044
1714456498758, 2024-04-30T05:54:58.758Z, 208.76704679999997, 468.994562
1714456498788, 2024-04-30T05:54:58.788Z, 264.3604534, 478.85029540000005
1714456498803, 2024-04-30T05:54:58.803Z, 315.75928179999994, 483.4370668
1714456498835, 2024-04-30T05:54:58.835Z, 359.7038418, 487.26447459999997
1714456498877, 2024-04-30T05:54:58.877Z, 377.6890924, 489.78009860000003
1714456498893, 2024-04-30T05:54:58.893Z, 381.71933879999995, 487.0749188
1714456498920, 2024-04-30T05:54:58.920Z, 374.0171718, 474.2445084
1714456498936, 2024-04-30T05:54:58.936Z, 364.8903204, 462.13459300000005
1714456498966, 2024-04-30T05:54:58.966Z, 365.3373358, 453.6363746
1714456498981, 2024-04-30T05:54:58.981Z, 366.11466340000004, 447.2943448
1714456499012, 2024-04-30T05:54:59.012Z, 366.8409808, 445.065295
1714456499026, 2024-04-30T05:54:59.026Z, 371.2320268, 451.88975519999997
1714456499056, 2024-04-30T05:54:59.056Z, 375.07167780000003, 458.80302700000004
1714456499071, 2024-04-30T05:54:59.071Z, 367.62119140000004, 457.5389892
1714456499100, 2024-04-30T05:54:59.100Z, 354.6379114, 442.65487520000005
1714456499118, 2024-04-30T05:54:59.118Z, 339.20543519999995, 421.3160796
1714456499162, 2024-04-30T05:54:59.162Z, 316.9651962, 379.17080400000003
1714456499191, 2024-04-30T05:54:59.191Z, 297.17323279999994, 348.4841458
1714456499206, 2024-04-30T05:54:59.206Z, 283.8573654, 326.96790880000003
1714456499237, 2024-04-30T05:54:59.237Z, 275.4956486, 319.043378
1714456499253, 2024-04-30T05:54:59.253Z, 269.0603288, 313.1990782
1714456499285, 2024-04-30T05:54:59.285Z, 271.45061960000004, 322.34953379999996
1714456499326, 2024-04-30T05:54:59.326Z, 272.7617976, 321.39869680000004
1714456499341, 2024-04-30T05:54:59.341Z, 273.2849848, 318.6635804
1714456499371, 2024-04-30T05:54:59.371Z, 316.35607360000006, 335.0310296
1714456499386, 2024-04-30T05:54:59.386Z, 362.51404360000004, 354.85995319999995
1714456499416, 2024-04-30T05:54:59.416Z, 407.2991278, 378.222827
1714456499431, 2024-04-30T05:54:59.431Z, 454.1224036, 400.0565738
1714456499461, 2024-04-30T05:54:59.461Z, 505.101973, 428.2469962
1714456499474, 2024-04-30T05:54:59.474Z, 514.0992229999999, 440.36029340000005
1714456499522, 2024-04-30T05:54:59.522Z, 519.7658044, 455.01395759999997
1714456499551, 2024-04-30T05:54:59.551Z, 526.5976486000001, 473.9876316
1714456499567, 2024-04-30T05:54:59.567Z, 531.6629352, 492.8430359999999
1714456499613, 2024-04-30T05:54:59.613Z, 555.6930962, 505.1661937999999
1714456499642, 2024-04-30T05:54:59.642Z, 595.1552448, 507.56900799999994
1714456499658, 2024-04-30T05:54:59.658Z, 634.3899240000001, 508.3518854
1714456499690, 2024-04-30T05:54:59.690Z, 671.9529412, 504.62358459999996
1714456499705, 2024-04-30T05:54:59.705Z, 709.3206636000001, 502.6461776
1714456499721, 2024-04-30T05:54:59.721Z, 724.2902728, 500.63499900000005
1714456499736, 2024-04-30T05:54:59.736Z, 724.696918, 504.2464354
1714456499777, 2024-04-30T05:54:59.777Z, 723.0380216, 505.136585
1714456499792, 2024-04-30T05:54:59.792Z, 721.0468278, 505.35315579999997
1714456499822, 2024-04-30T05:54:59.822Z, 718.8512367999999, 504.29629459999995
1714456499837, 2024-04-30T05:54:59.837Z, 716.2655404, 502.50777180000006
1714456499866, 2024-04-30T05:54:59.866Z, 713.4235162, 500.637993
1714456499882, 2024-04-30T05:54:59.882Z, 714.8024944000001, 497.8673748
1714456499913, 2024-04-30T05:54:59.913Z, 714.9734381999999, 494.4252518
1714456499927, 2024-04-30T05:54:59.927Z, 715.1527709999999, 490.995418
1714456499957, 2024-04-30T05:54:59.957Z, 715.5732181999999, 488.2412158
1714456499972, 2024-04-30T05:54:59.972Z, 715.3378854, 485.5776648
1714456500002, 2024-04-30T05:55:00.002Z, 711.4657614, 481.5457526
1714456500017, 2024-04-30T05:55:00.017Z, 708.250796, 478.59269759999995
1714456500064, 2024-04-30T05:55:00.064Z, 704.1748580000001, 480.2578842
1714456500077, 2024-04-30T05:55:00.077Z, 700.6013264000001, 480.6025014
1714456500092, 2024-04-30T05:55:00.092Z, 696.787903, 482.51986339999996
1714456500109, 2024-04-30T05:55:00.109Z, 694.8836224, 484.36938799999996
1714456500140, 2024-04-30T05:55:00.140Z, 689.9316911999999, 481.2053994
1714456500186, 2024-04-30T05:55:00.186Z, 685.291846, 473.8697316000001
1714456500225, 2024-04-30T05:55:00.225Z, 664.4384238, 461.67178160000003
1714456500270, 2024-04-30T05:55:00.270Z, 602.7244154, 451.55460139999997
1714456500314, 2024-04-30T05:55:00.314Z, 526.5196361999999, 445.5213022
1714456500330, 2024-04-30T05:55:00.330Z, 452.37208459999994, 443.3157424
1714456500361, 2024-04-30T05:55:00.361Z, 379.71989419999994, 441.42755939999995
1714456500377, 2024-04-30T05:55:00.377Z, 322.13271640000005, 446.2466350000001
1714456500404, 2024-04-30T05:55:00.404Z, 303.80079459999996, 446.9402228
1714456500450, 2024-04-30T05:55:00.450Z, 282.78288499999996, 450.0495498
1714456500466, 2024-04-30T05:55:00.466Z, 260.41521079999995, 452.16388799999993
1714456500511, 2024-04-30T05:55:00.511Z, 223.3037294, 452.856333
1714456500539, 2024-04-30T05:55:00.539Z, 187.5669328, 453.0208654
1714456500555, 2024-04-30T05:55:00.555Z, 153.3609502, 453.96024580000005
1714456500584, 2024-04-30T05:55:00.584Z, 136.451366, 450.02550439999993
1714456500629, 2024-04-30T05:55:00.629Z, 122.7595436, 446.6989344
1714456500674, 2024-04-30T05:55:00.674Z, 124.13126919999999, 445.50109380000004
1714456500690, 2024-04-30T05:55:00.690Z, 125.67419279999999, 444.5759948
1714456500719, 2024-04-30T05:55:00.719Z, 131.06701379999998, 450.9649286
1714456500735, 2024-04-30T05:55:00.735Z, 136.2988906, 461.2542993999999
1714456500764, 2024-04-30T05:55:00.764Z, 141.5259454, 479.57143800000006
1714456500780, 2024-04-30T05:55:00.780Z, 144.39631079999998, 496.37641920000004
1714456500811, 2024-04-30T05:55:00.811Z, 146.9485326, 510.32635759999994
1714456500825, 2024-04-30T05:55:00.825Z, 148.4559416, 517.4964640000001
1714456500855, 2024-04-30T05:55:00.855Z, 149.81547519999998, 520.5558278000001
1714456500870, 2024-04-30T05:55:00.870Z, 150.7474872, 516.5583598000001
1714456500902, 2024-04-30T05:55:00.902Z, 155.4675178, 515.4372470000001
1714456500917, 2024-04-30T05:55:00.917Z, 159.6848786, 516.2347328
1714456500961, 2024-04-30T05:55:00.961Z, 165.5559792, 518.2454716
1714456500989, 2024-04-30T05:55:00.989Z, 172.57525040000002, 519.7435908
1714456501005, 2024-04-30T05:55:01.005Z, 181.18446060000002, 519.835606
1714456501035, 2024-04-30T05:55:01.035Z, 185.2753812, 517.313947
1714456501050, 2024-04-30T05:55:01.050Z, 190.5739802, 515.8824468
1714456501079, 2024-04-30T05:55:01.079Z, 192.8562684, 511.693075
1714456501125, 2024-04-30T05:55:01.125Z, 197.30048960000002, 508.07407600000005
1714456501591, 2024-04-30T05:55:01.591Z, 196.45734420000002, 498.96515220000003
1714456501620, 2024-04-30T05:55:01.620Z, 194.2207966, 495.3958112
1714456501639, 2024-04-30T05:55:01.639Z, 191.99247499999998, 491.4496008
1714456501666, 2024-04-30T05:55:01.666Z, 185.4901276, 487.3866226
1714456504157, 2024-04-30T05:55:04.157Z, 181.409997, 488.93937159999996
1714456504188, 2024-04-30T05:55:04.188Z, 186.79765099999997, 501.72560599999997
1714456504200, 2024-04-30T05:55:04.200Z, 196.3288236, 509.8982112
1714456504275, 2024-04-30T05:55:04.275Z, 205.3152118, 516.4430332
1714456504293, 2024-04-30T05:55:04.293Z, 217.51036, 525.0616158
1714456504320, 2024-04-30T05:55:04.320Z, 222.9879574, 530.8428908
1714456505405, 2024-04-30T05:55:05.405Z, 202.5414886, 530.1928408
1714456505419, 2024-04-30T05:55:05.419Z, 181.0250148, 527.5777512000001
1714456505464, 2024-04-30T05:55:05.464Z, 166.67604599999999, 522.8288954
1714456505492, 2024-04-30T05:55:05.492Z, 148.9463778, 513.450236
1714456505507, 2024-04-30T05:55:05.507Z, 132.120381, 502.25564940000004
1714456505535, 2024-04-30T05:55:05.535Z, 134.300817, 494.74838280000006
1714456505552, 2024-04-30T05:55:05.552Z, 136.8981274, 489.3848346000001
1714456506105, 2024-04-30T05:55:06.105Z, 136.6561692, 500.8252412
1714456506136, 2024-04-30T05:55:06.136Z, 152.9458944, 515.1526066
1714456506152, 2024-04-30T05:55:06.152Z, 174.1273338, 529.5676022
1714456506169, 2024-04-30T05:55:06.169Z, 193.74075539999998, 542.163894
1714456506184, 2024-04-30T05:55:06.184Z, 214.47837019999997, 552.586429
1714456506672, 2024-04-30T05:55:06.672Z, 439.4203206, 496.0589208000001
1714456506758, 2024-04-30T05:55:06.758Z, 644.0185902, 436.098306
1714456506816, 2024-04-30T05:55:06.816Z, 839.836068, 367.3477326000001
1714456506842, 2024-04-30T05:55:06.842Z, 1034.4065776, 293.6880434
1714456506856, 2024-04-30T05:55:06.856Z, 1226.184984, 221.8845078
1714456506886, 2024-04-30T05:55:06.886Z, 1211.7291964, 202.016921
1714456506901, 2024-04-30T05:55:06.901Z, 1215.1198028, 189.37065379999999
1714456506931, 2024-04-30T05:55:06.931Z, 1234.6859302, 189.56880499999997
1714456506975, 2024-04-30T05:55:06.975Z, 1265.9753423999998, 198.00898460000002
1714456506991, 2024-04-30T05:55:06.991Z, 1295.5970094, 204.28416900000002
1714456507020, 2024-04-30T05:55:07.020Z, 1321.8343318, 212.7894678
1714456507035, 2024-04-30T05:55:07.035Z, 1335.5856318, 217.17541139999997
1714456507065, 2024-04-30T05:55:07.065Z, 1338.0831910000002, 213.27962780000001
1714456507080, 2024-04-30T05:55:07.080Z, 1332.1539398, 207.78095480000002
1714456507111, 2024-04-30T05:55:07.111Z, 1325.214078, 210.62837139999996
1714456507126, 2024-04-30T05:55:07.126Z, 1319.108678, 213.0822352
1714456507155, 2024-04-30T05:55:07.155Z, 1313.2433438, 217.54049900000004
1714456507170, 2024-04-30T05:55:07.170Z, 1303.9968878, 225.34623939999997
1714456507206, 2024-04-30T05:55:07.206Z, 1298.37754, 230.239063
1714456507219, 2024-04-30T05:55:07.219Z, 1295.8697147999999, 229.28860060000002
1714456507264, 2024-04-30T05:55:07.264Z, 1292.5452472, 228.80421059999998
1714456507306, 2024-04-30T05:55:07.306Z, 1295.1526218000001, 224.21013320000003
1714456507338, 2024-04-30T05:55:07.338Z, 1292.7796303999999, 224.4309354
1714456507353, 2024-04-30T05:55:07.353Z, 1275.9138668, 232.40936259999998
1714456507384, 2024-04-30T05:55:07.384Z, 1256.3765692000002, 242.99974000000003
1714456507430, 2024-04-30T05:55:07.430Z, 1240.247723, 253.0129894
1714456507445, 2024-04-30T05:55:07.445Z, 1213.1409996, 268.3489766
1714456507478, 2024-04-30T05:55:07.478Z, 1200.5336364, 278.4568544
1714456507492, 2024-04-30T05:55:07.492Z, 1196.5329868000001, 283.1372276
1714456507523, 2024-04-30T05:55:07.523Z, 1196.9273366000002, 287.20345000000003
1714456507538, 2024-04-30T05:55:07.538Z, 1195.4166026, 291.7240358
1714456507564, 2024-04-30T05:55:07.564Z, 1198.8195862, 294.38304619999997
1714456507575, 2024-04-30T05:55:07.575Z, 1193.5511736, 297.3314462
1714456507605, 2024-04-30T05:55:07.605Z, 1185.5436202, 297.32176899999996
1714456507631, 2024-04-30T05:55:07.631Z, 1177.0626296, 294.2530934
1714456507650, 2024-04-30T05:55:07.650Z, 1170.3214582, 290.1307718
1714456507671, 2024-04-30T05:55:07.671Z, 1164.0894516, 285.4703022
1714456507711, 2024-04-30T05:55:07.711Z, 1163.9510988, 284.1891788
1714456507742, 2024-04-30T05:55:07.742Z, 1170.666158, 288.80594140000005
1714456507757, 2024-04-30T05:55:07.757Z, 1177.2609604000002, 293.799173
1714456507788, 2024-04-30T05:55:07.788Z, 1181.5139288, 300.76045980000004
1714456507804, 2024-04-30T05:55:07.804Z, 1188.2603392, 309.7505198
1714456507890, 2024-04-30T05:55:07.890Z, 1201.4488182, 316.89343279999997
1714456507920, 2024-04-30T05:55:07.920Z, 1228.0746652, 310.7294124
1714456507935, 2024-04-30T05:55:07.935Z, 1254.9497072, 305.45061
1714456507965, 2024-04-30T05:55:07.965Z, 1282.0778652000001, 300.72343159999997
1714456507980, 2024-04-30T05:55:07.980Z, 1308.191214, 294.3669833999999
1714456508011, 2024-04-30T05:55:08.011Z, 1322.8173689999999, 287.3365124
1714456508030, 2024-04-30T05:55:08.030Z, 1321.4100882, 291.704011
1714456508074, 2024-04-30T05:55:08.074Z, 1321.5514601999998, 295.999108
1714456508101, 2024-04-30T05:55:08.101Z, 1325.3242667999998, 298.8608396
1714456508116, 2024-04-30T05:55:08.116Z, 1327.4058522, 301.14521379999996
1714456508162, 2024-04-30T05:55:08.162Z, 1332.9549556, 303.23680920000004
1714456508193, 2024-04-30T05:55:08.193Z, 1343.2238244, 304.9174544
1714456508209, 2024-04-30T05:55:08.209Z, 1356.997193, 305.67491459999997
1714456508240, 2024-04-30T05:55:08.240Z, 1367.7944536, 305.616572
1714456508256, 2024-04-30T05:55:08.256Z, 1379.0969066000002, 306.00633039999997
1714456508287, 2024-04-30T05:55:08.287Z, 1387.3904271999997, 306.3326174
1714456508325, 2024-04-30T05:55:08.325Z, 1386.3981164000002, 307.73382860000004
1714456508340, 2024-04-30T05:55:08.340Z, 1381.314633, 308.92760400000003
1714456508375, 2024-04-30T05:55:08.375Z, 1377.5919782, 307.77713200000005
1714456508386, 2024-04-30T05:55:08.386Z, 1374.4651782, 306.7384188
1714456508421, 2024-04-30T05:55:08.421Z, 1373.0833882, 305.1390046
1714456508430, 2024-04-30T05:55:08.430Z, 1385.7719626000003, 300.38517
1714456508479, 2024-04-30T05:55:08.479Z, 1409.6022309999998, 294.1633834
1714456508509, 2024-04-30T05:55:08.509Z, 1441.6246340000002, 287.94618919999994
1714456508525, 2024-04-30T05:55:08.525Z, 1471.2185584000001, 283.1311848
1714456508557, 2024-04-30T05:55:08.557Z, 1496.127389, 277.125346
1714456508572, 2024-04-30T05:55:08.572Z, 1513.7410756, 272.7512008
1714456508613, 2024-04-30T05:55:08.613Z, 1518.7985482, 274.4187644
1714456508642, 2024-04-30T05:55:08.642Z, 1509.1655534, 281.7537106
1714456508657, 2024-04-30T05:55:08.657Z, 1491.3277038, 290.6118298
1714456508687, 2024-04-30T05:55:08.687Z, 1450.8607708, 300.5527476
1714456508702, 2024-04-30T05:55:08.702Z, 1407.2755132000002, 309.8971082
1714456508732, 2024-04-30T05:55:08.732Z, 1348.1280728, 315.24622459999995
1714456508777, 2024-04-30T05:55:08.777Z, 1294.7624538, 317.61493440000004
1714456508792, 2024-04-30T05:55:08.792Z, 1260.0013398, 314.7302492
1714456508822, 2024-04-30T05:55:08.822Z, 1248.5427774, 314.739334
1714456508854, 2024-04-30T05:55:08.854Z, 1238.9096762, 315.19577280000004
1714456508867, 2024-04-30T05:55:08.867Z, 1234.986297, 313.9957432
1714456508888, 2024-04-30T05:55:08.888Z, 1226.8706462, 313.88015839999997
1714456508913, 2024-04-30T05:55:08.913Z, 1212.3437132, 316.766533
1714456508929, 2024-04-30T05:55:08.929Z, 1199.3521564000002, 318.36084480000005
1714456508960, 2024-04-30T05:55:08.960Z, 1185.0113562000001, 320.0567466
1714456508975, 2024-04-30T05:55:08.975Z, 1181.0738895999998, 323.52905100000004
1714456509007, 2024-04-30T05:55:09.007Z, 1179.9157644000002, 325.8509538
1714456509023, 2024-04-30T05:55:09.023Z, 1178.9625758, 328.3148858
1714456509067, 2024-04-30T05:55:09.067Z, 1172.1242136, 329.2960748
1714456509102, 2024-04-30T05:55:09.102Z, 1166.447292, 331.3385698
1714456509118, 2024-04-30T05:55:09.118Z, 1160.739952, 333.3637664
1714456509150, 2024-04-30T05:55:09.150Z, 1158.0731222, 332.55836
1714456509166, 2024-04-30T05:55:09.166Z, 1163.265092, 328.0829016
1714456509182, 2024-04-30T05:55:09.182Z, 1183.0017484, 322.9948248
1714456509226, 2024-04-30T05:55:09.226Z, 1210.2340354, 320.9459676
1714456509241, 2024-04-30T05:55:09.241Z, 1235.1842738, 321.1312796
1714456509286, 2024-04-30T05:55:09.286Z, 1254.0771836, 323.3688338
1714456509316, 2024-04-30T05:55:09.316Z, 1263.0173790000001, 326.99227840000003
1714456509331, 2024-04-30T05:55:09.331Z, 1263.7952214000002, 332.637468
1714456509362, 2024-04-30T05:55:09.363Z, 1257.4182666000002, 334.7102256
1714456509376, 2024-04-30T05:55:09.376Z, 1253.4160006000002, 334.2301332
1714456509406, 2024-04-30T05:55:09.406Z, 1253.7542764, 334.11208619999996
1714456509428, 2024-04-30T05:55:09.428Z, 1261.9719380000001, 333.2148708
1714456509460, 2024-04-30T05:55:09.460Z, 1271.2392836, 330.83289920000004
1714456509476, 2024-04-30T05:55:09.476Z, 1279.8797366, 327.29694359999996
1714456509511, 2024-04-30T05:55:09.511Z, 1283.5206957999999, 326.5699294
1714456509540, 2024-04-30T05:55:09.540Z, 1283.6966917999998, 325.6662312
1714456509555, 2024-04-30T05:55:09.555Z, 1274.1338435999999, 326.416745
1714456509585, 2024-04-30T05:55:09.585Z, 1263.8580052, 329.5679854
1714456509601, 2024-04-30T05:55:09.601Z, 1254.7119873999998, 332.5848094
1714456509632, 2024-04-30T05:55:09.632Z, 1250.9431552, 333.11259640000003
1714456509675, 2024-04-30T05:55:09.675Z, 1250.3951986, 335.079886
1714456509690, 2024-04-30T05:55:09.690Z, 1252.2350886, 337.5144004
1714456509725, 2024-04-30T05:55:09.725Z, 1256.9091964, 339.5390278
1714456509742, 2024-04-30T05:55:09.742Z, 1263.3682844, 343.03227119999997
1714456509775, 2024-04-30T05:55:09.775Z, 1268.9647304, 343.8151386
1714456509791, 2024-04-30T05:55:09.791Z, 1273.4106432, 343.466172
1714456509813, 2024-04-30T05:55:09.813Z, 1277.8820332, 343.0807728
1714456509827, 2024-04-30T05:55:09.827Z, 1279.3141854, 340.8725584
1714456509861, 2024-04-30T05:55:09.861Z, 1280.0369962, 336.14203719999995
1714456509883, 2024-04-30T05:55:09.883Z, 1288.0710886000002, 330.7225956
1714456509916, 2024-04-30T05:55:09.916Z, 1297.0616845999998, 324.5385634
1714456509931, 2024-04-30T05:55:09.931Z, 1313.6234562000002, 317.7797524
1714456509963, 2024-04-30T05:55:09.963Z, 1332.1134018, 310.6871754
1714456509994, 2024-04-30T05:55:09.994Z, 1353.4806794, 303.5662628
1714456510010, 2024-04-30T05:55:10.010Z, 1364.8006186, 300.7877328
1714456510041, 2024-04-30T05:55:10.041Z, 1350.514642, 310.65155000000004
1714456510057, 2024-04-30T05:55:10.057Z, 1318.479957, 328.73037540000007
1714456510088, 2024-04-30T05:55:10.088Z, 1281.639078, 349.4760704
1714456510127, 2024-04-30T05:55:10.127Z, 1239.9558224, 373.023656
1714456510142, 2024-04-30T05:55:10.142Z, 1201.3157666, 395.34664060000006
1714456510183, 2024-04-30T05:55:10.183Z, 1186.5341008, 406.3052724
1714456510198, 2024-04-30T05:55:10.198Z, 1181.2670232, 409.36919499999993
1714456510229, 2024-04-30T05:55:10.229Z, 1179.0150748, 410.57280900000006
1714456510245, 2024-04-30T05:55:10.245Z, 1178.7953976, 411.41439099999997
1714456510263, 2024-04-30T05:55:10.263Z, 1187.807062, 413.5735382
1714456510278, 2024-04-30T05:55:10.278Z, 1198.00627, 415.12845480000004
1714456510308, 2024-04-30T05:55:10.308Z, 1210.0964576000001, 416.991288
1714456510326, 2024-04-30T05:55:10.326Z, 1221.8483036000002, 419.64935619999994
1714456510355, 2024-04-30T05:55:10.355Z, 1232.9739684, 420.1083668
1714456510370, 2024-04-30T05:55:10.370Z, 1234.1715682, 419.50433039999996
1714456510386, 2024-04-30T05:55:10.386Z, 1232.712833, 420.2370451999999
1714456510457, 2024-04-30T05:55:10.457Z, 1223.6424009999998, 427.82084580000003
1714456510502, 2024-04-30T05:55:10.502Z, 1236.1447172, 438.93401299999994
1714456510593, 2024-04-30T05:55:10.593Z, 1244.9636106, 451.42046759999994
1714456510623, 2024-04-30T05:55:10.623Z, 1255.709977, 460.9320492
1714456510637, 2024-04-30T05:55:10.637Z, 1265.7829235999998, 469.7705758
1714456510668, 2024-04-30T05:55:10.668Z, 1269.8172144, 473.7597035999999
1714456510685, 2024-04-30T05:55:10.685Z, 1253.4068948, 473.28783119999997
1714456510714, 2024-04-30T05:55:10.714Z, 1242.7245500000001, 470.1718538
1714456510730, 2024-04-30T05:55:10.730Z, 1231.8791468, 468.44861760000003
1714456510761, 2024-04-30T05:55:10.761Z, 1225.0807964, 465.16412479999997
1714456510776, 2024-04-30T05:55:10.776Z, 1230.8389062, 459.46183420000006
1714456510807, 2024-04-30T05:55:10.807Z, 1237.6820426, 453.0913084
1714456510823, 2024-04-30T05:55:10.823Z, 1241.9847674, 449.3168372
1714456510863, 2024-04-30T05:55:10.863Z, 1240.7989302, 447.54645760000005
1714456510891, 2024-04-30T05:55:10.891Z, 1237.1490013999999, 447.3293124
1714456510982, 2024-04-30T05:55:10.982Z, 1109.7938046000002, 433.8345619999999
1714456511074, 2024-04-30T05:55:11.074Z, 909.5927760000001, 398.3827956
1714456511089, 2024-04-30T05:55:11.089Z, 708.6977386, 360.29844460000004
1714456511120, 2024-04-30T05:55:11.120Z, 509.4231105999999, 325.1996338
1714456511135, 2024-04-30T05:55:11.135Z, 311.41026, 290.61634160000006
1714456511162, 2024-04-30T05:55:11.162Z, 236.4946684, 269.8410766
1714456511181, 2024-04-30T05:55:11.181Z, 232.8934302, 271.4549462
1714456511213, 2024-04-30T05:55:11.213Z, 230.9838738, 277.7899982
1714456511228, 2024-04-30T05:55:11.228Z, 235.4966938, 286.1604816
1714456511259, 2024-04-30T05:55:11.259Z, 239.988352, 294.34075659999996
1714456511275, 2024-04-30T05:55:11.275Z, 243.86154820000002, 301.256097
1714456511313, 2024-04-30T05:55:11.313Z, 247.52935239999996, 314.559472
1714456511345, 2024-04-30T05:55:11.345Z, 254.84576859999999, 325.7935504
1714456511357, 2024-04-30T05:55:11.357Z, 260.1155448, 332.88359460000004
1714456511368, 2024-04-30T05:55:11.368Z, 265.4484856, 339.5083434
1714456511387, 2024-04-30T05:55:11.387Z, 274.169241, 347.61080260000006
1714456511402, 2024-04-30T05:55:11.402Z, 283.1791998, 349.25811600000003
1714456511414, 2024-04-30T05:55:11.414Z, 285.27703280000003, 349.65822660000003
1714456511432, 2024-04-30T05:55:11.432Z, 284.3776232, 347.2892286
1714456511476, 2024-04-30T05:55:11.476Z, 270.76303479999996, 340.077572
1714456511492, 2024-04-30T05:55:11.492Z, 259.3819724, 334.0469988
1714456511523, 2024-04-30T05:55:11.523Z, 417.8761232, 340.7860494
1714456511538, 2024-04-30T05:55:11.538Z, 626.3535632, 354.9670408
1714456511569, 2024-04-30T05:55:11.569Z, 837.0744244, 370.8103946
1714456511585, 2024-04-30T05:55:11.585Z, 1062.7396418, 392.4878576
1714456511612, 2024-04-30T05:55:11.612Z, 1282.5817052, 411.88310820000004
1714456511629, 2024-04-30T05:55:11.629Z, 1331.7946502, 419.47073379999995
1714456511663, 2024-04-30T05:55:11.663Z, 1332.4346733999998, 422.474938
1714456511679, 2024-04-30T05:55:11.679Z, 1331.7947207999998, 427.64626880000003
1714456511710, 2024-04-30T05:55:11.710Z, 1331.2156633999998, 433.0625594
1714456511726, 2024-04-30T05:55:11.726Z, 1333.7141658, 438.123067
1714456511766, 2024-04-30T05:55:11.766Z, 1337.2400208000001, 441.441944
1714456511792, 2024-04-30T05:55:11.792Z, 1338.9528398, 441.0425942
1714456511807, 2024-04-30T05:55:11.807Z, 1332.6688720000002, 435.49553259999993
1714456511837, 2024-04-30T05:55:11.837Z, 1319.5544884, 430.5209866
1714456511852, 2024-04-30T05:55:11.852Z, 1306.2858344, 429.2688260000001
1714456511886, 2024-04-30T05:55:11.886Z, 1292.4616578, 432.78048880000006
1714456511927, 2024-04-30T05:55:11.927Z, 1282.8148391999998, 439.49962560000006
1714456511943, 2024-04-30T05:55:11.943Z, 1282.1213261999999, 449.11507240000003
1714456511975, 2024-04-30T05:55:11.975Z, 1289.9739028, 459.7024172
1714456511991, 2024-04-30T05:55:11.991Z, 1294.8905752, 468.2553642
1714456512022, 2024-04-30T05:55:12.022Z, 1296.3155238, 474.3421542
1714456512038, 2024-04-30T05:55:12.038Z, 1293.0610407999998, 478.41182340000006
1714456512064, 2024-04-30T05:55:12.064Z, 1286.5833428, 481.5741636000001
1714456512077, 2024-04-30T05:55:12.077Z, 1276.379051, 481.6522646
1714456512107, 2024-04-30T05:55:12.107Z, 1270.6831559999998, 477.7126994
1714456512126, 2024-04-30T05:55:12.126Z, 1269.1909628, 471.91642200000007
1714456512152, 2024-04-30T05:55:12.152Z, 1277.8724534, 460.71312040000004
1714456512167, 2024-04-30T05:55:12.167Z, 1289.3246542000002, 450.42272999999994
1714456512212, 2024-04-30T05:55:12.212Z, 1299.1784255999999, 443.033064
1714456512290, 2024-04-30T05:55:12.290Z, 1309.1830732, 443.6548753999999
1714456512306, 2024-04-30T05:55:12.306Z, 1317.4722422, 446.26447879999995
1714456512337, 2024-04-30T05:55:12.337Z, 1317.5749814000003, 456.4616
1714456512381, 2024-04-30T05:55:12.381Z, 1317.9392596, 467.3666112000001
1714456512392, 2024-04-30T05:55:12.392Z, 1319.2994498, 475.887021
1714456512403, 2024-04-30T05:55:12.403Z, 1315.9209412, 480.2667098
1714456512422, 2024-04-30T05:55:12.422Z, 1313.6344868, 482.49942739999995
1714456512437, 2024-04-30T05:55:12.437Z, 1310.8654632, 483.477689
1714456512468, 2024-04-30T05:55:12.468Z, 1299.3942534, 488.722062
1714456512489, 2024-04-30T05:55:12.489Z, 1285.8916708000002, 495.6555508
1714456512517, 2024-04-30T05:55:12.517Z, 1275.2653815999997, 500.9725506
1714456512537, 2024-04-30T05:55:12.537Z, 1266.311697, 505.72309079999997
1714456512568, 2024-04-30T05:55:12.568Z, 1260.9474142000001, 503.9195102
1714456512583, 2024-04-30T05:55:12.583Z, 1263.91689, 494.42023499999993
1714456512602, 2024-04-30T05:55:12.602Z, 1271.0589628, 485.18014919999996
1714456512617, 2024-04-30T05:55:12.617Z, 1274.1073110000002, 480.38511959999994
1714456512630, 2024-04-30T05:55:12.630Z, 1276.8484696, 476.0349408
1714456512663, 2024-04-30T05:55:12.663Z, 1267.2767826, 478.79152700000003
1714456512678, 2024-04-30T05:55:12.678Z, 1256.2680886, 482.54101419999995
1714456512693, 2024-04-30T05:55:12.693Z, 1238.4497034, 485.79407660000004
1714456512708, 2024-04-30T05:55:12.708Z, 1225.6462138000002, 484.51212599999997
1714456512723, 2024-04-30T05:55:12.723Z, 1210.3754696, 484.03996119999994
1714456512739, 2024-04-30T05:55:12.739Z, 1201.6533525999998, 477.78453920000004
1714456512755, 2024-04-30T05:55:12.755Z, 1192.0444659999998, 473.38556960000005
1714456512785, 2024-04-30T05:55:12.785Z, 1189.2510103999998, 463.1292866
1714456512810, 2024-04-30T05:55:12.810Z, 1184.2495492, 453.9448426
1714456512828, 2024-04-30T05:55:12.828Z, 1177.9501384, 449.46316479999996
1714456512847, 2024-04-30T05:55:12.847Z, 1176.2149284, 458.1958114
1714456512862, 2024-04-30T05:55:12.862Z, 1177.182542, 464.51512940000003
1714456512878, 2024-04-30T05:55:12.878Z, 1173.9460316, 475.673592
1714456512894, 2024-04-30T05:55:12.894Z, 1166.8353286000001, 490.4092762
1714456512910, 2024-04-30T05:55:12.910Z, 1160.4005068, 500.824942
1714456512926, 2024-04-30T05:55:12.926Z, 1156.4765676, 499.6981956000001
1714456512941, 2024-04-30T05:55:12.941Z, 1151.0804708, 502.38589460000003
1714456512963, 2024-04-30T05:55:12.963Z, 1143.5635286000002, 503.0304112
1714456512981, 2024-04-30T05:55:12.981Z, 1137.7452678, 500.2704712
1714456512989, 2024-04-30T05:55:12.989Z, 1132.6401528000001, 497.34658500000006
1714456513007, 2024-04-30T05:55:13.007Z, 1119.7351549999998, 494.356218
1714456513023, 2024-04-30T05:55:13.023Z, 1107.3452606, 489.28507479999996
1714456513037, 2024-04-30T05:55:13.037Z, 1100.7897761999998, 485.896445
1714456513052, 2024-04-30T05:55:13.052Z, 1096.0674602, 480.7746427999999
1714456513067, 2024-04-30T05:55:13.067Z, 1092.0619161999998, 475.469945
1714456513083, 2024-04-30T05:55:13.083Z, 1093.6518846, 474.9791074
1714456513112, 2024-04-30T05:55:13.112Z, 1097.5377044000002, 475.8644776
1714456513123, 2024-04-30T05:55:13.123Z, 1099.020771, 475.67678839999996
1714456513141, 2024-04-30T05:55:13.141Z, 1098.603028, 473.30383700000004
1714456513157, 2024-04-30T05:55:13.157Z, 1098.5563672, 471.99943460000003
1714456513168, 2024-04-30T05:55:13.168Z, 1097.5562115999999, 468.97006220000003
1714456513188, 2024-04-30T05:55:13.188Z, 1093.75052, 466.11833020000006
1714456513202, 2024-04-30T05:55:13.202Z, 1091.0351684, 464.842576
1714456513216, 2024-04-30T05:55:13.216Z, 1090.5859014, 468.01678159999994
1714456513261, 2024-04-30T05:55:13.261Z, 1090.1427818, 474.728092
1714456513277, 2024-04-30T05:55:13.277Z, 1089.5351507999999, 479.52262179999997
1714456513293, 2024-04-30T05:55:13.293Z, 1090.6771686, 483.64637419999997
1714456513304, 2024-04-30T05:55:13.304Z, 1093.2529948, 487.9655774
1714456513342, 2024-04-30T05:55:13.342Z, 1097.0701172, 492.99549320000006
1714456513353, 2024-04-30T05:55:13.353Z, 1103.1057152, 495.881038
1714456513368, 2024-04-30T05:55:13.368Z, 1113.5918722000001, 504.0431684
1714456513383, 2024-04-30T05:55:13.383Z, 1128.7377142, 513.4054600000001
1714456513419, 2024-04-30T05:55:13.419Z, 1151.0416184, 525.1270838
1714456513429, 2024-04-30T05:55:13.429Z, 1172.3411658, 535.504592
1714456513441, 2024-04-30T05:55:13.441Z, 1197.176126, 542.4089098000001
1714456513457, 2024-04-30T05:55:13.457Z, 1217.8984994, 546.797996
1714456513472, 2024-04-30T05:55:13.472Z, 1231.9480394, 550.9741323999999
1714456513488, 2024-04-30T05:55:13.488Z, 1236.0207392, 553.3509988
1714456513504, 2024-04-30T05:55:13.504Z, 1240.9596702, 554.846974
1714456513519, 2024-04-30T05:55:13.519Z, 1233.8419, 563.5363446
1714456513534, 2024-04-30T05:55:13.534Z, 1225.3121452, 574.411707
1714456513562, 2024-04-30T05:55:13.562Z, 1213.410394, 589.4514346
1714456513571, 2024-04-30T05:55:13.571Z, 1201.8301464, 601.7408878
1714456513590, 2024-04-30T05:55:13.590Z, 1188.5521614, 615.9234177999999
1714456513605, 2024-04-30T05:55:13.605Z, 1182.657477, 624.4567465999999
1714456513616, 2024-04-30T05:55:13.616Z, 1178.4714718, 631.6939661999999
1714456513644, 2024-04-30T05:55:13.644Z, 1178.3120311999999, 633.5279168
1714456513658, 2024-04-30T05:55:13.658Z, 1177.3895812, 637.1024534000001
1714456513674, 2024-04-30T05:55:13.674Z, 1175.7710948000001, 640.4662179999999
1714456513691, 2024-04-30T05:55:13.691Z, 1168.0767686000002, 643.3672816000001
1714456513713, 2024-04-30T05:55:13.713Z, 1161.1198358, 642.9127862000001
1714456513726, 2024-04-30T05:55:13.726Z, 1152.604489, 642.7081202
1714456513741, 2024-04-30T05:55:13.741Z, 1149.2116570000003, 642.1281944
1714456513754, 2024-04-30T05:55:13.754Z, 1161.7470494, 641.3907913999999
1714456513771, 2024-04-30T05:55:13.771Z, 1185.440445, 641.3404582000001
1714456513786, 2024-04-30T05:55:13.786Z, 1210.2587122, 644.0427872
1714456513801, 2024-04-30T05:55:13.801Z, 1241.4240898, 646.8839948
1714456513817, 2024-04-30T05:55:13.817Z, 1268.5278002, 649.1867212
1714456513833, 2024-04-30T05:55:13.833Z, 1281.4859388, 651.2745498
1714456513862, 2024-04-30T05:55:13.862Z, 1287.8797977999998, 654.0226708
1714456513876, 2024-04-30T05:55:13.876Z, 1291.4356054, 656.1444984000001
1714456513886, 2024-04-30T05:55:13.886Z, 1292.5614143999999, 656.7849562
1714456513906, 2024-04-30T05:55:13.906Z, 1292.6369532, 657.6438976000001
1714456513927, 2024-04-30T05:55:13.927Z, 1292.072912, 657.4906764
1714456513958, 2024-04-30T05:55:13.958Z, 1286.3319604, 655.9919146
1714456513974, 2024-04-30T05:55:13.974Z, 1280.9884960000002, 654.1503266
1714456513990, 2024-04-30T05:55:13.990Z, 1269.5300182, 655.758657
1714456514011, 2024-04-30T05:55:14.011Z, 1254.29205, 660.9356758
1714456514022, 2024-04-30T05:55:14.022Z, 1236.5196376000001, 668.7177899999999
1714456514040, 2024-04-30T05:55:14.040Z, 1220.5196854, 679.4190772
1714456514055, 2024-04-30T05:55:14.055Z, 1203.4339046, 687.9126958
1714456514069, 2024-04-30T05:55:14.069Z, 1190.8782165999999, 696.0730264
1714456514087, 2024-04-30T05:55:14.087Z, 1183.5166359999998, 700.9804197999999
1714456514101, 2024-04-30T05:55:14.101Z, 1177.7141452, 703.1211172
1714456514132, 2024-04-30T05:55:14.132Z, 1175.7352844000002, 702.8373162
1714456514157, 2024-04-30T05:55:14.157Z, 1174.1010493999997, 702.7470922
1714456514176, 2024-04-30T05:55:14.176Z, 1171.5850926, 697.2913128
1714456514190, 2024-04-30T05:55:14.190Z, 1169.4845742, 691.5198066
1714456514201, 2024-04-30T05:55:14.201Z, 1168.9613883999998, 686.8262916000001
1714456514221, 2024-04-30T05:55:14.221Z, 1168.0787298, 681.4223936
1714456514236, 2024-04-30T05:55:14.236Z, 1168.7263322000001, 679.980689
1714456514246, 2024-04-30T05:55:14.246Z, 1170.3715542, 681.8206554000001
1714456514266, 2024-04-30T05:55:14.266Z, 1172.2125906, 684.2944182
1714456514281, 2024-04-30T05:55:14.281Z, 1174.8995826000003, 687.5145030000001
1714456514319, 2024-04-30T05:55:14.319Z, 1178.2314784, 689.9236114000001
1714456514335, 2024-04-30T05:55:14.335Z, 1181.1858988, 690.0085886
1714456514351, 2024-04-30T05:55:14.351Z, 1183.2368106, 689.6144476
1714456514366, 2024-04-30T05:55:14.366Z, 1184.7653890000001, 689.3878682
1714456514381, 2024-04-30T05:55:14.381Z, 1184.1374956, 688.0971322
1714456514397, 2024-04-30T05:55:14.397Z, 1181.7587214, 688.0220022
1714456514412, 2024-04-30T05:55:14.412Z, 1178.521421, 690.3127098000001
1714456514428, 2024-04-30T05:55:14.428Z, 1175.3684136, 694.0896846
1714456514443, 2024-04-30T05:55:14.443Z, 1171.6122169999999, 697.3072673999999
1714456514467, 2024-04-30T05:55:14.467Z, 1169.2543805999999, 702.985404
1714456514479, 2024-04-30T05:55:14.479Z, 1169.0676474, 709.1803170000001
1714456514498, 2024-04-30T05:55:14.498Z, 1170.684057, 714.3987288000001
1714456514509, 2024-04-30T05:55:14.509Z, 1170.582648, 714.4910944000001
1714456514522, 2024-04-30T05:55:14.522Z, 1171.533989, 715.3062502
1714456514539, 2024-04-30T05:55:14.539Z, 1171.9146652000002, 713.8978746
1714456514555, 2024-04-30T05:55:14.555Z, 1173.2270436000001, 714.6494842
1714456514569, 2024-04-30T05:55:14.569Z, 1172.8926364000001, 713.781253
1714456514584, 2024-04-30T05:55:14.584Z, 1175.1410088, 718.483097
1714456514632, 2024-04-30T05:55:14.632Z, 1177.0611510000003, 724.3055766
1714456514647, 2024-04-30T05:55:14.647Z, 1178.377793, 729.3864636
1714456514678, 2024-04-30T05:55:14.678Z, 1175.701354, 733.2524184
1714456514694, 2024-04-30T05:55:14.694Z, 1175.3815274, 737.8121864
1714456514710, 2024-04-30T05:55:14.710Z, 1173.1394118, 739.8312153999999
1714456514726, 2024-04-30T05:55:14.726Z, 1169.6030177999999, 739.7015706
1714456514741, 2024-04-30T05:55:14.741Z, 1165.6118886, 739.4149594
1714456514765, 2024-04-30T05:55:14.765Z, 1160.8420021999998, 736.9680502
1714456514788, 2024-04-30T05:55:14.788Z, 1149.5643082000001, 732.8303316
1714456514803, 2024-04-30T05:55:14.803Z, 1137.7861506000002, 729.1435832
1714456514819, 2024-04-30T05:55:14.819Z, 1126.7392838, 725.573799
1714456514835, 2024-04-30T05:55:14.835Z, 1115.8814436, 722.6369778000001
1714456514853, 2024-04-30T05:55:14.853Z, 1106.50457, 715.8869118
1714456514868, 2024-04-30T05:55:14.868Z, 1105.4652216, 710.8804952
1714456514883, 2024-04-30T05:55:14.883Z, 1105.832429, 703.6983538000001
1714456514914, 2024-04-30T05:55:14.914Z, 1109.2024304000001, 698.708517
1714456514946, 2024-04-30T05:55:14.946Z, 1116.3104574000001, 698.6280232
1714456514961, 2024-04-30T05:55:14.961Z, 1124.1314472, 704.0662344
1714456514977, 2024-04-30T05:55:14.977Z, 1126.3672634, 710.2475194000001
1714456514992, 2024-04-30T05:55:14.992Z, 1127.8783874, 721.1860544000001
1714456515007, 2024-04-30T05:55:15.007Z, 1125.9843852, 731.6561387999999
1714456515023, 2024-04-30T05:55:15.023Z, 1120.355601, 737.3045556
1714456515038, 2024-04-30T05:55:15.038Z, 1118.9940542, 740.3224875999999
1714456515076, 2024-04-30T05:55:15.076Z, 1116.4199714, 743.4687308
1714456515091, 2024-04-30T05:55:15.091Z, 1115.9038283999998, 741.8665002
1714456515127, 2024-04-30T05:55:15.127Z, 1117.799813, 738.4176014
1714456515137, 2024-04-30T05:55:15.137Z, 1118.4841546, 733.6164486
1714456515169, 2024-04-30T05:55:15.169Z, 1118.3276682, 732.7939690000001
1714456515181, 2024-04-30T05:55:15.181Z, 1114.9653496, 728.5799316
1714456515211, 2024-04-30T05:55:15.211Z, 1069.9050470000002, 717.4543590000001
1714456515226, 2024-04-30T05:55:15.226Z, 1025.724568, 706.3271678
1714456515256, 2024-04-30T05:55:15.256Z, 936.413588, 678.1436692
1714456515272, 2024-04-30T05:55:15.272Z, 818.3766392, 640.6631134
1714456515288, 2024-04-30T05:55:15.288Z, 728.5916104, 651.8763328
1714456515304, 2024-04-30T05:55:15.304Z, 648.9418764, 640.1599908000001
1714456515319, 2024-04-30T05:55:15.319Z, 575.0760852, 643.4574298
1714456515362, 2024-04-30T05:55:15.362Z, 537.8616719999999, 652.1308397999999
1714456515375, 2024-04-30T05:55:15.375Z, 532.3951876, 677.2441626
1714456515391, 2024-04-30T05:55:15.391Z, 497.0883484, 649.1076344
1714456515406, 2024-04-30T05:55:15.406Z, 489.0928504, 649.3585706
1714456515436, 2024-04-30T05:55:15.436Z, 483.5153084, 629.091016
1714456515451, 2024-04-30T05:55:15.451Z, 507.50926359999994, 611.0011212
1714456515481, 2024-04-30T05:55:15.481Z, 544.3674904, 575.4102846000001
1714456515508, 2024-04-30T05:55:15.508Z, 563.0166956, 551.6244044
1714456515525, 2024-04-30T05:55:15.525Z, 596.6287886, 528.294507
1714456515541, 2024-04-30T05:55:15.541Z, 628.941958, 509.8315402
1714456515571, 2024-04-30T05:55:15.571Z, 637.3369496, 505.1392506
1714456515585, 2024-04-30T05:55:15.585Z, 654.6526334, 502.52004420000003
1714456515600, 2024-04-30T05:55:15.600Z, 698.1518526, 494.9663034
1714456515616, 2024-04-30T05:55:15.616Z, 731.7627478, 488.7180466
1714456515631, 2024-04-30T05:55:15.631Z, 756.0097624, 483.5427254
1714456515661, 2024-04-30T05:55:15.661Z, 782.4577546, 479.4869546
1714456515677, 2024-04-30T05:55:15.677Z, 779.4119386, 489.8380412
1714456515708, 2024-04-30T05:55:15.708Z, 839.7213202, 533.748062
1714456515755, 2024-04-30T05:55:15.755Z, 919.9155448000001, 583.4428151999999
1714456515770, 2024-04-30T05:55:15.770Z, 996.3352967999999, 632.5454926
1714456515817, 2024-04-30T05:55:15.817Z, 1072.2555688, 676.5518682
1714456515847, 2024-04-30T05:55:15.847Z, 1144.4616164, 711.022942
1714456515863, 2024-04-30T05:55:15.863Z, 1151.1816392, 712.6696228
1714456515895, 2024-04-30T05:55:15.895Z, 1137.885708, 713.0614132
1714456515911, 2024-04-30T05:55:15.911Z, 1130.654731, 715.368658
1714456515943, 2024-04-30T05:55:15.943Z, 1129.7301426, 721.1305676
1714456515975, 2024-04-30T05:55:15.975Z, 1136.1052488, 727.5238614
1714456515990, 2024-04-30T05:55:15.990Z, 1144.8788906, 733.2434142
1714456516005, 2024-04-30T05:55:16.005Z, 1151.9832190000002, 734.5877556
1714456516021, 2024-04-30T05:55:16.021Z, 1156.2894360000003, 734.4496352
1714456516037, 2024-04-30T05:55:16.037Z, 1156.5411302, 733.1749278
1714456516070, 2024-04-30T05:55:16.070Z, 1191.9061662, 742.5379852
1714456516086, 2024-04-30T05:55:16.086Z, 1221.2448046000002, 751.6914772000001
1714456516115, 2024-04-30T05:55:16.115Z, 1255.5143050000001, 764.7410728
1714456516130, 2024-04-30T05:55:16.130Z, 1287.7929583999999, 777.0528926
1714456516161, 2024-04-30T05:55:16.161Z, 1312.1249406, 788.5282209999999
1714456516176, 2024-04-30T05:55:16.176Z, 1310.6260257999998, 789.9144478000001
1714456516207, 2024-04-30T05:55:16.207Z, 1317.4044737999998, 792.2797794
1714456516222, 2024-04-30T05:55:16.222Z, 1335.5634582, 797.1721012
1714456516238, 2024-04-30T05:55:16.238Z, 1354.4035926, 799.2502132000001
1714456516261, 2024-04-30T05:55:16.261Z, 1388.4856255999998, 802.9155304
1714456516271, 2024-04-30T05:55:16.271Z, 1410.4797649999998, 804.3259007999999
1714456516291, 2024-04-30T05:55:16.291Z, 1431.178743, 806.0214668
1714456516305, 2024-04-30T05:55:16.305Z, 1438.3662456, 807.3010656
1714456516316, 2024-04-30T05:55:16.316Z, 1447.7149141999998, 813.2726971999999
1714456516336, 2024-04-30T05:55:16.336Z, 1449.9474682, 818.0820614
1714456516350, 2024-04-30T05:55:16.350Z, 1451.2884736, 822.4864884000001
1714456516362, 2024-04-30T05:55:16.362Z, 1451.9672859999998, 826.7532008000001
1714456516381, 2024-04-30T05:55:16.381Z, 1449.3633381999998, 826.0560192
1714456516408, 2024-04-30T05:55:16.408Z, 1446.0568553999997, 824.2139814
1714456516426, 2024-04-30T05:55:16.426Z, 1442.1833454, 820.926707
1714456516440, 2024-04-30T05:55:16.440Z, 1442.6577616, 822.3336572000001
1714456516455, 2024-04-30T05:55:16.455Z, 1441.911589, 822.2334168000001
1714456516487, 2024-04-30T05:55:16.487Z, 1426.860414, 811.5487681999999
1714456516502, 2024-04-30T05:55:16.502Z, 1415.960458, 805.1557286
1714456516518, 2024-04-30T05:55:16.518Z, 1388.8200868, 783.3395634
1714456516533, 2024-04-30T05:55:16.533Z, 1347.045249, 748.339517