1714650236731, 2024-05-02T11:43:56.731Z, 175.053674, 254.53217
1714650236746, 2024-05-02T11:43:56.746Z, 177.306047, 251.483853
1714650236762, 2024-05-02T11:43:56.762Z, 179.45471666666666, 248.52704633333335
1714650236777, 2024-05-02T11:43:56.777Z, 181.7352265, 245.8861525
1714650236801, 2024-05-02T11:43:56.801Z, 185.96988660000002, 244.6221846
1714650236817, 2024-05-02T11:43:56.817Z, 193.6640144, 242.9232722
1714650236832, 2024-05-02T11:43:56.832Z, 200.2241084, 245.0913116
1714650236844, 2024-05-02T11:43:56.844Z, 207.7443216, 249.0210368
1714650236862, 2024-05-02T11:43:56.862Z, 215.16986379999997, 253.6357602
1714650236878, 2024-05-02T11:43:56.878Z, 220.8023874, 257.047939
1714650236889, 2024-05-02T11:43:56.889Z, 223.26042619999998, 258.63516020000003
1714650236907, 2024-05-02T11:43:56.907Z, 223.9908204, 257.8830748
1714650236933, 2024-05-02T11:43:56.933Z, 220.719893, 255.60177359999997
1714650236968, 2024-05-02T11:43:56.968Z, 224.833329, 254.5847566
1714650236979, 2024-05-02T11:43:56.979Z, 220.6598224, 253.3899738
1714650236996, 2024-05-02T11:43:56.996Z, 228.3019656, 254.59848699999998
1714650237012, 2024-05-02T11:43:57.012Z, 238.54971799999998, 257.5894686
1714650237026, 2024-05-02T11:43:57.026Z, 250.86655259999998, 266.80122459999995
1714650237043, 2024-05-02T11:43:57.043Z, 254.8258116, 278.9522884
1714650237072, 2024-05-02T11:43:57.072Z, 266.55276340000006, 292.0088256
1714650237104, 2024-05-02T11:43:57.104Z, 273.4031398, 297.8078794
1714650237120, 2024-05-02T11:43:57.120Z, 278.2206554, 299.5159012
1714650237135, 2024-05-02T11:43:57.135Z, 282.3593284, 292.4983344
1714650237151, 2024-05-02T11:43:57.151Z, 286.5955672, 281.2962384
1714650237166, 2024-05-02T11:43:57.166Z, 290.14814379999996, 268.57783980000005
1714650237181, 2024-05-02T11:43:57.181Z, 284.6594126, 258.6431268
1714650237197, 2024-05-02T11:43:57.197Z, 278.9565844, 250.4114138
1714650237212, 2024-05-02T11:43:57.212Z, 273.6121666, 244.644499
1714650237228, 2024-05-02T11:43:57.228Z, 267.25803319999994, 238.5714096
1714650237283, 2024-05-02T11:43:57.283Z, 260.95025559999993, 236.01054140000002
1714650237306, 2024-05-02T11:43:57.306Z, 257.72446060000004, 234.17670860000004
1714650237321, 2024-05-02T11:43:57.321Z, 266.09486039999996, 252.4418106
1714650237336, 2024-05-02T11:43:57.336Z, 276.36745, 272.5984776
1714650237351, 2024-05-02T11:43:57.351Z, 290.56467399999997, 295.13134019999995
1714650237367, 2024-05-02T11:43:57.367Z, 305.4652638, 314.16074280000004
1714650237382, 2024-05-02T11:43:57.382Z, 319.81800119999997, 334.5071544
1714650237404, 2024-05-02T11:43:57.404Z, 322.8679446, 334.378114
1714650237419, 2024-05-02T11:43:57.419Z, 322.91182820000006, 332.5847386
1714650237429, 2024-05-02T11:43:57.429Z, 318.599745, 328.473743
1714650237447, 2024-05-02T11:43:57.447Z, 310.78158640000004, 325.1918506
1714650237461, 2024-05-02T11:43:57.461Z, 303.80048719999996, 321.42831620000004
1714650237475, 2024-05-02T11:43:57.475Z, 297.4535032, 318.9229164
1714650237491, 2024-05-02T11:43:57.491Z, 292.6643942, 317.0758252
1714650237507, 2024-05-02T11:43:57.507Z, 288.83171819999995, 315.8651628
1714650237523, 2024-05-02T11:43:57.523Z, 287.56936659999997, 315.4501
1714650237551, 2024-05-02T11:43:57.551Z, 285.4606912, 316.120197
1714650237561, 2024-05-02T11:43:57.561Z, 280.43739939999995, 315.1290834
1714650237580, 2024-05-02T11:43:57.580Z, 266.87403000000006, 311.1179012
1714650237595, 2024-05-02T11:43:57.595Z, 248.986648, 304.7467952
1714650237607, 2024-05-02T11:43:57.607Z, 223.31003300000003, 297.40898300000003
1714650237625, 2024-05-02T11:43:57.625Z, 196.3136226, 289.1132592
1714650237640, 2024-05-02T11:43:57.640Z, 170.5034304, 282.7507054
1714650237652, 2024-05-02T11:43:57.652Z, 151.4924834, 280.2045524
1714650237670, 2024-05-02T11:43:57.670Z, 137.20115819999998, 280.135779
1714650237943, 2024-05-02T11:43:57.943Z, 316.1451584, 241.77268519999998
1714650238077, 2024-05-02T11:43:58.077Z, 494.1115798000001, 198.4036822
1714650238167, 2024-05-02T11:43:58.167Z, 510.0935872, 219.22682919999997
1714650238182, 2024-05-02T11:43:58.182Z, 530.8971254, 238.112868
1714650238193, 2024-05-02T11:43:58.193Z, 554.2220425999999, 255.7518094
1714650238214, 2024-05-02T11:43:58.214Z, 391.7755452, 313.24216220000005
1714650238239, 2024-05-02T11:43:58.239Z, 228.7746244, 378.7374764
1714650238260, 2024-05-02T11:43:58.260Z, 226.31162460000002, 381.6115042
1714650238272, 2024-05-02T11:43:58.272Z, 224.64339680000003, 383.68596640000004
1714650238303, 2024-05-02T11:43:58.303Z, 217.2708928, 391.73179120000003
1714650238332, 2024-05-02T11:43:58.332Z, 213.71518959999997, 399.01928540000006
1714650238348, 2024-05-02T11:43:58.348Z, 216.4160228, 402.55032819999997
1714650238379, 2024-05-02T11:43:58.379Z, 222.40814060000002, 404.53302099999996
1714650238395, 2024-05-02T11:43:58.395Z, 225.0273676, 408.456681
1714650238426, 2024-05-02T11:43:58.426Z, 231.57156300000003, 409.49915279999993
1714650238453, 2024-05-02T11:43:58.453Z, 236.2895708, 412.57708139999994
1714650238463, 2024-05-02T11:43:58.463Z, 239.1414288, 413.746001
1714650238481, 2024-05-02T11:43:58.481Z, 242.735583, 412.80075940000006
1714650238508, 2024-05-02T11:43:58.508Z, 247.2005264, 405.98281119999996
1714650238526, 2024-05-02T11:43:58.526Z, 251.43648379999996, 396.8048872
1714650238542, 2024-05-02T11:43:58.542Z, 255.22622540000003, 386.184083
1714650238553, 2024-05-02T11:43:58.553Z, 259.99506460000003, 379.2192304
1714650238571, 2024-05-02T11:43:58.571Z, 265.6371532, 373.49806
1714650238605, 2024-05-02T11:43:58.605Z, 270.6257036, 373.7710880000001
1714650238616, 2024-05-02T11:43:58.616Z, 276.45714280000004, 374.56470740000003
1714650238662, 2024-05-02T11:43:58.662Z, 283.0116918, 375.273736
1714650238677, 2024-05-02T11:43:58.677Z, 287.570241, 378.82775979999997
1714650238691, 2024-05-02T11:43:58.691Z, 290.791392, 385.02096159999996
1714650238711, 2024-05-02T11:43:58.711Z, 302.93724540000005, 384.4230888
1714650238726, 2024-05-02T11:43:58.726Z, 310.4056278, 384.23010380000005
1714650238756, 2024-05-02T11:43:58.756Z, 314.8904024, 384.2704812
1714650238771, 2024-05-02T11:43:58.771Z, 320.06469, 384.5648728
1714650238783, 2024-05-02T11:43:58.783Z, 324.8510754, 382.80704599999996
1714650238799, 2024-05-02T11:43:58.799Z, 321.8979614, 387.761996
1714650238815, 2024-05-02T11:43:58.815Z, 319.5375924, 392.58912580000003
1714650238830, 2024-05-02T11:43:58.830Z, 315.6291436, 398.5143106
1714650238845, 2024-05-02T11:43:58.845Z, 307.4436332, 403.6452944
1714650238861, 2024-05-02T11:43:58.861Z, 298.98987079999995, 408.2921444
1714650238876, 2024-05-02T11:43:58.876Z, 288.10651019999995, 413.37912099999994
1714650238904, 2024-05-02T11:43:58.904Z, 280.2532536, 417.5568346
1714650238914, 2024-05-02T11:43:58.914Z, 274.98819940000004, 421.6087406
1714650238933, 2024-05-02T11:43:58.933Z, 273.4943789999999, 423.4162493999999
1714650238947, 2024-05-02T11:43:58.947Z, 272.8015492, 425.33762420000005
1714650238959, 2024-05-02T11:43:58.959Z, 269.1580206, 431.4063752
1714650238978, 2024-05-02T11:43:58.978Z, 261.6294828, 440.59777180000003
1714650238992, 2024-05-02T11:43:58.992Z, 252.7271348, 449.51782380000003
1714650239006, 2024-05-02T11:43:59.006Z, 243.27741460000001, 458.9557914
1714650239023, 2024-05-02T11:43:59.023Z, 233.20752240000002, 468.9595438
1714650239066, 2024-05-02T11:43:59.066Z, 227.61745660000003, 473.85482979999995
1714650239081, 2024-05-02T11:43:59.081Z, 235.139172, 470.060318
1714650239092, 2024-05-02T11:43:59.092Z, 241.66940080000003, 465.3011436
1714650239111, 2024-05-02T11:43:59.111Z, 242.6466098, 460.08315139999996
1714650239126, 2024-05-02T11:43:59.126Z, 258.828306, 441.26734239999996
1714650239137, 2024-05-02T11:43:59.137Z, 261.40620240000004, 426.9351128
1714650239160, 2024-05-02T11:43:59.160Z, 228.757899, 428.4374707999999
1714650239176, 2024-05-02T11:43:59.176Z, 196.6235918, 430.73487420000004
1714650239202, 2024-05-02T11:43:59.202Z, 224.48870219999998, 398.57399180000004
1714650239216, 2024-05-02T11:43:59.216Z, 245.98751040000002, 374.3183834
1714650239246, 2024-05-02T11:43:59.246Z, 282.806124, 344.25837140000004
1714650239261, 2024-05-02T11:43:59.261Z, 319.7336332, 323.5565576
1714650239276, 2024-05-02T11:43:59.276Z, 349.17041559999996, 309.1911682
1714650239291, 2024-05-02T11:43:59.291Z, 302.2497808, 345.5276722
1714650239308, 2024-05-02T11:43:59.308Z, 239.32092359999996, 386.79066339999997
1714650239323, 2024-05-02T11:43:59.323Z, 170.84829699999997, 430.4288074
1714650239362, 2024-05-02T11:43:59.362Z, 126.98500940000001, 455.1868622
1714650239381, 2024-05-02T11:43:59.381Z, 88.0374006, 473.34629340000004
1714650239395, 2024-05-02T11:43:59.395Z, 71.928059, 474.9189668
1714650239407, 2024-05-02T11:43:59.407Z, 65.565956, 476.24424639999995
1714650239426, 2024-05-02T11:43:59.426Z, 78.2967568, 474.98425739999993
1714650239441, 2024-05-02T11:43:59.441Z, 92.85067920000002, 473.20978219999995
1714650239452, 2024-05-02T11:43:59.452Z, 112.66619080000001, 470.56917599999997
1714650239471, 2024-05-02T11:43:59.471Z, 134.4978224, 467.4882702
1714650239499, 2024-05-02T11:43:59.499Z, 156.6791524, 464.2182478000001
1714650239516, 2024-05-02T11:43:59.516Z, 170.6069802, 464.49992979999996
1714650239532, 2024-05-02T11:43:59.532Z, 183.176804, 464.50860939999995
1714650239561, 2024-05-02T11:43:59.561Z, 194.71227600000003, 465.13733119999995
1714650239576, 2024-05-02T11:43:59.576Z, 196.247482, 469.1573514
1714650239602, 2024-05-02T11:43:59.602Z, 196.36161620000001, 472.6577082
1714650239618, 2024-05-02T11:43:59.618Z, 195.8887954, 471.98301840000005
1714650239657, 2024-05-02T11:43:59.657Z, 182.4108966, 478.88280599999996
1714650239674, 2024-05-02T11:43:59.674Z, 175.1815188, 484.0380122
1714650239681, 2024-05-02T11:43:59.681Z, 179.2660832, 485.4165876
1714650239698, 2024-05-02T11:43:59.698Z, 186.85465999999997, 486.30804120000005
1714650239714, 2024-05-02T11:43:59.714Z, 186.698513, 488.78272219999997
1714650239743, 2024-05-02T11:43:59.743Z, 198.5867862, 484.1008524
1714650239773, 2024-05-02T11:43:59.773Z, 204.9751142, 480.50946139999996
1714650239813, 2024-05-02T11:43:59.813Z, 211.0619644, 477.8820874
1714650239831, 2024-05-02T11:43:59.831Z, 217.2005158, 479.2356874
1714650239857, 2024-05-02T11:43:59.857Z, 224.6761608, 485.25475800000004
1714650239876, 2024-05-02T11:43:59.876Z, 233.6510132, 491.39100559999997
1714650239891, 2024-05-02T11:43:59.891Z, 242.67506659999998, 496.4621068
1714650239902, 2024-05-02T11:43:59.902Z, 251.43477739999997, 499.5863788
1714650239921, 2024-05-02T11:43:59.921Z, 257.673191, 499.2921606
1714650239948, 2024-05-02T11:43:59.948Z, 260.78086040000005, 497.2356656
1714650239966, 2024-05-02T11:43:59.966Z, 270.4020498, 490.76675020000005
1714650239980, 2024-05-02T11:43:59.980Z, 275.60845120000005, 484.27712
1714650239993, 2024-05-02T11:43:59.993Z, 277.20629679999996, 480.2248262
1714650240011, 2024-05-02T11:44:00.011Z, 283.4411588, 475.1572258
1714650240026, 2024-05-02T11:44:00.026Z, 294.7196136, 466.52702359999995
1714650240037, 2024-05-02T11:44:00.037Z, 299.9407954, 463.35927439999995
1714650240056, 2024-05-02T11:44:00.056Z, 346.245764, 446.26508920000003
1714650240108, 2024-05-02T11:44:00.108Z, 375.28221460000003, 436.6270354
1714650240121, 2024-05-02T11:44:00.121Z, 372.4952502, 437.42025380000007
1714650240132, 2024-05-02T11:44:00.132Z, 364.354118, 440.82433139999995
1714650240150, 2024-05-02T11:44:00.150Z, 350.2382494, 445.54748820000003
1714650240197, 2024-05-02T11:44:00.197Z, 308.3947932, 459.3023214
1714650240224, 2024-05-02T11:44:00.224Z, 328.76797300000004, 437.22134880000004
1714650240263, 2024-05-02T11:44:00.263Z, 319.0534098, 445.2402832000001
1714650240281, 2024-05-02T11:44:00.281Z, 322.9677902, 443.6029412
1714650240296, 2024-05-02T11:44:00.296Z, 340.00733060000005, 432.25820919999995
1714650240307, 2024-05-02T11:44:00.307Z, 341.434117, 424.4467506
1714650240326, 2024-05-02T11:44:00.326Z, 296.73235020000004, 441.32898800000004
1714650240341, 2024-05-02T11:44:00.341Z, 302.5903528, 424.3651392
1714650240353, 2024-05-02T11:44:00.353Z, 295.6635464, 418.28085339999996
1714650240371, 2024-05-02T11:44:00.371Z, 280.3985354, 420.1321642
1714650240415, 2024-05-02T11:44:00.415Z, 270.8596788, 427.0296254
1714650240461, 2024-05-02T11:44:00.461Z, 426.31525280000005, 379.8393736
1714650240552, 2024-05-02T11:44:00.552Z, 437.49998539999996, 383.2019364
1714650240567, 2024-05-02T11:44:00.567Z, 447.13373219999994, 372.8397116
1714650240582, 2024-05-02T11:44:00.582Z, 453.4848937999999, 366.0515042
1714650240598, 2024-05-02T11:44:00.598Z, 459.3718722, 357.9689742
1714650240614, 2024-05-02T11:44:00.614Z, 302.3912086, 405.75365519999997
1714650240629, 2024-05-02T11:44:00.629Z, 294.8472216, 397.44960860000003
1714650240645, 2024-05-02T11:44:00.645Z, 290.8000994, 401.24724679999997
1714650240661, 2024-05-02T11:44:00.661Z, 290.6121416, 400.84336299999995
1714650240702, 2024-05-02T11:44:00.702Z, 287.65726340000003, 404.9703242
1714650240712, 2024-05-02T11:44:00.712Z, 282.16538879999996, 412.0376826
1714650240731, 2024-05-02T11:44:00.731Z, 276.779147, 421.28003499999994
1714650240757, 2024-05-02T11:44:00.757Z, 271.4226168, 429.63148220000005
1714650240776, 2024-05-02T11:44:00.776Z, 266.2141672, 437.3857094
1714650240792, 2024-05-02T11:44:00.792Z, 263.2201586, 437.82556880000004
1714650240802, 2024-05-02T11:44:00.802Z, 262.3354022, 436.9156956
1714650240821, 2024-05-02T11:44:00.821Z, 261.4748518, 435.8470412
1714650240911, 2024-05-02T11:44:00.911Z, 341.35126479999997, 404.2535436
1714650241002, 2024-05-02T11:44:01.002Z, 349.8550668, 411.82427939999997
1714650241018, 2024-05-02T11:44:01.018Z, 358.7115126, 402.6471006
1714650241033, 2024-05-02T11:44:01.033Z, 361.29498259999997, 398.53166339999996
1714650241048, 2024-05-02T11:44:01.048Z, 360.7898396, 395.5597632
1714650241064, 2024-05-02T11:44:01.064Z, 278.3633842, 424.3908754
1714650241079, 2024-05-02T11:44:01.079Z, 265.38540759999995, 415.44927820000004
1714650241094, 2024-05-02T11:44:01.094Z, 252.58048679999996, 425.27448380000004
1714650241110, 2024-05-02T11:44:01.110Z, 242.9716282, 436.69690760000003
1714650241125, 2024-05-02T11:44:01.125Z, 238.85297499999996, 442.9795014
1714650241152, 2024-05-02T11:44:01.152Z, 241.8948056, 454.7372778
1714650241162, 2024-05-02T11:44:01.162Z, 246.780061, 465.5143792
1714650241181, 2024-05-02T11:44:01.181Z, 249.65686139999997, 472.2216292
1714650241196, 2024-05-02T11:44:01.196Z, 254.6903198, 468.5161704
1714650241207, 2024-05-02T11:44:01.207Z, 257.62520179999996, 466.38851059999996
1714650241226, 2024-05-02T11:44:01.226Z, 250.35815319999998, 451.508338
1714650241241, 2024-05-02T11:44:01.241Z, 239.7574502, 429.14330039999993
1714650241252, 2024-05-02T11:44:01.253Z, 226.4334568, 404.1931766
1714650241271, 2024-05-02T11:44:01.271Z, 211.45338120000002, 373.8595972
1714650241303, 2024-05-02T11:44:01.303Z, 195.60938480000002, 342.69115660000006
1714650241316, 2024-05-02T11:44:01.316Z, 181.3849708, 317.08822760000004
1714650241349, 2024-05-02T11:44:01.349Z, 166.6389556, 298.5951118
1714650241365, 2024-05-02T11:44:01.365Z, 156.467652, 287.247965
1714650241382, 2024-05-02T11:44:01.382Z, 147.673463, 283.3147488
1714650241394, 2024-05-02T11:44:01.394Z, 138.864624, 279.8898606
1714650241411, 2024-05-02T11:44:01.411Z, 131.1738512, 275.6564316
1714650241433, 2024-05-02T11:44:01.433Z, 124.36804420000001, 273.0658376
1714650241458, 2024-05-02T11:44:01.458Z, 121.2245046, 269.807724
1714650241473, 2024-05-02T11:44:01.473Z, 121.14300399999999, 268.2486662
1714650241483, 2024-05-02T11:44:01.483Z, 121.3303726, 268.1304128
1714650241501, 2024-05-02T11:44:01.501Z, 137.38465539999999, 271.92645760000005
1714650241517, 2024-05-02T11:44:01.517Z, 156.0391528, 274.4445678
1714650241528, 2024-05-02T11:44:01.528Z, 172.64510259999997, 277.1313544
1714650241543, 2024-05-02T11:44:01.543Z, 187.30133099999998, 279.345395
1714650241558, 2024-05-02T11:44:01.558Z, 203.3405894, 283.39231720000004
1714650241573, 2024-05-02T11:44:01.573Z, 205.63293779999998, 286.53541260000003
1714650241605, 2024-05-02T11:44:01.605Z, 209.3605928, 290.98415839999996
1714650241620, 2024-05-02T11:44:01.620Z, 212.82004120000002, 295.066272
1714650241636, 2024-05-02T11:44:01.636Z, 216.25705860000002, 299.57041979999997
1714650241652, 2024-05-02T11:44:01.652Z, 218.80449580000004, 301.3461594
1714650241668, 2024-05-02T11:44:01.668Z, 212.17379480000005, 304.44429579999996
1714650241683, 2024-05-02T11:44:01.683Z, 201.2116964, 308.066781
1714650241700, 2024-05-02T11:44:01.700Z, 193.36348000000004, 310.968805
1714650241715, 2024-05-02T11:44:01.715Z, 185.979761, 313.7632952
1714650241730, 2024-05-02T11:44:01.730Z, 296.6898052, 298.50072
1714650241750, 2024-05-02T11:44:01.750Z, 370.38605440000003, 290.4142046
1714650241775, 2024-05-02T11:44:01.775Z, 492.4284872, 261.8491462
1714650241786, 2024-05-02T11:44:01.786Z, 570.4380876, 240.2680696
1714650241795, 2024-05-02T11:44:01.795Z, 639.9667614, 218.40581859999998
1714650241812, 2024-05-02T11:44:01.812Z, 545.462289, 231.28710259999997
1714650241828, 2024-05-02T11:44:01.828Z, 486.94940180000003, 230.4962242
1714650241839, 2024-05-02T11:44:01.839Z, 382.001046, 249.0791456
1714650241857, 2024-05-02T11:44:01.857Z, 317.69855079999996, 261.74134779999997
1714650241873, 2024-05-02T11:44:01.873Z, 261.403975, 274.7274014
1714650241904, 2024-05-02T11:44:01.904Z, 304.68739419999997, 245.82588500000003
1714650241918, 2024-05-02T11:44:01.918Z, 334.38858400000004, 232.1835464
1714650241949, 2024-05-02T11:44:01.949Z, 346.887874, 227.33971079999998
1714650241965, 2024-05-02T11:44:01.965Z, 384.10211960000004, 210.05545
1714650241983, 2024-05-02T11:44:01.983Z, 398.66871100000003, 203.9394036
1714650241995, 2024-05-02T11:44:01.995Z, 342.59394599999996, 231.3591866
1714650242011, 2024-05-02T11:44:02.011Z, 308.550382, 246.6141342
1714650242026, 2024-05-02T11:44:02.026Z, 292.9970038, 252.3433832
1714650242054, 2024-05-02T11:44:02.054Z, 252.00285279999997, 271.7734318
1714650242064, 2024-05-02T11:44:02.064Z, 233.1207516, 280.7962082
1714650242082, 2024-05-02T11:44:02.082Z, 230.50379279999999, 283.25361499999997
1714650242098, 2024-05-02T11:44:02.098Z, 229.21377859999998, 287.08576600000004
1714650242108, 2024-05-02T11:44:02.108Z, 228.19935880000003, 290.48582700000003
1714650242127, 2024-05-02T11:44:02.127Z, 228.2952886, 292.3118884
1714650242143, 2024-05-02T11:44:02.143Z, 229.0428096, 293.04034599999994
1714650242154, 2024-05-02T11:44:02.154Z, 239.0529902, 288.5188642
1714650242172, 2024-05-02T11:44:02.172Z, 280.8116542, 259.9615742
1714650242204, 2024-05-02T11:44:02.204Z, 316.9157116, 237.300085
1714650242217, 2024-05-02T11:44:02.217Z, 339.30816919999995, 225.8260228
1714650242233, 2024-05-02T11:44:02.233Z, 356.1315894, 219.7332182
1714650242244, 2024-05-02T11:44:02.244Z, 362.45539999999994, 220.1979026
1714650242276, 2024-05-02T11:44:02.276Z, 339.6674548, 243.03085300000004
1714650242291, 2024-05-02T11:44:02.291Z, 318.6224612, 260.1366428
1714650242307, 2024-05-02T11:44:02.307Z, 310.15960839999997, 265.470603
1714650242353, 2024-05-02T11:44:02.353Z, 309.96273460000003, 263.494009
1714650242385, 2024-05-02T11:44:02.385Z, 372.3410632, 238.56794959999996
1714650242401, 2024-05-02T11:44:02.401Z, 432.5393736, 214.46537819999998
1714650242417, 2024-05-02T11:44:02.417Z, 464.20081319999997, 201.53244840000002
1714650242432, 2024-05-02T11:44:02.432Z, 460.67816380000005, 201.0803232
1714650242448, 2024-05-02T11:44:02.448Z, 459.20681320000006, 200.46392319999998
1714650242463, 2024-05-02T11:44:02.463Z, 404.5212404, 216.70527
1714650242478, 2024-05-02T11:44:02.478Z, 342.258652, 236.60507159999997
1714650242508, 2024-05-02T11:44:02.508Z, 316.23612560000004, 243.04836919999997
1714650242525, 2024-05-02T11:44:02.525Z, 324.42631819999997, 238.01173920000002
1714650242541, 2024-05-02T11:44:02.541Z, 338.86503899999997, 231.73652499999997
1714650242573, 2024-05-02T11:44:02.573Z, 334.26085539999997, 233.3331768
1714650242588, 2024-05-02T11:44:02.588Z, 329.80748099999994, 234.6755772
1714650242604, 2024-05-02T11:44:02.604Z, 312.4522752, 239.51904640000004
1714650242620, 2024-05-02T11:44:02.620Z, 292.9849698, 245.87688479999997
1714650242635, 2024-05-02T11:44:02.635Z, 260.3822604, 256.5482086
1714650242653, 2024-05-02T11:44:02.653Z, 239.02776460000004, 265.5989818
1714650242670, 2024-05-02T11:44:02.670Z, 223.5756076, 270.137119
1714650242686, 2024-05-02T11:44:02.686Z, 216.6570306, 274.8945412
1714650242698, 2024-05-02T11:44:02.698Z, 213.9317094, 277.5082686
1714650242715, 2024-05-02T11:44:02.715Z, 311.17910199999994, 236.2818514
1714650242745, 2024-05-02T11:44:02.745Z, 384.734004, 203.3097218
1714650242760, 2024-05-02T11:44:02.760Z, 460.92315999999994, 175.24989000000002
1714650242775, 2024-05-02T11:44:02.775Z, 529.4082285999999, 152.06682700000002
1714650242806, 2024-05-02T11:44:02.806Z, 624.0542636, 121.4384292
1714650242822, 2024-05-02T11:44:02.822Z, 612.7403986000002, 136.94834740000002
1714650242837, 2024-05-02T11:44:02.837Z, 624.3628610000001, 142.7036784
1714650242852, 2024-05-02T11:44:02.852Z, 635.6768322, 151.3099962
1714650242868, 2024-05-02T11:44:02.868Z, 634.5543392000001, 159.57821679999998
1714650242884, 2024-05-02T11:44:02.884Z, 602.9891778, 175.5096676
1714650242900, 2024-05-02T11:44:02.900Z, 563.2538788, 177.8900594
1714650242915, 2024-05-02T11:44:02.915Z, 500.84449220000005, 193.89015160000002
1714650242931, 2024-05-02T11:44:02.931Z, 438.8176224, 200.235059
1714650242954, 2024-05-02T11:44:02.954Z, 369.9029504, 221.615927
1714650242963, 2024-05-02T11:44:02.963Z, 310.1223306, 241.4081918
1714650242982, 2024-05-02T11:44:02.982Z, 275.9581648, 268.87025
1714650243003, 2024-05-02T11:44:03.003Z, 278.95966280000005, 278.0328642
1714650243023, 2024-05-02T11:44:03.023Z, 264.10514440000003, 300.7416834
1714650243039, 2024-05-02T11:44:03.039Z, 336.16040460000005, 277.6119638
1714650243071, 2024-05-02T11:44:03.071Z, 368.23271020000004, 274.62501299999997
1714650243087, 2024-05-02T11:44:03.087Z, 410.72654299999994, 261.48657199999997
1714650243103, 2024-05-02T11:44:03.103Z, 395.0975508, 276.3008128
1714650243119, 2024-05-02T11:44:03.119Z, 389.4740894, 283.9627574
1714650243134, 2024-05-02T11:44:03.134Z, 325.06840239999997, 317.9628558
1714650243149, 2024-05-02T11:44:03.149Z, 298.60912879999995, 334.03309879999995
1714650243164, 2024-05-02T11:44:03.164Z, 254.10696639999998, 363.87574079999996
1714650243196, 2024-05-02T11:44:03.196Z, 256.3521764, 367.8432958
1714650243211, 2024-05-02T11:44:03.211Z, 264.0211118, 369.0191468
1714650243253, 2024-05-02T11:44:03.253Z, 283.1993248, 353.73024399999997
1714650243278, 2024-05-02T11:44:03.278Z, 330.6932818, 298.1275904
1714650243297, 2024-05-02T11:44:03.297Z, 356.89189880000004, 298.76060459999997
1714650243327, 2024-05-02T11:44:03.327Z, 380.6973282, 316.8395552
1714650243351, 2024-05-02T11:44:03.351Z, 414.30484720000004, 310.32043400000003
1714650243382, 2024-05-02T11:44:03.382Z, 430.2728034, 334.1730188
1714650243414, 2024-05-02T11:44:03.414Z, 400.9668202, 421.12619780000006
1714650243432, 2024-05-02T11:44:03.432Z, 394.1458268, 446.60667379999995
1714650243460, 2024-05-02T11:44:03.460Z, 376.54719520000003, 462.17168899999996
1714650243490, 2024-05-02T11:44:03.490Z, 383.476759, 452.79461460000005
1714650243506, 2024-05-02T11:44:03.506Z, 376.8091942, 453.3451904
1714650243522, 2024-05-02T11:44:03.522Z, 367.62499799999995, 452.3239012
1714650243567, 2024-05-02T11:44:03.567Z, 333.9518596, 454.5531522
1714650243598, 2024-05-02T11:44:03.598Z, 305.055958, 451.32967659999997
1714650243614, 2024-05-02T11:44:03.614Z, 238.5866676, 497.47406659999996
1714650243630, 2024-05-02T11:44:03.630Z, 177.07783620000004, 518.5135377999999
1714650243645, 2024-05-02T11:44:03.645Z, 133.6805818, 513.9595818
1714650243661, 2024-05-02T11:44:03.661Z, 111.8485756, 512.8417177999999
1714650243677, 2024-05-02T11:44:03.677Z, 114.9974434, 511.57834699999995
1714650243702, 2024-05-02T11:44:03.702Z, 137.57312459999997, 491.633345
1714650243717, 2024-05-02T11:44:03.717Z, 173.2054086, 472.48686
1714650243728, 2024-05-02T11:44:03.728Z, 213.14462400000002, 462.9108402
1714650243747, 2024-05-02T11:44:03.747Z, 252.9419464, 451.4425644
1714650243762, 2024-05-02T11:44:03.762Z, 273.6039354, 441.3214621999999
1714650243773, 2024-05-02T11:44:03.773Z, 277.85486860000003, 449.7739186
1714650243792, 2024-05-02T11:44:03.792Z, 284.7686756, 453.4874294
1714650243818, 2024-05-02T11:44:03.818Z, 285.1740292, 446.74639499999995
1714650243854, 2024-05-02T11:44:03.854Z, 285.7344056, 445.93041519999997
1714650243863, 2024-05-02T11:44:03.863Z, 283.9187932, 443.5642621999999
1714650243882, 2024-05-02T11:44:03.882Z, 290.6002824, 424.601674
1714650243897, 2024-05-02T11:44:03.897Z, 301.44149780000004, 397.479864
1714650243911, 2024-05-02T11:44:03.911Z, 299.47312300000004, 394.34666660000005
1714650243931, 2024-05-02T11:44:03.931Z, 318.83918700000004, 355.51143740000003
1714650244152, 2024-05-02T11:44:04.152Z, 510.54032700000005, 323.38009839999995
1714650244166, 2024-05-02T11:44:04.166Z, 672.961024, 277.45390779999997
1714650244178, 2024-05-02T11:44:04.178Z, 834.8111839999999, 255.2467686
1714650244196, 2024-05-02T11:44:04.196Z, 1012.7298190000001, 220.5826928
1714650244211, 2024-05-02T11:44:04.211Z, 1171.3836194, 222.8757994
1714650244223, 2024-05-02T11:44:04.223Z, 1162.7072908000002, 221.01013819999997
1714650244244, 2024-05-02T11:44:04.244Z, 1176.7610188, 251.570683
1714650244272, 2024-05-02T11:44:04.272Z, 1191.5922624, 276.44204360000003
1714650244303, 2024-05-02T11:44:04.303Z, 1200.9421682, 291.1387872
1714650244313, 2024-05-02T11:44:04.313Z, 1209.7310241999999, 298.8655762
1714650244331, 2024-05-02T11:44:04.331Z, 1222.0505034, 307.55097059999997
1714650244346, 2024-05-02T11:44:04.346Z, 1237.3322514000001, 305.1131844
1714650244362, 2024-05-02T11:44:04.362Z, 1264.755333, 283.07852799999995
1714650244379, 2024-05-02T11:44:04.379Z, 1297.6540244, 259.2588654
1714650244404, 2024-05-02T11:44:04.404Z, 1326.7895664000002, 234.01230479999998
1714650244420, 2024-05-02T11:44:04.420Z, 1344.3057632, 209.8527194
1714650244435, 2024-05-02T11:44:04.435Z, 1359.3025262000003, 195.26182880000002
1714650244451, 2024-05-02T11:44:04.451Z, 1356.9064724, 195.4069604
1714650244467, 2024-05-02T11:44:04.467Z, 1349.6935921999998, 205.55679460000002
1714650244483, 2024-05-02T11:44:04.483Z, 1347.0912188, 211.4019476
1714650244498, 2024-05-02T11:44:04.498Z, 1349.706714, 213.4955452
1714650244513, 2024-05-02T11:44:04.513Z, 1350.9175215999999, 216.18742540000002
1714650244533, 2024-05-02T11:44:04.533Z, 1351.5012702, 219.11066659999997
1714650244544, 2024-05-02T11:44:04.544Z, 1353.6464412, 217.5289806
1714650244560, 2024-05-02T11:44:04.560Z, 1352.4739822, 222.0786612
1714650244575, 2024-05-02T11:44:04.575Z, 1351.2885456000001, 226.34431899999998
1714650244604, 2024-05-02T11:44:04.604Z, 1349.4620242, 229.962017
1714650244618, 2024-05-02T11:44:04.618Z, 1347.4791340000002, 232.20785459999996
1714650244629, 2024-05-02T11:44:04.629Z, 1348.1040908, 232.27230939999998
1714650244652, 2024-05-02T11:44:04.652Z, 1349.3697757999998, 232.0409702
1714650244668, 2024-05-02T11:44:04.668Z, 1351.65494, 222.7802412
1714650244684, 2024-05-02T11:44:04.684Z, 1354.9131958, 212.2372104
1714650244700, 2024-05-02T11:44:04.700Z, 1357.0518872, 207.43452539999998
1714650244716, 2024-05-02T11:44:04.716Z, 1357.7281070000001, 205.6591062
1714650244732, 2024-05-02T11:44:04.732Z, 1358.301265, 205.2964526
1714650244754, 2024-05-02T11:44:04.754Z, 1359.1822399999999, 215.9442194
1714650244764, 2024-05-02T11:44:04.764Z, 1357.3985092, 228.03792099999995
1714650244782, 2024-05-02T11:44:04.782Z, 1355.8545178, 234.9964438
1714650244798, 2024-05-02T11:44:04.798Z, 1351.4237218, 235.26669099999998
1714650244812, 2024-05-02T11:44:04.812Z, 1348.1902719999998, 232.9257724
1714650244828, 2024-05-02T11:44:04.828Z, 1343.6944534, 227.45641340000003
1714650244859, 2024-05-02T11:44:04.859Z, 1341.4395264, 221.9292522
1714650244875, 2024-05-02T11:44:04.875Z, 1341.1338719999999, 216.75186940000003
1714650244900, 2024-05-02T11:44:04.900Z, 1343.1970408, 216.2423014
1714650244918, 2024-05-02T11:44:04.918Z, 1344.634438, 216.40637380000004
1714650244938, 2024-05-02T11:44:04.938Z, 1346.6304056000001, 217.64888699999997
1714650244953, 2024-05-02T11:44:04.953Z, 1348.6716222000002, 218.4947504
1714650244969, 2024-05-02T11:44:04.969Z, 1350.1586321999998, 219.58184540000002
1714650244984, 2024-05-02T11:44:04.984Z, 1353.0829328, 224.13388760000004
1714650245000, 2024-05-02T11:44:05.000Z, 1354.6644116, 224.2531364
1714650245016, 2024-05-02T11:44:05.016Z, 1356.1151112, 223.7012424
1714650245031, 2024-05-02T11:44:05.031Z, 1356.7067329999998, 224.750544
1714650245054, 2024-05-02T11:44:05.054Z, 1357.615366, 221.7488
1714650245072, 2024-05-02T11:44:05.072Z, 1357.4450676000001, 216.12802620000002
1714650245080, 2024-05-02T11:44:05.080Z, 1360.0622004000002, 213.066151
1714650245098, 2024-05-02T11:44:05.098Z, 1364.143455, 210.98729240000003
1714650245112, 2024-05-02T11:44:05.112Z, 1366.9420094000002, 207.79863600000004
1714650245125, 2024-05-02T11:44:05.125Z, 1369.9374354, 205.885509
1714650245149, 2024-05-02T11:44:05.149Z, 1374.5861612, 204.8017414
1714650245173, 2024-05-02T11:44:05.173Z, 1376.7202954, 212.1602376
1714650245203, 2024-05-02T11:44:05.203Z, 1377.1515370000002, 219.70497579999997
1714650245214, 2024-05-02T11:44:05.214Z, 1379.4267857999998, 225.770415
1714650245233, 2024-05-02T11:44:05.233Z, 1382.5421594, 234.7415638
1714650245247, 2024-05-02T11:44:05.247Z, 1382.7575617999998, 243.65745959999998
1714650245263, 2024-05-02T11:44:05.263Z, 1381.0856887999998, 246.4306606
1714650245298, 2024-05-02T11:44:05.298Z, 1381.083115, 248.0505526
1714650245314, 2024-05-02T11:44:05.314Z, 1379.8728174, 249.48805720000001
1714650245329, 2024-05-02T11:44:05.329Z, 1375.4839168, 250.48420019999998
1714650245351, 2024-05-02T11:44:05.351Z, 1370.9672864, 249.8121316
1714650245368, 2024-05-02T11:44:05.368Z, 1369.4462884, 248.03288779999997
1714650245383, 2024-05-02T11:44:05.383Z, 1366.3378036, 245.6092236
1714650245395, 2024-05-02T11:44:05.395Z, 1363.901584, 242.88480579999995
1714650245418, 2024-05-02T11:44:05.418Z, 1362.9488124, 239.9783388
1714650245429, 2024-05-02T11:44:05.429Z, 1362.7738404, 236.54858180000002
1714650245440, 2024-05-02T11:44:05.440Z, 1362.5604266, 233.80743120000002
1714650245458, 2024-05-02T11:44:05.458Z, 1362.6256028, 231.47135600000001
1714650245472, 2024-05-02T11:44:05.472Z, 1364.4830946, 230.7502272
1714650245507, 2024-05-02T11:44:05.507Z, 1367.0901336, 233.03749320000003
1714650245549, 2024-05-02T11:44:05.549Z, 1363.880071, 238.9212132
1714650245580, 2024-05-02T11:44:05.580Z, 1353.421954, 243.35622479999998
1714650245740, 2024-05-02T11:44:05.740Z, 1082.7522068, 279.7883758
1714650245752, 2024-05-02T11:44:05.752Z, 812.8005053999999, 319.7736372
1714650245771, 2024-05-02T11:44:05.771Z, 548.1999027999999, 353.27668400000005
1714650245798, 2024-05-02T11:44:05.798Z, 288.2223202, 384.7395938
1714650245815, 2024-05-02T11:44:05.815Z, 39.172353, 420.97907239999995
1714650245835, 2024-05-02T11:44:05.835Z, 57.4664672, 426.3471362
1714650245843, 2024-05-02T11:44:05.843Z, 74.29826840000001, 427.44664220000004
1714650245861, 2024-05-02T11:44:05.861Z, 98.5261376, 440.49644
1714650245876, 2024-05-02T11:44:05.876Z, 123.491473, 452.5437868
1714650245890, 2024-05-02T11:44:05.890Z, 146.1203606, 462.0927466
1714650245922, 2024-05-02T11:44:05.922Z, 160.98724959999998, 470.73929680000003
1714650245951, 2024-05-02T11:44:05.951Z, 176.0052388, 479.7786916
1714650245965, 2024-05-02T11:44:05.965Z, 178.29787040000002, 479.96108699999996
1714650245977, 2024-05-02T11:44:05.977Z, 180.1131054, 480.7788108
1714650245996, 2024-05-02T11:44:05.996Z, 180.2727144, 478.2374344
1714650246011, 2024-05-02T11:44:06.011Z, 180.8506062, 474.3164546
1714650246022, 2024-05-02T11:44:06.022Z, 181.2048002, 465.81503139999995
1714650246040, 2024-05-02T11:44:06.040Z, 180.78271580000003, 456.7813625999999
1714650246056, 2024-05-02T11:44:06.056Z, 182.25396240000003, 448.31465739999993
1714650246067, 2024-05-02T11:44:06.067Z, 183.9353752, 442.26053199999996
1714650246102, 2024-05-02T11:44:06.102Z, 183.201812, 434.72109820000003
1714650246112, 2024-05-02T11:44:06.112Z, 182.72650040000002, 432.6269198
1714650246131, 2024-05-02T11:44:06.131Z, 179.2772134, 427.4508522
1714650246146, 2024-05-02T11:44:06.146Z, 165.1256056, 413.3545362
1714650246163, 2024-05-02T11:44:06.163Z, 149.736739, 398.2745128
1714650246186, 2024-05-02T11:44:06.186Z, 135.9515912, 381.70626379999993
1714650246201, 2024-05-02T11:44:06.201Z, 120.1883014, 364.58478679999996
1714650246217, 2024-05-02T11:44:06.217Z, 107.89580900000001, 350.49338720000003
1714650246233, 2024-05-02T11:44:06.233Z, 107.42230119999999, 343.9261246
1714650246253, 2024-05-02T11:44:06.253Z, 107.1832586, 338.91913859999994
1714650246269, 2024-05-02T11:44:06.269Z, 106.83017240000001, 338.9726376
1714650246285, 2024-05-02T11:44:06.285Z, 107.9406486, 338.512419
1714650246297, 2024-05-02T11:44:06.297Z, 108.28838040000001, 337.9878718
1714650246314, 2024-05-02T11:44:06.314Z, 104.58909860000001, 339.3253334
1714650246330, 2024-05-02T11:44:06.330Z, 97.55936539999999, 342.0342472
1714650246342, 2024-05-02T11:44:06.342Z, 89.97914019999999, 343.929394
1714650246359, 2024-05-02T11:44:06.359Z, 79.307456, 347.27645200000006
1714650246374, 2024-05-02T11:44:06.374Z, 69.2590604, 351.41796839999995
1714650246403, 2024-05-02T11:44:06.403Z, 56.834143600000004, 357.0848006
1714650246417, 2024-05-02T11:44:06.417Z, 50.9301918, 356.4754498
1714650246428, 2024-05-02T11:44:06.428Z, 47.1760356, 356.0423164
1714650246446, 2024-05-02T11:44:06.446Z, 48.74883520000001, 354.825201
1714650246462, 2024-05-02T11:44:06.462Z, 52.6334772, 355.84595980000006
1714650246473, 2024-05-02T11:44:06.473Z, 60.564788799999995, 355.2964018
1714650246492, 2024-05-02T11:44:06.492Z, 66.6649586, 362.491587
1714650246507, 2024-05-02T11:44:06.507Z, 71.7315554, 368.60866080000005
1714650246518, 2024-05-02T11:44:06.518Z, 77.1513954, 375.7218396
1714650246551, 2024-05-02T11:44:06.551Z, 84.10481899999999, 383.08531419999997
1714650246561, 2024-05-02T11:44:06.561Z, 91.10920619999999, 388.9870972
1714650246580, 2024-05-02T11:44:06.580Z, 100.555955, 390.35544400000003
1714650246595, 2024-05-02T11:44:06.595Z, 109.28624760000002, 392.65033980000004
1714650246607, 2024-05-02T11:44:06.607Z, 114.6793136, 393.5216788
1714650246625, 2024-05-02T11:44:06.625Z, 114.9078366, 391.0540298
1714650246654, 2024-05-02T11:44:06.654Z, 115.08222440000002, 389.2538666
1714650246673, 2024-05-02T11:44:06.673Z, 112.1962598, 389.3970692
1714650246699, 2024-05-02T11:44:06.699Z, 111.1968024, 389.8146292
1714650246715, 2024-05-02T11:44:06.715Z, 116.37074520000002, 390.03484519999995
1714650246730, 2024-05-02T11:44:06.730Z, 125.351765, 390.55698259999997
1714650246746, 2024-05-02T11:44:06.746Z, 142.70575119999998, 390.72965999999997
1714650246761, 2024-05-02T11:44:06.761Z, 163.5445302, 389.24707959999995
1714650246777, 2024-05-02T11:44:06.777Z, 187.1594132, 386.67815260000003
1714650246793, 2024-05-02T11:44:06.793Z, 208.04524499999997, 383.16752800000006
1714650246809, 2024-05-02T11:44:06.809Z, 227.21649299999999, 381.429905
1714650246824, 2024-05-02T11:44:06.824Z, 239.84593259999997, 380.17422120000003
1714650246853, 2024-05-02T11:44:06.853Z, 249.63072459999998, 378.4354336
1714650246878, 2024-05-02T11:44:06.878Z, 255.68576560000002, 378.2374224
1714650246897, 2024-05-02T11:44:06.897Z, 259.31635079999995, 379.1402892
1714650246926, 2024-05-02T11:44:06.926Z, 262.0804846, 380.9165382
1714650246942, 2024-05-02T11:44:06.942Z, 275.953359, 374.6363144
1714650246956, 2024-05-02T11:44:06.956Z, 300.9052084, 362.48774059999994
1714650246968, 2024-05-02T11:44:06.968Z, 322.2300908, 352.61795920000003
1714650247014, 2024-05-02T11:44:07.014Z, 322.91003259999997, 356.57825660000003
1714650247033, 2024-05-02T11:44:07.033Z, 336.94065119999993, 353.552442
1714650247052, 2024-05-02T11:44:07.052Z, 341.58328620000003, 356.0945508
1714650247059, 2024-05-02T11:44:07.059Z, 318.1639744, 373.060206
1714650247078, 2024-05-02T11:44:07.078Z, 341.14767620000003, 351.2580756
1714650247093, 2024-05-02T11:44:07.093Z, 377.1767824, 320.3398868
1714650247104, 2024-05-02T11:44:07.104Z, 394.55300800000003, 297.5076076
1714650247122, 2024-05-02T11:44:07.122Z, 410.589529, 268.0284498
1714650247167, 2024-05-02T11:44:07.167Z, 449.657428, 226.1167132
1714650247182, 2024-05-02T11:44:07.182Z, 448.87120400000003, 207.6152834
1714650247198, 2024-05-02T11:44:07.198Z, 504.6188704, 171.2650436
1714650247213, 2024-05-02T11:44:07.213Z, 604.088979, 131.5779372
1714650247229, 2024-05-02T11:44:07.229Z, 637.3753236, 132.7493874
1714650247244, 2024-05-02T11:44:07.244Z, 657.8312868, 142.52289580000001
1714650247259, 2024-05-02T11:44:07.259Z, 685.3209294000001, 158.4338952
1714650247316, 2024-05-02T11:44:07.316Z, 694.743648, 170.4480996
1714650247327, 2024-05-02T11:44:07.327Z, 688.5747354000001, 172.515377
1714650247345, 2024-05-02T11:44:07.345Z, 693.1068388, 158.28384160000002
1714650247361, 2024-05-02T11:44:07.361Z, 643.2061302, 175.4106562
1714650247372, 2024-05-02T11:44:07.372Z, 577.8071739999999, 203.412078
1714650247390, 2024-05-02T11:44:07.390Z, 499.20731799999993, 224.09211999999997
1714650247406, 2024-05-02T11:44:07.406Z, 383.00670840000004, 263.66540480000003
1714650247421, 2024-05-02T11:44:07.421Z, 314.53831, 284.7346334
1714650247452, 2024-05-02T11:44:07.452Z, 278.379133, 280.81167859999994
1714650247462, 2024-05-02T11:44:07.462Z, 242.68061580000003, 274.8492734
1714650247481, 2024-05-02T11:44:07.481Z, 207.14724040000004, 273.24551
1714650247496, 2024-05-02T11:44:07.496Z, 188.1079476, 258.20745580000005
1714650247507, 2024-05-02T11:44:07.507Z, 150.471912, 266.2790292
1714650247526, 2024-05-02T11:44:07.526Z, 169.28719740000003, 239.6526952
1714650247555, 2024-05-02T11:44:07.555Z, 170.75984160000002, 225.31218239999998
1714650247571, 2024-05-02T11:44:07.571Z, 162.2841144, 227.3076618
1714650247615, 2024-05-02T11:44:07.615Z, 135.87001060000003, 243.19201439999998
1714650247630, 2024-05-02T11:44:07.630Z, 125.0241748, 243.06099079999998
1714650247642, 2024-05-02T11:44:07.642Z, 86.83430940000001, 270.3275496
1714650247660, 2024-05-02T11:44:07.660Z, 84.06919880000001, 287.4758178
1714650247675, 2024-05-02T11:44:07.675Z, 76.03892160000001, 308.40721560000003
1714650247687, 2024-05-02T11:44:07.687Z, 83.992886, 318.39184720000003
1714650247705, 2024-05-02T11:44:07.705Z, 109.8651808, 323.39411520000004
1714650247720, 2024-05-02T11:44:07.720Z, 136.6129624, 326.3560724
1714650247751, 2024-05-02T11:44:07.751Z, 150.2398784, 325.6848182
1714650247765, 2024-05-02T11:44:07.765Z, 162.26883120000002, 324.49737220000003
1714650247776, 2024-05-02T11:44:07.776Z, 174.14881440000005, 324.6089502
1714650247795, 2024-05-02T11:44:07.795Z, 175.1963354, 325.84794919999996
1714650247810, 2024-05-02T11:44:07.810Z, 166.65463780000002, 331.35899299999994
1714650247821, 2024-05-02T11:44:07.821Z, 159.09471920000001, 335.4821024
1714650247840, 2024-05-02T11:44:07.840Z, 149.518848, 340.0735208
1714650247855, 2024-05-02T11:44:07.855Z, 138.3796954, 344.6768502
1714650247867, 2024-05-02T11:44:07.867Z, 128.0558426, 349.439636
1714650247901, 2024-05-02T11:44:07.901Z, 126.0467924, 347.84025899999995
1714650247911, 2024-05-02T11:44:07.911Z, 125.90548860000001, 344.696785
1714650247930, 2024-05-02T11:44:07.930Z, 128.5276662, 340.73756860000003
1714650247946, 2024-05-02T11:44:07.946Z, 138.243265, 335.02341160000003
1714650247957, 2024-05-02T11:44:07.957Z, 150.4761298, 328.8858944
1714650247975, 2024-05-02T11:44:07.975Z, 174.70877079999997, 323.8594452
1714650247991, 2024-05-02T11:44:07.991Z, 199.7727678, 317.8189876
1714650248004, 2024-05-02T11:44:08.004Z, 221.11932339999998, 316.44095639999995
1714650248021, 2024-05-02T11:44:08.021Z, 281.3068986, 305.0249462
1714650248048, 2024-05-02T11:44:08.048Z, 326.7776182, 298.2978262
1714650248065, 2024-05-02T11:44:08.065Z, 337.95934339999997, 299.5759914
1714650248082, 2024-05-02T11:44:08.082Z, 341.8878804, 304.552848
1714650248098, 2024-05-02T11:44:08.098Z, 339.9691706, 305.86898940000003
1714650248113, 2024-05-02T11:44:08.113Z, 298.5198574, 318.55329300000005
1714650248129, 2024-05-02T11:44:08.129Z, 277.9244594, 324.12519899999995
1714650248145, 2024-05-02T11:44:08.145Z, 276.10530600000004, 321.9435262
1714650248160, 2024-05-02T11:44:08.160Z, 276.4442932, 318.7692294
1714650248175, 2024-05-02T11:44:08.175Z, 310.4573276, 308.942344
1714650248201, 2024-05-02T11:44:08.201Z, 361.1732048, 289.53410440000005
1714650248216, 2024-05-02T11:44:08.216Z, 384.1873204, 279.2747874
1714650248227, 2024-05-02T11:44:08.227Z, 411.99296059999995, 266.9825264
1714650248245, 2024-05-02T11:44:08.245Z, 498.9496736, 241.0843054
1714650248260, 2024-05-02T11:44:08.260Z, 543.6118744000001, 225.697545
1714650248271, 2024-05-02T11:44:08.271Z, 524.0550569999999, 232.54555019999998
1714650248291, 2024-05-02T11:44:08.291Z, 570.4254734, 216.7244366
1714650248305, 2024-05-02T11:44:08.305Z, 603.6139528, 206.46000659999999
1714650248317, 2024-05-02T11:44:08.317Z, 550.0389516, 218.6979906
1714650248351, 2024-05-02T11:44:08.351Z, 447.6113924, 245.22860419999998
1714650248362, 2024-05-02T11:44:08.362Z, 379.2470182, 262.2567334
1714650248386, 2024-05-02T11:44:08.386Z, 308.58137939999995, 273.7651508
1714650248399, 2024-05-02T11:44:08.399Z, 241.3540994, 286.73574360000003
1714650248408, 2024-05-02T11:44:08.408Z, 168.1845914, 307.64273260000004
1714650248425, 2024-05-02T11:44:08.425Z, 201.910101, 289.3049036
1714650248440, 2024-05-02T11:44:08.440Z, 240.31079140000003, 271.67454779999997
1714650248455, 2024-05-02T11:44:08.455Z, 221.6906664, 284.2262334
1714650248471, 2024-05-02T11:44:08.471Z, 231.41560059999998, 288.20698100000004
1714650248498, 2024-05-02T11:44:08.498Z, 240.4234758, 294.1053034
1714650248516, 2024-05-02T11:44:08.516Z, 232.73731959999995, 309.90330720000003
1714650248530, 2024-05-02T11:44:08.530Z, 218.28822060000002, 327.02962260000004
1714650248542, 2024-05-02T11:44:08.542Z, 205.7700372, 340.42956999999996
1714650248561, 2024-05-02T11:44:08.561Z, 205.2793318, 336.3662488
1714650248575, 2024-05-02T11:44:08.575Z, 248.69219519999996, 308.83609579999995
1714650248586, 2024-05-02T11:44:08.586Z, 259.3038824, 296.6307334
1714650248605, 2024-05-02T11:44:08.605Z, 288.2585806, 278.6468194
1714650248620, 2024-05-02T11:44:08.620Z, 325.75896180000007, 257.25960560000004
1714650248652, 2024-05-02T11:44:08.652Z, 332.9042412, 258.9062798
1714650248696, 2024-05-02T11:44:08.696Z, 370.2997214, 274.7975596
1714650248711, 2024-05-02T11:44:08.711Z, 409.65684780000004, 290.002042
1714650248722, 2024-05-02T11:44:08.722Z, 429.16896940000004, 305.32827480000003
1714650248740, 2024-05-02T11:44:08.740Z, 452.3969862, 303.0569828
1714650248755, 2024-05-02T11:44:08.755Z, 448.29645760000005, 307.5204076
1714650248768, 2024-05-02T11:44:08.768Z, 394.51256739999997, 304.8210316
1714650248802, 2024-05-02T11:44:08.802Z, 323.7737642, 314.6762672
1714650248815, 2024-05-02T11:44:08.815Z, 265.0507528, 325.8004512
1714650248830, 2024-05-02T11:44:08.830Z, 219.9223704, 353.2115614
1714650248846, 2024-05-02T11:44:08.846Z, 213.5153358, 373.8705458
1714650248861, 2024-05-02T11:44:08.861Z, 197.1619908, 397.9177726
1714650248876, 2024-05-02T11:44:08.876Z, 270.95057340000005, 398.3619104
1714650248892, 2024-05-02T11:44:08.892Z, 333.4079994, 401.08971979999995
1714650248911, 2024-05-02T11:44:08.911Z, 364.9713842, 406.8406758
1714650248924, 2024-05-02T11:44:08.924Z, 357.64567900000003, 416.55673079999997
1714650248981, 2024-05-02T11:44:08.981Z, 436.6006176000001, 406.4461648
1714650248991, 2024-05-02T11:44:08.991Z, 448.3970492, 403.4937874
1714650249010, 2024-05-02T11:44:09.010Z, 441.2978916, 403.4078204
1714650249417, 2024-05-02T11:44:09.417Z, 688.0550724, 380.043025
1714650249434, 2024-05-02T11:44:09.434Z, 951.475651, 358.4371608
1714650249450, 2024-05-02T11:44:09.450Z, 1144.9820958, 354.64232400000003
1714650249482, 2024-05-02T11:44:09.482Z, 1338.3581672, 350.638173
1714650249497, 2024-05-02T11:44:09.497Z, 1562.645258, 341.122912
1714650249513, 2024-05-02T11:44:09.513Z, 1550.4313092, 351.3487244
1714650249528, 2024-05-02T11:44:09.528Z, 1550.7232432, 351.96542839999995
1714650249569, 2024-05-02T11:44:09.569Z, 1560.942122, 346.2776312
1714650249583, 2024-05-02T11:44:09.583Z, 1569.5543140000002, 341.6256834
1714650249597, 2024-05-02T11:44:09.597Z, 1582.6965056000001, 333.1004814
1714650249612, 2024-05-02T11:44:09.612Z, 1598.3662364, 317.3711906
1714650249624, 2024-05-02T11:44:09.624Z, 1611.6718541999999, 302.50850920000005
1714650249652, 2024-05-02T11:44:09.652Z, 1620.6177552, 289.17083
1714650249667, 2024-05-02T11:44:09.667Z, 1630.4115109999998, 275.1329434
1714650249683, 2024-05-02T11:44:09.683Z, 1635.4607727999999, 262.7371364
1714650249706, 2024-05-02T11:44:09.706Z, 1637.5657434, 259.0542211999999
1714650249717, 2024-05-02T11:44:09.717Z, 1638.396104, 255.86899120000004
1714650249733, 2024-05-02T11:44:09.733Z, 1638.8650006, 254.26022940000001
1714650249749, 2024-05-02T11:44:09.749Z, 1641.5661947999997, 251.20446660000002
1714650249761, 2024-05-02T11:44:09.761Z, 1649.0150706, 244.53750960000002
1714650249793, 2024-05-02T11:44:09.793Z, 1651.634278, 245.09138700000003
1714650249808, 2024-05-02T11:44:09.808Z, 1654.3897389999997, 245.56059220000003
1714650249824, 2024-05-02T11:44:09.824Z, 1653.5315474, 247.1629914
1714650249853, 2024-05-02T11:44:09.853Z, 1649.8244726, 249.8710122
1714650249868, 2024-05-02T11:44:09.868Z, 1641.4476774000002, 257.5361654
1714650249884, 2024-05-02T11:44:09.884Z, 1635.912253, 258.971968
1714650249896, 2024-05-02T11:44:09.896Z, 1631.1823642000002, 259.504006
1714650249914, 2024-05-02T11:44:09.914Z, 1630.9833090000002, 254.68228740000004
1714650249931, 2024-05-02T11:44:09.931Z, 1632.3544792, 249.04761480000002
1714650249949, 2024-05-02T11:44:09.949Z, 1633.6535898, 243.965607
1714650249966, 2024-05-02T11:44:09.966Z, 1639.6377622, 231.89115759999999
1714650249982, 2024-05-02T11:44:09.982Z, 1644.8882386, 221.737632
1714650250006, 2024-05-02T11:44:10.006Z, 1644.4141758, 215.0151468
1714650250029, 2024-05-02T11:44:10.029Z, 1643.7674084000002, 209.25924260000002
1714650250044, 2024-05-02T11:44:10.044Z, 1642.1333232000002, 205.4278296
1714650250061, 2024-05-02T11:44:10.061Z, 1636.0289536, 206.7458644
1714650250076, 2024-05-02T11:44:10.076Z, 1628.844326, 207.4699866
1714650250092, 2024-05-02T11:44:10.092Z, 1624.4049599999998, 210.97187939999998
1714650250107, 2024-05-02T11:44:10.107Z, 1619.2965743999998, 218.12469719999999
1714650250123, 2024-05-02T11:44:10.123Z, 1611.6293604, 222.91370159999997
1714650250153, 2024-05-02T11:44:10.153Z, 1575.067226, 229.03897320000002
1714650250169, 2024-05-02T11:44:10.169Z, 1521.7572347999999, 240.6232686
1714650250185, 2024-05-02T11:44:10.185Z, 1454.9723414, 248.18763199999998
1714650250200, 2024-05-02T11:44:10.200Z, 1385.2668058, 251.95611059999996
1714650250216, 2024-05-02T11:44:10.216Z, 1317.3114548, 257.0168078
1714650250231, 2024-05-02T11:44:10.231Z, 1277.011499, 259.88867039999997
1714650250246, 2024-05-02T11:44:10.246Z, 1254.085989, 257.94629079999993
1714650250262, 2024-05-02T11:44:10.262Z, 1244.026755, 256.86458980000003
1714650250277, 2024-05-02T11:44:10.277Z, 1238.5689112, 256.14112259999996
1714650250300, 2024-05-02T11:44:10.300Z, 1233.6526582, 256.043274
1714650250317, 2024-05-02T11:44:10.317Z, 1231.3672208, 255.75798559999998
1714650250332, 2024-05-02T11:44:10.332Z, 1228.526658, 254.79780220000004
1714650250344, 2024-05-02T11:44:10.344Z, 1225.6650782000002, 257.1378512
1714650250362, 2024-05-02T11:44:10.362Z, 1215.64145, 264.437858
1714650250377, 2024-05-02T11:44:10.377Z, 1194.9837272, 282.306412
1714650250389, 2024-05-02T11:44:10.389Z, 1175.6848484, 299.3848716
1714650250411, 2024-05-02T11:44:10.411Z, 1156.9264769999997, 317.84886259999996
1714650250433, 2024-05-02T11:44:10.433Z, 1139.5263853999998, 337.1349136
1714650250452, 2024-05-02T11:44:10.452Z, 1127.9738757999999, 351.705547
1714650250466, 2024-05-02T11:44:10.466Z, 1129.0544919999998, 354.98065260000004
1714650250479, 2024-05-02T11:44:10.479Z, 1130.3892587999999, 359.8083362
1714650250496, 2024-05-02T11:44:10.496Z, 1132.0884484, 364.2419948
1714650250511, 2024-05-02T11:44:10.511Z, 1135.4209165999998, 364.8175752
1714650250526, 2024-05-02T11:44:10.526Z, 1137.933666, 365.833943
1714650250541, 2024-05-02T11:44:10.541Z, 1137.8510987999998, 367.03109919999997
1714650250556, 2024-05-02T11:44:10.556Z, 1134.6875322, 368.53696579999996
1714650250572, 2024-05-02T11:44:10.572Z, 1132.1764616, 368.534109
1714650250602, 2024-05-02T11:44:10.602Z, 1129.523084, 366.1377228
1714650250612, 2024-05-02T11:44:10.612Z, 1128.0389934, 361.9130888
1714650250651, 2024-05-02T11:44:10.651Z, 1130.0434768, 355.9850786
1714650250667, 2024-05-02T11:44:10.667Z, 1134.2287968, 347.77723000000003
1714650250683, 2024-05-02T11:44:10.683Z, 1137.7758898, 340.93814439999994
1714650250698, 2024-05-02T11:44:10.698Z, 1141.401401, 335.4473008
1714650250714, 2024-05-02T11:44:10.714Z, 1144.304601, 331.50664820000003
1714650250729, 2024-05-02T11:44:10.729Z, 1147.7636232, 327.78235920000003
1714650250749, 2024-05-02T11:44:10.749Z, 1159.1361948, 326.31899580000004
1714650250771, 2024-05-02T11:44:10.771Z, 1172.9958267999998, 321.3907154
1714650250790, 2024-05-02T11:44:10.790Z, 1190.3001628, 316.134501
1714650250805, 2024-05-02T11:44:10.805Z, 1209.3126012, 309.89174779999996
1714650250820, 2024-05-02T11:44:10.820Z, 1230.4299338, 304.586642
1714650250836, 2024-05-02T11:44:10.836Z, 1242.9106122, 299.20086919999994
1714650250852, 2024-05-02T11:44:10.852Z, 1253.3847446, 296.3674086
1714650250868, 2024-05-02T11:44:10.868Z, 1259.2996244, 297.734364
1714650250884, 2024-05-02T11:44:10.884Z, 1263.6000523999999, 299.2937868
1714650250908, 2024-05-02T11:44:10.908Z, 1263.0468008, 301.6875776
1714650250921, 2024-05-02T11:44:10.921Z, 1264.0974798, 303.61818359999995
1714650250931, 2024-05-02T11:44:10.931Z, 1266.3445856, 306.2265568
1714650250949, 2024-05-02T11:44:10.949Z, 1270.5843410000002, 307.0805208
1714650250963, 2024-05-02T11:44:10.963Z, 1279.6007988, 307.7467972
1714650250978, 2024-05-02T11:44:10.978Z, 1293.3664272, 309.4261172
1714650250996, 2024-05-02T11:44:10.996Z, 1306.111445, 310.79269999999997
1714650251025, 2024-05-02T11:44:11.025Z, 1317.5213608, 311.6273638
1714650251054, 2024-05-02T11:44:11.054Z, 1330.5995533999999, 313.90035639999996
1714650251066, 2024-05-02T11:44:11.066Z, 1338.3079776, 316.5090674
1714650251083, 2024-05-02T11:44:11.083Z, 1341.3321136, 318.8270638
1714650251098, 2024-05-02T11:44:11.098Z, 1343.8758736, 322.15939719999994
1714650251113, 2024-05-02T11:44:11.113Z, 1346.7916454, 325.632111
1714650251132, 2024-05-02T11:44:11.132Z, 1348.1603856000002, 325.8660476
1714650251148, 2024-05-02T11:44:11.148Z, 1349.2568092, 326.4577478
1714650251163, 2024-05-02T11:44:11.163Z, 1350.9251855999998, 324.9866842
1714650251179, 2024-05-02T11:44:11.179Z, 1352.9106361999998, 322.3504828
1714650251201, 2024-05-02T11:44:11.201Z, 1353.4069650000001, 319.92773700000004
1714650251218, 2024-05-02T11:44:11.218Z, 1352.038221, 318.66092519999995
1714650251233, 2024-05-02T11:44:11.233Z, 1350.894521, 315.8987124
1714650251245, 2024-05-02T11:44:11.245Z, 1349.5714392000002, 313.36073500000003
1714650251262, 2024-05-02T11:44:11.262Z, 1348.4235604, 311.15344300000004
1714650251281, 2024-05-02T11:44:11.281Z, 1348.2585722, 308.800042
1714650251294, 2024-05-02T11:44:11.294Z, 1348.912742, 306.69738859999995
1714650251310, 2024-05-02T11:44:11.310Z, 1350.0944921999999, 306.1631168
1714650251323, 2024-05-02T11:44:11.323Z, 1351.4820024, 305.9697672
1714650251354, 2024-05-02T11:44:11.354Z, 1353.1439409999998, 306.2394894
1714650251366, 2024-05-02T11:44:11.366Z, 1353.7961808, 310.176859
1714650251382, 2024-05-02T11:44:11.382Z, 1352.9386137999998, 315.87661879999996
1714650251397, 2024-05-02T11:44:11.397Z, 1352.4492538, 321.97703920000004
1714650251413, 2024-05-02T11:44:11.413Z, 1351.3828159999998, 327.8896878
1714650251429, 2024-05-02T11:44:11.429Z, 1356.2298398, 331.9659782
1714650251444, 2024-05-02T11:44:11.444Z, 1374.2473228000001, 333.1169766
1714650251460, 2024-05-02T11:44:11.460Z, 1401.7978532000002, 333.110921
1714650251475, 2024-05-02T11:44:11.475Z, 1433.829719, 332.832873
1714650251503, 2024-05-02T11:44:11.503Z, 1489.7056538, 334.48225019999995
1714650251514, 2024-05-02T11:44:11.514Z, 1538.0919706, 338.55017680000003
1714650251533, 2024-05-02T11:44:11.533Z, 1574.2826438, 342.24381520000003
1714650251548, 2024-05-02T11:44:11.548Z, 1602.2957394, 345.3691592
1714650251559, 2024-05-02T11:44:11.559Z, 1626.5948898, 347.641676
1714650251578, 2024-05-02T11:44:11.578Z, 1626.6088204000002, 348.795487
1714650251592, 2024-05-02T11:44:11.592Z, 1636.1888979999999, 341.10862579999997
1714650251608, 2024-05-02T11:44:11.608Z, 1644.6259598000001, 334.27213599999993
1714650251623, 2024-05-02T11:44:11.623Z, 1651.6453218, 328.60395659999995
1714650251654, 2024-05-02T11:44:11.654Z, 1654.520588, 338.0220508
1714650251668, 2024-05-02T11:44:11.668Z, 1657.8551759999998, 344.5876538
1714650251682, 2024-05-02T11:44:11.682Z, 1652.893039, 358.9838724
1714650251694, 2024-05-02T11:44:11.694Z, 1649.9940958, 368.9808306
1714650251717, 2024-05-02T11:44:11.717Z, 1647.899002, 379.608357
1714650251729, 2024-05-02T11:44:11.729Z, 1652.2621388, 369.17058940000004
1714650251739, 2024-05-02T11:44:11.739Z, 1659.208152, 356.48383780000006
1714650251757, 2024-05-02T11:44:11.757Z, 1666.8767688, 340.6723602
1714650251773, 2024-05-02T11:44:11.773Z, 1670.5956427999997, 327.2538063999999
1714650251816, 2024-05-02T11:44:11.816Z, 1669.3899731999998, 309.70871619999997
1714650251832, 2024-05-02T11:44:11.832Z, 1646.0437628, 300.051683
1714650251851, 2024-05-02T11:44:11.851Z, 1604.0392826, 296.22653579999997
1714650251863, 2024-05-02T11:44:11.863Z, 1562.4367702000002, 294.848938
1714650251879, 2024-05-02T11:44:11.879Z, 1522.9084090000001, 292.6096714
1714650251894, 2024-05-02T11:44:11.894Z, 1488.1006388, 293.6904864
1714650251910, 2024-05-02T11:44:11.910Z, 1471.6195771999999, 294.164709
1714650251926, 2024-05-02T11:44:11.926Z, 1469.9431414, 296.3332254
1714650251953, 2024-05-02T11:44:11.953Z, 1466.3737534, 300.4994028
1714650251964, 2024-05-02T11:44:11.964Z, 1463.1161392, 308.6481984
1714650251982, 2024-05-02T11:44:11.982Z, 1460.306128, 317.96458620000004
1714650251997, 2024-05-02T11:44:11.997Z, 1460.7726632, 323.3154214
1714650252013, 2024-05-02T11:44:12.013Z, 1462.866417, 326.09011879999997
1714650252035, 2024-05-02T11:44:12.035Z, 1465.3450342, 327.5290384
1714650252051, 2024-05-02T11:44:12.051Z, 1471.9991456, 319.166179
1714650252067, 2024-05-02T11:44:12.067Z, 1478.8970566, 308.8337246
1714650252082, 2024-05-02T11:44:12.082Z, 1481.9645924000001, 304.7431688
1714650252101, 2024-05-02T11:44:12.101Z, 1484.7785398, 300.49360720000004
1714650252118, 2024-05-02T11:44:12.118Z, 1488.2944958, 290.68844260000003
1714650252133, 2024-05-02T11:44:12.133Z, 1487.826987, 289.81580640000004
1714650252145, 2024-05-02T11:44:12.145Z, 1485.0821609999998, 289.4516666
1714650252163, 2024-05-02T11:44:12.163Z, 1481.2268153999999, 288.0748546
1714650252178, 2024-05-02T11:44:12.178Z, 1476.3955918, 282.2754402
1714650252191, 2024-05-02T11:44:12.191Z, 1469.930366, 282.6711798
1714650252208, 2024-05-02T11:44:12.208Z, 1462.9980492, 283.5414402
1714650252223, 2024-05-02T11:44:12.223Z, 1458.2921726, 283.9564902
1714650252253, 2024-05-02T11:44:12.253Z, 1453.29177, 285.74415740000006
1714650252269, 2024-05-02T11:44:12.269Z, 1449.1791276, 292.05342840000003
1714650252285, 2024-05-02T11:44:12.285Z, 1445.4718990000001, 298.19340120000004
1714650252317, 2024-05-02T11:44:12.317Z, 1441.8357676, 301.886345
1714650252332, 2024-05-02T11:44:12.332Z, 1433.8193762, 301.60543700000005
1714650252363, 2024-05-02T11:44:12.363Z, 1424.672579, 300.52628020000003
1714650252378, 2024-05-02T11:44:12.378Z, 1415.2603184, 299.570478
1714650252402, 2024-05-02T11:44:12.402Z, 1404.6371672, 299.24654260000005
1714650252412, 2024-05-02T11:44:12.412Z, 1394.1043664, 295.6610054
1714650252431, 2024-05-02T11:44:12.431Z, 1384.1502238, 300.9926342
1714650252448, 2024-05-02T11:44:12.448Z, 1379.3408541999997, 302.40336820000005
1714650252457, 2024-05-02T11:44:12.457Z, 1372.4719811999998, 304.9442912
1714650252476, 2024-05-02T11:44:12.476Z, 1361.7045182000002, 311.8660928
1714650252491, 2024-05-02T11:44:12.491Z, 1354.8883839999999, 317.71234080000005
1714650252502, 2024-05-02T11:44:12.502Z, 1353.4105029999998, 316.6193736
1714650252521, 2024-05-02T11:44:12.521Z, 1353.5815298, 313.546063
1714650252550, 2024-05-02T11:44:12.550Z, 1355.3030644, 312.5808758
1714650252566, 2024-05-02T11:44:12.566Z, 1364.8066416, 306.4498084
1714650252581, 2024-05-02T11:44:12.581Z, 1375.137958, 298.9416338
1714650252595, 2024-05-02T11:44:12.595Z, 1385.8758578000002, 290.11516040000004
1714650252611, 2024-05-02T11:44:12.611Z, 1392.4944541999998, 286.1954124
1714650252627, 2024-05-02T11:44:12.627Z, 1402.6813658, 276.6528164
1714650252643, 2024-05-02T11:44:12.643Z, 1417.5611866000002, 274.4682118
1714650252659, 2024-05-02T11:44:12.659Z, 1428.709174, 277.6671814
1714650252674, 2024-05-02T11:44:12.674Z, 1438.3963312, 284.12606700000003
1714650252702, 2024-05-02T11:44:12.702Z, 1450.2575389999997, 285.3630376
1714650252716, 2024-05-02T11:44:12.716Z, 1459.3936560000002, 287.9885652
1714650252728, 2024-05-02T11:44:12.728Z, 1462.7809152, 285.78589739999995
1714650252746, 2024-05-02T11:44:12.746Z, 1464.5129458, 282.1956502
1714650252761, 2024-05-02T11:44:12.761Z, 1465.2593588, 277.4987182
1714650252773, 2024-05-02T11:44:12.773Z, 1465.3532916, 278.242448
1714650252791, 2024-05-02T11:44:12.791Z, 1466.3627646, 284.02682560000005
1714650252806, 2024-05-02T11:44:12.806Z, 1465.8529534, 286.2351548
1714650252818, 2024-05-02T11:44:12.818Z, 1465.3356523999998, 290.17194920000003
1714650252852, 2024-05-02T11:44:12.852Z, 1459.1238382, 297.527152
1714650252863, 2024-05-02T11:44:12.863Z, 1453.1218519999998, 305.17347759999996
1714650252884, 2024-05-02T11:44:12.884Z, 1421.1742707999997, 321.443868
1714650252896, 2024-05-02T11:44:12.896Z, 1386.0629868, 342.50810820000004
1714650252908, 2024-05-02T11:44:12.908Z, 1347.1046214000003, 373.10888320000004
1714650252926, 2024-05-02T11:44:12.926Z, 1316.984292, 396.31216800000004
1714650252941, 2024-05-02T11:44:12.941Z, 1286.5137616, 418.34379340000004
1714650252954, 2024-05-02T11:44:12.954Z, 1280.0977685999999, 430.2492679999999
1714650252972, 2024-05-02T11:44:12.972Z, 1274.9776316000002, 444.26331059999995
1714650252999, 2024-05-02T11:44:12.999Z, 1277.1304133999997, 449.31936320000005
1714650253016, 2024-05-02T11:44:13.016Z, 1276.5053263999998, 458.3634416
1714650253032, 2024-05-02T11:44:13.032Z, 1274.2795, 466.8978028
1714650253048, 2024-05-02T11:44:13.048Z, 1272.694602, 476.2026524
1714650253063, 2024-05-02T11:44:13.063Z, 1271.4146515999998, 479.9038214
1714650253079, 2024-05-02T11:44:13.079Z, 1262.9389658, 482.6907096
1714650253095, 2024-05-02T11:44:13.095Z, 1253.0671444, 486.6193824
1714650253110, 2024-05-02T11:44:13.110Z, 1238.5426662, 487.00688099999996
1714650253125, 2024-05-02T11:44:13.125Z, 1226.4973026, 484.20778440000004
1714650253152, 2024-05-02T11:44:13.152Z, 1202.3910232, 482.5383342
1714650253165, 2024-05-02T11:44:13.165Z, 1182.7124024, 477.46325820000004
1714650253177, 2024-05-02T11:44:13.177Z, 1165.2145667999998, 473.5874400000001
1714650253210, 2024-05-02T11:44:13.210Z, 1150.0192048000001, 477.1204238
1714650253222, 2024-05-02T11:44:13.222Z, 1132.9566756, 479.662104
1714650253241, 2024-05-02T11:44:13.241Z, 1132.9888542, 473.32850840000003
1714650253255, 2024-05-02T11:44:13.255Z, 1135.0649938, 470.8364564
1714650253267, 2024-05-02T11:44:13.267Z, 1136.9034936, 466.8804588
1714650253302, 2024-05-02T11:44:13.302Z, 1148.3233446, 455.6998216
1714650253313, 2024-05-02T11:44:13.313Z, 1171.7344077999999, 439.1989538000001
1714650253332, 2024-05-02T11:44:13.332Z, 1194.795066, 429.2593946
1714650253347, 2024-05-02T11:44:13.347Z, 1217.5575088, 419.66589480000005
1714650253361, 2024-05-02T11:44:13.361Z, 1236.4305647999997, 415.16723579999996
1714650253378, 2024-05-02T11:44:13.378Z, 1249.844702, 412.6906102
1714650253392, 2024-05-02T11:44:13.392Z, 1251.695752, 415.531665
1714650253407, 2024-05-02T11:44:13.407Z, 1250.6638532, 419.215931
1714650253423, 2024-05-02T11:44:13.423Z, 1247.7023628, 423.9398233999999
1714650253449, 2024-05-02T11:44:13.449Z, 1247.3813032, 424.74107380000004
1714650253467, 2024-05-02T11:44:13.467Z, 1246.0005317999999, 427.5369801999999
1714650253481, 2024-05-02T11:44:13.481Z, 1243.9925314, 431.03824139999995
1714650253501, 2024-05-02T11:44:13.501Z, 1243.2528782000002, 439.040302
1714650253517, 2024-05-02T11:44:13.517Z, 1242.6196992, 444.03081579999997
1714650253532, 2024-05-02T11:44:13.532Z, 1246.2985296, 449.07550840000005
1714650253548, 2024-05-02T11:44:13.548Z, 1256.4755736000002, 453.4167202
1714650253564, 2024-05-02T11:44:13.564Z, 1266.6405915999999, 456.6764164
1714650253580, 2024-05-02T11:44:13.580Z, 1273.7177258, 455.4645588
1714650253616, 2024-05-02T11:44:13.616Z, 1281.7441002, 459.1731442
1714650253627, 2024-05-02T11:44:13.627Z, 1286.1131072, 464.86711779999996
1714650253652, 2024-05-02T11:44:13.652Z, 1285.8354649999999, 473.10857860000004
1714650253662, 2024-05-02T11:44:13.662Z, 1284.6618146, 482.7313232
1714650253672, 2024-05-02T11:44:13.672Z, 1285.3542936, 492.13078700000005
1714650253692, 2024-05-02T11:44:13.692Z, 1286.3778717999999, 497.6381112
1714650253706, 2024-05-02T11:44:13.706Z, 1284.5514392, 498.8126618
1714650253723, 2024-05-02T11:44:13.723Z, 1277.0827278000002, 495.1149818
1714650253752, 2024-05-02T11:44:13.752Z, 1257.3942377999997, 491.058946
1714650253765, 2024-05-02T11:44:13.765Z, 1236.7688996000002, 486.0522344
1714650253797, 2024-05-02T11:44:13.797Z, 1200.8436752000002, 481.0161048
1714650253813, 2024-05-02T11:44:13.813Z, 1165.8976820000003, 478.61356420000004
1714650253829, 2024-05-02T11:44:13.829Z, 1136.6632042, 482.350807
1714650253845, 2024-05-02T11:44:13.845Z, 1120.323984, 486.82466000000005
1714650253861, 2024-05-02T11:44:13.861Z, 1104.5673092000002, 491.0369444
1714650253876, 2024-05-02T11:44:13.876Z, 1102.396972, 496.06928239999996
1714650253899, 2024-05-02T11:44:13.899Z, 1095.5509364, 492.7951795999999
1714650253915, 2024-05-02T11:44:13.915Z, 1088.7098508000001, 487.0948042
1714650253976, 2024-05-02T11:44:13.976Z, 999.5115064000001, 453.09780200000006
1714650254020, 2024-05-02T11:44:14.020Z, 894.6485607999999, 419.5984852
1714650254111, 2024-05-02T11:44:14.111Z, 690.5920122, 371.2080884
1714650254124, 2024-05-02T11:44:14.124Z, 479.14756960000005, 328.9135384
1714650254296, 2024-05-02T11:44:14.296Z, 265.95217560000003, 286.1110264
1714650254311, 2024-05-02T11:44:14.311Z, 149.72643599999998, 277.9437302
1714650254327, 2024-05-02T11:44:14.327Z, 69.3979574, 275.9044884
1714650254368, 2024-05-02T11:44:14.368Z, 84.55407840000001, 291.498608
1714650254382, 2024-05-02T11:44:14.382Z, 118.33967419999999, 313.1323058
1714650254393, 2024-05-02T11:44:14.393Z, 159.4574102, 340.13479479999995
1714650254412, 2024-05-02T11:44:14.412Z, 191.78356520000003, 363.5651644
1714650254427, 2024-05-02T11:44:14.427Z, 215.658162, 378.8357072
1714650254437, 2024-05-02T11:44:14.437Z, 241.42263140000006, 390.9587654
1714650254456, 2024-05-02T11:44:14.456Z, 263.90204839999996, 391.7170694
1714650254473, 2024-05-02T11:44:14.473Z, 276.8467098, 384.72767460000006
1714650254501, 2024-05-02T11:44:14.501Z, 287.07506079999996, 371.9132916
1714650254515, 2024-05-02T11:44:14.515Z, 286.4749556, 361.1586742
1714650254529, 2024-05-02T11:44:14.529Z, 287.38082899999995, 352.34999559999994
1714650254545, 2024-05-02T11:44:14.545Z, 316.54070319999994, 346.9381522
1714650254560, 2024-05-02T11:44:14.560Z, 410.85117460000004, 356.95408219999996
1714650254592, 2024-05-02T11:44:14.592Z, 512.1597498, 371.3127384
1714650254608, 2024-05-02T11:44:14.608Z, 614.385534, 387.5105326
1714650254664, 2024-05-02T11:44:14.664Z, 776.9523776, 421.32096579999995
1714650254684, 2024-05-02T11:44:14.684Z, 910.9321706000001, 458.2918836
1714650254696, 2024-05-02T11:44:14.696Z, 988.9861540000002, 485.0825514
1714650254708, 2024-05-02T11:44:14.708Z, 1056.9283499999997, 509.5037166
1714650254729, 2024-05-02T11:44:14.729Z, 1123.3501597999998, 533.8306374
1714650254745, 2024-05-02T11:44:14.745Z, 1131.5665596, 538.4620326
1714650254755, 2024-05-02T11:44:14.755Z, 1139.122589, 540.7541444
1714650254771, 2024-05-02T11:44:14.771Z, 1133.5784153999998, 535.7733718
1714650254800, 2024-05-02T11:44:14.800Z, 1125.0198478, 529.9272152000001
1714650254819, 2024-05-02T11:44:14.819Z, 1117.0657637999998, 517.2358494000001
1714650254837, 2024-05-02T11:44:14.837Z, 1107.2754009999999, 501.09478780000006
1714650254845, 2024-05-02T11:44:14.845Z, 1096.5784284, 486.55815440000003
1714650254862, 2024-05-02T11:44:14.862Z, 1091.564861, 473.48823300000004
1714650254877, 2024-05-02T11:44:14.877Z, 1094.4051353999998, 463.0525058
1714650254889, 2024-05-02T11:44:14.889Z, 1095.5573, 458.75291880000003
1714650254907, 2024-05-02T11:44:14.907Z, 1098.2664198, 458.2388062
1714650254922, 2024-05-02T11:44:14.922Z, 1101.5607638000001, 458.06774640000003
1714650254953, 2024-05-02T11:44:14.953Z, 1102.7435398000002, 458.3952174
1714650254967, 2024-05-02T11:44:14.967Z, 1102.8924430000002, 457.86209840000004
1714650254984, 2024-05-02T11:44:14.984Z, 1104.7635334000001, 457.7460328000001
1714650254998, 2024-05-02T11:44:14.998Z, 1102.2308244, 461.8169986
1714650255014, 2024-05-02T11:44:15.014Z, 1099.5498338000002, 465.5537326
1714650255030, 2024-05-02T11:44:15.030Z, 1100.7062864000002, 470.7138444
1714650255045, 2024-05-02T11:44:15.045Z, 1099.0215192, 475.4542612
1714650255061, 2024-05-02T11:44:15.061Z, 1100.7420636000002, 476.57695739999997
1714650255076, 2024-05-02T11:44:15.076Z, 1105.2365766, 474.85729840000005
1714650255110, 2024-05-02T11:44:15.110Z, 1110.9441668, 472.6318858000001
1714650255124, 2024-05-02T11:44:15.124Z, 1114.1510284, 470.5900222
1714650255140, 2024-05-02T11:44:15.140Z, 1108.974299, 467.728867
1714650255155, 2024-05-02T11:44:15.155Z, 1099.1502616, 468.18945539999993
1714650255171, 2024-05-02T11:44:15.171Z, 1088.433645, 468.43882160000004
1714650255186, 2024-05-02T11:44:15.186Z, 1073.9120902, 468.7469952
1714650255202, 2024-05-02T11:44:15.202Z, 1060.3860909999999, 468.8030294
1714650255217, 2024-05-02T11:44:15.217Z, 1055.2039419999999, 468.9548032000001
1714650255232, 2024-05-02T11:44:15.232Z, 1052.8572716, 468.0094016
1714650255295, 2024-05-02T11:44:15.295Z, 1056.2834659999999, 466.6006268
1714650255312, 2024-05-02T11:44:15.312Z, 1062.324797, 468.41229020000003
1714650255342, 2024-05-02T11:44:15.342Z, 1068.5315436, 469.541172
1714650255362, 2024-05-02T11:44:15.362Z, 1074.6548203999998, 471.069725
1714650255373, 2024-05-02T11:44:15.373Z, 1081.1401492, 474.02187100000003
1714650255402, 2024-05-02T11:44:15.402Z, 1085.7275868000002, 473.6892068
1714650255416, 2024-05-02T11:44:15.416Z, 1091.561158, 466.9842506
1714650255428, 2024-05-02T11:44:15.428Z, 1097.0373889999998, 459.7797482
1714650255446, 2024-05-02T11:44:15.446Z, 1101.4491736, 457.8565458
1714650255461, 2024-05-02T11:44:15.461Z, 1104.0856939999999, 456.9552756
1714650255473, 2024-05-02T11:44:15.473Z, 1108.8268472, 461.39980180000003
1714650255491, 2024-05-02T11:44:15.491Z, 1113.6594072, 468.70323399999995
1714650255506, 2024-05-02T11:44:15.506Z, 1115.9834788, 472.426837
1714650255531, 2024-05-02T11:44:15.531Z, 1121.4177502, 472.79319180000005
1714650255552, 2024-05-02T11:44:15.552Z, 1126.1580366, 466.52161480000007
1714650255563, 2024-05-02T11:44:15.563Z, 1128.8066824000002, 459.10964359999997
1714650255594, 2024-05-02T11:44:15.594Z, 1133.6987622000001, 452.7701704
1714650255610, 2024-05-02T11:44:15.610Z, 1141.6437172, 448.7322574
1714650255627, 2024-05-02T11:44:15.627Z, 1146.4696144000002, 442.11919679999994
1714650255642, 2024-05-02T11:44:15.642Z, 1153.1686838, 441.7510378
1714650255655, 2024-05-02T11:44:15.655Z, 1161.8094064000002, 443.1581684000001
1714650255699, 2024-05-02T11:44:15.699Z, 1169.2235594, 445.9954718
1714650255732, 2024-05-02T11:44:15.732Z, 1177.5500866, 445.7305822
1714650255743, 2024-05-02T11:44:15.743Z, 1190.9758526, 450.6259078
1714650255777, 2024-05-02T11:44:15.777Z, 1204.0066992, 451.938581
1714650255788, 2024-05-02T11:44:15.788Z, 1218.3571818, 461.10165539999997
1714650255816, 2024-05-02T11:44:15.816Z, 1229.2290091999998, 462.534284
1714650255827, 2024-05-02T11:44:15.827Z, 1239.8236916, 470.43570740000007
1714650255855, 2024-05-02T11:44:15.855Z, 1245.5114182000002, 472.96073099999995
1714650255867, 2024-05-02T11:44:15.867Z, 1246.7787702, 475.5953484
1714650255877, 2024-05-02T11:44:15.877Z, 1245.2817362, 468.8667166
1714650255897, 2024-05-02T11:44:15.897Z, 1246.5029762, 468.62628800000005
1714650255912, 2024-05-02T11:44:15.912Z, 1249.98233, 464.5849392
1714650255922, 2024-05-02T11:44:15.922Z, 1259.8283233999998, 457.42331320000005
1714650255957, 2024-05-02T11:44:15.957Z, 1281.5701821999999, 457.4049306
1714650255968, 2024-05-02T11:44:15.968Z, 1300.047016, 453.3855542
1714650256002, 2024-05-02T11:44:16.002Z, 1320.6977616, 449.7389432
1714650256013, 2024-05-02T11:44:16.013Z, 1336.2289322000001, 446.11058540000005
1714650256032, 2024-05-02T11:44:16.032Z, 1344.6723802000001, 449.3408816
1714650256047, 2024-05-02T11:44:16.047Z, 1347.9337916, 457.1715548
1714650256064, 2024-05-02T11:44:16.064Z, 1350.1286568, 467.51585639999996
1714650256077, 2024-05-02T11:44:16.077Z, 1349.1987347999998, 478.36853099999996
1714650256092, 2024-05-02T11:44:16.092Z, 1352.2784358000001, 492.6400424
1714650256107, 2024-05-02T11:44:16.107Z, 1356.4503582, 503.48499400000003
1714650256123, 2024-05-02T11:44:16.123Z, 1355.171691, 504.7603894
1714650256150, 2024-05-02T11:44:16.150Z, 1354.8224234, 506.3711982
1714650256174, 2024-05-02T11:44:16.174Z, 1350.3715286000001, 507.79708580000005
1714650256190, 2024-05-02T11:44:16.190Z, 1337.8557098, 512.4421150000001
1714650256201, 2024-05-02T11:44:16.201Z, 1319.3787886000002, 522.4662546000001
1714650256216, 2024-05-02T11:44:16.216Z, 1292.2967756, 541.1033674
1714650256231, 2024-05-02T11:44:16.231Z, 1259.958691, 559.8107016000001
1714650256247, 2024-05-02T11:44:16.247Z, 1230.5564778, 578.1892044
1714650256263, 2024-05-02T11:44:16.263Z, 1210.2106346, 593.3484478
1714650256279, 2024-05-02T11:44:16.279Z, 1192.6033756000002, 602.5173338000001
1714650256303, 2024-05-02T11:44:16.303Z, 1182.9071185999996, 606.2408934
1714650256317, 2024-05-02T11:44:16.317Z, 1177.8503144000001, 611.0111224
1714650256347, 2024-05-02T11:44:16.347Z, 1172.6665520000001, 615.0530684
1714650256362, 2024-05-02T11:44:16.362Z, 1164.6073086000001, 620.5761928
1714650256373, 2024-05-02T11:44:16.373Z, 1155.1748896, 632.7695506
1714650256398, 2024-05-02T11:44:16.398Z, 1145.5865669999998, 648.5769456
1714650256413, 2024-05-02T11:44:16.413Z, 1135.6659747999997, 661.5177706000001
1714650256436, 2024-05-02T11:44:16.436Z, 1125.7340736, 675.2980086
1714650256453, 2024-05-02T11:44:16.453Z, 1115.229053, 686.4429442
1714650256467, 2024-05-02T11:44:16.467Z, 1110.645093, 693.1360422
1714650256482, 2024-05-02T11:44:16.482Z, 1108.4369026, 692.4466418
1714650256498, 2024-05-02T11:44:16.498Z, 1106.4834124000001, 687.9197658
1714650256514, 2024-05-02T11:44:16.514Z, 1104.984258, 683.0136854
1714650256535, 2024-05-02T11:44:16.535Z, 1101.8629474000002, 677.2603326
1714650256550, 2024-05-02T11:44:16.550Z, 1099.3735152000002, 672.098397
1714650256561, 2024-05-02T11:44:16.561Z, 1098.5805872, 668.495291
1714650256579, 2024-05-02T11:44:16.579Z, 1103.7840458, 669.3557908
1714650256623, 2024-05-02T11:44:16.623Z, 1114.0732902, 671.2010144
1714650256639, 2024-05-02T11:44:16.639Z, 1136.1148038000001, 676.8984602
1714650256671, 2024-05-02T11:44:16.671Z, 1148.2364126, 677.2945758
1714650256686, 2024-05-02T11:44:16.686Z, 1165.6829884, 678.1579044
1714650256717, 2024-05-02T11:44:16.717Z, 1182.6601122, 679.8626694000001
1714650256733, 2024-05-02T11:44:16.733Z, 1201.0737992, 682.0247068000001
1714650256753, 2024-05-02T11:44:16.753Z, 1200.9031334, 680.8417658000001
1714650256766, 2024-05-02T11:44:16.766Z, 1209.0540882, 683.647926
1714650256796, 2024-05-02T11:44:16.796Z, 1206.8072176, 683.6847336000001
1714650256812, 2024-05-02T11:44:16.812Z, 1204.7381236, 685.4275398000001
1714650256844, 2024-05-02T11:44:16.844Z, 1190.0938556, 681.9397238
1714650256860, 2024-05-02T11:44:16.860Z, 1193.9884528, 681.3308872
1714650256909, 2024-05-02T11:44:16.909Z, 1197.5178819999999, 675.33303
1714650256924, 2024-05-02T11:44:16.924Z, 1212.4327853999998, 670.651443
1714650256940, 2024-05-02T11:44:16.940Z, 1216.9336500000002, 657.9920288000001
1714650256956, 2024-05-02T11:44:16.956Z, 1232.0898262, 659.7914456000001
1714650256972, 2024-05-02T11:44:16.972Z, 1235.1861396, 660.7111458
1714650256988, 2024-05-02T11:44:16.988Z, 1229.0680866, 663.686919
1714650257003, 2024-05-02T11:44:17.003Z, 1220.2025847999998, 669.3859444
1714650257019, 2024-05-02T11:44:17.019Z, 1213.5363757999999, 679.7105292
1714650257034, 2024-05-02T11:44:17.034Z, 1199.6340344, 678.1744506
1714650257056, 2024-05-02T11:44:17.056Z, 1163.7312054, 663.944654
1714650257070, 2024-05-02T11:44:17.070Z, 1137.41131, 652.4568772
1714650257083, 2024-05-02T11:44:17.083Z, 1125.0821568000001, 647.8812605999999
1714650257095, 2024-05-02T11:44:17.095Z, 1113.4652802, 643.2190284000001
1714650257112, 2024-05-02T11:44:17.112Z, 1094.5474622000002, 634.228021
1714650257134, 2024-05-02T11:44:17.134Z, 1115.6377058000003, 643.6317844
1714650257146, 2024-05-02T11:44:17.146Z, 1144.95972, 657.2634504
1714650257158, 2024-05-02T11:44:17.158Z, 1151.3110955999998, 659.642483
1714650257174, 2024-05-02T11:44:17.174Z, 1169.7175714, 667.7830904
1714650257218, 2024-05-02T11:44:17.218Z, 1203.9323314, 682.3824053999999
1714650257230, 2024-05-02T11:44:17.230Z, 1207.4994867999999, 687.7138132
1714650257247, 2024-05-02T11:44:17.247Z, 1198.8654208, 688.2223146
1714650257263, 2024-05-02T11:44:17.263Z, 1207.9803002, 698.8022266
1714650257292, 2024-05-02T11:44:17.292Z, 1204.58789, 705.2020102
1714650257308, 2024-05-02T11:44:17.308Z, 1201.614934, 711.2332773999999
1714650257325, 2024-05-02T11:44:17.325Z, 1206.2641436, 713.2704034000001
1714650257354, 2024-05-02T11:44:17.354Z, 1217.0080696, 717.9299804
1714650257381, 2024-05-02T11:44:17.381Z, 1206.4021106, 706.1530995999999
1714650257398, 2024-05-02T11:44:17.398Z, 1204.8354164, 697.07122
1714650257410, 2024-05-02T11:44:17.410Z, 1194.3251872, 688.3565838000001
1714650257426, 2024-05-02T11:44:17.426Z, 1175.6675696, 690.7391018000001
1714650257443, 2024-05-02T11:44:17.443Z, 1162.1744054, 692.638449
1714650257455, 2024-05-02T11:44:17.455Z, 1157.3511892000001, 702.3312076
1714650257475, 2024-05-02T11:44:17.475Z, 1141.6930082000001, 710.6579380000001
1714650257517, 2024-05-02T11:44:17.517Z, 1117.6003408000001, 717.0010252
1714650257533, 2024-05-02T11:44:17.533Z, 1120.1572965999999, 720.201086
1714650257546, 2024-05-02T11:44:17.546Z, 1113.5235984, 722.957567
1714650257562, 2024-05-02T11:44:17.562Z, 1095.0076536, 724.8828788
1714650257593, 2024-05-02T11:44:17.593Z, 1094.0707916, 728.4188002
1714650257610, 2024-05-02T11:44:17.610Z, 1105.8678063999998, 732.8420046
1714650257624, 2024-05-02T11:44:17.624Z, 1118.2139194, 738.5746436
1714650257653, 2024-05-02T11:44:17.653Z, 1133.9115882, 742.1852534
1714650257667, 2024-05-02T11:44:17.667Z, 1164.9634946, 743.561392
1714650257684, 2024-05-02T11:44:17.684Z, 1170.9165496, 739.0485916
1714650257702, 2024-05-02T11:44:17.702Z, 1177.6176183999999, 734.5982763999999
1714650257717, 2024-05-02T11:44:17.717Z, 1180.0011456, 730.9134612
1714650257733, 2024-05-02T11:44:17.733Z, 1178.0921632, 727.0669012000001
1714650257749, 2024-05-02T11:44:17.749Z, 1167.2219734, 726.4657087999999
1714650257766, 2024-05-02T11:44:17.766Z, 1174.6310896, 732.9850032
1714650257781, 2024-05-02T11:44:17.781Z, 1174.3352811999998, 741.2512938
1714650257804, 2024-05-02T11:44:17.804Z, 1168.1449902, 752.937794
1714650257820, 2024-05-02T11:44:17.820Z, 1155.6422195999999, 763.2974974
1714650257832, 2024-05-02T11:44:17.832Z, 1146.8064967999999, 774.168498
1714650257851, 2024-05-02T11:44:17.851Z, 1149.2550504, 773.2721893999999
1714650257860, 2024-05-02T11:44:17.860Z, 1149.7613291999999, 769.1366676
1714650257876, 2024-05-02T11:44:17.876Z, 1148.611116, 757.0393071999999
1714650257892, 2024-05-02T11:44:17.892Z, 1161.9866602, 748.6349468000001
1714650257909, 2024-05-02T11:44:17.909Z, 1169.2912918, 737.2557312000001
1714650257922, 2024-05-02T11:44:17.922Z, 1157.5828162, 732.8020505999999
1714650258105, 2024-05-02T11:44:18.105Z, 1149.8173705999998, 735.7073172
1714650258118, 2024-05-02T11:44:18.118Z, 1189.3467784, 752.5887262
1714650258133, 2024-05-02T11:44:18.133Z, 1206.3548384, 760.5534878
1714650258149, 2024-05-02T11:44:18.149Z, 1222.7341388, 770.071162
1714650258162, 2024-05-02T11:44:18.162Z, 1231.2157218, 774.731154
1714650258174, 2024-05-02T11:44:18.174Z, 1241.6681, 772.203718
1714650258202, 2024-05-02T11:44:18.202Z, 1200.9893838, 755.8182095999999
1714650258218, 2024-05-02T11:44:18.218Z, 1176.389496, 747.3680668
1714650258266, 2024-05-02T11:44:18.266Z, 1166.6076964, 743.9634560000001
1714650258313, 2024-05-02T11:44:18.313Z, 1170.0028408000003, 747.9719046
1714650258344, 2024-05-02T11:44:18.344Z, 1163.5087594000001, 758.743937
1714650258360, 2024-05-02T11:44:18.360Z, 1159.5679112000003, 768.3655282000002
1714650258443, 2024-05-02T11:44:18.443Z, 1146.7086208, 807.5838054000001
1714650258477, 2024-05-02T11:44:18.477Z, 1132.1988752000002, 832.7383030000001
1714650258488, 2024-05-02T11:44:18.488Z, 1112.776347, 862.1910668
1714650258506, 2024-05-02T11:44:18.506Z, 1101.030913, 884.353974
1714650258521, 2024-05-02T11:44:18.521Z, 1086.4592016, 903.0574015999998
1714650258552, 2024-05-02T11:44:18.552Z, 1079.799566, 876.9548770000001
1714650258578, 2024-05-02T11:44:18.578Z, 1067.1379045999997, 856.2364398
1714650258596, 2024-05-02T11:44:18.596Z, 1051.5498502, 825.0422418
1714650258615, 2024-05-02T11:44:18.615Z, 1038.7580309999998, 796.7811128
1714650258625, 2024-05-02T11:44:18.625Z, 1031.7173298, 786.8288038000001
1714650258642, 2024-05-02T11:44:18.642Z, 1024.1012002000002, 790.5995282000001
1714650258657, 2024-05-02T11:44:18.657Z, 1018.915962, 802.5032788000001
1714650258671, 2024-05-02T11:44:18.671Z, 1018.702937, 820.473258
1714650258702, 2024-05-02T11:44:18.702Z, 1020.0248435999999, 836.8995588
1714650258718, 2024-05-02T11:44:18.718Z, 1031.9750159999999, 843.4995656000001
1714650258734, 2024-05-02T11:44:18.734Z, 1046.8061398, 843.062001
1714650258750, 2024-05-02T11:44:18.750Z, 1060.0364616, 844.3248805999999
1714650258781, 2024-05-02T11:44:18.781Z, 1073.7196669999998, 843.4138882
1714650258796, 2024-05-02T11:44:18.796Z, 1088.6501572, 845.3856064000001
1714650258812, 2024-05-02T11:44:18.812Z, 1091.6832808, 845.0428820000001
1714650258827, 2024-05-02T11:44:18.827Z, 1102.1615001999999, 849.6783432
1714650258850, 2024-05-02T11:44:18.850Z, 1100.9189672, 851.4905778
1714650258866, 2024-05-02T11:44:18.866Z, 1106.9652068, 853.8928866
1714650259006, 2024-05-02T11:44:19.006Z, 1099.4427448000001, 849.0204701999999
1714650259029, 2024-05-02T11:44:19.029Z, 1089.369674, 841.6168551999999
1714650259047, 2024-05-02T11:44:19.047Z, 1071.8851538000001, 837.3410384000001
1714650259076, 2024-05-02T11:44:19.076Z, 1064.3440866, 829.8480911999999
1714650259092, 2024-05-02T11:44:19.092Z, 1047.7372142, 820.1008978
1714650259124, 2024-05-02T11:44:19.124Z, 1044.3696446, 813.1068464
1714650259153, 2024-05-02T11:44:19.153Z, 1048.3679366000001, 807.0817872
1714650259164, 2024-05-02T11:44:19.164Z, 1071.4472019999998, 800.3297237999999
1714650259181, 2024-05-02T11:44:19.181Z, 1090.3073204, 794.1255944000001
1714650259213, 2024-05-02T11:44:19.213Z, 1109.2003398, 791.1194330000001
1714650259230, 2024-05-02T11:44:19.230Z, 1116.7248945999997, 792.0803189999999
1714650259253, 2024-05-02T11:44:19.253Z, 1121.0483884, 794.7838312000001
1714650259272, 2024-05-02T11:44:19.272Z, 1108.2420121999999, 800.9647484
1714650259298, 2024-05-02T11:44:19.298Z, 1099.9375272, 806.8906228000001
1714650259314, 2024-05-02T11:44:19.314Z, 1076.3956412, 805.7522804
1714650259452, 2024-05-02T11:44:19.452Z, 1081.958849, 803.5887916
1714650259472, 2024-05-02T11:44:19.472Z, 1097.6472304, 831.340537
1714650259483, 2024-05-02T11:44:19.483Z, 1101.6585607999998, 848.5992438
1714650259499, 2024-05-02T11:44:19.499Z, 1101.8288314, 861.3544519999999
1714650259514, 2024-05-02T11:44:19.514Z, 1106.6696916, 875.6682630000001
1714650259529, 2024-05-02T11:44:19.529Z, 1090.6966746000003, 879.1955620000001
1714650259545, 2024-05-02T11:44:19.545Z, 1061.5642392, 848.6440419999999
1714650259560, 2024-05-02T11:44:19.560Z, 1041.433361, 833.7448377999999
1714650259575, 2024-05-02T11:44:19.575Z, 1025.6599452, 820.3634586000001
1714650259602, 2024-05-02T11:44:19.602Z, 1022.4807553999999, 806.3347288000001
1714650259613, 2024-05-02T11:44:19.613Z, 1023.6183880000001, 802.9123432000001
1714650259631, 2024-05-02T11:44:19.631Z, 1030.127115, 802.0012416000001
1714650259646, 2024-05-02T11:44:19.646Z, 1046.4673426000002, 797.9067168
1714650259658, 2024-05-02T11:44:19.658Z, 1069.5361906, 794.086586
1714650259676, 2024-05-02T11:44:19.676Z, 1091.1775446, 793.9158111999999
1714650259690, 2024-05-02T11:44:19.690Z, 1111.0398714, 792.8047434
1714650259710, 2024-05-02T11:44:19.710Z, 1126.9889022, 793.030052
1714650259721, 2024-05-02T11:44:19.721Z, 1131.6297995999998, 787.5560227999999
1714650259748, 2024-05-02T11:44:19.748Z, 1129.9060972, 785.2109393999999
1714650259765, 2024-05-02T11:44:19.765Z, 1127.3565118000001, 785.3382005999999
1714650259781, 2024-05-02T11:44:19.781Z, 1125.1007978000002, 788.1483488
1714650259793, 2024-05-02T11:44:19.793Z, 1124.9572951999999, 791.8324774
1714650259810, 2024-05-02T11:44:19.810Z, 1126.4844934, 794.4474711999999
1714650259825, 2024-05-02T11:44:19.825Z, 1131.8969538, 803.9643164
1714650259841, 2024-05-02T11:44:19.841Z, 1139.7369600000002, 811.830791
1714650259856, 2024-05-02T11:44:19.856Z, 1144.935814, 816.0388244
1714650259872, 2024-05-02T11:44:19.872Z, 1152.1821554, 821.8427465999999
1714650259901, 2024-05-02T11:44:19.901Z, 1157.1212802, 829.4537122000002
1714650259927, 2024-05-02T11:44:19.927Z, 1153.0987158, 827.1935856
1714650259945, 2024-05-02T11:44:19.945Z, 1146.2200366, 819.8214822
1714650259960, 2024-05-02T11:44:19.960Z, 1139.3727869999998, 814.9328763999999
1714650259972, 2024-05-02T11:44:19.972Z, 1120.9709458000002, 809.8508688
1714650259990, 2024-05-02T11:44:19.990Z, 1109.9161746, 803.1191448
1714650260005, 2024-05-02T11:44:20.005Z, 1091.5308368, 803.8850094
1714650260027, 2024-05-02T11:44:20.027Z, 1072.4471784, 811.7095892
1714650260052, 2024-05-02T11:44:20.052Z, 1052.493677, 818.1936870000002
1714650260070, 2024-05-02T11:44:20.070Z, 1040.3503014, 822.2353444
1714650260083, 2024-05-02T11:44:20.083Z, 1028.6515692, 826.4899310000001
1714650260100, 2024-05-02T11:44:20.100Z, 1024.2405525999998, 830.7639202
1714650260113, 2024-05-02T11:44:20.113Z, 1023.7249548, 835.3299624000001
1714650260130, 2024-05-02T11:44:20.130Z, 1028.2969236000001, 838.412938
1714650260154, 2024-05-02T11:44:20.154Z, 1039.4397077999997, 840.1642532
1714650260169, 2024-05-02T11:44:20.169Z, 1046.4615399999998, 841.4047166
1714650260185, 2024-05-02T11:44:20.185Z, 1061.3346677999998, 836.0209362000002
1714650260201, 2024-05-02T11:44:20.201Z, 1078.0150054, 829.008281
1714650260216, 2024-05-02T11:44:20.216Z, 1089.8210024, 819.9480362
1714650260236, 2024-05-02T11:44:20.236Z, 1099.9034078, 813.3812025999999
1714650260248, 2024-05-02T11:44:20.248Z, 1110.9237662, 809.6360676
1714650260263, 2024-05-02T11:44:20.263Z, 1114.0220694, 804.7971004
1714650260279, 2024-05-02T11:44:20.279Z, 1121.5047632, 804.4637192
1714650260295, 2024-05-02T11:44:20.295Z, 1136.8220998000002, 809.7881162
1714650260310, 2024-05-02T11:44:20.310Z, 1145.5336268, 811.6796082000001
1714650260326, 2024-05-02T11:44:20.326Z, 1152.4888904, 815.6871394
1714650260353, 2024-05-02T11:44:20.353Z, 1167.4128694, 819.3934300000001
1714650260367, 2024-05-02T11:44:20.367Z, 1177.6471082, 819.8075204
1714650260379, 2024-05-02T11:44:20.379Z, 1201.6057108, 822.8156514
1714650260400, 2024-05-02T11:44:20.400Z, 1235.8745139999999, 831.4774537999999
1714650260411, 2024-05-02T11:44:20.411Z, 1272.1073032, 838.2965644
1714650260424, 2024-05-02T11:44:20.424Z, 1302.7900756, 846.6932059999999
1714650260442, 2024-05-02T11:44:20.442Z, 1332.9050898, 855.1009406000001
1714650260457, 2024-05-02T11:44:20.457Z, 1338.8603732, 856.3732575999999
1714650260507, 2024-05-02T11:44:20.507Z, 1335.443323, 853.5008144
1714650260521, 2024-05-02T11:44:20.521Z, 1329.4799147999997, 850.8664588000001
1714650260532, 2024-05-02T11:44:20.532Z, 1339.8555000000001, 854.0116689999999
1714650260547, 2024-05-02T11:44:20.547Z, 1345.1364354000002, 855.4281336
1714650260563, 2024-05-02T11:44:20.563Z, 1351.2901121999998, 859.1588765999999
1714650260578, 2024-05-02T11:44:20.578Z, 1360.2096932, 861.1847190000001
1714650260596, 2024-05-02T11:44:20.596Z, 1358.8247569999999, 852.2930612
1714650260610, 2024-05-02T11:44:20.610Z, 1338.0625892, 822.6808314
1714650260625, 2024-05-02T11:44:20.625Z, 1315.9479924, 779.8290986000001
1714650260650, 2024-05-02T11:44:20.650Z, 1297.5806, 734.2859112000001