1714650582964, 2024-05-02T11:49:42.964Z, 849.39908, 225.244476
1714650583018, 2024-05-02T11:49:43.018Z, 1006.3728705000001, 191.8916815
1714650583144, 2024-05-02T11:49:43.144Z, 1050.6975743333335, 178.695683
1714650583172, 2024-05-02T11:49:43.172Z, 1081.0390682500001, 183.8724065
1714650583197, 2024-05-02T11:49:43.197Z, 1096.4534376000001, 190.77848880000002
1714650583213, 2024-05-02T11:49:43.213Z, 1154.5708888000001, 191.122488
1714650583228, 2024-05-02T11:49:43.228Z, 1149.672491, 203.5286782
1714650583244, 2024-05-02T11:49:43.244Z, 1149.041125, 215.4799956
1714650583262, 2024-05-02T11:49:43.262Z, 1135.2250264, 218.4743962
1714650583293, 2024-05-02T11:49:43.293Z, 1121.3307276, 217.13227420000004
1714650583308, 2024-05-02T11:49:43.308Z, 1111.1575177999998, 213.71285840000002
1714650583351, 2024-05-02T11:49:43.351Z, 1104.0921691999997, 214.17879079999997
1714650583366, 2024-05-02T11:49:43.366Z, 1101.7354136, 215.73093599999999
1714650583397, 2024-05-02T11:49:43.397Z, 1112.8275146, 214.75416479999998
1714650583412, 2024-05-02T11:49:43.412Z, 1148.4657844, 214.1605872
1714650583446, 2024-05-02T11:49:43.446Z, 1197.0819196, 212.2345012
1714650583461, 2024-05-02T11:49:43.461Z, 1244.5222747999999, 206.63956660000002
1714650583474, 2024-05-02T11:49:43.474Z, 1298.9506292, 200.37220840000003
1714650583491, 2024-05-02T11:49:43.491Z, 1346.1270736, 194.45480719999998
1714650583521, 2024-05-02T11:49:43.521Z, 1371.1471418, 188.3004948
1714650583536, 2024-05-02T11:49:43.536Z, 1384.2301367999999, 184.61638120000003
1714650583552, 2024-05-02T11:49:43.552Z, 1389.612188, 184.8393278
1714650583568, 2024-05-02T11:49:43.568Z, 1381.748515, 187.03918919999998
1714650583594, 2024-05-02T11:49:43.594Z, 1370.5032509999999, 194.40117999999998
1714650583604, 2024-05-02T11:49:43.604Z, 1359.0972497999999, 203.5535256
1714650583622, 2024-05-02T11:49:43.622Z, 1340.5734708, 221.7728162
1714650583637, 2024-05-02T11:49:43.637Z, 1328.1648858, 240.6481978
1714650583648, 2024-05-02T11:49:43.648Z, 1318.1682501999999, 258.0170208
1714650583667, 2024-05-02T11:49:43.667Z, 1309.3092082, 272.7038962
1714650583687, 2024-05-02T11:49:43.687Z, 1300.793733, 285.8266068
1714650583694, 2024-05-02T11:49:43.694Z, 1299.0511995999998, 289.5345162
1714650583717, 2024-05-02T11:49:43.717Z, 1299.8886656, 289.8847588
1714650583740, 2024-05-02T11:49:43.740Z, 1302.7137028, 287.9992532
1714650583757, 2024-05-02T11:49:43.757Z, 1310.3717044, 285.0039402
1714650583773, 2024-05-02T11:49:43.773Z, 1319.1919814, 283.750536
1714650583786, 2024-05-02T11:49:43.786Z, 1328.6548963999999, 279.4333995999999
1714650583802, 2024-05-02T11:49:43.802Z, 1336.1575562, 274.9430834
1714650583818, 2024-05-02T11:49:43.818Z, 1341.9501548, 274.0877352
1714650583832, 2024-05-02T11:49:43.832Z, 1345.1598301999998, 274.19923239999997
1714650583848, 2024-05-02T11:49:43.848Z, 1347.6754841999998, 272.1424748
1714650583864, 2024-05-02T11:49:43.864Z, 1347.4448896, 272.6910672
1714650583893, 2024-05-02T11:49:43.893Z, 1346.0131752, 273.71133879999996
1714650583907, 2024-05-02T11:49:43.907Z, 1343.4053586, 273.73941
1714650583918, 2024-05-02T11:49:43.918Z, 1341.352657, 272.8761206
1714650583937, 2024-05-02T11:49:43.937Z, 1338.9657593999998, 270.65624879999996
1714650583952, 2024-05-02T11:49:43.952Z, 1341.554999, 268.65307900000005
1714650583963, 2024-05-02T11:49:43.963Z, 1344.9103094, 266.4729202
1714650583982, 2024-05-02T11:49:43.982Z, 1348.8644585999998, 264.65799060000006
1714650583998, 2024-05-02T11:49:43.998Z, 1353.9996044, 262.615137
1714650584008, 2024-05-02T11:49:44.008Z, 1357.917052, 261.3493592
1714650584044, 2024-05-02T11:49:44.044Z, 1360.0262366, 259.772284
1714650584059, 2024-05-02T11:49:44.059Z, 1360.8090889999999, 257.3293132
1714650584072, 2024-05-02T11:49:44.072Z, 1360.0221376000002, 253.2881538
1714650584087, 2024-05-02T11:49:44.087Z, 1358.3397702000002, 250.05718740000003
1714650584098, 2024-05-02T11:49:44.098Z, 1354.5727852, 247.1919618
1714650584117, 2024-05-02T11:49:44.117Z, 1349.1456462, 244.7006224
1714650584138, 2024-05-02T11:49:44.138Z, 1346.1215956, 243.29384380000002
1714650584144, 2024-05-02T11:49:44.144Z, 1343.9964652, 242.98706780000003
1714650584162, 2024-05-02T11:49:44.162Z, 1342.928607, 244.2992214
1714650584196, 2024-05-02T11:49:44.196Z, 1344.530895, 245.32951899999998
1714650584208, 2024-05-02T11:49:44.208Z, 1347.7670608, 246.3007534
1714650584222, 2024-05-02T11:49:44.222Z, 1353.0174298, 245.74120920000001
1714650584236, 2024-05-02T11:49:44.236Z, 1374.418521, 246.996098
1714650584252, 2024-05-02T11:49:44.252Z, 1422.448647, 248.32381500000002
1714650584268, 2024-05-02T11:49:44.268Z, 1473.9378646, 250.90476180000002
1714650584283, 2024-05-02T11:49:44.283Z, 1524.3073092, 254.6738138
1714650584301, 2024-05-02T11:49:44.301Z, 1573.6063834000001, 260.74399520000003
1714650584316, 2024-05-02T11:49:44.316Z, 1606.7332688, 267.25518100000005
1714650584348, 2024-05-02T11:49:44.348Z, 1609.6594608, 270.3276922
1714650584363, 2024-05-02T11:49:44.363Z, 1609.5377224, 272.917257
1714650584377, 2024-05-02T11:49:44.377Z, 1606.9369405999998, 275.31055580000003
1714650584393, 2024-05-02T11:49:44.393Z, 1602.8761254, 276.08123539999997
1714650584409, 2024-05-02T11:49:44.409Z, 1600.090553, 275.33808839999995
1714650584425, 2024-05-02T11:49:44.425Z, 1598.5452094, 276.4944106
1714650584440, 2024-05-02T11:49:44.440Z, 1597.6296366000001, 278.42030439999996
1714650584456, 2024-05-02T11:49:44.456Z, 1600.170861, 277.8109472
1714650584494, 2024-05-02T11:49:44.494Z, 1602.6008664, 277.36542760000003
1714650584523, 2024-05-02T11:49:44.523Z, 1601.1233684000001, 276.75248180000006
1714650584539, 2024-05-02T11:49:44.539Z, 1600.8927538, 275.3628422
1714650584573, 2024-05-02T11:49:44.573Z, 1604.9390026, 272.88408519999996
1714650584589, 2024-05-02T11:49:44.589Z, 1610.4975756, 271.51805260000003
1714650584613, 2024-05-02T11:49:44.613Z, 1617.607952, 272.8825076
1714650584661, 2024-05-02T11:49:44.661Z, 1630.3450734, 273.7565318
1714650584705, 2024-05-02T11:49:44.705Z, 1647.6006164000003, 273.4250948
1714650584752, 2024-05-02T11:49:44.752Z, 1660.3152815999997, 273.7495388
1714650584852, 2024-05-02T11:49:44.852Z, 1683.8324504, 281.85745860000003
1714650584881, 2024-05-02T11:49:44.881Z, 1642.1714036, 282.9885274
1714650584895, 2024-05-02T11:49:44.895Z, 1591.1086854, 288.5796168
1714650584941, 2024-05-02T11:49:44.941Z, 1526.5783378, 301.21440659999996
1714650584971, 2024-05-02T11:49:44.971Z, 1452.0004428000002, 319.1891628
1714650584989, 2024-05-02T11:49:44.989Z, 1365.9146724, 328.09402979999993
1714650585018, 2024-05-02T11:49:45.018Z, 1349.4148952, 336.53042819999996
1714650585034, 2024-05-02T11:49:45.034Z, 1354.7468210000002, 334.01080879999995
1714650585065, 2024-05-02T11:49:45.065Z, 1370.1760488, 324.6518668
1714650585106, 2024-05-02T11:49:45.106Z, 1380.5449254, 308.4109776
1714650585121, 2024-05-02T11:49:45.121Z, 1386.8479062, 293.4593286
1714650585151, 2024-05-02T11:49:45.151Z, 1380.2103705999998, 270.8185726
1714650585170, 2024-05-02T11:49:45.170Z, 1355.4856464, 256.793575
1714650585196, 2024-05-02T11:49:45.196Z, 1328.1459867999997, 242.9068444
1714650585211, 2024-05-02T11:49:45.211Z, 1315.2223241999998, 229.9934428
1714650585242, 2024-05-02T11:49:45.242Z, 1300.1687124, 224.111235
1714650585256, 2024-05-02T11:49:45.256Z, 1291.4322356, 232.25488059999998
1714650585268, 2024-05-02T11:49:45.268Z, 1283.5799336, 244.59634539999996
1714650585291, 2024-05-02T11:49:45.291Z, 1274.2240806, 259.31011099999995
1714650585306, 2024-05-02T11:49:45.306Z, 1267.433429, 272.3873294
1714650585317, 2024-05-02T11:49:45.317Z, 1255.4589024000002, 283.9729362
1714650585335, 2024-05-02T11:49:45.335Z, 1242.596236, 294.3230532
1714650585350, 2024-05-02T11:49:45.350Z, 1235.5361224, 297.0945
1714650585368, 2024-05-02T11:49:45.368Z, 1231.8225746, 298.36195699999996
1714650585396, 2024-05-02T11:49:45.396Z, 1228.6349744000001, 302.3407266
1714650585425, 2024-05-02T11:49:45.425Z, 1241.5089638000002, 303.9029492
1714650585440, 2024-05-02T11:49:45.440Z, 1256.4605022, 305.23622
1714650585455, 2024-05-02T11:49:45.455Z, 1272.0520896000003, 307.7210774
1714650585471, 2024-05-02T11:49:45.471Z, 1293.3154542, 308.16327540000003
1714650585487, 2024-05-02T11:49:45.487Z, 1312.4009232, 306.8391548000001
1714650585502, 2024-05-02T11:49:45.502Z, 1324.1160542000002, 303.9805132
1714650585517, 2024-05-02T11:49:45.517Z, 1327.8875804, 302.4050248
1714650585542, 2024-05-02T11:49:45.542Z, 1322.914252, 302.69165979999997
1714650585557, 2024-05-02T11:49:45.557Z, 1310.954886, 305.3436546
1714650585574, 2024-05-02T11:49:45.574Z, 1304.4087136, 305.75178300000005
1714650585594, 2024-05-02T11:49:45.594Z, 1295.0466231999999, 305.6502294
1714650585609, 2024-05-02T11:49:45.609Z, 1299.6956240000002, 302.077113
1714650585624, 2024-05-02T11:49:45.624Z, 1310.4383764, 296.85104
1714650585640, 2024-05-02T11:49:45.640Z, 1323.0100382, 290.9021526
1714650585655, 2024-05-02T11:49:45.655Z, 1324.3711592, 289.9046752
1714650585671, 2024-05-02T11:49:45.671Z, 1329.737488, 289.05555300000003
1714650585694, 2024-05-02T11:49:45.694Z, 1329.1326556000001, 293.69310559999997
1714650585712, 2024-05-02T11:49:45.712Z, 1326.6691698, 299.2012656
1714650585723, 2024-05-02T11:49:45.723Z, 1322.296062, 304.9265622
1714650585751, 2024-05-02T11:49:45.751Z, 1321.5146101999999, 310.9564656
1714650585768, 2024-05-02T11:49:45.768Z, 1320.3634612, 315.586822
1714650585784, 2024-05-02T11:49:45.784Z, 1317.6444589999999, 315.3031244
1714650585798, 2024-05-02T11:49:45.798Z, 1317.3676814, 311.746172
1714650585814, 2024-05-02T11:49:45.814Z, 1319.6172428000002, 307.7274356
1714650585845, 2024-05-02T11:49:45.845Z, 1325.4793636, 303.220136
1714650585860, 2024-05-02T11:49:45.860Z, 1329.5708243999998, 299.11826140000005
1714650585876, 2024-05-02T11:49:45.876Z, 1330.8911990000001, 298.61344
1714650585892, 2024-05-02T11:49:45.892Z, 1329.5807347999998, 301.2188094
1714650585907, 2024-05-02T11:49:45.907Z, 1325.885814, 303.6917186
1714650585922, 2024-05-02T11:49:45.922Z, 1320.2000289999999, 303.4475018
1714650585939, 2024-05-02T11:49:45.939Z, 1315.1797626000002, 303.405813
1714650585955, 2024-05-02T11:49:45.955Z, 1312.954934, 302.0484386
1714650585971, 2024-05-02T11:49:45.971Z, 1309.8666230000003, 301.2689772
1714650585989, 2024-05-02T11:49:45.989Z, 1298.6119998, 305.6134544
1714650586006, 2024-05-02T11:49:46.006Z, 1284.675141, 314.0587856
1714650586021, 2024-05-02T11:49:46.021Z, 1263.1800654, 327.291669
1714650586033, 2024-05-02T11:49:46.033Z, 1241.0634566, 341.2614536
1714650586051, 2024-05-02T11:49:46.051Z, 1218.0244269999998, 358.2208222
1714650586066, 2024-05-02T11:49:46.066Z, 1202.4222704, 372.3371416
1714650586079, 2024-05-02T11:49:46.079Z, 1189.221059, 384.3797344
1714650586096, 2024-05-02T11:49:46.096Z, 1184.3628364, 392.9140478
1714650586112, 2024-05-02T11:49:46.112Z, 1178.5832248000002, 401.4458476
1714650586143, 2024-05-02T11:49:46.143Z, 1172.3487828, 405.830026
1714650586157, 2024-05-02T11:49:46.157Z, 1168.1396488, 408.605261
1714650586172, 2024-05-02T11:49:46.172Z, 1164.5926756, 410.7817036
1714650586189, 2024-05-02T11:49:46.189Z, 1158.4240316, 411.99587919999993
1714650586205, 2024-05-02T11:49:46.205Z, 1151.0071014, 413.30713660000004
1714650586220, 2024-05-02T11:49:46.220Z, 1149.2981975999999, 416.256693
1714650586236, 2024-05-02T11:49:46.236Z, 1147.1469344000002, 419.865944
1714650586253, 2024-05-02T11:49:46.253Z, 1146.1385994, 423.8329342
1714650586267, 2024-05-02T11:49:46.267Z, 1146.7262494000001, 429.2058604
1714650586292, 2024-05-02T11:49:46.292Z, 1151.8498474000003, 433.27050899999995
1714650586302, 2024-05-02T11:49:46.302Z, 1153.4704563999999, 436.91922139999997
1714650586322, 2024-05-02T11:49:46.322Z, 1151.1855899999998, 443.793742
1714650586342, 2024-05-02T11:49:46.342Z, 1145.3515392000002, 451.7317136
1714650586348, 2024-05-02T11:49:46.348Z, 1139.3991762, 457.93974819999994
1714650586366, 2024-05-02T11:49:46.366Z, 1129.3978782000002, 464.9839306
1714650586388, 2024-05-02T11:49:46.388Z, 1119.7408556, 471.39857659999996
1714650586394, 2024-05-02T11:49:46.394Z, 1113.4004774, 473.6723038
1714650586411, 2024-05-02T11:49:46.411Z, 1108.7449494, 473.38915879999996
1714650586444, 2024-05-02T11:49:46.444Z, 1105.648924, 473.0370274
1714650586470, 2024-05-02T11:49:46.470Z, 1105.4905084, 471.0532682
1714650586485, 2024-05-02T11:49:46.485Z, 1105.8878334, 468.382701
1714650586501, 2024-05-02T11:49:46.501Z, 1105.4690632000002, 463.81235019999997
1714650586517, 2024-05-02T11:49:46.517Z, 1105.520324, 460.5128226
1714650586533, 2024-05-02T11:49:46.533Z, 1104.5955152, 457.0164038
1714650586548, 2024-05-02T11:49:46.548Z, 1117.6245186, 455.9465666
1714650586564, 2024-05-02T11:49:46.564Z, 1126.8645224000002, 454.84346519999997
1714650586593, 2024-05-02T11:49:46.593Z, 1147.1739952, 458.422557
1714650586613, 2024-05-02T11:49:46.613Z, 1167.8300952, 463.0880112000001
1714650586626, 2024-05-02T11:49:46.626Z, 1189.3995736000002, 468.8473924
1714650586642, 2024-05-02T11:49:46.642Z, 1196.5414316000001, 472.78898580000003
1714650586657, 2024-05-02T11:49:46.657Z, 1208.68473, 475.1696678
1714650586672, 2024-05-02T11:49:46.672Z, 1210.0698082, 475.4774856
1714650586688, 2024-05-02T11:49:46.688Z, 1210.4852726, 471.1415218
1714650586703, 2024-05-02T11:49:46.703Z, 1210.7157098, 465.92786859999995
1714650586719, 2024-05-02T11:49:46.719Z, 1212.4519092, 460.6357142
1714650586742, 2024-05-02T11:49:46.742Z, 1218.2599206, 457.576556
1714650586752, 2024-05-02T11:49:46.752Z, 1224.8945778000002, 452.76464100000004
1714650586771, 2024-05-02T11:49:46.771Z, 1238.922611, 449.0177082
1714650586786, 2024-05-02T11:49:46.786Z, 1255.9433248, 446.943895
1714650586797, 2024-05-02T11:49:46.797Z, 1273.0639179999998, 445.61701759999994
1714650586817, 2024-05-02T11:49:46.817Z, 1284.9204228, 443.3609424
1714650586834, 2024-05-02T11:49:46.834Z, 1297.2161716, 446.13617460000006
1714650586847, 2024-05-02T11:49:46.847Z, 1302.1149908, 451.5247455999999
1714650586866, 2024-05-02T11:49:46.866Z, 1300.0039398, 455.5842058
1714650586894, 2024-05-02T11:49:46.894Z, 1275.1132368, 459.6337432
1714650586911, 2024-05-02T11:49:46.911Z, 1242.3361134000002, 464.28518699999995
1714650586926, 2024-05-02T11:49:46.926Z, 1197.902988, 465.0497706
1714650586937, 2024-05-02T11:49:46.937Z, 1150.524901, 464.81693260000003
1714650586955, 2024-05-02T11:49:46.955Z, 1103.4833876, 463.6057832
1714650586983, 2024-05-02T11:49:46.983Z, 1077.5448492, 461.19776
1714650586998, 2024-05-02T11:49:46.998Z, 1059.9252204, 459.0006388
1714650587014, 2024-05-02T11:49:47.014Z, 1053.5818391999999, 457.70729819999997
1714650587044, 2024-05-02T11:49:47.044Z, 1051.3290158, 457.10538340000005
1714650587060, 2024-05-02T11:49:47.060Z, 1053.0113856, 458.01617080000005
1714650587075, 2024-05-02T11:49:47.075Z, 1054.6774328, 459.6391162
1714650587091, 2024-05-02T11:49:47.091Z, 1054.2502728, 462.3518418
1714650587106, 2024-05-02T11:49:47.106Z, 1052.616444, 465.4821602
1714650587122, 2024-05-02T11:49:47.122Z, 1051.8233510000002, 468.49704
1714650587137, 2024-05-02T11:49:47.137Z, 1049.4846326000002, 469.026775
1714650587153, 2024-05-02T11:49:47.153Z, 1049.8059956000002, 471.447764
1714650587169, 2024-05-02T11:49:47.169Z, 1052.6665556, 471.1440396
1714650587193, 2024-05-02T11:49:47.193Z, 1056.8639574000001, 470.70886520000005
1714650587209, 2024-05-02T11:49:47.209Z, 1059.5046969999999, 470.5674322000001
1714650587223, 2024-05-02T11:49:47.223Z, 1062.9796688, 471.792901
1714650587238, 2024-05-02T11:49:47.238Z, 1064.0275424000001, 470.6218624
1714650587248, 2024-05-02T11:49:47.248Z, 1064.436782, 470.6948920000001
1714650587271, 2024-05-02T11:49:47.271Z, 1061.7805714, 466.4587874
1714650587283, 2024-05-02T11:49:47.283Z, 1060.2259994, 461.8604343999999
1714650587293, 2024-05-02T11:49:47.293Z, 1058.9156488, 457.3885242
1714650587311, 2024-05-02T11:49:47.311Z, 1058.3885977999998, 453.2515052
1714650587339, 2024-05-02T11:49:47.339Z, 1057.3641671999999, 449.7951892
1714650587357, 2024-05-02T11:49:47.357Z, 1059.916882, 451.3850036
1714650587375, 2024-05-02T11:49:47.375Z, 1061.283228, 452.7426362
1714650587387, 2024-05-02T11:49:47.387Z, 1061.883916, 453.41884419999997
1714650587418, 2024-05-02T11:49:47.418Z, 1059.672674, 454.7118118
1714650587433, 2024-05-02T11:49:47.433Z, 1058.0243580000001, 455.0747096
1714650587433, 2024-05-02T11:49:47.433Z, 1055.3980792, 454.94967039999995
1714650587465, 2024-05-02T11:49:47.465Z, 1056.3822367999999, 457.749459
1714650587493, 2024-05-02T11:49:47.493Z, 1058.368721, 460.7847653999999
1714650587507, 2024-05-02T11:49:47.507Z, 1061.1916244, 463.0691516
1714650587517, 2024-05-02T11:49:47.517Z, 1063.2244766, 465.54646119999995
1714650587536, 2024-05-02T11:49:47.536Z, 1063.8475210000001, 466.2144934
1714650587552, 2024-05-02T11:49:47.552Z, 1061.3760302, 464.9056202
1714650587562, 2024-05-02T11:49:47.562Z, 1058.1507624, 464.21960520000005
1714650587582, 2024-05-02T11:49:47.582Z, 1054.9968046, 464.08994440000004
1714650587597, 2024-05-02T11:49:47.597Z, 1051.6816588, 464.54235520000003
1714650587607, 2024-05-02T11:49:47.607Z, 1050.3904168000001, 466.2257911999999
1714650587642, 2024-05-02T11:49:47.642Z, 1044.5366286, 464.9309042000001
1714650587657, 2024-05-02T11:49:47.657Z, 1039.260121, 462.78056200000003
1714650587677, 2024-05-02T11:49:47.677Z, 1036.8843517999999, 462.0182466
1714650587688, 2024-05-02T11:49:47.688Z, 1044.6486188, 463.4882522
1714650587698, 2024-05-02T11:49:47.698Z, 1053.5117986, 466.394435
1714650587716, 2024-05-02T11:49:47.716Z, 1069.1572978, 472.8806968
1714650587738, 2024-05-02T11:49:47.738Z, 1084.7979238, 481.36472219999996
1714650587746, 2024-05-02T11:49:47.746Z, 1098.512776, 488.9798522
1714650587762, 2024-05-02T11:49:47.762Z, 1103.2129062, 495.2933946
1714650587788, 2024-05-02T11:49:47.788Z, 1107.3977998, 499.6710308
1714650587807, 2024-05-02T11:49:47.807Z, 1109.3555882, 503.10668619999996
1714650587821, 2024-05-02T11:49:47.821Z, 1110.8829566, 504.89901660000004
1714650587832, 2024-05-02T11:49:47.832Z, 1113.3446048, 505.32982439999995
1714650587851, 2024-05-02T11:49:47.851Z, 1117.8054485999999, 502.3807344
1714650587871, 2024-05-02T11:49:47.871Z, 1121.4079636000001, 498.9528942
1714650587886, 2024-05-02T11:49:47.886Z, 1124.92481, 496.6932728
1714650587901, 2024-05-02T11:49:47.901Z, 1126.4121037999998, 497.26120039999995
1714650587917, 2024-05-02T11:49:47.917Z, 1125.3892882, 497.69855459999997
1714650587948, 2024-05-02T11:49:47.948Z, 1121.0596280000002, 500.79609700000003
1714650587958, 2024-05-02T11:49:47.958Z, 1117.4219937999999, 505.27595679999996
1714650587967, 2024-05-02T11:49:47.967Z, 1114.4383612000001, 508.76666020000005
1714650587986, 2024-05-02T11:49:47.986Z, 1112.9585218, 509.90632159999996
1714650588002, 2024-05-02T11:49:48.002Z, 1112.1421786, 511.2132646
1714650588012, 2024-05-02T11:49:48.012Z, 1111.095276, 510.9753656
1714650588038, 2024-05-02T11:49:48.038Z, 1108.8486496, 509.6986432
1714650588048, 2024-05-02T11:49:48.048Z, 1105.8336552, 508.1427544
1714650588058, 2024-05-02T11:49:48.058Z, 1103.2116073999998, 506.9047888
1714650588093, 2024-05-02T11:49:48.093Z, 1102.7777612, 507.4775348
1714650588105, 2024-05-02T11:49:48.105Z, 1102.8306726, 508.59381379999996
1714650588121, 2024-05-02T11:49:48.121Z, 1103.9868238, 509.8196984
1714650588137, 2024-05-02T11:49:48.137Z, 1104.7292272, 510.2298036
1714650588152, 2024-05-02T11:49:48.152Z, 1107.9858242, 509.6644056
1714650588168, 2024-05-02T11:49:48.168Z, 1134.2153990000002, 508.2744224
1714650588183, 2024-05-02T11:49:48.183Z, 1160.6050218, 507.0366576
1714650588198, 2024-05-02T11:49:48.198Z, 1188.0487708, 505.96629279999996
1714650588214, 2024-05-02T11:49:48.214Z, 1218.9488342000002, 505.7497708000001
1714650588239, 2024-05-02T11:49:48.239Z, 1253.0678044, 506.0468067999999
1714650588257, 2024-05-02T11:49:48.257Z, 1260.2508724000002, 506.6185156
1714650588271, 2024-05-02T11:49:48.271Z, 1266.6550516, 508.1119982
1714650588290, 2024-05-02T11:49:48.290Z, 1271.8883228, 509.75860919999997
1714650588306, 2024-05-02T11:49:48.306Z, 1272.1426058000002, 511.85376699999995
1714650588321, 2024-05-02T11:49:48.321Z, 1266.6706288, 513.7840214
1714650588336, 2024-05-02T11:49:48.336Z, 1263.8042636, 514.9587292
1714650588352, 2024-05-02T11:49:48.352Z, 1261.6110218, 516.0269936
1714650588368, 2024-05-02T11:49:48.368Z, 1259.7414804, 517.0429046
1714650588393, 2024-05-02T11:49:48.393Z, 1259.3809444, 518.9234243999999
1714650588413, 2024-05-02T11:49:48.413Z, 1259.6399278000001, 520.3511351999999
1714650588419, 2024-05-02T11:49:48.419Z, 1257.2039558000001, 524.0889916
1714650588443, 2024-05-02T11:49:48.443Z, 1245.4779372, 536.6742154
1714650588461, 2024-05-02T11:49:48.461Z, 1219.6172916, 564.0987902
1714650588476, 2024-05-02T11:49:48.476Z, 1194.8568916, 589.7522075999999
1714650588492, 2024-05-02T11:49:48.492Z, 1168.5112391999999, 617.5228615999999
1714650588508, 2024-05-02T11:49:48.508Z, 1141.9412102000001, 647.3467898
1714650588526, 2024-05-02T11:49:48.526Z, 1122.023312, 672.5444623999999
1714650588557, 2024-05-02T11:49:48.557Z, 1111.9618788, 685.7293728
1714650588572, 2024-05-02T11:49:48.572Z, 1102.8271307999998, 697.7215118
1714650588586, 2024-05-02T11:49:48.586Z, 1096.2307488000001, 708.4639576
1714650588601, 2024-05-02T11:49:48.601Z, 1092.8109182, 714.6183275999999
1714650588616, 2024-05-02T11:49:48.616Z, 1092.9351852000002, 713.0647145999999
1714650588632, 2024-05-02T11:49:48.632Z, 1096.4542506, 707.3695788
1714650588648, 2024-05-02T11:49:48.648Z, 1099.3997746, 702.7240026000001
1714650588665, 2024-05-02T11:49:48.665Z, 1100.7446058, 696.7353948
1714650588696, 2024-05-02T11:49:48.696Z, 1100.5705378, 692.2799106
1714650588712, 2024-05-02T11:49:48.712Z, 1099.2498712000001, 691.3390528
1714650588728, 2024-05-02T11:49:48.728Z, 1097.4010905999999, 691.4634199999999
1714650588744, 2024-05-02T11:49:48.744Z, 1094.4349568000002, 691.7215414
1714650588760, 2024-05-02T11:49:48.760Z, 1088.4959014, 689.2713425999999
1714650588776, 2024-05-02T11:49:48.776Z, 1083.2154655999998, 684.5188329999999
1714650588791, 2024-05-02T11:49:48.791Z, 1076.8471009999998, 676.2164278
1714650588807, 2024-05-02T11:49:48.807Z, 1070.7995762, 668.2994836
1714650588823, 2024-05-02T11:49:48.823Z, 1065.1971800000001, 660.4102554
1714650588855, 2024-05-02T11:49:48.855Z, 1062.7511468, 656.2513798
1714650588871, 2024-05-02T11:49:48.871Z, 1061.0510577999999, 652.4101086
1714650588887, 2024-05-02T11:49:48.887Z, 1060.8559068, 651.2849258
1714650588902, 2024-05-02T11:49:48.902Z, 1061.5054182, 650.2543638
1714650588918, 2024-05-02T11:49:48.918Z, 1064.028798, 647.44961
1714650588934, 2024-05-02T11:49:48.934Z, 1066.045806, 644.6574579999999
1714650588949, 2024-05-02T11:49:48.949Z, 1065.4230726, 642.548725
1714650588965, 2024-05-02T11:49:48.965Z, 1063.6046064, 640.819224
1714650588992, 2024-05-02T11:49:48.992Z, 1061.3261710000002, 638.0031486
1714650589001, 2024-05-02T11:49:49.001Z, 1056.6867333999999, 636.78313
1714650589025, 2024-05-02T11:49:49.025Z, 1053.1893682, 633.8688954
1714650589041, 2024-05-02T11:49:49.041Z, 1051.9446970000001, 629.6595972
1714650589059, 2024-05-02T11:49:49.059Z, 1051.4146878000001, 626.2790154
1714650589072, 2024-05-02T11:49:49.072Z, 1051.0181808000002, 625.2034678
1714650589089, 2024-05-02T11:49:49.089Z, 1051.7055596, 625.8298973999999
1714650589104, 2024-05-02T11:49:49.104Z, 1052.4113686, 628.378283
1714650589118, 2024-05-02T11:49:49.118Z, 1053.7214768000001, 632.6147758
1714650589138, 2024-05-02T11:49:49.138Z, 1055.6463268000002, 636.7994232
1714650589156, 2024-05-02T11:49:49.156Z, 1058.8666132000003, 640.8525907999999
1714650589172, 2024-05-02T11:49:49.172Z, 1061.9708443999998, 641.8699384
1714650589182, 2024-05-02T11:49:49.182Z, 1064.4704332, 642.2697924
1714650589201, 2024-05-02T11:49:49.201Z, 1065.6258741999998, 641.6647278
1714650589217, 2024-05-02T11:49:49.217Z, 1065.8963066000001, 639.5905024000001
1714650589228, 2024-05-02T11:49:49.228Z, 1065.2598753999998, 635.9440304
1714650589246, 2024-05-02T11:49:49.246Z, 1063.7040190000002, 635.9884062
1714650589262, 2024-05-02T11:49:49.262Z, 1062.2576238, 635.7272072
1714650589293, 2024-05-02T11:49:49.293Z, 1062.2501962000001, 640.1760508
1714650589307, 2024-05-02T11:49:49.307Z, 1063.7134896, 646.139542
1714650589321, 2024-05-02T11:49:49.321Z, 1065.3525534, 650.4258754
1714650589340, 2024-05-02T11:49:49.340Z, 1067.023979, 655.7019222
1714650589359, 2024-05-02T11:49:49.359Z, 1068.6363316, 657.8599572
1714650589368, 2024-05-02T11:49:49.368Z, 1070.4068474, 655.8266504000001
1714650589383, 2024-05-02T11:49:49.383Z, 1072.4209198, 651.6916896
1714650589399, 2024-05-02T11:49:49.399Z, 1073.7491372, 650.4021166
1714650589414, 2024-05-02T11:49:49.414Z, 1077.1727332, 644.5530925999999
1714650589443, 2024-05-02T11:49:49.443Z, 1076.6964617999997, 646.3032004
1714650589452, 2024-05-02T11:49:49.452Z, 1076.6932264, 647.0706041999999
1714650589471, 2024-05-02T11:49:49.471Z, 1074.9402599999999, 649.9775476
1714650589494, 2024-05-02T11:49:49.494Z, 1073.2435768, 647.492289
1714650589507, 2024-05-02T11:49:49.507Z, 1068.9779554000002, 644.7399714000001
1714650589524, 2024-05-02T11:49:49.524Z, 1067.7088088, 639.4537348
1714650589539, 2024-05-02T11:49:49.539Z, 1065.0586178, 636.2043546000001
1714650589555, 2024-05-02T11:49:49.555Z, 1063.1547618, 632.1322319999999
1714650589571, 2024-05-02T11:49:49.571Z, 1060.8148924, 634.40746
1714650589591, 2024-05-02T11:49:49.591Z, 1058.5212536, 639.4350651999999
1714650589607, 2024-05-02T11:49:49.607Z, 1055.6498502, 645.3343004000001
1714650589622, 2024-05-02T11:49:49.622Z, 1051.2777492, 650.2355766
1714650589633, 2024-05-02T11:49:49.633Z, 1046.637722, 654.927156
1714650589659, 2024-05-02T11:49:49.659Z, 1042.2736742000002, 655.5209096000001
1714650589675, 2024-05-02T11:49:49.675Z, 1040.7652842, 649.7460172
1714650589686, 2024-05-02T11:49:49.686Z, 1042.976149, 639.6050996000001
1714650589704, 2024-05-02T11:49:49.704Z, 1047.6189193999999, 628.5913332
1714650589726, 2024-05-02T11:49:49.726Z, 1052.5192968, 617.9637086
1714650589742, 2024-05-02T11:49:49.742Z, 1060.0686996, 611.5322968
1714650589759, 2024-05-02T11:49:49.759Z, 1065.1364884, 609.8127912
1714650589773, 2024-05-02T11:49:49.773Z, 1068.0604111999999, 609.5168942
1714650589788, 2024-05-02T11:49:49.788Z, 1070.5678704, 610.0677522
1714650589808, 2024-05-02T11:49:49.808Z, 1073.3130788, 610.3833744
1714650589819, 2024-05-02T11:49:49.819Z, 1072.7326168, 608.2101292
1714650589834, 2024-05-02T11:49:49.834Z, 1073.591841, 610.2002734
1714650589850, 2024-05-02T11:49:49.850Z, 1075.3198614, 612.8755811999999
1714650589865, 2024-05-02T11:49:49.865Z, 1079.7232476000001, 617.6097321999999
1714650589893, 2024-05-02T11:49:49.893Z, 1086.9618004, 623.6353323999999
1714650589908, 2024-05-02T11:49:49.908Z, 1094.184088, 631.5828793999999
1714650589928, 2024-05-02T11:49:49.928Z, 1099.5549102, 644.846904
1714650589944, 2024-05-02T11:49:49.944Z, 1104.2664140000002, 657.7352172000001
1714650589958, 2024-05-02T11:49:49.958Z, 1107.0417468, 665.4082034
1714650589974, 2024-05-02T11:49:49.974Z, 1106.6926230000001, 672.9332284
1714650589988, 2024-05-02T11:49:49.988Z, 1109.1773204, 673.7639956
1714650590004, 2024-05-02T11:49:50.004Z, 1111.2434644, 669.579242
1714650590021, 2024-05-02T11:49:50.021Z, 1114.373833, 661.7623887999999
1714650590038, 2024-05-02T11:49:50.038Z, 1117.8873113999998, 654.8089152
1714650590056, 2024-05-02T11:49:50.056Z, 1121.9630132000002, 645.5896379999999
1714650590072, 2024-05-02T11:49:50.072Z, 1128.7207349999999, 640.9198749999999
1714650590082, 2024-05-02T11:49:50.082Z, 1135.1874570000002, 633.4567296
1714650590114, 2024-05-02T11:49:50.114Z, 1138.1904336, 629.2371276
1714650590129, 2024-05-02T11:49:50.129Z, 1140.121773, 626.9589048
1714650590146, 2024-05-02T11:49:50.146Z, 1141.2868462, 620.8901390000001
1714650590161, 2024-05-02T11:49:50.161Z, 1134.9541608000002, 612.9761249999999
1714650590192, 2024-05-02T11:49:50.192Z, 1128.4860424, 605.7181432
1714650590206, 2024-05-02T11:49:50.206Z, 1122.7880321999999, 600.8721356
1714650590222, 2024-05-02T11:49:50.222Z, 1113.3050452, 600.7231979999999
1714650590238, 2024-05-02T11:49:50.238Z, 1101.1389424000001, 609.0771098
1714650590253, 2024-05-02T11:49:50.253Z, 1091.0037004, 620.4650554
1714650590269, 2024-05-02T11:49:50.269Z, 1081.7715848, 628.9817416
1714650590284, 2024-05-02T11:49:50.284Z, 1073.649963, 636.0634298
1714650590301, 2024-05-02T11:49:50.301Z, 1068.8163769999999, 638.207514
1714650590316, 2024-05-02T11:49:50.316Z, 1067.4252492, 636.1171281999999
1714650590342, 2024-05-02T11:49:50.342Z, 1068.9627646000001, 627.1310206
1714650590352, 2024-05-02T11:49:50.352Z, 1071.1316786, 621.000342
1714650590394, 2024-05-02T11:49:50.394Z, 1078.1380456, 623.4259952
1714650590409, 2024-05-02T11:49:50.410Z, 1085.3266156, 624.637591
1714650590424, 2024-05-02T11:49:50.424Z, 1090.9463324, 625.1311749999999
1714650590440, 2024-05-02T11:49:50.440Z, 1093.9459766, 629.9234383999999
1714650590457, 2024-05-02T11:49:50.457Z, 1097.2777168, 630.8715737999999
1714650590489, 2024-05-02T11:49:50.489Z, 1092.4401936, 615.7339668000001
1714650590507, 2024-05-02T11:49:50.507Z, 1087.3611564, 600.8514874
1714650590533, 2024-05-02T11:49:50.533Z, 1082.6361254, 585.8555722
1714650590549, 2024-05-02T11:49:50.549Z, 1078.332734, 574.1166784
1714650590565, 2024-05-02T11:49:50.565Z, 1067.9525726000002, 565.1347378
1714650590579, 2024-05-02T11:49:50.579Z, 1060.818339, 563.5130498000001
1714650590595, 2024-05-02T11:49:50.595Z, 1054.5341632, 563.7451398
1714650590611, 2024-05-02T11:49:50.611Z, 1051.1812869999999, 567.9295334000001
1714650590626, 2024-05-02T11:49:50.626Z, 1048.1843428, 570.8438090000001
1714650590649, 2024-05-02T11:49:50.649Z, 1060.3374516000001, 575.5104846
1714650590672, 2024-05-02T11:49:50.672Z, 1072.2025738, 581.3519118
1714650590688, 2024-05-02T11:49:50.688Z, 1082.7928086, 588.2873936
1714650590703, 2024-05-02T11:49:50.703Z, 1088.3479238, 595.9208108
1714650590719, 2024-05-02T11:49:50.719Z, 1097.2786304, 607.5331792
1714650590765, 2024-05-02T11:49:50.765Z, 1090.5989592, 626.5025724
1714650590791, 2024-05-02T11:49:50.791Z, 1082.2106440000002, 664.4969103999999
1714650590812, 2024-05-02T11:49:50.812Z, 1086.7841326, 700.3619562
1714650590827, 2024-05-02T11:49:50.827Z, 1130.9681853999998, 738.6445344
1714650590843, 2024-05-02T11:49:50.843Z, 1171.9931676, 772.0959194
1714650590858, 2024-05-02T11:49:50.858Z, 1218.8491719999997, 795.8944909999999
1714650590874, 2024-05-02T11:49:50.874Z, 1283.9388426, 795.402061
1714650590891, 2024-05-02T11:49:50.891Z, 1337.9762942, 797.3830518
1714650590905, 2024-05-02T11:49:50.905Z, 1354.9364027999998, 793.0903691999999
1714650590921, 2024-05-02T11:49:50.921Z, 1369.7183934, 788.5515286
1714650590938, 2024-05-02T11:49:50.938Z, 1383.87775, 783.5229642
1714650590955, 2024-05-02T11:49:50.955Z, 1380.8367569999998, 779.6829494
1714650590977, 2024-05-02T11:49:50.977Z, 1373.5430708, 768.647917
1714650590984, 2024-05-02T11:49:50.984Z, 1366.9440134, 760.0416862
1714650591001, 2024-05-02T11:49:51.001Z, 1364.311312, 763.1159812
1714650591016, 2024-05-02T11:49:51.016Z, 1363.6648776000002, 770.1382098
1714650591031, 2024-05-02T11:49:51.031Z, 1366.3915854000002, 780.5934560000001
1714650591046, 2024-05-02T11:49:51.046Z, 1370.4690071999999, 792.7903626
1714650591062, 2024-05-02T11:49:51.062Z, 1375.6286644, 805.9225592
1714650591092, 2024-05-02T11:49:51.092Z, 1378.3480174000001, 803.9449098
1714650591108, 2024-05-02T11:49:51.108Z, 1380.1665428000001, 799.7331561999999
1714650591124, 2024-05-02T11:49:51.124Z, 1380.2427794, 795.7847714
1714650591140, 2024-05-02T11:49:51.140Z, 1381.7756718, 789.9750572
1714650591157, 2024-05-02T11:49:51.157Z, 1383.9011928, 783.592244
1714650591171, 2024-05-02T11:49:51.171Z, 1384.5876199999998, 786.335867
1714650591187, 2024-05-02T11:49:51.187Z, 1382.2646823999999, 789.2711834
1714650591202, 2024-05-02T11:49:51.202Z, 1379.3187732000001, 791.1534258
1714650591217, 2024-05-02T11:49:51.217Z, 1376.3262146000002, 797.9109982
1714650591244, 2024-05-02T11:49:51.244Z, 1371.2044647999999, 805.232186
1714650591259, 2024-05-02T11:49:51.259Z, 1367.6257120000002, 809.1958212
1714650591280, 2024-05-02T11:49:51.280Z, 1366.9286768000002, 811.7886652000001
1714650591296, 2024-05-02T11:49:51.296Z, 1362.2798672000001, 812.5319622
1714650591327, 2024-05-02T11:49:51.327Z, 1342.9452124, 795.2390126
1714650591358, 2024-05-02T11:49:51.358Z, 1316.8364815999998, 779.2000708
1714650591389, 2024-05-02T11:49:51.389Z, 1163.8317172000002, 735.5688557999999