1714650551541, 2024-05-02T11:49:11.541Z, 12.971399, 288.400649
1714650551556, 2024-05-02T11:49:11.556Z, 15.890707500000001, 293.2131895
1714650551572, 2024-05-02T11:49:11.572Z, 17.663869000000002, 296.903924
1714650551588, 2024-05-02T11:49:11.588Z, 19.421565, 299.0536
1714650551604, 2024-05-02T11:49:11.604Z, 21.897494000000002, 302.18607000000003
1714650551619, 2024-05-02T11:49:11.619Z, 26.6744058, 308.04278919999996
1714650551854, 2024-05-02T11:49:11.854Z, 76.5024584, 334.945896
1714650551901, 2024-05-02T11:49:11.901Z, 114.53863879999999, 357.42522599999995
1714650551917, 2024-05-02T11:49:11.917Z, 151.877927, 379.661109
1714650552122, 2024-05-02T11:49:12.122Z, 178.73325040000003, 397.74417800000003
1714650552137, 2024-05-02T11:49:12.137Z, 191.5979316, 416.585994
1714650552150, 2024-05-02T11:49:12.150Z, 159.4411044, 411.2327238000001
1714650552167, 2024-05-02T11:49:12.167Z, 137.3851002, 408.03730099999996
1714650552185, 2024-05-02T11:49:12.185Z, 118.87016420000002, 404.20080960000007
1714650552197, 2024-05-02T11:49:12.197Z, 107.84404180000001, 402.8609986
1714650552213, 2024-05-02T11:49:12.213Z, 111.1502438, 402.0392522
1714650552417, 2024-05-02T11:49:12.417Z, 115.97800459999999, 407.12467559999993
1714650552482, 2024-05-02T11:49:12.482Z, 122.01677939999999, 413.22409579999993
1714650552823, 2024-05-02T11:49:12.823Z, 101.23997299999999, 427.955804
1714650552846, 2024-05-02T11:49:12.846Z, 87.92919739999999, 433.4889698
1714650552899, 2024-05-02T11:49:12.899Z, 77.14326439999999, 431.5860358
1714650552915, 2024-05-02T11:49:12.915Z, 65.74058299999999, 423.44291020000003
1714650552946, 2024-05-02T11:49:12.946Z, 102.0920434, 403.492901
1714650552961, 2024-05-02T11:49:12.961Z, 163.9086526, 375.011798
1714650553009, 2024-05-02T11:49:13.009Z, 212.29512680000002, 355.638053
1714650553024, 2024-05-02T11:49:13.024Z, 253.85631080000002, 341.4104034
1714650553040, 2024-05-02T11:49:13.040Z, 291.2870044, 327.4235974
1714650553055, 2024-05-02T11:49:13.055Z, 278.8740364, 323.78844280000004
1714650553071, 2024-05-02T11:49:13.071Z, 263.6218898, 320.2182934
1714650553086, 2024-05-02T11:49:13.086Z, 253.37727020000003, 314.79880139999995
1714650553101, 2024-05-02T11:49:13.101Z, 245.35487519999998, 310.02861060000004
1714650553117, 2024-05-02T11:49:13.117Z, 238.22240660000003, 305.973409
1714650553187, 2024-05-02T11:49:13.187Z, 232.42460180000003, 305.9623796
1714650553211, 2024-05-02T11:49:13.211Z, 227.68450819999998, 306.9084792
1714650553226, 2024-05-02T11:49:13.226Z, 210.9988064, 312.2672982
1714650553241, 2024-05-02T11:49:13.241Z, 190.53645039999998, 313.2863324
1714650553272, 2024-05-02T11:49:13.272Z, 171.83837039999997, 315.8981576
1714650553294, 2024-05-02T11:49:13.294Z, 154.548878, 317.00048219999996
1714650553322, 2024-05-02T11:49:13.322Z, 133.4861676, 318.663323
1714650553354, 2024-05-02T11:49:13.354Z, 127.91380499999998, 317.96057039999994
1714650553366, 2024-05-02T11:49:13.366Z, 128.8084938, 321.056007
1714650553413, 2024-05-02T11:49:13.413Z, 139.781227, 327.7325988
1714650553460, 2024-05-02T11:49:13.460Z, 149.9629632, 335.67801
1714650553507, 2024-05-02T11:49:13.507Z, 162.3926728, 347.4930994
1714650553538, 2024-05-02T11:49:13.538Z, 179.932304, 357.4862312
1714650553553, 2024-05-02T11:49:13.553Z, 202.4189102, 363.0127764
1714650553569, 2024-05-02T11:49:13.569Z, 221.1132574, 363.887869
1714650553631, 2024-05-02T11:49:13.631Z, 256.148486, 360.15389500000003
1714650553646, 2024-05-02T11:49:13.646Z, 299.295128, 350.4796878
1714650553661, 2024-05-02T11:49:13.661Z, 441.541824, 337.3668292
1714650553677, 2024-05-02T11:49:13.677Z, 590.0849338, 326.97126940000004
1714650553693, 2024-05-02T11:49:13.693Z, 745.0721556, 315.051869
1714650553725, 2024-05-02T11:49:13.725Z, 889.5953974, 304.4226988
1714650553744, 2024-05-02T11:49:13.744Z, 1032.7968806000001, 293.89101
1714650553762, 2024-05-02T11:49:13.762Z, 1069.5240812, 289.9236852
1714650553791, 2024-05-02T11:49:13.791Z, 1095.3156232000001, 288.681997
1714650553803, 2024-05-02T11:49:13.803Z, 1115.81281, 290.3946886
1714650553818, 2024-05-02T11:49:13.818Z, 1125.1609979999998, 292.93483219999996
1714650553837, 2024-05-02T11:49:13.837Z, 1127.6033352, 296.56872439999995
1714650553899, 2024-05-02T11:49:13.899Z, 1135.4399921999998, 299.57633619999996
1714650553912, 2024-05-02T11:49:13.912Z, 1148.790658, 302.9507651999999
1714650553928, 2024-05-02T11:49:13.928Z, 1155.190788, 301.73476679999993
1714650553943, 2024-05-02T11:49:13.943Z, 1169.5858276000001, 301.0457118
1714650553959, 2024-05-02T11:49:13.959Z, 1198.6750778, 297.5037436
1714650553974, 2024-05-02T11:49:13.974Z, 1233.6785438, 294.0811168
1714650553989, 2024-05-02T11:49:13.989Z, 1260.8928724, 291.0784056
1714650554005, 2024-05-02T11:49:14.005Z, 1285.7806987999998, 292.1772484
1714650554020, 2024-05-02T11:49:14.020Z, 1305.3954986, 295.0971334
1714650554041, 2024-05-02T11:49:14.041Z, 1313.7953768, 294.2008468
1714650554058, 2024-05-02T11:49:14.058Z, 1311.0664988, 291.1446236
1714650554084, 2024-05-02T11:49:14.084Z, 1315.0948216000002, 279.01175580000006
1714650554103, 2024-05-02T11:49:14.103Z, 1320.230634, 266.6649294
1714650554130, 2024-05-02T11:49:14.130Z, 1328.6285158, 250.33825000000002
1714650554149, 2024-05-02T11:49:14.149Z, 1330.3696264, 236.2432206
1714650554200, 2024-05-02T11:49:14.200Z, 1333.51045, 223.1800968
1714650554210, 2024-05-02T11:49:14.210Z, 1334.5074802, 222.69568600000002
1714650554221, 2024-05-02T11:49:14.221Z, 1333.0222893999999, 219.16364819999998
1714650554238, 2024-05-02T11:49:14.238Z, 1330.7816066, 220.06224939999998
1714650554253, 2024-05-02T11:49:14.253Z, 1334.4267009999999, 230.45826979999998
1714650554268, 2024-05-02T11:49:14.268Z, 1336.749883, 238.75707400000002
1714650554284, 2024-05-02T11:49:14.284Z, 1333.9055176000002, 240.21274160000002
1714650554300, 2024-05-02T11:49:14.300Z, 1334.8055762, 248.0534168
1714650554315, 2024-05-02T11:49:14.315Z, 1335.7643766, 251.2833518
1714650554344, 2024-05-02T11:49:14.344Z, 1335.6677516000002, 250.13589539999998
1714650554356, 2024-05-02T11:49:14.356Z, 1333.8120894, 248.6085328
1714650554373, 2024-05-02T11:49:14.373Z, 1334.0429988, 253.2175968
1714650554388, 2024-05-02T11:49:14.388Z, 1334.0270342, 253.662185
1714650554424, 2024-05-02T11:49:14.424Z, 1334.1609992, 254.90057239999996
1714650554440, 2024-05-02T11:49:14.440Z, 1334.6329849999997, 254.5555844
1714650554455, 2024-05-02T11:49:14.455Z, 1337.1797344000001, 252.8609138
1714650554470, 2024-05-02T11:49:14.470Z, 1339.4213388, 247.40452660000005
1714650554491, 2024-05-02T11:49:14.491Z, 1340.9305419999998, 241.5898036
1714650554508, 2024-05-02T11:49:14.508Z, 1342.9934262000002, 239.75694399999998
1714650554523, 2024-05-02T11:49:14.523Z, 1345.1947169999999, 238.3289154
1714650554535, 2024-05-02T11:49:14.535Z, 1348.379266, 240.06984160000002
1714650554553, 2024-05-02T11:49:14.553Z, 1350.9941626, 239.69323679999997
1714650554573, 2024-05-02T11:49:14.573Z, 1353.2234526, 239.5959334
1714650554584, 2024-05-02T11:49:14.584Z, 1356.3009040000002, 233.65323419999999
1714650554599, 2024-05-02T11:49:14.599Z, 1358.7427060000002, 230.09864900000002
1714650554614, 2024-05-02T11:49:14.614Z, 1360.4990599999999, 228.52630639999998
1714650554645, 2024-05-02T11:49:14.645Z, 1360.5906294000001, 230.3127402
1714650554659, 2024-05-02T11:49:14.659Z, 1360.2836629999997, 232.75045599999999
1714650554671, 2024-05-02T11:49:14.671Z, 1358.0713976, 238.4905098
1714650554688, 2024-05-02T11:49:14.688Z, 1353.7357056, 243.74464959999995
1714650554703, 2024-05-02T11:49:14.703Z, 1349.8985146, 247.74610319999996
1714650554718, 2024-05-02T11:49:14.718Z, 1345.7140146, 250.6363668
1714650554734, 2024-05-02T11:49:14.734Z, 1339.5047470000002, 255.0658878
1714650554750, 2024-05-02T11:49:14.750Z, 1333.36569, 259.6401966
1714650554765, 2024-05-02T11:49:14.765Z, 1328.4441504, 261.8396682
1714650554794, 2024-05-02T11:49:14.794Z, 1323.1150132, 264.43584580000004
1714650554809, 2024-05-02T11:49:14.809Z, 1319.5022714, 265.41354379999996
1714650554822, 2024-05-02T11:49:14.822Z, 1322.76589, 262.669623
1714650554843, 2024-05-02T11:49:14.843Z, 1328.4989843999997, 260.085195
1714650554860, 2024-05-02T11:49:14.860Z, 1332.486943, 258.5497396
1714650554875, 2024-05-02T11:49:14.875Z, 1339.240387, 258.3601738
1714650554890, 2024-05-02T11:49:14.890Z, 1345.3059796000002, 259.267271
1714650554906, 2024-05-02T11:49:14.906Z, 1348.7805948, 269.22681479999994
1714650554922, 2024-05-02T11:49:14.922Z, 1351.6205863999999, 284.1050482
1714650554939, 2024-05-02T11:49:14.939Z, 1357.0440122, 301.39786539999994
1714650554957, 2024-05-02T11:49:14.957Z, 1360.825892, 323.46173
1714650554972, 2024-05-02T11:49:14.972Z, 1364.8092810000003, 345.9036758
1714650554984, 2024-05-02T11:49:14.984Z, 1367.0587876, 361.3226982
1714650555002, 2024-05-02T11:49:15.002Z, 1367.7446263999998, 371.9955527999999
1714650555017, 2024-05-02T11:49:15.017Z, 1368.3540957999999, 379.4488358
1714650555031, 2024-05-02T11:49:15.031Z, 1368.5454367999998, 380.005008
1714650555047, 2024-05-02T11:49:15.047Z, 1368.3935136, 379.8432012
1714650555068, 2024-05-02T11:49:15.068Z, 1366.3432832, 379.50368340000006
1714650555093, 2024-05-02T11:49:15.093Z, 1362.2093442, 378.16231700000003
1714650555108, 2024-05-02T11:49:15.108Z, 1357.4170206, 376.99767520000006
1714650555124, 2024-05-02T11:49:15.124Z, 1351.7739655999999, 375.97602680000006
1714650555139, 2024-05-02T11:49:15.139Z, 1344.6785914, 374.63127040000006
1714650555155, 2024-05-02T11:49:15.155Z, 1339.0685072, 373.0201028
1714650555170, 2024-05-02T11:49:15.170Z, 1335.4912348000003, 371.6653502
1714650555187, 2024-05-02T11:49:15.187Z, 1331.2338024000003, 370.881116
1714650555201, 2024-05-02T11:49:15.201Z, 1332.2264278, 369.9119584
1714650555216, 2024-05-02T11:49:15.216Z, 1335.2396346, 369.82964619999996
1714650555243, 2024-05-02T11:49:15.243Z, 1337.7436154000002, 370.67869279999996
1714650555258, 2024-05-02T11:49:15.258Z, 1340.176184, 371.90863959999996
1714650555272, 2024-05-02T11:49:15.272Z, 1344.2652056, 369.2051192
1714650555293, 2024-05-02T11:49:15.293Z, 1344.0030324, 367.03443699999997
1714650555309, 2024-05-02T11:49:15.309Z, 1342.1430984, 361.6599628
1714650555324, 2024-05-02T11:49:15.324Z, 1341.2942084000001, 354.85938479999993
1714650555341, 2024-05-02T11:49:15.341Z, 1340.7264786, 347.7122604
1714650555357, 2024-05-02T11:49:15.357Z, 1338.5913262, 345.40370040000005
1714650555372, 2024-05-02T11:49:15.372Z, 1334.8476786, 342.9119576
1714650555389, 2024-05-02T11:49:15.389Z, 1332.4880396, 343.3802802
1714650555407, 2024-05-02T11:49:15.407Z, 1330.6590722, 345.34138360000003
1714650555422, 2024-05-02T11:49:15.422Z, 1328.8995719999998, 347.2819054
1714650555434, 2024-05-02T11:49:15.434Z, 1328.2676457999999, 348.63372760000004
1714650555452, 2024-05-02T11:49:15.452Z, 1328.4224120000001, 350.8252218
1714650555467, 2024-05-02T11:49:15.467Z, 1329.1587058, 353.0255856
1714650555481, 2024-05-02T11:49:15.481Z, 1329.3985516, 355.4091084
1714650555497, 2024-05-02T11:49:15.497Z, 1330.4049628, 356.8548238
1714650555515, 2024-05-02T11:49:15.515Z, 1334.4601448, 358.53862280000004
1714650555548, 2024-05-02T11:49:15.548Z, 1338.2137037999998, 359.611788
1714650555562, 2024-05-02T11:49:15.562Z, 1341.5625260000002, 360.6954818
1714650555575, 2024-05-02T11:49:15.575Z, 1344.2211829999999, 361.33539559999997
1714650555606, 2024-05-02T11:49:15.606Z, 1345.6215232, 362.1016224
1714650555622, 2024-05-02T11:49:15.622Z, 1343.9396643999999, 361.7986086
1714650555638, 2024-05-02T11:49:15.638Z, 1342.8294176, 367.7489732
1714650555653, 2024-05-02T11:49:15.653Z, 1342.4274467999999, 373.7033396
1714650555669, 2024-05-02T11:49:15.669Z, 1343.7870712, 380.932998
1714650555698, 2024-05-02T11:49:15.698Z, 1346.5328562, 390.6244596
1714650555708, 2024-05-02T11:49:15.708Z, 1350.1934932, 401.289967
1714650555747, 2024-05-02T11:49:15.747Z, 1356.7722328, 407.1149074
1714650555768, 2024-05-02T11:49:15.768Z, 1365.3536768, 411.04486799999995
1714650555776, 2024-05-02T11:49:15.776Z, 1372.506921, 412.27009580000004
1714650555807, 2024-05-02T11:49:15.807Z, 1378.6749726, 411.72954360000006
1714650555822, 2024-05-02T11:49:15.822Z, 1383.2565774, 410.5125008000001
1714650555838, 2024-05-02T11:49:15.838Z, 1385.425444, 407.811591
1714650555856, 2024-05-02T11:49:15.856Z, 1386.6382475999999, 407.64714779999997
1714650555878, 2024-05-02T11:49:15.878Z, 1363.5775042, 410.5511874
1714650555900, 2024-05-02T11:49:15.900Z, 1328.173887, 415.8879936
1714650555916, 2024-05-02T11:49:15.916Z, 1278.8938569999998, 424.9667579999999
1714650555931, 2024-05-02T11:49:15.931Z, 1220.8993452, 435.2837866
1714650555947, 2024-05-02T11:49:15.947Z, 1162.391201, 445.4447586
1714650555968, 2024-05-02T11:49:15.968Z, 1128.6654682, 453.2820164
1714650555994, 2024-05-02T11:49:15.994Z, 1108.4744136000002, 456.4874432
1714650556011, 2024-05-02T11:49:16.011Z, 1103.1509726, 455.28349099999997
1714650556025, 2024-05-02T11:49:16.025Z, 1106.9799748, 452.5971748
1714650556041, 2024-05-02T11:49:16.041Z, 1109.8367788, 447.275894
1714650556057, 2024-05-02T11:49:16.057Z, 1113.3567805999999, 443.897425
1714650556072, 2024-05-02T11:49:16.072Z, 1115.884352, 444.89095740000005
1714650556088, 2024-05-02T11:49:16.088Z, 1118.0639208, 446.94508780000007
1714650556103, 2024-05-02T11:49:16.103Z, 1117.9956242, 449.30980239999997
1714650556119, 2024-05-02T11:49:16.119Z, 1117.305179, 453.8317446
1714650556143, 2024-05-02T11:49:16.143Z, 1113.7854493999998, 456.57449240000005
1714650556152, 2024-05-02T11:49:16.152Z, 1110.1476625999999, 457.36122620000003
1714650556172, 2024-05-02T11:49:16.172Z, 1104.9125329999997, 456.0738788
1714650556187, 2024-05-02T11:49:16.187Z, 1100.297592, 448.75240199999996
1714650556198, 2024-05-02T11:49:16.198Z, 1095.8805963999998, 441.6353392
1714650556223, 2024-05-02T11:49:16.223Z, 1094.0176606, 435.829552
1714650556232, 2024-05-02T11:49:16.232Z, 1092.3565779999997, 429.82849880000003
1714650556243, 2024-05-02T11:49:16.243Z, 1092.7571512, 426.6477992
1714650556268, 2024-05-02T11:49:16.268Z, 1094.0813746, 429.6984318
1714650556293, 2024-05-02T11:49:16.293Z, 1094.1448382, 434.17546400000003
1714650556313, 2024-05-02T11:49:16.313Z, 1093.0341303999999, 438.574967
1714650556328, 2024-05-02T11:49:16.328Z, 1091.8267360000002, 443.4007176
1714650556338, 2024-05-02T11:49:16.338Z, 1088.1445392, 449.2238708
1714650556355, 2024-05-02T11:49:16.355Z, 1083.8459556, 455.27037520000005
1714650556374, 2024-05-02T11:49:16.374Z, 1081.676867, 459.411923
1714650556383, 2024-05-02T11:49:16.383Z, 1079.8813912, 462.6204868
1714650556399, 2024-05-02T11:49:16.399Z, 1076.3712394, 464.74150820000006
1714650556414, 2024-05-02T11:49:16.414Z, 1075.3524632, 464.75541400000003
1714650556445, 2024-05-02T11:49:16.445Z, 1074.4897646000002, 463.22766759999996
1714650556461, 2024-05-02T11:49:16.461Z, 1072.0545068, 461.3787738
1714650556476, 2024-05-02T11:49:16.476Z, 1069.4168592, 460.06418080000003
1714650556492, 2024-05-02T11:49:16.492Z, 1068.5616516, 460.48271300000005
1714650556507, 2024-05-02T11:49:16.507Z, 1066.6383528000001, 462.69654819999994
1714650556522, 2024-05-02T11:49:16.522Z, 1064.8511125999999, 465.6472036
1714650556538, 2024-05-02T11:49:16.538Z, 1063.4163896, 468.2807964
1714650556553, 2024-05-02T11:49:16.553Z, 1062.4375712, 469.8052522
1714650556569, 2024-05-02T11:49:16.569Z, 1061.2237956, 469.92221179999996
1714650556594, 2024-05-02T11:49:16.594Z, 1058.6571202, 467.0768822
1714650556609, 2024-05-02T11:49:16.609Z, 1056.787322, 464.2681242
1714650556788, 2024-05-02T11:49:16.788Z, 860.5449357999998, 469.8297026
1714650556804, 2024-05-02T11:49:16.804Z, 658.3120608000002, 478.573818
1714650556821, 2024-05-02T11:49:16.821Z, 458.6523156, 488.12720840000003
1714650556836, 2024-05-02T11:49:16.836Z, 264.3177716, 501.707975
1714650556866, 2024-05-02T11:49:16.866Z, 69.12614140000001, 515.5479378
1714650556914, 2024-05-02T11:49:16.914Z, 74.85264959999999, 528.6209276
1714650556929, 2024-05-02T11:49:16.929Z, 85.584802, 536.9472937999999
1714650556943, 2024-05-02T11:49:16.943Z, 102.38194639999999, 546.4678289999999
1714650556959, 2024-05-02T11:49:16.959Z, 114.77413039999999, 553.06407
1714650556975, 2024-05-02T11:49:16.975Z, 123.66346520000002, 560.57965
1714650557006, 2024-05-02T11:49:17.006Z, 119.45792119999999, 556.6182562000001
1714650557021, 2024-05-02T11:49:17.021Z, 115.13341080000001, 558.8256210000001
1714650557073, 2024-05-02T11:49:17.073Z, 104.57561679999999, 559.7980734
1714650557119, 2024-05-02T11:49:17.119Z, 96.45561080000002, 561.9250787999999
1714650557134, 2024-05-02T11:49:17.134Z, 90.4987348, 561.1119704
1714650557164, 2024-05-02T11:49:17.164Z, 93.8463376, 555.3565849999999
1714650557193, 2024-05-02T11:49:17.193Z, 95.8452356, 543.1176751999999
1714650557209, 2024-05-02T11:49:17.209Z, 94.4767256, 530.0480946
1714650557240, 2024-05-02T11:49:17.240Z, 94.98423299999999, 515.4615318
1714650557256, 2024-05-02T11:49:17.256Z, 98.81236679999999, 503.23850359999994
1714650557287, 2024-05-02T11:49:17.287Z, 97.7619694, 501.70677020000005
1714650557304, 2024-05-02T11:49:17.304Z, 99.2113516, 503.07680760000005
1714650557343, 2024-05-02T11:49:17.343Z, 99.03000999999999, 506.1923004
1714650557357, 2024-05-02T11:49:17.357Z, 97.88873759999998, 510.0026882
1714650557367, 2024-05-02T11:49:17.367Z, 104.8307796, 512.3174339999999
1714650557387, 2024-05-02T11:49:17.387Z, 126.70574000000002, 513.3234382
1714650557413, 2024-05-02T11:49:17.413Z, 146.7944476, 515.0444056
1714650557432, 2024-05-02T11:49:17.432Z, 172.3280312, 514.2689136
1714650557460, 2024-05-02T11:49:17.460Z, 196.187998, 513.3672256
1714650557507, 2024-05-02T11:49:17.507Z, 213.3495554, 515.5165844
1714650557523, 2024-05-02T11:49:17.523Z, 217.82272120000002, 517.4025404
1714650557539, 2024-05-02T11:49:17.539Z, 182.10826179999998, 532.4713055999999
1714650557554, 2024-05-02T11:49:17.554Z, 140.7507888, 550.3569587999999
1714650557600, 2024-05-02T11:49:17.600Z, 97.6470066, 570.1321465999999
1714650557616, 2024-05-02T11:49:17.616Z, 54.4637642, 588.5561762
1714650557911, 2024-05-02T11:49:17.911Z, 10.537238, 615.6266372
1714650557944, 2024-05-02T11:49:17.944Z, 13.156493999999999, 625.9129141999999
1714650557958, 2024-05-02T11:49:17.958Z, 19.517363, 634.9321538
1714650557974, 2024-05-02T11:49:17.974Z, 56.17727599999999, 639.082845
1714650558004, 2024-05-02T11:49:18.004Z, 97.17719159999999, 643.1278986
1714650558020, 2024-05-02T11:49:18.020Z, 137.0297174, 637.1160006
1714650558050, 2024-05-02T11:49:18.050Z, 167.6329178, 631.387487
1714650558066, 2024-05-02T11:49:18.066Z, 192.65358740000002, 624.436091
1714650558089, 2024-05-02T11:49:18.089Z, 163.4781786, 619.1209176
1714650558131, 2024-05-02T11:49:18.131Z, 120.3673094, 614.3985834
1714650558150, 2024-05-02T11:49:18.150Z, 80.48297620000001, 612.0476541999999
1714650558195, 2024-05-02T11:49:18.195Z, 79.74946059999999, 617.7994765999999
1714650558242, 2024-05-02T11:49:18.242Z, 83.1691878, 627.5751016
1714650558256, 2024-05-02T11:49:18.256Z, 111.32149380000001, 638.8433046
1714650558288, 2024-05-02T11:49:18.288Z, 161.09518839999998, 638.632972
1714650558346, 2024-05-02T11:49:18.346Z, 209.58160119999997, 634.8250832
1714650558361, 2024-05-02T11:49:18.361Z, 221.1792072, 623.9450232
1714650558396, 2024-05-02T11:49:18.396Z, 243.325387, 620.3289866
1714650558427, 2024-05-02T11:49:18.427Z, 263.5355164, 618.4481502000001
1714650558471, 2024-05-02T11:49:18.471Z, 268.5236994, 626.3076326
1714650558501, 2024-05-02T11:49:18.501Z, 278.4403464, 639.7950764
1714650558517, 2024-05-02T11:49:18.517Z, 294.9977442, 655.4190633999999
1714650558558, 2024-05-02T11:49:18.558Z, 309.4285954, 662.7021026
1714650558603, 2024-05-02T11:49:18.603Z, 327.6591218, 666.9650426000001
1714650558648, 2024-05-02T11:49:18.648Z, 337.2775044, 670.620862
1714650558693, 2024-05-02T11:49:18.693Z, 335.3140946, 666.1255958
1714650558736, 2024-05-02T11:49:18.736Z, 328.521891, 657.4813625999999
1714650558753, 2024-05-02T11:49:18.753Z, 312.714482, 646.6943314
1714650558781, 2024-05-02T11:49:18.781Z, 290.241081, 634.6733978
1714650558796, 2024-05-02T11:49:18.796Z, 280.15447839999996, 623.7705218
1714650559191, 2024-05-02T11:49:19.191Z, 418.41575, 549.183421
1714650559207, 2024-05-02T11:49:19.207Z, 579.3135422, 497.26090840000006
1714650559218, 2024-05-02T11:49:19.218Z, 748.2456466, 456.603109
1714650559236, 2024-05-02T11:49:19.236Z, 924.8026978, 420.899081
1714650559266, 2024-05-02T11:49:19.266Z, 1102.8446466, 388.1754176
1714650559298, 2024-05-02T11:49:19.298Z, 1142.8687294000001, 427.8663352
1714650559313, 2024-05-02T11:49:19.313Z, 1162.6518028, 445.9662144
1714650559329, 2024-05-02T11:49:19.329Z, 1174.7939212, 453.3373522
1714650559359, 2024-05-02T11:49:19.359Z, 1185.5594922, 462.11798179999994
1714650559375, 2024-05-02T11:49:19.375Z, 1190.7035914, 465.96263419999997
1714650559406, 2024-05-02T11:49:19.406Z, 1187.1978356, 466.03921
1714650559422, 2024-05-02T11:49:19.422Z, 1176.1900526, 467.9480036
1714650559441, 2024-05-02T11:49:19.441Z, 1159.4589776, 469.3139782
1714650559463, 2024-05-02T11:49:19.463Z, 1140.6503782, 467.2249888
1714650559474, 2024-05-02T11:49:19.474Z, 1120.9056346000002, 468.3757337999999
1714650559485, 2024-05-02T11:49:19.485Z, 1103.4394954, 470.46011940000005
1714650559504, 2024-05-02T11:49:19.504Z, 1091.3575529999998, 472.10124079999997
1714650559519, 2024-05-02T11:49:19.519Z, 1086.2153474, 473.33552320000007
1714650559532, 2024-05-02T11:49:19.532Z, 1080.8126496, 475.20985519999994
1714650559549, 2024-05-02T11:49:19.549Z, 1077.1119498, 475.80846060000005
1714650559565, 2024-05-02T11:49:19.565Z, 1076.4071884, 476.17820759999995
1714650559595, 2024-05-02T11:49:19.595Z, 1076.1340624, 477.70070640000006
1714650559626, 2024-05-02T11:49:19.626Z, 1075.9655522, 480.2619704
1714650559642, 2024-05-02T11:49:19.642Z, 1081.7983346, 481.7144534000001
1714650559657, 2024-05-02T11:49:19.657Z, 1090.1108381999998, 482.663437
1714650559672, 2024-05-02T11:49:19.672Z, 1106.0315805999999, 483.9112526
1714650559687, 2024-05-02T11:49:19.687Z, 1125.464875, 483.77451439999993
1714650559703, 2024-05-02T11:49:19.703Z, 1144.9699646, 482.68741719999997
1714650559718, 2024-05-02T11:49:19.718Z, 1160.0425186, 481.0997684
1714650559766, 2024-05-02T11:49:19.766Z, 1175.2960971999998, 478.92803699999996
1714650559781, 2024-05-02T11:49:19.781Z, 1183.574643, 476.6650698
1714650559797, 2024-05-02T11:49:19.797Z, 1187.5104124, 474.97113179999997
1714650559812, 2024-05-02T11:49:19.812Z, 1189.8257804, 475.39039239999994
1714650559827, 2024-05-02T11:49:19.827Z, 1193.7758105999999, 476.6736946
1714650559842, 2024-05-02T11:49:19.842Z, 1196.3387191999998, 478.465472
1714650559858, 2024-05-02T11:49:19.858Z, 1203.2934043999999, 478.7690546
1714650559873, 2024-05-02T11:49:19.873Z, 1211.9345873999998, 478.86838580000006
1714650559890, 2024-05-02T11:49:19.890Z, 1219.6250584, 475.7730722
1714650559907, 2024-05-02T11:49:19.907Z, 1226.2987384, 470.12916740000003
1714650559936, 2024-05-02T11:49:19.936Z, 1233.8099473999998, 466.12600299999997
1714650559952, 2024-05-02T11:49:19.952Z, 1234.2213796, 464.0540094
1714650559973, 2024-05-02T11:49:19.973Z, 1231.9919272000002, 460.4103838
1714650559984, 2024-05-02T11:49:19.984Z, 1230.3562806000002, 456.6060668
1714650559999, 2024-05-02T11:49:19.999Z, 1227.5235256, 455.71334820000004
1714650560015, 2024-05-02T11:49:20.015Z, 1220.9274053999998, 453.4789666
1714650560044, 2024-05-02T11:49:20.044Z, 1211.3731058, 450.1576376
1714650560058, 2024-05-02T11:49:20.058Z, 1198.8180315999998, 452.4193434
1714650560068, 2024-05-02T11:49:20.068Z, 1183.4081612, 456.95036459999994
1714650560093, 2024-05-02T11:49:20.093Z, 1164.5525954, 460.99514
1714650560108, 2024-05-02T11:49:20.108Z, 1142.8997856, 462.68664040000004
1714650560124, 2024-05-02T11:49:20.124Z, 1123.0232104, 464.8696272
1714650560138, 2024-05-02T11:49:20.138Z, 1105.6366486, 462.8778566
1714650560155, 2024-05-02T11:49:20.155Z, 1094.0052506, 460.934707
1714650560170, 2024-05-02T11:49:20.170Z, 1085.1522702, 458.5189595999999
1714650560193, 2024-05-02T11:49:20.193Z, 1077.9713216, 455.9276078
1714650560203, 2024-05-02T11:49:20.203Z, 1073.6362732, 453.93664559999996
1714650560222, 2024-05-02T11:49:20.222Z, 1073.3830714, 450.80048880000004
1714650560243, 2024-05-02T11:49:20.243Z, 1070.8676506, 448.6689096
1714650560249, 2024-05-02T11:49:20.249Z, 1070.3081238, 446.21276500000005
1714650560267, 2024-05-02T11:49:20.267Z, 1071.2523355999997, 451.40806919999994
1714650560283, 2024-05-02T11:49:20.283Z, 1072.5069013999998, 458.0881746
1714650560296, 2024-05-02T11:49:20.296Z, 1071.7717372000002, 465.7905884
1714650560312, 2024-05-02T11:49:20.312Z, 1068.508892, 472.9843704000001
1714650560338, 2024-05-02T11:49:20.338Z, 1053.4080000000001, 476.0204642
1714650560510, 2024-05-02T11:49:20.510Z, 869.8917177999999, 459.93994599999996
1714650560551, 2024-05-02T11:49:20.551Z, 689.5881902, 446.35320140000005
1714650560562, 2024-05-02T11:49:20.562Z, 509.30135299999995, 433.279363
1714650560596, 2024-05-02T11:49:20.596Z, 309.0682818, 429.014524
1714650560608, 2024-05-02T11:49:20.608Z, 115.43990160000001, 438.26360919999996
1714650560646, 2024-05-02T11:49:20.646Z, 90.3684208, 463.1854314
1714650560659, 2024-05-02T11:49:20.659Z, 63.18883159999999, 483.63948519999997
1714650560692, 2024-05-02T11:49:20.692Z, 36.2708782, 509.2482856
1714650560714, 2024-05-02T11:49:20.714Z, 32.7270322, 525.1581066000001
1714650560729, 2024-05-02T11:49:20.729Z, 33.3628342, 532.4897788000001
1714650560745, 2024-05-02T11:49:20.745Z, 35.1961146, 538.5531566000001
1714650560794, 2024-05-02T11:49:20.794Z, 42.5646672, 537.2542006
1714650560826, 2024-05-02T11:49:20.826Z, 40.097447800000005, 531.5627695999999
1714650560971, 2024-05-02T11:49:20.971Z, 43.260146, 530.6361534
1714650560986, 2024-05-02T11:49:20.986Z, 36.299208, 521.3874745999999
1714650561002, 2024-05-02T11:49:21.002Z, 34.4922392, 512.735203
1714650561032, 2024-05-02T11:49:21.032Z, 26.648941199999996, 509.15995919999995
1714650561048, 2024-05-02T11:49:21.048Z, 34.2430624, 512.9873958000001
1714650561058, 2024-05-02T11:49:21.058Z, 41.0185916, 514.1464732000001
1714650561103, 2024-05-02T11:49:21.103Z, 68.45715580000001, 524.6990321999999
1714650561121, 2024-05-02T11:49:21.121Z, 111.1539912, 533.1115278
1714650561151, 2024-05-02T11:49:21.151Z, 151.299422, 542.3926564000001
1714650561166, 2024-05-02T11:49:21.166Z, 185.09570779999999, 545.2741688
1714650561197, 2024-05-02T11:49:21.197Z, 214.0552792, 548.0686334
1714650561213, 2024-05-02T11:49:21.213Z, 234.21575119999997, 549.5592354
1714650561238, 2024-05-02T11:49:21.238Z, 233.65274, 554.6088162
1714650561255, 2024-05-02T11:49:21.255Z, 234.57234680000002, 561.3990324
1714650561281, 2024-05-02T11:49:21.281Z, 234.7437792, 563.1181939999999
1714650561300, 2024-05-02T11:49:21.300Z, 234.72983140000002, 562.5379498
1714650561316, 2024-05-02T11:49:21.316Z, 236.89733719999998, 560.5666880000001
1714650561326, 2024-05-02T11:49:21.326Z, 249.9200242, 552.6732498000001
1714650561345, 2024-05-02T11:49:21.345Z, 265.29373799999996, 544.5033596
1714650561361, 2024-05-02T11:49:21.361Z, 282.3170414, 539.8676618000001
1714650561555, 2024-05-02T11:49:21.555Z, 264.8814362, 542.7885527999999
1714650561572, 2024-05-02T11:49:21.572Z, 280.85754699999995, 530.4220558
1714650561588, 2024-05-02T11:49:21.588Z, 278.43881380000005, 519.1450102000001
1714650561603, 2024-05-02T11:49:21.603Z, 268.71553140000003, 505.78102980000006
1714650561618, 2024-05-02T11:49:21.618Z, 257.6082378, 492.02493460000005
1714650561649, 2024-05-02T11:49:21.649Z, 278.90686, 470.84419879999996
1714650561665, 2024-05-02T11:49:21.665Z, 259.9938424, 467.72001819999997
1714650561727, 2024-05-02T11:49:21.727Z, 247.472408, 483.5116428
1714650561742, 2024-05-02T11:49:21.742Z, 241.4459422, 503.57627119999995
1714650561759, 2024-05-02T11:49:21.759Z, 245.0351672, 535.6572094
1714650561774, 2024-05-02T11:49:21.774Z, 251.5432542, 568.6024636
1714650561789, 2024-05-02T11:49:21.789Z, 258.5526334, 604.2897412
1714650561805, 2024-05-02T11:49:21.805Z, 263.5659498, 625.8462721999999
1714650561847, 2024-05-02T11:49:21.847Z, 260.3502848, 639.2264266
1714650561883, 2024-05-02T11:49:21.883Z, 255.6765466, 640.7398406
1714650562055, 2024-05-02T11:49:22.055Z, 414.9529102, 643.7993272
1714650562351, 2024-05-02T11:49:22.351Z, 568.2714466, 649.5610254000001
1714650562367, 2024-05-02T11:49:22.367Z, 742.530608, 631.3812780000001
1714650562392, 2024-05-02T11:49:22.392Z, 918.5169148000001, 625.518384
1714650562403, 2024-05-02T11:49:22.403Z, 1083.6582774, 624.3556017999999
1714650562413, 2024-05-02T11:49:22.413Z, 1071.3297412, 632.0838172
1714650562448, 2024-05-02T11:49:22.448Z, 1072.8659575999998, 628.4192242
1714650562461, 2024-05-02T11:49:22.461Z, 1060.702781, 639.6899992000001
1714650562492, 2024-05-02T11:49:22.492Z, 1056.7693564, 641.2731458000001
1714650562507, 2024-05-02T11:49:22.507Z, 1052.0872394, 643.4479928
1714650562523, 2024-05-02T11:49:22.523Z, 1063.669613, 645.746709
1714650562538, 2024-05-02T11:49:22.538Z, 1070.5695354, 649.6263
1714650562553, 2024-05-02T11:49:22.553Z, 1074.7042119999999, 658.1310053999999
1714650562568, 2024-05-02T11:49:22.568Z, 1078.1048824, 671.9532996
1714650562595, 2024-05-02T11:49:22.595Z, 1086.5632694, 680.2191310000001
1714650562616, 2024-05-02T11:49:22.616Z, 1092.3248182, 679.385349
1714650562633, 2024-05-02T11:49:22.633Z, 1098.4786523999999, 678.9754562
1714650562648, 2024-05-02T11:49:22.648Z, 1103.5409498, 681.8029026
1714650562664, 2024-05-02T11:49:22.664Z, 1104.2144997999999, 682.2219670000001
1714650562679, 2024-05-02T11:49:22.679Z, 1104.0551294, 682.4315474
1714650562695, 2024-05-02T11:49:22.695Z, 1104.46537, 679.1849182
1714650562710, 2024-05-02T11:49:22.710Z, 1104.4716122000002, 676.9481284000001
1714650562726, 2024-05-02T11:49:22.726Z, 1105.9697408, 672.1627202
1714650562751, 2024-05-02T11:49:22.751Z, 1107.3521028, 667.1017568
1714650562767, 2024-05-02T11:49:22.767Z, 1103.7468382, 662.789272
1714650562776, 2024-05-02T11:49:22.776Z, 1099.1218403999999, 656.753974
1714650562790, 2024-05-02T11:49:22.790Z, 1091.0198145999998, 651.466898
1714650562805, 2024-05-02T11:49:22.805Z, 1079.9510894, 645.7680692
1714650562823, 2024-05-02T11:49:22.823Z, 1065.9388153999998, 638.5559949999999
1714650562835, 2024-05-02T11:49:22.835Z, 1056.7123894000001, 635.1812938
1714650562851, 2024-05-02T11:49:22.851Z, 1042.5672908, 635.0026974
1714650562868, 2024-05-02T11:49:22.868Z, 1031.109499, 634.6512358
1714650562915, 2024-05-02T11:49:22.915Z, 1022.8263554000001, 637.5549214
1714650562930, 2024-05-02T11:49:22.930Z, 1029.3691272, 635.4288796
1714650562962, 2024-05-02T11:49:22.962Z, 1039.1925002, 632.6444944000001
1714650562977, 2024-05-02T11:49:22.977Z, 1057.1527788, 634.4550742000001
1714650563008, 2024-05-02T11:49:23.008Z, 1070.3197420000001, 639.338554
1714650563024, 2024-05-02T11:49:23.024Z, 1069.6264530000003, 642.4563794000001
1714650563045, 2024-05-02T11:49:23.045Z, 1056.6199962000003, 631.0865848
1714650563060, 2024-05-02T11:49:23.060Z, 1041.490525, 612.1090764
1714650563072, 2024-05-02T11:49:23.072Z, 1033.2954602, 572.8260524
1714650563085, 2024-05-02T11:49:23.085Z, 1032.2067434, 528.8546916
1714650563102, 2024-05-02T11:49:23.102Z, 1041.555265, 484.901793
1714650563117, 2024-05-02T11:49:23.117Z, 1055.4170866, 463.92555159999995
1714650563133, 2024-05-02T11:49:23.133Z, 1067.3419244, 447.40256
1714650563148, 2024-05-02T11:49:23.148Z, 1069.3630762, 446.28939499999996
1714650563164, 2024-05-02T11:49:23.164Z, 1067.7580836, 447.6929472
1714650563193, 2024-05-02T11:49:23.193Z, 1070.7222204, 450.86843260000006
1714650563207, 2024-05-02T11:49:23.207Z, 1071.9115876, 452.46020659999994
1714650563218, 2024-05-02T11:49:23.218Z, 1072.7594371999999, 453.06140940000006
1714650563237, 2024-05-02T11:49:23.237Z, 1068.474925, 451.7013122
1714650563252, 2024-05-02T11:49:23.252Z, 1064.8412742, 450.47565920000005
1714650563263, 2024-05-02T11:49:23.263Z, 1059.5756378, 448.02855439999996
1714650563282, 2024-05-02T11:49:23.282Z, 1057.9808624000002, 442.38985900000006
1714650563298, 2024-05-02T11:49:23.298Z, 1058.58338, 439.0308892
1714650563314, 2024-05-02T11:49:23.314Z, 1065.2049136, 439.6390982
1714650563351, 2024-05-02T11:49:23.351Z, 1075.6895562, 440.300883
1714650563366, 2024-05-02T11:49:23.366Z, 1085.1330036, 441.9655752
1714650563382, 2024-05-02T11:49:23.382Z, 1094.379037, 444.04846359999993
1714650563399, 2024-05-02T11:49:23.399Z, 1102.2120856000001, 446.483316
1714650563414, 2024-05-02T11:49:23.414Z, 1109.8897169999998, 450.2826744
1714650563430, 2024-05-02T11:49:23.430Z, 1114.958799, 451.38269060000005
1714650563444, 2024-05-02T11:49:23.444Z, 1120.2971016, 453.24980560000006
1714650563460, 2024-05-02T11:49:23.460Z, 1121.8915140000001, 459.2526098
1714650563476, 2024-05-02T11:49:23.476Z, 1127.5992976, 462.2495774
1714650563492, 2024-05-02T11:49:23.492Z, 1134.742538, 462.77271659999997
1714650563508, 2024-05-02T11:49:23.508Z, 1147.214299, 472.519326
1714650563524, 2024-05-02T11:49:23.524Z, 1161.0733821999997, 481.9373878
1714650563540, 2024-05-02T11:49:23.540Z, 1177.4363562000003, 489.981199
1714650563555, 2024-05-02T11:49:23.555Z, 1195.461243, 498.9455833999999
1714650563571, 2024-05-02T11:49:23.571Z, 1213.3430146, 507.8986294
1714650563586, 2024-05-02T11:49:23.586Z, 1226.9097324, 509.154309
1714650563602, 2024-05-02T11:49:23.602Z, 1239.2800018000003, 506.29815399999995
1714650563617, 2024-05-02T11:49:23.617Z, 1249.938495, 503.44596020000006
1714650563644, 2024-05-02T11:49:23.644Z, 1255.4110348, 500.768737
1714650563656, 2024-05-02T11:49:23.656Z, 1259.4012366, 494.58961759999994
1714650563668, 2024-05-02T11:49:23.668Z, 1264.5726784, 485.29826979999996
1714650563696, 2024-05-02T11:49:23.696Z, 1268.8527166, 476.96610979999997
1714650563711, 2024-05-02T11:49:23.711Z, 1274.9920236, 470.87101640000003
1714650563727, 2024-05-02T11:49:23.727Z, 1280.7331881999999, 466.94769340000005
1714650563742, 2024-05-02T11:49:23.742Z, 1287.1388229999998, 466.5996134
1714650563757, 2024-05-02T11:49:23.757Z, 1290.9355626000001, 469.51085779999994
1714650563772, 2024-05-02T11:49:23.772Z, 1295.2243394000002, 473.9861706
1714650563792, 2024-05-02T11:49:23.792Z, 1300.1770302, 468.2494842
1714650563806, 2024-05-02T11:49:23.806Z, 1303.8889975999998, 467.1760352
1714650563829, 2024-05-02T11:49:23.829Z, 1307.3976294, 459.6377308
1714650563845, 2024-05-02T11:49:23.845Z, 1309.2818063999998, 458.8424504000001
1714650563857, 2024-05-02T11:49:23.857Z, 1310.5706773999998, 458.1069188
1714650563868, 2024-05-02T11:49:23.868Z, 1309.2613294, 465.6937054
1714650563884, 2024-05-02T11:49:23.884Z, 1310.2707994, 465.05761700000005
1714650563898, 2024-05-02T11:49:23.898Z, 1310.737509, 468.78256120000003
1714650563913, 2024-05-02T11:49:23.913Z, 1312.2480552000002, 466.104087
1714650563939, 2024-05-02T11:49:23.939Z, 1305.8165594, 464.95424599999996
1714650563973, 2024-05-02T11:49:23.973Z, 1288.3761412000001, 463.4732156
1714650563990, 2024-05-02T11:49:23.990Z, 1267.5246488, 465.94404779999996
1714650564003, 2024-05-02T11:49:24.003Z, 1243.378157, 472.09283059999996
1714650564016, 2024-05-02T11:49:24.016Z, 1218.671563, 483.95052159999995
1714650564028, 2024-05-02T11:49:24.028Z, 1202.41223, 494.89014779999997
1714650564048, 2024-05-02T11:49:24.048Z, 1197.1272606, 506.89113580000003
1714650564062, 2024-05-02T11:49:24.062Z, 1191.2744014000002, 518.7733013999999
1714650564094, 2024-05-02T11:49:24.094Z, 1188.924976, 528.2088461999999
1714650564118, 2024-05-02T11:49:24.118Z, 1184.1262036, 532.93966
1714650564137, 2024-05-02T11:49:24.137Z, 1167.7930418, 548.5465696
1714650564152, 2024-05-02T11:49:24.152Z, 1152.787388, 559.948923
1714650564163, 2024-05-02T11:49:24.163Z, 1142.8302965999999, 569.6512156
1714650564190, 2024-05-02T11:49:24.190Z, 1130.414929, 580.1931748
1714650564199, 2024-05-02T11:49:24.199Z, 1121.0030608000002, 588.9202496
1714650564210, 2024-05-02T11:49:24.210Z, 1125.9620568, 584.5954876000001
1714650564243, 2024-05-02T11:49:24.243Z, 1129.3631650000002, 582.3124368
1714650564255, 2024-05-02T11:49:24.255Z, 1132.1725688000001, 576.5021426
1714650564272, 2024-05-02T11:49:24.272Z, 1136.607906, 562.3605220000001
1714650564287, 2024-05-02T11:49:24.287Z, 1142.2714398, 548.6941582000001
1714650564303, 2024-05-02T11:49:24.303Z, 1153.7984322, 534.6309766
1714650564318, 2024-05-02T11:49:24.318Z, 1168.4143522, 519.6819148000001
1714650564334, 2024-05-02T11:49:24.334Z, 1182.1513138, 508.73050660000007
1714650564349, 2024-05-02T11:49:24.349Z, 1195.5178796, 504.03392599999995
1714650564365, 2024-05-02T11:49:24.365Z, 1209.7381198, 499.39918040000003
1714650564389, 2024-05-02T11:49:24.389Z, 1216.9374898, 496.17332880000004
1714650564407, 2024-05-02T11:49:24.407Z, 1221.1402851999999, 498.060109
1714650564422, 2024-05-02T11:49:24.422Z, 1224.1817741999998, 499.015865
1714650564432, 2024-05-02T11:49:24.432Z, 1225.5977366, 502.78121600000003
1714650564452, 2024-05-02T11:49:24.452Z, 1225.842314, 507.6735406000001
1714650564467, 2024-05-02T11:49:24.467Z, 1225.205416, 512.9471742000001
1714650564478, 2024-05-02T11:49:24.478Z, 1225.4654182, 515.4839652
1714650564497, 2024-05-02T11:49:24.497Z, 1226.214385, 518.6043293999999
1714650564512, 2024-05-02T11:49:24.512Z, 1227.9986926, 521.2681829999999
1714650564543, 2024-05-02T11:49:24.543Z, 1231.1297122, 516.7072775999999
1714650564558, 2024-05-02T11:49:24.558Z, 1234.5365418, 510.45844040000003
1714650564568, 2024-05-02T11:49:24.568Z, 1235.2339548, 508.86130679999997
1714650564608, 2024-05-02T11:49:24.608Z, 1236.7832118000001, 505.84448899999995
1714650564620, 2024-05-02T11:49:24.620Z, 1239.2409702, 501.406887
1714650564633, 2024-05-02T11:49:24.633Z, 1243.1903688, 500.0504092
1714650564647, 2024-05-02T11:49:24.647Z, 1246.4295038, 500.9094856
1714650564661, 2024-05-02T11:49:24.661Z, 1251.8618056, 497.3854104
1714650564694, 2024-05-02T11:49:24.694Z, 1256.8715578, 494.37718780000006
1714650564709, 2024-05-02T11:49:24.709Z, 1261.1382462000001, 490.2871864
1714650564724, 2024-05-02T11:49:24.724Z, 1262.4259978, 486.762253
1714650564743, 2024-05-02T11:49:24.743Z, 1263.2411206000002, 481.349694
1714650564755, 2024-05-02T11:49:24.755Z, 1261.0529106, 476.7430542
1714650564774, 2024-05-02T11:49:24.774Z, 1258.4224228, 472.15567899999996
1714650564788, 2024-05-02T11:49:24.788Z, 1255.8409018, 469.8197728
1714650564802, 2024-05-02T11:49:24.802Z, 1251.9781714, 471.9008717999999
1714650564818, 2024-05-02T11:49:24.818Z, 1246.8453878, 474.7813566
1714650564845, 2024-05-02T11:49:24.845Z, 1241.294101, 478.2915298
1714650564860, 2024-05-02T11:49:24.860Z, 1234.8414164, 482.4051452
1714650564874, 2024-05-02T11:49:24.874Z, 1229.8170642, 488.7209702
1714650564885, 2024-05-02T11:49:24.885Z, 1225.2781008, 494.08829399999996
1714650564905, 2024-05-02T11:49:24.905Z, 1218.5212659999997, 503.3971278
1714650564919, 2024-05-02T11:49:24.919Z, 1215.8675512, 511.940847
1714650564930, 2024-05-02T11:49:24.930Z, 1215.4134384, 520.919595
1714650564950, 2024-05-02T11:49:24.950Z, 1213.909281, 527.1106265999999
1714650564964, 2024-05-02T11:49:24.964Z, 1208.4560288, 534.2497684
1714650564996, 2024-05-02T11:49:24.996Z, 1204.850706, 539.2313102
1714650565009, 2024-05-02T11:49:25.009Z, 1200.6909898, 542.7100672
1714650565020, 2024-05-02T11:49:25.020Z, 1191.2037962, 543.613718
1714650565039, 2024-05-02T11:49:25.039Z, 1179.9889818, 539.3904226000001
1714650565055, 2024-05-02T11:49:25.055Z, 1170.4695702, 532.3678236
1714650565067, 2024-05-02T11:49:25.067Z, 1160.7038426, 524.4111436000001
1714650565085, 2024-05-02T11:49:25.085Z, 1150.5587202, 515.4701722000001
1714650565099, 2024-05-02T11:49:25.099Z, 1145.7155336, 507.222577
1714650565114, 2024-05-02T11:49:25.114Z, 1141.6595714, 505.014433
1714650565145, 2024-05-02T11:49:25.145Z, 1136.4013374, 507.30611239999996
1714650565161, 2024-05-02T11:49:25.161Z, 1131.8310144, 509.17443160000005
1714650565176, 2024-05-02T11:49:25.176Z, 1125.2259202, 510.63196619999997
1714650565191, 2024-05-02T11:49:25.191Z, 1115.1873014, 511.21801639999995
1714650565207, 2024-05-02T11:49:25.207Z, 1105.1680715999998, 510.1216716
1714650565222, 2024-05-02T11:49:25.222Z, 1100.1378410000002, 502.54684280000004
1714650565238, 2024-05-02T11:49:25.238Z, 1097.1514658, 494.2921768
1714650565253, 2024-05-02T11:49:25.253Z, 1095.3397934, 488.6549478
1714650565268, 2024-05-02T11:49:25.268Z, 1091.1321962, 486.0947494
1714650565291, 2024-05-02T11:49:25.291Z, 1086.4244412, 484.3901532
1714650565310, 2024-05-02T11:49:25.310Z, 1080.3339876000002, 483.1979576
1714650565329, 2024-05-02T11:49:25.329Z, 1072.3390798, 484.3688976
1714650565348, 2024-05-02T11:49:25.348Z, 1064.1393483999998, 486.4369906
1714650565368, 2024-05-02T11:49:25.368Z, 1058.8573224, 486.49608119999994
1714650565378, 2024-05-02T11:49:25.378Z, 1054.5790507999998, 485.1046494
1714650565394, 2024-05-02T11:49:25.394Z, 1051.651335, 485.9035844
1714650565410, 2024-05-02T11:49:25.410Z, 1050.4000027999998, 484.9760969999999
1714650565425, 2024-05-02T11:49:25.425Z, 1051.308619, 484.1535122
1714650565442, 2024-05-02T11:49:25.442Z, 1056.3539563999998, 483.2001508
1714650565457, 2024-05-02T11:49:25.457Z, 1061.2236552, 483.70993280000005
1714650565472, 2024-05-02T11:49:25.472Z, 1064.1747888, 488.21369599999997
1714650565488, 2024-05-02T11:49:25.488Z, 1061.7692654, 496.2349156
1714650565504, 2024-05-02T11:49:25.504Z, 1058.9477682000002, 503.432868
1714650565519, 2024-05-02T11:49:25.519Z, 1054.5099422, 511.17703220000004
1714650565535, 2024-05-02T11:49:25.535Z, 1044.0998676, 513.251027
1714650565550, 2024-05-02T11:49:25.550Z, 1034.1860187999998, 511.83132820000003
1714650565566, 2024-05-02T11:49:25.566Z, 1031.8669686, 510.858826
1714650565593, 2024-05-02T11:49:25.593Z, 1031.256138, 509.205858
1714650565602, 2024-05-02T11:49:25.602Z, 1029.5470748000002, 507.26962760000004
1714650565622, 2024-05-02T11:49:25.622Z, 1026.342517, 509.3900728
1714650565644, 2024-05-02T11:49:25.644Z, 1026.9475776, 512.7763916
1714650565658, 2024-05-02T11:49:25.658Z, 1025.6535842, 511.2726640000001
1714650565674, 2024-05-02T11:49:25.674Z, 1021.1545342, 509.3245928
1714650565690, 2024-05-02T11:49:25.690Z, 1019.87998, 508.51093519999995
1714650565706, 2024-05-02T11:49:25.706Z, 1027.8026482, 509.65284080000004
1714650565722, 2024-05-02T11:49:25.722Z, 1021.9914831999998, 507.42404480000005
1714650565739, 2024-05-02T11:49:25.739Z, 1017.4954676, 506.29220539999994
1714650565774, 2024-05-02T11:49:25.774Z, 1024.9551174, 505.2882962
1714650565784, 2024-05-02T11:49:25.784Z, 1033.9498738, 505.53186519999997
1714650565815, 2024-05-02T11:49:25.815Z, 1041.466088, 504.5590896
1714650565831, 2024-05-02T11:49:25.831Z, 1066.0123244, 508.99499860000003
1714650565871, 2024-05-02T11:49:25.871Z, 1093.894558, 512.4013578
1714650565902, 2024-05-02T11:49:25.902Z, 1110.0273892, 509.71607359999996
1714650565914, 2024-05-02T11:49:25.914Z, 1125.218738, 504.80999139999994
1714650565942, 2024-05-02T11:49:25.942Z, 1141.2564006, 501.7610574
1714650565957, 2024-05-02T11:49:25.957Z, 1150.0906538000002, 494.1530014
1714650565973, 2024-05-02T11:49:25.973Z, 1153.5317914, 488.45718959999994
1714650565988, 2024-05-02T11:49:25.988Z, 1157.0722500000002, 493.0637946
1714650566003, 2024-05-02T11:49:26.003Z, 1161.4343000000001, 498.3151144
1714650566019, 2024-05-02T11:49:26.019Z, 1166.9646344, 504.53872379999996
1714650566048, 2024-05-02T11:49:26.048Z, 1175.7003081999999, 514.8622696
1714650566056, 2024-05-02T11:49:26.056Z, 1186.6930868, 524.8120808
1714650566075, 2024-05-02T11:49:26.075Z, 1202.643937, 529.274739
1714650566094, 2024-05-02T11:49:26.094Z, 1214.1472892, 534.3322682
1714650566100, 2024-05-02T11:49:26.100Z, 1222.8957826, 540.2956591999999
1714650566119, 2024-05-02T11:49:26.119Z, 1229.739607, 546.5118947999999
1714650566134, 2024-05-02T11:49:26.134Z, 1233.0273578000001, 554.2552321999999
1714650566148, 2024-05-02T11:49:26.148Z, 1230.6841622, 564.1197331999999
1714650566170, 2024-05-02T11:49:26.170Z, 1229.4931388, 563.4862989999999
1714650566197, 2024-05-02T11:49:26.197Z, 1226.8989662, 566.3546451999999
1714650566209, 2024-05-02T11:49:26.209Z, 1226.0396876, 568.3287898
1714650566224, 2024-05-02T11:49:26.224Z, 1226.3797571999999, 566.8816919999999
1714650566236, 2024-05-02T11:49:26.236Z, 1233.0068024, 563.20372
1714650566254, 2024-05-02T11:49:26.254Z, 1247.9096856, 588.1633396
1714650566269, 2024-05-02T11:49:26.269Z, 1267.6005104, 610.0651086
1714650566284, 2024-05-02T11:49:26.284Z, 1287.2980492, 634.8798565999999
1714650566300, 2024-05-02T11:49:26.300Z, 1305.8738672, 662.9096923999999
1714650566316, 2024-05-02T11:49:26.316Z, 1319.7304428, 694.4325253999999
1714650566351, 2024-05-02T11:49:26.351Z, 1330.2146797999999, 714.7425036000001
1714650566363, 2024-05-02T11:49:26.363Z, 1342.8521643999998, 731.5120374
1714650566381, 2024-05-02T11:49:26.381Z, 1357.5798227999999, 747.7341736000001
1714650566395, 2024-05-02T11:49:26.395Z, 1374.8813638, 762.4820662
1714650566411, 2024-05-02T11:49:26.411Z, 1393.2306228000002, 772.8321238
1714650566427, 2024-05-02T11:49:26.427Z, 1407.4892546, 777.1315099999999
1714650566442, 2024-05-02T11:49:26.442Z, 1417.8914063999998, 780.609941
1714650566458, 2024-05-02T11:49:26.458Z, 1422.5357916, 778.1822096
1714650566473, 2024-05-02T11:49:26.473Z, 1425.4633772000002, 778.166682
1714650566496, 2024-05-02T11:49:26.496Z, 1426.7287302, 781.390214
1714650566505, 2024-05-02T11:49:26.505Z, 1426.4632510000001, 783.6769566
1714650566524, 2024-05-02T11:49:26.524Z, 1426.2298394, 780.5321936
1714650566544, 2024-05-02T11:49:26.544Z, 1426.1426940000001, 779.7603044
1714650566552, 2024-05-02T11:49:26.552Z, 1425.3513472, 777.7963142000001
1714650566569, 2024-05-02T11:49:26.569Z, 1422.8448124000001, 772.7469666
1714650566584, 2024-05-02T11:49:26.584Z, 1419.0802164000002, 767.4278938
1714650566600, 2024-05-02T11:49:26.600Z, 1413.1736628, 766.4620804
1714650566615, 2024-05-02T11:49:26.615Z, 1405.4665155999999, 759.730365
1714650566641, 2024-05-02T11:49:26.641Z, 1397.1449076, 750.3887136000001