1714374843237, 2024-04-29T07:14:03.237Z, 184.215745, 171.199227
1714374843252, 2024-04-29T07:14:03.252Z, 181.894728, 166.4367875
1714374843268, 2024-04-29T07:14:03.268Z, 180.02438066666664, 165.47431733333335
1714374843299, 2024-04-29T07:14:03.299Z, 177.5764715, 164.10877775
1714374843315, 2024-04-29T07:14:03.315Z, 175.5672916, 163.2824612
1714374843359, 2024-04-29T07:14:03.359Z, 172.679747, 161.21353979999998
1714374843373, 2024-04-29T07:14:03.373Z, 170.8499138, 161.11866719999998
1714374843403, 2024-04-29T07:14:03.403Z, 169.20873379999998, 160.8248956
1714374843424, 2024-04-29T07:14:03.424Z, 168.7260168, 161.4550496
1714374843454, 2024-04-29T07:14:03.454Z, 168.7776978, 165.6540454
1714374843470, 2024-04-29T07:14:03.470Z, 168.0279292, 169.82612939999999
1714374843498, 2024-04-29T07:14:03.498Z, 166.1602694, 176.2193692
1714374843507, 2024-04-29T07:14:03.507Z, 163.9727566, 182.57226279999995
1714374843538, 2024-04-29T07:14:03.538Z, 161.5812146, 189.2230492
1714374843552, 2024-04-29T07:14:03.552Z, 159.26975339999998, 192.457465
1714374843584, 2024-04-29T07:14:03.584Z, 159.00808579999998, 197.57980379999998
1714374843599, 2024-04-29T07:14:03.599Z, 159.19899800000002, 200.00250880000002
1714374843646, 2024-04-29T07:14:03.646Z, 161.685869, 202.9529324
1714374843674, 2024-04-29T07:14:03.674Z, 164.274965, 203.8876598
1714374843689, 2024-04-29T07:14:03.689Z, 166.9698818, 205.3197002
1714374843720, 2024-04-29T07:14:03.720Z, 166.8333618, 204.83557820000001
1714374843736, 2024-04-29T07:14:03.736Z, 167.116647, 203.95723399999997
1714374843767, 2024-04-29T07:14:03.767Z, 166.03683080000002, 202.4916652
1714374843814, 2024-04-29T07:14:03.814Z, 166.3286416, 202.7979248
1714374843830, 2024-04-29T07:14:03.830Z, 166.43807, 202.5850694
1714374843860, 2024-04-29T07:14:03.860Z, 167.05364820000003, 203.676144
1714374843875, 2024-04-29T07:14:03.875Z, 167.14233819999998, 208.2622958
1714374843906, 2024-04-29T07:14:03.906Z, 167.2258474, 214.0394288
1714374843922, 2024-04-29T07:14:03.922Z, 165.58518759999998, 223.1845192
1714374843944, 2024-04-29T07:14:03.944Z, 163.91515539999997, 233.490171
1714374843957, 2024-04-29T07:14:03.957Z, 163.21392179999998, 243.15572419999998
1714374844000, 2024-04-29T07:14:04.000Z, 163.3438696, 252.3878886
1714374844017, 2024-04-29T07:14:04.017Z, 163.9659788, 261.602893
1714374844033, 2024-04-29T07:14:04.033Z, 166.35975119999998, 267.6580074
1714374844048, 2024-04-29T07:14:04.048Z, 168.4641502, 271.0372206
1714374844093, 2024-04-29T07:14:04.093Z, 170.5409212, 275.7631288
1714374844125, 2024-04-29T07:14:04.125Z, 171.45149859999998, 279.9802266
1714374844140, 2024-04-29T07:14:04.140Z, 171.0270708, 291.3056358
1714374844171, 2024-04-29T07:14:04.171Z, 168.9665646, 313.868949
1714374844187, 2024-04-29T07:14:04.187Z, 167.1779492, 339.8544048
1714374844218, 2024-04-29T07:14:04.218Z, 165.4804636, 368.10821400000003
1714374844259, 2024-04-29T07:14:04.259Z, 164.3130408, 395.0087012
1714374844272, 2024-04-29T07:14:04.272Z, 163.97666580000003, 413.7015152
1714374844311, 2024-04-29T07:14:04.311Z, 162.73464500000003, 421.54972240000006
1714374844326, 2024-04-29T07:14:04.326Z, 161.38880620000003, 428.298121
1714374844357, 2024-04-29T07:14:04.357Z, 158.564191, 430.63219760000004
1714374844373, 2024-04-29T07:14:04.373Z, 154.07989600000002, 433.0177538
1714374844394, 2024-04-29T07:14:04.394Z, 149.0701206, 434.8691304
1714374844419, 2024-04-29T07:14:04.419Z, 144.4176068, 437.15077060000004
1714374844451, 2024-04-29T07:14:04.451Z, 138.91563879999998, 437.3074802
1714374844465, 2024-04-29T07:14:04.465Z, 134.2955328, 437.46370360000003
1714374844497, 2024-04-29T07:14:04.497Z, 128.0520908, 435.85983699999997
1714374844513, 2024-04-29T07:14:04.513Z, 122.7680364, 435.36753980000003
1714374844544, 2024-04-29T07:14:04.544Z, 114.8480292, 434.49873820000005
1714374844576, 2024-04-29T07:14:04.576Z, 105.04267139999999, 435.3783034
1714374844591, 2024-04-29T07:14:04.591Z, 95.5235002, 435.857931
1714374844623, 2024-04-29T07:14:04.623Z, 90.8009016, 436.6023612
1714374844639, 2024-04-29T07:14:04.639Z, 85.6226136, 436.58617539999995
1714374844669, 2024-04-29T07:14:04.669Z, 86.77447420000001, 436.411933
1714374844716, 2024-04-29T07:14:04.716Z, 90.5495088, 436.0893006
1714374844731, 2024-04-29T07:14:04.731Z, 95.0214382, 435.41778079999995
1714374844763, 2024-04-29T07:14:04.763Z, 96.37641599999999, 434.68531299999995
1714374844779, 2024-04-29T07:14:04.779Z, 97.0359214, 434.1937594
1714374844810, 2024-04-29T07:14:04.810Z, 94.4745854, 433.0181979999999
1714374844826, 2024-04-29T07:14:04.826Z, 92.71532040000001, 431.7744024
1714374844845, 2024-04-29T07:14:04.845Z, 91.664413, 431.64061780000003
1714374844861, 2024-04-29T07:14:04.861Z, 96.7207752, 433.2106234
1714374844890, 2024-04-29T07:14:04.890Z, 102.7048202, 434.21005260000004
1714374844920, 2024-04-29T07:14:04.920Z, 106.5435166, 434.14813300000003
1714374844935, 2024-04-29T07:14:04.935Z, 109.777206, 433.598761
1714374844950, 2024-04-29T07:14:04.950Z, 112.4672564, 432.96768140000006
1714374844995, 2024-04-29T07:14:04.995Z, 114.809183, 435.2052299999999
1714374845024, 2024-04-29T07:14:05.024Z, 117.8374158, 438.92584120000004
1714374845039, 2024-04-29T07:14:05.039Z, 123.52992959999999, 443.5675451999999
1714374845069, 2024-04-29T07:14:05.069Z, 130.2903612, 449.32906760000003
1714374845092, 2024-04-29T07:14:05.092Z, 136.41863940000002, 454.44579940000006
1714374845123, 2024-04-29T07:14:05.123Z, 141.6531296, 454.9229244
1714374845171, 2024-04-29T07:14:05.171Z, 149.0946126, 452.4481465999999
1714374845186, 2024-04-29T07:14:05.186Z, 161.5305104, 448.8843092
1714374845217, 2024-04-29T07:14:05.217Z, 176.1053668, 444.9428216
1714374845233, 2024-04-29T07:14:05.233Z, 189.05582360000002, 441.4752638
1714374845249, 2024-04-29T07:14:05.249Z, 199.23581639999998, 439.32153600000004
1714374845264, 2024-04-29T07:14:05.264Z, 206.61068719999997, 437.83742980000005
1714374845294, 2024-04-29T07:14:05.294Z, 207.76970239999997, 436.63573940000003
1714374845307, 2024-04-29T07:14:05.307Z, 204.1718516, 435.3386032
1714374845338, 2024-04-29T07:14:05.338Z, 201.4483064, 433.4757192
1714374845353, 2024-04-29T07:14:05.353Z, 198.44770899999997, 430.00947560000003
1714374845383, 2024-04-29T07:14:05.383Z, 194.0433414, 428.0423282
1714374845398, 2024-04-29T07:14:05.398Z, 190.9766814, 427.34556499999997
1714374845444, 2024-04-29T07:14:05.444Z, 187.23523540000002, 429.77052620000006
1714374845483, 2024-04-29T07:14:05.483Z, 188.66978600000002, 433.4631074
1714374845499, 2024-04-29T07:14:05.499Z, 195.212135, 437.78886439999997
1714374845529, 2024-04-29T07:14:05.529Z, 208.60114719999996, 440.18764600000003
1714374845545, 2024-04-29T07:14:05.545Z, 222.4711418, 442.438768
1714374845577, 2024-04-29T07:14:05.577Z, 247.4244244, 439.480934
1714374845624, 2024-04-29T07:14:05.624Z, 266.638861, 436.8113493999999
1714374845658, 2024-04-29T07:14:05.658Z, 279.9853902, 436.72613359999997
1714374845672, 2024-04-29T07:14:05.672Z, 281.6635486, 435.03816859999995
1714374845703, 2024-04-29T07:14:05.703Z, 282.2060982, 432.85705360000003
1714374845717, 2024-04-29T07:14:05.717Z, 272.87000820000003, 429.5737488000001
1714374845748, 2024-04-29T07:14:05.748Z, 263.1186282, 425.25447160000004
1714374845763, 2024-04-29T07:14:05.763Z, 253.869164, 419.10100840000007
1714374845795, 2024-04-29T07:14:05.795Z, 249.52340180000002, 416.9586518
1714374845811, 2024-04-29T07:14:05.811Z, 245.3092432, 414.66295520000006
1714374845843, 2024-04-29T07:14:05.843Z, 229.70861280000003, 416.44010419999995
1714374845858, 2024-04-29T07:14:05.858Z, 215.256874, 418.42123900000007
1714374845898, 2024-04-29T07:14:05.898Z, 197.1399886, 419.86754140000005
1714374845923, 2024-04-29T07:14:05.923Z, 182.08590099999998, 421.293419
1714374845937, 2024-04-29T07:14:05.937Z, 167.9472284, 425.8296308
1714374845981, 2024-04-29T07:14:05.981Z, 165.72872620000004, 428.08518560000005
1714374845996, 2024-04-29T07:14:05.996Z, 164.32869839999998, 431.2661276
1714374846013, 2024-04-29T07:14:06.013Z, 167.55827159999998, 436.5979592
1714374846058, 2024-04-29T07:14:06.058Z, 167.9687328, 444.35580600000003
1714374846074, 2024-04-29T07:14:06.074Z, 165.56561860000002, 447.3683822
1714374846106, 2024-04-29T07:14:06.106Z, 164.60152, 452.0541862
1714374846122, 2024-04-29T07:14:06.122Z, 163.4794664, 455.22592960000003
1714374846152, 2024-04-29T07:14:06.152Z, 160.1543326, 456.314372
1714374846168, 2024-04-29T07:14:06.168Z, 158.4513214, 454.52613940000003
1714374846193, 2024-04-29T07:14:06.193Z, 155.784486, 454.1422404
1714374846207, 2024-04-29T07:14:06.207Z, 148.5804254, 451.19557080000004
1714374846247, 2024-04-29T07:14:06.247Z, 138.9767636, 447.9097906
1714374846264, 2024-04-29T07:14:06.264Z, 128.6413968, 443.93583980000005
1714374846294, 2024-04-29T07:14:06.294Z, 116.2067592, 440.1041384
1714374846309, 2024-04-29T07:14:06.309Z, 106.74251480000001, 436.9597874
1714374846343, 2024-04-29T07:14:06.343Z, 100.99199899999999, 436.16085000000004
1714374846373, 2024-04-29T07:14:06.373Z, 97.74786280000001, 435.8623334
1714374846403, 2024-04-29T07:14:06.403Z, 96.9493976, 436.78100780000005
1714374846419, 2024-04-29T07:14:06.419Z, 96.9735204, 437.2397218
1714374846435, 2024-04-29T07:14:06.435Z, 103.62599340000001, 437.053458
1714374846467, 2024-04-29T07:14:06.467Z, 136.096569, 435.1339956
1714374846515, 2024-04-29T07:14:06.515Z, 171.931017, 432.830264
1714374846531, 2024-04-29T07:14:06.531Z, 208.77335499999998, 433.4071468
1714374846562, 2024-04-29T07:14:06.562Z, 245.9235608, 434.8182648
1714374846578, 2024-04-29T07:14:06.578Z, 277.1062842, 437.232979
1714374846610, 2024-04-29T07:14:06.610Z, 282.25500900000003, 440.90061679999997
1714374846626, 2024-04-29T07:14:06.626Z, 283.395925, 445.5545424
1714374846648, 2024-04-29T07:14:06.648Z, 278.553068, 450.68494
1714374846672, 2024-04-29T07:14:06.672Z, 273.4576862, 453.48749799999996
1714374846688, 2024-04-29T07:14:06.688Z, 267.9016682, 455.56116619999995
1714374846718, 2024-04-29T07:14:06.718Z, 263.8983636, 458.7573574
1714374846734, 2024-04-29T07:14:06.734Z, 260.2335594, 461.21507499999996
1714374846766, 2024-04-29T07:14:06.766Z, 260.2828324, 459.01937399999997
1714374846813, 2024-04-29T07:14:06.813Z, 262.5863418, 458.61626079999996
1714374846828, 2024-04-29T07:14:06.828Z, 266.42594199999996, 457.09749780000004
1714374846843, 2024-04-29T07:14:06.843Z, 275.2064478, 454.36180780000007
1714374846875, 2024-04-29T07:14:06.875Z, 287.6902576, 448.95672600000006
1714374846891, 2024-04-29T07:14:06.891Z, 300.51455559999994, 442.41576539999994
1714374846923, 2024-04-29T07:14:06.923Z, 312.4416832, 435.6269118
1714374846958, 2024-04-29T07:14:06.958Z, 323.0493688, 430.24297880000006
1714374846974, 2024-04-29T07:14:06.974Z, 327.56682059999997, 426.95053499999995
1714374847018, 2024-04-29T07:14:07.018Z, 329.8446282, 427.322372
1714374847033, 2024-04-29T07:14:07.033Z, 333.16493479999997, 430.18403879999994
1714374847065, 2024-04-29T07:14:07.065Z, 336.1587904, 433.17920300000003
1714374847095, 2024-04-29T07:14:07.095Z, 339.5380024, 435.4613232
1714374847112, 2024-04-29T07:14:07.112Z, 342.26999900000004, 435.62530960000004
1714374847143, 2024-04-29T07:14:07.143Z, 343.23107440000007, 434.1022608
1714374847159, 2024-04-29T07:14:07.159Z, 344.101509, 432.3835204
1714374847191, 2024-04-29T07:14:07.191Z, 346.678759, 430.76568299999997
1714374847206, 2024-04-29T07:14:07.206Z, 349.8722834, 430.1067336
1714374847245, 2024-04-29T07:14:07.245Z, 353.4443382, 429.80543940000007
1714374847285, 2024-04-29T07:14:07.285Z, 355.50284300000004, 430.5744908
1714374847301, 2024-04-29T07:14:07.301Z, 358.1585412, 431.356675
1714374847332, 2024-04-29T07:14:07.332Z, 357.8476444, 431.7157572
1714374847347, 2024-04-29T07:14:07.347Z, 357.1069716, 431.58037459999997
1714374847363, 2024-04-29T07:14:07.363Z, 362.318405, 431.32513500000005
1714374847410, 2024-04-29T07:14:07.410Z, 371.9056146, 430.13447379999997
1714374847422, 2024-04-29T07:14:07.422Z, 383.28310139999996, 425.01312879999995
1714374847452, 2024-04-29T07:14:07.452Z, 394.4443928, 421.4450804
1714374847467, 2024-04-29T07:14:07.467Z, 404.1952804, 417.4313344
1714374847505, 2024-04-29T07:14:07.505Z, 407.6906492, 413.364912
1714374847521, 2024-04-29T07:14:07.521Z, 408.3769376, 410.31088580000005
1714374847543, 2024-04-29T07:14:07.543Z, 411.6410073999999, 411.3568768
1714374847557, 2024-04-29T07:14:07.557Z, 424.6422998, 412.2558102
1714374847600, 2024-04-29T07:14:07.600Z, 440.063846, 413.8405446
1714374847615, 2024-04-29T07:14:07.615Z, 459.1530652, 413.79696279999996
1714374847646, 2024-04-29T07:14:07.646Z, 479.1861156, 412.695964
1714374847662, 2024-04-29T07:14:07.662Z, 493.6821216, 411.89187039999996
1714374847698, 2024-04-29T07:14:07.698Z, 499.37200659999996, 412.49312339999994
1714374847726, 2024-04-29T07:14:07.726Z, 502.6825248, 413.5092616
1714374847742, 2024-04-29T07:14:07.742Z, 502.20887139999996, 415.64085859999994
1714374847773, 2024-04-29T07:14:07.773Z, 493.6501892, 418.5525584
1714374847789, 2024-04-29T07:14:07.789Z, 486.16163059999997, 420.1940564
1714374847821, 2024-04-29T07:14:07.821Z, 479.1755144, 419.28773
1714374847857, 2024-04-29T07:14:07.857Z, 478.2073598, 416.5759822
1714374847872, 2024-04-29T07:14:07.872Z, 477.54667, 414.45073940000003
1714374847902, 2024-04-29T07:14:07.902Z, 504.362245, 410.73452779999997
1714374847931, 2024-04-29T07:14:07.931Z, 532.7839458000001, 409.6945358
1714374847963, 2024-04-29T07:14:07.963Z, 561.2501126, 408.4594202
1714374847979, 2024-04-29T07:14:07.979Z, 585.7608744, 408.099918
1714374847995, 2024-04-29T07:14:07.995Z, 611.1130864, 406.9949476
1714374848011, 2024-04-29T07:14:08.011Z, 616.4067796, 407.310079
1714374848042, 2024-04-29T07:14:08.042Z, 620.9231124, 406.5654684
1714374848058, 2024-04-29T07:14:08.058Z, 625.1165874000001, 406.27573859999995
1714374848089, 2024-04-29T07:14:08.089Z, 627.7230218000001, 406.3415798
1714374848105, 2024-04-29T07:14:08.105Z, 629.4214522, 406.76126439999996
1714374848144, 2024-04-29T07:14:08.144Z, 632.7308852, 406.5245622
1714374848172, 2024-04-29T07:14:08.172Z, 640.0129134000001, 405.089408
1714374848187, 2024-04-29T07:14:08.187Z, 651.4657137999999, 401.270083
1714374848230, 2024-04-29T07:14:08.230Z, 667.4064404, 395.936536
1714374848245, 2024-04-29T07:14:08.245Z, 682.9077616, 391.3124674
1714374848276, 2024-04-29T07:14:08.276Z, 694.3474926, 386.8890568
1714374848323, 2024-04-29T07:14:08.323Z, 698.7113266, 387.2095098
1714374848339, 2024-04-29T07:14:08.339Z, 698.1018253999999, 389.21646300000003
1714374848354, 2024-04-29T07:14:08.354Z, 688.8560886, 392.72326919999995
1714374848386, 2024-04-29T07:14:08.386Z, 659.5148448, 389.1354238
1714374848403, 2024-04-29T07:14:08.403Z, 563.004687, 386.29941560000003
1714374848417, 2024-04-29T07:14:08.417Z, 460.38575839999993, 380.58256040000003
1714374848445, 2024-04-29T07:14:08.445Z, 338.4699384, 381.09384259999996
1714374848458, 2024-04-29T07:14:08.458Z, 222.31313259999996, 383.2213304
1714374848497, 2024-04-29T07:14:08.497Z, 133.57821819999998, 399.01850979999995
1714374848512, 2024-04-29T07:14:08.512Z, 115.29859900000001, 416.2561578
1714374848544, 2024-04-29T07:14:08.544Z, 104.89113, 433.05621179999997
1714374848560, 2024-04-29T07:14:08.560Z, 114.55539180000001, 443.7872936
1714374848595, 2024-04-29T07:14:08.595Z, 115.78054539999998, 446.9168384000001
1714374848638, 2024-04-29T07:14:08.638Z, 111.70931779999998, 446.02785240000003
1714374848653, 2024-04-29T07:14:08.653Z, 108.0190926, 445.6623048
1714374848671, 2024-04-29T07:14:08.671Z, 104.65441079999998, 445.1272916
1714374848685, 2024-04-29T07:14:08.685Z, 101.32443520000001, 444.6779522
1714374848717, 2024-04-29T07:14:08.717Z, 105.87267340000001, 450.3682676
1714374848764, 2024-04-29T07:14:08.764Z, 109.03991800000001, 453.396731
1714374848780, 2024-04-29T07:14:08.780Z, 110.58829820000001, 454.394821
1714374848812, 2024-04-29T07:14:08.812Z, 112.4014296, 455.0044728
1714374848828, 2024-04-29T07:14:08.828Z, 114.76545819999998, 456.30138900000003
1714374848860, 2024-04-29T07:14:08.860Z, 117.5909218, 458.2773162
1714374848876, 2024-04-29T07:14:08.876Z, 120.10738840000002, 458.90675260000006
1714374848895, 2024-04-29T07:14:08.895Z, 127.1965946, 459.94413699999996
1714374848908, 2024-04-29T07:14:08.908Z, 138.8911298, 459.97200080000005
1714374848940, 2024-04-29T07:14:08.940Z, 149.82667020000002, 459.2742678000001
1714374848955, 2024-04-29T07:14:08.955Z, 157.8210698, 458.247356
1714374848988, 2024-04-29T07:14:08.988Z, 166.3891676, 458.15896860000004
1714374849003, 2024-04-29T07:14:09.003Z, 171.3190498, 458.0421186
1714374849048, 2024-04-29T07:14:09.048Z, 170.71889779999998, 459.2618104
1714374849074, 2024-04-29T07:14:09.074Z, 164.73257479999998, 461.30160860000007
1714374849089, 2024-04-29T07:14:09.089Z, 153.7125234, 463.70166500000005
1714374849119, 2024-04-29T07:14:09.119Z, 139.62939379999997, 466.55123100000003
1714374849134, 2024-04-29T07:14:09.134Z, 125.17401220000002, 469.55368319999997
1714374849177, 2024-04-29T07:14:09.177Z, 111.94385360000001, 472.87753840000005
1714374849209, 2024-04-29T07:14:09.209Z, 104.3962822, 475.0615111999999
1714374849224, 2024-04-29T07:14:09.224Z, 103.42053720000001, 476.9928594
1714374849272, 2024-04-29T07:14:09.272Z, 109.2671314, 482.37084080000005
1714374849303, 2024-04-29T07:14:09.303Z, 121.73866099999998, 484.981865
1714374849319, 2024-04-29T07:14:09.319Z, 131.9742694, 486.8735304
1714374849344, 2024-04-29T07:14:09.344Z, 145.4929926, 488.54347720000004
1714374849358, 2024-04-29T07:14:09.358Z, 163.3199146, 489.5013492
1714374849388, 2024-04-29T07:14:09.388Z, 176.2726386, 487.66242679999993
1714374849407, 2024-04-29T07:14:09.407Z, 181.37930880000002, 488.591107
1714374849433, 2024-04-29T07:14:09.433Z, 187.35591159999998, 488.4750934
1714374849447, 2024-04-29T07:14:09.447Z, 189.4109564, 488.9645464
1714374849494, 2024-04-29T07:14:09.494Z, 190.07418900000002, 487.89224240000004
1714374849523, 2024-04-29T07:14:09.523Z, 197.95534660000004, 486.2081784
1714374849540, 2024-04-29T07:14:09.540Z, 206.51639940000004, 484.27475540000006
1714374849571, 2024-04-29T07:14:09.571Z, 217.1840894, 483.96773599999995
1714374849587, 2024-04-29T07:14:09.587Z, 227.86119559999997, 483.29255700000004
1714374849618, 2024-04-29T07:14:09.618Z, 234.84737439999998, 485.9762366
1714374849658, 2024-04-29T07:14:09.658Z, 235.61071900000002, 488.88474220000006
1714374849672, 2024-04-29T07:14:09.672Z, 236.9369168, 492.66496420000004
1714374849703, 2024-04-29T07:14:09.703Z, 237.23062399999998, 495.4528752
1714374849718, 2024-04-29T07:14:09.718Z, 236.54167159999997, 498.06533820000004
1714374849752, 2024-04-29T07:14:09.753Z, 236.09062839999996, 498.99920519999995
1714374849762, 2024-04-29T07:14:09.762Z, 233.4307452, 498.71322419999996
1714374849793, 2024-04-29T07:14:09.793Z, 227.927279, 497.72665880000005
1714374849809, 2024-04-29T07:14:09.809Z, 221.1975864, 495.5227178
1714374849838, 2024-04-29T07:14:09.838Z, 216.20694039999998, 494.1822752
1714374849853, 2024-04-29T07:14:09.853Z, 213.04130619999995, 493.6466506
1714374849884, 2024-04-29T07:14:09.884Z, 212.63922739999998, 493.19592859999995
1714374849900, 2024-04-29T07:14:09.900Z, 214.3743506, 492.8489446
1714374849944, 2024-04-29T07:14:09.944Z, 216.8023494, 495.12738939999997
1714374849973, 2024-04-29T07:14:09.973Z, 217.05888139999996, 495.3318228
1714374849988, 2024-04-29T07:14:09.988Z, 212.39017199999998, 491.58914500000003
1714374850018, 2024-04-29T07:14:10.018Z, 206.3343942, 488.9165696
1714374850037, 2024-04-29T07:14:10.037Z, 201.4195452, 486.75426260000006
1714374850062, 2024-04-29T07:14:10.062Z, 193.85641999999999, 486.499396
1714374850108, 2024-04-29T07:14:10.108Z, 184.1597954, 489.13958519999994
1714374850122, 2024-04-29T07:14:10.122Z, 175.5637522, 495.28629179999996
1714374850153, 2024-04-29T07:14:10.153Z, 163.3086814, 501.25740879999995
1714374850168, 2024-04-29T07:14:10.168Z, 145.92033580000003, 502.962142
1714374850199, 2024-04-29T07:14:10.199Z, 130.57372300000003, 502.012601
1714374850215, 2024-04-29T07:14:10.215Z, 118.9011696, 499.30298220000003
1714374850244, 2024-04-29T07:14:10.244Z, 109.7183168, 497.3289186
1714374850262, 2024-04-29T07:14:10.262Z, 105.15528019999999, 493.5018174
1714374850293, 2024-04-29T07:14:10.293Z, 105.36758879999998, 493.76566539999993
1714374850308, 2024-04-29T07:14:10.308Z, 108.6493762, 496.1577314
1714374850339, 2024-04-29T07:14:10.339Z, 111.4176004, 499.29118980000004
1714374850355, 2024-04-29T07:14:10.355Z, 114.0088336, 501.3298906
1714374850394, 2024-04-29T07:14:10.394Z, 114.7059246, 504.5406712
1714374850423, 2024-04-29T07:14:10.423Z, 115.0787558, 507.53771159999997
1714374850438, 2024-04-29T07:14:10.438Z, 112.499945, 509.0832918
1714374850479, 2024-04-29T07:14:10.479Z, 109.174766, 510.93428439999997
1714374850494, 2024-04-29T07:14:10.494Z, 106.27223099999999, 512.8222306
1714374850526, 2024-04-29T07:14:10.526Z, 104.0772152, 514.3356922
1714374850562, 2024-04-29T07:14:10.562Z, 102.0358166, 515.2439026
1714374850577, 2024-04-29T07:14:10.577Z, 100.30045, 514.6606165999999
1714374850604, 2024-04-29T07:14:10.604Z, 101.3518014, 514.2159772
1714374850619, 2024-04-29T07:14:10.619Z, 103.05681399999999, 513.4576608
1714374850650, 2024-04-29T07:14:10.650Z, 105.56966159999999, 513.4745281999999
1714374850666, 2024-04-29T07:14:10.666Z, 115.0432174, 511.0250628
1714374850694, 2024-04-29T07:14:10.694Z, 126.22678599999999, 509.74582579999986
1714374850708, 2024-04-29T07:14:10.708Z, 137.4160916, 511.41130979999997
1714374850744, 2024-04-29T07:14:10.744Z, 149.91716780000002, 516.7702174
1714374850759, 2024-04-29T07:14:10.759Z, 164.195348, 521.8214534
1714374850790, 2024-04-29T07:14:10.790Z, 171.3133836, 528.9608638
1714374850807, 2024-04-29T07:14:10.807Z, 177.2751356, 535.4736786000001
1714374850852, 2024-04-29T07:14:10.852Z, 183.2271804, 540.8096750000001
1714374850882, 2024-04-29T07:14:10.882Z, 194.0051806, 544.8299884
1714374850898, 2024-04-29T07:14:10.898Z, 205.3998926, 548.6685956
1714374850929, 2024-04-29T07:14:10.929Z, 216.0020828, 551.8766469999999
1714374850944, 2024-04-29T07:14:10.944Z, 226.44679000000002, 553.9362252
1714374850975, 2024-04-29T07:14:10.975Z, 234.288883, 550.4304963999999
1714374851007, 2024-04-29T07:14:11.007Z, 226.5052372, 531.4933939999999
1714374851022, 2024-04-29T07:14:11.022Z, 208.9200656, 491.70668399999994
1714374851053, 2024-04-29T07:14:11.053Z, 189.8148256, 448.38658599999997
1714374851068, 2024-04-29T07:14:11.068Z, 167.42094619999997, 401.0038882
1714374851100, 2024-04-29T07:14:11.100Z, 140.28458559999999, 346.95725419999997
1714374851117, 2024-04-29T07:14:11.117Z, 121.7413452, 305.4473576
1714374851144, 2024-04-29T07:14:11.144Z, 112.05712720000001, 284.91192520000004
1714374851157, 2024-04-29T07:14:11.157Z, 104.237223, 269.35333460000004
1714374851193, 2024-04-29T07:14:11.193Z, 99.6944402, 258.6769616
1714374851209, 2024-04-29T07:14:11.209Z, 100.70420100000001, 257.9992214
1714374851241, 2024-04-29T07:14:11.241Z, 121.5172254, 259.36649339999997
1714374851256, 2024-04-29T07:14:11.256Z, 142.3915424, 260.5841424
1714374851298, 2024-04-29T07:14:11.298Z, 171.99564400000003, 264.1143496
1714374851322, 2024-04-29T07:14:11.322Z, 202.1352316, 267.7162928
1714374851338, 2024-04-29T07:14:11.338Z, 233.6519586, 272.17890580000005
1714374851369, 2024-04-29T07:14:11.369Z, 244.389617, 276.001076
1714374851382, 2024-04-29T07:14:11.382Z, 253.7508684, 279.911557
1714374851414, 2024-04-29T07:14:11.414Z, 255.20496640000002, 279.6243476000001
1714374851460, 2024-04-29T07:14:11.460Z, 255.20475459999997, 278.8594144
1714374851474, 2024-04-29T07:14:11.474Z, 253.53962300000003, 277.8542496
1714374851506, 2024-04-29T07:14:11.506Z, 252.5555682, 275.8340428
1714374851521, 2024-04-29T07:14:11.521Z, 251.85672540000002, 273.38005599999997
1714374851553, 2024-04-29T07:14:11.553Z, 251.17708539999998, 272.5247328
1714374851568, 2024-04-29T07:14:11.568Z, 251.0416988, 272.0895584
1714374851594, 2024-04-29T07:14:11.594Z, 246.0646944, 271.4507718
1714374851608, 2024-04-29T07:14:11.608Z, 240.75783420000002, 272.2179626
1714374851637, 2024-04-29T07:14:11.637Z, 234.37884459999995, 273.7827256
1714374851653, 2024-04-29T07:14:11.653Z, 226.6570968, 274.5716914
1714374851683, 2024-04-29T07:14:11.683Z, 218.3112316, 276.7912592
1714374851697, 2024-04-29T07:14:11.697Z, 215.77543740000002, 278.73439640000004
1714374851743, 2024-04-29T07:14:11.743Z, 212.34605499999998, 282.50837140000004
1714374851773, 2024-04-29T07:14:11.773Z, 211.0733404, 288.12846
1714374851787, 2024-04-29T07:14:11.787Z, 212.21488100000002, 296.1927092
1714374851818, 2024-04-29T07:14:11.818Z, 214.6639316, 304.45565160000007
1714374851833, 2024-04-29T07:14:11.833Z, 215.65561099999996, 311.1718078
1714374851864, 2024-04-29T07:14:11.864Z, 218.3384802, 315.572811
1714374851907, 2024-04-29T07:14:11.907Z, 220.99169399999997, 318.55766619999997
1714374851922, 2024-04-29T07:14:11.922Z, 222.20067, 319.9627774
1714374851952, 2024-04-29T07:14:11.952Z, 223.2180272, 321.63966400000004
1714374851974, 2024-04-29T07:14:11.974Z, 225.42511340000001, 327.3367334
1714374852006, 2024-04-29T07:14:12.006Z, 227.60229220000002, 332.72557620000003
1714374852021, 2024-04-29T07:14:12.021Z, 229.1326194, 338.33751060000003
1714374852043, 2024-04-29T07:14:12.043Z, 231.7778864, 344.69357520000005
1714374852057, 2024-04-29T07:14:12.057Z, 234.60583259999999, 349.2412152
1714374852098, 2024-04-29T07:14:12.098Z, 237.3348486, 349.0641638
1714374852113, 2024-04-29T07:14:12.113Z, 239.990346, 348.9603754
1714374852144, 2024-04-29T07:14:12.144Z, 241.09263040000002, 350.6781826
1714374852160, 2024-04-29T07:14:12.160Z, 240.79376040000002, 351.9146272
1714374852193, 2024-04-29T07:14:12.193Z, 239.2717492, 352.18437860000006
1714374852227, 2024-04-29T07:14:12.227Z, 237.45170399999998, 350.67936740000005
1714374852238, 2024-04-29T07:14:12.238Z, 235.53403600000001, 349.1032798
1714374852270, 2024-04-29T07:14:12.270Z, 233.1563186, 344.28160519999994
1714374852285, 2024-04-29T07:14:12.285Z, 224.55723619999998, 337.5867168
1714374852317, 2024-04-29T07:14:12.317Z, 213.495952, 331.98240380000004
1714374852357, 2024-04-29T07:14:12.357Z, 195.5386982, 330.6428674
1714374852376, 2024-04-29T07:14:12.376Z, 176.4497278, 330.87237080000006
1714374852410, 2024-04-29T07:14:12.410Z, 159.3274656, 332.31303820000005
1714374852426, 2024-04-29T07:14:12.426Z, 148.9424178, 334.57963340000003
1714374852457, 2024-04-29T07:14:12.457Z, 142.54258439999998, 338.1177972
1714374852472, 2024-04-29T07:14:12.472Z, 143.6631246, 341.9430826
1714374852493, 2024-04-29T07:14:12.493Z, 146.90255080000003, 342.5377344
1714374852507, 2024-04-29T07:14:12.507Z, 150.35256420000002, 343.7025852
1714374852549, 2024-04-29T07:14:12.549Z, 153.6978186, 344.06015479999996
1714374852565, 2024-04-29T07:14:12.565Z, 157.505188, 342.8188692
1714374852596, 2024-04-29T07:14:12.596Z, 162.854627, 342.159084
1714374852612, 2024-04-29T07:14:12.612Z, 168.301178, 342.3341914
1714374852644, 2024-04-29T07:14:12.644Z, 174.71295320000002, 342.8038234
1714374852674, 2024-04-29T07:14:12.674Z, 184.0355406, 344.3894076
1714374852689, 2024-04-29T07:14:12.689Z, 195.9866642, 348.1575232
1714374852720, 2024-04-29T07:14:12.720Z, 207.5591466, 351.39668080000007
1714374852736, 2024-04-29T07:14:12.736Z, 218.04680539999998, 354.80192860000005
1714374852768, 2024-04-29T07:14:12.768Z, 226.6079964, 356.9113664
1714374852807, 2024-04-29T07:14:12.807Z, 231.89009459999997, 358.4691002
1714374852822, 2024-04-29T07:14:12.822Z, 233.647176, 358.38563999999997
1714374852852, 2024-04-29T07:14:12.852Z, 235.432294, 358.1233718
1714374852867, 2024-04-29T07:14:12.867Z, 235.68640620000002, 357.92189
1714374852897, 2024-04-29T07:14:12.897Z, 235.9043494, 357.5685338
1714374852913, 2024-04-29T07:14:12.913Z, 236.5435078, 357.48393640000006
1714374852943, 2024-04-29T07:14:12.943Z, 236.451161, 357.9619108
1714374852957, 2024-04-29T07:14:12.957Z, 234.92551640000002, 358.6551481999999
1714374852987, 2024-04-29T07:14:12.987Z, 234.45364220000002, 359.6823598
1714374853002, 2024-04-29T07:14:13.002Z, 233.2287766, 360.7487604
1714374853033, 2024-04-29T07:14:13.033Z, 231.87834800000002, 362.64012920000005
1714374853049, 2024-04-29T07:14:13.049Z, 230.52335060000001, 363.0918242
1714374853098, 2024-04-29T07:14:13.098Z, 228.81078700000003, 361.7369682
1714374853128, 2024-04-29T07:14:13.128Z, 225.3393146, 358.9487312
1714374853143, 2024-04-29T07:14:13.143Z, 223.0267272, 356.2413586
1714374853175, 2024-04-29T07:14:13.175Z, 212.1103654, 349.4956898
1714374853191, 2024-04-29T07:14:13.191Z, 202.03515739999997, 343.45471660000004
1714374853222, 2024-04-29T07:14:13.222Z, 192.11687700000002, 338.3184226
1714374853257, 2024-04-29T07:14:13.257Z, 184.14919419999998, 335.3643338
1714374853272, 2024-04-29T07:14:13.272Z, 176.3095572, 333.39327660000004
1714374853303, 2024-04-29T07:14:13.303Z, 177.10345, 337.19536200000005
1714374853331, 2024-04-29T07:14:13.331Z, 177.6757698, 341.36575200000004
1714374853456, 2024-04-29T07:14:13.456Z, 181.4592874, 338.09802920000004
1714374853487, 2024-04-29T07:14:13.487Z, 194.1040794, 352.05524419999995
1714374853503, 2024-04-29T07:14:13.503Z, 205.528799, 367.23855760000004
1714374853543, 2024-04-29T07:14:13.543Z, 216.252805, 382.8332488
1714374853572, 2024-04-29T07:14:13.572Z, 226.23709159999999, 403.8820928
1714374853587, 2024-04-29T07:14:13.587Z, 232.83265160000002, 431.2756964
1714374853617, 2024-04-29T07:14:13.617Z, 230.8012052, 442.3711866
1714374853636, 2024-04-29T07:14:13.636Z, 229.5445226, 449.8029302
1714374853675, 2024-04-29T07:14:13.675Z, 228.8123068, 452.81790540000003
1714374853708, 2024-04-29T07:14:13.708Z, 228.7269586, 451.4571244
1714374853724, 2024-04-29T07:14:13.724Z, 228.7821992, 451.2813018
1714374853753, 2024-04-29T07:14:13.753Z, 229.22712259999997, 447.70322500000003
1714374853769, 2024-04-29T07:14:13.769Z, 229.42017920000004, 445.7289248
1714374853799, 2024-04-29T07:14:13.800Z, 226.8000766, 447.75585119999994
1714374853815, 2024-04-29T07:14:13.815Z, 220.1014776, 449.82500180000005
1714374853843, 2024-04-29T07:14:13.843Z, 211.528655, 453.0209302
1714374853857, 2024-04-29T07:14:13.857Z, 203.1071248, 459.378074
1714374853891, 2024-04-29T07:14:13.891Z, 192.9007544, 466.059666
1714374853910, 2024-04-29T07:14:13.910Z, 185.0505588, 470.5341676
1714374853941, 2024-04-29T07:14:13.941Z, 181.2535552, 473.8878824
1714374853957, 2024-04-29T07:14:13.957Z, 180.4604996, 476.2960744
1714374853993, 2024-04-29T07:14:13.993Z, 181.5762734, 478.6418476
1714374854036, 2024-04-29T07:14:14.036Z, 191.59579200000002, 481.86757960000006
1714374854051, 2024-04-29T07:14:14.051Z, 205.07559579999997, 484.0279598
1714374854067, 2024-04-29T07:14:14.067Z, 218.484352, 485.75791819999995
1714374854082, 2024-04-29T07:14:14.082Z, 231.17891120000004, 487.29076480000003
1714374854115, 2024-04-29T07:14:14.115Z, 240.7976084, 487.5784974
1714374854157, 2024-04-29T07:14:14.157Z, 243.37457879999997, 486.06326960000007
1714374854172, 2024-04-29T07:14:14.172Z, 243.861646, 486.1127988
1714374854209, 2024-04-29T07:14:14.209Z, 244.6859864, 487.6047544
1714374854225, 2024-04-29T07:14:14.225Z, 245.6631266, 490.7104016
1714374854257, 2024-04-29T07:14:14.257Z, 246.13373080000002, 491.064994
1714374854273, 2024-04-29T07:14:14.273Z, 245.6269346, 490.44999859999996
1714374854293, 2024-04-29T07:14:14.293Z, 241.2973034, 488.56919480000005
1714374854307, 2024-04-29T07:14:14.307Z, 232.47664360000005, 485.2676181999999
1714374854340, 2024-04-29T07:14:14.340Z, 217.2675146, 481.3671234
1714374854352, 2024-04-29T07:14:14.352Z, 198.55032420000003, 481.8317882
1714374854382, 2024-04-29T07:14:14.382Z, 179.31790300000003, 484.5227744
1714374854398, 2024-04-29T07:14:14.398Z, 166.79969219999998, 487.04075300000005
1714374854443, 2024-04-29T07:14:14.443Z, 153.4180978, 488.2355796
1714374854477, 2024-04-29T07:14:14.477Z, 150.0958302, 489.1489734
1714374854492, 2024-04-29T07:14:14.492Z, 154.98756899999998, 489.4129145999999
1714374854524, 2024-04-29T07:14:14.524Z, 165.345081, 488.81935119999997
1714374854540, 2024-04-29T07:14:14.540Z, 174.47698, 488.9512616
1714374854572, 2024-04-29T07:14:14.572Z, 187.39490080000002, 490.15971959999996
1714374854608, 2024-04-29T07:14:14.608Z, 195.57846, 489.4953638
1714374854622, 2024-04-29T07:14:14.622Z, 199.507841, 488.50571
1714374854653, 2024-04-29T07:14:14.653Z, 181.6600982, 487.7554594
1714374854667, 2024-04-29T07:14:14.667Z, 161.68358199999997, 487.8133052
1714374854698, 2024-04-29T07:14:14.698Z, 140.7487686, 488.3403134
1714374854727, 2024-04-29T07:14:14.727Z, 120.93409999999999, 490.8177672
1714374854747, 2024-04-29T07:14:14.747Z, 102.9533382, 493.54101040000006
1714374854759, 2024-04-29T07:14:14.759Z, 108.0386182, 498.89483060000003
1714374854790, 2024-04-29T07:14:14.790Z, 111.72244140000001, 503.63018279999994
1714374854805, 2024-04-29T07:14:14.805Z, 117.10812560000002, 507.65111340000004
1714374854837, 2024-04-29T07:14:14.837Z, 117.0343196, 505.96897440000004
1714374854853, 2024-04-29T07:14:14.853Z, 117.0150574, 504.5419
1714374854895, 2024-04-29T07:14:14.895Z, 112.5060938, 499.5313212000001
1714374854923, 2024-04-29T07:14:14.923Z, 116.38817880000002, 498.664801
1714374854946, 2024-04-29T07:14:14.946Z, 125.39558000000002, 496.68065820000004
1714374854978, 2024-04-29T07:14:14.978Z, 149.41983220000003, 494.07729600000005
1714374854993, 2024-04-29T07:14:14.993Z, 173.8915798, 490.9286432
1714374855024, 2024-04-29T07:14:15.024Z, 294.3251078, 457.8621566
1714374855041, 2024-04-29T07:14:15.041Z, 422.7193538, 444.8983007999999
1714374855057, 2024-04-29T07:14:15.057Z, 551.8412396000001, 432.4356812
1714374855073, 2024-04-29T07:14:15.073Z, 659.7346956, 422.0314308
1714374855102, 2024-04-29T07:14:15.102Z, 801.9800656, 412.85411379999994
1714374855117, 2024-04-29T07:14:15.117Z, 866.363814, 410.69117659999995
1714374855148, 2024-04-29T07:14:15.148Z, 926.7252588000001, 376.871392
1714374855165, 2024-04-29T07:14:15.165Z, 1024.3690668000002, 315.4677216
1714374855196, 2024-04-29T07:14:15.196Z, 1132.6126064, 256.50124739999995
1714374855210, 2024-04-29T07:14:15.210Z, 1204.8967662, 195.84339140000003
1714374855242, 2024-04-29T07:14:15.242Z, 1257.4903866, 158.2557322
1714374855259, 2024-04-29T07:14:15.259Z, 1296.0801618, 130.9562836
1714374855289, 2024-04-29T07:14:15.289Z, 1283.5411182, 131.2142284
1714374855305, 2024-04-29T07:14:15.305Z, 1269.7430412, 131.959129
1714374855343, 2024-04-29T07:14:15.343Z, 1247.4939709999999, 130.7038346
1714374855373, 2024-04-29T07:14:15.373Z, 1226.3754684, 128.5568126
1714374855387, 2024-04-29T07:14:15.387Z, 1207.50578, 123.83558599999999
1714374855429, 2024-04-29T07:14:15.429Z, 1195.971184, 121.82490499999999
1714374855444, 2024-04-29T07:14:15.444Z, 1186.1630098, 120.39535240000001
1714374855476, 2024-04-29T07:14:15.476Z, 1184.7057230000003, 119.78013139999999
1714374855508, 2024-04-29T07:14:15.508Z, 1182.3249464, 120.376545
1714374855523, 2024-04-29T07:14:15.523Z, 1180.5951588, 120.4524234
1714374855554, 2024-04-29T07:14:15.554Z, 1179.4352218, 119.8326742
1714374855570, 2024-04-29T07:14:15.570Z, 1178.095985, 119.93366040000001
1714374855601, 2024-04-29T07:14:15.601Z, 1176.7859337999998, 121.3917488
1714374855617, 2024-04-29T07:14:15.617Z, 1176.3502071999999, 122.83948539999999
1714374855644, 2024-04-29T07:14:15.644Z, 1181.4872798000001, 125.32928539999997
1714374855657, 2024-04-29T07:14:15.657Z, 1189.7519003999998, 126.75516659999998
1714374855687, 2024-04-29T07:14:15.687Z, 1199.2129602, 127.2157576
1714374855702, 2024-04-29T07:14:15.702Z, 1212.8515944, 126.4543784
1714374855737, 2024-04-29T07:14:15.737Z, 1229.1331444, 124.28173899999999
1714374855756, 2024-04-29T07:14:15.756Z, 1239.4929803999999, 121.1113636
1714374855793, 2024-04-29T07:14:15.793Z, 1250.3715838, 119.107546
1714374855822, 2024-04-29T07:14:15.822Z, 1262.3123252, 116.61314039999999
1714374855837, 2024-04-29T07:14:15.837Z, 1270.8897058, 114.6072122
1714374855882, 2024-04-29T07:14:15.882Z, 1277.5208718000001, 114.86264019999999
1714374855897, 2024-04-29T07:14:15.897Z, 1284.0465492, 115.39247460000001
1714374855913, 2024-04-29T07:14:15.913Z, 1286.4518352, 113.75116
1714374855978, 2024-04-29T07:14:15.978Z, 1286.0427705999998, 112.72306080000001
1714374856007, 2024-04-29T07:14:16.007Z, 1267.0236604, 114.02097499999999
1714374856023, 2024-04-29T07:14:16.023Z, 1246.9151570000001, 114.82534560000002
1714374856054, 2024-04-29T07:14:16.054Z, 1226.8068764, 115.5412646
1714374856070, 2024-04-29T07:14:16.070Z, 1206.35553, 116.812184
1714374856093, 2024-04-29T07:14:16.093Z, 1187.1749028, 118.95325640000001
1714374856108, 2024-04-29T07:14:16.108Z, 1184.6528558, 120.36170299999999
1714374856137, 2024-04-29T07:14:16.137Z, 1182.3833978, 122.6641578
1714374856152, 2024-04-29T07:14:16.152Z, 1180.6394639999999, 125.35358499999998
1714374856196, 2024-04-29T07:14:16.196Z, 1180.5594539999997, 129.0374044
1714374856212, 2024-04-29T07:14:16.212Z, 1179.51567, 132.0748824
1714374856243, 2024-04-29T07:14:16.243Z, 1178.2084364, 133.03256040000002
1714374856275, 2024-04-29T07:14:16.275Z, 1176.8620652000002, 133.08587160000002
1714374856290, 2024-04-29T07:14:16.290Z, 1175.6392511999998, 133.0014854
1714374856322, 2024-04-29T07:14:16.322Z, 1175.4890794, 131.96256920000002
1714374856337, 2024-04-29T07:14:16.337Z, 1176.0505096, 130.1883464
1714374856369, 2024-04-29T07:14:16.369Z, 1178.4553006, 127.75065959999999
1714374856407, 2024-04-29T07:14:16.407Z, 1180.8087414, 125.985154
1714374856422, 2024-04-29T07:14:16.422Z, 1182.9629512, 123.379999
1714374856452, 2024-04-29T07:14:16.452Z, 1182.9105926, 124.0887958
1714374856467, 2024-04-29T07:14:16.467Z, 1181.8600112, 126.0252068
1714374856497, 2024-04-29T07:14:16.497Z, 1180.9402632000001, 129.2158216
1714374856512, 2024-04-29T07:14:16.512Z, 1180.4496404000001, 130.7050556
1714374856543, 2024-04-29T07:14:16.543Z, 1180.8728878, 131.05994700000002
1714374856574, 2024-04-29T07:14:16.574Z, 1181.6153010000003, 128.7200542
1714374856590, 2024-04-29T07:14:16.590Z, 1183.6484705999999, 126.6256062
1714374856605, 2024-04-29T07:14:16.605Z, 1185.8980088, 125.16994579999998
1714374856637, 2024-04-29T07:14:16.637Z, 1187.6057868, 124.5650296
1714374856653, 2024-04-29T07:14:16.653Z, 1186.202925, 125.55699860000001
1714374856697, 2024-04-29T07:14:16.697Z, 1183.1402824000002, 125.8748292
1714374856722, 2024-04-29T07:14:16.722Z, 1177.2180672, 128.9175876
1714374856738, 2024-04-29T07:14:16.738Z, 1170.7190562, 131.78438999999997
1714374856767, 2024-04-29T07:14:16.767Z, 1166.6406001999999, 134.2420282
1714374856795, 2024-04-29T07:14:16.795Z, 1164.880131, 136.3865202
1714374856826, 2024-04-29T07:14:16.826Z, 1166.6494776, 135.26258539999998
1714374856858, 2024-04-29T07:14:16.858Z, 1171.7989806, 129.81796300000002
1714374856873, 2024-04-29T07:14:16.873Z, 1177.887361, 123.41263180000001
1714374856905, 2024-04-29T07:14:16.905Z, 1181.849797, 117.38110200000001
1714374856920, 2024-04-29T07:14:16.920Z, 1184.9458274, 112.8401054
1714374856951, 2024-04-29T07:14:16.951Z, 1187.3278766, 112.46803399999999
1714374856967, 2024-04-29T07:14:16.967Z, 1188.8465792000002, 113.74370619999999
1714374856993, 2024-04-29T07:14:16.993Z, 1189.7763172, 115.85658680000002
1714374857006, 2024-04-29T07:14:17.006Z, 1190.1951944, 118.21593600000001
1714374857041, 2024-04-29T07:14:17.041Z, 1187.7238728, 120.6252692
1714374857055, 2024-04-29T07:14:17.055Z, 1184.7998495999998, 122.3855134
1714374857093, 2024-04-29T07:14:17.093Z, 1186.0317645999999, 123.69929379999999
1714374857108, 2024-04-29T07:14:17.109Z, 1187.8677548, 125.32739000000001
1714374857147, 2024-04-29T07:14:17.147Z, 1202.7177636000001, 129.7811168
1714374857176, 2024-04-29T07:14:17.176Z, 1249.8011858000002, 141.04597520000002
1714374857190, 2024-04-29T07:14:17.190Z, 1305.3448302000002, 154.9217678
1714374857236, 2024-04-29T07:14:17.236Z, 1372.1316994000001, 173.79106699999997
1714374857267, 2024-04-29T07:14:17.267Z, 1438.1759241999998, 193.6672348
1714374857314, 2024-04-29T07:14:17.314Z, 1493.7300808, 210.43964820000002
1714374857329, 2024-04-29T07:14:17.329Z, 1520.6630528, 219.46188560000002
1714374857361, 2024-04-29T07:14:17.361Z, 1553.6995650000001, 225.9782386
1714374857376, 2024-04-29T07:14:17.376Z, 1573.8652778, 227.49839819999997
1714374857407, 2024-04-29T07:14:17.407Z, 1592.3886912, 225.2712752
1714374857424, 2024-04-29T07:14:17.424Z, 1610.52457, 224.68444119999998
1714374857443, 2024-04-29T07:14:17.443Z, 1627.5558978, 222.25757940000003
1714374857458, 2024-04-29T07:14:17.458Z, 1631.1271374, 220.8850554
1714374857488, 2024-04-29T07:14:17.488Z, 1637.4191676, 223.21103060000002
1714374857502, 2024-04-29T07:14:17.502Z, 1645.4123218, 228.3309476
1714374857534, 2024-04-29T07:14:17.534Z, 1650.304444, 232.6355858
1714374857550, 2024-04-29T07:14:17.550Z, 1656.2826840000002, 240.12703040000002
1714374857593, 2024-04-29T07:14:17.593Z, 1660.9389442, 247.264356
1714374857622, 2024-04-29T07:14:17.622Z, 1661.7044192, 251.73533859999998
1714374857637, 2024-04-29T07:14:17.637Z, 1663.6432364, 257.07518259999995
1714374857676, 2024-04-29T07:14:17.676Z, 1666.2287368000002, 262.2304544
1714374857691, 2024-04-29T07:14:17.691Z, 1668.5170928, 266.236497
1714374857722, 2024-04-29T07:14:17.722Z, 1669.5655855999998, 269.683174
1714374857757, 2024-04-29T07:14:17.757Z, 1664.8039658000002, 272.1011646
1714374857772, 2024-04-29T07:14:17.772Z, 1656.6458742, 273.59689480000003
1714374857816, 2024-04-29T07:14:17.816Z, 1645.7961977999998, 273.434617
1714374857831, 2024-04-29T07:14:17.831Z, 1635.6653896, 273.5246258
1714374857847, 2024-04-29T07:14:17.847Z, 1625.6507224000002, 273.61219939999995
1714374857863, 2024-04-29T07:14:17.863Z, 1620.7353344, 272.8611004
1714374857893, 2024-04-29T07:14:17.893Z, 1616.0827788000001, 273.8582766
1714374857909, 2024-04-29T07:14:17.909Z, 1617.0440238, 275.2728408
1714374857941, 2024-04-29T07:14:17.941Z, 1617.3604966, 277.0069518
1714374857957, 2024-04-29T07:14:17.957Z, 1618.0442136000001, 279.18585220000006
1714374857988, 2024-04-29T07:14:17.988Z, 1620.2161964000002, 281.1686298
1714374858005, 2024-04-29T07:14:18.005Z, 1627.047881, 281.5033142
1714374858043, 2024-04-29T07:14:18.043Z, 1630.5864606, 281.8947808
1714374858083, 2024-04-29T07:14:18.083Z, 1636.2205976, 280.9654886
1714374858098, 2024-04-29T07:14:18.098Z, 1641.6705406, 279.3722428
1714374858129, 2024-04-29T07:14:18.129Z, 1643.9646432000002, 278.4063608
1714374858145, 2024-04-29T07:14:18.145Z, 1640.4312077999998, 277.5959198
1714374858177, 2024-04-29T07:14:18.177Z, 1639.0955611999998, 277.6589828
1714374858209, 2024-04-29T07:14:18.209Z, 1629.5001682000002, 281.7488954
1714374858224, 2024-04-29T07:14:18.224Z, 1622.9039804000001, 284.98959640000004
1714374858255, 2024-04-29T07:14:18.255Z, 1567.045055, 304.63579080000005
1714374858270, 2024-04-29T07:14:18.270Z, 1488.3224172, 332.817189
1714374858302, 2024-04-29T07:14:18.302Z, 1408.2698506000002, 363.0073082
1714374858318, 2024-04-29T07:14:18.318Z, 1334.1703096, 390.762653
1714374858343, 2024-04-29T07:14:18.343Z, 1256.293502, 419.2370026
1714374858357, 2024-04-29T07:14:18.357Z, 1226.2527656000002, 430.97274120000003
1714374858396, 2024-04-29T07:14:18.396Z, 1221.0574786000002, 432.3643628
1714374858411, 2024-04-29T07:14:18.411Z, 1215.3734074, 432.2822264
1714374858442, 2024-04-29T07:14:18.442Z, 1208.9072953999998, 431.14634380000007
1714374858458, 2024-04-29T07:14:18.458Z, 1200.2218732, 432.0996784
1714374858497, 2024-04-29T07:14:18.497Z, 1193.012204, 436.84286860000003
1714374858536, 2024-04-29T07:14:18.536Z, 1185.1686702, 441.2145714
1714374858552, 2024-04-29T07:14:18.552Z, 1178.005048, 444.0628222
1714374858568, 2024-04-29T07:14:18.568Z, 1171.6857236, 445.38398720000004
1714374858586, 2024-04-29T07:14:18.586Z, 1169.7547134000001, 443.26989599999996
1714374858616, 2024-04-29T07:14:18.616Z, 1169.2572298, 436.1279404
1714374858664, 2024-04-29T07:14:18.664Z, 1171.2481244000003, 432.0867292
1714374858679, 2024-04-29T07:14:18.679Z, 1174.068927, 429.19878239999997
1714374858711, 2024-04-29T07:14:18.711Z, 1179.1499478, 425.97969379999995
1714374858727, 2024-04-29T07:14:18.727Z, 1183.4358789999999, 423.51146980000004
1714374858759, 2024-04-29T07:14:18.759Z, 1188.0955534, 423.23034399999995
1714374858774, 2024-04-29T07:14:18.774Z, 1191.4899235999999, 422.89326
1714374858797, 2024-04-29T07:14:18.797Z, 1194.2372912, 421.67796680000004
1714374858810, 2024-04-29T07:14:18.810Z, 1195.2369128, 423.75045480000006
1714374858837, 2024-04-29T07:14:18.837Z, 1198.5208748, 426.1799642
1714374858852, 2024-04-29T07:14:18.852Z, 1203.7079328, 428.11102680000005
1714374858884, 2024-04-29T07:14:18.884Z, 1214.3198254000001, 432.55802840000007
1714374858900, 2024-04-29T07:14:18.900Z, 1224.9913828, 435.7620588
1714374858943, 2024-04-29T07:14:18.943Z, 1237.2717078, 439.7163154
1714374858972, 2024-04-29T07:14:18.972Z, 1249.00799, 441.16247939999994
1714374858987, 2024-04-29T07:14:18.987Z, 1257.63173, 442.50041280000005
1714374859021, 2024-04-29T07:14:19.021Z, 1259.5098698, 439.6373278
1714374859032, 2024-04-29T07:14:19.032Z, 1258.0253808, 437.563508
1714374859072, 2024-04-29T07:14:19.072Z, 1280.458351, 430.2524478
1714374859107, 2024-04-29T07:14:19.107Z, 1303.3960902, 425.8818524
1714374859135, 2024-04-29T07:14:19.135Z, 1326.1449504, 420.90094719999996
1714374859151, 2024-04-29T07:14:19.151Z, 1348.2056328, 412.56966580000005
1714374859166, 2024-04-29T07:14:19.166Z, 1372.0245046, 404.61021420000003
1714374859182, 2024-04-29T07:14:19.182Z, 1371.2568514000002, 400.0524278
1714374859213, 2024-04-29T07:14:19.213Z, 1372.1654154, 395.2229284
1714374859229, 2024-04-29T07:14:19.229Z, 1374.3486858, 390.98541539999997
1714374859245, 2024-04-29T07:14:19.245Z, 1381.961511, 393.9280729999999
1714374859261, 2024-04-29T07:14:19.261Z, 1390.1689584, 399.31224899999995
1714374859292, 2024-04-29T07:14:19.292Z, 1396.0440732000002, 403.3608546
1714374859308, 2024-04-29T07:14:19.308Z, 1397.5845064, 408.4951662
1714374859340, 2024-04-29T07:14:19.340Z, 1395.2132876, 415.16499939999994
1714374859357, 2024-04-29T07:14:19.357Z, 1386.6295156, 419.72161499999993
1714374859393, 2024-04-29T07:14:19.393Z, 1368.62817, 421.56083440000003
1714374859431, 2024-04-29T07:14:19.431Z, 1352.0519118, 424.29280239999997
1714374859447, 2024-04-29T07:14:19.447Z, 1331.2913838000002, 426.1397468
1714374859478, 2024-04-29T07:14:19.478Z, 1314.3845509999999, 424.0081886
1714374859493, 2024-04-29T07:14:19.493Z, 1299.9728596, 419.5643647999999
1714374859525, 2024-04-29T07:14:19.525Z, 1292.6571106, 413.85134940000006
1714374859557, 2024-04-29T07:14:19.557Z, 1287.2514604, 410.147015
1714374859573, 2024-04-29T07:14:19.573Z, 1286.239697, 406.35482740000003
1714374859589, 2024-04-29T07:14:19.589Z, 1283.1653764, 404.9111366
1714374859605, 2024-04-29T07:14:19.605Z, 1275.2376104, 406.5856924
1714374859620, 2024-04-29T07:14:19.620Z, 1272.166446, 409.7775356
1714374859652, 2024-04-29T07:14:19.652Z, 1266.0479805999998, 411.3803414
1714374859668, 2024-04-29T07:14:19.668Z, 1260.6833843999998, 412.73633540000003
1714374859693, 2024-04-29T07:14:19.693Z, 1254.3494970000002, 410.3475182
1714374859707, 2024-04-29T07:14:19.707Z, 1255.6520744000002, 406.7984432
1714374859747, 2024-04-29T07:14:19.747Z, 1251.9353462, 404.9976444
1714374859762, 2024-04-29T07:14:19.762Z, 1250.547341, 401.858927
1714374859794, 2024-04-29T07:14:19.794Z, 1248.9410132, 398.675534
1714374859809, 2024-04-29T07:14:19.809Z, 1250.6992526, 399.3484224
1714374859844, 2024-04-29T07:14:19.844Z, 1243.7153139999998, 399.82359340000005
1714374859873, 2024-04-29T07:14:19.873Z, 1237.9942426, 399.254814
1714374859888, 2024-04-29T07:14:19.888Z, 1230.5825379999999, 399.8468374
1714374859920, 2024-04-29T07:14:19.920Z, 1221.7308766, 401.02478320000006
1714374859936, 2024-04-29T07:14:19.936Z, 1214.6787948, 402.2015016
1714374859968, 2024-04-29T07:14:19.968Z, 1214.0225636, 402.5481584
1714374860010, 2024-04-29T07:14:20.010Z, 1205.9636068, 409.3099022
1714374860027, 2024-04-29T07:14:20.027Z, 1190.3209538, 420.71248019999996
1714374860039, 2024-04-29T07:14:20.039Z, 1177.6429204, 431.5593464
1714374860053, 2024-04-29T07:14:20.053Z, 1168.8417188, 437.79158480000007
1714374860068, 2024-04-29T07:14:20.068Z, 1159.2814720000001, 443.8330796
1714374860099, 2024-04-29T07:14:20.099Z, 1161.0884122, 440.32918
1714374860112, 2024-04-29T07:14:20.112Z, 1168.8085850000002, 431.05602100000004
1714374860148, 2024-04-29T07:14:20.148Z, 1174.6840379999999, 423.59064040000004
1714374860158, 2024-04-29T07:14:20.158Z, 1173.7365764, 421.0567226
1714374860192, 2024-04-29T07:14:20.192Z, 1173.3894192, 419.31441019999994
1714374860206, 2024-04-29T07:14:20.206Z, 1171.2887978, 420.68139080000003
1714374860236, 2024-04-29T07:14:20.236Z, 1171.4800836, 424.1850128
1714374860251, 2024-04-29T07:14:20.251Z, 1172.0039908, 426.1878232
1714374860294, 2024-04-29T07:14:20.294Z, 1172.9737206, 428.32922420000006
1714374860331, 2024-04-29T07:14:20.331Z, 1173.0382662, 430.03769680000005
1714374860346, 2024-04-29T07:14:20.346Z, 1170.6361772, 432.70268780000004
1714374860378, 2024-04-29T07:14:20.378Z, 1167.8144852, 434.36018540000003
1714374860393, 2024-04-29T07:14:20.393Z, 1164.7324246, 435.95547100000005
1714374860426, 2024-04-29T07:14:20.426Z, 1161.6025146, 436.82215319999995
1714374860446, 2024-04-29T07:14:20.446Z, 1156.9438738000001, 437.4230922
1714374860472, 2024-04-29T07:14:20.472Z, 1152.7830562, 439.0682758
1714374860487, 2024-04-29T07:14:20.487Z, 1147.8001032, 441.46627499999994
1714374860503, 2024-04-29T07:14:20.503Z, 1143.4846774, 444.1506622
1714374860518, 2024-04-29T07:14:20.518Z, 1141.4432934000001, 445.461979
1714374860550, 2024-04-29T07:14:20.550Z, 1142.0968566, 447.13035920000004
1714374860566, 2024-04-29T07:14:20.566Z, 1145.170838, 446.4054264
1714374860593, 2024-04-29T07:14:20.593Z, 1152.9800426, 442.5196374
1714374860607, 2024-04-29T07:14:20.607Z, 1159.3393965999999, 438.3516576
1714374860637, 2024-04-29T07:14:20.637Z, 1159.371297, 437.92110139999994
1714374860652, 2024-04-29T07:14:20.652Z, 1154.0302494, 441.1757878
1714374860682, 2024-04-29T07:14:20.682Z, 1148.0671108000001, 444.2470032
1714374860697, 2024-04-29T07:14:20.697Z, 1141.1611676, 447.8525618
1714374860743, 2024-04-29T07:14:20.743Z, 1142.9970702, 448.3171356
1714374860785, 2024-04-29T07:14:20.785Z, 1149.8719488, 445.66838280000013
1714374860801, 2024-04-29T07:14:20.801Z, 1162.2640268, 438.9996510000001
1714374860818, 2024-04-29T07:14:20.818Z, 1175.5130261999998, 432.07102679999997
1714374860833, 2024-04-29T07:14:20.833Z, 1185.2018314, 426.56620080000005
1714374860865, 2024-04-29T07:14:20.865Z, 1186.6086375999998, 424.2424618
1714374860912, 2024-04-29T07:14:20.912Z, 1185.123545, 423.714113
1714374860928, 2024-04-29T07:14:20.928Z, 1183.8317248, 422.5207374
1714374860959, 2024-04-29T07:14:20.959Z, 1181.9250788000002, 449.6574928
1714374860975, 2024-04-29T07:14:20.975Z, 1178.1367012, 486.1816422
1714374861007, 2024-04-29T07:14:21.007Z, 1176.5356932, 518.6219254
1714374861023, 2024-04-29T07:14:21.023Z, 1176.3929716, 554.0377864
1714374861043, 2024-04-29T07:14:21.043Z, 1175.0309482, 598.1333462
1714374861057, 2024-04-29T07:14:21.057Z, 1177.256069, 611.3786932
1714374861103, 2024-04-29T07:14:21.103Z, 1185.899049, 620.4897274
1714374861134, 2024-04-29T07:14:21.134Z, 1193.8618712, 635.5338648
1714374861151, 2024-04-29T07:14:21.151Z, 1200.2548344, 647.7795140000001
1714374861197, 2024-04-29T07:14:21.197Z, 1198.5086802, 658.3348304
1714374861213, 2024-04-29T07:14:21.213Z, 1190.0952994, 674.248432
1714374861228, 2024-04-29T07:14:21.228Z, 1182.0335645999999, 680.042903
1714374861244, 2024-04-29T07:14:21.244Z, 1173.0937576000001, 684.5098316000001
1714374861275, 2024-04-29T07:14:21.275Z, 1166.9138332, 686.7610994
1714374861291, 2024-04-29T07:14:21.291Z, 1169.86502, 682.7054688000001
1714374861322, 2024-04-29T07:14:21.322Z, 1176.3452048000001, 676.575105
1714374861342, 2024-04-29T07:14:21.342Z, 1179.3780892, 674.6117222
1714374861357, 2024-04-29T07:14:21.357Z, 1188.3815206000002, 668.8820102
1714374861386, 2024-04-29T07:14:21.386Z, 1191.7509668, 667.9424717999999
1714374861404, 2024-04-29T07:14:21.404Z, 1194.7488079999998, 668.0392635999999
1714374861417, 2024-04-29T07:14:21.417Z, 1195.9751107999998, 668.4693444
1714374861450, 2024-04-29T07:14:21.450Z, 1194.2506423999998, 671.5914214
1714374861465, 2024-04-29T07:14:21.465Z, 1187.7954296, 678.1090182
1714374861494, 2024-04-29T07:14:21.494Z, 1187.0091885999998, 682.960318
1714374861507, 2024-04-29T07:14:21.507Z, 1186.8493549999998, 686.8737656000001
1714374861537, 2024-04-29T07:14:21.537Z, 1187.2846514, 690.5881919999999
1714374861557, 2024-04-29T07:14:21.557Z, 1187.2512819999997, 693.0145808
1714374861582, 2024-04-29T07:14:21.582Z, 1186.495659, 697.4713994000001
1714374861597, 2024-04-29T07:14:21.597Z, 1184.4830748, 700.3022285999999
1714374861643, 2024-04-29T07:14:21.643Z, 1180.247287, 703.9840389999999
1714374861655, 2024-04-29T07:14:21.655Z, 1177.4791266, 707.7854676
1714374861672, 2024-04-29T07:14:21.672Z, 1172.6528987999998, 711.4611511999999
1714374861687, 2024-04-29T07:14:21.687Z, 1166.929739, 711.9727244
1714374861702, 2024-04-29T07:14:21.702Z, 1160.5952056, 712.1588202
1714374861719, 2024-04-29T07:14:21.719Z, 1155.939118, 711.3680904
1714374861737, 2024-04-29T07:14:21.737Z, 1147.71718, 709.9383664
1714374861749, 2024-04-29T07:14:21.749Z, 1143.3973562, 708.2038566
1714374861765, 2024-04-29T07:14:21.765Z, 1138.8203680000001, 709.3089276000001
1714374861808, 2024-04-29T07:14:21.808Z, 1133.6177828, 709.9272072
1714374861822, 2024-04-29T07:14:21.822Z, 1129.5609966, 710.9563198000001
1714374861857, 2024-04-29T07:14:21.857Z, 1129.9053179999999, 710.5698617999999
1714374861875, 2024-04-29T07:14:21.875Z, 1130.0726016, 711.7411098
1714374861907, 2024-04-29T07:14:21.907Z, 1130.007657, 711.0491496000001
1714374861922, 2024-04-29T07:14:21.922Z, 1129.6481664, 710.5222676000001
1714374861948, 2024-04-29T07:14:21.948Z, 1123.5646016, 711.5669195999999
1714374861960, 2024-04-29T07:14:21.960Z, 1116.7897090000001, 714.1722100000001
1714374861989, 2024-04-29T07:14:21.989Z, 1112.0122428, 715.7866892
1714374862002, 2024-04-29T07:14:22.002Z, 1108.4675742, 718.4803248000001
1714374862033, 2024-04-29T07:14:22.033Z, 1107.1009812, 721.6985306
1714374862048, 2024-04-29T07:14:22.048Z, 1113.145918, 721.5240968
1714374862064, 2024-04-29T07:14:22.064Z, 1117.2824366, 721.3434692
1714374862093, 2024-04-29T07:14:22.093Z, 1121.0965068, 721.7808207999999
1714374862112, 2024-04-29T07:14:22.112Z, 1122.9139301999999, 721.2865204
1714374862128, 2024-04-29T07:14:22.128Z, 1124.143688, 719.8635674
1714374862144, 2024-04-29T07:14:22.144Z, 1123.0953571999999, 720.2276758
1714374862177, 2024-04-29T07:14:22.177Z, 1124.143341, 719.649983
1714374862191, 2024-04-29T07:14:22.191Z, 1124.6103332, 717.3452747999999
1714374862223, 2024-04-29T07:14:22.223Z, 1127.5119856000001, 715.2254836
1714374862242, 2024-04-29T07:14:22.242Z, 1131.256836, 714.6345509999999
1714374862257, 2024-04-29T07:14:22.257Z, 1135.9787422000002, 715.4739876
1714374862272, 2024-04-29T07:14:22.272Z, 1137.5311219999999, 717.164986
1714374862303, 2024-04-29T07:14:22.303Z, 1137.4896084000002, 720.1446997999999
1714374862317, 2024-04-29T07:14:22.317Z, 1136.166027, 722.5320934000001
1714374862348, 2024-04-29T07:14:22.348Z, 1136.519233, 723.934201
1714374862364, 2024-04-29T07:14:22.364Z, 1133.7357176, 724.3316762000001
1714374862411, 2024-04-29T07:14:22.411Z, 1133.7319956, 725.4249601999999
1714374862427, 2024-04-29T07:14:22.427Z, 1134.6447094, 725.8373614
1714374862443, 2024-04-29T07:14:22.443Z, 1139.4312516, 726.90828
1714374862459, 2024-04-29T07:14:22.459Z, 1138.5151548, 727.0110124
1714374862490, 2024-04-29T07:14:22.490Z, 1141.0780416, 727.6771098
1714374862506, 2024-04-29T07:14:22.506Z, 1142.2589242, 728.3534790000001
1714374862543, 2024-04-29T07:14:22.543Z, 1143.7672804, 729.5991476
1714374862586, 2024-04-29T07:14:22.586Z, 1142.1588545999998, 729.201798
1714374862601, 2024-04-29T07:14:22.601Z, 1144.0365966, 728.2237516
1714374862617, 2024-04-29T07:14:22.617Z, 1140.2958702, 726.3119264
1714374862649, 2024-04-29T07:14:22.649Z, 1136.9008334000002, 724.4486548
1714374862664, 2024-04-29T07:14:22.664Z, 1132.4451714000002, 722.5545724
1714374862711, 2024-04-29T07:14:22.711Z, 1127.7379656, 722.7450584000001
1714374862726, 2024-04-29T07:14:22.726Z, 1122.5381672, 723.8955154
1714374862742, 2024-04-29T07:14:22.742Z, 1119.2649882, 724.9610828000001
1714374862758, 2024-04-29T07:14:22.758Z, 1114.9123998, 724.4067924000001
1714374862774, 2024-04-29T07:14:22.774Z, 1119.2717904, 725.7939334
1714374862789, 2024-04-29T07:14:22.789Z, 1116.8126189999998, 724.7886824
1714374862805, 2024-04-29T07:14:22.805Z, 1116.1693808, 724.8811236
1714374862820, 2024-04-29T07:14:22.820Z, 1118.0114856, 724.6166962
1714374862843, 2024-04-29T07:14:22.843Z, 1124.1952088, 726.1026503999999
1714374862867, 2024-04-29T07:14:22.867Z, 1122.9623278, 725.535886
1714374862900, 2024-04-29T07:14:22.900Z, 1127.7910212000002, 728.1162919999999
1714374862915, 2024-04-29T07:14:22.915Z, 1130.8760922, 729.3750676
1714374862930, 2024-04-29T07:14:22.930Z, 1131.3423406, 735.0912402000001
1714374862961, 2024-04-29T07:14:22.961Z, 1133.4994812, 741.3083416000001
1714374862993, 2024-04-29T07:14:22.993Z, 1161.9351892, 747.8239712
1714374863008, 2024-04-29T07:14:23.008Z, 1189.1762982, 753.618304
1714374863040, 2024-04-29T07:14:23.040Z, 1228.2448908000001, 763.3320724
1714374863056, 2024-04-29T07:14:23.056Z, 1283.2140936, 773.932612
1714374863087, 2024-04-29T07:14:23.087Z, 1335.9055878000001, 783.5525439999999
1714374863103, 2024-04-29T07:14:23.103Z, 1361.6372818, 793.715688
1714374863142, 2024-04-29T07:14:23.142Z, 1398.5782954000001, 794.9975592
1714374863166, 2024-04-29T07:14:23.166Z, 1424.8508328, 792.2865166
1714374863182, 2024-04-29T07:14:23.182Z, 1443.2764362000003, 783.4458603999999
1714374863198, 2024-04-29T07:14:23.198Z, 1459.0208275999998, 774.871263
1714374863214, 2024-04-29T07:14:23.214Z, 1478.7950626, 768.0191212
1714374863230, 2024-04-29T07:14:23.230Z, 1490.8349944000001, 771.9798156
1714374863246, 2024-04-29T07:14:23.246Z, 1504.6652778, 779.185644
1714374863277, 2024-04-29T07:14:23.277Z, 1514.4877132000001, 786.3145912
1714374863293, 2024-04-29T07:14:23.293Z, 1525.145651, 793.584224
1714374863309, 2024-04-29T07:14:23.309Z, 1531.6420834, 797.6006078
1714374863325, 2024-04-29T07:14:23.325Z, 1535.9381056, 799.394408
1714374863340, 2024-04-29T07:14:23.340Z, 1533.1037014, 798.1740110000001
1714374863356, 2024-04-29T07:14:23.356Z, 1529.9706323999999, 797.6914814
1714374863372, 2024-04-29T07:14:23.372Z, 1525.7199626000001, 797.4087872
1714374863388, 2024-04-29T07:14:23.388Z, 1524.099179, 796.8446602
1714374863403, 2024-04-29T07:14:23.403Z, 1522.7380811999997, 796.106666
1714374863443, 2024-04-29T07:14:23.443Z, 1524.5712457999998, 796.5476956
1714374863455, 2024-04-29T07:14:23.455Z, 1525.018783, 796.9647436
1714374863472, 2024-04-29T07:14:23.472Z, 1516.5331816, 797.1350814
1714374863487, 2024-04-29T07:14:23.487Z, 1505.904537, 796.0883658
1714374863517, 2024-04-29T07:14:23.517Z, 1474.1290306, 781.0412436
1714374863536, 2024-04-29T07:14:23.536Z, 1450.5712614, 766.0166514