1714647992466, 2024-05-02T11:06:32.466Z, 37.730329, 255.928011
1714647993259, 2024-05-02T11:06:33.259Z, 136.525943, 213.7338445
1714647993385, 2024-05-02T11:06:33.385Z, 158.0611746666667, 189.18865466666668
1714647993429, 2024-05-02T11:06:33.429Z, 168.10972800000002, 179.02199875
1714647993522, 2024-05-02T11:06:33.522Z, 174.13886000000002, 172.9220052
1714647995001, 2024-05-02T11:06:35.001Z, 176.15978220000002, 254.6008254
1714647995497, 2024-05-02T11:06:35.497Z, 218.47701779999997, 250.5907682
1714647995587, 2024-05-02T11:06:35.587Z, 270.3749406, 256.33580199999994
1714647995632, 2024-05-02T11:06:35.632Z, 324.3701282, 262.97990919999995
1714647995679, 2024-05-02T11:06:35.679Z, 377.11998400000004, 271.35076660000004
1714647995904, 2024-05-02T11:06:35.904Z, 492.43268900000004, 193.89106220000002
1714647995929, 2024-05-02T11:06:35.929Z, 502.93093659999994, 221.0255828
1714647995974, 2024-05-02T11:06:35.974Z, 513.6192771999999, 247.60849040000002
1714647996020, 2024-05-02T11:06:36.020Z, 525.4918032, 275.7521238
1714647996039, 2024-05-02T11:06:36.039Z, 543.2831812000001, 303.7098254
1714647996066, 2024-05-02T11:06:36.066Z, 528.8268862, 323.5908978
1714647996082, 2024-05-02T11:06:36.082Z, 541.4625980000001, 336.2892572
1714647996097, 2024-05-02T11:06:36.097Z, 534.4229838, 354.8683608
1714647996129, 2024-05-02T11:06:36.129Z, 504.9865748, 377.8494366
1714647996155, 2024-05-02T11:06:36.155Z, 446.8867242, 410.49470080000003
1714647996169, 2024-05-02T11:06:36.169Z, 371.4506344, 432.67393300000003
1714647996198, 2024-05-02T11:06:36.198Z, 292.92961699999995, 471.7257796
1714647996214, 2024-05-02T11:06:36.214Z, 226.93309100000002, 499.30711540000004
1714647996243, 2024-05-02T11:06:36.243Z, 188.09915900000001, 523.6289438
1714647996259, 2024-05-02T11:06:36.259Z, 179.521253, 541.0819984
1714647996271, 2024-05-02T11:06:36.271Z, 194.9084522, 565.8411784
1714647996305, 2024-05-02T11:06:36.305Z, 214.5785024, 582.5239922000001
1714647996316, 2024-05-02T11:06:36.316Z, 238.1499828, 601.1480462
1714647996333, 2024-05-02T11:06:36.333Z, 254.74813460000001, 614.9372821999999
1714647996349, 2024-05-02T11:06:36.349Z, 267.0515904, 624.733183
1714647996364, 2024-05-02T11:06:36.364Z, 276.07253040000006, 631.25089
1714647996380, 2024-05-02T11:06:36.380Z, 286.8597558, 638.0449082
1714647996395, 2024-05-02T11:06:36.395Z, 299.5037314, 648.8516038
1714647996410, 2024-05-02T11:06:36.410Z, 311.434514, 659.4668331999999
1714647996426, 2024-05-02T11:06:36.426Z, 322.7887256, 671.9077420000001
1714647996451, 2024-05-02T11:06:36.451Z, 331.08398559999995, 681.8096628000001
1714647996468, 2024-05-02T11:06:36.468Z, 336.71480600000007, 688.5320878
1714647996484, 2024-05-02T11:06:36.484Z, 340.1293382, 691.8121042
1714647996495, 2024-05-02T11:06:36.495Z, 344.26497040000004, 694.9581221999999
1714647996513, 2024-05-02T11:06:36.513Z, 350.4135862, 697.5303186
1714647996529, 2024-05-02T11:06:36.529Z, 326.5451152, 686.6847186
1714647996540, 2024-05-02T11:06:36.540Z, 308.14524200000005, 677.6134212
1714647996559, 2024-05-02T11:06:36.559Z, 292.5237384, 669.4738956
1714647996574, 2024-05-02T11:06:36.574Z, 271.5855256, 657.9226526
1714647996605, 2024-05-02T11:06:36.605Z, 260.5023338, 649.1310422
1714647996664, 2024-05-02T11:06:36.664Z, 288.064506, 654.3093690000001
1714647996675, 2024-05-02T11:06:36.675Z, 322.85351619999994, 659.3275454000001
1714647996694, 2024-05-02T11:06:36.694Z, 349.466479, 650.6349127999999
1714647996709, 2024-05-02T11:06:36.709Z, 379.1950636, 630.0700433999999
1714647996720, 2024-05-02T11:06:36.720Z, 405.18045200000006, 615.8472838
1714647996756, 2024-05-02T11:06:36.756Z, 421.9931354, 598.126046
1714647996766, 2024-05-02T11:06:36.766Z, 417.5255838, 571.5886464000001
1714647996784, 2024-05-02T11:06:36.784Z, 415.04456580000004, 551.8843702000001
1714647996799, 2024-05-02T11:06:36.799Z, 409.57579680000003, 542.0180652
1714647996813, 2024-05-02T11:06:36.813Z, 380.554298, 507.7553201999999
1714647996829, 2024-05-02T11:06:36.829Z, 345.2857418, 471.1327524
1714647996844, 2024-05-02T11:06:36.844Z, 312.71113240000005, 437.724708
1714647996860, 2024-05-02T11:06:36.860Z, 284.1176838, 409.95748199999997
1714647996875, 2024-05-02T11:06:36.875Z, 255.000566, 382.70621539999996
1714647996902, 2024-05-02T11:06:36.902Z, 236.03308040000002, 365.1318992
1714647996919, 2024-05-02T11:06:36.919Z, 220.0895484, 348.7534302
1714647996934, 2024-05-02T11:06:36.934Z, 207.71942819999998, 335.69235979999996
1714647996946, 2024-05-02T11:06:36.946Z, 194.1408064, 322.15344760000005
1714647996964, 2024-05-02T11:06:36.964Z, 191.6375678, 317.76278140000005
1714647996979, 2024-05-02T11:06:36.979Z, 192.91886540000002, 318.05056940000003
1714647996991, 2024-05-02T11:06:36.991Z, 199.6215138, 323.6870494000001
1714647997009, 2024-05-02T11:06:37.009Z, 208.1430162, 331.1211604
1714647997024, 2024-05-02T11:06:37.024Z, 221.5235492, 342.24954379999997
1714647997055, 2024-05-02T11:06:37.055Z, 230.954675, 353.4876982
1714647997069, 2024-05-02T11:06:37.069Z, 239.3133526, 364.2043232
1714647997081, 2024-05-02T11:06:37.081Z, 243.6158998, 372.0338278
1714647997099, 2024-05-02T11:06:37.099Z, 247.2397108, 378.97082839999996
1714647997114, 2024-05-02T11:06:37.114Z, 245.4429956, 381.4566368
1714647997126, 2024-05-02T11:06:37.126Z, 240.47291719999998, 379.003549
1714647997144, 2024-05-02T11:06:37.144Z, 234.2570326, 374.89408960000003
1714647997159, 2024-05-02T11:06:37.159Z, 229.8381566, 372.14970299999993
1714647997171, 2024-05-02T11:06:37.171Z, 224.15416199999999, 368.1452952000001
1714647997205, 2024-05-02T11:06:37.205Z, 219.0068658, 366.2662352
1714647997217, 2024-05-02T11:06:37.217Z, 214.9569876, 364.36012919999996
1714647997233, 2024-05-02T11:06:37.233Z, 211.9922458, 360.163319
1714647997249, 2024-05-02T11:06:37.249Z, 207.3772668, 353.8912942
1714647997264, 2024-05-02T11:06:37.264Z, 201.06426539999998, 346.52778019999994
1714647997280, 2024-05-02T11:06:37.280Z, 184.37796859999997, 323.765446
1714647997296, 2024-05-02T11:06:37.296Z, 168.2531672, 303.18573419999996
1714647997311, 2024-05-02T11:06:37.311Z, 155.21249400000002, 289.44905660000006
1714647997327, 2024-05-02T11:06:37.327Z, 142.5480942, 275.79819380000004
1714647997352, 2024-05-02T11:06:37.352Z, 129.349899, 260.8622722
1714647997368, 2024-05-02T11:06:37.368Z, 127.2030638, 260.2594686
1714647997384, 2024-05-02T11:06:37.384Z, 122.105566, 254.61013880000002
1714647997396, 2024-05-02T11:06:37.396Z, 110.38371260000001, 241.2376346
1714647997413, 2024-05-02T11:06:37.413Z, 94.0733428, 223.13551559999996
1714647997429, 2024-05-02T11:06:37.429Z, 77.716148, 203.02086260000002
1714647997441, 2024-05-02T11:06:37.441Z, 61.939886200000004, 183.15643360000004
1714647997458, 2024-05-02T11:06:37.458Z, 44.850407000000004, 160.691629
1714647997474, 2024-05-02T11:06:37.474Z, 31.827551399999997, 141.62892359999998
1714647997504, 2024-05-02T11:06:37.504Z, 26.307357200000002, 126.1454694
1714647997519, 2024-05-02T11:06:37.519Z, 24.235235600000003, 115.1137326
1714647997531, 2024-05-02T11:06:37.531Z, 19.7054502, 100.05346019999999
1714647998465, 2024-05-02T11:06:38.465Z, 36.326862000000006, 160.5608562
1714647998477, 2024-05-02T11:06:38.477Z, 45.3170066, 216.16505439999997
1714647998510, 2024-05-02T11:06:38.510Z, 59.57862780000001, 279.77383679999997
1714647998522, 2024-05-02T11:06:38.522Z, 79.6616678, 349.06537019999996
1714647998560, 2024-05-02T11:06:38.560Z, 121.5869694, 440.5609402
1714647998571, 2024-05-02T11:06:38.571Z, 146.60721199999998, 462.9052223999999
1714647998586, 2024-05-02T11:06:38.586Z, 181.7163188, 492.27299860000005
1714647998604, 2024-05-02T11:06:38.604Z, 211.66587839999997, 516.52839
1714647998616, 2024-05-02T11:06:38.616Z, 236.51293739999997, 534.2836623999999
1714647998632, 2024-05-02T11:06:38.632Z, 245.32864479999998, 532.9851804
1714647998649, 2024-05-02T11:06:38.649Z, 253.23552679999997, 531.349602
1714647998661, 2024-05-02T11:06:38.661Z, 259.7727652, 526.4476032
1714647998677, 2024-05-02T11:06:38.677Z, 264.7043471999999, 521.0359114
1714647998702, 2024-05-02T11:06:38.702Z, 270.0524338, 517.4460444
1714647998718, 2024-05-02T11:06:38.718Z, 272.5879864, 515.5472082
1714647998734, 2024-05-02T11:06:38.734Z, 279.7879812, 513.9847781999999
1714647998745, 2024-05-02T11:06:38.745Z, 286.46007419999995, 514.3888764000001
1714647998764, 2024-05-02T11:06:38.764Z, 296.40973599999995, 515.8264774
1714647998779, 2024-05-02T11:06:38.779Z, 305.30232, 516.6685806
1714647998790, 2024-05-02T11:06:38.790Z, 313.7846802, 517.196585
1714647998809, 2024-05-02T11:06:38.809Z, 319.5608878, 517.5666726000001
1714647998824, 2024-05-02T11:06:38.824Z, 326.4008366, 518.4785472
1714647998855, 2024-05-02T11:06:38.855Z, 332.30422660000005, 519.8284358000001
1714647998869, 2024-05-02T11:06:38.869Z, 339.5217436, 521.8079571999999
1714647998885, 2024-05-02T11:06:38.885Z, 346.21043640000005, 522.853969
1714647998899, 2024-05-02T11:06:38.899Z, 352.363452, 523.4395252
1714647998914, 2024-05-02T11:06:38.914Z, 356.9230462, 523.7275552
1714647998925, 2024-05-02T11:06:38.925Z, 362.45653060000006, 523.2311596000001
1714647998945, 2024-05-02T11:06:38.945Z, 367.76652540000003, 521.1953114
1714647998959, 2024-05-02T11:06:38.959Z, 373.06035080000004, 519.5406126
1714647998971, 2024-05-02T11:06:38.971Z, 378.2641638, 517.5755378
1714647999005, 2024-05-02T11:06:39.005Z, 382.8812853999999, 511.3988757999999
1714647999018, 2024-05-02T11:06:39.018Z, 384.0133397999999, 505.0059021999999
1714647999034, 2024-05-02T11:06:39.034Z, 381.7272888, 496.9282938
1714647999050, 2024-05-02T11:06:39.050Z, 379.6959088, 488.9338138
1714647999065, 2024-05-02T11:06:39.065Z, 376.7701942, 481.97995979999996
1714647999081, 2024-05-02T11:06:39.081Z, 374.1471834, 478.68053280000004
1714647999097, 2024-05-02T11:06:39.097Z, 371.8941638, 475.62701799999996
1714647999112, 2024-05-02T11:06:39.112Z, 369.96945559999995, 474.7922852
1714647999127, 2024-05-02T11:06:39.127Z, 369.0378804, 474.2614947999999
1714647999152, 2024-05-02T11:06:39.152Z, 367.7732964, 473.0414866
1714647999169, 2024-05-02T11:06:39.169Z, 367.14753659999997, 472.51858060000006
1714647999184, 2024-05-02T11:06:39.184Z, 364.7018592, 472.90764879999995
1714647999196, 2024-05-02T11:06:39.196Z, 361.79972340000006, 473.771508
1714647999214, 2024-05-02T11:06:39.214Z, 356.9703063999999, 474.9754161999999
1714647999230, 2024-05-02T11:06:39.230Z, 351.56000179999995, 476.5172165999999
1714647999241, 2024-05-02T11:06:39.241Z, 345.836743, 478.28285539999996
1714647999260, 2024-05-02T11:06:39.260Z, 342.10936960000004, 478.6382098
1714647999274, 2024-05-02T11:06:39.274Z, 339.1299252, 479.10701659999995
1714647999305, 2024-05-02T11:06:39.305Z, 337.04014040000004, 479.57835860000006
1714647999319, 2024-05-02T11:06:39.319Z, 336.1841106, 479.6568942
1714647999331, 2024-05-02T11:06:39.331Z, 337.750342, 480.69182440000003
1714647999355, 2024-05-02T11:06:39.355Z, 345.55699960000004, 480.24249119999996
1714647999366, 2024-05-02T11:06:39.366Z, 356.44988920000003, 478.9490748
1714647999376, 2024-05-02T11:06:39.376Z, 369.8430978, 476.01773599999996
1714647999394, 2024-05-02T11:06:39.394Z, 385.9938538, 471.9527959999999
1714647999409, 2024-05-02T11:06:39.409Z, 400.8539936000001, 466.41627239999997
1714647999423, 2024-05-02T11:06:39.423Z, 410.15710880000006, 462.5341858
1714647999455, 2024-05-02T11:06:39.455Z, 414.24735759999993, 460.3710444
1714647999470, 2024-05-02T11:06:39.470Z, 416.71257320000007, 459.12384380000003
1714647999486, 2024-05-02T11:06:39.486Z, 388.738213, 462.026757
1714647999501, 2024-05-02T11:06:39.501Z, 343.59934000000004, 466.77207659999993
1714647999517, 2024-05-02T11:06:39.517Z, 293.7118766, 472.016046
1714647999532, 2024-05-02T11:06:39.532Z, 237.8917684, 477.7547836
1714647999548, 2024-05-02T11:06:39.548Z, 181.5838992, 484.2463388
1714647999563, 2024-05-02T11:06:39.563Z, 152.69956359999998, 488.0791241999999
1714647999579, 2024-05-02T11:06:39.579Z, 140.1318882, 489.6230433999999
1714647999602, 2024-05-02T11:06:39.602Z, 128.0240926, 489.5141756
1714647999619, 2024-05-02T11:06:39.619Z, 124.4889334, 487.70877140000005
1714647999634, 2024-05-02T11:06:39.634Z, 121.782527, 486.63877599999995
1714647999646, 2024-05-02T11:06:39.646Z, 119.9408492, 486.2435772
1714647999663, 2024-05-02T11:06:39.663Z, 118.2909678, 487.0624156
1714647999679, 2024-05-02T11:06:39.679Z, 119.77691420000001, 489.99361640000006
1714647999695, 2024-05-02T11:06:39.695Z, 122.30022360000001, 493.70551880000005
1714647999708, 2024-05-02T11:06:39.708Z, 124.43357019999999, 496.5245984
1714647999724, 2024-05-02T11:06:39.724Z, 125.644569, 499.0200218
1714647999755, 2024-05-02T11:06:39.755Z, 133.6029066, 502.56411820000005
1714647999769, 2024-05-02T11:06:39.769Z, 145.1657328, 506.4628006
1714647999781, 2024-05-02T11:06:39.781Z, 162.103232, 510.6438118
1714647999798, 2024-05-02T11:06:39.798Z, 187.61348979999997, 513.6544208
1714647999814, 2024-05-02T11:06:39.814Z, 212.2639436, 515.3311538
1714647999828, 2024-05-02T11:06:39.828Z, 231.2196794, 516.2962292
1714647999844, 2024-05-02T11:06:39.844Z, 247.77195179999998, 516.503719
1714647999860, 2024-05-02T11:06:39.860Z, 258.4038548, 516.2271342
1714647999875, 2024-05-02T11:06:39.875Z, 260.6748832, 517.3363028000001
1714647999905, 2024-05-02T11:06:39.905Z, 274.3508742, 518.2254406
1714647999921, 2024-05-02T11:06:39.921Z, 287.12826720000004, 518.4640327999999
1714647999937, 2024-05-02T11:06:39.937Z, 301.701043, 518.0335018
1714647999953, 2024-05-02T11:06:39.953Z, 316.25684079999996, 517.0828712
1714647999968, 2024-05-02T11:06:39.968Z, 335.02731239999997, 513.7059655999999
1714647999984, 2024-05-02T11:06:39.984Z, 348.30460939999995, 508.8310956
1714648000000, 2024-05-02T11:06:40.000Z, 361.403937, 503.75719359999994
1714648000015, 2024-05-02T11:06:40.015Z, 371.01642, 499.0677786
1714648000030, 2024-05-02T11:06:40.030Z, 377.9877214, 493.9333902
1714648000052, 2024-05-02T11:06:40.052Z, 381.55425720000005, 490.99424980000003
1714648000068, 2024-05-02T11:06:40.068Z, 385.1123936, 494.3650904
1714648000084, 2024-05-02T11:06:40.084Z, 388.8376174, 497.80098
1714648000096, 2024-05-02T11:06:40.096Z, 404.74806040000004, 495.7515402
1714648000113, 2024-05-02T11:06:40.113Z, 421.5802092, 493.96404999999993
1714648000129, 2024-05-02T11:06:40.129Z, 439.0835638, 491.0067444
1714648000145, 2024-05-02T11:06:40.145Z, 453.80199840000006, 482.4091164
1714648000158, 2024-05-02T11:06:40.158Z, 469.4508148, 472.43408740000007
1714648000177, 2024-05-02T11:06:40.177Z, 473.5922726, 466.9978193999999
1714648000205, 2024-05-02T11:06:40.205Z, 476.75655960000006, 461.1151346
1714648000219, 2024-05-02T11:06:40.219Z, 478.4573646, 456.7076602
1714648000231, 2024-05-02T11:06:40.231Z, 477.9258452, 454.81303779999996
1714648000248, 2024-05-02T11:06:40.248Z, 474.871526, 454.77910139999994
1714648000264, 2024-05-02T11:06:40.264Z, 473.3760724, 456.20129399999996
1714648000278, 2024-05-02T11:06:40.278Z, 478.17159119999997, 458.01609979999995
1714648000293, 2024-05-02T11:06:40.293Z, 492.184736, 460.05962719999997
1714648000310, 2024-05-02T11:06:40.310Z, 505.75795600000004, 460.97236740000005
1714648000325, 2024-05-02T11:06:40.325Z, 525.8143446, 460.23082439999996
1714648000355, 2024-05-02T11:06:40.355Z, 545.3217675999999, 458.7780694
1714648000365, 2024-05-02T11:06:40.365Z, 561.1688025999999, 456.0321922
1714648000383, 2024-05-02T11:06:40.383Z, 568.1165579999999, 450.0158728
1714648000399, 2024-05-02T11:06:40.399Z, 577.4761486, 441.6970576
1714648000411, 2024-05-02T11:06:40.411Z, 581.0744606000001, 435.5481678
1714648000428, 2024-05-02T11:06:40.428Z, 582.1632549999999, 428.03571759999994
1714648000444, 2024-05-02T11:06:40.444Z, 583.9633162, 422.3039404
1714648000456, 2024-05-02T11:06:40.456Z, 585.3405936, 419.9927788
1714648000473, 2024-05-02T11:06:40.473Z, 581.3571340000001, 420.5621056
1714648000502, 2024-05-02T11:06:40.502Z, 569.6823938, 420.3306084000001
1714648000519, 2024-05-02T11:06:40.519Z, 491.9946452000001, 416.77752200000003
1714648000534, 2024-05-02T11:06:40.534Z, 396.2283786, 411.90078600000004
1714648000546, 2024-05-02T11:06:40.546Z, 297.5349994, 406.0264026
1714648000564, 2024-05-02T11:06:40.564Z, 186.20065119999998, 398.65125439999997
1714648000580, 2024-05-02T11:06:40.580Z, 85.8970192, 390.4654108
1714648000591, 2024-05-02T11:06:40.591Z, 48.6291232, 385.62881639999995
1714648000624, 2024-05-02T11:06:40.624Z, 32.187687800000006, 382.653596
1714648000681, 2024-05-02T11:06:40.681Z, 15.729173999999997, 386.142031
1714648000698, 2024-05-02T11:06:40.698Z, 12.915894999999997, 390.1355184
1714648000900, 2024-05-02T11:06:40.900Z, 7.666004199999999, 393.8646044
1714648000915, 2024-05-02T11:06:40.915Z, 11.793101400000001, 401.29044400000004
1714648000930, 2024-05-02T11:06:40.930Z, 15.6550494, 407.42363220000004
1714648000951, 2024-05-02T11:06:40.951Z, 22.1769258, 406.3288274
1714648000968, 2024-05-02T11:06:40.968Z, 31.7383898, 406.047566
1714648000985, 2024-05-02T11:06:40.985Z, 41.8228752, 408.0829858
1714648000995, 2024-05-02T11:06:40.995Z, 47.5465624, 408.8350764
1714648001014, 2024-05-02T11:06:41.014Z, 54.53649299999999, 413.62988699999994
1714648001030, 2024-05-02T11:06:41.030Z, 63.5195832, 421.632351
1714648001041, 2024-05-02T11:06:41.041Z, 71.1241758, 428.59955520000005
1714648001074, 2024-05-02T11:06:41.074Z, 78.60229179999999, 433.7299984
1714648001125, 2024-05-02T11:06:41.125Z, 89.3252294, 437.7601814000001
1714648001134, 2024-05-02T11:06:41.134Z, 95.51827799999998, 438.1960744
1714648001169, 2024-05-02T11:06:41.169Z, 111.4293274, 439.6079314
1714648001180, 2024-05-02T11:06:41.180Z, 130.3847436, 443.0095494
1714648001214, 2024-05-02T11:06:41.214Z, 150.6185224, 447.4859516
1714648001226, 2024-05-02T11:06:41.226Z, 167.3948494, 452.54259920000004
1714648001257, 2024-05-02T11:06:41.257Z, 183.6882304, 456.8385084
1714648001272, 2024-05-02T11:06:41.272Z, 187.51003359999999, 457.70265440000003
1714648001303, 2024-05-02T11:06:41.303Z, 188.957881, 457.8171874000001
1714648001319, 2024-05-02T11:06:41.319Z, 187.8376074, 457.5190715999999
1714648001349, 2024-05-02T11:06:41.349Z, 185.5907456, 456.63338540000007
1714648001364, 2024-05-02T11:06:41.365Z, 182.28911799999997, 454.4604354
1714648001380, 2024-05-02T11:06:41.380Z, 180.7345562, 440.76519820000004
1714648001403, 2024-05-02T11:06:41.403Z, 175.57842920000002, 423.76680400000004
1714648001419, 2024-05-02T11:06:41.419Z, 170.3206042, 404.7913492
1714648001435, 2024-05-02T11:06:41.435Z, 164.80944639999998, 388.64281900000003
1714648001445, 2024-05-02T11:06:41.445Z, 161.10433940000001, 373.72459119999996
1714648001467, 2024-05-02T11:06:41.467Z, 156.21391899999998, 368.8732604
1714648001480, 2024-05-02T11:06:41.480Z, 155.4483558, 367.84186839999995
1714648001491, 2024-05-02T11:06:41.491Z, 159.5509894, 370.145536
1714648001509, 2024-05-02T11:06:41.509Z, 167.73627700000003, 372.53885160000004
1714648001525, 2024-05-02T11:06:41.525Z, 175.6917496, 376.178304
1714648001570, 2024-05-02T11:06:41.570Z, 191.08794759999998, 381.943076
1714648001582, 2024-05-02T11:06:41.582Z, 204.9609286, 387.7312808
1714648001615, 2024-05-02T11:06:41.615Z, 217.6518802, 391.8325164
1714648001629, 2024-05-02T11:06:41.629Z, 230.8062906, 393.2023534
1714648001660, 2024-05-02T11:06:41.660Z, 245.4005372, 392.8116162
1714648001676, 2024-05-02T11:06:41.676Z, 253.8361454, 391.0541826
1714648001706, 2024-05-02T11:06:41.706Z, 262.3528474, 387.20454540000003
1714648001722, 2024-05-02T11:06:41.722Z, 267.557969, 381.99960319999997
1714648001737, 2024-05-02T11:06:41.737Z, 269.0275182, 376.3190028
1714648001755, 2024-05-02T11:06:41.755Z, 268.18707159999997, 372.74027620000004
1714648001769, 2024-05-02T11:06:41.769Z, 257.63625119999995, 373.30693140000005
1714648001783, 2024-05-02T11:06:41.783Z, 243.1851748, 373.1539098
1714648001799, 2024-05-02T11:06:41.799Z, 231.24997679999996, 375.5059166
1714648001831, 2024-05-02T11:06:41.831Z, 217.7917838, 379.5955564
1714648001852, 2024-05-02T11:06:41.852Z, 205.82423639999996, 384.0103814
1714648001869, 2024-05-02T11:06:41.869Z, 201.3272646, 383.4962464
1714648001885, 2024-05-02T11:06:41.885Z, 202.3816706, 386.3168074
1714648001896, 2024-05-02T11:06:41.896Z, 201.7985862, 388.6965034
1714648001930, 2024-05-02T11:06:41.930Z, 203.19627959999997, 389.42967039999996
1714648001940, 2024-05-02T11:06:41.940Z, 207.64998559999998, 389.8988308
1714648001980, 2024-05-02T11:06:41.980Z, 217.5515102, 392.4107978
1714648002020, 2024-05-02T11:06:42.020Z, 234.5733968, 394.5876186
1714648002034, 2024-05-02T11:06:42.034Z, 253.25363500000003, 396.843742
1714648002050, 2024-05-02T11:06:42.050Z, 273.24849639999996, 401.01132700000005
1714648002066, 2024-05-02T11:06:42.066Z, 289.3484872, 404.18687680000005
1714648002081, 2024-05-02T11:06:42.081Z, 300.924144, 407.19588459999994
1714648002097, 2024-05-02T11:06:42.097Z, 304.9990536, 409.6781422
1714648002112, 2024-05-02T11:06:42.112Z, 307.119975, 411.2917434
1714648002127, 2024-05-02T11:06:42.127Z, 307.7525568, 411.09664839999994
1714648002155, 2024-05-02T11:06:42.155Z, 313.6122592, 410.7170534
1714648002165, 2024-05-02T11:06:42.165Z, 318.34306580000003, 409.78257599999995
1714648002200, 2024-05-02T11:06:42.200Z, 411.48307860000006, 394.19353779999994
1714648002210, 2024-05-02T11:06:42.210Z, 507.6272278, 378.16032759999996
1714648002229, 2024-05-02T11:06:42.229Z, 668.6638802, 351.67612139999994
1714648002245, 2024-05-02T11:06:42.245Z, 828.432647, 325.55360499999995
1714648002256, 2024-05-02T11:06:42.256Z, 1003.5855808, 301.7151542
1714648002279, 2024-05-02T11:06:42.279Z, 1110.8246602, 289.6001928
1714648002307, 2024-05-02T11:06:42.307Z, 1214.3318513999998, 276.61302059999997
1714648002321, 2024-05-02T11:06:42.321Z, 1253.2576046000001, 271.222925
1714648002346, 2024-05-02T11:06:42.346Z, 1290.5531434, 261.05191779999996
1714648002378, 2024-05-02T11:06:42.378Z, 1311.381647, 249.0229234
1714648002394, 2024-05-02T11:06:42.394Z, 1311.210595, 238.08822259999997
1714648002411, 2024-05-02T11:06:42.411Z, 1315.5894382000001, 226.42366379999999
1714648002427, 2024-05-02T11:06:42.427Z, 1321.2399158, 217.824142
1714648002458, 2024-05-02T11:06:42.458Z, 1326.6192834, 214.2815932
1714648002473, 2024-05-02T11:06:42.473Z, 1336.7777934, 212.2792378
1714648002488, 2024-05-02T11:06:42.488Z, 1347.8394738000002, 212.190002
1714648002504, 2024-05-02T11:06:42.504Z, 1356.4255312, 215.3871686
1714648002519, 2024-05-02T11:06:42.519Z, 1364.0287297999998, 218.3943386
1714648002534, 2024-05-02T11:06:42.534Z, 1369.7936402, 220.36924760000002
1714648002549, 2024-05-02T11:06:42.549Z, 1372.7627578, 219.72416760000002
1714648002566, 2024-05-02T11:06:42.566Z, 1374.8991403999999, 217.655375
1714648002581, 2024-05-02T11:06:42.581Z, 1375.259499, 213.8595202
1714648002611, 2024-05-02T11:06:42.611Z, 1372.9904686, 210.86335000000003
1714648002636, 2024-05-02T11:06:42.636Z, 1370.128765, 209.5281666
1714648002652, 2024-05-02T11:06:42.652Z, 1367.2182375999998, 208.72655840000002
1714648002663, 2024-05-02T11:06:42.663Z, 1363.3455048, 209.36785300000003
1714648002680, 2024-05-02T11:06:42.680Z, 1359.9876829999998, 210.3185192
1714648002697, 2024-05-02T11:06:42.697Z, 1359.2172834, 210.37647720000004
1714648002707, 2024-05-02T11:06:42.707Z, 1358.3453392, 209.68513860000002
1714648002726, 2024-05-02T11:06:42.726Z, 1357.9372638, 209.04071560000003
1714648002753, 2024-05-02T11:06:42.753Z, 1358.8874461999999, 208.1424996
1714648002771, 2024-05-02T11:06:42.771Z, 1360.2601102, 206.5103138
1714648002788, 2024-05-02T11:06:42.788Z, 1361.1460794, 204.96772900000002
1714648002801, 2024-05-02T11:06:42.801Z, 1362.5344782, 202.84894279999997
1714648002817, 2024-05-02T11:06:42.817Z, 1363.9064618, 200.89448399999998
1714648002833, 2024-05-02T11:06:42.833Z, 1364.9241926, 198.614985
1714648002864, 2024-05-02T11:06:42.864Z, 1365.1237459999998, 197.0126686
1714648002879, 2024-05-02T11:06:42.879Z, 1364.9792944, 195.94756619999998
1714648002907, 2024-05-02T11:06:42.907Z, 1381.0496451999998, 193.3637614
1714648002922, 2024-05-02T11:06:42.922Z, 1399.0092823999998, 189.939579
1714648002954, 2024-05-02T11:06:42.954Z, 1421.5214872000001, 185.66619380000003
1714648002967, 2024-05-02T11:06:42.967Z, 1444.4709506, 181.4683152
1714648002978, 2024-05-02T11:06:42.978Z, 1465.6186778, 177.6663998
1714648002996, 2024-05-02T11:06:42.996Z, 1470.3545842, 175.62725400000002
1714648003012, 2024-05-02T11:06:43.012Z, 1471.725081, 174.71088200000003
1714648003058, 2024-05-02T11:06:43.058Z, 1462.4389334, 174.56039100000004
1714648003082, 2024-05-02T11:06:43.082Z, 1450.476469, 175.17827720000003
1714648003098, 2024-05-02T11:06:43.098Z, 1434.7190192000003, 174.0749056
1714648003114, 2024-05-02T11:06:43.114Z, 1419.0884588000001, 172.21057199999998
1714648003129, 2024-05-02T11:06:43.129Z, 1404.7918625999998, 169.2589754
1714648003145, 2024-05-02T11:06:43.145Z, 1396.4552542000001, 169.06777340000002
1714648003160, 2024-05-02T11:06:43.160Z, 1390.8257528, 167.96589740000002
1714648003176, 2024-05-02T11:06:43.176Z, 1390.2457471999999, 167.9712716
1714648003204, 2024-05-02T11:06:43.204Z, 1389.3330724000002, 168.7273958
1714648003221, 2024-05-02T11:06:43.221Z, 1389.1546147999998, 169.7514818
1714648003237, 2024-05-02T11:06:43.237Z, 1389.3972456000001, 168.5172134
1714648003253, 2024-05-02T11:06:43.253Z, 1388.6987164, 168.523182
1714648003269, 2024-05-02T11:06:43.269Z, 1388.2678862, 169.0978292
1714648003284, 2024-05-02T11:06:43.284Z, 1393.1664096, 177.7044374
1714648003300, 2024-05-02T11:06:43.300Z, 1396.602248, 186.5343036
1714648003316, 2024-05-02T11:06:43.316Z, 1400.6711083999999, 196.27452319999998
1714648003331, 2024-05-02T11:06:43.331Z, 1406.0948365999998, 206.09517499999998
1714648003361, 2024-05-02T11:06:43.361Z, 1413.7916448, 217.96821979999999
1714648003373, 2024-05-02T11:06:43.373Z, 1416.3902635999998, 221.00675080000002
1714648003384, 2024-05-02T11:06:43.384Z, 1419.5605528, 225.01743919999998
1714648003401, 2024-05-02T11:06:43.401Z, 1421.8250328, 228.160225
1714648003427, 2024-05-02T11:06:43.427Z, 1423.6752734, 233.7454208
1714648003442, 2024-05-02T11:06:43.442Z, 1423.5792828, 238.1679138
1714648003457, 2024-05-02T11:06:43.457Z, 1423.7594544, 243.0800856
1714648003472, 2024-05-02T11:06:43.472Z, 1424.8769616, 247.3910348
1714648003487, 2024-05-02T11:06:43.487Z, 1432.7461732, 250.5490844
1714648003513, 2024-05-02T11:06:43.513Z, 1448.1476959999998, 249.60493860000003
1714648003519, 2024-05-02T11:06:43.519Z, 1465.4409507999999, 247.5161732
1714648003551, 2024-05-02T11:06:43.551Z, 1488.3188564, 244.85102379999998
1714648003566, 2024-05-02T11:06:43.566Z, 1509.9091244, 242.5716532
1714648003582, 2024-05-02T11:06:43.582Z, 1524.923918, 243.8267876
1714648003598, 2024-05-02T11:06:43.598Z, 1533.0698062000001, 245.09879740000002
1714648003613, 2024-05-02T11:06:43.613Z, 1538.7846926000002, 245.63285659999997
1714648003629, 2024-05-02T11:06:43.629Z, 1535.9337544, 247.3731038
1714648003660, 2024-05-02T11:06:43.660Z, 1529.9122874, 249.016557
1714648003675, 2024-05-02T11:06:43.675Z, 1521.8249162, 248.010667
1714648003692, 2024-05-02T11:06:43.692Z, 1508.8973704, 248.97039220000002
1714648003707, 2024-05-02T11:06:43.707Z, 1492.649825, 251.7173058
1714648003722, 2024-05-02T11:06:43.722Z, 1477.443405, 254.41904639999998
1714648003739, 2024-05-02T11:06:43.739Z, 1464.1608554000002, 257.10352539999997
1714648003754, 2024-05-02T11:06:43.754Z, 1451.0009382, 259.7403144
1714648003769, 2024-05-02T11:06:43.769Z, 1442.4480674, 259.6241166
1714648003785, 2024-05-02T11:06:43.785Z, 1438.2827108, 257.3607446
1714648003811, 2024-05-02T11:06:43.811Z, 1434.9981251999998, 255.2441616
1714648003824, 2024-05-02T11:06:43.824Z, 1432.8093760000002, 253.52851659999996
1714648003834, 2024-05-02T11:06:43.834Z, 1424.05583, 258.8512638
1714648003851, 2024-05-02T11:06:43.851Z, 1405.6923074000001, 272.85011280000003
1714648003867, 2024-05-02T11:06:43.867Z, 1383.1199596000001, 291.060023
1714648003882, 2024-05-02T11:06:43.882Z, 1359.5315522, 310.09371419999997
1714648003910, 2024-05-02T11:06:43.910Z, 1334.3567028, 330.30405540000004
1714648003926, 2024-05-02T11:06:43.926Z, 1317.4631268, 345.71729320000003
1714648003956, 2024-05-02T11:06:43.956Z, 1309.5003538, 352.3262736
1714648003965, 2024-05-02T11:06:43.965Z, 1305.5274574, 356.7094178
1714648003984, 2024-05-02T11:06:43.984Z, 1304.1030326, 360.683207
1714648003999, 2024-05-02T11:06:43.999Z, 1307.0115178, 362.0589106
1714648004015, 2024-05-02T11:06:44.015Z, 1312.1638604, 359.75196479999994
1714648004029, 2024-05-02T11:06:44.029Z, 1322.7415236, 355.1517146
1714648004050, 2024-05-02T11:06:44.050Z, 1332.7250136, 349.6241308
1714648004057, 2024-05-02T11:06:44.057Z, 1342.754804, 342.24939359999996
1714648004074, 2024-05-02T11:06:44.074Z, 1354.7539474, 329.3275174
1714648004102, 2024-05-02T11:06:44.102Z, 1364.7504854, 319.06361219999997
1714648004124, 2024-05-02T11:06:44.124Z, 1368.9480324, 312.2293598
1714648004135, 2024-05-02T11:06:44.135Z, 1373.1051632, 305.8455014
1714648004148, 2024-05-02T11:06:44.148Z, 1376.3936326, 300.9603432
1714648004179, 2024-05-02T11:06:44.179Z, 1375.0222546, 303.8704394
1714648004195, 2024-05-02T11:06:44.195Z, 1373.8740972, 305.0264188
1714648004211, 2024-05-02T11:06:44.211Z, 1373.6509546000002, 307.52410740000005
1714648004227, 2024-05-02T11:06:44.227Z, 1375.0312716, 309.7730454
1714648004255, 2024-05-02T11:06:44.255Z, 1375.6721924, 309.4016988
1714648004275, 2024-05-02T11:06:44.275Z, 1376.8382400000003, 307.97709399999997
1714648004289, 2024-05-02T11:06:44.289Z, 1377.4376806000002, 306.882156
1714648004305, 2024-05-02T11:06:44.305Z, 1377.7932124000004, 305.9847674
1714648004335, 2024-05-02T11:06:44.335Z, 1376.758787, 304.28447700000004
1714648004350, 2024-05-02T11:06:44.350Z, 1376.235562, 304.8985722
1714648004366, 2024-05-02T11:06:44.366Z, 1375.9386262, 306.5016668
1714648004382, 2024-05-02T11:06:44.382Z, 1375.7257835999997, 308.6394246
1714648004406, 2024-05-02T11:06:44.406Z, 1375.0979029999999, 309.6058044
1714648004415, 2024-05-02T11:06:44.415Z, 1373.7720124000002, 311.0797448
1714648004434, 2024-05-02T11:06:44.434Z, 1372.8994613999998, 313.7043966
1714648004449, 2024-05-02T11:06:44.449Z, 1372.0197593999997, 315.10914840000004
1714648004461, 2024-05-02T11:06:44.461Z, 1371.3962445999998, 316.442952
1714648004479, 2024-05-02T11:06:44.479Z, 1371.8151160000002, 318.85988640000005
1714648004494, 2024-05-02T11:06:44.494Z, 1373.4906162, 321.6530334
1714648004505, 2024-05-02T11:06:44.505Z, 1374.4811512, 322.46584759999996
1714648004524, 2024-05-02T11:06:44.524Z, 1375.6228972, 323.66427280000005
1714648004554, 2024-05-02T11:06:44.554Z, 1376.1163128, 326.7442048
1714648004569, 2024-05-02T11:06:44.569Z, 1376.5887503999998, 326.1054312
1714648004585, 2024-05-02T11:06:44.585Z, 1366.683838, 330.3934046
1714648004599, 2024-05-02T11:06:44.599Z, 1346.789752, 341.236433
1714648004614, 2024-05-02T11:06:44.614Z, 1319.7802055999998, 355.3662014
1714648004631, 2024-05-02T11:06:44.631Z, 1289.6575263999998, 369.1351554
1714648004646, 2024-05-02T11:06:44.646Z, 1258.1749402, 386.2465802
1714648004662, 2024-05-02T11:06:44.662Z, 1236.4342268, 397.9847058
1714648004677, 2024-05-02T11:06:44.677Z, 1225.2941264, 403.8769698
1714648004705, 2024-05-02T11:06:44.705Z, 1220.1515252, 405.9090988
1714648004719, 2024-05-02T11:06:44.719Z, 1217.5188222000002, 404.15899039999994
1714648004736, 2024-05-02T11:06:44.736Z, 1215.219071, 401.726919
1714648004749, 2024-05-02T11:06:44.749Z, 1215.6659998, 401.0214193999999
1714648004770, 2024-05-02T11:06:44.770Z, 1216.5447362, 400.6276016
1714648004786, 2024-05-02T11:06:44.786Z, 1221.7683624, 400.74589199999997
1714648004802, 2024-05-02T11:06:44.802Z, 1231.1215468, 403.1682958
1714648004817, 2024-05-02T11:06:44.817Z, 1245.2157002, 405.62738920000004
1714648004833, 2024-05-02T11:06:44.833Z, 1258.8811891999999, 406.4371698
1714648004858, 2024-05-02T11:06:44.858Z, 1281.6566668, 406.7626814
1714648004866, 2024-05-02T11:06:44.866Z, 1301.2265852, 406.8942806
1714648004884, 2024-05-02T11:06:44.884Z, 1318.3405781999998, 407.125364
1714648004899, 2024-05-02T11:06:44.899Z, 1331.705904, 406.4325562
1714648004911, 2024-05-02T11:06:44.911Z, 1342.9433700000002, 405.6085696
1714648004929, 2024-05-02T11:06:44.929Z, 1344.512798, 404.89074
1714648004944, 2024-05-02T11:06:44.944Z, 1345.2245355999999, 404.4593644
1714648004958, 2024-05-02T11:06:44.958Z, 1345.0826967999997, 403.3679932
1714648004974, 2024-05-02T11:06:44.974Z, 1340.8385739999999, 404.0630668
1714648005001, 2024-05-02T11:06:45.001Z, 1335.1642662, 404.8592124
1714648005019, 2024-05-02T11:06:45.019Z, 1323.3887375999998, 411.57544020000006
1714648005034, 2024-05-02T11:06:45.034Z, 1303.5489920000002, 423.07997340000003
1714648005050, 2024-05-02T11:06:45.050Z, 1281.6714118000002, 432.76680999999996
1714648005067, 2024-05-02T11:06:45.067Z, 1260.7813556, 441.147971
1714648005085, 2024-05-02T11:06:45.085Z, 1242.3358946000003, 448.624186
1714648005099, 2024-05-02T11:06:45.099Z, 1225.2022726, 445.12823660000004
1714648005115, 2024-05-02T11:06:45.115Z, 1211.2075368, 431.9220356000001
1714648005131, 2024-05-02T11:06:45.131Z, 1199.4379524, 420.6178946
1714648005155, 2024-05-02T11:06:45.155Z, 1185.2441744, 404.8292574
1714648005169, 2024-05-02T11:06:45.169Z, 1169.3796814, 389.8113266
1714648005180, 2024-05-02T11:06:45.180Z, 1157.702232, 382.420706
1714648005198, 2024-05-02T11:06:45.198Z, 1149.2611284, 380.5215464
1714648005219, 2024-05-02T11:06:45.219Z, 1140.3131856, 379.58230360000005
1714648005227, 2024-05-02T11:06:45.227Z, 1135.9348545999999, 383.9518256
1714648005244, 2024-05-02T11:06:45.244Z, 1132.9841484, 390.5836456
1714648005259, 2024-05-02T11:06:45.259Z, 1130.3840286, 393.8299274
1714648005273, 2024-05-02T11:06:45.273Z, 1130.7030803999999, 402.2371956
1714648005305, 2024-05-02T11:06:45.305Z, 1131.8312638000002, 409.57106220000003
1714648005320, 2024-05-02T11:06:45.320Z, 1133.5029021999999, 414.9790986
1714648005336, 2024-05-02T11:06:45.336Z, 1134.8594668, 415.22412619999994
1714648005351, 2024-05-02T11:06:45.351Z, 1137.6788004000002, 416.37347439999996
1714648005367, 2024-05-02T11:06:45.367Z, 1138.9265484000002, 411.6726072
1714648005382, 2024-05-02T11:06:45.382Z, 1140.3814362, 407.1177018
1714648005397, 2024-05-02T11:06:45.397Z, 1139.5786922, 403.1490306
1714648005413, 2024-05-02T11:06:45.413Z, 1137.7038566, 402.09191840000005
1714648005429, 2024-05-02T11:06:45.429Z, 1136.473137, 402.81896340000003
1714648005451, 2024-05-02T11:06:45.451Z, 1138.0299324, 404.594401
1714648005469, 2024-05-02T11:06:45.469Z, 1145.4499382, 408.4699424
1714648005489, 2024-05-02T11:06:45.489Z, 1158.8343318000002, 415.6830262
1714648005505, 2024-05-02T11:06:45.505Z, 1174.124135, 423.24968960000007
1714648005522, 2024-05-02T11:06:45.522Z, 1187.8916748000001, 428.80037519999996
1714648005537, 2024-05-02T11:06:45.537Z, 1200.2137706, 432.92655240000005
1714648005553, 2024-05-02T11:06:45.553Z, 1208.6311742, 435.59225619999995
1714648005569, 2024-05-02T11:06:45.569Z, 1213.2409168000002, 437.52238479999994
1714648005584, 2024-05-02T11:06:45.584Z, 1216.003085, 439.5007194
1714648005605, 2024-05-02T11:06:45.605Z, 1219.3348654000001, 443.282316
1714648005619, 2024-05-02T11:06:45.619Z, 1221.7308112, 446.58022520000003
1714648005631, 2024-05-02T11:06:45.631Z, 1223.6587216, 452.1837338
1714648005649, 2024-05-02T11:06:45.649Z, 1228.591324, 458.2037586
1714648005665, 2024-05-02T11:06:45.665Z, 1236.3973104000002, 464.163586
1714648005677, 2024-05-02T11:06:45.677Z, 1242.3014118, 469.2117314
1714648005694, 2024-05-02T11:06:45.694Z, 1249.1977662, 474.8861212
1714648005716, 2024-05-02T11:06:45.716Z, 1254.5321276, 477.755939
1714648005724, 2024-05-02T11:06:45.724Z, 1256.0657366, 480.585855
1714648005758, 2024-05-02T11:06:45.758Z, 1256.6532642, 481.8227656
1714648005772, 2024-05-02T11:06:45.772Z, 1258.9402628, 481.76462599999996
1714648005788, 2024-05-02T11:06:45.788Z, 1260.8128563999999, 480.31448140000003
1714648005803, 2024-05-02T11:06:45.803Z, 1262.2497618, 477.5376864
1714648005819, 2024-05-02T11:06:45.819Z, 1264.2592078, 472.58491939999993
1714648005835, 2024-05-02T11:06:45.835Z, 1263.1889059999999, 468.31839980000007
1714648005851, 2024-05-02T11:06:45.851Z, 1259.6272748, 465.9440144
1714648005867, 2024-05-02T11:06:45.867Z, 1233.8796366000001, 470.6175878
1714648005882, 2024-05-02T11:06:45.882Z, 1203.3369842, 478.57534780000003
1714648005902, 2024-05-02T11:06:45.902Z, 1171.5907626, 486.08038319999997
1714648005919, 2024-05-02T11:06:45.919Z, 1140.7472098, 495.02965620000003
1714648005934, 2024-05-02T11:06:45.934Z, 1111.7157590000002, 502.5006942
1714648005946, 2024-05-02T11:06:45.946Z, 1104.5156806, 503.1059566
1714648005969, 2024-05-02T11:06:45.969Z, 1100.5038138, 495.4792232
1714648005979, 2024-05-02T11:06:45.979Z, 1097.7189694, 486.44230640000006
1714648005991, 2024-05-02T11:06:45.991Z, 1096.2146484, 478.38413199999997
1714648006009, 2024-05-02T11:06:46.009Z, 1094.4911412000001, 468.4982166
1714648006025, 2024-05-02T11:06:46.025Z, 1091.4858514, 460.6987742
1714648006060, 2024-05-02T11:06:46.060Z, 1090.8230572, 460.2598312
1714648006083, 2024-05-02T11:06:46.083Z, 1090.5022736000003, 462.46157519999997
1714648006099, 2024-05-02T11:06:46.099Z, 1092.2020502, 465.65864120000003
1714648006115, 2024-05-02T11:06:46.115Z, 1094.4085038, 472.9692888000001
1714648006129, 2024-05-02T11:06:46.129Z, 1098.8588204, 481.6475982
1714648006145, 2024-05-02T11:06:46.145Z, 1117.2798192, 516.8583584
1714648006161, 2024-05-02T11:06:46.161Z, 1135.3296385999997, 552.9407349999999
1714648006176, 2024-05-02T11:06:46.176Z, 1150.8881162, 587.4819182
1714648006206, 2024-05-02T11:06:46.206Z, 1166.4904512, 623.0955166000001
1714648006215, 2024-05-02T11:06:46.215Z, 1182.2882882, 658.2582448
1714648006234, 2024-05-02T11:06:46.234Z, 1180.8382084, 667.6764542
1714648006249, 2024-05-02T11:06:46.249Z, 1178.7573132, 675.0784532
1714648006260, 2024-05-02T11:06:46.260Z, 1177.9914681999999, 681.9892366
1714648006279, 2024-05-02T11:06:46.279Z, 1178.1546921999998, 685.5225195999999
1714648006294, 2024-05-02T11:06:46.294Z, 1176.2058398, 687.443546
1714648006305, 2024-05-02T11:06:46.305Z, 1178.6511386, 687.0571026
1714648006329, 2024-05-02T11:06:46.329Z, 1181.525839, 686.9035935999999
1714648006352, 2024-05-02T11:06:46.352Z, 1182.350158, 686.3670018
1714648006369, 2024-05-02T11:06:46.369Z, 1180.979609, 686.2770164
1714648006385, 2024-05-02T11:06:46.385Z, 1179.3173014, 684.86134
1714648006395, 2024-05-02T11:06:46.395Z, 1174.7655562, 683.2458726000001
1714648006414, 2024-05-02T11:06:46.414Z, 1169.8131126, 682.0128216
1714648006435, 2024-05-02T11:06:46.435Z, 1165.5337642, 680.3395306
1714648006457, 2024-05-02T11:06:46.457Z, 1161.5547208000003, 677.6774424
1714648006473, 2024-05-02T11:06:46.473Z, 1159.1893850000001, 675.4987094
1714648006488, 2024-05-02T11:06:46.488Z, 1158.4731951999997, 673.528471
1714648006505, 2024-05-02T11:06:46.505Z, 1160.29252, 669.5303597999999
1714648006520, 2024-05-02T11:06:46.520Z, 1161.8029232, 665.6211908
1714648006535, 2024-05-02T11:06:46.535Z, 1160.5655742000001, 663.349738
1714648006554, 2024-05-02T11:06:46.554Z, 1158.1712744000001, 661.2334367999999
1714648006583, 2024-05-02T11:06:46.583Z, 1155.2651554, 659.5144988
1714648006599, 2024-05-02T11:06:46.599Z, 1150.6489669999999, 660.6663094
1714648006615, 2024-05-02T11:06:46.615Z, 1145.9725712000002, 661.6617294
1714648006630, 2024-05-02T11:06:46.630Z, 1144.7918898, 661.9129204000001
1714648006658, 2024-05-02T11:06:46.658Z, 1144.3493091999999, 663.2652555999999
1714648006677, 2024-05-02T11:06:46.677Z, 1143.5152344, 664.1058786
1714648006693, 2024-05-02T11:06:46.693Z, 1139.8139222, 663.2074070000001
1714648006709, 2024-05-02T11:06:46.709Z, 1137.1947648, 662.7231678
1714648006724, 2024-05-02T11:06:46.724Z, 1133.6640194, 660.9226372
1714648006739, 2024-05-02T11:06:46.739Z, 1129.9379402000002, 658.062849
1714648006755, 2024-05-02T11:06:46.755Z, 1127.0194954, 655.9923342
1714648006770, 2024-05-02T11:06:46.770Z, 1126.9472176, 654.9916454
1714648006786, 2024-05-02T11:06:46.786Z, 1126.5805919999998, 654.1834435999999
1714648006803, 2024-05-02T11:06:46.803Z, 1127.7380854, 654.6816329999999
1714648006821, 2024-05-02T11:06:46.821Z, 1130.1401804, 656.0589167999999
1714648006835, 2024-05-02T11:06:46.835Z, 1148.238909, 656.2453859999999
1714648006849, 2024-05-02T11:06:46.849Z, 1166.8929243999999, 656.0280736000001
1714648006866, 2024-05-02T11:06:46.866Z, 1187.4379018, 656.7151586000001
1714648006881, 2024-05-02T11:06:46.881Z, 1209.8173542, 656.1730574
1714648006897, 2024-05-02T11:06:46.897Z, 1230.1174646, 655.6417471999999
1714648006912, 2024-05-02T11:06:46.912Z, 1235.4608468000001, 657.5114929999999
1714648006927, 2024-05-02T11:06:46.927Z, 1241.348081, 658.8694594
1714648006957, 2024-05-02T11:06:46.957Z, 1246.8540038, 658.3985610000001
1714648006971, 2024-05-02T11:06:46.971Z, 1250.8126892, 658.4774927999999
1714648006985, 2024-05-02T11:06:46.985Z, 1254.8841244, 658.2680330000001
1714648007001, 2024-05-02T11:06:47.001Z, 1245.46369, 655.9630924
1714648007016, 2024-05-02T11:06:47.016Z, 1226.4111289999998, 655.6420914
1714648007027, 2024-05-02T11:06:47.027Z, 1203.1760624, 656.0884608
1714648007045, 2024-05-02T11:06:47.045Z, 1178.120131, 657.2039346
1714648007061, 2024-05-02T11:06:47.061Z, 1152.7896076, 658.22499
1714648007072, 2024-05-02T11:06:47.072Z, 1139.1758916, 659.9359836
1714648007108, 2024-05-02T11:06:47.108Z, 1133.0914256, 660.4915882
1714648007118, 2024-05-02T11:06:47.118Z, 1129.2574915999999, 661.0084466000001
1714648007136, 2024-05-02T11:06:47.136Z, 1126.2126632, 661.4371322
1714648007151, 2024-05-02T11:06:47.151Z, 1122.7270698, 663.2429644
1714648007163, 2024-05-02T11:06:47.163Z, 1118.706952, 665.9905604
1714648007181, 2024-05-02T11:06:47.181Z, 1112.8429032, 667.5840858
1714648007196, 2024-05-02T11:06:47.196Z, 1106.372253, 668.3573286
1714648007210, 2024-05-02T11:06:47.210Z, 1099.9151485999998, 669.2609072
1714648007226, 2024-05-02T11:06:47.226Z, 1094.890327, 668.551564
1714648007254, 2024-05-02T11:06:47.254Z, 1090.1179184, 665.1280639999999
1714648007275, 2024-05-02T11:06:47.275Z, 1088.2873478000001, 661.9473545999999
1714648007288, 2024-05-02T11:06:47.288Z, 1087.0145969999999, 659.4841980000001
1714648007304, 2024-05-02T11:06:47.304Z, 1085.9879588, 657.4308288
1714648007319, 2024-05-02T11:06:47.319Z, 1085.3155836, 655.9754424
1714648007335, 2024-05-02T11:06:47.335Z, 1085.1208764, 656.5070386
1714648007351, 2024-05-02T11:06:47.351Z, 1084.8318222, 657.8738242
1714648007366, 2024-05-02T11:06:47.366Z, 1084.5182792, 659.2457166
1714648007382, 2024-05-02T11:06:47.382Z, 1084.5968382, 659.9452074
1714648007407, 2024-05-02T11:06:47.407Z, 1084.3170588, 659.0064411999999
1714648007421, 2024-05-02T11:06:47.421Z, 1084.5222426, 657.5962923999999
1714648007432, 2024-05-02T11:06:47.432Z, 1084.2404608000002, 656.2951166
1714648007451, 2024-05-02T11:06:47.451Z, 1084.1652632, 655.0147386
1714648007466, 2024-05-02T11:06:47.466Z, 1083.6949405999999, 653.9817409999999
1714648007477, 2024-05-02T11:06:47.477Z, 1084.6379776, 654.722863
1714648007496, 2024-05-02T11:06:47.496Z, 1089.6519830000002, 657.231103
1714648007515, 2024-05-02T11:06:47.515Z, 1094.7008738, 659.4190983999999
1714648007524, 2024-05-02T11:06:47.524Z, 1101.652616, 662.1338972
1714648007561, 2024-05-02T11:06:47.561Z, 1110.9771612, 665.6812034
1714648007568, 2024-05-02T11:06:47.568Z, 1119.2921033999999, 668.4089787999999
1714648007585, 2024-05-02T11:06:47.585Z, 1123.6380460000003, 669.553111
1714648007601, 2024-05-02T11:06:47.601Z, 1128.1583234000002, 671.8064304
1714648007615, 2024-05-02T11:06:47.615Z, 1130.3767054, 674.7379225999999
1714648007631, 2024-05-02T11:06:47.631Z, 1129.882683, 677.0009318
1714648007646, 2024-05-02T11:06:47.646Z, 1129.6332281999998, 679.22151
1714648007663, 2024-05-02T11:06:47.663Z, 1130.8306816, 681.023063
1714648007678, 2024-05-02T11:06:47.678Z, 1131.9068218, 682.101034
1714648007706, 2024-05-02T11:06:47.706Z, 1132.3092756, 680.9885453999999
1714648007721, 2024-05-02T11:06:47.721Z, 1132.3148644, 678.8840312
1714648007736, 2024-05-02T11:06:47.736Z, 1132.1596344000002, 677.1459514000001
1714648007746, 2024-05-02T11:06:47.746Z, 1129.9889748, 675.7268686
1714648007765, 2024-05-02T11:06:47.765Z, 1125.4150316, 675.1297506
1714648007781, 2024-05-02T11:06:47.781Z, 1121.6542112, 675.3664454
1714648007795, 2024-05-02T11:06:47.795Z, 1117.783308, 676.890489
1714648007811, 2024-05-02T11:06:47.811Z, 1112.8539488, 678.7195656
1714648007826, 2024-05-02T11:06:47.826Z, 1108.8242845999998, 679.828816
1714648007857, 2024-05-02T11:06:47.857Z, 1107.4994765999998, 680.5005666
1714648007880, 2024-05-02T11:06:47.880Z, 1106.5231069999998, 682.097634
1714648007895, 2024-05-02T11:06:47.895Z, 1106.2687126, 682.8529204
1714648007911, 2024-05-02T11:06:47.911Z, 1106.7323796, 682.712035
1714648007926, 2024-05-02T11:06:47.926Z, 1106.3920501999999, 682.8660176000001
1714648007942, 2024-05-02T11:06:47.942Z, 1105.8166305999998, 682.0025688000001
1714648007958, 2024-05-02T11:06:47.958Z, 1105.0907932, 680.1345856
1714648007974, 2024-05-02T11:06:47.974Z, 1104.7161132, 679.2214524000001
1714648007975, 2024-05-02T11:06:47.975Z, 1104.5474124, 678.6384892
1714648008009, 2024-05-02T11:06:48.009Z, 1104.9189256, 678.4209466
1714648008020, 2024-05-02T11:06:48.020Z, 1105.482375, 678.468581
1714648008036, 2024-05-02T11:06:48.036Z, 1106.0315738, 678.229663
1714648008052, 2024-05-02T11:06:48.052Z, 1106.0409438, 677.643204
1714648008067, 2024-05-02T11:06:48.067Z, 1105.9890274000002, 676.9358209999999
1714648008083, 2024-05-02T11:06:48.083Z, 1105.5121336, 676.5148658
1714648008099, 2024-05-02T11:06:48.099Z, 1105.121025, 676.294501
1714648008114, 2024-05-02T11:06:48.114Z, 1104.7850655999998, 676.2294726
1714648008129, 2024-05-02T11:06:48.129Z, 1104.6993306, 675.6419240000001
1714648008153, 2024-05-02T11:06:48.153Z, 1104.6999931999999, 675.2486962
1714648008171, 2024-05-02T11:06:48.171Z, 1105.196864, 674.4920304
1714648008186, 2024-05-02T11:06:48.186Z, 1105.6218944, 673.851235
1714648008196, 2024-05-02T11:06:48.196Z, 1105.9775326, 674.0994796000001
1714648008216, 2024-05-02T11:06:48.216Z, 1106.1309910000002, 674.7400582
1714648008231, 2024-05-02T11:06:48.231Z, 1106.1722478, 675.3525306
1714648008241, 2024-05-02T11:06:48.241Z, 1105.8493728, 675.9322344
1714648008261, 2024-05-02T11:06:48.261Z, 1105.940443, 676.5542676
1714648008276, 2024-05-02T11:06:48.276Z, 1106.6991910000002, 676.4717106
1714648008307, 2024-05-02T11:06:48.307Z, 1107.2875703999998, 676.4622906000001
1714648008325, 2024-05-02T11:06:48.325Z, 1107.3895132, 676.7679936
1714648008333, 2024-05-02T11:06:48.333Z, 1107.538931, 677.3809406
1714648008351, 2024-05-02T11:06:48.351Z, 1107.2557101999998, 677.8934696
1714648008366, 2024-05-02T11:06:48.366Z, 1106.5189968, 678.532332
1714648008378, 2024-05-02T11:06:48.378Z, 1106.3090908, 679.095064
1714648008394, 2024-05-02T11:06:48.394Z, 1106.9911716, 679.5159062
1714648008410, 2024-05-02T11:06:48.410Z, 1107.3183486000003, 680.005576
1714648008425, 2024-05-02T11:06:48.425Z, 1107.752567, 681.0518728
1714648008456, 2024-05-02T11:06:48.456Z, 1108.0060330000001, 681.9921247999998
1714648008472, 2024-05-02T11:06:48.472Z, 1107.8904280000002, 682.7432962
1714648008488, 2024-05-02T11:06:48.488Z, 1106.9721918, 683.3123027999999
1714648008503, 2024-05-02T11:06:48.503Z, 1106.4659302, 683.4768475999999
1714648008518, 2024-05-02T11:06:48.518Z, 1105.9521359999999, 683.3059340000001
1714648008533, 2024-05-02T11:06:48.533Z, 1105.6893343999998, 683.2225253999999
1714648008549, 2024-05-02T11:06:48.549Z, 1106.4838706, 683.4156970000001
1714648008565, 2024-05-02T11:06:48.565Z, 1109.0799832, 684.6504888000001
1714648008580, 2024-05-02T11:06:48.580Z, 1126.0568308, 691.812237
1714648008602, 2024-05-02T11:06:48.602Z, 1159.0683556, 704.5052296
1714648008619, 2024-05-02T11:06:48.619Z, 1207.8073692, 723.1189575999999
1714648008635, 2024-05-02T11:06:48.635Z, 1271.8289484, 741.6682754
1714648008645, 2024-05-02T11:06:48.645Z, 1335.6826901999998, 758.8114777999999
1714648008665, 2024-05-02T11:06:48.665Z, 1383.5670602, 768.4152839999999
1714648008690, 2024-05-02T11:06:48.690Z, 1409.7823338, 775.8421867999999
1714648008715, 2024-05-02T11:06:48.715Z, 1419.9265444, 777.4608862
1714648008760, 2024-05-02T11:06:48.760Z, 1418.4165996, 780.7911934
1714648008773, 2024-05-02T11:06:48.773Z, 1416.1077518, 784.5294707999999
1714648008784, 2024-05-02T11:06:48.784Z, 1414.1781534, 790.0837746
1714648008801, 2024-05-02T11:06:48.801Z, 1418.5187196, 791.9918307999999
1714648008816, 2024-05-02T11:06:48.816Z, 1422.9633218000001, 793.8897654
1714648008831, 2024-05-02T11:06:48.831Z, 1421.8683613999997, 795.7408588000001
1714648008850, 2024-05-02T11:06:48.850Z, 1419.5150006000001, 797.5468534
1714648008863, 2024-05-02T11:06:48.863Z, 1418.3637762, 799.5037781999999
1714648008879, 2024-05-02T11:06:48.879Z, 1417.6780228000002, 801.6523562
1714648008907, 2024-05-02T11:06:48.907Z, 1416.2193029999999, 803.7306963999999
1714648008916, 2024-05-02T11:06:48.916Z, 1418.0254192, 804.9680192000001
1714648008940, 2024-05-02T11:06:48.940Z, 1421.8278182, 806.7336702
1714648008955, 2024-05-02T11:06:48.955Z, 1427.8879852, 809.5335643999999
1714648008970, 2024-05-02T11:06:48.970Z, 1434.5888196, 813.2641486
1714648008986, 2024-05-02T11:06:48.986Z, 1442.5444303999998, 817.083637
1714648009002, 2024-05-02T11:06:49.002Z, 1447.7486638, 819.6048466
1714648009017, 2024-05-02T11:06:49.017Z, 1451.5316118, 821.250856