1714648038383, 2024-05-02T11:07:18.383Z, 22.494232, 139.011557
1714648038429, 2024-05-02T11:07:18.429Z, 29.974201, 156.705305
1714648038520, 2024-05-02T11:07:18.520Z, 59.89625366666667, 158.169591
1714648038565, 2024-05-02T11:07:18.565Z, 76.088725, 163.09821300000002
1714648038608, 2024-05-02T11:07:18.608Z, 88.26737419999999, 168.1205304
1714648038652, 2024-05-02T11:07:18.652Z, 93.74544879999999, 190.74963359999998
1714648038710, 2024-05-02T11:07:18.710Z, 86.91798200000001, 213.336654
1714648038751, 2024-05-02T11:07:18.751Z, 65.68102580000001, 244.6775572
1714648038843, 2024-05-02T11:07:18.843Z, 69.21051279999999, 301.479879
1714648038878, 2024-05-02T11:07:18.878Z, 60.97634899999999, 348.346129
1714648038922, 2024-05-02T11:07:18.922Z, 67.4151928, 380.9822312
1714648038937, 2024-05-02T11:07:18.937Z, 84.96021979999999, 407.9875308
1714648038968, 2024-05-02T11:07:18.968Z, 91.8948956, 423.5988326
1714648038983, 2024-05-02T11:07:18.983Z, 75.60079099999999, 413.22008579999994
1714648039014, 2024-05-02T11:07:19.014Z, 69.62090660000001, 412.085023
1714648039029, 2024-05-02T11:07:19.029Z, 74.8208714, 424.03299100000004
1714648039059, 2024-05-02T11:07:19.059Z, 85.614563, 438.824827
1714648039091, 2024-05-02T11:07:19.091Z, 102.4852332, 455.8191588000001
1714648039107, 2024-05-02T11:07:19.107Z, 110.9366054, 459.9318996
1714648039153, 2024-05-02T11:07:19.153Z, 118.99574, 460.8462864
1714648039292, 2024-05-02T11:07:19.292Z, 151.42900020000002, 434.69956659999997
1714648039403, 2024-05-02T11:07:19.403Z, 126.515164, 384.1804956
1714648039893, 2024-05-02T11:07:19.893Z, 120.42601540000001, 321.4068552
1714648040120, 2024-05-02T11:07:20.120Z, 102.52733900000001, 273.59828439999995
1714648041036, 2024-05-02T11:07:21.036Z, 98.3686948, 255.7604584
1714648041633, 2024-05-02T11:07:21.633Z, 45.870622399999995, 253.43985420000004
1714648041695, 2024-05-02T11:07:21.695Z, 49.5759516, 269.95689780000004
1714648041725, 2024-05-02T11:07:21.725Z, 79.52802840000001, 330.4155342
1714648041782, 2024-05-02T11:07:21.782Z, 151.7613524, 400.80448340000004
1714648041827, 2024-05-02T11:07:21.827Z, 208.9818124, 443.0991624
1714648042056, 2024-05-02T11:07:22.056Z, 306.870455, 479.8626694000001
1714648042097, 2024-05-02T11:07:22.097Z, 396.9968578, 517.4415581999999
1714648042145, 2024-05-02T11:07:22.145Z, 445.718121, 526.6932194
1714648043278, 2024-05-02T11:07:23.278Z, 469.698643, 527.4348812000001
1714648043296, 2024-05-02T11:07:23.296Z, 493.44056040000004, 527.153956
1714648043327, 2024-05-02T11:07:23.327Z, 499.7629974, 533.6836458
1714648043360, 2024-05-02T11:07:23.360Z, 507.5324514, 540.5081872000001
1714648043375, 2024-05-02T11:07:23.375Z, 520.3471458, 547.6606064
1714648043468, 2024-05-02T11:07:23.468Z, 543.3259022, 548.2957402
1714648043515, 2024-05-02T11:07:23.515Z, 564.6192026, 549.2751882
1714648046032, 2024-05-02T11:07:26.032Z, 505.3087552, 550.8362434
1714648046305, 2024-05-02T11:07:26.305Z, 416.64191339999996, 575.3591034
1714648046466, 2024-05-02T11:07:26.466Z, 372.2542938, 586.1994351999999
1714648046490, 2024-05-02T11:07:26.490Z, 317.4245882, 597.2276808
1714648046521, 2024-05-02T11:07:26.521Z, 265.2609308, 609.5036968000001
1714648046554, 2024-05-02T11:07:26.554Z, 285.8857018, 619.9569654000001
1714648046568, 2024-05-02T11:07:26.568Z, 335.9281344, 607.8266768
1714648046600, 2024-05-02T11:07:26.600Z, 335.5897844, 607.0276664
1714648046616, 2024-05-02T11:07:26.616Z, 336.6445518, 606.1760400000001
1714648046647, 2024-05-02T11:07:26.647Z, 337.7191352, 604.6416824
1714648046733, 2024-05-02T11:07:26.733Z, 352.580636, 603.9683802000001
1714648046778, 2024-05-02T11:07:26.778Z, 382.8235766, 607.833265
1714648046868, 2024-05-02T11:07:26.868Z, 436.21181859999996, 613.6406972
1714648046913, 2024-05-02T11:07:26.913Z, 488.1873144, 618.8941705999999
1714648046929, 2024-05-02T11:07:26.929Z, 540.0523402, 624.2100006000001
1714648046958, 2024-05-02T11:07:26.958Z, 575.8960252, 628.0018724
1714648047052, 2024-05-02T11:07:27.052Z, 595.4553814, 627.1812542
1714648047067, 2024-05-02T11:07:27.067Z, 591.9547849999999, 625.2554636
1714648047098, 2024-05-02T11:07:27.098Z, 587.4280008, 623.5470248
1714648047113, 2024-05-02T11:07:27.113Z, 582.0372316, 621.9823197999999
1714648047153, 2024-05-02T11:07:27.153Z, 577.6796348, 621.1729484
1714648047334, 2024-05-02T11:07:27.334Z, 501.64742000000007, 620.8681465999999
1714648047383, 2024-05-02T11:07:27.383Z, 432.1876604, 621.9212411999999
1714648047428, 2024-05-02T11:07:27.428Z, 347.983781, 624.5186986
1714648047469, 2024-05-02T11:07:27.469Z, 368.74901400000005, 662.5024674
1714648047608, 2024-05-02T11:07:27.608Z, 276.6887588, 664.5161274
1714648047652, 2024-05-02T11:07:27.652Z, 256.7318852, 667.7029405999999
1714648047678, 2024-05-02T11:07:27.678Z, 229.99285620000006, 670.4558560000002
1714648047693, 2024-05-02T11:07:27.693Z, 257.3863156, 664.4397902000001
1714648047723, 2024-05-02T11:07:27.723Z, 184.1212854, 622.6951576
1714648047768, 2024-05-02T11:07:27.768Z, 232.97823520000003, 616.9975972
1714648047828, 2024-05-02T11:07:27.828Z, 284.29236860000003, 609.0421865999999
1714648047858, 2024-05-02T11:07:27.858Z, 335.6671082, 600.7128384
1714648047874, 2024-05-02T11:07:27.874Z, 349.177696, 599.7791805999999
1714648047903, 2024-05-02T11:07:27.903Z, 374.09957199999997, 600.9752996
1714648047919, 2024-05-02T11:07:27.919Z, 392.97489540000004, 600.872692
1714648048009, 2024-05-02T11:07:28.009Z, 410.7242810000001, 600.0085062
1714648048054, 2024-05-02T11:07:28.054Z, 428.6260112, 598.4718004
1714648048098, 2024-05-02T11:07:28.098Z, 446.4088866, 597.6006774
1714648048146, 2024-05-02T11:07:28.146Z, 450.8094186, 593.9887315999999
1714648048178, 2024-05-02T11:07:28.178Z, 449.91234560000004, 592.7167007999999
1714648048221, 2024-05-02T11:07:28.221Z, 417.29036740000004, 603.6595562
1714648048237, 2024-05-02T11:07:28.237Z, 373.5474018, 616.605157
1714648048282, 2024-05-02T11:07:28.282Z, 312.0158708, 629.145655
1714648048328, 2024-05-02T11:07:28.328Z, 244.3668452, 643.1756126
1714648048505, 2024-05-02T11:07:28.505Z, 171.14847619999998, 652.112648
1714648048555, 2024-05-02T11:07:28.555Z, 133.0682908, 650.6161003999999
1714648048818, 2024-05-02T11:07:28.818Z, 164.09428559999998, 638.4275776
1714648048849, 2024-05-02T11:07:28.849Z, 248.456034, 607.4310687999999
1714648048907, 2024-05-02T11:07:28.907Z, 368.512253, 569.7819336
1714648048985, 2024-05-02T11:07:28.985Z, 613.5506638, 494.73259799999994
1714648049048, 2024-05-02T11:07:29.048Z, 856.0795178000001, 419.88764740000005
1714648049079, 2024-05-02T11:07:29.079Z, 1039.7810824, 354.187913
1714648049119, 2024-05-02T11:07:29.119Z, 1187.7433812, 306.9917748
1714648049164, 2024-05-02T11:07:29.164Z, 1314.9218706, 256.21357240000003
1714648049209, 2024-05-02T11:07:29.209Z, 1327.0353731999999, 244.20588659999999
1714648049254, 2024-05-02T11:07:29.254Z, 1335.4539484000002, 228.4063074
1714648049298, 2024-05-02T11:07:29.298Z, 1344.5333415999999, 210.9622268
1714648049345, 2024-05-02T11:07:29.345Z, 1354.2554380000001, 191.59902019999998
1714648049439, 2024-05-02T11:07:29.439Z, 1353.7959828, 182.5430222
1714648049531, 2024-05-02T11:07:29.531Z, 1353.5866842, 172.2471514
1714648049570, 2024-05-02T11:07:29.570Z, 1355.7530598, 166.26387739999998
1714648049614, 2024-05-02T11:07:29.614Z, 1358.6176052, 162.2791184
1714648049660, 2024-05-02T11:07:29.660Z, 1360.1846976000002, 161.9675378
1714648049749, 2024-05-02T11:07:29.749Z, 1360.0059853999999, 159.96014379999997
1714648049796, 2024-05-02T11:07:29.796Z, 1360.8567349999998, 162.4119028
1714648049885, 2024-05-02T11:07:29.885Z, 1361.817741, 164.6570874
1714648049933, 2024-05-02T11:07:29.933Z, 1360.2741086, 164.370274
1714648049977, 2024-05-02T11:07:29.977Z, 1359.6898558, 164.06287419999998
1714648050019, 2024-05-02T11:07:30.019Z, 1359.9562898, 167.1826716
1714648050064, 2024-05-02T11:07:30.064Z, 1357.7599646, 169.7193868
1714648050111, 2024-05-02T11:07:30.111Z, 1351.0893012, 169.9796566
1714648050155, 2024-05-02T11:07:30.155Z, 1346.7968431999998, 172.4469452
1714648050199, 2024-05-02T11:07:30.199Z, 1343.482335, 173.42344559999998
1714648050563, 2024-05-02T11:07:30.563Z, 1254.087111, 170.3275028
1714648050605, 2024-05-02T11:07:30.605Z, 1232.7096316, 164.8393086
1714648050650, 2024-05-02T11:07:30.650Z, 1216.3490812000002, 160.6447846
1714648050698, 2024-05-02T11:07:30.698Z, 1200.6290775999998, 160.5605224
1714648050785, 2024-05-02T11:07:30.785Z, 1182.9355378, 158.3095484
1714648050831, 2024-05-02T11:07:30.831Z, 1253.3129472, 159.3319214
1714648050877, 2024-05-02T11:07:30.877Z, 1255.6522624, 161.685456
1714648050920, 2024-05-02T11:07:30.920Z, 1256.7302448, 163.2336104
1714648050964, 2024-05-02T11:07:30.964Z, 1254.5043366, 183.3857596
1714648051009, 2024-05-02T11:07:31.009Z, 1254.7040256, 203.9472544
1714648051055, 2024-05-02T11:07:31.055Z, 1252.8386957999999, 223.7114212
1714648051110, 2024-05-02T11:07:31.110Z, 1251.9908695999998, 242.9650926
1714648051157, 2024-05-02T11:07:31.157Z, 1252.1183806, 261.923701
1714648051235, 2024-05-02T11:07:31.235Z, 1250.1850186, 259.12364119999995
1714648051250, 2024-05-02T11:07:31.250Z, 1344.7132128, 368.5175246
1714648051280, 2024-05-02T11:07:31.280Z, 1440.5253974, 478.54813540000004
1714648051295, 2024-05-02T11:07:31.295Z, 1535.2370661999998, 588.9041782
1714648051327, 2024-05-02T11:07:31.327Z, 1629.2624357999998, 699.8144714
1714648051368, 2024-05-02T11:07:31.368Z, 1732.02052, 812.0128208
1714648051412, 2024-05-02T11:07:31.412Z, 1738.0969946, 813.4306598000001
1714648051467, 2024-05-02T11:07:31.467Z, 1744.0483368, 813.0383204
1714648051504, 2024-05-02T11:07:31.504Z, 1660.7291576, 715.4006198
1714648051548, 2024-05-02T11:07:31.548Z, 1577.3017746, 617.4209844
1714648051594, 2024-05-02T11:07:31.594Z, 1490.176775, 518.3869668
1714648051683, 2024-05-02T11:07:31.683Z, 1401.9664696, 418.8611586
1714648051733, 2024-05-02T11:07:31.733Z, 1299.2870149999999, 341.2545524
1714648051772, 2024-05-02T11:07:31.772Z, 1280.364279, 372.7352002
1714648051818, 2024-05-02T11:07:31.818Z, 1257.8392808, 407.49565079999996
1714648051867, 2024-05-02T11:07:31.867Z, 1234.9717872, 442.6411432
1714648051877, 2024-05-02T11:07:31.878Z, 1212.8587532000001, 480.4011068000001
1714648051909, 2024-05-02T11:07:31.909Z, 1226.0712642, 458.8078924
1714648051954, 2024-05-02T11:07:31.954Z, 1249.3130692, 420.6935464
1714648052000, 2024-05-02T11:07:32.000Z, 1279.7658444, 378.92341180000005
1714648052046, 2024-05-02T11:07:32.046Z, 1305.7874222, 327.43672359999994
1714648052139, 2024-05-02T11:07:32.139Z, 1324.5214204000001, 266.3606988
1714648052185, 2024-05-02T11:07:32.185Z, 1317.7139582, 245.90149079999998
1714648052231, 2024-05-02T11:07:32.231Z, 1311.0237278, 233.545868
1714648052268, 2024-05-02T11:07:32.268Z, 1306.4573196, 236.203869
1714648052313, 2024-05-02T11:07:32.313Z, 1306.0378532, 250.4983224
1714648052359, 2024-05-02T11:07:32.359Z, 1312.7037406, 274.8377536
1714648052406, 2024-05-02T11:07:32.406Z, 1318.7584478, 281.21905499999997
1714648052451, 2024-05-02T11:07:32.451Z, 1316.8493912000001, 280.7330836
1714648052496, 2024-05-02T11:07:32.496Z, 1310.8617576000001, 263.609172
1714648052583, 2024-05-02T11:07:32.583Z, 1313.8285502, 256.1400796
1714648052636, 2024-05-02T11:07:32.636Z, 1312.3321521999999, 245.97775159999998
1714648052682, 2024-05-02T11:07:32.682Z, 1317.3689626, 251.3030934
1714648052718, 2024-05-02T11:07:32.718Z, 1325.8650894, 261.6182726
1714648052738, 2024-05-02T11:07:32.738Z, 1332.3439252, 274.88312440000004
1714648052762, 2024-05-02T11:07:32.762Z, 1333.0581031999998, 279.3252062
1714648052812, 2024-05-02T11:07:32.812Z, 1303.7558192, 293.3397992
1714648052854, 2024-05-02T11:07:32.854Z, 1266.4025749999998, 308.4718934
1714648052898, 2024-05-02T11:07:32.898Z, 1221.1255901999998, 326.4352588
1714648052945, 2024-05-02T11:07:32.945Z, 1173.3403338, 345.5771006
1714648053033, 2024-05-02T11:07:33.033Z, 1123.5449062, 360.5758962
1714648053077, 2024-05-02T11:07:33.077Z, 1096.0171048, 381.355715
1714648053098, 2024-05-02T11:07:33.098Z, 1081.4623758, 394.193989
1714648053132, 2024-05-02T11:07:33.132Z, 1079.7649408, 409.25078199999996
1714648053180, 2024-05-02T11:07:33.180Z, 1083.7155195999999, 423.40832639999996
1714648053196, 2024-05-02T11:07:33.196Z, 1086.1295358, 437.0970856
1714648053218, 2024-05-02T11:07:33.218Z, 1099.9643796, 435.40968300000003
1714648053244, 2024-05-02T11:07:33.244Z, 1101.5729506, 435.784215
1714648053260, 2024-05-02T11:07:33.260Z, 1100.1015508, 447.30874700000004
1714648053276, 2024-05-02T11:07:33.276Z, 1096.7816484, 458.6234066
1714648053305, 2024-05-02T11:07:33.305Z, 1092.9393802, 473.71682380000004
1714648053348, 2024-05-02T11:07:33.348Z, 1089.1153603999999, 489.450641
1714648053364, 2024-05-02T11:07:33.364Z, 1091.2509974, 510.8985132000001
1714648053396, 2024-05-02T11:07:33.396Z, 1090.2043544, 516.514299
1714648053409, 2024-05-02T11:07:33.409Z, 1088.120909, 521.6638874
1714648053485, 2024-05-02T11:07:33.485Z, 1083.968976, 523.5054762000001
1714648053500, 2024-05-02T11:07:33.500Z, 1079.7722990000002, 525.2620462
1714648053534, 2024-05-02T11:07:33.534Z, 1076.1792642, 526.6156398
1714648053545, 2024-05-02T11:07:33.545Z, 1074.0953998, 526.7165628
1714648053576, 2024-05-02T11:07:33.576Z, 1071.8692868, 526.884871
1714648053623, 2024-05-02T11:07:33.623Z, 1071.6609357999998, 525.4465902
1714648053638, 2024-05-02T11:07:33.638Z, 1071.4765484000002, 524.3693824
1714648053669, 2024-05-02T11:07:33.669Z, 1070.4885653999997, 521.3540382
1714648053684, 2024-05-02T11:07:33.684Z, 1069.4989965999998, 517.4983288000001
1714648053716, 2024-05-02T11:07:33.716Z, 1068.7201114, 514.3918194
1714648053818, 2024-05-02T11:07:33.818Z, 962.073968, 484.07070439999995
1714648053859, 2024-05-02T11:07:33.859Z, 783.3027337999999, 430.3624526
1714648053905, 2024-05-02T11:07:33.905Z, 605.5015966, 378.6937512
1714648054067, 2024-05-02T11:07:34.067Z, 554.6208938, 360.62006099999996
1714648054112, 2024-05-02T11:07:34.112Z, 575.6756308, 364.606595
1714648054157, 2024-05-02T11:07:34.157Z, 703.3697427999999, 396.4320928
1714648054203, 2024-05-02T11:07:34.203Z, 903.431036, 452.52501219999994
1714648054247, 2024-05-02T11:07:34.247Z, 1102.6772556, 508.9987654
1714648054292, 2024-05-02T11:07:34.292Z, 1174.9909106, 533.0014222
1714648054308, 2024-05-02T11:07:34.308Z, 1156.3239237999999, 529.2952724
1714648054382, 2024-05-02T11:07:34.382Z, 1138.5294526000002, 526.3571382
1714648054431, 2024-05-02T11:07:34.431Z, 1120.2519312, 523.644314
1714648054472, 2024-05-02T11:07:34.472Z, 1101.3757786, 523.195021
1714648054517, 2024-05-02T11:07:34.517Z, 1098.1096814, 511.86197439999995
1714648054567, 2024-05-02T11:07:34.567Z, 1117.6669657999998, 499.7130546
1714648054580, 2024-05-02T11:07:34.580Z, 1135.2658986000001, 488.40723260000004
1714648054607, 2024-05-02T11:07:34.607Z, 1153.4705624, 475.92982259999997
1714648054622, 2024-05-02T11:07:34.622Z, 1171.7474212000002, 459.3276734
1714648054653, 2024-05-02T11:07:34.653Z, 1177.0113178000001, 454.38946
1714648054701, 2024-05-02T11:07:34.701Z, 1183.637033, 455.2449055999999
1714648054747, 2024-05-02T11:07:34.747Z, 1195.6713243999998, 455.98501080000005
1714648054836, 2024-05-02T11:07:34.836Z, 1210.0677762, 452.5300034
1714648054879, 2024-05-02T11:07:34.879Z, 1218.4861394, 450.7568816
1714648054896, 2024-05-02T11:07:34.896Z, 1225.3469698000001, 446.6270262
1714648054926, 2024-05-02T11:07:34.926Z, 1222.255904, 442.5540846
1714648054971, 2024-05-02T11:07:34.971Z, 1205.5237353999999, 438.2715012
1714648055017, 2024-05-02T11:07:35.017Z, 1178.7153898000001, 438.71361379999996
1714648055061, 2024-05-02T11:07:35.061Z, 1148.5029356, 438.10241019999995
1714648055283, 2024-05-02T11:07:35.283Z, 1110.6562026, 439.67190220000003
1714648055298, 2024-05-02T11:07:35.298Z, 1083.9685076, 444.51938119999994
1714648055328, 2024-05-02T11:07:35.328Z, 1065.8924842000001, 449.9647118
1714648055377, 2024-05-02T11:07:35.377Z, 1052.4150918, 452.3496736
1714648055419, 2024-05-02T11:07:35.419Z, 1049.0038918, 454.4113024
1714648055465, 2024-05-02T11:07:35.465Z, 1054.4804755999999, 457.03511259999993
1714648055511, 2024-05-02T11:07:35.511Z, 1055.017176, 457.5227054
1714648055553, 2024-05-02T11:07:35.553Z, 1053.1354734000001, 457.05377160000006
1714648055604, 2024-05-02T11:07:35.604Z, 1054.6663878000002, 458.9017936
1714648055619, 2024-05-02T11:07:35.619Z, 1057.8347423999999, 460.53787140000003
1714648055651, 2024-05-02T11:07:35.651Z, 1057.6547278, 460.6816466
1714648055703, 2024-05-02T11:07:35.703Z, 1055.3148434, 468.754937
1714648055737, 2024-05-02T11:07:35.737Z, 1064.8677231999998, 503.9450422
1714648055761, 2024-05-02T11:07:35.761Z, 1079.5462737999999, 553.0298566
1714648055783, 2024-05-02T11:07:35.783Z, 1092.0957492, 601.3053266000001
1714648055795, 2024-05-02T11:07:35.795Z, 1106.1009986, 650.2581084000001
1714648055824, 2024-05-02T11:07:35.824Z, 1121.0095258, 688.8804146
1714648055868, 2024-05-02T11:07:35.868Z, 1126.4869085999999, 698.6932856
1714648055883, 2024-05-02T11:07:35.883Z, 1126.617235, 691.4451022
1714648055913, 2024-05-02T11:07:35.913Z, 1128.0362362, 684.7443988
1714648055958, 2024-05-02T11:07:35.958Z, 1129.0216528, 676.1993724
1714648056009, 2024-05-02T11:07:36.009Z, 1128.6843324, 668.5598286000001
1714648056027, 2024-05-02T11:07:36.027Z, 1129.4003048, 663.3660954000001
1714648056059, 2024-05-02T11:07:36.059Z, 1131.5941066, 661.4966334
1714648056074, 2024-05-02T11:07:36.074Z, 1133.0210416, 660.7547119999999
1714648056105, 2024-05-02T11:07:36.105Z, 1132.3367204, 660.837158
1714648056121, 2024-05-02T11:07:36.121Z, 1132.3235780000002, 661.0920876
1714648056156, 2024-05-02T11:07:36.156Z, 1128.2688296000001, 661.1886088
1714648056185, 2024-05-02T11:07:36.185Z, 1118.3897588, 662.2452208
1714648056201, 2024-05-02T11:07:36.201Z, 1110.6084476, 661.0604708
1714648056231, 2024-05-02T11:07:36.231Z, 1102.0608040000002, 660.9979473999999
1714648056277, 2024-05-02T11:07:36.277Z, 1092.6807205999999, 661.9722902000001
1714648056318, 2024-05-02T11:07:36.318Z, 1084.334864, 663.1751418
1714648056334, 2024-05-02T11:07:36.334Z, 1079.2155482, 662.5872340000001
1714648056364, 2024-05-02T11:07:36.364Z, 1071.9656458000002, 663.740309
1714648056380, 2024-05-02T11:07:36.380Z, 1067.6057403999998, 664.7835408
1714648056409, 2024-05-02T11:07:36.409Z, 1064.5177722, 664.977621
1714648056425, 2024-05-02T11:07:36.425Z, 1064.0362386000002, 664.955147
1714648056455, 2024-05-02T11:07:36.455Z, 1064.4858, 665.2576638
1714648056469, 2024-05-02T11:07:36.469Z, 1064.5254202, 665.5132934
1714648056498, 2024-05-02T11:07:36.498Z, 1063.5159584, 665.7965376
1714648056521, 2024-05-02T11:07:36.521Z, 1062.5521348, 665.8757878
1714648056546, 2024-05-02T11:07:36.546Z, 1061.451803, 665.3560608
1714648056573, 2024-05-02T11:07:36.573Z, 1060.3228646, 664.659586
1714648056605, 2024-05-02T11:07:36.605Z, 1059.5787984, 663.4378687999999
1714648056634, 2024-05-02T11:07:36.634Z, 1060.4598979999998, 661.772541
1714648056649, 2024-05-02T11:07:36.649Z, 1063.4879316000001, 660.1760052000001
1714648056680, 2024-05-02T11:07:36.680Z, 1066.3624678, 659.2114494
1714648056696, 2024-05-02T11:07:36.696Z, 1069.2569648, 658.9117794
1714648056727, 2024-05-02T11:07:36.727Z, 1072.3122354000002, 659.3134492000002
1714648056769, 2024-05-02T11:07:36.769Z, 1075.3599304, 659.8505978000001
1714648056784, 2024-05-02T11:07:36.784Z, 1075.7528373999999, 660.647274
1714648056814, 2024-05-02T11:07:36.814Z, 1073.9956988, 660.9128963999999
1714648056829, 2024-05-02T11:07:36.829Z, 1073.3282654, 661.6070866
1714648056864, 2024-05-02T11:07:36.864Z, 1072.1309643999998, 662.2371132000001
1714648056876, 2024-05-02T11:07:36.876Z, 1069.2528301999998, 662.7765360000001
1714648056905, 2024-05-02T11:07:36.905Z, 1067.0607458, 663.4971186
1714648056919, 2024-05-02T11:07:36.919Z, 1066.9369592, 663.9285016
1714648056949, 2024-05-02T11:07:36.949Z, 1065.519283, 663.8232611999999
1714648056964, 2024-05-02T11:07:36.964Z, 1064.2024840000001, 663.2330998
1714648056994, 2024-05-02T11:07:36.994Z, 1064.1271451999999, 662.675987
1714648057010, 2024-05-02T11:07:37.010Z, 1063.729135, 661.6545628
1714648057056, 2024-05-02T11:07:37.056Z, 1063.7255308, 661.7043277999999
1714648057087, 2024-05-02T11:07:37.087Z, 1063.715216, 662.0569818
1714648057102, 2024-05-02T11:07:37.102Z, 1063.2867394, 662.8224932
1714648057132, 2024-05-02T11:07:37.132Z, 1063.1955504000002, 663.6156936
1714648057147, 2024-05-02T11:07:37.148Z, 1063.1273078000002, 664.6170528
1714648057179, 2024-05-02T11:07:37.179Z, 1063.3591258000001, 665.4994772
1714648057219, 2024-05-02T11:07:37.219Z, 1064.8035794000002, 665.773536
1714648057235, 2024-05-02T11:07:37.235Z, 1066.6907382, 665.8404642
1714648057264, 2024-05-02T11:07:37.264Z, 1067.836476, 665.4284128
1714648057279, 2024-05-02T11:07:37.279Z, 1069.0287322, 665.0536812
1714648057307, 2024-05-02T11:07:37.307Z, 1069.672689, 664.577311
1714648057334, 2024-05-02T11:07:37.334Z, 1068.9836594, 664.253123
1714648057354, 2024-05-02T11:07:37.354Z, 1067.4914506, 663.8413966
1714648057369, 2024-05-02T11:07:37.369Z, 1066.4638524, 663.8565133999999
1714648057398, 2024-05-02T11:07:37.398Z, 1064.9783732, 664.1235616
1714648057413, 2024-05-02T11:07:37.413Z, 1063.5582728, 663.995715
1714648057444, 2024-05-02T11:07:37.444Z, 1062.546096, 663.7833628000001
1714648057459, 2024-05-02T11:07:37.459Z, 1062.8652064, 663.7926679999999
1714648057504, 2024-05-02T11:07:37.504Z, 1064.1701401999999, 664.3455806
1714648057533, 2024-05-02T11:07:37.533Z, 1067.9972168, 665.5664176
1714648057584, 2024-05-02T11:07:37.584Z, 1075.4124147999999, 667.1950343999999
1714648057598, 2024-05-02T11:07:37.598Z, 1082.5850762, 668.892869
1714648057629, 2024-05-02T11:07:37.629Z, 1128.3387148, 690.5801736
1714648057668, 2024-05-02T11:07:37.668Z, 1189.0166508, 719.7304534000001
1714648057682, 2024-05-02T11:07:37.682Z, 1247.2038336, 748.041555
1714648057713, 2024-05-02T11:07:37.713Z, 1299.417519, 780.0756822
1714648057764, 2024-05-02T11:07:37.764Z, 1351.5831674, 812.3312764
1714648057777, 2024-05-02T11:07:37.777Z, 1366.0807911999998, 824.703184
1714648057804, 2024-05-02T11:07:37.804Z, 1365.2814486, 827.3644112
1714648057848, 2024-05-02T11:07:37.848Z, 1364.9460258, 829.7908956000001
1714648057862, 2024-05-02T11:07:37.862Z, 1366.6536144000002, 829.0906875999999
1714648057893, 2024-05-02T11:07:37.893Z, 1368.7722634000002, 827.3957969999999
1714648057909, 2024-05-02T11:07:37.909Z, 1370.0241168, 825.3350064
1714648057983, 2024-05-02T11:07:37.983Z, 1371.7344432000002, 824.6423062
1714648058034, 2024-05-02T11:07:38.034Z, 1373.289819, 824.2454782000001
1714648058049, 2024-05-02T11:07:38.049Z, 1375.1770089999998, 822.7403038
1714648058080, 2024-05-02T11:07:38.080Z, 1375.8324664, 821.3908222
1714648058121, 2024-05-02T11:07:38.121Z, 1378.1089749999999, 820.5065865999999
1714648058135, 2024-05-02T11:07:38.135Z, 1382.9643967999998, 820.3821125999999
1714648058165, 2024-05-02T11:07:38.165Z, 1388.4465744, 820.1365092