1714647857899, 2024-05-02T11:04:17.899Z, 175.338449, 204.28383
1714647857933, 2024-05-02T11:04:17.933Z, 178.8621325, 205.673333
1714647857943, 2024-05-02T11:04:17.943Z, 195.46879133333334, 214.44777566666667
1714647857978, 2024-05-02T11:04:17.978Z, 202.320089, 215.88897300000002
1714647858008, 2024-05-02T11:04:18.008Z, 212.8325726, 217.13104940000002
1714647858022, 2024-05-02T11:04:18.022Z, 235.2696722, 226.24764480000005
1714647858034, 2024-05-02T11:04:18.034Z, 258.2292896, 235.43549579999998
1714647858052, 2024-05-02T11:04:18.052Z, 279.3440802, 239.98749360000002
1714647858068, 2024-05-02T11:04:18.068Z, 308.0629782, 246.26736540000002
1714647858079, 2024-05-02T11:04:18.079Z, 329.90047, 253.141407
1714647858097, 2024-05-02T11:04:18.097Z, 349.700032, 254.61133659999996
1714647858119, 2024-05-02T11:04:18.119Z, 373.3748796, 256.32433019999996
1714647858129, 2024-05-02T11:04:18.129Z, 397.51840200000004, 258.0491884
1714647858162, 2024-05-02T11:04:18.162Z, 417.4296458, 261.0808086
1714647858173, 2024-05-02T11:04:18.173Z, 437.5940278, 263.35125179999994
1714647858189, 2024-05-02T11:04:18.189Z, 452.8920588, 264.4922738
1714647858205, 2024-05-02T11:04:18.205Z, 461.27672599999994, 263.03162499999996
1714647858219, 2024-05-02T11:04:18.219Z, 461.3094356, 261.3874706
1714647858234, 2024-05-02T11:04:18.234Z, 458.6324460000001, 258.9314376
1714647858250, 2024-05-02T11:04:18.250Z, 456.054147, 258.2796896
1714647858266, 2024-05-02T11:04:18.266Z, 453.4490138, 258.7081896
1714647858282, 2024-05-02T11:04:18.282Z, 451.1985044, 260.39450320000003
1714647858308, 2024-05-02T11:04:18.308Z, 448.28602259999997, 261.63544220000006
1714647858324, 2024-05-02T11:04:18.324Z, 444.3589766, 262.43471420000003
1714647858341, 2024-05-02T11:04:18.341Z, 438.77986139999996, 258.08393060000003
1714647858352, 2024-05-02T11:04:18.352Z, 433.28240059999996, 253.23856919999997
1714647858369, 2024-05-02T11:04:18.369Z, 427.9180862, 247.9628518
1714647858389, 2024-05-02T11:04:18.389Z, 423.6794992, 242.6876988
1714647858414, 2024-05-02T11:04:18.414Z, 419.81134519999995, 236.01558880000002
1714647858430, 2024-05-02T11:04:18.430Z, 417.7712098, 232.55348180000001
1714647858460, 2024-05-02T11:04:18.460Z, 412.16880819999994, 224.6874402
1714647858476, 2024-05-02T11:04:18.476Z, 410.1480402, 222.0604758
1714647858504, 2024-05-02T11:04:18.504Z, 399.188704, 206.12248759999997
1714647858520, 2024-05-02T11:04:18.520Z, 391.5686628, 193.90312360000001
1714647858550, 2024-05-02T11:04:18.550Z, 394.9159122, 176.160371
1714647858564, 2024-05-02T11:04:18.564Z, 405.9550322, 161.4229316
1714647858612, 2024-05-02T11:04:18.612Z, 420.707885, 140.060022
1714647858639, 2024-05-02T11:04:18.639Z, 440.7471388, 125.43281759999999
1714647858685, 2024-05-02T11:04:18.685Z, 457.3635722, 107.4189772
1714647858731, 2024-05-02T11:04:18.731Z, 464.37061140000003, 92.9028148
1714647858774, 2024-05-02T11:04:18.774Z, 451.4279484, 71.51836739999999
1714647859358, 2024-05-02T11:04:19.358Z, 420.08203540000005, 49.1093958
1714647860439, 2024-05-02T11:04:20.439Z, 394.3210744, 41.5590706
1714647862511, 2024-05-02T11:04:22.511Z, 333.7550174, 40.7827616
1714647862555, 2024-05-02T11:04:22.555Z, 273.9439354, 43.165478799999995
1714647862698, 2024-05-02T11:04:22.698Z, 257.6128602, 70.20070940000001
1714647862734, 2024-05-02T11:04:22.734Z, 251.08138920000002, 97.1296736
1714647862779, 2024-05-02T11:04:22.779Z, 241.00589999999997, 115.2891184
1714647862822, 2024-05-02T11:04:22.822Z, 267.878273, 128.42780240000002
1714647862867, 2024-05-02T11:04:22.867Z, 305.98578580000003, 142.9431774
1714647862912, 2024-05-02T11:04:22.912Z, 320.04107680000004, 141.6304222
1714647862958, 2024-05-02T11:04:22.958Z, 332.1851544, 142.5472378
1714647863001, 2024-05-02T11:04:23.001Z, 346.95959719999996, 145.3812986
1714647863046, 2024-05-02T11:04:23.046Z, 360.5083658, 149.26375080000003
1714647863140, 2024-05-02T11:04:23.140Z, 364.47247159999995, 147.22343419999999
1714647863181, 2024-05-02T11:04:23.181Z, 354.381188, 149.82144039999997
1714647863227, 2024-05-02T11:04:23.227Z, 344.3422978, 148.7293742
1714647863272, 2024-05-02T11:04:23.272Z, 329.19920179999997, 146.174813
1714647864182, 2024-05-02T11:04:24.182Z, 294.2079968, 139.69125060000002
1714647864223, 2024-05-02T11:04:24.223Z, 270.3512766, 137.71764120000003
1714647864266, 2024-05-02T11:04:24.266Z, 258.365341, 132.2068366
1714647864311, 2024-05-02T11:04:24.311Z, 250.19295499999998, 130.6852296
1714647866336, 2024-05-02T11:04:26.336Z, 222.71039000000002, 171.81769020000002
1714647866381, 2024-05-02T11:04:26.381Z, 211.78913160000002, 212.65457079999996
1714647866426, 2024-05-02T11:04:26.426Z, 188.2419518, 248.8048586
1714647866472, 2024-05-02T11:04:26.472Z, 160.501089, 280.4933608
1714647866487, 2024-05-02T11:04:26.487Z, 132.669216, 313.04911180000005
1714647866535, 2024-05-02T11:04:26.535Z, 126.49488060000002, 302.54564680000004
1714647867323, 2024-05-02T11:04:27.323Z, 110.75741459999999, 302.00778500000007
1714647867368, 2024-05-02T11:04:27.368Z, 83.72569239999999, 302.088017
1714647867505, 2024-05-02T11:04:27.505Z, 116.7843466, 318.028241
1714647867549, 2024-05-02T11:04:27.549Z, 135.928898, 329.7609414
1714647867772, 2024-05-02T11:04:27.772Z, 148.7651736, 346.90201799999994
1714647867817, 2024-05-02T11:04:27.817Z, 178.7601488, 363.16810440000006
1714647867862, 2024-05-02T11:04:27.862Z, 246.65594000000002, 383.7850356
1714647867908, 2024-05-02T11:04:27.908Z, 269.895648, 391.221351
1714647867952, 2024-05-02T11:04:27.952Z, 306.97419039999994, 402.8681118
1714647868087, 2024-05-02T11:04:28.087Z, 362.1159594, 411.01570839999994
1714647868179, 2024-05-02T11:04:28.179Z, 409.11575619999996, 407.9301434
1714647868267, 2024-05-02T11:04:28.267Z, 425.3168114, 406.56577799999997
1714647868283, 2024-05-02T11:04:28.283Z, 429.1753466, 405.71959019999997
1714647868852, 2024-05-02T11:04:28.852Z, 367.5705206, 426.6912698
1714647868897, 2024-05-02T11:04:28.897Z, 299.51391060000003, 438.67668519999995
1714647868913, 2024-05-02T11:04:28.913Z, 243.45318120000002, 456.05288520000005
1714647868987, 2024-05-02T11:04:28.987Z, 205.49395480000004, 471.19811379999993
1714647869003, 2024-05-02T11:04:29.003Z, 169.0642808, 485.53447579999994
1714647869034, 2024-05-02T11:04:29.034Z, 196.47815459999998, 477.7911016
1714647869081, 2024-05-02T11:04:29.081Z, 226.0364718, 481.5363316
1714647869149, 2024-05-02T11:04:29.149Z, 234.30824740000003, 515.9115944
1714647869183, 2024-05-02T11:04:29.183Z, 222.7318982, 550.6438238
1714647869227, 2024-05-02T11:04:29.227Z, 209.57896839999998, 586.7139862
1714647869273, 2024-05-02T11:04:29.273Z, 198.4534472, 622.7649548
1714647869318, 2024-05-02T11:04:29.318Z, 181.87792439999998, 654.6359248000001
1714647869362, 2024-05-02T11:04:29.362Z, 146.5922476, 646.3755395999999
1714647869409, 2024-05-02T11:04:29.409Z, 114.20207900000003, 636.2875626
1714647869484, 2024-05-02T11:04:29.484Z, 141.32095239999998, 643.1953158
1714647870044, 2024-05-02T11:04:30.044Z, 158.56579000000002, 528.969464
1714647870137, 2024-05-02T11:04:30.137Z, 185.153685, 407.64820760000003
1714647870263, 2024-05-02T11:04:30.263Z, 276.9719732, 392.49538580000007
1714647870309, 2024-05-02T11:04:30.309Z, 371.8646254, 394.86049220000007
1714647870339, 2024-05-02T11:04:30.339Z, 407.8567462, 390.3710048
1714647870353, 2024-05-02T11:04:30.353Z, 453.434148, 509.4778174
1714647870384, 2024-05-02T11:04:30.384Z, 489.9939014, 640.2206984000001
1714647870397, 2024-05-02T11:04:30.397Z, 492.820591, 666.4382318
1714647870435, 2024-05-02T11:04:30.435Z, 492.7158656, 678.5606752000001
1714647870472, 2024-05-02T11:04:30.472Z, 490.3255488000001, 686.8297218
1714647870488, 2024-05-02T11:04:30.488Z, 487.9787264, 684.22263
1714647870517, 2024-05-02T11:04:30.517Z, 480.59706559999995, 682.9816476
1714647870533, 2024-05-02T11:04:30.533Z, 475.76716579999993, 672.1957952
1714647870582, 2024-05-02T11:04:30.582Z, 469.335384, 665.6735206000001
1714647870623, 2024-05-02T11:04:30.623Z, 462.9820474, 648.2471256000001
1714647870652, 2024-05-02T11:04:30.652Z, 457.1037746, 645.4490452
1714647870668, 2024-05-02T11:04:30.668Z, 455.92766439999997, 644.3198622
1714647870700, 2024-05-02T11:04:30.700Z, 452.65989959999996, 660.1373794
1714647870715, 2024-05-02T11:04:30.715Z, 449.9425142, 660.2855500000001
1714647870758, 2024-05-02T11:04:30.758Z, 461.51215179999997, 659.4008544000001
1714647870786, 2024-05-02T11:04:30.786Z, 479.005407, 666.0741804
1714647870802, 2024-05-02T11:04:30.802Z, 494.58358819999995, 660.9320266000001
1714647870831, 2024-05-02T11:04:30.831Z, 510.43896380000007, 660.8102522
1714647870847, 2024-05-02T11:04:30.847Z, 530.1226622, 660.3417594
1714647870877, 2024-05-02T11:04:30.877Z, 536.9537816, 668.1121534
1714647870922, 2024-05-02T11:04:30.922Z, 537.3882426000001, 671.8053990000001
1714647870937, 2024-05-02T11:04:30.937Z, 539.6084306, 678.4276576
1714647870970, 2024-05-02T11:04:30.970Z, 542.9580146000001, 682.0014318
1714647870982, 2024-05-02T11:04:30.982Z, 543.5004197999999, 687.0130510000001
1714647871011, 2024-05-02T11:04:31.011Z, 545.1848534, 689.1221073999999
1714647871027, 2024-05-02T11:04:31.027Z, 553.5296377999999, 675.7299642
1714647871057, 2024-05-02T11:04:31.057Z, 561.9675811999999, 669.9058990000001
1714647871073, 2024-05-02T11:04:31.073Z, 570.0344762000001, 659.1757378
1714647871119, 2024-05-02T11:04:31.119Z, 579.3891, 652.5558442
1714647871165, 2024-05-02T11:04:31.165Z, 530.6763242, 584.0833436
1714647871748, 2024-05-02T11:04:31.748Z, 515.9843774, 471.6899824
1714647871777, 2024-05-02T11:04:31.777Z, 499.3076669999999, 381.9610928
1714647871823, 2024-05-02T11:04:31.823Z, 480.7689746, 296.938899
1714647871867, 2024-05-02T11:04:31.867Z, 461.60935099999995, 214.9291318
1714647871883, 2024-05-02T11:04:31.883Z, 498.8896008, 194.2344818
1714647871914, 2024-05-02T11:04:31.914Z, 491.1945116, 220.8166326
1714647871930, 2024-05-02T11:04:31.930Z, 461.1956158, 284.63504240000003
1714647871973, 2024-05-02T11:04:31.973Z, 430.3636442, 353.4780074
1714647872002, 2024-05-02T11:04:32.002Z, 404.71055399999995, 441.8555319999999
1714647872018, 2024-05-02T11:04:32.018Z, 379.4975552, 529.5972002000001
1714647872047, 2024-05-02T11:04:32.047Z, 362.9463322, 623.9361774
1714647872063, 2024-05-02T11:04:32.063Z, 366.8582948, 644.3977506
1714647872112, 2024-05-02T11:04:32.112Z, 377.0578364, 664.973383
1714647872137, 2024-05-02T11:04:32.137Z, 380.8009652, 668.5757052
1714647872153, 2024-05-02T11:04:32.153Z, 384.77834060000004, 673.0329056
1714647872198, 2024-05-02T11:04:32.198Z, 383.50628240000003, 671.8052762
1714647872227, 2024-05-02T11:04:32.227Z, 380.8247172, 680.8260178
1714647872272, 2024-05-02T11:04:32.272Z, 378.6411828, 685.2107128
1714647872288, 2024-05-02T11:04:32.288Z, 373.95357900000005, 684.6500124
1714647872382, 2024-05-02T11:04:32.382Z, 323.3754836, 618.8744994
1714647872422, 2024-05-02T11:04:32.422Z, 267.7737746, 550.8016512
1714647872467, 2024-05-02T11:04:32.467Z, 216.49793880000001, 479.79307980000004
1714647872512, 2024-05-02T11:04:32.512Z, 160.80873300000002, 405.0545513999999
1714647872559, 2024-05-02T11:04:32.559Z, 109.21049520000001, 332.40671899999995
1714647872652, 2024-05-02T11:04:32.652Z, 98.48445219999999, 277.39406219999995
1714647872754, 2024-05-02T11:04:32.754Z, 84.336515, 219.89619120000003
1714647873313, 2024-05-02T11:04:33.313Z, 150.7089504, 225.3022406
1714647873324, 2024-05-02T11:04:33.324Z, 206.6926336, 237.8882858
1714647873357, 2024-05-02T11:04:33.357Z, 263.8519818, 252.26539899999997
1714647873410, 2024-05-02T11:04:33.410Z, 328.2876668, 315.5637688
1714647873425, 2024-05-02T11:04:33.425Z, 403.57257260000006, 386.05785619999995
1714647873461, 2024-05-02T11:04:33.461Z, 405.64552960000003, 397.4996886
1714647873487, 2024-05-02T11:04:33.487Z, 420.49617420000004, 406.5932548
1714647873519, 2024-05-02T11:04:33.519Z, 435.39982040000007, 416.277049
1714647873534, 2024-05-02T11:04:33.534Z, 450.43240720000006, 427.0354022
1714647873551, 2024-05-02T11:04:33.551Z, 465.82660020000003, 437.99105040000006
1714647873566, 2024-05-02T11:04:33.566Z, 474.54465760000005, 446.2009494
1714647873581, 2024-05-02T11:04:33.581Z, 483.3313018, 452.3552616
1714647873781, 2024-05-02T11:04:33.781Z, 446.47783, 437.8534006
1714647873812, 2024-05-02T11:04:33.812Z, 409.38306159999996, 416.2949952
1714647873823, 2024-05-02T11:04:33.823Z, 370.37857840000004, 393.96663440000003
1714647873852, 2024-05-02T11:04:33.852Z, 323.5144588, 365.87038739999997
1714647873868, 2024-05-02T11:04:33.868Z, 272.64089359999997, 333.753568
1714647873912, 2024-05-02T11:04:33.912Z, 264.070567, 317.29814939999994
1714647873945, 2024-05-02T11:04:33.945Z, 259.0850456, 307.6637534
1714647873960, 2024-05-02T11:04:33.960Z, 252.48838519999998, 297.540383
1714647873976, 2024-05-02T11:04:33.976Z, 269.456713, 301.197555
1714647873991, 2024-05-02T11:04:33.991Z, 313.3166242, 321.5827392
1714647874006, 2024-05-02T11:04:34.006Z, 365.38672859999997, 348.2101456
1714647874022, 2024-05-02T11:04:34.022Z, 414.358086, 374.25579600000003
1714647874038, 2024-05-02T11:04:34.038Z, 466.42435379999995, 401.31747920000004
1714647874055, 2024-05-02T11:04:34.055Z, 507.8390362, 422.31986960000006
1714647874072, 2024-05-02T11:04:34.072Z, 524.7722065999999, 431.03490339999996
1714647874087, 2024-05-02T11:04:34.087Z, 535.1027569999999, 434.07966319999997
1714647874099, 2024-05-02T11:04:34.099Z, 541.6059115999999, 434.8532984
1714647874117, 2024-05-02T11:04:34.117Z, 545.6729915999999, 433.50297960000006
1714647874133, 2024-05-02T11:04:34.133Z, 544.4730594, 428.0121808
1714647874146, 2024-05-02T11:04:34.146Z, 541.9388322, 421.4352282
1714647874162, 2024-05-02T11:04:34.162Z, 538.8032678, 413.4992956
1714647874178, 2024-05-02T11:04:34.178Z, 536.5864944000001, 404.0348774
1714647874208, 2024-05-02T11:04:34.208Z, 534.8105004, 392.4026378
1714647874223, 2024-05-02T11:04:34.223Z, 533.3338496, 380.32714580000004
1714647874234, 2024-05-02T11:04:34.234Z, 531.6433654, 367.85689560000003
1714647874252, 2024-05-02T11:04:34.252Z, 530.2970762, 358.508706
1714647874268, 2024-05-02T11:04:34.268Z, 529.0818302, 351.25759580000005
1714647874278, 2024-05-02T11:04:34.278Z, 527.66956, 348.6832178000001
1714647874297, 2024-05-02T11:04:34.297Z, 526.1040276, 348.63140100000004
1714647874313, 2024-05-02T11:04:34.313Z, 525.0047708, 348.2971372
1714647874329, 2024-05-02T11:04:34.329Z, 524.6603253999999, 349.77519540000003
1714647874359, 2024-05-02T11:04:34.359Z, 525.5115296000001, 352.4743824
1714647874369, 2024-05-02T11:04:34.369Z, 526.5108899999999, 353.6842648
1714647874387, 2024-05-02T11:04:34.387Z, 527.6682858, 356.023995
1714647874403, 2024-05-02T11:04:34.403Z, 538.5875056, 375.833905
1714647874414, 2024-05-02T11:04:34.414Z, 551.3167255999999, 402.41570740000003
1714647874432, 2024-05-02T11:04:34.432Z, 564.576146, 431.9974368
1714647874448, 2024-05-02T11:04:34.448Z, 579.7960716, 462.24327400000004
1714647874461, 2024-05-02T11:04:34.461Z, 595.099485, 492.5737928
1714647874477, 2024-05-02T11:04:34.477Z, 601.2021090000001, 505.9208938
1714647874505, 2024-05-02T11:04:34.505Z, 602.4197404, 515.1237745999999
1714647874522, 2024-05-02T11:04:34.522Z, 601.7033474, 520.2780274
1714647874538, 2024-05-02T11:04:34.538Z, 600.2104348, 522.9399602000001
1714647874554, 2024-05-02T11:04:34.554Z, 598.4016048, 524.2622662
1714647874571, 2024-05-02T11:04:34.571Z, 595.0225162, 526.7135682
1714647874586, 2024-05-02T11:04:34.586Z, 595.0068315999999, 523.8173576
1714647874601, 2024-05-02T11:04:34.601Z, 595.6026944, 520.3886182
1714647874617, 2024-05-02T11:04:34.617Z, 595.1532424, 519.9466121999999
1714647874632, 2024-05-02T11:04:34.632Z, 595.2223282, 518.5258008000001
1714647874658, 2024-05-02T11:04:34.658Z, 595.9462294, 516.5788464
1714647874673, 2024-05-02T11:04:34.673Z, 596.0954303999999, 515.1765304
1714647874683, 2024-05-02T11:04:34.683Z, 561.5805293999999, 518.0256816
1714647874718, 2024-05-02T11:04:34.718Z, 513.5274548, 518.2161404000001
1714647874728, 2024-05-02T11:04:34.728Z, 463.1857468, 520.9295704
1714647874763, 2024-05-02T11:04:34.763Z, 409.66242120000004, 521.2271826
1714647874773, 2024-05-02T11:04:34.773Z, 357.25846119999994, 524.2145004
1714647874809, 2024-05-02T11:04:34.809Z, 335.20023699999996, 525.8615436
1714647874819, 2024-05-02T11:04:34.819Z, 327.65292039999997, 529.0870305999999
1714647874853, 2024-05-02T11:04:34.853Z, 317.4891556, 527.2961693999999
1714647874868, 2024-05-02T11:04:34.868Z, 310.770579, 528.6678388
1714647874898, 2024-05-02T11:04:34.898Z, 301.11648159999993, 523.7601978
1714647874988, 2024-05-02T11:04:34.988Z, 280.9525648, 506.9426904
1714647875037, 2024-05-02T11:04:35.037Z, 252.9566288, 475.205941
1714647875067, 2024-05-02T11:04:35.067Z, 225.0220828, 445.77435660000003
1714647875082, 2024-05-02T11:04:35.082Z, 197.6086442, 416.0480146
1714647875108, 2024-05-02T11:04:35.108Z, 169.1470126, 390.24848940000004
1714647875123, 2024-05-02T11:04:35.123Z, 156.2771292, 375.11378759999997
1714647875152, 2024-05-02T11:04:35.152Z, 152.2629406, 378.992117
1714647875167, 2024-05-02T11:04:35.167Z, 156.44764519999998, 386.5229708
1714647875197, 2024-05-02T11:04:35.197Z, 162.59761980000002, 393.452359
1714647875303, 2024-05-02T11:04:35.303Z, 233.94226319999999, 392.15127999999993
1714647875335, 2024-05-02T11:04:35.335Z, 462.4797974, 346.12936239999993
1714647875364, 2024-05-02T11:04:35.364Z, 679.2436568, 304.5049614
1714647875380, 2024-05-02T11:04:35.380Z, 896.4700594, 258.0355856
1714647875422, 2024-05-02T11:04:35.422Z, 1103.6835858, 216.97475200000002
1714647875467, 2024-05-02T11:04:35.467Z, 1250.7857230000002, 181.402847
1714647875493, 2024-05-02T11:04:35.493Z, 1233.1393702, 190.64927500000002
1714647875512, 2024-05-02T11:04:35.512Z, 1226.1314686, 193.6383376
1714647875526, 2024-05-02T11:04:35.526Z, 1212.3198108000001, 205.329361
1714647875558, 2024-05-02T11:04:35.558Z, 1205.9192274000002, 216.09171299999997
1714647875572, 2024-05-02T11:04:35.572Z, 1195.3203283999999, 232.21490279999998
1714647875614, 2024-05-02T11:04:35.614Z, 1181.470478, 254.33953000000002
1714647875630, 2024-05-02T11:04:35.630Z, 1165.8018049999998, 280.443303
1714647875651, 2024-05-02T11:04:35.651Z, 1143.6762196, 305.4437906
1714647875666, 2024-05-02T11:04:35.666Z, 1042.9035686, 353.318001
1714647875711, 2024-05-02T11:04:35.711Z, 912.27142, 410.0452354
1714647875740, 2024-05-02T11:04:35.740Z, 771.1139528000001, 455.3780374
1714647875756, 2024-05-02T11:04:35.756Z, 628.014578, 493.313537
1714647875788, 2024-05-02T11:04:35.788Z, 485.6138674, 523.4844108
1714647875802, 2024-05-02T11:04:35.802Z, 414.2362704, 522.8294538
1714647875888, 2024-05-02T11:04:35.888Z, 348.8381366, 504.01038340000014
1714647875899, 2024-05-02T11:04:35.899Z, 299.48309559999996, 488.17728159999996
1714647875933, 2024-05-02T11:04:35.933Z, 227.9655402, 459.1731644
1714647875979, 2024-05-02T11:04:35.979Z, 159.9043506, 435.6492268
1714647876023, 2024-05-02T11:04:36.023Z, 94.87151500000002, 417.59529460000005
1714647876069, 2024-05-02T11:04:36.069Z, 55.75677320000001, 407.035734
1714647876083, 2024-05-02T11:04:36.083Z, 19.616652, 399.1448708
1714647876114, 2024-05-02T11:04:36.114Z, 15.633959199999998, 408.4932628
1714647876161, 2024-05-02T11:04:36.161Z, 16.648608000000003, 412.9825726
1714647876192, 2024-05-02T11:04:36.192Z, 27.8399544, 410.4312128
1714647876207, 2024-05-02T11:04:36.207Z, 41.8753348, 409.9614858
1714647876238, 2024-05-02T11:04:36.238Z, 63.220657200000005, 408.4317564
1714647876253, 2024-05-02T11:04:36.253Z, 81.58354, 406.2009262
1714647876285, 2024-05-02T11:04:36.285Z, 103.151178, 407.37958879999996
1714647876322, 2024-05-02T11:04:36.322Z, 129.79012939999998, 418.29068019999994
1714647876339, 2024-05-02T11:04:36.339Z, 152.65349959999998, 429.6750254
1714647876354, 2024-05-02T11:04:36.354Z, 169.975903, 439.82308600000005
1714647876379, 2024-05-02T11:04:36.379Z, 183.6060776, 448.7229128
1714647876395, 2024-05-02T11:04:36.395Z, 199.257553, 474.2262336
1714647876413, 2024-05-02T11:04:36.413Z, 204.0460818, 492.632238
1714647876430, 2024-05-02T11:04:36.430Z, 214.2042868, 508.7665008
1714647876460, 2024-05-02T11:04:36.460Z, 226.72531859999998, 516.5410863999999
1714647876474, 2024-05-02T11:04:36.474Z, 241.4066522, 526.6151418000001
1714647876506, 2024-05-02T11:04:36.506Z, 251.16350460000004, 516.1189516000001
1714647876524, 2024-05-02T11:04:36.524Z, 260.7299482, 502.8475356
1714647876553, 2024-05-02T11:04:36.553Z, 265.3297676, 486.4908066
1714647876569, 2024-05-02T11:04:36.569Z, 267.62402039999995, 478.79047019999996
1714647876610, 2024-05-02T11:04:36.610Z, 267.7871048, 467.33255280000003
1714647876637, 2024-05-02T11:04:36.637Z, 268.05727679999995, 462.1207828
1714647876653, 2024-05-02T11:04:36.653Z, 268.3718452, 461.058126
1714647876685, 2024-05-02T11:04:36.685Z, 269.090621, 463.2788886
1714647876703, 2024-05-02T11:04:36.703Z, 268.9128614, 465.4858252
1714647876776, 2024-05-02T11:04:36.776Z, 268.66589780000004, 454.95095819999995
1714647876788, 2024-05-02T11:04:36.788Z, 268.7008414, 438.4633242
1714647876833, 2024-05-02T11:04:36.833Z, 277.5960481999999, 394.790618
1714647876863, 2024-05-02T11:04:36.863Z, 284.0285646, 350.4978604
1714647876878, 2024-05-02T11:04:36.878Z, 290.5002434, 307.0632098
1714647876925, 2024-05-02T11:04:36.925Z, 296.94320319999997, 278.1470992
1714647876971, 2024-05-02T11:04:36.971Z, 304.32270159999996, 254.40912199999997
1714647877018, 2024-05-02T11:04:37.018Z, 302.9461666, 258.4005024
1714647877059, 2024-05-02T11:04:37.059Z, 285.37982780000004, 266.96159240000003
1714647877103, 2024-05-02T11:04:37.103Z, 269.3560666, 274.7536552
1714647877132, 2024-05-02T11:04:37.132Z, 253.93584959999998, 281.5838842
1714647877148, 2024-05-02T11:04:37.148Z, 281.385862, 284.1486024
1714647877177, 2024-05-02T11:04:37.177Z, 324.3964744, 287.9048582
1714647877222, 2024-05-02T11:04:37.222Z, 389.282548, 289.51340319999997
1714647877238, 2024-05-02T11:04:37.238Z, 453.63452880000006, 292.158114
1714647877267, 2024-05-02T11:04:37.267Z, 518.9500968, 294.84475380000003
1714647877283, 2024-05-02T11:04:37.283Z, 540.5987876, 297.6109356
1714647877314, 2024-05-02T11:04:37.314Z, 541.0593302, 292.4427122
1714647877330, 2024-05-02T11:04:37.330Z, 537.547421, 282.9263288
1714647877358, 2024-05-02T11:04:37.358Z, 532.2084861999999, 271.6207392
1714647877378, 2024-05-02T11:04:37.378Z, 525.2402652, 260.465022
1714647877407, 2024-05-02T11:04:37.407Z, 515.4692986000001, 248.65741039999997
1714647877422, 2024-05-02T11:04:37.422Z, 511.4884634, 243.29931440000001
1714647877453, 2024-05-02T11:04:37.453Z, 508.17620560000006, 241.0634756
1714647877468, 2024-05-02T11:04:37.468Z, 506.16749980000003, 240.17063979999998
1714647877515, 2024-05-02T11:04:37.515Z, 504.1490256, 237.58085780000002
1714647877546, 2024-05-02T11:04:37.546Z, 503.69049079999996, 235.81884340000002
1714647877562, 2024-05-02T11:04:37.562Z, 501.63481420000005, 235.39379119999998
1714647877608, 2024-05-02T11:04:37.608Z, 442.99418319999995, 246.1277314
1714647877657, 2024-05-02T11:04:37.657Z, 379.19547780000005, 260.8204982
1714647877688, 2024-05-02T11:04:37.688Z, 314.1324578, 278.2203432
1714647877733, 2024-05-02T11:04:37.733Z, 245.72358999999997, 296.5278428
1714647877748, 2024-05-02T11:04:37.748Z, 180.07390500000002, 314.0022494
1714647877779, 2024-05-02T11:04:37.779Z, 173.5772236, 320.9341834
1714647877824, 2024-05-02T11:04:37.824Z, 171.466477, 322.6035438
1714647877868, 2024-05-02T11:04:37.868Z, 168.77718, 321.558289
1714647877913, 2024-05-02T11:04:37.913Z, 169.4820374, 320.49001560000005
1714647877960, 2024-05-02T11:04:37.960Z, 181.30853580000002, 314.3770248000001
1714647877987, 2024-05-02T11:04:37.987Z, 188.60795059999998, 309.47182519999996
1714647878004, 2024-05-02T11:04:38.004Z, 197.4554266, 302.4782718
1714647878014, 2024-05-02T11:04:38.014Z, 207.92496179999998, 298.7974266
1714647878035, 2024-05-02T11:04:38.035Z, 220.3849224, 299.5163002
1714647878048, 2024-05-02T11:04:38.048Z, 222.00755279999998, 304.5260176
1714647878077, 2024-05-02T11:04:38.077Z, 229.55931099999998, 314.638097
1714647878122, 2024-05-02T11:04:38.122Z, 238.88595100000003, 331.8580882
1714647878138, 2024-05-02T11:04:38.138Z, 250.4159464, 347.5360356
1714647878169, 2024-05-02T11:04:38.169Z, 289.99177799999995, 362.4841952
1714647878185, 2024-05-02T11:04:38.185Z, 326.3917586, 374.6451218
1714647878216, 2024-05-02T11:04:38.216Z, 362.84245020000003, 376.4038236
1714647878232, 2024-05-02T11:04:38.232Z, 398.5754818, 369.6396172
1714647878258, 2024-05-02T11:04:38.258Z, 433.83009760000004, 360.8837982
1714647878273, 2024-05-02T11:04:38.273Z, 437.1391304, 347.9923468
1714647878319, 2024-05-02T11:04:38.319Z, 416.32288659999995, 329.7457368
1714647878329, 2024-05-02T11:04:38.329Z, 384.39488680000005, 303.6712454
1714647878363, 2024-05-02T11:04:38.363Z, 365.5606272, 298.517796
1714647878409, 2024-05-02T11:04:38.409Z, 340.0011458, 291.2031518
1714647878453, 2024-05-02T11:04:38.453Z, 301.57214680000004, 285.2917352
1714647878498, 2024-05-02T11:04:38.498Z, 290.1662286, 289.6832386
1714647878509, 2024-05-02T11:04:38.509Z, 285.8150924, 304.9068272
1714647878589, 2024-05-02T11:04:38.589Z, 273.68404580000004, 327.00052199999993
1714647878617, 2024-05-02T11:04:38.617Z, 282.0522972, 391.0961526
1714647878633, 2024-05-02T11:04:38.633Z, 298.3201616, 438.87287260000005
1714647878665, 2024-05-02T11:04:38.665Z, 318.2483876, 497.0084562
1714647878679, 2024-05-02T11:04:38.679Z, 339.5569916, 557.3092752
1714647878708, 2024-05-02T11:04:38.708Z, 353.07204800000005, 594.4235634
1714647878723, 2024-05-02T11:04:38.723Z, 350.737657, 591.4318767999999
1714647878752, 2024-05-02T11:04:38.752Z, 356.3328912, 606.0508444
1714647878768, 2024-05-02T11:04:38.768Z, 356.831692, 606.8433558
1714647878779, 2024-05-02T11:04:38.779Z, 359.58106519999995, 603.8678871999999
1714647878797, 2024-05-02T11:04:38.797Z, 363.57591, 601.4189846
1714647878813, 2024-05-02T11:04:38.813Z, 370.031167, 594.3114188000001
1714647878824, 2024-05-02T11:04:38.824Z, 376.4925518, 586.7576004
1714647878859, 2024-05-02T11:04:38.859Z, 383.06086880000004, 579.1194798
1714647878873, 2024-05-02T11:04:38.873Z, 386.505307, 573.9321951999999
1714647878887, 2024-05-02T11:04:38.887Z, 389.58091900000005, 568.142908
1714647878903, 2024-05-02T11:04:38.903Z, 391.1385344, 565.3929284
1714647878914, 2024-05-02T11:04:38.914Z, 392.2527998, 562.5748083999999
1714647878948, 2024-05-02T11:04:38.948Z, 391.6017696, 557.2353793999999
1714647878959, 2024-05-02T11:04:38.959Z, 390.82894220000003, 551.7553684
1714647878977, 2024-05-02T11:04:38.977Z, 389.527632, 545.7052374
1714647879005, 2024-05-02T11:04:39.005Z, 386.74546040000007, 541.686848
1714647879026, 2024-05-02T11:04:39.026Z, 387.4488056, 547.1276044
1714647879038, 2024-05-02T11:04:39.038Z, 389.02292479999994, 555.3639746
1714647879083, 2024-05-02T11:04:39.083Z, 365.11900259999993, 524.0934824
1714647879128, 2024-05-02T11:04:39.128Z, 332.9655906, 461.30323560000005
1714647879174, 2024-05-02T11:04:39.174Z, 297.31936179999997, 385.1670354
1714647879221, 2024-05-02T11:04:39.221Z, 257.6727868, 298.38235679999997
1714647879267, 2024-05-02T11:04:39.267Z, 217.69405420000004, 212.34184340000002
1714647879308, 2024-05-02T11:04:39.308Z, 213.16386240000003, 163.0360428
1714647879352, 2024-05-02T11:04:39.352Z, 220.29901720000004, 145.095615
1714647879407, 2024-05-02T11:04:39.407Z, 232.3560688, 141.85150400000003
1714647879472, 2024-05-02T11:04:39.472Z, 254.0114514, 149.31503760000004
1714647879487, 2024-05-02T11:04:39.487Z, 283.20520759999994, 155.2123606
1714647879517, 2024-05-02T11:04:39.517Z, 311.245815, 162.6856386
1714647879533, 2024-05-02T11:04:39.533Z, 336.98356219999994, 171.01013240000003
1714647879563, 2024-05-02T11:04:39.563Z, 364.5532112, 184.5041976
1714647879579, 2024-05-02T11:04:39.579Z, 383.4920852, 185.8319478
1714647879608, 2024-05-02T11:04:39.608Z, 397.54686879999997, 192.8948886
1714647879622, 2024-05-02T11:04:39.622Z, 403.1116414, 202.1532798
1714647879651, 2024-05-02T11:04:39.651Z, 407.9088206, 211.45388000000003
1714647879667, 2024-05-02T11:04:39.667Z, 410.70314900000005, 214.89389139999997
1714647879696, 2024-05-02T11:04:39.696Z, 412.1011734, 219.83302880000002
1714647879712, 2024-05-02T11:04:39.712Z, 410.08677480000006, 219.62260500000002
1714647879758, 2024-05-02T11:04:39.758Z, 396.13941719999997, 215.0006836
1714647879802, 2024-05-02T11:04:39.802Z, 375.204828, 207.9021214
1714647879847, 2024-05-02T11:04:39.847Z, 354.8037994, 202.6439858
1714647879983, 2024-05-02T11:04:39.983Z, 301.8781398, 188.8226252
1714647880122, 2024-05-02T11:04:40.122Z, 266.7612208, 185.6161184
1714647880165, 2024-05-02T11:04:40.165Z, 242.6086886, 179.0151816
1714647880210, 2024-05-02T11:04:40.210Z, 209.1050248, 181.5537264
1714647880253, 2024-05-02T11:04:40.253Z, 163.5800902, 177.49550760000002
1714647880298, 2024-05-02T11:04:40.298Z, 150.6442804, 177.69087000000002
1714647880388, 2024-05-02T11:04:40.388Z, 122.55051739999999, 167.82407419999998
1714647880435, 2024-05-02T11:04:40.435Z, 99.4562852, 173.6686512
1714647880482, 2024-05-02T11:04:40.482Z, 92.0065716, 170.68293799999998
1714647880523, 2024-05-02T11:04:40.523Z, 95.814788, 172.64422199999998
1714647880568, 2024-05-02T11:04:40.568Z, 108.5085096, 192.710089
1714647880618, 2024-05-02T11:04:40.618Z, 121.6313332, 214.84281879999997
1714647880658, 2024-05-02T11:04:40.658Z, 128.2764548, 222.8360024
1714647880703, 2024-05-02T11:04:40.703Z, 137.0753918, 235.4004692
1714647880748, 2024-05-02T11:04:40.748Z, 146.46807520000002, 251.0686698
1714647880777, 2024-05-02T11:04:40.777Z, 147.16981959999998, 252.1377782
1714647880822, 2024-05-02T11:04:40.822Z, 241.613789, 261.7506614
1714647880838, 2024-05-02T11:04:40.838Z, 363.574655, 272.7258214
1714647880867, 2024-05-02T11:04:40.867Z, 486.9334968, 282.8244818
1714647880882, 2024-05-02T11:04:40.882Z, 702.2786092, 279.4671984
1714647880958, 2024-05-02T11:04:40.958Z, 941.6957848000002, 270.7103322
1714647880973, 2024-05-02T11:04:40.973Z, 1078.2747578, 268.10695799999996
1714647881002, 2024-05-02T11:04:41.002Z, 1190.1248678, 266.5203802
1714647881018, 2024-05-02T11:04:41.018Z, 1297.939183, 268.7595456
1714647881047, 2024-05-02T11:04:41.047Z, 1310.1437522, 279.21764700000006
1714647881063, 2024-05-02T11:04:41.063Z, 1299.2013015999999, 294.0189452
1714647881113, 2024-05-02T11:04:41.113Z, 1301.692528, 277.1361624
1714647881148, 2024-05-02T11:04:41.148Z, 1307.177233, 260.4603232
1714647881164, 2024-05-02T11:04:41.164Z, 1319.7225916, 226.897001
1714647881196, 2024-05-02T11:04:41.196Z, 1337.1550940000002, 198.721828
1714647881211, 2024-05-02T11:04:41.211Z, 1357.8690872000002, 162.24142020000002
1714647881229, 2024-05-02T11:04:41.229Z, 1374.8284816, 144.72517
1714647881273, 2024-05-02T11:04:41.273Z, 1387.5191231999997, 133.0459646
1714647881289, 2024-05-02T11:04:41.289Z, 1392.1568976, 136.2885768
1714647881320, 2024-05-02T11:04:41.320Z, 1390.5456484000001, 140.18703999999997
1714647881338, 2024-05-02T11:04:41.338Z, 1383.1660574000002, 152.07542599999996
1714647881367, 2024-05-02T11:04:41.367Z, 1374.1753949999998, 161.3365894
1714647881382, 2024-05-02T11:04:41.382Z, 1366.2450821999998, 169.7011638
1714647881409, 2024-05-02T11:04:41.409Z, 1359.7255762, 174.8164854
1714647881429, 2024-05-02T11:04:41.429Z, 1358.1639204, 177.2340208
1714647881459, 2024-05-02T11:04:41.459Z, 1358.8839168, 181.1501326
1714647881474, 2024-05-02T11:04:41.474Z, 1359.9064886, 184.0027712
1714647881506, 2024-05-02T11:04:41.506Z, 1360.9123206, 183.12691440000003
1714647881522, 2024-05-02T11:04:41.522Z, 1362.3992125999998, 182.1320724
1714647881560, 2024-05-02T11:04:41.560Z, 1363.6848439999999, 181.79163060000002
1714647881593, 2024-05-02T11:04:41.593Z, 1364.839719, 182.8523784
1714647881609, 2024-05-02T11:04:41.609Z, 1364.7506614, 183.5107682
1714647881646, 2024-05-02T11:04:41.646Z, 1364.0521692, 184.600169
1714647881662, 2024-05-02T11:04:41.662Z, 1363.8411798000002, 186.5064852
1714647881678, 2024-05-02T11:04:41.678Z, 1363.2898422, 188.0611718
1714647881723, 2024-05-02T11:04:41.723Z, 1362.4487062, 189.12718519999999
1714647881738, 2024-05-02T11:04:41.738Z, 1362.5241646, 191.71373359999998
1714647881767, 2024-05-02T11:04:41.767Z, 1362.2529856, 195.2297444
1714647881783, 2024-05-02T11:04:41.783Z, 1361.2934414000001, 197.680546
1714647881813, 2024-05-02T11:04:41.813Z, 1360.9704394, 199.28767620000002
1714647881859, 2024-05-02T11:04:41.859Z, 1371.304482, 200.335878
1714647881873, 2024-05-02T11:04:41.873Z, 1379.9711142, 201.1571782
1714647881903, 2024-05-02T11:04:41.903Z, 1407.7253273999997, 196.6863772
1714647881918, 2024-05-02T11:04:41.918Z, 1444.3617081999998, 191.0948278
1714647881948, 2024-05-02T11:04:41.948Z, 1482.6757552, 185.74795120000002
1714647882037, 2024-05-02T11:04:42.037Z, 1500.4346322, 177.3497676
1714647882082, 2024-05-02T11:04:42.082Z, 1502.4888632, 180.6912406
1714647882130, 2024-05-02T11:04:42.130Z, 1486.4159553999998, 186.997246
1714647882173, 2024-05-02T11:04:42.173Z, 1453.5982534, 195.3894662
1714647882188, 2024-05-02T11:04:42.188Z, 1414.8847748, 201.8814198
1714647882218, 2024-05-02T11:04:42.218Z, 1385.5137264, 211.10805139999997
1714647882262, 2024-05-02T11:04:42.262Z, 1373.8775446000002, 207.0782134
1714647882278, 2024-05-02T11:04:42.278Z, 1360.9597486, 205.07087940000002
1714647882313, 2024-05-02T11:04:42.313Z, 1356.2782814000002, 201.50767560000003
1714647882331, 2024-05-02T11:04:42.331Z, 1355.4737684000002, 198.3144704
1714647882361, 2024-05-02T11:04:42.361Z, 1354.3428681999999, 195.67756359999998
1714647882376, 2024-05-02T11:04:42.376Z, 1352.2106612, 195.615903
1714647882407, 2024-05-02T11:04:42.407Z, 1351.009707, 193.6442376
1714647882423, 2024-05-02T11:04:42.423Z, 1350.2213352, 192.4706564
1714647882462, 2024-05-02T11:04:42.462Z, 1349.7615068, 191.686625
1714647882488, 2024-05-02T11:04:42.488Z, 1350.9654162000002, 190.2139052
1714647882504, 2024-05-02T11:04:42.504Z, 1352.9831446, 187.645579
1714647882537, 2024-05-02T11:04:42.537Z, 1354.8136769999999, 185.8120304
1714647882564, 2024-05-02T11:04:42.564Z, 1356.2898025999998, 183.89015439999997
1714647882579, 2024-05-02T11:04:42.579Z, 1357.3512919999998, 182.81924679999997
1714647882623, 2024-05-02T11:04:42.623Z, 1358.5309684000001, 181.70566119999998
1714647882638, 2024-05-02T11:04:42.638Z, 1360.5273320000001, 180.11104039999998
1714647882668, 2024-05-02T11:04:42.668Z, 1362.7468856, 178.8150238
1714647882682, 2024-05-02T11:04:42.682Z, 1365.7216306, 177.63670539999998
1714647882712, 2024-05-02T11:04:42.712Z, 1367.9338576000002, 177.2075742
1714647882758, 2024-05-02T11:04:42.758Z, 1366.1794018, 185.3203924
1714647882773, 2024-05-02T11:04:42.773Z, 1360.840944, 209.519473
1714647882938, 2024-05-02T11:04:42.938Z, 1381.9285134000002, 201.9512762
1714647882954, 2024-05-02T11:04:42.954Z, 1398.6948236, 196.5969934
1714647882985, 2024-05-02T11:04:42.985Z, 1414.2969062, 196.8758286
1714647883032, 2024-05-02T11:04:43.032Z, 1431.6104848, 189.4629598
1714647883073, 2024-05-02T11:04:43.073Z, 1448.308096, 170.07387899999998
1714647883088, 2024-05-02T11:04:43.088Z, 1439.6647616, 180.654355
1714647883118, 2024-05-02T11:04:43.118Z, 1433.237761, 191.267918
1714647883163, 2024-05-02T11:04:43.163Z, 1426.9786998, 196.28678859999997
1714647883178, 2024-05-02T11:04:43.178Z, 1421.2022356, 201.0070902
1714647883210, 2024-05-02T11:04:43.210Z, 1376.8916502, 275.792828
1714647883235, 2024-05-02T11:04:43.235Z, 1355.9282928, 296.10615540000003
1714647883253, 2024-05-02T11:04:43.253Z, 1339.3635634, 308.1556404
1714647883281, 2024-05-02T11:04:43.281Z, 1329.0682476, 316.155218
1714647883297, 2024-05-02T11:04:43.297Z, 1329.0960559999999, 309.19819020000006
1714647883328, 2024-05-02T11:04:43.328Z, 1370.5915952, 228.38008380000002
1714647883387, 2024-05-02T11:04:43.387Z, 1385.8952694, 199.30131479999997
1714647883403, 2024-05-02T11:04:43.403Z, 1398.5280903999997, 176.23610679999996
1714647883433, 2024-05-02T11:04:43.433Z, 1407.2675198, 157.9238972
1714647883448, 2024-05-02T11:04:43.448Z, 1408.4349876, 156.4269236
1714647883478, 2024-05-02T11:04:43.478Z, 1409.9330274, 155.4748222
1714647883523, 2024-05-02T11:04:43.523Z, 1413.6171888000001, 161.8829278
1714647883538, 2024-05-02T11:04:43.538Z, 1416.8628014, 168.9259964
1714647883568, 2024-05-02T11:04:43.568Z, 1419.2468575999999, 178.1078158
1714647883613, 2024-05-02T11:04:43.613Z, 1414.5448928, 198.5990272
1714647883632, 2024-05-02T11:04:43.632Z, 1409.5443301999999, 216.2683126
1714647883660, 2024-05-02T11:04:43.660Z, 1399.232045, 241.40905779999997
1714647883673, 2024-05-02T11:04:43.673Z, 1387.186189, 267.58459159999995
1714647883702, 2024-05-02T11:04:43.702Z, 1375.7138372000002, 290.74958639999994
1714647883733, 2024-05-02T11:04:43.733Z, 1369.2865868000001, 301.9361098
1714647883749, 2024-05-02T11:04:43.749Z, 1362.5706280000002, 314.24935899999997
1714647883765, 2024-05-02T11:04:43.765Z, 1359.9109582, 316.3704858
1714647883811, 2024-05-02T11:04:43.811Z, 1357.7731356, 315.735241
1714647883842, 2024-05-02T11:04:43.842Z, 1354.4488126, 315.50631379999993
1714647883859, 2024-05-02T11:04:43.859Z, 1351.2095912, 314.36436059999994
1714647883890, 2024-05-02T11:04:43.890Z, 1348.2098302000002, 314.7623466
1714647883906, 2024-05-02T11:04:43.906Z, 1345.6588014000001, 315.0950472
1714647883937, 2024-05-02T11:04:43.937Z, 1345.009528, 316.91973040000005
1714647883977, 2024-05-02T11:04:43.977Z, 1345.552775, 318.326588
1714647883999, 2024-05-02T11:04:43.999Z, 1346.1977524, 319.1344206
1714647884031, 2024-05-02T11:04:44.031Z, 1347.3273288, 317.7787334
1714647884046, 2024-05-02T11:04:44.046Z, 1348.0936625999998, 315.6025288
1714647884078, 2024-05-02T11:04:44.078Z, 1346.41186, 313.8547908
1714647884093, 2024-05-02T11:04:44.093Z, 1344.4549766000002, 311.76814939999997
1714647884112, 2024-05-02T11:04:44.112Z, 1341.8956824000002, 306.742597
1714647884125, 2024-05-02T11:04:44.125Z, 1340.2074352, 304.030966
1714647884157, 2024-05-02T11:04:44.157Z, 1339.00428, 301.95520780000004
1714647884172, 2024-05-02T11:04:44.172Z, 1339.3108068000001, 298.8935394
1714647884203, 2024-05-02T11:04:44.203Z, 1337.8643814000002, 296.371882
1714647884218, 2024-05-02T11:04:44.218Z, 1336.5814224, 296.84304340000006
1714647884262, 2024-05-02T11:04:44.262Z, 1331.8393658, 299.41419460000003
1714647884290, 2024-05-02T11:04:44.290Z, 1321.0270172, 300.62180180000007
1714647884306, 2024-05-02T11:04:44.306Z, 1306.6009972, 300.29201780000005
1714647884343, 2024-05-02T11:04:44.343Z, 1283.0452392, 295.4803544
1714647884389, 2024-05-02T11:04:44.389Z, 1259.9609581999998, 291.23429159999995
1714647884436, 2024-05-02T11:04:44.436Z, 1239.0718223999997, 283.7632532
1714647884452, 2024-05-02T11:04:44.452Z, 1224.3241724, 277.1890892
1714647884483, 2024-05-02T11:04:44.483Z, 1212.379786, 272.156344
1714647884497, 2024-05-02T11:04:44.497Z, 1210.5334159999998, 271.0679466
1714647884529, 2024-05-02T11:04:44.529Z, 1208.9208638, 269.77568540000004
1714647884578, 2024-05-02T11:04:44.578Z, 1206.4987548000001, 268.0567312
1714647884592, 2024-05-02T11:04:44.592Z, 1204.088291, 267.115301
1714647884608, 2024-05-02T11:04:44.608Z, 1200.2621961999998, 270.3482812
1714647884623, 2024-05-02T11:04:44.623Z, 1197.8989, 274.7783306
1714647884655, 2024-05-02T11:04:44.655Z, 1194.1208631999998, 280.91178040000005
1714647884711, 2024-05-02T11:04:44.711Z, 1187.5013184, 304.17871440000005
1714647884740, 2024-05-02T11:04:44.740Z, 1180.0230951999997, 327.2546618
1714647884755, 2024-05-02T11:04:44.755Z, 1174.5366677999998, 346.5302254
1714647884795, 2024-05-02T11:04:44.795Z, 1167.7414999999999, 364.8891862
1714647884810, 2024-05-02T11:04:44.810Z, 1162.8122749999998, 381.37915519999996
1714647884844, 2024-05-02T11:04:44.844Z, 1167.8124386, 381.34979119999997
1714647884874, 2024-05-02T11:04:44.874Z, 1179.9814794, 381.463135
1714647884890, 2024-05-02T11:04:44.890Z, 1204.7477516, 380.61582280000005
1714647884921, 2024-05-02T11:04:44.921Z, 1236.3282477999999, 380.29302440000004
1714647884937, 2024-05-02T11:04:44.937Z, 1271.0762192, 379.83728920000004
1714647884968, 2024-05-02T11:04:44.968Z, 1300.2128748, 379.5688302
1714647884983, 2024-05-02T11:04:44.983Z, 1322.6129846, 379.51566140000006
1714647885009, 2024-05-02T11:04:45.009Z, 1332.587784, 380.553257
1714647885024, 2024-05-02T11:04:45.024Z, 1336.3140932000001, 382.129797
1714647885053, 2024-05-02T11:04:45.053Z, 1332.7543868, 385.2419186
1714647885072, 2024-05-02T11:04:45.072Z, 1328.7295096, 388.53939280000003
1714647885105, 2024-05-02T11:04:45.105Z, 1317.8021919999999, 391.0998928
1714647885121, 2024-05-02T11:04:45.121Z, 1302.9769614, 391.5011908
1714647885159, 2024-05-02T11:04:45.159Z, 1289.0343218, 391.4240290000001
1714647885187, 2024-05-02T11:04:45.187Z, 1272.224834, 388.2394002
1714647885202, 2024-05-02T11:04:45.202Z, 1255.6930418, 385.5546784
1714647885232, 2024-05-02T11:04:45.232Z, 1247.4660312, 385.1311588
1714647885250, 2024-05-02T11:04:45.250Z, 1243.791383, 384.02589520000004
1714647885290, 2024-05-02T11:04:45.290Z, 1238.1591311999998, 382.4432374
1714647885322, 2024-05-02T11:04:45.322Z, 1239.2892212000002, 385.7312764
1714647885353, 2024-05-02T11:04:45.353Z, 1242.426998, 388.739896
1714647885369, 2024-05-02T11:04:45.369Z, 1247.8921628, 389.5160232
1714647885385, 2024-05-02T11:04:45.385Z, 1264.7966628, 389.418434
1714647885416, 2024-05-02T11:04:45.416Z, 1286.1569488, 389.8036628
1714647885433, 2024-05-02T11:04:45.433Z, 1312.2981958, 388.002918
1714647885458, 2024-05-02T11:04:45.458Z, 1342.1036694, 387.0496106
1714647885473, 2024-05-02T11:04:45.473Z, 1367.9780741999998, 388.1007854
1714647885502, 2024-05-02T11:04:45.502Z, 1381.8502468, 391.7759966
1714647885517, 2024-05-02T11:04:45.517Z, 1392.3467529999998, 394.6384076
1714647885547, 2024-05-02T11:04:45.547Z, 1398.0387456, 396.52953779999996
1714647885562, 2024-05-02T11:04:45.562Z, 1398.1222552000002, 397.0685678
1714647885615, 2024-05-02T11:04:45.615Z, 1400.0259254, 395.032205
1714647885637, 2024-05-02T11:04:45.637Z, 1400.0956456, 393.528901
1714647885658, 2024-05-02T11:04:45.658Z, 1399.4080468, 392.3779112
1714647885665, 2024-05-02T11:04:45.665Z, 1367.0754644, 395.49434540000004
1714647885682, 2024-05-02T11:04:45.682Z, 1337.9995973999999, 399.2459854
1714647885702, 2024-05-02T11:04:45.702Z, 1315.0158482000002, 403.68610900000004
1714647885728, 2024-05-02T11:04:45.728Z, 1290.2600108, 408.1166648
1714647885777, 2024-05-02T11:04:45.777Z, 1242.2556072, 415.0199004
1714647885790, 2024-05-02T11:04:45.790Z, 1224.1194112, 421.30139820000005
1714647885821, 2024-05-02T11:04:45.821Z, 1197.4148327999999, 425.58124899999996
1714647885836, 2024-05-02T11:04:45.836Z, 1163.0313030000002, 430.69540440000003
1714647885867, 2024-05-02T11:04:45.867Z, 1129.4163915999998, 435.9173416
1714647885882, 2024-05-02T11:04:45.882Z, 1119.1173858, 436.9758046
1714647885908, 2024-05-02T11:04:45.908Z, 1108.6367948, 433.4246529999999
1714647885922, 2024-05-02T11:04:45.922Z, 1102.664308, 431.43637899999993
1714647885952, 2024-05-02T11:04:45.952Z, 1097.2769182, 428.5240292
1714647885967, 2024-05-02T11:04:45.967Z, 1095.1896266, 424.8400398
1714647885997, 2024-05-02T11:04:45.997Z, 1093.9897348, 423.3211636
1714647886012, 2024-05-02T11:04:46.012Z, 1094.3745738000002, 422.36815459999997
1714647886058, 2024-05-02T11:04:46.058Z, 1094.5631666000002, 419.85517680000004
1714647886087, 2024-05-02T11:04:46.087Z, 1091.8349166000003, 418.14776839999996
1714647886102, 2024-05-02T11:04:46.102Z, 1087.8882824, 416.73006719999995
1714647886132, 2024-05-02T11:04:46.132Z, 1082.698187, 414.31501099999997
1714647886163, 2024-05-02T11:04:46.163Z, 1077.5841294000002, 412.3124368
1714647886180, 2024-05-02T11:04:46.180Z, 1074.1677305999997, 412.56756320000005
1714647886223, 2024-05-02T11:04:46.223Z, 1072.3936484, 412.3529482
1714647886238, 2024-05-02T11:04:46.238Z, 1070.9228249999999, 412.61432320000006
1714647886268, 2024-05-02T11:04:46.268Z, 992.689761, 390.57697399999995
1714647886283, 2024-05-02T11:04:46.283Z, 878.8019477999999, 360.0222276
1714647886313, 2024-05-02T11:04:46.313Z, 770.2083222, 329.9933528
1714647886328, 2024-05-02T11:04:46.328Z, 671.2781406, 301.648692
1714647886358, 2024-05-02T11:04:46.358Z, 528.7197516, 261.0480208
1714647886372, 2024-05-02T11:04:46.372Z, 465.3543146, 244.3760732
1714647886402, 2024-05-02T11:04:46.402Z, 439.04525300000006, 238.7021952
1714647886417, 2024-05-02T11:04:46.417Z, 406.35413860000006, 230.5372974
1714647886447, 2024-05-02T11:04:46.447Z, 366.1695958, 224.220818
1714647886508, 2024-05-02T11:04:46.508Z, 385.18065859999996, 229.96282380000002
1714647886537, 2024-05-02T11:04:46.537Z, 417.395291, 231.5292042
1714647886552, 2024-05-02T11:04:46.552Z, 457.3361392, 230.0287186
1714647886582, 2024-05-02T11:04:46.582Z, 497.71220000000005, 229.85074020000002
1714647886602, 2024-05-02T11:04:46.602Z, 537.2734763999999, 226.8566166
1714647886630, 2024-05-02T11:04:46.630Z, 560.5906692000001, 222.9879112
1714647886673, 2024-05-02T11:04:46.673Z, 568.1482424, 221.06045639999996
1714647886688, 2024-05-02T11:04:46.688Z, 568.4478392, 220.3867874
1714647886717, 2024-05-02T11:04:46.717Z, 571.135552, 221.490951
1714647886733, 2024-05-02T11:04:46.733Z, 582.4227428, 228.3571414
1714647886767, 2024-05-02T11:04:46.767Z, 676.9372836, 271.9158284
1714647886777, 2024-05-02T11:04:46.777Z, 787.5413378, 320.24920719999994
1714647886809, 2024-05-02T11:04:46.809Z, 898.3641501999998, 368.57031399999994
1714647886822, 2024-05-02T11:04:46.822Z, 1007.9734857999999, 415.6129406
1714647886852, 2024-05-02T11:04:46.852Z, 1110.6236268, 455.32265440000003
1714647886867, 2024-05-02T11:04:46.867Z, 1130.9808170000001, 458.1792292
1714647886897, 2024-05-02T11:04:46.897Z, 1136.4023738, 451.38667219999996
1714647886958, 2024-05-02T11:04:46.958Z, 1143.248763, 444.1756388
1714647886987, 2024-05-02T11:04:46.987Z, 1149.1477254000001, 436.2673916
1714647887003, 2024-05-02T11:04:47.003Z, 1153.1376124, 429.6915467999999
1714647887035, 2024-05-02T11:04:47.035Z, 1156.811877, 423.26005079999993
1714647887050, 2024-05-02T11:04:47.050Z, 1161.9683608, 425.4014148
1714647887081, 2024-05-02T11:04:47.081Z, 1160.563796, 438.7568532
1714647887122, 2024-05-02T11:04:47.122Z, 1158.4033216, 456.4854714
1714647887137, 2024-05-02T11:04:47.137Z, 1155.0267835999998, 475.2739506
1714647887167, 2024-05-02T11:04:47.167Z, 1155.0454386, 512.1495078
1714647887188, 2024-05-02T11:04:47.188Z, 1153.7900183999998, 548.7712254
1714647887194, 2024-05-02T11:04:47.194Z, 1155.7331943999998, 581.6291578
1714647887217, 2024-05-02T11:04:47.217Z, 1157.8464494, 609.9838589999999
1714647887236, 2024-05-02T11:04:47.236Z, 1164.0094204, 636.3135222
1714647887258, 2024-05-02T11:04:47.258Z, 1165.795046, 644.684999
1714647887272, 2024-05-02T11:04:47.272Z, 1167.8753217999997, 650.0055512
1714647887302, 2024-05-02T11:04:47.302Z, 1175.0661796, 646.587721
1714647887317, 2024-05-02T11:04:47.317Z, 1183.4051124, 643.3866728
1714647887347, 2024-05-02T11:04:47.347Z, 1192.3194458, 640.1097698
1714647887363, 2024-05-02T11:04:47.363Z, 1204.0962568, 638.7939404
1714647887409, 2024-05-02T11:04:47.409Z, 1216.5675274, 636.877707
1714647887437, 2024-05-02T11:04:47.437Z, 1222.1306339999999, 636.1539318
1714647887453, 2024-05-02T11:04:47.453Z, 1223.2928452, 632.1014916
1714647887468, 2024-05-02T11:04:47.468Z, 1212.1247481999999, 620.9163108
1714647887484, 2024-05-02T11:04:47.484Z, 1196.230345, 605.5803198000001
1714647887500, 2024-05-02T11:04:47.500Z, 1176.916729, 588.1408008000001
1714647887516, 2024-05-02T11:04:47.516Z, 1158.4175219999997, 568.4621844000001
1714647887531, 2024-05-02T11:04:47.531Z, 1140.2998468, 549.7967608
1714647887572, 2024-05-02T11:04:47.572Z, 1130.353513, 538.2424702000001
1714647887587, 2024-05-02T11:04:47.587Z, 1121.6260166, 531.972757
1714647887617, 2024-05-02T11:04:47.617Z, 1114.2355054, 528.6009414
1714647887632, 2024-05-02T11:04:47.632Z, 1108.4039224, 522.6673442
1714647887662, 2024-05-02T11:04:47.662Z, 1107.2596986, 518.597716
1714647887683, 2024-05-02T11:04:47.683Z, 1106.3471141999999, 514.4934422
1714647887714, 2024-05-02T11:04:47.714Z, 1108.9305778, 506.74768759999995
1714647887728, 2024-05-02T11:04:47.728Z, 1112.2846181999998, 498.29452040000007
1714647887752, 2024-05-02T11:04:47.752Z, 1109.0231526, 492.29835560000004
1714647887767, 2024-05-02T11:04:47.767Z, 1106.1147778, 486.617462
1714647887802, 2024-05-02T11:04:47.802Z, 1102.8189294000001, 482.49127739999994
1714647887813, 2024-05-02T11:04:47.813Z, 1098.650972, 481.10576900000007
1714647887858, 2024-05-02T11:04:47.858Z, 1096.7095029999998, 485.6641208
1714647887887, 2024-05-02T11:04:47.887Z, 1104.0136545999999, 499.2234058
1714647887902, 2024-05-02T11:04:47.902Z, 1116.4279806, 531.6333016000001
1714647887918, 2024-05-02T11:04:47.918Z, 1131.4124346, 572.7080192000001
1714647887937, 2024-05-02T11:04:47.937Z, 1147.1894049999999, 616.1576084000001
1714647887954, 2024-05-02T11:04:47.954Z, 1160.9376396, 654.3431136
1714647887969, 2024-05-02T11:04:47.969Z, 1171.2404728000001, 685.7239952
1714647887985, 2024-05-02T11:04:47.985Z, 1174.7847176, 697.0474207999999
1714647888006, 2024-05-02T11:04:48.006Z, 1176.4547400000001, 698.990836
1714647888024, 2024-05-02T11:04:48.024Z, 1177.0532312, 697.2172509999999
1714647888040, 2024-05-02T11:04:48.040Z, 1176.2097462, 692.3370596
1714647888051, 2024-05-02T11:04:48.051Z, 1175.4505316, 685.0215684
1714647888069, 2024-05-02T11:04:48.069Z, 1173.8441904, 679.7115948000001
1714647888085, 2024-05-02T11:04:48.085Z, 1172.088283, 674.1320990000002
1714647888096, 2024-05-02T11:04:48.096Z, 1169.3746019999999, 668.7999276
1714647888114, 2024-05-02T11:04:48.114Z, 1168.4398310000001, 666.4825488
1714647888129, 2024-05-02T11:04:48.129Z, 1167.438474, 666.4245616000001
1714647888160, 2024-05-02T11:04:48.160Z, 1166.7532386, 665.8569267999999
1714647888179, 2024-05-02T11:04:48.179Z, 1166.3909554000002, 665.5079536000001
1714647888204, 2024-05-02T11:04:48.204Z, 1167.1004102, 665.20134
1714647888219, 2024-05-02T11:04:48.219Z, 1167.6837368000001, 664.9898802
1714647888234, 2024-05-02T11:04:48.234Z, 1168.23756, 664.8610676000001
1714647888250, 2024-05-02T11:04:48.250Z, 1168.6306758, 664.0109318000001
1714647888266, 2024-05-02T11:04:48.266Z, 1168.6058186, 662.5426762
1714647888281, 2024-05-02T11:04:48.281Z, 1167.4219174, 660.1669578
1714647888311, 2024-05-02T11:04:48.311Z, 1165.242179, 657.2607467999999
1714647888321, 2024-05-02T11:04:48.321Z, 1162.9095956, 654.1604622
1714647888339, 2024-05-02T11:04:48.339Z, 1159.7548046, 649.6139984
1714647888354, 2024-05-02T11:04:48.354Z, 1157.2892969999998, 645.4244052
1714647888368, 2024-05-02T11:04:48.368Z, 1156.1820818, 642.2491182
1714647888384, 2024-05-02T11:04:48.384Z, 1155.3852946000002, 639.4603132
1714647888399, 2024-05-02T11:04:48.399Z, 1152.9224788, 637.0471439999999
1714647888409, 2024-05-02T11:04:48.409Z, 1150.593603, 637.0841871999999
1714647888429, 2024-05-02T11:04:48.429Z, 1145.637115, 637.3950158
1714647888457, 2024-05-02T11:04:48.457Z, 1135.9259148, 637.8824103999999
1714647888477, 2024-05-02T11:04:48.477Z, 1125.2251374, 638.6063968000001
1714647888492, 2024-05-02T11:04:48.492Z, 1116.2575774000002, 639.5711962
1714647888500, 2024-05-02T11:04:48.500Z, 1107.8591678, 640.61302
1714647888519, 2024-05-02T11:04:48.519Z, 1099.6633366, 641.742467
1714647888533, 2024-05-02T11:04:48.533Z, 1096.3682555999999, 642.58998
1714647888546, 2024-05-02T11:04:48.546Z, 1093.4132803999998, 643.6781764
1714647888564, 2024-05-02T11:04:48.564Z, 1090.6882426, 644.1400918
1714647888578, 2024-05-02T11:04:48.578Z, 1088.5839747999999, 643.9969096
1714647888610, 2024-05-02T11:04:48.610Z, 1086.8306268000001, 643.5019348
1714647888625, 2024-05-02T11:04:48.625Z, 1085.8463029999998, 643.9448198
1714647888640, 2024-05-02T11:04:48.640Z, 1085.3964283999999, 644.3550718
1714647888655, 2024-05-02T11:04:48.655Z, 1084.9427838, 645.295028
1714647888670, 2024-05-02T11:04:48.670Z, 1084.476007, 647.1378768
1714647888686, 2024-05-02T11:04:48.686Z, 1085.7941208, 649.5613385999999
1714647888702, 2024-05-02T11:04:48.702Z, 1085.641314, 650.8798709999999
1714647888718, 2024-05-02T11:04:48.718Z, 1084.7397472, 652.1510198
1714647888733, 2024-05-02T11:04:48.733Z, 1083.9386784, 653.398731
1714647888759, 2024-05-02T11:04:48.759Z, 1082.6782548, 653.412108
1714647888773, 2024-05-02T11:04:48.773Z, 1081.066173, 653.4439042
1714647888788, 2024-05-02T11:04:48.788Z, 1080.550097, 652.7493024
1714647888804, 2024-05-02T11:04:48.804Z, 1080.8077104, 652.1733538000001
1714647888815, 2024-05-02T11:04:48.815Z, 1081.0256252000001, 650.8785894
1714647888834, 2024-05-02T11:04:48.834Z, 1081.0596776, 650.9413064
1714647888848, 2024-05-02T11:04:48.848Z, 1081.5955624000003, 650.6018672
1714647888859, 2024-05-02T11:04:48.859Z, 1081.5458652, 651.2357564
1714647888878, 2024-05-02T11:04:48.878Z, 1082.207205, 652.0866726
1714647888936, 2024-05-02T11:04:48.936Z, 1084.2014136, 654.9323068
1714647888951, 2024-05-02T11:04:48.951Z, 1089.3275476000001, 658.9110404
1714647888968, 2024-05-02T11:04:48.968Z, 1106.0084808, 659.154312
1714647888984, 2024-05-02T11:04:48.984Z, 1123.0578454000001, 658.9153318000001
1714647889015, 2024-05-02T11:04:49.015Z, 1139.6693738000001, 658.3258880000001
1714647889029, 2024-05-02T11:04:49.029Z, 1154.1747030000001, 656.3246750000001
1714647889058, 2024-05-02T11:04:49.058Z, 1164.7744972, 652.6585112
1714647889071, 2024-05-02T11:04:49.071Z, 1161.1384208, 652.2951356
1714647889082, 2024-05-02T11:04:49.082Z, 1152.0517630000002, 651.6065638
1714647889102, 2024-05-02T11:04:49.102Z, 1140.5537054000001, 651.8086724
1714647889116, 2024-05-02T11:04:49.116Z, 1129.4829353999999, 651.8501762
1714647889128, 2024-05-02T11:04:49.128Z, 1118.153533, 652.8828842
1714647889147, 2024-05-02T11:04:49.147Z, 1106.9324674, 654.3637334000001
1714647889162, 2024-05-02T11:04:49.162Z, 1100.541278, 657.1779769999999
1714647889172, 2024-05-02T11:04:49.172Z, 1096.9170524, 659.1055014000001
1714647889208, 2024-05-02T11:04:49.208Z, 1093.0390472, 661.1254434
1714647889218, 2024-05-02T11:04:49.218Z, 1091.6485148000002, 661.597845
1714647889237, 2024-05-02T11:04:49.237Z, 1093.470029, 661.3216345999999
1714647889251, 2024-05-02T11:04:49.251Z, 1095.2653878, 660.2525229999999
1714647889282, 2024-05-02T11:04:49.282Z, 1099.3901701999998, 658.8326124
1714647889303, 2024-05-02T11:04:49.303Z, 1104.9197914, 657.176656
1714647889314, 2024-05-02T11:04:49.314Z, 1123.0321506, 653.4501511999999
1714647889327, 2024-05-02T11:04:49.327Z, 1143.0760678000001, 650.2793232
1714647889355, 2024-05-02T11:04:49.355Z, 1164.7719597999999, 647.0923532
1714647889372, 2024-05-02T11:04:49.372Z, 1186.9445434000002, 644.046177
1714647889388, 2024-05-02T11:04:49.388Z, 1206.9978506000002, 642.8333233999999
1714647889401, 2024-05-02T11:04:49.401Z, 1213.4559746, 644.183101
1714647889417, 2024-05-02T11:04:49.417Z, 1217.1618365999998, 645.8591555999999
1714647889433, 2024-05-02T11:04:49.433Z, 1217.6562196, 649.5094257999999
1714647889448, 2024-05-02T11:04:49.448Z, 1215.1601421999999, 653.5246698
1714647889464, 2024-05-02T11:04:49.464Z, 1213.7300093999997, 655.8775472
1714647889480, 2024-05-02T11:04:49.480Z, 1213.0619637999998, 657.8673752
1714647889514, 2024-05-02T11:04:49.514Z, 1212.0542964, 659.781502
1714647889527, 2024-05-02T11:04:49.527Z, 1207.5217662, 660.5118248
1714647889542, 2024-05-02T11:04:49.542Z, 1200.2632475999999, 661.2094152
1714647889557, 2024-05-02T11:04:49.557Z, 1190.2578696, 661.9729198
1714647889572, 2024-05-02T11:04:49.572Z, 1179.1972274, 663.0901662
1714647889588, 2024-05-02T11:04:49.588Z, 1161.8719692, 662.4801442
1714647889603, 2024-05-02T11:04:49.603Z, 1147.1495174, 660.9421544
1714647889619, 2024-05-02T11:04:49.619Z, 1135.194146, 658.870703
1714647889635, 2024-05-02T11:04:49.635Z, 1125.2037421999999, 657.1203432
1714647889659, 2024-05-02T11:04:49.659Z, 1113.5669496, 655.1008564
1714647889668, 2024-05-02T11:04:49.668Z, 1108.8815642000002, 654.5406254000001
1714647889687, 2024-05-02T11:04:49.687Z, 1106.1298678, 654.4542892000001
1714647889708, 2024-05-02T11:04:49.708Z, 1098.5432352, 652.5168166
1714647889732, 2024-05-02T11:04:49.732Z, 987.554089, 600.927599
1714647889747, 2024-05-02T11:04:49.747Z, 861.8187214, 542.6019312000001
1714647889777, 2024-05-02T11:04:49.777Z, 731.3448494, 482.41712820000004
1714647889826, 2024-05-02T11:04:49.826Z, 574.1108694000001, 409.9615366
1714647889839, 2024-05-02T11:04:49.839Z, 421.7736684, 339.5075392
1714647889868, 2024-05-02T11:04:49.868Z, 373.1448976, 318.1322518
1714647889884, 2024-05-02T11:04:49.884Z, 340.638411, 303.7091976
1714647889914, 2024-05-02T11:04:49.914Z, 311.139179, 291.0959992
1714647889930, 2024-05-02T11:04:49.930Z, 310.04003380000006, 291.19291639999994
1714647889958, 2024-05-02T11:04:49.958Z, 318.21520019999997, 296.6864226
1714647889972, 2024-05-02T11:04:49.972Z, 327.12631739999995, 302.8786988
1714647890001, 2024-05-02T11:04:50.001Z, 337.45525239999995, 310.5733146
1714647890017, 2024-05-02T11:04:50.017Z, 354.62894900000003, 319.4734366
1714647890028, 2024-05-02T11:04:50.028Z, 419.2263562, 341.6175516
1714647890062, 2024-05-02T11:04:50.062Z, 483.2226974, 362.405093
1714647890073, 2024-05-02T11:04:50.073Z, 550.6193417999999, 384.2542556
1714647890109, 2024-05-02T11:04:50.109Z, 651.8835005999999, 421.05751839999994
1714647890118, 2024-05-02T11:04:50.118Z, 762.5473294, 474.5660006
1714647890137, 2024-05-02T11:04:50.137Z, 842.2048928, 526.330541
1714647890152, 2024-05-02T11:04:50.152Z, 918.2260028000001, 569.0450457999999
1714647890166, 2024-05-02T11:04:50.166Z, 993.7480923999999, 607.5693226
1714647890182, 2024-05-02T11:04:50.182Z, 1044.9854082, 631.4129552
1714647890197, 2024-05-02T11:04:50.197Z, 1081.3102524, 634.86677
1714647890213, 2024-05-02T11:04:50.213Z, 1095.8945566000002, 619.6744076
1714647890229, 2024-05-02T11:04:50.229Z, 1109.1129944, 613.7891694
1714647890272, 2024-05-02T11:04:50.272Z, 1120.387499, 609.1525518000001
1714647890288, 2024-05-02T11:04:50.288Z, 1124.2867246, 607.9545105999999
1714647890317, 2024-05-02T11:04:50.317Z, 1129.9016980000001, 611.1490785999999
1714647890332, 2024-05-02T11:04:50.332Z, 1139.7140726, 623.7397386
1714647890362, 2024-05-02T11:04:50.362Z, 1145.8711034, 633.1495378
1714647890377, 2024-05-02T11:04:50.377Z, 1150.1829513999999, 643.2890694000001
1714647890408, 2024-05-02T11:04:50.408Z, 1150.583537, 648.8110276
1714647890421, 2024-05-02T11:04:50.421Z, 1148.5029663999999, 653.3552867999999
1714647890432, 2024-05-02T11:04:50.432Z, 1146.7702628, 655.3765582
1714647890452, 2024-05-02T11:04:50.452Z, 1145.5218116, 656.5265230000001
1714647890478, 2024-05-02T11:04:50.478Z, 1144.6178146, 658.2013924
1714647890502, 2024-05-02T11:04:50.502Z, 1143.5935301999998, 659.9077436
1714647890524, 2024-05-02T11:04:50.524Z, 1142.9020278, 661.1136899999999
1714647890564, 2024-05-02T11:04:50.564Z, 1139.269814, 663.3379526
1714647890574, 2024-05-02T11:04:50.574Z, 1134.97797, 665.297635
1714647890589, 2024-05-02T11:04:50.589Z, 1130.1537828, 666.9224437999999
1714647890604, 2024-05-02T11:04:50.604Z, 1122.0208772, 668.6923884
1714647890618, 2024-05-02T11:04:50.618Z, 1110.8968276, 669.4644976
1714647890633, 2024-05-02T11:04:50.633Z, 1101.6560172, 668.9044556
1714647890665, 2024-05-02T11:04:50.665Z, 1091.988372, 669.1267692
1714647890681, 2024-05-02T11:04:50.681Z, 1081.3271842, 670.51359
1714647890706, 2024-05-02T11:04:50.706Z, 1074.7549356, 671.2624433999999
1714647890723, 2024-05-02T11:04:50.723Z, 1071.0748363999999, 672.7290547999999
1714647890739, 2024-05-02T11:04:50.739Z, 1068.2990656, 673.2142712
1714647890751, 2024-05-02T11:04:50.751Z, 1065.9424181999998, 673.3418098
1714647890769, 2024-05-02T11:04:50.769Z, 1065.3971589999999, 672.8187599999999
1714647890784, 2024-05-02T11:04:50.784Z, 1064.9164454000002, 672.2553393999999
1714647890795, 2024-05-02T11:04:50.795Z, 1065.0021026, 671.5795704
1714647890813, 2024-05-02T11:04:50.813Z, 1064.9340932, 672.2072186
1714647890829, 2024-05-02T11:04:50.829Z, 1064.664926, 673.1475874
1714647890860, 2024-05-02T11:04:50.860Z, 1064.0755414, 674.5265388
1714647890874, 2024-05-02T11:04:50.874Z, 1064.086688, 675.8535902
1714647890889, 2024-05-02T11:04:50.889Z, 1064.5199387999999, 677.303989
1714647890913, 2024-05-02T11:04:50.913Z, 1064.9850416000002, 678.4252977999998
1714647890929, 2024-05-02T11:04:50.929Z, 1065.6882744, 679.299976
1714647890945, 2024-05-02T11:04:50.945Z, 1067.0917021999999, 679.6035762
1714647890961, 2024-05-02T11:04:50.961Z, 1067.4095516000002, 679.4690228
1714647890976, 2024-05-02T11:04:50.976Z, 1066.3652912, 679.3524239999999
1714647890992, 2024-05-02T11:04:50.992Z, 1065.316321, 679.1640421999999
1714647891016, 2024-05-02T11:04:51.016Z, 1064.0228963999998, 678.6583566
1714647891025, 2024-05-02T11:04:51.025Z, 1062.0642116, 678.4217891999999
1714647891043, 2024-05-02T11:04:51.043Z, 1060.9591218, 679.2273134
1714647891070, 2024-05-02T11:04:51.070Z, 1062.5771272, 681.4392568000001
1714647891086, 2024-05-02T11:04:51.086Z, 1068.9362174, 689.67242
1714647891101, 2024-05-02T11:04:51.101Z, 1076.0442626, 698.1066526
1714647891117, 2024-05-02T11:04:51.117Z, 1085.3553186000001, 706.868753
1714647891132, 2024-05-02T11:04:51.132Z, 1095.0066416, 715.4849996
1714647891156, 2024-05-02T11:04:51.156Z, 1103.3773566, 723.3419286000001
1714647891173, 2024-05-02T11:04:51.174Z, 1107.5364326, 725.8070504
1714647891189, 2024-05-02T11:04:51.189Z, 1111.5340523999998, 728.3369954
1714647891201, 2024-05-02T11:04:51.201Z, 1113.851946, 730.0693078
1714647891219, 2024-05-02T11:04:51.219Z, 1115.312359, 730.9681154
1714647891235, 2024-05-02T11:04:51.235Z, 1116.2560256000002, 731.3020104
1714647891246, 2024-05-02T11:04:51.246Z, 1116.613776, 731.0346584
1714647891263, 2024-05-02T11:04:51.263Z, 1116.6066694, 730.5809252000001
1714647891280, 2024-05-02T11:04:51.280Z, 1116.2843142000002, 730.1697658
1714647891311, 2024-05-02T11:04:51.311Z, 1116.3904718, 729.3006864
1714647891324, 2024-05-02T11:04:51.324Z, 1116.5402726, 727.7323864
1714647891336, 2024-05-02T11:04:51.336Z, 1116.3581514, 725.3747579999999
1714647891354, 2024-05-02T11:04:51.354Z, 1115.5874553999997, 721.1558742
1714647891370, 2024-05-02T11:04:51.370Z, 1114.9478187999998, 717.0280668
1714647891382, 2024-05-02T11:04:51.382Z, 1114.0975116, 713.7665300000001
1714647891399, 2024-05-02T11:04:51.399Z, 1112.914441, 710.9756298
1714647891414, 2024-05-02T11:04:51.414Z, 1111.5792382, 709.5981515999999
1714647891429, 2024-05-02T11:04:51.429Z, 1110.6494527999998, 710.3351718
1714647891461, 2024-05-02T11:04:51.461Z, 1109.6227196, 711.2297804000001
1714647891476, 2024-05-02T11:04:51.476Z, 1108.423398, 712.382051
1714647891491, 2024-05-02T11:04:51.491Z, 1108.4095207999999, 712.9068132
1714647891506, 2024-05-02T11:04:51.506Z, 1108.9580804, 712.6548233999999
1714647891522, 2024-05-02T11:04:51.522Z, 1108.7333278, 713.8151895999999
1714647891537, 2024-05-02T11:04:51.537Z, 1107.7303894000001, 716.4552626000001
1714647891553, 2024-05-02T11:04:51.553Z, 1105.7545355999998, 721.2088314
1714647891568, 2024-05-02T11:04:51.568Z, 1102.6148188000002, 726.4648104
1714647891584, 2024-05-02T11:04:51.584Z, 1098.8828720000001, 732.5627614
1714647891610, 2024-05-02T11:04:51.610Z, 1096.2027598, 737.7979894
1714647891630, 2024-05-02T11:04:51.630Z, 1093.1521752, 743.534285
1714647891645, 2024-05-02T11:04:51.645Z, 1091.8330369999999, 748.1184108
1714647891661, 2024-05-02T11:04:51.661Z, 1090.8032111999999, 753.5295024
1714647891677, 2024-05-02T11:04:51.677Z, 1090.2156184, 758.0530158
1714647891693, 2024-05-02T11:04:51.693Z, 1089.1248285999998, 758.4825368
1714647891709, 2024-05-02T11:04:51.709Z, 1089.3017634, 753.6596040000001
1714647891723, 2024-05-02T11:04:51.723Z, 1088.9896334, 745.1547632
1714647891740, 2024-05-02T11:04:51.740Z, 1088.411184, 734.36517
1714647891761, 2024-05-02T11:04:51.761Z, 1087.7317042, 723.2089416
1714647891774, 2024-05-02T11:04:51.774Z, 1087.4953048000002, 715.007178
1714647891787, 2024-05-02T11:04:51.787Z, 1086.9985678, 710.1395915999999
1714647891804, 2024-05-02T11:04:51.804Z, 1086.5047828000002, 708.1549468000001
1714647891819, 2024-05-02T11:04:51.819Z, 1085.8102224, 707.8211193999999
1714647891835, 2024-05-02T11:04:51.835Z, 1085.169164, 708.6194114
1714647891849, 2024-05-02T11:04:51.849Z, 1084.5265329999997, 709.78425
1714647891864, 2024-05-02T11:04:51.864Z, 1084.1338552, 710.5769247999999
1714647891880, 2024-05-02T11:04:51.880Z, 1083.4929127999999, 711.035608
1714647891910, 2024-05-02T11:04:51.910Z, 1083.3341458, 711.6280231999999
1714647891926, 2024-05-02T11:04:51.926Z, 1082.7182292, 711.5038709999999
1714647891941, 2024-05-02T11:04:51.941Z, 1081.6551703999999, 711.1731781999999
1714647891956, 2024-05-02T11:04:51.956Z, 1080.0537325999999, 710.8793184
1714647891972, 2024-05-02T11:04:51.972Z, 1077.1775142, 711.0995536
1714647891987, 2024-05-02T11:04:51.987Z, 1073.993841, 711.2283074
1714647892003, 2024-05-02T11:04:52.003Z, 1071.5979668, 711.4714718
1714647892019, 2024-05-02T11:04:52.019Z, 1069.3747708, 712.0123768
1714647892034, 2024-05-02T11:04:52.034Z, 1067.8596044, 712.566415
1714647892056, 2024-05-02T11:04:52.056Z, 1068.6761410000001, 712.1890718000001
1714647892074, 2024-05-02T11:04:52.074Z, 1069.6146868, 711.4919454
1714647892089, 2024-05-02T11:04:52.089Z, 1070.0115256000001, 710.7817660000001
1714647892100, 2024-05-02T11:04:52.100Z, 1070.2698682, 710.418415
1714647892119, 2024-05-02T11:04:52.119Z, 1070.0036083999998, 710.1671104000001
1714647892138, 2024-05-02T11:04:52.138Z, 1068.8007354, 710.0413354000001
1714647892146, 2024-05-02T11:04:52.146Z, 1068.1137210000002, 710.9686262
1714647892165, 2024-05-02T11:04:52.165Z, 1066.9262901999998, 711.7493412
1714647892180, 2024-05-02T11:04:52.180Z, 1066.3321730000002, 711.8590743999999
1714647892210, 2024-05-02T11:04:52.210Z, 1066.2611348, 711.4994333999999
1714647892224, 2024-05-02T11:04:52.224Z, 1066.276318, 711.1625398
1714647892236, 2024-05-02T11:04:52.236Z, 1065.7640444, 710.3354934
1714647892254, 2024-05-02T11:04:52.254Z, 1066.1314388, 709.3564248
1714647892267, 2024-05-02T11:04:52.267Z, 1066.4023703999999, 708.593143
1714647892283, 2024-05-02T11:04:52.283Z, 1066.7031617999999, 708.2224689999999
1714647892298, 2024-05-02T11:04:52.298Z, 1067.4633921999998, 707.6713702000001
1714647892314, 2024-05-02T11:04:52.314Z, 1068.2352803999997, 707.275908
1714647892329, 2024-05-02T11:04:52.329Z, 1069.3060672, 707.820704
1714647892358, 2024-05-02T11:04:52.358Z, 1068.5996108, 707.3601208
1714647892367, 2024-05-02T11:04:52.367Z, 1066.413221, 706.4378204000001
1714647892386, 2024-05-02T11:04:52.386Z, 1064.64735, 706.4043512000001
1714647892402, 2024-05-02T11:04:52.402Z, 1062.9006542000002, 705.995722
1714647892417, 2024-05-02T11:04:52.417Z, 1061.2160018, 705.0680172
1714647892432, 2024-05-02T11:04:52.432Z, 1064.5828404, 706.1169566000001
1714647892447, 2024-05-02T11:04:52.447Z, 1079.1234998, 710.8689944
1714647892457, 2024-05-02T11:04:52.457Z, 1103.4106398, 718.329038
1714647892476, 2024-05-02T11:04:52.476Z, 1135.692526, 728.1287098
1714647892504, 2024-05-02T11:04:52.504Z, 1172.5410836, 739.4143172
1714647892522, 2024-05-02T11:04:52.522Z, 1224.6093782, 755.3371216
1714647892536, 2024-05-02T11:04:52.536Z, 1273.8624800000002, 769.603642
1714647892547, 2024-05-02T11:04:52.547Z, 1312.604227, 779.7970637999999
1714647892567, 2024-05-02T11:04:52.567Z, 1342.077096, 786.9100253999999
1714647892582, 2024-05-02T11:04:52.582Z, 1366.7904905999999, 792.383007
1714647892593, 2024-05-02T11:04:52.593Z, 1370.8632822, 792.4114068
1714647892618, 2024-05-02T11:04:52.618Z, 1367.6464376, 790.9711676
1714647892632, 2024-05-02T11:04:52.632Z, 1362.0390493999998, 790.0559516
1714647892658, 2024-05-02T11:04:52.658Z, 1358.8099387999998, 791.0944824
1714647892673, 2024-05-02T11:04:52.673Z, 1355.4756254, 792.7356642000001
1714647892688, 2024-05-02T11:04:52.688Z, 1355.3392841999998, 794.487611
1714647892704, 2024-05-02T11:04:52.704Z, 1356.8539424, 797.826204
1714647892719, 2024-05-02T11:04:52.719Z, 1360.1260877999998, 801.876717
1714647892734, 2024-05-02T11:04:52.734Z, 1363.1540782, 804.1913504
1714647892750, 2024-05-02T11:04:52.750Z, 1366.1284090000001, 805.9297164000001
1714647892765, 2024-05-02T11:04:52.765Z, 1367.3982564000003, 808.151506
1714647892780, 2024-05-02T11:04:52.780Z, 1369.2587498, 810.1048266
1714647892808, 2024-05-02T11:04:52.808Z, 1371.9440493999998, 811.9269634
1714647892817, 2024-05-02T11:04:52.817Z, 1373.9759371999999, 814.4523452
1714647892836, 2024-05-02T11:04:52.836Z, 1376.9108322, 817.5207495999999
1714647892851, 2024-05-02T11:04:52.851Z, 1383.4727870000002, 820.3226268000001
1714647892868, 2024-05-02T11:04:52.868Z, 1388.7940489999999, 821.7387058
1714647892881, 2024-05-02T11:04:52.881Z, 1397.871336, 823.233329
1714647892897, 2024-05-02T11:04:52.897Z, 1408.1300184, 824.6248287999999
1714647892913, 2024-05-02T11:04:52.913Z, 1417.9010504, 825.5241819999999
1714647892926, 2024-05-02T11:04:52.926Z, 1426.1641812, 825.4912215999999
1714647892954, 2024-05-02T11:04:52.954Z, 1432.967636, 825.892274
1714647892972, 2024-05-02T11:04:52.972Z, 1436.1679494, 825.5667174
1714647892987, 2024-05-02T11:04:52.987Z, 1438.0089374, 824.6868979999999
1714647892997, 2024-05-02T11:04:52.997Z, 1439.147131, 822.7514278000001