1714647896591, 2024-05-02T11:04:56.591Z, 306.828058, 331.677754
1714647896643, 2024-05-02T11:04:56.643Z, 325.355146, 332.33140549999996
1714647896673, 2024-05-02T11:04:56.673Z, 313.19109899999995, 319.24969899999996
1714647896689, 2024-05-02T11:04:56.689Z, 295.05980999999997, 304.05114849999995
1714647896720, 2024-05-02T11:04:56.720Z, 284.05982259999996, 295.0823276
1714647896736, 2024-05-02T11:04:56.736Z, 280.1415926, 287.7224382
1714647896831, 2024-05-02T11:04:56.831Z, 230.76164620000003, 284.18320159999996
1714647896860, 2024-05-02T11:04:56.860Z, 190.99227379999996, 294.2456838
1714647896904, 2024-05-02T11:04:56.904Z, 160.7596424, 310.1988558
1714647896947, 2024-05-02T11:04:56.947Z, 124.0762478, 324.15113140000005
1714647897089, 2024-05-02T11:04:57.089Z, 76.42496960000001, 331.2120202
1714647897132, 2024-05-02T11:04:57.132Z, 67.41185340000001, 336.08086399999996
1714647897173, 2024-05-02T11:04:57.173Z, 60.1809578, 335.62378640000003
1714647897219, 2024-05-02T11:04:57.219Z, 53.223600399999995, 336.3322298
1714647897265, 2024-05-02T11:04:57.265Z, 80.6263462, 339.97486779999997
1714647897307, 2024-05-02T11:04:57.307Z, 109.41403940000001, 342.52366620000004
1714647897488, 2024-05-02T11:04:57.488Z, 112.4120676, 354.498334
1714647897537, 2024-05-02T11:04:57.537Z, 114.7599072, 366.67500920000003
1714647897623, 2024-05-02T11:04:57.623Z, 116.18002320000001, 376.6213276
1714647897669, 2024-05-02T11:04:57.669Z, 88.93442, 391.2473142
1714647897716, 2024-05-02T11:04:57.716Z, 61.898816, 406.8188952
1714647897759, 2024-05-02T11:04:57.759Z, 60.266267799999994, 411.415151
1714647897802, 2024-05-02T11:04:57.802Z, 58.576046600000005, 416.02864339999996
1714647897939, 2024-05-02T11:04:57.939Z, 63.95219540000001, 412.2819308
1714647898119, 2024-05-02T11:04:58.119Z, 70.9862534, 396.9428494
1714647898166, 2024-05-02T11:04:58.166Z, 73.36911660000001, 383.9559206
1714647898208, 2024-05-02T11:04:58.208Z, 79.5285886, 375.32937139999996
1714647898253, 2024-05-02T11:04:58.253Z, 91.941705, 371.87951380000004
1714647898298, 2024-05-02T11:04:58.298Z, 98.3391162, 377.7866518
1714647898478, 2024-05-02T11:04:58.478Z, 109.70837019999999, 397.5765602
1714647898568, 2024-05-02T11:04:58.568Z, 133.596976, 379.0367286
1714647898659, 2024-05-02T11:04:58.659Z, 153.0067568, 359.05719740000006
1714647898703, 2024-05-02T11:04:58.703Z, 166.4981194, 331.64507280000004
1714647898849, 2024-05-02T11:04:58.849Z, 171.5334826, 292.04788759999997
1714647898895, 2024-05-02T11:04:58.895Z, 170.48650160000003, 244.0618602
1714647898941, 2024-05-02T11:04:58.941Z, 160.66277780000001, 231.8394322
1714647898972, 2024-05-02T11:04:58.972Z, 150.7504088, 215.41930159999998
1714647899019, 2024-05-02T11:04:59.019Z, 145.72062, 202.12055679999997
1714647899107, 2024-05-02T11:04:59.107Z, 150.85846080000002, 202.50241580000002
1714647899151, 2024-05-02T11:04:59.151Z, 138.9917186, 199.9566782
1714647899425, 2024-05-02T11:04:59.425Z, 123.72370460000002, 193.38898559999998
1714647899516, 2024-05-02T11:04:59.516Z, 135.3836874, 244.71735159999997
1714647899558, 2024-05-02T11:04:59.558Z, 141.6178138, 292.7444614
1714647899601, 2024-05-02T11:04:59.601Z, 147.6289154, 341.154459
1714647899647, 2024-05-02T11:04:59.647Z, 169.10314939999998, 388.9910957999999
1714647899872, 2024-05-02T11:04:59.872Z, 171.58545439999997, 444.4322328
1714647899919, 2024-05-02T11:04:59.919Z, 149.705878, 440.58348400000006
1714647899965, 2024-05-02T11:04:59.965Z, 123.1183106, 438.8995328
1714647900099, 2024-05-02T11:05:00.099Z, 92.11242179999999, 438.5034934
1714647900189, 2024-05-02T11:05:00.189Z, 55.1705138, 435.28599240000005
1714647900234, 2024-05-02T11:05:00.234Z, 47.706833, 435.3340502
1714647900285, 2024-05-02T11:05:00.285Z, 37.099959399999996, 439.3828174
1714647900323, 2024-05-02T11:05:00.323Z, 37.7020888, 429.9716268
1714647900367, 2024-05-02T11:05:00.367Z, 43.279381, 418.14351719999996
1714647900413, 2024-05-02T11:05:00.413Z, 57.70948940000001, 417.55427919999994
1714647900459, 2024-05-02T11:05:00.459Z, 65.2690568, 406.4799964
1714647900506, 2024-05-02T11:05:00.506Z, 73.20456120000001, 394.11826540000004
1714647900556, 2024-05-02T11:05:00.556Z, 76.5686666, 395.5217872
1714647900639, 2024-05-02T11:05:00.639Z, 89.472448, 401.51430840000006
1714647900682, 2024-05-02T11:05:00.682Z, 99.56082439999999, 400.0741482
1714647900731, 2024-05-02T11:05:00.731Z, 111.9142136, 403.99685220000003
1714647900819, 2024-05-02T11:05:00.819Z, 141.15212839999998, 391.2278682
1714647900863, 2024-05-02T11:05:00.863Z, 166.3029354, 377.3415848
1714647900910, 2024-05-02T11:05:00.910Z, 177.494197, 351.72306260000005
1714647901001, 2024-05-02T11:05:01.001Z, 187.151503, 321.2472374
1714647901088, 2024-05-02T11:05:01.088Z, 194.9531556, 282.3038882
1714647901133, 2024-05-02T11:05:01.133Z, 184.90902580000002, 259.968991
1714647901178, 2024-05-02T11:05:01.178Z, 178.041534, 238.3402706
1714647901229, 2024-05-02T11:05:01.229Z, 169.31150540000002, 224.18448040000004
1714647901268, 2024-05-02T11:05:01.268Z, 159.3131452, 218.15300779999998
1714647901451, 2024-05-02T11:05:01.451Z, 146.007462, 214.3334322
1714647901537, 2024-05-02T11:05:01.537Z, 143.1918068, 228.86140400000005
1714647901582, 2024-05-02T11:05:01.582Z, 140.479729, 244.4166102
1714647901674, 2024-05-02T11:05:01.674Z, 140.65866019999999, 259.711594
1714647901718, 2024-05-02T11:05:01.718Z, 143.49264399999998, 274.6909352
1714647901764, 2024-05-02T11:05:01.764Z, 149.95122980000002, 295.058502
1714647901857, 2024-05-02T11:05:01.857Z, 153.71471739999998, 310.3536262
1714647901902, 2024-05-02T11:05:01.902Z, 159.5327334, 327.8625452
1714647901986, 2024-05-02T11:05:01.986Z, 165.8158246, 345.8121792
1714647902031, 2024-05-02T11:05:02.031Z, 175.3141036, 369.50461400000006
1714647902077, 2024-05-02T11:05:02.077Z, 184.4638778, 394.2212708
1714647902126, 2024-05-02T11:05:02.126Z, 186.8679188, 405.0871188
1714647902167, 2024-05-02T11:05:02.167Z, 187.21390860000002, 413.14249600000005
1714647902213, 2024-05-02T11:05:02.213Z, 188.89547780000004, 421.9464452
1714647902257, 2024-05-02T11:05:02.257Z, 159.8723842, 431.0899284
1714647902302, 2024-05-02T11:05:02.302Z, 130.49678339999997, 437.46288780000003
1714647902347, 2024-05-02T11:05:02.347Z, 102.3469364, 444.113604
1714647902436, 2024-05-02T11:05:02.436Z, 80.0373294, 439.01870019999996
1714647902527, 2024-05-02T11:05:02.527Z, 57.91589059999999, 434.50040899999993
1714647902573, 2024-05-02T11:05:02.573Z, 78.45220859999999, 413.2456208
1714647902618, 2024-05-02T11:05:02.618Z, 98.60588, 392.7205394
1714647902665, 2024-05-02T11:05:02.665Z, 118.22542519999999, 370.39914940000006
1714647902709, 2024-05-02T11:05:02.709Z, 131.32202679999997, 359.40853500000003
1714647902752, 2024-05-02T11:05:02.752Z, 142.93311839999998, 346.8762664
1714647902797, 2024-05-02T11:05:02.797Z, 141.21686799999998, 344.6873336
1714647902887, 2024-05-02T11:05:02.887Z, 142.48145159999999, 342.28177039999997
1714647902932, 2024-05-02T11:05:02.932Z, 140.9549274, 340.77504899999997
1714647902979, 2024-05-02T11:05:02.979Z, 140.9277964, 330.50101099999995
1714647903022, 2024-05-02T11:05:03.022Z, 143.247282, 318.3098986
1714647903112, 2024-05-02T11:05:03.112Z, 143.7340404, 304.1996266
1714647903158, 2024-05-02T11:05:03.158Z, 144.665999, 290.08751420000004
1714647903202, 2024-05-02T11:05:03.202Z, 147.46491220000001, 277.2754614
1714647903252, 2024-05-02T11:05:03.252Z, 145.83393619999998, 273.3426508
1714647903337, 2024-05-02T11:05:03.337Z, 140.5084474, 268.4990232
1714647903472, 2024-05-02T11:05:03.472Z, 129.6806108, 252.63011300000002
1714647903517, 2024-05-02T11:05:03.517Z, 111.18486899999998, 237.1082226
1714647903658, 2024-05-02T11:05:03.658Z, 87.5023856, 220.70779819999998
1714647903880, 2024-05-02T11:05:03.880Z, 82.30926919999999, 206.5915562
1714647903924, 2024-05-02T11:05:03.924Z, 180.05652679999997, 195.99889579999999
1714647903953, 2024-05-02T11:05:03.953Z, 320.9443526, 186.919826
1714647903969, 2024-05-02T11:05:03.969Z, 483.74060799999995, 175.28711660000002
1714647903995, 2024-05-02T11:05:03.995Z, 707.5501154, 165.0335914
1714647904058, 2024-05-02T11:05:04.058Z, 936.0440514, 153.712961
1714647904086, 2024-05-02T11:05:04.086Z, 1065.3352155999999, 142.569955
1714647904101, 2024-05-02T11:05:04.101Z, 1155.0017014, 135.339346
1714647904134, 2024-05-02T11:05:04.134Z, 1228.7581876, 154.5408948
1714647904146, 2024-05-02T11:05:04.146Z, 1262.629091, 276.2455148
1714647904176, 2024-05-02T11:05:04.176Z, 1274.5958722, 375.6211854
1714647904221, 2024-05-02T11:05:04.221Z, 1276.9089588, 374.27665220000006
1714647904242, 2024-05-02T11:05:04.242Z, 1276.8739724, 373.9685496
1714647904270, 2024-05-02T11:05:04.270Z, 1281.5395886000001, 358.4858406
1714647904317, 2024-05-02T11:05:04.317Z, 1221.68453, 226.96780759999996
1714647904867, 2024-05-02T11:05:04.867Z, 995.481862, 128.4431534
1714647904899, 2024-05-02T11:05:04.899Z, 859.5453852, 108.1521606
1714647904959, 2024-05-02T11:05:04.959Z, 840.2421690000001, 116.176692
1714647904986, 2024-05-02T11:05:04.986Z, 847.928885, 116.85310159999999
1714647905002, 2024-05-02T11:05:05.002Z, 906.4557608000001, 129.09789419999998
1714647905032, 2024-05-02T11:05:05.032Z, 1131.2898682, 127.1669746
1714647905048, 2024-05-02T11:05:05.048Z, 1277.3387838000003, 149.268111
1714647905080, 2024-05-02T11:05:05.080Z, 1312.1713290000002, 148.61460200000002
1714647905124, 2024-05-02T11:05:05.124Z, 1312.3067402000001, 143.57495699999998
1714647905166, 2024-05-02T11:05:05.166Z, 1311.5730769999998, 138.6294276
1714647905182, 2024-05-02T11:05:05.182Z, 1314.2215156000002, 137.09495280000002
1714647905211, 2024-05-02T11:05:05.211Z, 1312.6151474000003, 131.0164236
1714647905257, 2024-05-02T11:05:05.257Z, 1311.5312574, 127.0433204
1714647905273, 2024-05-02T11:05:05.273Z, 1312.9524251999999, 127.1489906
1714647905301, 2024-05-02T11:05:05.301Z, 1311.0028348, 129.1665348
1714647905321, 2024-05-02T11:05:05.321Z, 1310.900326, 128.3088644
1714647905346, 2024-05-02T11:05:05.346Z, 1311.9475624000002, 128.9770416
1714647905439, 2024-05-02T11:05:05.439Z, 1318.5573896, 125.82310080000002
1714647905454, 2024-05-02T11:05:05.454Z, 1332.5732636, 129.99636579999998
1714647905485, 2024-05-02T11:05:05.485Z, 1341.962687, 132.7319688
1714647905531, 2024-05-02T11:05:05.531Z, 1343.6895737999998, 136.68018099999998
1714647905574, 2024-05-02T11:05:05.574Z, 1344.341117, 141.4817234
1714647905587, 2024-05-02T11:05:05.587Z, 1339.8574328, 149.1698862
1714647905620, 2024-05-02T11:05:05.620Z, 1330.1785421999998, 144.45742860000001
1714647905633, 2024-05-02T11:05:05.633Z, 1332.75556, 142.7342458
1714647905671, 2024-05-02T11:05:05.671Z, 1336.0491160000001, 140.4197704
1714647905707, 2024-05-02T11:05:05.707Z, 1338.1520694, 137.64318459999998
1714647905765, 2024-05-02T11:05:05.765Z, 1341.6082272, 134.8317058
1714647905781, 2024-05-02T11:05:05.781Z, 1342.6238046, 136.2350632
1714647905796, 2024-05-02T11:05:05.796Z, 1337.1805172, 134.84967100000003
1714647905886, 2024-05-02T11:05:05.886Z, 1335.1261922, 134.42956560000002
1714647905931, 2024-05-02T11:05:05.931Z, 1335.5396634, 130.6006698
1714647905976, 2024-05-02T11:05:05.976Z, 1333.4843752, 129.5908458
1714647906021, 2024-05-02T11:05:06.021Z, 1332.1509342, 129.369052
1714647906066, 2024-05-02T11:05:06.066Z, 1333.8213504, 127.056168
1714647906112, 2024-05-02T11:05:06.112Z, 1335.9090902, 126.63168639999999
1714647906160, 2024-05-02T11:05:06.160Z, 1335.1852465999998, 129.9990464
1714647906201, 2024-05-02T11:05:06.201Z, 1335.5972344, 130.70153839999998
1714647906248, 2024-05-02T11:05:06.248Z, 1335.8358013999998, 130.19449319999998
1714647906311, 2024-05-02T11:05:06.311Z, 1342.5503528, 138.95466240000002
1714647906342, 2024-05-02T11:05:06.342Z, 1345.7494246, 143.717934
1714647906357, 2024-05-02T11:05:06.357Z, 1350.9332576000002, 146.7246204
1714647906388, 2024-05-02T11:05:06.388Z, 1352.1175423999998, 147.7610196
1714647906403, 2024-05-02T11:05:06.403Z, 1356.4176222, 150.69164960000003
1714647906433, 2024-05-02T11:05:06.433Z, 1350.096402, 146.41903199999996
1714647906471, 2024-05-02T11:05:06.471Z, 1323.9182806, 146.45357280000002
1714647906487, 2024-05-02T11:05:06.487Z, 1269.9779545999997, 148.562427
1714647906516, 2024-05-02T11:05:06.516Z, 1094.5081361999996, 149.11483700000002
1714647906531, 2024-05-02T11:05:06.531Z, 891.3404744, 157.7461068
1714647906577, 2024-05-02T11:05:06.577Z, 676.1038424000001, 171.1084484
1714647906621, 2024-05-02T11:05:06.621Z, 465.3294548, 190.7336352
1714647906667, 2024-05-02T11:05:06.667Z, 282.0443748, 208.93121680000004
1714647906712, 2024-05-02T11:05:06.712Z, 224.7343914, 230.00798
1714647906978, 2024-05-02T11:05:06.978Z, 255.9802964, 229.6970456
1714647906994, 2024-05-02T11:05:06.994Z, 351.570326, 241.34186240000002
1714647907025, 2024-05-02T11:05:07.025Z, 515.0415688, 242.68291560000003
1714647907041, 2024-05-02T11:05:07.041Z, 707.4635613999999, 246.5984418
1714647907061, 2024-05-02T11:05:07.061Z, 919.3676188000002, 253.72718720000003
1714647907074, 2024-05-02T11:05:07.074Z, 1072.3932508, 272.4718178
1714647907103, 2024-05-02T11:05:07.103Z, 1176.817814, 273.4623252
1714647907134, 2024-05-02T11:05:07.134Z, 1233.2901308, 275.6668254
1714647907150, 2024-05-02T11:05:07.150Z, 1258.2021874, 275.40861000000007
1714647907166, 2024-05-02T11:05:07.166Z, 1265.2323172000001, 274.4612836
1714647907211, 2024-05-02T11:05:07.211Z, 1283.8010942, 269.9987956
1714647907238, 2024-05-02T11:05:07.238Z, 1301.8436082, 264.05431480000004
1714647907257, 2024-05-02T11:05:07.257Z, 1319.3698616, 258.4662372
1714647907283, 2024-05-02T11:05:07.283Z, 1336.7502814, 252.02348039999998
1714647907338, 2024-05-02T11:05:07.338Z, 1351.2455008000002, 246.03335780000003
1714647907373, 2024-05-02T11:05:07.373Z, 1348.8924190000002, 242.18322199999997
1714647907390, 2024-05-02T11:05:07.390Z, 1346.821305, 241.0276804
1714647907417, 2024-05-02T11:05:07.417Z, 1342.6751262000002, 238.67728259999998
1714647907433, 2024-05-02T11:05:07.433Z, 1344.3539788, 241.07842880000004
1714647907463, 2024-05-02T11:05:07.463Z, 1346.6605638, 240.70017579999998
1714647907481, 2024-05-02T11:05:07.481Z, 1348.9005154, 244.0706536
1714647907509, 2024-05-02T11:05:07.509Z, 1348.6822186, 251.84385220000004
1714647907522, 2024-05-02T11:05:07.522Z, 1351.0525008, 264.13774459999996
1714647907551, 2024-05-02T11:05:07.551Z, 1347.4467926000002, 273.7453044
1714647907568, 2024-05-02T11:05:07.568Z, 1342.7367298000001, 283.336339
1714647907596, 2024-05-02T11:05:07.596Z, 1338.4460672, 289.24134820000006
1714647907612, 2024-05-02T11:05:07.612Z, 1337.2749968000003, 291.5671194
1714647907659, 2024-05-02T11:05:07.659Z, 1335.7631636, 288.4800866
1714647907699, 2024-05-02T11:05:07.699Z, 1337.4533406000003, 285.208037
1714647907715, 2024-05-02T11:05:07.715Z, 1340.481691, 283.50699480000003
1714647907747, 2024-05-02T11:05:07.747Z, 1342.1137290000001, 283.0418496
1714647907763, 2024-05-02T11:05:07.763Z, 1343.7979712000001, 282.81060119999995
1714647907778, 2024-05-02T11:05:07.778Z, 1342.7574292, 287.0018596
1714647907825, 2024-05-02T11:05:07.825Z, 1341.7840882, 290.8953722
1714647907840, 2024-05-02T11:05:07.840Z, 1341.9138877999999, 292.8603816
1714647907871, 2024-05-02T11:05:07.871Z, 1341.8657491999998, 294.2599014
1714647907887, 2024-05-02T11:05:07.887Z, 1340.2388263999997, 294.699162
1714647907919, 2024-05-02T11:05:07.919Z, 1338.6239192, 296.9027666
1714647907934, 2024-05-02T11:05:07.934Z, 1337.3287559999999, 299.4974744
1714647907958, 2024-05-02T11:05:07.958Z, 1334.5223268000002, 303.450207
1714647907976, 2024-05-02T11:05:07.976Z, 1333.1290118, 308.167003
1714647908002, 2024-05-02T11:05:08.002Z, 1332.0618396, 313.1650444
1714647908018, 2024-05-02T11:05:08.018Z, 1333.408846, 313.57185259999994
1714647908046, 2024-05-02T11:05:08.046Z, 1333.3206294000001, 313.9119066
1714647908063, 2024-05-02T11:05:08.063Z, 1333.9550618, 313.221688
1714647908230, 2024-05-02T11:05:08.230Z, 1334.4773796000002, 291.8158418
1714647908270, 2024-05-02T11:05:08.270Z, 1336.7590348, 285.0659724
1714647908315, 2024-05-02T11:05:08.315Z, 1338.1963578, 279.065937
1714647908361, 2024-05-02T11:05:08.361Z, 1340.6464702, 272.93293439999997
1714647908421, 2024-05-02T11:05:08.421Z, 1348.8219213999998, 266.1257944
1714647908588, 2024-05-02T11:05:08.588Z, 1350.7871031999998, 286.8915812
1714647908635, 2024-05-02T11:05:08.635Z, 1348.6338782, 290.6616678
1714647908650, 2024-05-02T11:05:08.650Z, 1347.2864519999998, 294.6765418
1714647908681, 2024-05-02T11:05:08.681Z, 1345.66631, 298.4849616
1714647908720, 2024-05-02T11:05:08.720Z, 1339.825891, 302.5988764
1714647908736, 2024-05-02T11:05:08.736Z, 1339.6116906, 300.582265
1714647908765, 2024-05-02T11:05:08.765Z, 1341.2824708, 299.1470612
1714647908782, 2024-05-02T11:05:08.782Z, 1344.6304762, 296.62036240000003
1714647908811, 2024-05-02T11:05:08.811Z, 1347.9574568, 295.3671322
1714647908826, 2024-05-02T11:05:08.826Z, 1349.2051732, 295.8265872
1714647908857, 2024-05-02T11:05:08.857Z, 1343.0750772000001, 305.84556440000006
1714647908876, 2024-05-02T11:05:08.876Z, 1336.4539178, 316.8802968
1714647908901, 2024-05-02T11:05:08.901Z, 1324.0431558, 331.354731
1714647908916, 2024-05-02T11:05:08.916Z, 1308.1736878, 348.693394
1714647908950, 2024-05-02T11:05:08.950Z, 1288.4245368, 368.9296584
1714647908962, 2024-05-02T11:05:08.962Z, 1277.3271878, 378.9103846
1714647909007, 2024-05-02T11:05:09.007Z, 1258.7762972, 396.6248932
1714647909035, 2024-05-02T11:05:09.035Z, 1241.081929, 410.92300919999997
1714647909052, 2024-05-02T11:05:09.052Z, 1219.8729166, 419.25268079999995
1714647909080, 2024-05-02T11:05:09.080Z, 1203.5891272000001, 423.5424782
1714647909125, 2024-05-02T11:05:09.125Z, 1178.1901956000002, 423.9479264
1714647909170, 2024-05-02T11:05:09.170Z, 1163.0675508, 416.5710924
1714647909186, 2024-05-02T11:05:09.186Z, 1150.411274, 410.5622918
1714647909215, 2024-05-02T11:05:09.215Z, 1145.6660502, 409.365921
1714647909260, 2024-05-02T11:05:09.260Z, 1093.5137274, 399.0805136
1714647909321, 2024-05-02T11:05:09.321Z, 893.3314909999999, 380.5528908
1714647909366, 2024-05-02T11:05:09.366Z, 689.2156081999999, 360.9687876
1714647909412, 2024-05-02T11:05:09.412Z, 485.9662569999999, 341.4495546
1714647909457, 2024-05-02T11:05:09.457Z, 282.054686, 320.5747704
1714647909546, 2024-05-02T11:05:09.546Z, 123.7215218, 306.1024814
1714647909636, 2024-05-02T11:05:09.636Z, 120.4470832, 298.1629402
1714647909681, 2024-05-02T11:05:09.681Z, 117.96705119999999, 287.09629839999997
1714647909741, 2024-05-02T11:05:09.741Z, 113.21281719999999, 276.5731998
1714647909789, 2024-05-02T11:05:09.789Z, 113.5287514, 268.27404320000005
1714647909867, 2024-05-02T11:05:09.867Z, 126.78271939999999, 267.26906879999996
1714647909912, 2024-05-02T11:05:09.912Z, 138.5132596, 269.63009120000004
1714647909952, 2024-05-02T11:05:09.952Z, 167.44290919999997, 273.5617416
1714647909997, 2024-05-02T11:05:09.997Z, 207.2624044, 275.7179158
1714647910088, 2024-05-02T11:05:10.088Z, 241.3486358, 270.23013119999996
1714647910133, 2024-05-02T11:05:10.133Z, 265.5119566, 264.6227648
1714647910179, 2024-05-02T11:05:10.179Z, 291.8528538, 260.824263
1714647910226, 2024-05-02T11:05:10.226Z, 302.143552, 260.027465
1714647910272, 2024-05-02T11:05:10.272Z, 315.63555099999996, 259.8704142
1714647910319, 2024-05-02T11:05:10.319Z, 331.1900918, 264.6638964
1714647910363, 2024-05-02T11:05:10.363Z, 344.6526226, 263.6273608
1714647910391, 2024-05-02T11:05:10.391Z, 345.72451220000005, 252.98307160000005
1714647910407, 2024-05-02T11:05:10.407Z, 344.0499638, 240.492461
1714647910434, 2024-05-02T11:05:10.434Z, 331.4086762, 228.83745100000002
1714647910446, 2024-05-02T11:05:10.446Z, 324.02866439999997, 222.00022399999997
1714647910536, 2024-05-02T11:05:10.536Z, 271.460356, 255.73768520000004
1714647910583, 2024-05-02T11:05:10.583Z, 232.38861199999997, 301.0690798
1714647910631, 2024-05-02T11:05:10.631Z, 196.8759554, 348.10553300000004
1714647910671, 2024-05-02T11:05:10.671Z, 160.1005578, 394.0601252
1714647910722, 2024-05-02T11:05:10.722Z, 106.22407319999999, 427.1206765999999
1714647910813, 2024-05-02T11:05:10.813Z, 96.3191156, 421.78567599999997
1714647910853, 2024-05-02T11:05:10.853Z, 85.598195, 414.9962376
1714647910898, 2024-05-02T11:05:10.898Z, 74.19286579999999, 408.5437612
1714647910987, 2024-05-02T11:05:10.987Z, 97.1311904, 373.22243480000003
1714647911033, 2024-05-02T11:05:11.033Z, 129.91058800000002, 346.5944652
1714647911079, 2024-05-02T11:05:11.079Z, 164.3429102, 320.17493
1714647911121, 2024-05-02T11:05:11.121Z, 198.30701100000002, 294.7130794
1714647911166, 2024-05-02T11:05:11.166Z, 233.04897999999997, 270.9547622
1714647911212, 2024-05-02T11:05:11.212Z, 236.3232718, 275.8031626
1714647911257, 2024-05-02T11:05:11.257Z, 242.7637272, 277.6039830000001
1714647911301, 2024-05-02T11:05:11.301Z, 248.78230739999998, 277.3563078
1714647911439, 2024-05-02T11:05:11.439Z, 264.36548039999997, 277.73137299999996
1714647911485, 2024-05-02T11:05:11.485Z, 279.37556240000004, 273.32374100000004
1714647911528, 2024-05-02T11:05:11.528Z, 284.3767926, 269.7423554
1714647911572, 2024-05-02T11:05:11.572Z, 283.491998, 267.5090248
1714647911617, 2024-05-02T11:05:11.617Z, 282.7932958, 265.83030620000005
1714647911661, 2024-05-02T11:05:11.661Z, 274.6979684, 264.93316999999996
1714647911707, 2024-05-02T11:05:11.707Z, 264.83467939999997, 266.260681
1714647911751, 2024-05-02T11:05:11.751Z, 260.6749774, 264.7845794
1714647911796, 2024-05-02T11:05:11.796Z, 260.82036980000004, 267.30361860000005
1714647911886, 2024-05-02T11:05:11.886Z, 257.309578, 270.1240828
1714647911933, 2024-05-02T11:05:11.933Z, 250.8347862, 268.87030500000003
1714647911980, 2024-05-02T11:05:11.980Z, 246.47063020000002, 270.1429598
1714647912021, 2024-05-02T11:05:12.021Z, 237.29384880000003, 283.481966
1714647912067, 2024-05-02T11:05:12.067Z, 220.85377, 303.534413
1714647912111, 2024-05-02T11:05:12.111Z, 205.35446699999997, 328.9525068
1714647912157, 2024-05-02T11:05:12.157Z, 191.969948, 357.7339976
1714647912201, 2024-05-02T11:05:12.201Z, 177.433922, 384.1825686000001
1714647912246, 2024-05-02T11:05:12.246Z, 168.284923, 400.5606316
1714647912340, 2024-05-02T11:05:12.340Z, 153.58893319999999, 409.8440106
1714647912385, 2024-05-02T11:05:12.385Z, 141.3639068, 413.1131166
1714647912429, 2024-05-02T11:05:12.429Z, 128.1724194, 416.86728759999994
1714647912471, 2024-05-02T11:05:12.471Z, 119.1633748, 420.761223
1714647912516, 2024-05-02T11:05:12.516Z, 127.36762000000002, 424.2413168
1714647912545, 2024-05-02T11:05:12.545Z, 148.7214418, 420.7223094
1714647912561, 2024-05-02T11:05:12.561Z, 169.759979, 418.69128639999997
1714647912607, 2024-05-02T11:05:12.607Z, 190.2278544, 413.6889663999999
1714647912635, 2024-05-02T11:05:12.635Z, 206.2025666, 408.9561054
1714647912651, 2024-05-02T11:05:12.651Z, 206.64300279999998, 405.6853482
1714647912696, 2024-05-02T11:05:12.696Z, 205.63977500000001, 398.79453759999996
1714647912789, 2024-05-02T11:05:12.789Z, 210.2531932, 388.2964508
1714647912835, 2024-05-02T11:05:12.835Z, 214.36094119999998, 379.0082446
1714647912881, 2024-05-02T11:05:12.881Z, 220.099721, 371.72538799999995
1714647912967, 2024-05-02T11:05:12.967Z, 243.5810588, 351.3532592
1714647913011, 2024-05-02T11:05:13.011Z, 268.6323188, 338.67201880000005
1714647913058, 2024-05-02T11:05:13.058Z, 288.9987226, 331.73746339999997
1714647913107, 2024-05-02T11:05:13.107Z, 313.4728812, 319.04267400000003
1714647913130, 2024-05-02T11:05:13.130Z, 340.2353264, 305.86022859999997
1714647913146, 2024-05-02T11:05:13.146Z, 350.0946902, 305.69519859999997
1714647913176, 2024-05-02T11:05:13.176Z, 359.9890724, 306.28915739999997
1714647913220, 2024-05-02T11:05:13.220Z, 370.9109052, 302.9600484
1714647913236, 2024-05-02T11:05:13.236Z, 378.41132980000003, 304.8802044
1714647913266, 2024-05-02T11:05:13.266Z, 382.71638640000003, 304.0753368
1714647913282, 2024-05-02T11:05:13.282Z, 385.1584674, 302.483249
1714647913310, 2024-05-02T11:05:13.310Z, 385.846281, 299.5342786
1714647913326, 2024-05-02T11:05:13.326Z, 385.21513020000003, 298.9382946
1714647913356, 2024-05-02T11:05:13.356Z, 385.4485968, 298.0222256
1714647913372, 2024-05-02T11:05:13.372Z, 386.0420682, 299.64416900000003
1714647913401, 2024-05-02T11:05:13.401Z, 386.34024519999997, 301.281179
1714647913416, 2024-05-02T11:05:13.416Z, 387.05971819999996, 303.3366912
1714647913449, 2024-05-02T11:05:13.449Z, 386.8497674, 305.125414
1714647913461, 2024-05-02T11:05:13.461Z, 386.8694792, 309.3309666
1714647913508, 2024-05-02T11:05:13.508Z, 385.3511998, 311.53710179999996
1714647913535, 2024-05-02T11:05:13.535Z, 381.0860616, 312.2924832
1714647913552, 2024-05-02T11:05:13.552Z, 376.9394212, 313.59045440000006
1714647913581, 2024-05-02T11:05:13.581Z, 373.16606740000003, 313.82809699999996
1714647913596, 2024-05-02T11:05:13.596Z, 368.709045, 312.4184214
1714647913627, 2024-05-02T11:05:13.627Z, 365.31412259999996, 311.0024186
1714647913687, 2024-05-02T11:05:13.687Z, 365.5702752, 314.1917012
1714647913731, 2024-05-02T11:05:13.731Z, 358.6519978, 316.35559920000003
1714647913777, 2024-05-02T11:05:13.777Z, 348.12858100000005, 316.0782348
1714647913821, 2024-05-02T11:05:13.821Z, 337.83468660000005, 316.360384
1714647913896, 2024-05-02T11:05:13.896Z, 339.6727126, 315.697053
1714647913964, 2024-05-02T11:05:13.964Z, 349.4938906, 316.1011546
1714647913986, 2024-05-02T11:05:13.986Z, 368.7491332, 313.4827764
1714647914002, 2024-05-02T11:05:14.002Z, 392.7478998, 313.39573939999997
1714647914033, 2024-05-02T11:05:14.033Z, 416.5314262, 311.3421228
1714647914049, 2024-05-02T11:05:14.049Z, 427.6820528, 312.0477338
1714647914080, 2024-05-02T11:05:14.080Z, 429.24174600000003, 309.37520059999997
1714647914137, 2024-05-02T11:05:14.137Z, 422.90005, 309.8761732
1714647914182, 2024-05-02T11:05:14.182Z, 402.80744960000004, 310.2302506
1714647914226, 2024-05-02T11:05:14.226Z, 382.79782459999996, 311.59185160000004
1714647914271, 2024-05-02T11:05:14.271Z, 352.8959054, 313.3984736
1714647914316, 2024-05-02T11:05:14.316Z, 323.98437540000003, 317.0261074
1714647914361, 2024-05-02T11:05:14.361Z, 301.3553336, 321.2205474
1714647914498, 2024-05-02T11:05:14.498Z, 259.1967044, 328.6222322
1714647914858, 2024-05-02T11:05:14.858Z, 246.56587799999997, 345.522264
1714647914886, 2024-05-02T11:05:14.886Z, 275.256375, 352.7627284
1714647914902, 2024-05-02T11:05:14.902Z, 298.32133059999995, 360.7294826
1714647914932, 2024-05-02T11:05:14.932Z, 317.74708, 370.16270199999997
1714647914948, 2024-05-02T11:05:14.948Z, 369.8683359999999, 377.4253498
1714647914978, 2024-05-02T11:05:14.978Z, 392.602491, 374.1040626
1714647915021, 2024-05-02T11:05:15.021Z, 384.39115319999996, 377.1802272
1714647915037, 2024-05-02T11:05:15.037Z, 381.5234176, 376.4232194
1714647915066, 2024-05-02T11:05:15.066Z, 372.5332542, 362.30796440000006
1714647915082, 2024-05-02T11:05:15.082Z, 363.95380539999996, 347.71140180000003
1714647915110, 2024-05-02T11:05:15.110Z, 358.143784, 334.93211720000005
1714647915126, 2024-05-02T11:05:15.126Z, 357.4619124, 325.4217202
1714647915156, 2024-05-02T11:05:15.156Z, 356.96747059999996, 316.698465
1714647915170, 2024-05-02T11:05:15.170Z, 366.867281, 319.35908299999994
1714647915200, 2024-05-02T11:05:15.200Z, 376.74982259999996, 320.3780726
1714647915245, 2024-05-02T11:05:15.245Z, 382.913146, 320.1393212
1714647915260, 2024-05-02T11:05:15.260Z, 384.5597596, 319.005843
1714647915311, 2024-05-02T11:05:15.311Z, 380.5822254, 316.2790864
1714647915351, 2024-05-02T11:05:15.351Z, 371.1135914, 313.00490720000005
1714647915398, 2024-05-02T11:05:15.398Z, 347.1909946, 307.6747034
1714647915486, 2024-05-02T11:05:15.486Z, 319.52976980000005, 304.35655940000004
1714647915531, 2024-05-02T11:05:15.531Z, 289.41577800000005, 296.47026900000003
1714647915575, 2024-05-02T11:05:15.575Z, 269.34687160000004, 291.453056
1714647915606, 2024-05-02T11:05:15.606Z, 279.269872, 289.9435
1714647915621, 2024-05-02T11:05:15.621Z, 318.3031274, 293.7753028
1714647915650, 2024-05-02T11:05:15.650Z, 431.35142799999994, 301.03604740000003
1714647915670, 2024-05-02T11:05:15.670Z, 597.6067049999999, 317.0488716
1714647915695, 2024-05-02T11:05:15.695Z, 768.7919446000001, 331.48936999999995
1714647915711, 2024-05-02T11:05:15.711Z, 932.2946476000001, 340.6744838
1714647915757, 2024-05-02T11:05:15.757Z, 1055.8795261999999, 346.6667638
1714647915803, 2024-05-02T11:05:15.803Z, 1150.6865252, 348.56441159999997
1714647915833, 2024-05-02T11:05:15.833Z, 1191.6509434000002, 347.582813
1714647915849, 2024-05-02T11:05:15.849Z, 1222.5903322, 347.851994
1714647915880, 2024-05-02T11:05:15.880Z, 1242.9079216, 350.4706322
1714647915924, 2024-05-02T11:05:15.924Z, 1292.3078718, 353.0564572
1714647915969, 2024-05-02T11:05:15.969Z, 1307.5693704, 353.1768252
1714647916015, 2024-05-02T11:05:16.015Z, 1325.8031202, 346.70041060000005
1714647916060, 2024-05-02T11:05:16.060Z, 1339.6107516, 331.01126480000005
1714647916074, 2024-05-02T11:05:16.074Z, 1345.3751132, 314.6729636
1714647916114, 2024-05-02T11:05:16.114Z, 1347.2129998, 299.3571448
1714647916130, 2024-05-02T11:05:16.130Z, 1350.3037986, 283.64363
1714647916162, 2024-05-02T11:05:16.162Z, 1351.3976124, 272.9691032
1714647916177, 2024-05-02T11:05:16.177Z, 1355.931955, 270.5813052
1714647916209, 2024-05-02T11:05:16.209Z, 1363.1436264, 267.78303919999996
1714647916240, 2024-05-02T11:05:16.240Z, 1364.124016, 276.8884792
1714647916255, 2024-05-02T11:05:16.255Z, 1354.0081367999999, 294.1644924
1714647916286, 2024-05-02T11:05:16.286Z, 1344.8040136, 313.45050919999994
1714647916333, 2024-05-02T11:05:16.333Z, 1350.1555996, 319.6846729999999
1714647916372, 2024-05-02T11:05:16.372Z, 1340.7513228, 332.7847644
1714647916388, 2024-05-02T11:05:16.388Z, 1334.9586296, 335.990327
1714647916417, 2024-05-02T11:05:16.417Z, 1306.3958644, 339.5589002
1714647916462, 2024-05-02T11:05:16.462Z, 1285.5497036000002, 342.5173436
1714647916481, 2024-05-02T11:05:16.481Z, 1243.7534908, 359.5131696
1714647916511, 2024-05-02T11:05:16.511Z, 1211.8416826, 366.45641140000004
1714647916522, 2024-05-02T11:05:16.522Z, 1181.9689886, 374.5457252
1714647916552, 2024-05-02T11:05:16.552Z, 1174.6288022, 372.2284034
1714647916570, 2024-05-02T11:05:16.570Z, 1161.16309, 368.239384
1714647916598, 2024-05-02T11:05:16.598Z, 1186.6128844, 354.9140906
1714647916614, 2024-05-02T11:05:16.614Z, 1214.5798936, 345.5999178
1714647916658, 2024-05-02T11:05:16.658Z, 1249.3891376, 333.1269658
1714647916687, 2024-05-02T11:05:16.687Z, 1289.3372662, 326.06751859999997
1714647916702, 2024-05-02T11:05:16.702Z, 1329.5499062, 319.9170446
1714647916732, 2024-05-02T11:05:16.732Z, 1338.2122421999998, 319.470564
1714647916748, 2024-05-02T11:05:16.748Z, 1347.9180231999999, 320.0356502000001
1714647916778, 2024-05-02T11:05:16.778Z, 1350.1156405999998, 321.856169
1714647916805, 2024-05-02T11:05:16.805Z, 1348.2806954, 326.5950684
1714647916822, 2024-05-02T11:05:16.822Z, 1344.3039144000002, 329.9485892
1714647916842, 2024-05-02T11:05:16.842Z, 1339.1715058000002, 334.7095022
1714647916867, 2024-05-02T11:05:16.867Z, 1331.0995404, 339.140379
1714647916882, 2024-05-02T11:05:16.882Z, 1318.6779138, 347.077401
1714647916928, 2024-05-02T11:05:16.928Z, 1306.3326757999998, 352.04051
1714647916944, 2024-05-02T11:05:16.944Z, 1293.3624696000002, 356.866986
1714647916959, 2024-05-02T11:05:16.959Z, 1281.103284, 362.3909286
1714647916975, 2024-05-02T11:05:16.975Z, 1270.8425372000002, 367.295831
1714647917006, 2024-05-02T11:05:17.006Z, 1266.0278640000001, 368.244242
1714647917021, 2024-05-02T11:05:17.021Z, 1263.171137, 367.57747159999997
1714647917037, 2024-05-02T11:05:17.037Z, 1263.298422, 367.8097858
1714647917052, 2024-05-02T11:05:17.052Z, 1263.9097876, 368.93805940000004
1714647917067, 2024-05-02T11:05:17.067Z, 1264.5530136000002, 370.044942
1714647917109, 2024-05-02T11:05:17.109Z, 1257.140134, 369.8021742
1714647917137, 2024-05-02T11:05:17.137Z, 1240.645187, 367.88196819999996
1714647917153, 2024-05-02T11:05:17.153Z, 1223.1532157999998, 365.8145329999999
1714647917181, 2024-05-02T11:05:17.181Z, 1206.8064246, 363.7773086
1714647917198, 2024-05-02T11:05:17.198Z, 1187.0165824, 365.6401018
1714647917227, 2024-05-02T11:05:17.227Z, 1172.6127958000002, 370.8293994
1714647917256, 2024-05-02T11:05:17.256Z, 1163.9008666, 378.259423
1714647917272, 2024-05-02T11:05:17.272Z, 1151.7518393999999, 385.8243148
1714647917288, 2024-05-02T11:05:17.288Z, 1134.3033774, 393.1198956
1714647917303, 2024-05-02T11:05:17.303Z, 1118.1060882, 397.91511479999997
1714647917318, 2024-05-02T11:05:17.318Z, 1102.9358698, 400.6686302
1714647917334, 2024-05-02T11:05:17.334Z, 1092.5802288, 402.57342259999996
1714647917349, 2024-05-02T11:05:17.349Z, 1084.115092, 404.3189228
1714647917365, 2024-05-02T11:05:17.365Z, 1081.4768012, 405.3103406000001
1714647917380, 2024-05-02T11:05:17.380Z, 1081.8995705999998, 405.1573196
1714647917409, 2024-05-02T11:05:17.409Z, 1083.6066686, 404.5653812
1714647917423, 2024-05-02T11:05:17.423Z, 1085.1932676000001, 404.0374232
1714647917433, 2024-05-02T11:05:17.433Z, 1088.3270932, 403.40300560000003
1714647917452, 2024-05-02T11:05:17.452Z, 1090.5457992, 403.1512596
1714647917468, 2024-05-02T11:05:17.468Z, 1092.0316361999999, 402.55491040000004
1714647917481, 2024-05-02T11:05:17.481Z, 1093.6929474, 401.94831540000007
1714647917507, 2024-05-02T11:05:17.507Z, 1095.2784044, 401.48517200000003
1714647917523, 2024-05-02T11:05:17.523Z, 1098.152431, 401.2792144
1714647917539, 2024-05-02T11:05:17.539Z, 1102.0114224000001, 401.0588908
1714647917559, 2024-05-02T11:05:17.559Z, 1108.4999543999998, 402.23070820000004
1714647917571, 2024-05-02T11:05:17.571Z, 1115.7751801999998, 405.79642179999996
1714647917587, 2024-05-02T11:05:17.587Z, 1124.0436398, 412.7793436
1714647917603, 2024-05-02T11:05:17.603Z, 1130.5106652, 419.2226746
1714647917618, 2024-05-02T11:05:17.618Z, 1136.4521148, 424.1094486
1714647917634, 2024-05-02T11:05:17.634Z, 1139.9945966, 427.16241059999993
1714647917650, 2024-05-02T11:05:17.650Z, 1143.3920446, 429.54670120000003
1714647917665, 2024-05-02T11:05:17.665Z, 1145.7900212, 429.05106420000004
1714647917681, 2024-05-02T11:05:17.681Z, 1149.1706221999998, 429.35393159999995
1714647917706, 2024-05-02T11:05:17.706Z, 1155.7928471999999, 431.4055768
1714647917722, 2024-05-02T11:05:17.722Z, 1172.4507595999999, 435.05693099999996
1714647917737, 2024-05-02T11:05:17.737Z, 1190.5421922, 437.1442156
1714647917752, 2024-05-02T11:05:17.752Z, 1209.9040206, 438.9441422
1714647917767, 2024-05-02T11:05:17.767Z, 1232.5766079999999, 437.8765936
1714647917788, 2024-05-02T11:05:17.788Z, 1253.317829, 435.4819926
1714647917794, 2024-05-02T11:05:17.794Z, 1267.411147, 433.7361326
1714647917812, 2024-05-02T11:05:17.812Z, 1279.470513, 433.4073783999999
1714647917828, 2024-05-02T11:05:17.828Z, 1289.0079852000001, 433.91472880000003
1714647917862, 2024-05-02T11:05:17.862Z, 1293.5839426, 437.19693559999996
1714647917885, 2024-05-02T11:05:17.885Z, 1296.8057868, 440.91290719999995
1714647917902, 2024-05-02T11:05:17.902Z, 1295.5408882000002, 442.4891452
1714647917918, 2024-05-02T11:05:17.918Z, 1292.9275446000001, 444.4951476
1714647917931, 2024-05-02T11:05:17.931Z, 1290.4323386, 447.404896
1714647917947, 2024-05-02T11:05:17.947Z, 1289.3250354, 451.3431452
1714647917964, 2024-05-02T11:05:17.964Z, 1288.6103904, 461.3706174
1714647917977, 2024-05-02T11:05:17.977Z, 1288.3820658, 473.00349560000006
1714647918017, 2024-05-02T11:05:18.017Z, 1289.5394216, 485.9610526
1714647918036, 2024-05-02T11:05:18.036Z, 1290.3580236, 497.55643139999995
1714647918051, 2024-05-02T11:05:18.051Z, 1291.0227076, 507.91632439999995
1714647918062, 2024-05-02T11:05:18.062Z, 1291.8204096000002, 513.0435662
1714647918081, 2024-05-02T11:05:18.081Z, 1294.7560230000004, 516.6116571999999
1714647918106, 2024-05-02T11:05:18.106Z, 1295.630522, 516.4072454
1714647918125, 2024-05-02T11:05:18.125Z, 1297.3837129999997, 516.5239159999999
1714647918153, 2024-05-02T11:05:18.153Z, 1298.4888872, 516.7388198
1714647918171, 2024-05-02T11:05:18.171Z, 1297.1900046, 516.2658458
1714647918186, 2024-05-02T11:05:18.186Z, 1294.4170259999999, 516.7933278
1714647918197, 2024-05-02T11:05:18.197Z, 1292.8906954000001, 516.7717366
1714647918216, 2024-05-02T11:05:18.216Z, 1290.8841286000002, 515.7007364
1714647918242, 2024-05-02T11:05:18.242Z, 1286.9285123999998, 513.1137850000001
1714647918266, 2024-05-02T11:05:18.266Z, 1284.4572220000002, 511.2292976
1714647918282, 2024-05-02T11:05:18.282Z, 1281.958787, 509.49023199999993
1714647918310, 2024-05-02T11:05:18.310Z, 1279.7580314000002, 508.2792456
1714647918326, 2024-05-02T11:05:18.326Z, 1278.120852, 507.89603
1714647918337, 2024-05-02T11:05:18.337Z, 1278.9641350000002, 510.4479264
1714647918367, 2024-05-02T11:05:18.367Z, 1280.0402984, 512.2980824
1714647918383, 2024-05-02T11:05:18.383Z, 1279.5821738, 514.295128
1714647918399, 2024-05-02T11:05:18.399Z, 1274.7586070000002, 517.8024015999999
1714647918415, 2024-05-02T11:05:18.415Z, 1269.3612428000001, 520.5269128000001
1714647918430, 2024-05-02T11:05:18.430Z, 1263.305476, 521.5253627999999
1714647918462, 2024-05-02T11:05:18.462Z, 1253.1556008, 522.6869773999999
1714647918476, 2024-05-02T11:05:18.476Z, 1244.4505442, 523.3399363999999
1714647918492, 2024-05-02T11:05:18.492Z, 1238.449188, 521.9750956
1714647918508, 2024-05-02T11:05:18.508Z, 1231.6934535999999, 520.3165620000001
1714647918538, 2024-05-02T11:05:18.538Z, 1225.658003, 518.2166314
1714647918554, 2024-05-02T11:05:18.554Z, 1223.419187, 516.9400544
1714647918569, 2024-05-02T11:05:18.569Z, 1223.4847702, 517.2365402
1714647918584, 2024-05-02T11:05:18.584Z, 1224.521636, 519.785637
1714647918624, 2024-05-02T11:05:18.624Z, 1227.7879044000001, 522.0634189999998
1714647918640, 2024-05-02T11:05:18.640Z, 1231.1793424, 523.1983191999999
1714647918671, 2024-05-02T11:05:18.671Z, 1233.8691528, 522.3194749999999
1714647918684, 2024-05-02T11:05:18.684Z, 1233.5670514, 519.1111159999999
1714647918714, 2024-05-02T11:05:18.714Z, 1233.8555898, 515.3800957999999
1714647918729, 2024-05-02T11:05:18.729Z, 1232.529785, 512.7760163999999
1714647918760, 2024-05-02T11:05:18.760Z, 1231.463697, 512.295161
1714647918775, 2024-05-02T11:05:18.775Z, 1233.0197366, 514.4102751999999
1714647918788, 2024-05-02T11:05:18.788Z, 1234.2312795999999, 518.1773524
1714647918804, 2024-05-02T11:05:18.804Z, 1235.2625916, 519.1881629999999
1714647918820, 2024-05-02T11:05:18.820Z, 1237.1166668, 519.7182522
1714647918836, 2024-05-02T11:05:18.836Z, 1239.3870144, 520.2216108
1714647918851, 2024-05-02T11:05:18.851Z, 1238.875744, 518.7125302000001
1714647918867, 2024-05-02T11:05:18.867Z, 1239.2974998000002, 516.0615224000001
1714647918883, 2024-05-02T11:05:18.883Z, 1239.7043601999999, 514.5199428000001
1714647918909, 2024-05-02T11:05:18.909Z, 1240.0993806, 514.024031
1714647918919, 2024-05-02T11:05:18.919Z, 1240.1187845999998, 513.1371742
1714647918937, 2024-05-02T11:05:18.937Z, 1240.0941694, 513.0656786
1714647918952, 2024-05-02T11:05:18.952Z, 1239.57172, 511.64872
1714647918962, 2024-05-02T11:05:18.962Z, 1239.1972992, 510.0060596
1714647918986, 2024-05-02T11:05:18.986Z, 1236.711933, 505.87450079999996
1714647918997, 2024-05-02T11:05:18.997Z, 1233.9786636000001, 502.04531719999994
1714647919010, 2024-05-02T11:05:19.010Z, 1232.6291999999999, 497.3714472
1714647919026, 2024-05-02T11:05:19.026Z, 1230.614694, 493.2621072
1714647919054, 2024-05-02T11:05:19.054Z, 1229.152038, 490.8765306
1714647919072, 2024-05-02T11:05:19.072Z, 1228.9236062, 489.7668552
1714647919104, 2024-05-02T11:05:19.104Z, 1222.631831, 488.5986564
1714647919119, 2024-05-02T11:05:19.119Z, 1212.1686082, 488.60919060000003
1714647919150, 2024-05-02T11:05:19.150Z, 1198.9926852000003, 489.6164252
1714647919166, 2024-05-02T11:05:19.166Z, 1179.1561126000001, 490.3413856
1714647919181, 2024-05-02T11:05:19.181Z, 1158.705707, 489.69061
1714647919207, 2024-05-02T11:05:19.207Z, 1143.2336712000001, 489.78282
1714647919237, 2024-05-02T11:05:19.237Z, 1130.9092821999998, 488.38147
1714647919251, 2024-05-02T11:05:19.251Z, 1120.7843874, 483.9441352
1714647919266, 2024-05-02T11:05:19.266Z, 1118.193467, 479.8850572
1714647919277, 2024-05-02T11:05:19.277Z, 1118.0952562, 478.30751380000004
1714647919296, 2024-05-02T11:05:19.296Z, 1119.020703, 476.4476388
1714647919312, 2024-05-02T11:05:19.312Z, 1119.6458768, 477.443725
1714647919357, 2024-05-02T11:05:19.357Z, 1121.6382598, 483.2096866
1714647919387, 2024-05-02T11:05:19.387Z, 1117.298856, 491.8335154
1714647919402, 2024-05-02T11:05:19.402Z, 1114.6408992000001, 498.49203959999994
1714647919432, 2024-05-02T11:05:19.432Z, 1108.767797, 506.1422982
1714647919451, 2024-05-02T11:05:19.451Z, 1104.5015134, 513.615506
1714647919479, 2024-05-02T11:05:19.479Z, 1099.8793060000003, 518.3217498
1714647919522, 2024-05-02T11:05:19.522Z, 1099.8960220000001, 520.0758598
1714647919537, 2024-05-02T11:05:19.537Z, 1096.848801, 523.0993864
1714647919566, 2024-05-02T11:05:19.566Z, 1093.0061412, 526.3149998
1714647919581, 2024-05-02T11:05:19.581Z, 1087.1614356, 531.1203808
1714647919611, 2024-05-02T11:05:19.611Z, 1081.7553432, 536.5050466
1714647919626, 2024-05-02T11:05:19.626Z, 1077.8234178, 540.3708812
1714647919657, 2024-05-02T11:05:19.657Z, 1074.1394830000002, 544.1371901999998
1714647919672, 2024-05-02T11:05:19.672Z, 1075.238339, 546.1425830000001
1714647919705, 2024-05-02T11:05:19.705Z, 1077.7642882, 545.6036424
1714647919729, 2024-05-02T11:05:19.729Z, 1084.018143, 547.7425258000001
1714647919746, 2024-05-02T11:05:19.746Z, 1090.9346516, 557.3841714
1714647919762, 2024-05-02T11:05:19.762Z, 1097.3630204, 565.31387
1714647919776, 2024-05-02T11:05:19.776Z, 1103.6876682000002, 575.4060619999999
1714647919808, 2024-05-02T11:05:19.808Z, 1112.9635719999999, 588.591065
1714647919824, 2024-05-02T11:05:19.824Z, 1118.4036416000001, 598.7994898
1714647919854, 2024-05-02T11:05:19.854Z, 1124.7426255999999, 603.2531544000001
1714647919869, 2024-05-02T11:05:19.869Z, 1152.6305486, 606.8864786
1714647919885, 2024-05-02T11:05:19.885Z, 1179.9409652, 609.620243
1714647919900, 2024-05-02T11:05:19.900Z, 1205.6566567999998, 608.7267881999999
1714647919915, 2024-05-02T11:05:19.915Z, 1231.3744204000002, 609.1655521999999
1714647919930, 2024-05-02T11:05:19.930Z, 1255.5254737999999, 610.1010048
1714647919953, 2024-05-02T11:05:19.953Z, 1257.4174268000002, 615.0757517999999
1714647919971, 2024-05-02T11:05:19.971Z, 1258.9177532, 617.6054048
1714647919987, 2024-05-02T11:05:19.987Z, 1259.0633004, 620.0462657999999
1714647920003, 2024-05-02T11:05:20.003Z, 1258.819184, 621.6229196
1714647920016, 2024-05-02T11:05:20.016Z, 1259.1798916, 620.9534614000002
1714647920031, 2024-05-02T11:05:20.031Z, 1259.3981656, 617.7359712
1714647920047, 2024-05-02T11:05:20.047Z, 1259.8538368000002, 615.7735638
1714647920061, 2024-05-02T11:05:20.061Z, 1265.4686992000002, 613.6659876
1714647920083, 2024-05-02T11:05:20.083Z, 1273.668731, 610.4948062000001
1714647920107, 2024-05-02T11:05:20.107Z, 1288.9543446, 607.9892472
1714647920128, 2024-05-02T11:05:20.128Z, 1309.0415467999999, 606.9417438
1714647920151, 2024-05-02T11:05:20.151Z, 1329.3909814, 605.1240066
1714647920167, 2024-05-02T11:05:20.167Z, 1343.782246, 603.8009743999999
1714647920197, 2024-05-02T11:05:20.197Z, 1360.1432426, 604.6779700000001
1714647920228, 2024-05-02T11:05:20.228Z, 1369.0723344, 606.2050185999999
1714647920257, 2024-05-02T11:05:20.257Z, 1374.8634098, 608.2579051999999
1714647920286, 2024-05-02T11:05:20.286Z, 1380.7004222, 611.2666345999999
1714647920301, 2024-05-02T11:05:20.301Z, 1386.9036380000002, 614.2005466
1714647920331, 2024-05-02T11:05:20.331Z, 1367.1125102, 623.5890196
1714647920346, 2024-05-02T11:05:20.346Z, 1341.5407514, 633.7548072
1714647920356, 2024-05-02T11:05:20.356Z, 1311.7899942, 641.6461728
1714647920376, 2024-05-02T11:05:20.376Z, 1279.4713458, 648.7462982
1714647920403, 2024-05-02T11:05:20.403Z, 1242.0597016, 653.6990928
1714647920421, 2024-05-02T11:05:20.421Z, 1210.4600094, 645.0671382
1714647920449, 2024-05-02T11:05:20.449Z, 1187.0499664, 631.8934012000001
1714647920464, 2024-05-02T11:05:20.464Z, 1165.9408528, 623.5210898
1714647920480, 2024-05-02T11:05:20.480Z, 1144.6437252, 612.3155724
1714647920495, 2024-05-02T11:05:20.495Z, 1127.7988576, 602.4000542
1714647920511, 2024-05-02T11:05:20.511Z, 1131.6323486000001, 599.498304
1714647920526, 2024-05-02T11:05:20.526Z, 1131.8617548000002, 599.7528448
1714647920557, 2024-05-02T11:05:20.557Z, 1141.7723451999998, 597.8150410000001
1714647920573, 2024-05-02T11:05:20.573Z, 1183.6780119999999, 600.4709218
1714647920604, 2024-05-02T11:05:20.604Z, 1233.3565288, 603.8373728
1714647920619, 2024-05-02T11:05:20.619Z, 1280.9098502000002, 605.6791164
1714647920635, 2024-05-02T11:05:20.635Z, 1338.6587424, 608.7113241999999
1714647920651, 2024-05-02T11:05:20.651Z, 1388.2387444, 609.4608209999999
1714647920667, 2024-05-02T11:05:20.667Z, 1408.0896718, 608.4371024
1714647920736, 2024-05-02T11:05:20.736Z, 1425.3292205999999, 605.8386628000001
1714647920781, 2024-05-02T11:05:20.781Z, 1444.1435384000001, 596.0259636
1714647920796, 2024-05-02T11:05:20.796Z, 1442.4857616, 585.5968288
1714647920808, 2024-05-02T11:05:20.808Z, 1432.6404658, 578.0216711999999
1714647920826, 2024-05-02T11:05:20.826Z, 1419.669694, 571.2757595999999
1714647920870, 2024-05-02T11:05:20.870Z, 1394.3841544000002, 560.5073248
1714647920886, 2024-05-02T11:05:20.886Z, 1366.4214018, 557.9504575999999
1714647920918, 2024-05-02T11:05:20.918Z, 1347.0278612, 552.3644946000001
1714647920965, 2024-05-02T11:05:20.965Z, 1324.4706013999999, 547.1492552
1714647920980, 2024-05-02T11:05:20.980Z, 1306.472927, 541.6549048
1714647921007, 2024-05-02T11:05:21.007Z, 1285.927871, 541.2797912
1714647921021, 2024-05-02T11:05:21.021Z, 1260.9716676, 539.4429494
1714647921031, 2024-05-02T11:05:21.031Z, 1231.7891062, 540.7983419999999
1714647921050, 2024-05-02T11:05:21.050Z, 1213.6417384000001, 540.0055490000001
1714647921066, 2024-05-02T11:05:21.066Z, 1192.3793436, 537.9362870000001
1714647921076, 2024-05-02T11:05:21.076Z, 1182.1191388000002, 536.7635366000001
1714647921101, 2024-05-02T11:05:21.101Z, 1176.7434174000002, 536.961281
1714647921111, 2024-05-02T11:05:21.111Z, 1175.5919334, 536.6468684
1714647921121, 2024-05-02T11:05:21.121Z, 1168.7491904000003, 536.3479824
1714647921157, 2024-05-02T11:05:21.157Z, 1159.4558888000001, 536.8344902000001
1714647921167, 2024-05-02T11:05:21.167Z, 1148.4969296, 536.3723084
1714647921186, 2024-05-02T11:05:21.186Z, 1135.5050343999999, 535.2196528
1714647921201, 2024-05-02T11:05:21.201Z, 1123.6371668, 534.0003237999999
1714647921215, 2024-05-02T11:05:21.215Z, 1116.6014672000001, 532.8394215999999
1714647921231, 2024-05-02T11:05:21.231Z, 1114.3001852, 531.9725769999999
1714647921252, 2024-05-02T11:05:21.252Z, 1112.3884404, 531.8717833999999
1714647921260, 2024-05-02T11:05:21.260Z, 1111.5195272, 531.7984454
1714647921278, 2024-05-02T11:05:21.278Z, 1110.4352434, 531.574617
1714647921303, 2024-05-02T11:05:21.303Z, 1110.4375361999998, 530.8657246
1714647921321, 2024-05-02T11:05:21.321Z, 1110.0675150000002, 530.4510928
1714647921336, 2024-05-02T11:05:21.336Z, 1110.8328589999999, 530.7738432000001
1714647921346, 2024-05-02T11:05:21.346Z, 1111.1095234, 531.301051
1714647921366, 2024-05-02T11:05:21.366Z, 1112.1786252, 531.6188414000001
1714647921380, 2024-05-02T11:05:21.380Z, 1114.2297054, 530.2716126
1714647921391, 2024-05-02T11:05:21.391Z, 1116.2775254, 528.2005948000001
1714647921411, 2024-05-02T11:05:21.411Z, 1117.870671, 525.0087526
1714647921426, 2024-05-02T11:05:21.426Z, 1119.3994816, 521.1263495999999
1714647921457, 2024-05-02T11:05:21.457Z, 1126.4395378000002, 515.048507
1714647921471, 2024-05-02T11:05:21.471Z, 1130.8410022000003, 510.5577915999999
1714647921481, 2024-05-02T11:05:21.481Z, 1141.8299738, 505.66983680000004
1714647921500, 2024-05-02T11:05:21.500Z, 1157.456577, 501.0935362
1714647921516, 2024-05-02T11:05:21.516Z, 1173.5284596000001, 498.19119220000005
1714647921527, 2024-05-02T11:05:21.527Z, 1190.9956978, 499.36996120000003
1714647921551, 2024-05-02T11:05:21.551Z, 1212.7290698000002, 502.1170638
1714647921561, 2024-05-02T11:05:21.561Z, 1227.6350984, 506.2514324
1714647921572, 2024-05-02T11:05:21.572Z, 1237.6130568, 510.7164192
1714647921606, 2024-05-02T11:05:21.606Z, 1246.573587, 514.5488524
1714647921617, 2024-05-02T11:05:21.617Z, 1248.6064078000002, 516.3911142
1714647921636, 2024-05-02T11:05:21.636Z, 1237.4708574, 520.2354934
1714647921650, 2024-05-02T11:05:21.650Z, 1218.4245231999998, 525.7096958
1714647921665, 2024-05-02T11:05:21.665Z, 1198.7547826000002, 531.1907324
1714647921680, 2024-05-02T11:05:21.680Z, 1175.3158176000002, 537.2878767999998
1714647921696, 2024-05-02T11:05:21.696Z, 1151.2691574, 543.8688205999999
1714647921712, 2024-05-02T11:05:21.712Z, 1137.2209526000001, 547.2728164000001
1714647921727, 2024-05-02T11:05:21.727Z, 1129.742864, 548.4212206
1714647921753, 2024-05-02T11:05:21.753Z, 1122.8603337999998, 549.1300518
1714647921771, 2024-05-02T11:05:21.771Z, 1119.9642737999998, 549.0697436
1714647921786, 2024-05-02T11:05:21.786Z, 1116.7012789999999, 548.5874016
1714647921797, 2024-05-02T11:05:21.797Z, 1113.1187746, 547.8672894
1714647921816, 2024-05-02T11:05:21.816Z, 1103.410382, 545.039571
1714647921831, 2024-05-02T11:05:21.831Z, 1095.9115352000001, 541.8838678
1714647921842, 2024-05-02T11:05:21.842Z, 1088.5677028, 538.2075372
1714647921861, 2024-05-02T11:05:21.861Z, 1084.1301308, 534.337802
1714647921876, 2024-05-02T11:05:21.876Z, 1081.3996671999998, 531.2845602
1714647921907, 2024-05-02T11:05:21.907Z, 1085.8185878, 530.6829954
1714647921921, 2024-05-02T11:05:21.921Z, 1088.765432, 530.0405232
1714647921931, 2024-05-02T11:05:21.931Z, 1091.873229, 529.4246944
1714647921950, 2024-05-02T11:05:21.950Z, 1092.8827898, 529.3598918
1714647921965, 2024-05-02T11:05:21.965Z, 1093.271456, 529.0113888
1714647921976, 2024-05-02T11:05:21.976Z, 1093.6072356, 528.5621304
1714647921996, 2024-05-02T11:05:21.996Z, 1093.674173, 528.9991004000001
1714647922017, 2024-05-02T11:05:22.017Z, 1093.4448192000002, 530.2006362
1714647922037, 2024-05-02T11:05:22.037Z, 1093.3618882, 531.5013974000001
1714647922057, 2024-05-02T11:05:22.057Z, 1092.553249, 533.272058
1714647922067, 2024-05-02T11:05:22.067Z, 1091.7586024, 535.5928436
1714647922086, 2024-05-02T11:05:22.086Z, 1090.7415452, 538.2508738
1714647922100, 2024-05-02T11:05:22.100Z, 1088.2709268, 540.0201738
1714647922115, 2024-05-02T11:05:22.115Z, 1086.9748054, 541.5722152000001
1714647922131, 2024-05-02T11:05:22.131Z, 1085.6521938, 541.5681322
1714647922146, 2024-05-02T11:05:22.146Z, 1084.4465972, 539.6380876000001
1714647922162, 2024-05-02T11:05:22.162Z, 1083.5032604, 536.9480656000001
1714647922178, 2024-05-02T11:05:22.178Z, 1084.9501676, 534.8542182
1714647922202, 2024-05-02T11:05:22.202Z, 1084.9922576000001, 533.3028516
1714647922220, 2024-05-02T11:05:22.220Z, 1085.9074196000001, 532.7027446
1714647922235, 2024-05-02T11:05:22.235Z, 1087.3900432000003, 533.9313958
1714647922246, 2024-05-02T11:05:22.246Z, 1089.1599034, 535.4831526
1714647922292, 2024-05-02T11:05:22.292Z, 1090.0528456, 537.0481344
1714647922356, 2024-05-02T11:05:22.356Z, 1120.2674106000002, 531.7511818
1714647922371, 2024-05-02T11:05:22.371Z, 1153.1588182, 528.1202765999999
1714647922400, 2024-05-02T11:05:22.400Z, 1190.058888, 524.326763
1714647922426, 2024-05-02T11:05:22.426Z, 1228.2027276000001, 519.6046702
1714647922451, 2024-05-02T11:05:22.451Z, 1266.2802922000003, 514.7936821999999
1714647922467, 2024-05-02T11:05:22.467Z, 1275.0692270000002, 517.7049279999999
1714647922480, 2024-05-02T11:05:22.480Z, 1280.8154998000002, 518.7647626
1714647922538, 2024-05-02T11:05:22.538Z, 1260.6570538, 519.5505602
1714647922553, 2024-05-02T11:05:22.553Z, 1235.603681, 521.5664003999999
1714647922582, 2024-05-02T11:05:22.582Z, 1201.9962046, 521.3638533999999
1714647922601, 2024-05-02T11:05:22.601Z, 1167.5502314, 517.8038933999999
1714647922612, 2024-05-02T11:05:22.612Z, 1134.20259, 515.6474258000001
1714647922628, 2024-05-02T11:05:22.628Z, 1121.0411972, 514.7668686000001
1714647922656, 2024-05-02T11:05:22.656Z, 1110.956619, 512.8992914
1714647922673, 2024-05-02T11:05:22.673Z, 1108.6841552, 511.32203960000004
1714647922690, 2024-05-02T11:05:22.690Z, 1108.6474148, 511.65249620000003
1714647922705, 2024-05-02T11:05:22.705Z, 1107.300632, 510.6226428
1714647922721, 2024-05-02T11:05:22.721Z, 1108.6367998, 506.8705734
1714647922736, 2024-05-02T11:05:22.736Z, 1110.3264752, 503.05199400000004
1714647922751, 2024-05-02T11:05:22.751Z, 1121.754068, 496.13098460000003
1714647922767, 2024-05-02T11:05:22.767Z, 1133.8062942000001, 488.79865140000004
1714647922782, 2024-05-02T11:05:22.782Z, 1145.6176110000001, 482.0169717999999
1714647922809, 2024-05-02T11:05:22.809Z, 1157.7392732, 475.85974319999997
1714647922824, 2024-05-02T11:05:22.824Z, 1171.3301618, 471.87381100000005
1714647922833, 2024-05-02T11:05:22.833Z, 1176.1595286, 472.4278478
1714647922851, 2024-05-02T11:05:22.851Z, 1179.8068134, 474.0314614
1714647922867, 2024-05-02T11:05:22.867Z, 1183.3123162, 475.2711654000001
1714647922882, 2024-05-02T11:05:22.882Z, 1185.638499, 476.0585424000001
1714647922900, 2024-05-02T11:05:22.900Z, 1186.6856828, 474.18303560000004
1714647922911, 2024-05-02T11:05:22.911Z, 1188.8022252, 473.41659459999994
1714647923002, 2024-05-02T11:05:23.002Z, 1185.4512726, 470.9051544
1714647923015, 2024-05-02T11:05:23.015Z, 1189.9102972, 470.5234136
1714647923046, 2024-05-02T11:05:23.046Z, 1194.3862684, 472.032856
1714647923121, 2024-05-02T11:05:23.121Z, 1178.1281152, 472.5370194
1714647923136, 2024-05-02T11:05:23.136Z, 1159.070613, 473.7527626
1714647923147, 2024-05-02T11:05:23.147Z, 1145.5717746, 475.6911454
1714647923166, 2024-05-02T11:05:23.166Z, 1120.8117002, 477.17405660000003
1714647923181, 2024-05-02T11:05:23.181Z, 1095.6677906, 477.6331934
1714647923211, 2024-05-02T11:05:23.211Z, 1091.7185240000001, 479.2920166
1714647923232, 2024-05-02T11:05:23.232Z, 1089.9715626000002, 478.94299980000005
1714647923258, 2024-05-02T11:05:23.258Z, 1085.4008586000002, 477.65387440000006
1714647923272, 2024-05-02T11:05:23.272Z, 1084.2346148000001, 474.47854800000005
1714647923282, 2024-05-02T11:05:23.282Z, 1084.3309134, 471.10008600000003
1714647923301, 2024-05-02T11:05:23.301Z, 1085.0040706, 470.25283939999997
1714647923322, 2024-05-02T11:05:23.322Z, 1084.2796274, 470.16220880000003
1714647923333, 2024-05-02T11:05:23.333Z, 1085.562169, 471.7968498
1714647923346, 2024-05-02T11:05:23.346Z, 1087.6371224, 473.75852140000006
1714647923361, 2024-05-02T11:05:23.361Z, 1087.1004324, 477.1662576
1714647923375, 2024-05-02T11:05:23.375Z, 1085.1112698000002, 479.03677180000005
1714647923407, 2024-05-02T11:05:23.407Z, 1082.54225, 482.10530099999994
1714647923421, 2024-05-02T11:05:23.421Z, 1080.6776441999998, 484.926405
1714647923436, 2024-05-02T11:05:23.436Z, 1077.5547274, 487.56347539999996
1714647923452, 2024-05-02T11:05:23.452Z, 1075.6773259999998, 488.82211860000007
1714647923467, 2024-05-02T11:05:23.467Z, 1074.7232801999999, 489.28577620000004
1714647923482, 2024-05-02T11:05:23.482Z, 1075.6389516, 487.5887406
1714647923498, 2024-05-02T11:05:23.498Z, 1075.9682048, 485.7333106
1714647923514, 2024-05-02T11:05:23.514Z, 1076.9623331999999, 483.9225558
1714647923530, 2024-05-02T11:05:23.530Z, 1077.2546974, 481.63686459999997
1714647923553, 2024-05-02T11:05:23.553Z, 1076.7570424, 480.9928406
1714647923571, 2024-05-02T11:05:23.571Z, 1074.1547839999998, 481.25905059999997
1714647923586, 2024-05-02T11:05:23.586Z, 1071.3442876000001, 482.33514619999994
1714647923597, 2024-05-02T11:05:23.597Z, 1069.8107414, 483.4942828
1714647923616, 2024-05-02T11:05:23.616Z, 1071.9837152, 488.7213686
1714647923631, 2024-05-02T11:05:23.631Z, 1075.1543723999998, 492.859705
1714647923642, 2024-05-02T11:05:23.642Z, 1080.8411812, 494.6513148
1714647923661, 2024-05-02T11:05:23.661Z, 1087.1231010000001, 494.8820310000001
1714647923676, 2024-05-02T11:05:23.676Z, 1092.7450122000002, 495.2373146
1714647923707, 2024-05-02T11:05:23.707Z, 1096.6587384, 492.42496700000004
1714647923730, 2024-05-02T11:05:23.730Z, 1099.8817556, 490.8025784
1714647923734, 2024-05-02T11:05:23.734Z, 1101.8079444, 493.31110939999996
1714647923751, 2024-05-02T11:05:23.751Z, 1103.2798198, 497.3635891999999
1714647923770, 2024-05-02T11:05:23.770Z, 1104.3887280000001, 501.31090499999993
1714647923782, 2024-05-02T11:05:23.782Z, 1103.730546, 505.77063419999996
1714647923800, 2024-05-02T11:05:23.800Z, 1102.149875, 509.8060124
1714647923817, 2024-05-02T11:05:23.817Z, 1102.3116008000002, 512.9806466
1714647923828, 2024-05-02T11:05:23.828Z, 1110.961017, 525.6648074
1714647923860, 2024-05-02T11:05:23.860Z, 1121.5229422, 541.1394998
1714647923890, 2024-05-02T11:05:23.890Z, 1138.2321768, 565.0696302
1714647923905, 2024-05-02T11:05:23.905Z, 1154.659243, 591.3916416
1714647923936, 2024-05-02T11:05:23.936Z, 1169.9031470000002, 616.9203094000001
1714647923951, 2024-05-02T11:05:23.951Z, 1176.6025894000002, 632.6767852
1714647923967, 2024-05-02T11:05:23.967Z, 1181.5069726, 645.3205955999999
1714647923983, 2024-05-02T11:05:23.983Z, 1180.1386328, 649.619616
1714647924002, 2024-05-02T11:05:24.002Z, 1181.4179576000001, 646.9821474
1714647924020, 2024-05-02T11:05:24.020Z, 1183.8123878000001, 644.5906192
1714647924036, 2024-05-02T11:05:24.036Z, 1187.2544566000001, 642.4992312
1714647924046, 2024-05-02T11:05:24.046Z, 1192.4584685999998, 642.6903512
1714647924066, 2024-05-02T11:05:24.066Z, 1203.5487130000001, 640.0129662
1714647924087, 2024-05-02T11:05:24.087Z, 1215.3953061999998, 640.6901292
1714647924116, 2024-05-02T11:05:24.116Z, 1229.0295959999999, 640.3171886
1714647924126, 2024-05-02T11:05:24.126Z, 1244.9959508000002, 639.9262668
1714647924157, 2024-05-02T11:05:24.157Z, 1264.8556238, 633.9927096
1714647924185, 2024-05-02T11:05:24.185Z, 1280.0145906000002, 631.4818974
1714647924201, 2024-05-02T11:05:24.201Z, 1293.5791020000001, 631.4630778
1714647924216, 2024-05-02T11:05:24.216Z, 1303.8420098000001, 631.7967884
1714647924231, 2024-05-02T11:05:24.231Z, 1311.3709452, 632.4524307999999
1714647924247, 2024-05-02T11:05:24.247Z, 1312.5233934, 636.932794
1714647924263, 2024-05-02T11:05:24.263Z, 1313.0033548, 639.5707719999999
1714647924278, 2024-05-02T11:05:24.278Z, 1312.6465891999999, 640.4462384
1714647924314, 2024-05-02T11:05:24.314Z, 1304.4302979999998, 638.40512
1714647924325, 2024-05-02T11:05:24.325Z, 1293.6668181999999, 635.8959064000001
1714647924341, 2024-05-02T11:05:24.341Z, 1282.4331771999998, 632.8597524
1714647924357, 2024-05-02T11:05:24.357Z, 1270.9889246, 630.9957790000001
1714647924372, 2024-05-02T11:05:24.372Z, 1242.4672894, 628.2403458
1714647924388, 2024-05-02T11:05:24.388Z, 1218.003708, 629.3627691999999
1714647924403, 2024-05-02T11:05:24.403Z, 1196.8970108, 631.5657572
1714647924419, 2024-05-02T11:05:24.419Z, 1177.556622, 634.688904
1714647924435, 2024-05-02T11:05:24.435Z, 1153.5336402, 637.8915488
1714647924459, 2024-05-02T11:05:24.459Z, 1141.8768266000002, 641.1778218000001
1714647924472, 2024-05-02T11:05:24.472Z, 1131.5422782, 643.9499917999999
1714647924488, 2024-05-02T11:05:24.488Z, 1119.5796716, 646.4755192
1714647924498, 2024-05-02T11:05:24.498Z, 1106.7187472, 648.5224368
1714647924517, 2024-05-02T11:05:24.517Z, 1098.0819328, 650.9532216
1714647924533, 2024-05-02T11:05:24.533Z, 1094.2986208000002, 653.7718821999999
1714647924545, 2024-05-02T11:05:24.545Z, 1093.8375046, 655.357043
1714647924563, 2024-05-02T11:05:24.563Z, 1093.863342, 655.5123820000001
1714647924578, 2024-05-02T11:05:24.578Z, 1094.2050210000002, 655.554703
1714647924609, 2024-05-02T11:05:24.609Z, 1094.7558708000001, 654.5484736000001
1714647924624, 2024-05-02T11:05:24.624Z, 1093.3665391999998, 654.3057070000001
1714647924639, 2024-05-02T11:05:24.639Z, 1091.351627, 654.7256810000001
1714647924654, 2024-05-02T11:05:24.654Z, 1087.3169189999999, 656.0857042
1714647924670, 2024-05-02T11:05:24.670Z, 1083.2285776, 656.825058
1714647924685, 2024-05-02T11:05:24.685Z, 1079.6790796, 657.2975076
1714647924701, 2024-05-02T11:05:24.701Z, 1077.3514614, 657.1525326
1714647924716, 2024-05-02T11:05:24.716Z, 1075.0796017999999, 657.2880216
1714647924732, 2024-05-02T11:05:24.732Z, 1074.5131047999998, 656.5577908
1714647924759, 2024-05-02T11:05:24.759Z, 1074.2791682000002, 655.6928258
1714647924770, 2024-05-02T11:05:24.770Z, 1073.8448948, 654.8849324
1714647924787, 2024-05-02T11:05:24.787Z, 1074.057962, 653.9950080000001
1714647924803, 2024-05-02T11:05:24.803Z, 1074.1668295999998, 653.0529344
1714647924818, 2024-05-02T11:05:24.818Z, 1074.304312, 651.9812426000001
1714647924832, 2024-05-02T11:05:24.832Z, 1073.5754212, 651.4587601999999
1714647924848, 2024-05-02T11:05:24.848Z, 1073.0461346, 651.326606
1714647924859, 2024-05-02T11:05:24.859Z, 1072.59891, 650.9624272
1714647924881, 2024-05-02T11:05:24.881Z, 1072.3169308000001, 650.8416685999999
1714647924905, 2024-05-02T11:05:24.905Z, 1072.165314, 650.7740268
1714647924922, 2024-05-02T11:05:24.922Z, 1073.0612826000001, 650.824194
1714647924938, 2024-05-02T11:05:24.938Z, 1073.9352262, 650.7065375999999
1714647924950, 2024-05-02T11:05:24.950Z, 1074.6461678, 650.6996412
1714647924968, 2024-05-02T11:05:24.968Z, 1075.1664148, 650.4136708
1714647924983, 2024-05-02T11:05:24.983Z, 1073.4674348, 650.5275756
1714647924997, 2024-05-02T11:05:24.997Z, 1072.2135708, 649.9365296
1714647925012, 2024-05-02T11:05:25.012Z, 1071.096536, 649.291203
1714647925028, 2024-05-02T11:05:25.028Z, 1070.3827938, 648.556785
1714647925062, 2024-05-02T11:05:25.062Z, 1069.1595366, 648.3345286
1714647925075, 2024-05-02T11:05:25.075Z, 1069.6543304, 648.7667196
1714647925091, 2024-05-02T11:05:25.091Z, 1069.1323274, 649.0855887999999
1714647925106, 2024-05-02T11:05:25.106Z, 1068.2688955999997, 649.8122636
1714647925122, 2024-05-02T11:05:25.122Z, 1067.4689856, 650.5316088000001
1714647925138, 2024-05-02T11:05:25.138Z, 1067.1748670000002, 650.7309026
1714647925152, 2024-05-02T11:05:25.152Z, 1067.5032004, 650.0509168000001
1714647925168, 2024-05-02T11:05:25.168Z, 1067.8836004, 650.0598352000001
1714647925183, 2024-05-02T11:05:25.183Z, 1068.581318, 649.4286220000001
1714647925207, 2024-05-02T11:05:25.207Z, 1068.9224695999999, 649.0558801999999
1714647925216, 2024-05-02T11:05:25.216Z, 1069.1416872000002, 648.2622798
1714647925236, 2024-05-02T11:05:25.236Z, 1069.2058916, 647.6609122000001
1714647925251, 2024-05-02T11:05:25.251Z, 1069.3529050000002, 647.2950674
1714647925262, 2024-05-02T11:05:25.262Z, 1069.0590436, 647.1512016
1714647925286, 2024-05-02T11:05:25.286Z, 1068.7136346, 647.5232143999999
1714647925297, 2024-05-02T11:05:25.297Z, 1068.4921636000001, 648.6797439999999
1714647925310, 2024-05-02T11:05:25.310Z, 1068.4316359999998, 649.6864034
1714647925326, 2024-05-02T11:05:25.326Z, 1068.1836254000002, 650.8930856
1714647925357, 2024-05-02T11:05:25.357Z, 1069.3717108, 652.3614484000001
1714647925371, 2024-05-02T11:05:25.371Z, 1072.1263549999999, 653.3545262
1714647925403, 2024-05-02T11:05:25.403Z, 1076.8740778000001, 654.1099220000001
1714647925418, 2024-05-02T11:05:25.418Z, 1093.078565, 660.322545
1714647925434, 2024-05-02T11:05:25.434Z, 1129.5046314, 674.1383098
1714647925450, 2024-05-02T11:05:25.450Z, 1168.8045096, 689.6189454
1714647925466, 2024-05-02T11:05:25.466Z, 1223.5666574, 714.6148716
1714647925498, 2024-05-02T11:05:25.498Z, 1276.8025458, 739.396485
1714647925513, 2024-05-02T11:05:25.513Z, 1319.081746, 762.3764132
1714647925529, 2024-05-02T11:05:25.529Z, 1346.6198976, 778.694334
1714647925544, 2024-05-02T11:05:25.544Z, 1372.7210164, 793.8150221999998
1714647925560, 2024-05-02T11:05:25.560Z, 1379.8576349999998, 799.5151554
1714647925576, 2024-05-02T11:05:25.576Z, 1386.9119612, 805.4929584
1714647925591, 2024-05-02T11:05:25.591Z, 1397.7410728, 808.4241186
1714647925606, 2024-05-02T11:05:25.606Z, 1406.5503792000002, 810.5600474
1714647925621, 2024-05-02T11:05:25.621Z, 1413.1014414, 812.1148816000001
1714647925636, 2024-05-02T11:05:25.636Z, 1420.4341214, 813.8689956000001
1714647925657, 2024-05-02T11:05:25.657Z, 1427.4210022000002, 815.6544124
1714647925667, 2024-05-02T11:05:25.667Z, 1430.3720073999998, 816.9760228
1714647925686, 2024-05-02T11:05:25.686Z, 1429.617956, 817.8661144
1714647925708, 2024-05-02T11:05:25.708Z, 1429.3563158, 819.0545574
1714647925715, 2024-05-02T11:05:25.715Z, 1430.1721288, 819.7110334000001
1714647925737, 2024-05-02T11:05:25.737Z, 1430.6205018, 819.6027889999999
1714647925762, 2024-05-02T11:05:25.762Z, 1429.6757870000001, 819.510728
1714647925777, 2024-05-02T11:05:25.777Z, 1429.1320022, 820.0023896
1714647925803, 2024-05-02T11:05:25.803Z, 1427.9022431999997, 820.6648006000001
1714647925821, 2024-05-02T11:05:25.821Z, 1425.9885294, 821.3616476