1714648519922, 2024-05-02T11:15:19.922Z, 310.820294, 261.779589
1714648519959, 2024-05-02T11:15:19.959Z, 312.984639, 257.2085435
1714648520002, 2024-05-02T11:15:20.002Z, 306.99240833333334, 255.66492366666668
1714648520048, 2024-05-02T11:15:20.048Z, 304.68753425, 255.77889925
1714648520095, 2024-05-02T11:15:20.095Z, 301.7644116, 254.20003400000002
1714648520140, 2024-05-02T11:15:20.140Z, 296.16564600000004, 250.6592944
1714648520187, 2024-05-02T11:15:20.187Z, 289.8032142, 249.1352378
1714648520271, 2024-05-02T11:15:20.271Z, 270.098204, 246.4841922
1714648520314, 2024-05-02T11:15:20.314Z, 249.5049042, 243.01225799999997
1714648520359, 2024-05-02T11:15:20.359Z, 230.45180259999998, 241.1875744
1714648520404, 2024-05-02T11:15:20.404Z, 210.8088108, 238.41152900000003
1714648520452, 2024-05-02T11:15:20.452Z, 197.82173640000002, 236.5931086
1714648520498, 2024-05-02T11:15:20.498Z, 206.45578800000004, 235.7888738
1714648520545, 2024-05-02T11:15:20.545Z, 216.9764364, 235.2785436
1714648520589, 2024-05-02T11:15:20.589Z, 227.92267339999998, 234.96542979999998
1714648520635, 2024-05-02T11:15:20.635Z, 250.8256336, 264.10536680000007
1714648520719, 2024-05-02T11:15:20.719Z, 262.8941116, 292.7654532
1714648520777, 2024-05-02T11:15:20.777Z, 270.18435719999997, 318.935249
1714648520812, 2024-05-02T11:15:20.812Z, 278.3454342, 346.8098562
1714648520858, 2024-05-02T11:15:20.858Z, 297.753484, 375.00986699999993
1714648520903, 2024-05-02T11:15:20.903Z, 312.1349682, 374.633917
1714648520950, 2024-05-02T11:15:20.950Z, 330.8410554, 373.06831040000003
1714648520994, 2024-05-02T11:15:20.994Z, 350.1390654, 374.022979
1714648521037, 2024-05-02T11:15:21.037Z, 321.46793979999995, 369.83238620000003
1714648521081, 2024-05-02T11:15:21.081Z, 281.229157, 364.41204780000004
1714648521180, 2024-05-02T11:15:21.180Z, 237.958904, 360.90665320000005
1714648521216, 2024-05-02T11:15:21.216Z, 203.3498564, 358.5456372
1714648521262, 2024-05-02T11:15:21.262Z, 169.24190519999996, 356.4652172
1714648521354, 2024-05-02T11:15:21.354Z, 179.9189656, 358.058034
1714648521442, 2024-05-02T11:15:21.442Z, 189.6289, 356.0076106
1714648521487, 2024-05-02T11:15:21.487Z, 196.7939798, 359.701908
1714648521531, 2024-05-02T11:15:21.531Z, 195.93924320000002, 365.8893582
1714648521622, 2024-05-02T11:15:21.622Z, 195.04606579999998, 371.95781139999997
1714648521666, 2024-05-02T11:15:21.666Z, 196.3098798, 381.4111348
1714648521712, 2024-05-02T11:15:21.712Z, 198.10308500000002, 395.0751688
1714648521806, 2024-05-02T11:15:21.806Z, 202.37345439999999, 408.36113539999997
1714648521851, 2024-05-02T11:15:21.851Z, 207.5467094, 424.83733199999995
1714648521893, 2024-05-02T11:15:21.893Z, 213.2993606, 441.73702679999997
1714648521937, 2024-05-02T11:15:21.937Z, 217.0026758, 454.1662254
1714648521982, 2024-05-02T11:15:21.982Z, 220.93831060000002, 466.0550416
1714648522072, 2024-05-02T11:15:22.072Z, 238.1202558, 475.50701420000007
1714648522118, 2024-05-02T11:15:22.118Z, 254.3940532, 477.15772560000005
1714648522166, 2024-05-02T11:15:22.166Z, 269.7287648, 478.216448
1714648522206, 2024-05-02T11:15:22.206Z, 285.791197, 479.90168680000005
1714648522252, 2024-05-02T11:15:22.252Z, 294.5525858, 481.87235339999995
1714648522307, 2024-05-02T11:15:22.307Z, 288.2668174, 480.3264876
1714648522343, 2024-05-02T11:15:22.343Z, 281.97243560000004, 479.25198259999996
1714648522386, 2024-05-02T11:15:22.386Z, 275.8901582, 477.7438384
1714648522432, 2024-05-02T11:15:22.432Z, 243.55698539999997, 491.43668260000004
1714648522522, 2024-05-02T11:15:22.522Z, 216.82235819999997, 506.3443808
1714648522655, 2024-05-02T11:15:22.655Z, 193.23525799999996, 523.505774
1714648522700, 2024-05-02T11:15:22.700Z, 168.8717136, 542.4118850000001
1714648522792, 2024-05-02T11:15:22.792Z, 163.33663819999998, 552.6073574000001
1714648522835, 2024-05-02T11:15:22.835Z, 184.3133414, 555.9600281999999
1714648522881, 2024-05-02T11:15:22.881Z, 209.0259344, 558.952138
1714648522970, 2024-05-02T11:15:22.970Z, 239.5093232, 544.9905971999999
1714648522999, 2024-05-02T11:15:22.999Z, 259.7145824, 517.1554466
1714648523014, 2024-05-02T11:15:23.014Z, 268.9311758, 509.52274199999994
1714648523044, 2024-05-02T11:15:23.044Z, 283.55790020000006, 484.9032088
1714648523059, 2024-05-02T11:15:23.059Z, 303.01906640000004, 467.7733714
1714648523089, 2024-05-02T11:15:23.089Z, 315.2818796, 464.43657160000004
1714648523104, 2024-05-02T11:15:23.104Z, 345.8443572, 482.25543579999993
1714648523133, 2024-05-02T11:15:23.133Z, 366.89665840000004, 482.30477599999995
1714648523149, 2024-05-02T11:15:23.149Z, 387.4120762, 499.748487
1714648523178, 2024-05-02T11:15:23.178Z, 400.20408679999997, 505.1648794000001
1714648523194, 2024-05-02T11:15:23.194Z, 415.31483399999996, 517.4499608
1714648523244, 2024-05-02T11:15:23.244Z, 417.4192528, 511.1083466
1714648523269, 2024-05-02T11:15:23.269Z, 439.8355272, 506.8278944
1714648523284, 2024-05-02T11:15:23.284Z, 458.12529680000006, 498.00554520000003
1714648523315, 2024-05-02T11:15:23.315Z, 477.0149926, 491.4261788
1714648523330, 2024-05-02T11:15:23.330Z, 495.3825632, 486.8111162
1714648523361, 2024-05-02T11:15:23.361Z, 515.9398143999999, 490.965229
1714648523404, 2024-05-02T11:15:23.404Z, 512.957226, 493.5624954
1714648523419, 2024-05-02T11:15:23.419Z, 512.5626840000001, 499.32399559999993
1714648523449, 2024-05-02T11:15:23.449Z, 508.0632754, 497.61025920000003
1714648523464, 2024-05-02T11:15:23.464Z, 503.5539708, 492.97990919999995
1714648523493, 2024-05-02T11:15:23.493Z, 512.4805856, 490.3863272
1714648523510, 2024-05-02T11:15:23.510Z, 534.5280922, 495.254638
1714648523540, 2024-05-02T11:15:23.540Z, 556.0323668000001, 492.97340679999996
1714648523554, 2024-05-02T11:15:23.554Z, 582.1070772, 500.49449940000005
1714648523583, 2024-05-02T11:15:23.583Z, 580.68931, 498.64013320000004
1714648523644, 2024-05-02T11:15:23.644Z, 526.9961336, 507.2293186
1714648523739, 2024-05-02T11:15:23.739Z, 436.0284606, 526.2712974
1714648523784, 2024-05-02T11:15:23.784Z, 341.84380219999997, 545.4252676
1714648523960, 2024-05-02T11:15:23.960Z, 248.00926959999998, 563.2554166
1714648524005, 2024-05-02T11:15:24.005Z, 180.16691140000003, 584.8237551999999
1714648524050, 2024-05-02T11:15:24.050Z, 153.8599768, 595.7682788
1714648524095, 2024-05-02T11:15:24.095Z, 183.471067, 597.5103302
1714648524141, 2024-05-02T11:15:24.141Z, 209.2866684, 593.4181077999999
1714648524185, 2024-05-02T11:15:24.185Z, 240.98456299999998, 588.3478825999999
1714648524214, 2024-05-02T11:15:24.214Z, 262.5151712, 571.5488128
1714648524230, 2024-05-02T11:15:24.230Z, 280.3725338, 550.2310604
1714648524260, 2024-05-02T11:15:24.260Z, 271.55427199999997, 525.5813888
1714648524304, 2024-05-02T11:15:24.304Z, 265.0379621999999, 502.6250024000001
1714648524319, 2024-05-02T11:15:24.319Z, 254.0863358, 483.080753
1714648524349, 2024-05-02T11:15:24.349Z, 248.6095674, 468.8295438
1714648524364, 2024-05-02T11:15:24.364Z, 264.4107026, 478.7501204
1714648524394, 2024-05-02T11:15:24.394Z, 270.11715219999996, 478.9106564
1714648524410, 2024-05-02T11:15:24.410Z, 286.32172879999996, 491.51881119999996
1714648524440, 2024-05-02T11:15:24.440Z, 304.1343656, 494.7063004
1714648524455, 2024-05-02T11:15:24.455Z, 339.5068112, 514.1088
1714648524484, 2024-05-02T11:15:24.484Z, 354.0851148, 508.43508979999996
1714648524500, 2024-05-02T11:15:24.500Z, 379.36950859999996, 513.4075346
1714648524529, 2024-05-02T11:15:24.529Z, 393.83513639999995, 506.3883847999999
1714648524545, 2024-05-02T11:15:24.545Z, 407.69184800000005, 510.7400272
1714648524591, 2024-05-02T11:15:24.591Z, 406.6980748, 503.6867026
1714648524622, 2024-05-02T11:15:24.622Z, 406.4639024, 499.1683196
1714648524638, 2024-05-02T11:15:24.638Z, 406.2382136, 495.35645519999997
1714648524666, 2024-05-02T11:15:24.666Z, 411.10451539999997, 491.1367048
1714648524682, 2024-05-02T11:15:24.682Z, 420.06205239999997, 490.6656652
1714648524711, 2024-05-02T11:15:24.711Z, 428.9874392, 490.9188292
1714648524757, 2024-05-02T11:15:24.757Z, 435.7535302, 488.84271939999996
1714648524772, 2024-05-02T11:15:24.772Z, 442.623604, 487.53166840000006
1714648524803, 2024-05-02T11:15:24.803Z, 464.645587, 488.0016898
1714648524818, 2024-05-02T11:15:24.818Z, 483.1009029999999, 495.0275742
1714648524849, 2024-05-02T11:15:24.849Z, 501.53942179999996, 495.79670540000006
1714648524864, 2024-05-02T11:15:24.864Z, 529.29302, 507.4852412
1714648524892, 2024-05-02T11:15:24.892Z, 555.367421, 516.0925182
1714648524907, 2024-05-02T11:15:24.907Z, 564.914724, 531.2023482000001
1714648524936, 2024-05-02T11:15:24.936Z, 565.110148, 523.9350032
1714648524952, 2024-05-02T11:15:24.952Z, 567.6377566000001, 527.4838838
1714648524981, 2024-05-02T11:15:24.981Z, 564.1220688000001, 522.7319088
1714648524997, 2024-05-02T11:15:24.997Z, 564.837613, 525.98025
1714648525043, 2024-05-02T11:15:25.043Z, 559.6392186, 517.4279012
1714648525071, 2024-05-02T11:15:25.071Z, 543.9001106000001, 519.2698205999999
1714648525087, 2024-05-02T11:15:25.087Z, 521.4107428, 517.8790328
1714648525116, 2024-05-02T11:15:25.116Z, 458.4390152, 520.3955963999999
1714648525132, 2024-05-02T11:15:25.132Z, 386.5149032, 517.272244
1714648525204, 2024-05-02T11:15:25.204Z, 301.35077179999996, 516.1108658
1714648525220, 2024-05-02T11:15:25.220Z, 250.89503679999999, 530.1421978
1714648525265, 2024-05-02T11:15:25.265Z, 211.50689199999997, 548.1068152
1714648525310, 2024-05-02T11:15:25.310Z, 201.4418512, 566.1259668
1714648525354, 2024-05-02T11:15:25.354Z, 188.3812908, 584.4654772
1714648525399, 2024-05-02T11:15:25.399Z, 190.4251044, 609.2178724
1714648525445, 2024-05-02T11:15:25.445Z, 175.5159792, 616.8872610000001
1714648525535, 2024-05-02T11:15:25.535Z, 181.5410446, 615.3574351999999
1714648525566, 2024-05-02T11:15:25.566Z, 179.53865620000002, 592.0600452000001
1714648525581, 2024-05-02T11:15:25.581Z, 194.5731808, 576.0594414
1714648525612, 2024-05-02T11:15:25.612Z, 206.9807464, 553.025113
1714648525653, 2024-05-02T11:15:25.653Z, 217.820167, 528.7568997999999
1714648525670, 2024-05-02T11:15:25.670Z, 210.614635, 516.7039356
1714648525715, 2024-05-02T11:15:25.715Z, 232.13777839999997, 527.6030976
1714648525760, 2024-05-02T11:15:25.760Z, 243.8280178, 530.4491908
1714648525789, 2024-05-02T11:15:25.789Z, 259.38547239999997, 533.954936
1714648525804, 2024-05-02T11:15:25.804Z, 275.77916, 537.97258
1714648525850, 2024-05-02T11:15:25.850Z, 287.72244739999996, 540.9963176
1714648525894, 2024-05-02T11:15:25.894Z, 266.2766512, 559.3571152000001
1714648526120, 2024-05-02T11:15:26.120Z, 253.2190692, 578.2579444
1714648526166, 2024-05-02T11:15:26.166Z, 239.7008938, 603.3646274
1714648526212, 2024-05-02T11:15:26.212Z, 220.6934968, 619.2159939999999
1714648526439, 2024-05-02T11:15:26.439Z, 200.9098662, 598.1681547999999
1714648526572, 2024-05-02T11:15:26.572Z, 220.4482562, 559.0327604
1714648526619, 2024-05-02T11:15:26.619Z, 233.37370900000002, 520.569838
1714648526665, 2024-05-02T11:15:26.665Z, 248.41985720000002, 482.5788976
1714648526708, 2024-05-02T11:15:26.708Z, 267.7930258, 453.0073249999999
1714648526753, 2024-05-02T11:15:26.753Z, 283.31859339999994, 452.4946102
1714648526797, 2024-05-02T11:15:26.797Z, 284.1363632, 452.2197314
1714648526884, 2024-05-02T11:15:26.884Z, 282.3303402, 430.120435
1714648526933, 2024-05-02T11:15:26.933Z, 279.7376374, 403.917605
1714648527024, 2024-05-02T11:15:27.024Z, 281.6608738, 383.24575560000005
1714648527070, 2024-05-02T11:15:27.070Z, 296.7704332, 364.3549134
1714648527116, 2024-05-02T11:15:27.116Z, 311.5844286, 343.9985758
1714648527158, 2024-05-02T11:15:27.158Z, 328.05367020000006, 343.6695362
1714648527473, 2024-05-02T11:15:27.473Z, 343.21414059999995, 345.4501232
1714648527571, 2024-05-02T11:15:27.571Z, 356.27439519999996, 343.010807
1714648527608, 2024-05-02T11:15:27.608Z, 356.5663654, 340.83773460000003
1714648527661, 2024-05-02T11:15:27.661Z, 358.0730238, 341.08248760000004
1714648527708, 2024-05-02T11:15:27.708Z, 358.8352966, 341.6558302
1714648527743, 2024-05-02T11:15:27.743Z, 360.5928064000001, 342.665254
1714648527787, 2024-05-02T11:15:27.787Z, 327.3051076, 338.9705016000001
1714648527833, 2024-05-02T11:15:27.833Z, 291.38887919999996, 334.2033152000001
1714648527922, 2024-05-02T11:15:27.922Z, 254.10552019999994, 326.2190146
1714648527967, 2024-05-02T11:15:27.967Z, 221.36848099999997, 320.54872720000003
1714648528012, 2024-05-02T11:15:28.012Z, 188.6268142, 316.3201448
1714648528058, 2024-05-02T11:15:28.058Z, 189.5326404, 317.3173674000001
1714648528103, 2024-05-02T11:15:28.103Z, 190.62182639999997, 316.5463292
1714648528148, 2024-05-02T11:15:28.148Z, 192.6270596, 318.84953340000004
1714648528373, 2024-05-02T11:15:28.373Z, 228.3491908, 323.25762
1714648528463, 2024-05-02T11:15:28.463Z, 265.1876576, 326.59600220000004
1714648528562, 2024-05-02T11:15:28.562Z, 302.29554340000004, 330.34462640000004
1714648528600, 2024-05-02T11:15:28.600Z, 341.000543, 336.48201600000004
1714648528733, 2024-05-02T11:15:28.733Z, 522.3896848, 364.15664000000004
1714648528823, 2024-05-02T11:15:28.823Z, 484.83391459999996, 362.287568
1714648528867, 2024-05-02T11:15:28.867Z, 443.71846719999996, 356.98899900000004
1714648528913, 2024-05-02T11:15:28.913Z, 403.5219278, 353.1955626
1714648529094, 2024-05-02T11:15:29.094Z, 361.7805072, 348.4921344
1714648529102, 2024-05-02T11:15:29.102Z, 496.31114340000005, 415.2352906
1714648529138, 2024-05-02T11:15:29.138Z, 660.0983708000001, 463.15415200000007
1714648529183, 2024-05-02T11:15:29.183Z, 673.2983262, 470.65492399999994
1714648529283, 2024-05-02T11:15:29.283Z, 708.8914348000001, 478.45622579999997
1714648529318, 2024-05-02T11:15:29.318Z, 746.9456726000001, 486.9689778
1714648529364, 2024-05-02T11:15:29.364Z, 465.72204419999997, 400.32031459999996
1714648529394, 2024-05-02T11:15:29.394Z, 336.58223819999995, 357.01877300000007
1714648529410, 2024-05-02T11:15:29.410Z, 400.88214260000007, 359.17721580000006
1714648529441, 2024-05-02T11:15:29.441Z, 528.8526184, 333.12173879999995
1714648529456, 2024-05-02T11:15:29.456Z, 670.3017808000001, 325.51287360000003
1714648529488, 2024-05-02T11:15:29.488Z, 817.5991098000001, 316.9383842
1714648529504, 2024-05-02T11:15:29.504Z, 968.4310150000001, 309.3144512
1714648529546, 2024-05-02T11:15:29.546Z, 1102.0945148, 293.3673
1714648529582, 2024-05-02T11:15:29.582Z, 1155.9678884, 294.7591008
1714648529597, 2024-05-02T11:15:29.597Z, 1194.5121112000002, 279.814825
1714648529614, 2024-05-02T11:15:29.614Z, 1226.6063524, 266.9707514
1714648529630, 2024-05-02T11:15:29.630Z, 1253.7045258, 260.91592840000004
1714648529660, 2024-05-02T11:15:29.660Z, 1271.3773414, 239.43178160000002
1714648529703, 2024-05-02T11:15:29.703Z, 1279.8777804000001, 232.64756780000002
1714648529720, 2024-05-02T11:15:29.720Z, 1293.4350246, 217.32570020000003
1714648529752, 2024-05-02T11:15:29.752Z, 1309.207441, 201.551609
1714648529764, 2024-05-02T11:15:29.764Z, 1328.6323536, 176.6128162
1714648529794, 2024-05-02T11:15:29.794Z, 1335.4502276, 172.6420868
1714648529810, 2024-05-02T11:15:29.810Z, 1344.8774939999998, 162.51644880000003
1714648529840, 2024-05-02T11:15:29.840Z, 1352.090891, 158.18749759999997
1714648529883, 2024-05-02T11:15:29.883Z, 1358.4410534, 156.4294716
1714648529900, 2024-05-02T11:15:29.900Z, 1358.7582176, 163.1459882
1714648529941, 2024-05-02T11:15:29.941Z, 1363.9528922, 164.3541092
1714648529996, 2024-05-02T11:15:29.996Z, 1364.1880474, 168.5117976
1714648530022, 2024-05-02T11:15:30.022Z, 1360.9647582000002, 173.4004276
1714648530039, 2024-05-02T11:15:30.039Z, 1355.9068462, 177.4315542
1714648530067, 2024-05-02T11:15:30.067Z, 1355.2619396000002, 175.16024940000003
1714648530083, 2024-05-02T11:15:30.083Z, 1349.5718478000001, 179.4147552
1714648530113, 2024-05-02T11:15:30.113Z, 1347.8166306, 180.73621699999998
1714648530157, 2024-05-02T11:15:30.157Z, 1345.8885482, 182.84423639999997
1714648530172, 2024-05-02T11:15:30.172Z, 1345.6133386000001, 184.0788102
1714648530200, 2024-05-02T11:15:30.200Z, 1344.9102356, 185.3308638
1714648530217, 2024-05-02T11:15:30.217Z, 1344.6388153999999, 186.9313786
1714648530245, 2024-05-02T11:15:30.245Z, 1343.0366242, 189.17710879999998
1714648530261, 2024-05-02T11:15:30.261Z, 1342.4970518000002, 191.2848672
1714648530291, 2024-05-02T11:15:30.291Z, 1340.889001, 194.3448116
1714648530334, 2024-05-02T11:15:30.334Z, 1339.0707496, 197.5217444
1714648530349, 2024-05-02T11:15:30.349Z, 1329.448382, 200.2987164
1714648530391, 2024-05-02T11:15:30.391Z, 1288.6517686000002, 204.2577656
1714648530406, 2024-05-02T11:15:30.406Z, 1251.1166648, 205.61877800000002
1714648530441, 2024-05-02T11:15:30.441Z, 1213.257013, 202.91473940000003
1714648530472, 2024-05-02T11:15:30.472Z, 1175.5971703999999, 203.44291979999997
1714648530502, 2024-05-02T11:15:30.502Z, 1145.9800736, 202.7127818
1714648530515, 2024-05-02T11:15:30.515Z, 1147.6041738, 199.84251059999997
1714648530531, 2024-05-02T11:15:30.531Z, 1147.1741055999998, 198.4435912
1714648530562, 2024-05-02T11:15:30.562Z, 1146.104947, 199.7275836
1714648530607, 2024-05-02T11:15:30.607Z, 1143.3298124, 197.62557759999999
1714648530623, 2024-05-02T11:15:30.623Z, 1139.8793664, 196.444416
1714648530654, 2024-05-02T11:15:30.654Z, 1137.7631386, 194.8610046
1714648530670, 2024-05-02T11:15:30.670Z, 1137.6637046, 192.6345098
1714648530702, 2024-05-02T11:15:30.702Z, 1138.1389364000001, 191.02281920000001
1714648530718, 2024-05-02T11:15:30.718Z, 1141.3711202, 188.24333259999997
1714648530740, 2024-05-02T11:15:30.740Z, 1142.407965, 186.692838
1714648530759, 2024-05-02T11:15:30.759Z, 1145.3607444000002, 183.6428406
1714648530785, 2024-05-02T11:15:30.785Z, 1146.5755744000003, 180.69492179999997
1714648530800, 2024-05-02T11:15:30.800Z, 1151.4585332000001, 174.16931999999997
1714648530829, 2024-05-02T11:15:30.829Z, 1151.7597448000001, 170.8953054
1714648530844, 2024-05-02T11:15:30.844Z, 1156.1653668, 165.12090519999998
1714648530890, 2024-05-02T11:15:30.890Z, 1155.895446, 162.5313684
1714648530922, 2024-05-02T11:15:30.922Z, 1151.6126126, 160.2330668
1714648530938, 2024-05-02T11:15:30.938Z, 1146.0111302, 161.06485279999998
1714648531098, 2024-05-02T11:15:31.098Z, 1169.5250118, 183.3274788
1714648531114, 2024-05-02T11:15:31.114Z, 1195.7475862, 208.0588742
1714648531143, 2024-05-02T11:15:31.143Z, 1224.2327942, 231.2265516
1714648531189, 2024-05-02T11:15:31.189Z, 1251.0715116, 253.9776722
1714648531235, 2024-05-02T11:15:31.235Z, 1276.6947634, 278.66420200000005
1714648531250, 2024-05-02T11:15:31.250Z, 1276.9330307999999, 280.2349034
1714648531281, 2024-05-02T11:15:31.281Z, 1282.8166574000002, 285.5829548
1714648531297, 2024-05-02T11:15:31.297Z, 1291.6808416, 292.5139318
1714648531369, 2024-05-02T11:15:31.369Z, 1308.5847932000001, 301.3947612
1714648531413, 2024-05-02T11:15:31.413Z, 1325.1189052, 307.897962
1714648531458, 2024-05-02T11:15:31.458Z, 1338.9261852, 311.6473064
1714648531503, 2024-05-02T11:15:31.503Z, 1341.5609478000001, 309.57590819999996
1714648531552, 2024-05-02T11:15:31.552Z, 1340.9510558, 307.625195
1714648531608, 2024-05-02T11:15:31.608Z, 1337.3423412, 301.281995
1714648531643, 2024-05-02T11:15:31.643Z, 1335.0581996, 297.0683014
1714648531687, 2024-05-02T11:15:31.687Z, 1335.7741382, 296.901696
1714648531733, 2024-05-02T11:15:31.733Z, 1334.6080419999998, 295.4091144
1714648531820, 2024-05-02T11:15:31.820Z, 1337.6527303999999, 302.4574214
1714648531836, 2024-05-02T11:15:31.836Z, 1353.3170408, 322.19365639999995
1714648531865, 2024-05-02T11:15:31.865Z, 1359.8589058, 339.4945954
1714648531881, 2024-05-02T11:15:31.881Z, 1367.4572946, 355.9670002
1714648531912, 2024-05-02T11:15:31.912Z, 1376.2448296, 374.9268026
1714648531958, 2024-05-02T11:15:31.958Z, 1373.3023368, 381.60388439999997
1714648531977, 2024-05-02T11:15:31.977Z, 1362.1911402, 380.703349
1714648532003, 2024-05-02T11:15:32.003Z, 1360.0786316, 379.7367762
1714648532018, 2024-05-02T11:15:32.018Z, 1364.1267672, 380.6076064
1714648532047, 2024-05-02T11:15:32.047Z, 1359.8942766, 380.4165892
1714648532063, 2024-05-02T11:15:32.063Z, 1363.7706444, 382.68235080000005
1714648532091, 2024-05-02T11:15:32.091Z, 1362.9938161999999, 383.9411984
1714648532106, 2024-05-02T11:15:32.106Z, 1365.4609698, 386.1356222
1714648532135, 2024-05-02T11:15:32.135Z, 1360.349659, 386.08970419999997
1714648532151, 2024-05-02T11:15:32.151Z, 1368.1053708, 387.56844759999996
1714648532180, 2024-05-02T11:15:32.180Z, 1367.6177222000001, 380.20381940000004
1714648532196, 2024-05-02T11:15:32.196Z, 1370.3967668, 375.5443306
1714648532243, 2024-05-02T11:15:32.243Z, 1365.3823696000002, 367.0785818
1714648532270, 2024-05-02T11:15:32.270Z, 1353.7709072000002, 371.14214539999995
1714648532285, 2024-05-02T11:15:32.285Z, 1335.8024574, 377.08645459999997
1714648532314, 2024-05-02T11:15:32.314Z, 1325.0321394, 392.2873124
1714648532330, 2024-05-02T11:15:32.330Z, 1309.551166, 404.962142
1714648532373, 2024-05-02T11:15:32.373Z, 1299.4663752000001, 419.9116578
1714648532404, 2024-05-02T11:15:32.404Z, 1282.2881126, 424.8107554
1714648532452, 2024-05-02T11:15:32.452Z, 1266.4411696, 423.84411199999994
1714648532467, 2024-05-02T11:15:32.467Z, 1252.3606877999998, 425.22534740000003
1714648532499, 2024-05-02T11:15:32.499Z, 1235.2253966, 421.6086584000001
1714648532515, 2024-05-02T11:15:32.515Z, 1218.8212360000002, 418.97322599999995
1714648532539, 2024-05-02T11:15:32.539Z, 1213.6432956, 413.62639100000007
1714648532594, 2024-05-02T11:15:32.594Z, 1200.6668926, 413.0789942
1714648532610, 2024-05-02T11:15:32.610Z, 1189.155536, 409.57131960000004
1714648532642, 2024-05-02T11:15:32.642Z, 1177.0818233999998, 410.9739872
1714648532658, 2024-05-02T11:15:32.658Z, 1163.1692248, 412.50275320000003
1714648532694, 2024-05-02T11:15:32.694Z, 1148.3390434, 413.82892519999996
1714648532720, 2024-05-02T11:15:32.720Z, 1140.145419, 414.2918044
1714648532735, 2024-05-02T11:15:32.735Z, 1126.6921488, 415.2274638
1714648532751, 2024-05-02T11:15:32.751Z, 1120.578169, 414.71452680000004
1714648532767, 2024-05-02T11:15:32.767Z, 1111.8891318, 415.1110294
1714648532782, 2024-05-02T11:15:32.782Z, 1112.2115239999998, 414.94295999999997
1714648532813, 2024-05-02T11:15:32.813Z, 1111.3512312, 414.59581019999996
1714648532875, 2024-05-02T11:15:32.875Z, 1104.2987546, 425.10197100000005
1714648532924, 2024-05-02T11:15:32.924Z, 1090.6838868, 445.835872
1714648532970, 2024-05-02T11:15:32.970Z, 1079.6797004, 465.0554736
1714648532990, 2024-05-02T11:15:32.990Z, 1063.063995, 470.76680100000004
1714648533008, 2024-05-02T11:15:33.008Z, 1050.0459256000001, 473.79238520000007
1714648533034, 2024-05-02T11:15:33.034Z, 1044.3002718000002, 460.12019019999997
1714648533049, 2024-05-02T11:15:33.049Z, 1043.9916441999999, 445.9475652
1714648533079, 2024-05-02T11:15:33.079Z, 1043.7843508, 432.1680531999999
1714648533095, 2024-05-02T11:15:33.095Z, 1042.7972276, 440.36568539999996
1714648533140, 2024-05-02T11:15:33.140Z, 1043.8219966000001, 443.025292
1714648533168, 2024-05-02T11:15:33.168Z, 1048.8285965999999, 447.7255342
1714648533184, 2024-05-02T11:15:33.184Z, 1052.6791776, 443.84822199999996
1714648533213, 2024-05-02T11:15:33.213Z, 1048.9560042, 438.393332
1714648533228, 2024-05-02T11:15:33.228Z, 1048.7818402, 432.9734088
1714648533258, 2024-05-02T11:15:33.258Z, 1045.7436464000002, 432.82449399999996
1714648533304, 2024-05-02T11:15:33.304Z, 1041.9567029999998, 435.12252419999993
1714648533321, 2024-05-02T11:15:33.321Z, 1041.3821816, 452.8330482
1714648533348, 2024-05-02T11:15:33.348Z, 1059.4901104, 495.7152972
1714648533363, 2024-05-02T11:15:33.363Z, 1069.2008861999998, 549.3092718
1714648533374, 2024-05-02T11:15:33.374Z, 1079.952608, 597.0855856000001
1714648533405, 2024-05-02T11:15:33.405Z, 1089.2478414, 648.1437841999999
1714648533421, 2024-05-02T11:15:33.421Z, 1098.3820226, 685.0698915999999
1714648533439, 2024-05-02T11:15:33.439Z, 1099.0520122, 699.8726551999999
1714648533453, 2024-05-02T11:15:33.453Z, 1104.2613432, 696.4945175999999
1714648533468, 2024-05-02T11:15:33.468Z, 1111.1263242, 699.6109736000001
1714648533483, 2024-05-02T11:15:33.483Z, 1119.6446584, 699.2604445999999
1714648533500, 2024-05-02T11:15:33.500Z, 1122.846526, 700.9279266
1714648533515, 2024-05-02T11:15:33.515Z, 1122.8262512000001, 701.8003649999999
1714648533530, 2024-05-02T11:15:33.530Z, 1124.0859304, 701.7130092
1714648533546, 2024-05-02T11:15:33.546Z, 1123.745637, 704.212768
1714648533561, 2024-05-02T11:15:33.561Z, 1122.4049628, 707.2327548000001
1714648533600, 2024-05-02T11:15:33.600Z, 1124.8082372000001, 704.7986518
1714648533618, 2024-05-02T11:15:33.618Z, 1128.2888492, 700.3121966000001
1714648533633, 2024-05-02T11:15:33.633Z, 1134.9204684000001, 694.0405585999999
1714648533653, 2024-05-02T11:15:33.653Z, 1143.9386966, 686.251539
1714648533669, 2024-05-02T11:15:33.669Z, 1149.0883674000002, 680.6189584
1714648533685, 2024-05-02T11:15:33.685Z, 1154.793384, 676.9815544
1714648533700, 2024-05-02T11:15:33.700Z, 1157.094927, 676.5693296000001
1714648533716, 2024-05-02T11:15:33.716Z, 1155.9178972000002, 678.3558894
1714648533737, 2024-05-02T11:15:33.737Z, 1151.6358012, 681.4640776
1714648533757, 2024-05-02T11:15:33.757Z, 1148.1689018000002, 684.951032
1714648533775, 2024-05-02T11:15:33.775Z, 1141.8100398000001, 689.0423726
1714648533783, 2024-05-02T11:15:33.783Z, 1132.6147308000002, 694.5310394
1714648533798, 2024-05-02T11:15:33.798Z, 1123.8480968000001, 699.8313974
1714648533814, 2024-05-02T11:15:33.814Z, 1116.3189002, 704.4806922
1714648533828, 2024-05-02T11:15:33.828Z, 1110.222808, 708.0117636
1714648533843, 2024-05-02T11:15:33.843Z, 1105.3819272, 710.867214
1714648533860, 2024-05-02T11:15:33.860Z, 1105.158887, 711.5535922
1714648533889, 2024-05-02T11:15:33.889Z, 1102.79476, 715.6572429999999
1714648533907, 2024-05-02T11:15:33.907Z, 1099.4640034, 720.932424
1714648533923, 2024-05-02T11:15:33.923Z, 1094.2969652, 728.3875212
1714648533939, 2024-05-02T11:15:33.939Z, 1088.6811937999998, 736.0369306
1714648533955, 2024-05-02T11:15:33.955Z, 1084.342933, 743.6242032000001
1714648533971, 2024-05-02T11:15:33.971Z, 1081.5439935999998, 747.8817952
1714648533987, 2024-05-02T11:15:33.987Z, 1078.389324, 751.7114696000001
1714648534018, 2024-05-02T11:15:34.018Z, 1077.0401133999999, 753.7016956
1714648534050, 2024-05-02T11:15:34.050Z, 1075.788323, 754.4793784
1714648534073, 2024-05-02T11:15:34.073Z, 1074.6229872, 755.1380705999999
1714648534090, 2024-05-02T11:15:34.090Z, 1078.965405, 755.6471094
1714648534112, 2024-05-02T11:15:34.112Z, 1084.4824153999998, 756.196616
1714648534128, 2024-05-02T11:15:34.128Z, 1089.3896116, 756.7918542
1714648534144, 2024-05-02T11:15:34.144Z, 1093.908054, 757.3739088
1714648534159, 2024-05-02T11:15:34.159Z, 1097.1615860000002, 758.1722404
1714648534192, 2024-05-02T11:15:34.192Z, 1093.0953456, 760.4338909999999
1714648534207, 2024-05-02T11:15:34.207Z, 1088.5340944, 764.1414718
1714648534223, 2024-05-02T11:15:34.223Z, 1085.7265459999999, 766.6254164000001
1714648534238, 2024-05-02T11:15:34.238Z, 1083.0685362, 770.4707502
1714648534253, 2024-05-02T11:15:34.253Z, 1079.0905936, 774.3360966
1714648534269, 2024-05-02T11:15:34.269Z, 1076.6311854, 776.6280178
1714648534316, 2024-05-02T11:15:34.316Z, 1073.830555, 776.6449726000001
1714648534356, 2024-05-02T11:15:34.356Z, 1075.1077387999999, 773.117949
1714648534405, 2024-05-02T11:15:34.405Z, 1074.6735856, 768.5476828000001
1714648534446, 2024-05-02T11:15:34.446Z, 1075.5977242, 761.6131046
1714648534459, 2024-05-02T11:15:34.459Z, 1077.014394, 754.9688222000001
1714648534491, 2024-05-02T11:15:34.491Z, 1077.4170638, 772.0309366
1714648534519, 2024-05-02T11:15:34.519Z, 1070.665086, 774.8128446
1714648534536, 2024-05-02T11:15:34.536Z, 1066.4531848000001, 784.6434344
1714648534551, 2024-05-02T11:15:34.551Z, 1061.2458852, 793.7054244
1714648534567, 2024-05-02T11:15:34.567Z, 1056.90311, 805.152855
1714648534583, 2024-05-02T11:15:34.583Z, 1054.2233888000003, 797.1036264
1714648534598, 2024-05-02T11:15:34.598Z, 1054.5302688, 805.9508862
1714648534614, 2024-05-02T11:15:34.614Z, 1054.1663715999998, 807.6970292000001
1714648534642, 2024-05-02T11:15:34.642Z, 1055.261601, 806.6127058
1714648534655, 2024-05-02T11:15:34.655Z, 1056.3400053999999, 800.5186646
1714648534671, 2024-05-02T11:15:34.671Z, 1057.8516932, 789.2318544
1714648534683, 2024-05-02T11:15:34.683Z, 1059.0476601999999, 779.2377140000001
1714648534701, 2024-05-02T11:15:34.701Z, 1060.6091359999998, 769.8960948
1714648534716, 2024-05-02T11:15:34.716Z, 1061.8887553999998, 766.105244
1714648534726, 2024-05-02T11:15:34.726Z, 1062.445638, 764.6545501999999
1714648534746, 2024-05-02T11:15:34.746Z, 1060.0034062, 764.0618769999999
1714648534762, 2024-05-02T11:15:34.762Z, 1058.5302073999999, 761.3809755999999
1714648534795, 2024-05-02T11:15:34.795Z, 1058.8928213999998, 759.4399476000001
1714648534816, 2024-05-02T11:15:34.816Z, 1059.8043223999998, 757.4601756
1714648534832, 2024-05-02T11:15:34.832Z, 1060.6990466, 756.1571954
1714648534848, 2024-05-02T11:15:34.848Z, 1064.8094204, 755.8505784
1714648534863, 2024-05-02T11:15:34.863Z, 1068.9887626000002, 758.5671938
1714648534881, 2024-05-02T11:15:34.881Z, 1072.5334474, 763.4792846
1714648534897, 2024-05-02T11:15:34.897Z, 1075.7074109999999, 768.496799
1714648534910, 2024-05-02T11:15:34.910Z, 1076.8110069999998, 773.2312918
1714648534943, 2024-05-02T11:15:34.943Z, 1082.0280486, 778.3348026000001
1714648534956, 2024-05-02T11:15:34.956Z, 1082.57912, 782.0907262000001
1714648534972, 2024-05-02T11:15:34.972Z, 1082.2431284, 783.0007866
1714648534988, 2024-05-02T11:15:34.988Z, 1082.0665722, 783.5089872000001
1714648535003, 2024-05-02T11:15:35.003Z, 1082.0647628, 783.4411848
1714648535018, 2024-05-02T11:15:35.018Z, 1077.3085304, 782.5127448
1714648535036, 2024-05-02T11:15:35.036Z, 1075.9547492000002, 781.5605459999999
1714648535050, 2024-05-02T11:15:35.050Z, 1072.3591076, 780.2475097999999
1714648535065, 2024-05-02T11:15:35.065Z, 1066.2433376, 778.5964584000001
1714648535088, 2024-05-02T11:15:35.088Z, 1062.5713455999999, 777.907058
1714648535105, 2024-05-02T11:15:35.105Z, 1057.7557632, 777.5815445999999
1714648535121, 2024-05-02T11:15:35.121Z, 1054.7257878, 777.3265638
1714648535132, 2024-05-02T11:15:35.132Z, 1053.5038864, 777.4284632000001
1714648535149, 2024-05-02T11:15:35.149Z, 1054.7349316, 778.3430532
1714648535167, 2024-05-02T11:15:35.167Z, 1056.0251288, 778.3048987999999
1714648535178, 2024-05-02T11:15:35.178Z, 1058.4042795999999, 778.1056676000001
1714648535195, 2024-05-02T11:15:35.195Z, 1059.7761716, 778.2996820000001
1714648535210, 2024-05-02T11:15:35.210Z, 1060.9238446, 778.3096342000001
1714648535240, 2024-05-02T11:15:35.240Z, 1062.4396374, 778.4636266
1714648535254, 2024-05-02T11:15:35.254Z, 1064.1142126, 778.0939522
1714648535267, 2024-05-02T11:15:35.267Z, 1066.8588472000001, 776.0692552
1714648535283, 2024-05-02T11:15:35.283Z, 1069.2089576, 773.9996764
1714648535313, 2024-05-02T11:15:35.313Z, 1071.9568166000001, 771.3914994
1714648535328, 2024-05-02T11:15:35.328Z, 1073.3005514000001, 769.0389710000002
1714648535345, 2024-05-02T11:15:35.345Z, 1074.7886378, 766.8455247999999
1714648535361, 2024-05-02T11:15:35.361Z, 1074.2970278, 766.4648958
1714648535390, 2024-05-02T11:15:35.390Z, 1073.4068164, 766.4230961999999
1714648535407, 2024-05-02T11:15:35.407Z, 1071.2173344, 767.7881858000001
1714648535422, 2024-05-02T11:15:35.422Z, 1068.6790208, 769.6173716
1714648535437, 2024-05-02T11:15:35.437Z, 1065.4906634000001, 771.7692450000001
1714648535453, 2024-05-02T11:15:35.453Z, 1063.619606, 772.7867712
1714648535469, 2024-05-02T11:15:35.469Z, 1060.6929744000001, 773.3516458
1714648535485, 2024-05-02T11:15:35.485Z, 1059.3472252000001, 772.4553664000001
1714648535501, 2024-05-02T11:15:35.501Z, 1058.7708749999997, 772.0720858000001
1714648535516, 2024-05-02T11:15:35.516Z, 1057.702724, 772.9079118
1714648535553, 2024-05-02T11:15:35.553Z, 1057.6263794000001, 775.099559
1714648535570, 2024-05-02T11:15:35.570Z, 1059.295055, 779.6398304
1714648535617, 2024-05-02T11:15:35.617Z, 1133.4775818000003, 788.0101568
1714648535663, 2024-05-02T11:15:35.663Z, 1209.0614384, 794.5120042000001
1714648535720, 2024-05-02T11:15:35.720Z, 1285.2883546, 800.6345648
1714648535798, 2024-05-02T11:15:35.798Z, 1360.4931046000002, 805.1015558
1714648535844, 2024-05-02T11:15:35.844Z, 1434.3888878000002, 806.9316741999999
1714648535890, 2024-05-02T11:15:35.890Z, 1433.6297766, 806.3493564
1714648535936, 2024-05-02T11:15:35.936Z, 1432.5489946000002, 805.7595512
1714648536023, 2024-05-02T11:15:36.023Z, 1438.9997336000001, 808.6699679999999
1714648536069, 2024-05-02T11:15:36.069Z, 1446.8430798000002, 812.6135674
1714648536111, 2024-05-02T11:15:36.111Z, 1455.464716, 818.8865688
1714648536156, 2024-05-02T11:15:36.156Z, 1464.8553044, 823.4448673999999
1714648536201, 2024-05-02T11:15:36.201Z, 1475.2929900000001, 827.1720984