1714647373738, 2024-05-02T10:56:13.738Z, 227.003417, 808.34203
1714647373750, 2024-05-02T10:56:13.750Z, 227.94827850000001, 808.829774
1714647373764, 2024-05-02T10:56:13.764Z, 228.58343000000002, 809.2280416666667
1714647373780, 2024-05-02T10:56:13.780Z, 228.95766625000002, 808.2326615000001
1714647373796, 2024-05-02T10:56:13.796Z, 228.6877364, 807.5266406000001
1714647373825, 2024-05-02T10:56:13.825Z, 228.1561172, 807.4140922
1714647373839, 2024-05-02T10:56:13.839Z, 226.13328460000002, 809.2942564000001
1714647373849, 2024-05-02T10:56:13.849Z, 224.8050692, 808.9599682
1714647373868, 2024-05-02T10:56:13.868Z, 219.46712820000002, 811.3244001999999
1714647373884, 2024-05-02T10:56:13.884Z, 207.4444724, 813.1442460000001
1714647373895, 2024-05-02T10:56:13.895Z, 195.9966334, 813.6888438
1714647373929, 2024-05-02T10:56:13.929Z, 184.5005118, 811.9330934
1714647373939, 2024-05-02T10:56:13.939Z, 171.091795, 812.0558784
1714647373975, 2024-05-02T10:56:13.975Z, 153.3710996, 808.9234703999999
1714647373986, 2024-05-02T10:56:13.986Z, 142.72158340000001, 806.7230904
1714647374006, 2024-05-02T10:56:14.006Z, 131.5414638, 804.9036865999999
1714647374019, 2024-05-02T10:56:14.019Z, 121.9011748, 803.6859117999999
1714647374029, 2024-05-02T10:56:14.029Z, 113.618572, 802.84397
1714647374048, 2024-05-02T10:56:14.048Z, 113.5497288, 803.7831904000001
1714647374064, 2024-05-02T10:56:14.064Z, 112.3411926, 802.6904758000001
1714647374076, 2024-05-02T10:56:14.076Z, 113.9423898, 803.9186811999999
1714647374242, 2024-05-02T10:56:14.242Z, 120.99348579999999, 687.5782552
1714647374273, 2024-05-02T10:56:14.273Z, 127.755416, 578.6363408
1714647374287, 2024-05-02T10:56:14.287Z, 135.80415580000002, 471.99092580000007
1714647374298, 2024-05-02T10:56:14.298Z, 146.6338854, 369.5541726
1714647374332, 2024-05-02T10:56:14.332Z, 154.676706, 264.09385380000003
1714647374343, 2024-05-02T10:56:14.343Z, 157.58903519999998, 277.4325726
1714647374362, 2024-05-02T10:56:14.362Z, 161.0101968, 286.8968426
1714647374377, 2024-05-02T10:56:14.377Z, 163.227327, 294.5035844
1714647374388, 2024-05-02T10:56:14.388Z, 164.6367714, 300.3694862
1714647374423, 2024-05-02T10:56:14.423Z, 166.5207748, 307.233757
1714647374434, 2024-05-02T10:56:14.434Z, 168.7388508, 313.3623524
1714647374467, 2024-05-02T10:56:14.467Z, 173.0509894, 316.0969808
1714647374481, 2024-05-02T10:56:14.481Z, 176.60185880000003, 316.5945526
1714647374497, 2024-05-02T10:56:14.497Z, 177.5151282, 312.4434832
1714647374512, 2024-05-02T10:56:14.512Z, 178.4178694, 307.00126900000004
1714647374528, 2024-05-02T10:56:14.528Z, 178.7335736, 300.8229496
1714647374570, 2024-05-02T10:56:14.570Z, 178.1450578, 294.43608520000004
1714647374602, 2024-05-02T10:56:14.602Z, 181.78037060000003, 293.46306400000003
1714647374613, 2024-05-02T10:56:14.613Z, 188.16801479999998, 296.77895960000006
1714647374647, 2024-05-02T10:56:14.647Z, 195.1886506, 302.10058319999996
1714647374658, 2024-05-02T10:56:14.658Z, 202.9019888, 307.9275794
1714647374692, 2024-05-02T10:56:14.692Z, 209.26021179999998, 313.8335924
1714647374737, 2024-05-02T10:56:14.737Z, 212.0125, 315.6837922
1714647374747, 2024-05-02T10:56:14.747Z, 213.9877902, 317.40060759999994
1714647374782, 2024-05-02T10:56:14.782Z, 215.21835879999998, 318.0238128
1714647374792, 2024-05-02T10:56:14.792Z, 214.6944168, 317.6434402
1714647374833, 2024-05-02T10:56:14.833Z, 213.25563700000004, 316.8008346
1714647374840, 2024-05-02T10:56:14.840Z, 211.7537966, 316.14950179999994
1714647374880, 2024-05-02T10:56:14.880Z, 210.7311458, 312.381959
1714647374923, 2024-05-02T10:56:14.923Z, 210.920617, 309.4538142
1714647374934, 2024-05-02T10:56:14.934Z, 210.25313699999998, 305.37282459999994
1714647374964, 2024-05-02T10:56:14.964Z, 212.58411080000002, 315.3812574
1714647374979, 2024-05-02T10:56:14.979Z, 218.31739240000002, 326.0816768
1714647375052, 2024-05-02T10:56:15.052Z, 225.6159106, 342.2442434
1714647375081, 2024-05-02T10:56:15.081Z, 231.748582, 356.18354039999997
1714647375097, 2024-05-02T10:56:15.097Z, 239.94185520000002, 371.59462640000004
1714647375127, 2024-05-02T10:56:15.127Z, 244.96382060000002, 373.9716702
1714647375142, 2024-05-02T10:56:15.142Z, 246.1542652, 376.2014484
1714647375187, 2024-05-02T10:56:15.187Z, 243.38225440000002, 375.086519
1714647375216, 2024-05-02T10:56:15.216Z, 243.12899099999998, 379.91503900000004
1714647375232, 2024-05-02T10:56:15.232Z, 241.48845179999998, 384.460066
1714647375261, 2024-05-02T10:56:15.261Z, 239.87148240000002, 387.6752738
1714647375277, 2024-05-02T10:56:15.277Z, 239.1021756, 389.7683244
1714647375329, 2024-05-02T10:56:15.329Z, 238.7816054, 390.4091612
1714647375354, 2024-05-02T10:56:15.354Z, 231.98547539999998, 385.37536320000004
1714647375370, 2024-05-02T10:56:15.370Z, 216.55052260000002, 378.94707279999994
1714647375400, 2024-05-02T10:56:15.400Z, 200.074173, 372.9040762
1714647375416, 2024-05-02T10:56:15.416Z, 185.2443548, 369.4436128
1714647375446, 2024-05-02T10:56:15.446Z, 170.7935852, 367.8776226
1714647375487, 2024-05-02T10:56:15.487Z, 159.8824064, 367.0524492
1714647375502, 2024-05-02T10:56:15.502Z, 158.17117779999998, 367.66471459999997
1714647375532, 2024-05-02T10:56:15.532Z, 159.68796600000002, 370.76383999999996
1714647375547, 2024-05-02T10:56:15.547Z, 159.834424, 372.63771299999996
1714647375581, 2024-05-02T10:56:15.581Z, 160.5108352, 374.19736279999995
1714647375592, 2024-05-02T10:56:15.592Z, 160.74447760000004, 374.6091014
1714647375622, 2024-05-02T10:56:15.622Z, 162.97835419999998, 376.25423359999996
1714647375637, 2024-05-02T10:56:15.637Z, 168.3984866, 378.21078819999997
1714647375666, 2024-05-02T10:56:15.666Z, 177.01882099999997, 376.956745
1714647375682, 2024-05-02T10:56:15.682Z, 187.745947, 376.88675300000006
1714647375713, 2024-05-02T10:56:15.713Z, 199.71403, 378.3112518
1714647375728, 2024-05-02T10:56:15.728Z, 211.20582840000003, 380.1216956
1714647375773, 2024-05-02T10:56:15.773Z, 226.05910039999998, 376.64464260000005
1714647375801, 2024-05-02T10:56:15.801Z, 243.64994860000002, 376.304031
1714647375817, 2024-05-02T10:56:15.817Z, 263.4843182, 378.200018
1714647375846, 2024-05-02T10:56:15.846Z, 282.48285960000004, 378.21198259999994
1714647375862, 2024-05-02T10:56:15.862Z, 300.61422439999996, 377.66277099999996
1714647375891, 2024-05-02T10:56:15.891Z, 309.96567059999995, 378.29067299999997
1714647375940, 2024-05-02T10:56:15.940Z, 309.963127, 377.3999736
1714647375952, 2024-05-02T10:56:15.952Z, 305.531131, 375.6563562
1714647376002, 2024-05-02T10:56:16.002Z, 286.96077760000003, 382.2256894
1714647376046, 2024-05-02T10:56:16.046Z, 262.2470576, 391.242627
1714647376091, 2024-05-02T10:56:16.091Z, 238.2307844, 402.14007380000004
1714647376136, 2024-05-02T10:56:16.136Z, 206.74023219999998, 418.0187702
1714647376183, 2024-05-02T10:56:16.183Z, 175.8718242, 432.824479
1714647376223, 2024-05-02T10:56:16.223Z, 159.80379259999998, 441.9625776
1714647376267, 2024-05-02T10:56:16.267Z, 160.48804679999998, 442.2229544
1714647376312, 2024-05-02T10:56:16.312Z, 159.9436538, 439.9499532
1714647376402, 2024-05-02T10:56:16.402Z, 164.3837876, 447.8765302
1714647376447, 2024-05-02T10:56:16.447Z, 165.99677579999997, 453.8927178
1714647376494, 2024-05-02T10:56:16.494Z, 168.3730356, 460.34962379999996
1714647376537, 2024-05-02T10:56:16.537Z, 154.9854488, 475.33287140000004
1714647376582, 2024-05-02T10:56:16.582Z, 142.28751979999998, 494.37950280000007
1714647376627, 2024-05-02T10:56:16.627Z, 136.9478304, 500.0843014
1714647376673, 2024-05-02T10:56:16.673Z, 133.41367659999997, 506.5768988
1714647376720, 2024-05-02T10:56:16.720Z, 128.9771984, 513.7473087999999
1714647376766, 2024-05-02T10:56:16.766Z, 128.38294380000002, 516.9384136000001
1714647376856, 2024-05-02T10:56:16.856Z, 125.6655916, 520.6943086
1714647376914, 2024-05-02T10:56:16.914Z, 121.2510618, 523.2062482000001
1714647376946, 2024-05-02T10:56:16.946Z, 118.795371, 526.8725216
1714647376991, 2024-05-02T10:56:16.991Z, 115.0104192, 528.4296868
1714647377038, 2024-05-02T10:56:17.038Z, 110.54352080000001, 529.5322203999999
1714647377084, 2024-05-02T10:56:17.084Z, 109.901477, 529.2020332
1714647377124, 2024-05-02T10:56:17.124Z, 122.647771, 526.8612776
1714647377152, 2024-05-02T10:56:17.152Z, 134.09263040000002, 516.4929302
1714647377168, 2024-05-02T10:56:17.168Z, 147.77218380000002, 507.435354
1714647377200, 2024-05-02T10:56:17.200Z, 161.490638, 498.141105
1714647377213, 2024-05-02T10:56:17.213Z, 174.1424782, 488.190423
1714647377242, 2024-05-02T10:56:17.242Z, 170.94402080000003, 479.6365857999999
1714647377287, 2024-05-02T10:56:17.287Z, 166.8448694, 478.01385960000005
1714647377303, 2024-05-02T10:56:17.303Z, 162.649356, 475.7316304
1714647377334, 2024-05-02T10:56:17.334Z, 163.8799402, 476.0764022
1714647377349, 2024-05-02T10:56:17.349Z, 165.5201254, 478.10048340000003
1714647378055, 2024-05-02T10:56:18.055Z, 160.3377882, 525.8177962
1714647378328, 2024-05-02T10:56:18.328Z, 154.6477838, 575.9667198
1714647378391, 2024-05-02T10:56:18.391Z, 146.1063674, 625.258609
1714647378422, 2024-05-02T10:56:18.422Z, 135.5835126, 673.7533516
1714647378438, 2024-05-02T10:56:18.438Z, 126.21087360000001, 720.0153484
1714647378502, 2024-05-02T10:56:18.502Z, 122.31598460000001, 723.6824176
1714647378593, 2024-05-02T10:56:18.593Z, 124.2106698, 738.2776914000001
1714647378654, 2024-05-02T10:56:18.654Z, 124.2924374, 750.2595102
1714647378817, 2024-05-02T10:56:18.817Z, 142.3736034, 768.3796422000001
1714647378834, 2024-05-02T10:56:18.834Z, 147.72964299999998, 779.6410126
1714647378862, 2024-05-02T10:56:18.862Z, 157.97234120000002, 787.1480750000001
1714647378878, 2024-05-02T10:56:18.878Z, 165.7333652, 787.182098
1714647378924, 2024-05-02T10:56:18.924Z, 177.15767820000002, 786.371528
1714647378952, 2024-05-02T10:56:18.952Z, 169.28028279999998, 781.8843242
1714647378968, 2024-05-02T10:56:18.968Z, 172.255609, 784.5919184
1714647378997, 2024-05-02T10:56:18.997Z, 172.9917218, 789.6709920000001
1714647379043, 2024-05-02T10:56:19.043Z, 164.85321560000003, 786.8974762
1714647379086, 2024-05-02T10:56:19.086Z, 158.393979, 790.3356924
1714647379102, 2024-05-02T10:56:19.102Z, 151.69282979999997, 792.9662109999999
1714647379132, 2024-05-02T10:56:19.132Z, 143.7455184, 798.0983920000001
1714647379195, 2024-05-02T10:56:19.195Z, 137.4040776, 802.4297694
1714647379222, 2024-05-02T10:56:19.222Z, 148.97823139999997, 802.6900914
1714647379241, 2024-05-02T10:56:19.241Z, 160.9266306, 797.8444668
1714647379266, 2024-05-02T10:56:19.266Z, 172.7509908, 790.525554
1714647379312, 2024-05-02T10:56:19.312Z, 184.91965899999997, 782.244498
1714647379387, 2024-05-02T10:56:19.387Z, 202.44207120000002, 776.742855
1714647379415, 2024-05-02T10:56:19.415Z, 209.3421234, 777.4973814
1714647379429, 2024-05-02T10:56:19.429Z, 220.0285046, 696.7957853999999
1714647379446, 2024-05-02T10:56:19.446Z, 230.0459898, 614.2802576
1714647379462, 2024-05-02T10:56:19.462Z, 243.46926279999997, 531.7058408
1714647379494, 2024-05-02T10:56:19.494Z, 249.1128118, 444.2061294
1714647379536, 2024-05-02T10:56:19.536Z, 259.89477580000005, 358.9600874
1714647379552, 2024-05-02T10:56:19.552Z, 265.1716466, 357.9774764
1714647379597, 2024-05-02T10:56:19.597Z, 268.18666640000004, 355.59744680000006
1714647379642, 2024-05-02T10:56:19.642Z, 265.6530316, 348.4929086
1714647379687, 2024-05-02T10:56:19.687Z, 262.42691619999994, 343.4647076
1714647379742, 2024-05-02T10:56:19.742Z, 262.90216780000003, 334.5838086
1714647379781, 2024-05-02T10:56:19.781Z, 267.59616059999996, 324.5003084
1714647379823, 2024-05-02T10:56:19.823Z, 275.044675, 318.41529959999997
1714647379867, 2024-05-02T10:56:19.867Z, 284.47078700000003, 314.6358484
1714647379914, 2024-05-02T10:56:19.914Z, 296.2049478, 310.3589776
1714647380002, 2024-05-02T10:56:20.002Z, 300.7892132, 309.68872
1714647380047, 2024-05-02T10:56:20.047Z, 303.5348558, 309.3868906
1714647380092, 2024-05-02T10:56:20.092Z, 306.45889960000005, 308.4887814
1714647380141, 2024-05-02T10:56:20.141Z, 311.1420172, 310.8885842
1714647380182, 2024-05-02T10:56:20.182Z, 315.7226314, 313.5202576
1714647380232, 2024-05-02T10:56:20.232Z, 314.641702, 310.98807960000005
1714647380273, 2024-05-02T10:56:20.273Z, 310.2438224, 309.6075526
1714647380317, 2024-05-02T10:56:20.317Z, 305.40401699999995, 308.5158298
1714647380364, 2024-05-02T10:56:20.364Z, 299.12727959999995, 304.622516
1714647380452, 2024-05-02T10:56:20.452Z, 296.8584374, 304.95846900000004
1714647380497, 2024-05-02T10:56:20.497Z, 297.28999079999994, 309.305862
1714647380542, 2024-05-02T10:56:20.542Z, 297.4968334, 314.09006039999997
1714647380587, 2024-05-02T10:56:20.587Z, 298.80895380000004, 318.50168659999997
1714647380636, 2024-05-02T10:56:20.636Z, 299.8932686, 322.00896839999996
1714647380677, 2024-05-02T10:56:20.677Z, 293.3133316, 318.7824448
1714647380723, 2024-05-02T10:56:20.723Z, 286.541773, 313.5655362
1714647380769, 2024-05-02T10:56:20.769Z, 280.906763, 307.97218080000005
1714647380816, 2024-05-02T10:56:20.816Z, 273.88001080000004, 303.942463
1714647380902, 2024-05-02T10:56:20.902Z, 264.2822354, 300.49012460000006
1714647380947, 2024-05-02T10:56:20.947Z, 260.116807, 301.6143134
1714647380991, 2024-05-02T10:56:20.991Z, 258.25710960000004, 305.232146
1714647381040, 2024-05-02T10:56:21.040Z, 248.28575460000002, 303.7913256
1714647381081, 2024-05-02T10:56:21.081Z, 231.5873606, 298.9781228
1714647381172, 2024-05-02T10:56:21.172Z, 223.5029246, 301.879786
1714647381217, 2024-05-02T10:56:21.217Z, 212.49376999999998, 300.9643552
1714647381262, 2024-05-02T10:56:21.262Z, 201.4058346, 299.5274266
1714647381351, 2024-05-02T10:56:21.351Z, 188.1829124, 305.8436122
1714647381396, 2024-05-02T10:56:21.396Z, 179.29938299999998, 310.04152039999997
1714647381444, 2024-05-02T10:56:21.444Z, 164.00293459999997, 303.234303
1714647381487, 2024-05-02T10:56:21.487Z, 152.5026166, 302.8026712
1714647381532, 2024-05-02T10:56:21.532Z, 155.09981079999997, 312.7568886
1714647381578, 2024-05-02T10:56:21.578Z, 171.9382748, 322.1160394
1714647381622, 2024-05-02T10:56:21.622Z, 188.7188824, 331.644887
1714647381667, 2024-05-02T10:56:21.667Z, 204.22804879999998, 343.1491994
1714647381696, 2024-05-02T10:56:21.696Z, 216.69530060000002, 350.310924
1714647381712, 2024-05-02T10:56:21.712Z, 265.5739622, 348.6040218
1714647381786, 2024-05-02T10:56:21.786Z, 396.7926624, 347.6475192
1714647381831, 2024-05-02T10:56:21.831Z, 532.12861, 352.3671402
1714647381881, 2024-05-02T10:56:21.881Z, 718.9926446, 357.3432438
1714647381906, 2024-05-02T10:56:21.906Z, 914.4160411999999, 364.8673002
1714647381928, 2024-05-02T10:56:21.928Z, 1067.664128, 369.5906512
1714647381953, 2024-05-02T10:56:21.953Z, 1135.5156348, 371.9021912
1714647381969, 2024-05-02T10:56:21.969Z, 1199.7338136, 370.31392420000003
1714647381984, 2024-05-02T10:56:21.984Z, 1204.1470684, 363.34519660000007
1714647381999, 2024-05-02T10:56:21.999Z, 1198.700454, 353.3167074
1714647382015, 2024-05-02T10:56:22.015Z, 1184.0312152000001, 342.9860402
1714647382030, 2024-05-02T10:56:22.030Z, 1167.2029246, 331.44066860000004
1714647382073, 2024-05-02T10:56:22.073Z, 1150.3200654, 322.2746204
1714647382101, 2024-05-02T10:56:22.101Z, 1142.1682151999998, 317.6966836
1714647382117, 2024-05-02T10:56:22.117Z, 1135.2200917999999, 311.79588440000003
1714647382146, 2024-05-02T10:56:22.146Z, 1181.1711177999998, 299.9432208
1714647382162, 2024-05-02T10:56:22.162Z, 1236.3450318, 287.33203960000003
1714647382191, 2024-05-02T10:56:22.191Z, 1295.1580482, 274.80120680000005
1714647382242, 2024-05-02T10:56:22.242Z, 1365.7981212, 272.5701626
1714647382257, 2024-05-02T10:56:22.257Z, 1431.331202, 272.41096360000006
1714647382282, 2024-05-02T10:56:22.282Z, 1440.2720284, 278.42510260000006
1714647382297, 2024-05-02T10:56:22.297Z, 1436.9133106, 286.1017248
1714647382327, 2024-05-02T10:56:22.327Z, 1427.8304584000002, 290.8121036
1714647382342, 2024-05-02T10:56:22.342Z, 1410.0723906, 288.8468834
1714647382373, 2024-05-02T10:56:22.373Z, 1396.2830847999999, 279.2283592
1714647382389, 2024-05-02T10:56:22.389Z, 1391.2492254000001, 256.4268386
1714647382420, 2024-05-02T10:56:22.420Z, 1391.2654852, 230.35423340000003
1714647382435, 2024-05-02T10:56:22.435Z, 1393.5043192, 207.3964772
1714647382467, 2024-05-02T10:56:22.467Z, 1394.174986, 183.01427159999997
1714647382483, 2024-05-02T10:56:22.483Z, 1396.6467318, 166.0867248
1714647382529, 2024-05-02T10:56:22.529Z, 1390.8926023999998, 162.2152716
1714647382560, 2024-05-02T10:56:22.560Z, 1384.6136778, 160.8422536
1714647382576, 2024-05-02T10:56:22.576Z, 1380.909633, 158.8139326
1714647382607, 2024-05-02T10:56:22.607Z, 1377.6984734000002, 158.170925
1714647382623, 2024-05-02T10:56:22.623Z, 1374.6583388000001, 157.29216060000002
1714647382654, 2024-05-02T10:56:22.654Z, 1375.4901002000001, 156.43366959999997
1714647382686, 2024-05-02T10:56:22.686Z, 1376.6198340000003, 156.4063316
1714647382702, 2024-05-02T10:56:22.702Z, 1377.3470474, 157.0140228
1714647382732, 2024-05-02T10:56:22.732Z, 1377.1531016, 156.5167984
1714647382753, 2024-05-02T10:56:22.753Z, 1376.3836908, 156.31661479999997
1714647382778, 2024-05-02T10:56:22.778Z, 1374.7705174, 156.7497318
1714647382794, 2024-05-02T10:56:22.794Z, 1372.9345263999999, 156.9801534
1714647382823, 2024-05-02T10:56:22.823Z, 1371.2130080000002, 156.7606322
1714647382838, 2024-05-02T10:56:22.838Z, 1370.9318038000001, 156.73558799999998
1714647382869, 2024-05-02T10:56:22.869Z, 1373.8537278, 157.43477339999998
1714647382883, 2024-05-02T10:56:22.883Z, 1392.0088592, 155.136664
1714647382912, 2024-05-02T10:56:22.912Z, 1426.4927269999998, 150.8588788
1714647382928, 2024-05-02T10:56:22.928Z, 1471.4414324, 145.50801140000002
1714647382973, 2024-05-02T10:56:22.973Z, 1512.9728496, 140.4202922
1714647383006, 2024-05-02T10:56:23.006Z, 1570.1901774, 132.0350176
1714647383019, 2024-05-02T10:56:23.019Z, 1611.8707528, 126.9546906
1714647383047, 2024-05-02T10:56:23.047Z, 1636.9052312, 124.84865119999999
1714647383062, 2024-05-02T10:56:23.062Z, 1651.3268056000002, 125.8468636
1714647383096, 2024-05-02T10:56:23.096Z, 1668.6207172000002, 126.6638978
1714647383139, 2024-05-02T10:56:23.139Z, 1666.1160166000002, 131.1806322
1714647383154, 2024-05-02T10:56:23.154Z, 1664.3559123999999, 135.3152106
1714647383185, 2024-05-02T10:56:23.185Z, 1657.9512588000002, 144.30331619999998
1714647383201, 2024-05-02T10:56:23.201Z, 1650.7578034000003, 152.799622
1714647383232, 2024-05-02T10:56:23.232Z, 1643.4669282000002, 162.13390539999997
1714647383247, 2024-05-02T10:56:23.247Z, 1636.399974, 173.0653034
1714647383273, 2024-05-02T10:56:23.273Z, 1628.3651691999999, 184.26465539999998
1714647383287, 2024-05-02T10:56:23.287Z, 1620.3576184, 190.622502
1714647383297, 2024-05-02T10:56:23.297Z, 1593.6663142000002, 203.5976036
1714647383317, 2024-05-02T10:56:23.317Z, 1536.700216, 225.79944919999997
1714647383332, 2024-05-02T10:56:23.332Z, 1467.9781764, 248.2952874
1714647383348, 2024-05-02T10:56:23.348Z, 1392.271702, 272.6186794
1714647383362, 2024-05-02T10:56:23.362Z, 1320.6178872, 295.890016
1714647383377, 2024-05-02T10:56:23.377Z, 1262.9137262, 312.5019056
1714647383388, 2024-05-02T10:56:23.388Z, 1237.9238834, 318.7191302
1714647383423, 2024-05-02T10:56:23.423Z, 1219.4024472, 336.1596806
1714647383433, 2024-05-02T10:56:23.433Z, 1209.24275, 350.9071722
1714647383452, 2024-05-02T10:56:23.452Z, 1200.5945218, 359.7045526
1714647383472, 2024-05-02T10:56:23.472Z, 1196.6527974, 367.4538218
1714647383479, 2024-05-02T10:56:23.479Z, 1190.2834884, 372.22162779999996
1714647383497, 2024-05-02T10:56:23.497Z, 1189.8261352000002, 354.20588660000004
1714647383512, 2024-05-02T10:56:23.512Z, 1188.3690722, 336.63924080000004
1714647383542, 2024-05-02T10:56:23.542Z, 1185.6847818, 323.56407360000003
1714647383587, 2024-05-02T10:56:23.587Z, 1181.6928572000002, 307.2248606
1714647383602, 2024-05-02T10:56:23.602Z, 1178.2949754, 293.5673168
1714647383613, 2024-05-02T10:56:23.613Z, 1175.7490982, 287.50780240000006
1714647383632, 2024-05-02T10:56:23.632Z, 1172.280874, 282.3785408
1714647383647, 2024-05-02T10:56:23.647Z, 1169.4830754, 278.41944700000005
1714647383658, 2024-05-02T10:56:23.658Z, 1169.4313168, 277.6408692
1714647383677, 2024-05-02T10:56:23.677Z, 1169.2630883999998, 277.74291460000006
1714647383692, 2024-05-02T10:56:23.692Z, 1175.6288375999998, 278.39694040000006
1714647383743, 2024-05-02T10:56:23.743Z, 1209.2843826, 275.56599940000007
1714647383758, 2024-05-02T10:56:23.758Z, 1246.1530878, 272.6277576
1714647383773, 2024-05-02T10:56:23.773Z, 1300.3467144, 267.4481224
1714647383788, 2024-05-02T10:56:23.788Z, 1354.7463092, 261.5185016
1714647383804, 2024-05-02T10:56:23.804Z, 1401.2568536, 255.99711680000001
1714647383819, 2024-05-02T10:56:23.819Z, 1422.12376, 253.096673
1714647383835, 2024-05-02T10:56:23.835Z, 1440.4975462, 248.04798659999997
1714647383850, 2024-05-02T10:56:23.850Z, 1440.9214606, 246.0793554
1714647383873, 2024-05-02T10:56:23.873Z, 1442.1792114000002, 243.9699264
1714647383883, 2024-05-02T10:56:23.883Z, 1444.1015536, 242.46761
1714647383901, 2024-05-02T10:56:23.901Z, 1445.9388276, 241.76906099999997
1714647383917, 2024-05-02T10:56:23.917Z, 1447.0895595999998, 243.19250019999998
1714647383929, 2024-05-02T10:56:23.929Z, 1447.7305046000001, 244.78922900000003
1714647383950, 2024-05-02T10:56:23.950Z, 1448.6025505999999, 245.59743660000004
1714647383962, 2024-05-02T10:56:23.962Z, 1452.1900774, 244.62588380000003
1714647383991, 2024-05-02T10:56:23.991Z, 1457.3349724, 242.1118598
1714647384144, 2024-05-02T10:56:24.145Z, 1423.151468, 296.6651474
1714647384173, 2024-05-02T10:56:24.173Z, 1408.1049546, 313.988906
1714647384187, 2024-05-02T10:56:24.187Z, 1395.61283, 325.91891
1714647384198, 2024-05-02T10:56:24.198Z, 1382.75849, 335.1365972
1714647384217, 2024-05-02T10:56:24.217Z, 1368.1979755999998, 345.3915298
1714647384237, 2024-05-02T10:56:24.237Z, 1392.7283536, 299.6180696
1714647384252, 2024-05-02T10:56:24.252Z, 1399.6953793999999, 293.8716022
1714647384268, 2024-05-02T10:56:24.268Z, 1402.5921116, 294.1989436
1714647384284, 2024-05-02T10:56:24.284Z, 1403.3979402, 297.7910368
1714647384299, 2024-05-02T10:56:24.299Z, 1402.9169522, 298.9400058
1714647384323, 2024-05-02T10:56:24.323Z, 1401.4368086, 301.0500134
1714647384333, 2024-05-02T10:56:24.333Z, 1399.2976028, 300.11468679999996
1714647384352, 2024-05-02T10:56:24.352Z, 1396.6830712, 299.9841622
1714647384373, 2024-05-02T10:56:24.373Z, 1393.3664604, 300.51214519999996
1714647384379, 2024-05-02T10:56:24.379Z, 1390.360627, 303.60115640000004
1714647384402, 2024-05-02T10:56:24.402Z, 1384.923096, 305.6634214
1714647384418, 2024-05-02T10:56:24.418Z, 1378.7682135999999, 306.95422279999997
1714647384429, 2024-05-02T10:56:24.429Z, 1373.1407536000002, 307.87438399999996
1714647384447, 2024-05-02T10:56:24.447Z, 1368.6295554, 308.54291379999995
1714647384472, 2024-05-02T10:56:24.472Z, 1365.1694032, 309.68005120000004
1714647384489, 2024-05-02T10:56:24.489Z, 1364.6123384, 310.1862502
1714647384517, 2024-05-02T10:56:24.517Z, 1364.4498529999998, 311.097664
1714647384547, 2024-05-02T10:56:24.547Z, 1364.5486150000002, 311.9576434
1714647384563, 2024-05-02T10:56:24.563Z, 1364.0089258, 312.1943344
1714647384579, 2024-05-02T10:56:24.579Z, 1363.8165072, 310.9009114
1714647384594, 2024-05-02T10:56:24.594Z, 1363.7084935999999, 310.1613214
1714647384625, 2024-05-02T10:56:24.625Z, 1363.5041082, 309.4108284
1714647384643, 2024-05-02T10:56:24.643Z, 1363.2442423999998, 309.683078
1714647384657, 2024-05-02T10:56:24.657Z, 1363.3908692, 310.925433
1714647384673, 2024-05-02T10:56:24.673Z, 1363.1379451999999, 313.2377598
1714647384689, 2024-05-02T10:56:24.689Z, 1363.1635144, 314.377348
1714647384721, 2024-05-02T10:56:24.721Z, 1363.4594652, 315.20064160000004
1714647384736, 2024-05-02T10:56:24.736Z, 1363.5938654, 315.4769284
1714647384752, 2024-05-02T10:56:24.752Z, 1363.8658928, 315.9124286
1714647384775, 2024-05-02T10:56:24.775Z, 1363.3919692, 316.9919616
1714647384786, 2024-05-02T10:56:24.786Z, 1362.7317798, 319.2561468
1714647384804, 2024-05-02T10:56:24.804Z, 1362.4081072000001, 320.988441
1714647384819, 2024-05-02T10:56:24.819Z, 1362.6627266, 321.92887460000003
1714647384831, 2024-05-02T10:56:24.831Z, 1363.0281552, 322.5517258
1714647384848, 2024-05-02T10:56:24.848Z, 1364.0738568000002, 321.96531719999996
1714647384865, 2024-05-02T10:56:24.865Z, 1365.5690866, 320.3370508
1714647384879, 2024-05-02T10:56:24.879Z, 1367.2255473999999, 318.885358
1714647384894, 2024-05-02T10:56:24.894Z, 1368.3535024, 316.818512
1714647384921, 2024-05-02T10:56:24.921Z, 1369.2769451999998, 314.6565224
1714647384939, 2024-05-02T10:56:24.939Z, 1370.414757, 312.5711012
1714647384954, 2024-05-02T10:56:24.954Z, 1371.4112856, 311.137406
1714647384970, 2024-05-02T10:56:24.970Z, 1371.6047, 310.0267658000001
1714647384986, 2024-05-02T10:56:24.986Z, 1371.8837873999998, 310.37396559999996
1714647385001, 2024-05-02T10:56:25.001Z, 1371.6546569999998, 311.4262562
1714647385033, 2024-05-02T10:56:25.033Z, 1371.1889641999999, 312.08894339999995
1714647385049, 2024-05-02T10:56:25.049Z, 1370.6041959999998, 312.3026566
1714647385075, 2024-05-02T10:56:25.075Z, 1369.9536868, 313.1405352
1714647385090, 2024-05-02T10:56:25.090Z, 1369.5718748000002, 312.454121
1714647385103, 2024-05-02T10:56:25.103Z, 1369.0173897999998, 311.8061182
1714647385119, 2024-05-02T10:56:25.119Z, 1368.0246430000002, 312.37437420000003
1714647385142, 2024-05-02T10:56:25.142Z, 1367.0935674, 313.1183448
1714647385157, 2024-05-02T10:56:25.157Z, 1366.8367210000001, 312.3769784
1714647385172, 2024-05-02T10:56:25.172Z, 1366.3689770000003, 313.269843
1714647385187, 2024-05-02T10:56:25.187Z, 1366.6193716000002, 313.29085139999995
1714647385203, 2024-05-02T10:56:25.203Z, 1367.225714, 313.04594399999996
1714647385229, 2024-05-02T10:56:25.229Z, 1367.541449, 314.5443648
1714647385257, 2024-05-02T10:56:25.257Z, 1358.7689138, 319.9190936
1714647385281, 2024-05-02T10:56:25.281Z, 1329.7799854, 334.6581064
1714647385297, 2024-05-02T10:56:25.297Z, 1289.4505918, 354.91403260000004
1714647385313, 2024-05-02T10:56:25.313Z, 1247.85691, 375.8957812
1714647385328, 2024-05-02T10:56:25.328Z, 1205.9471002, 395.7948706
1714647385344, 2024-05-02T10:56:25.344Z, 1172.7620379999998, 413.1028147999999
1714647385387, 2024-05-02T10:56:25.387Z, 1157.8426518, 419.9396452
1714647385402, 2024-05-02T10:56:25.402Z, 1153.9962984, 421.4741894
1714647385432, 2024-05-02T10:56:25.432Z, 1152.4056157999999, 421.55264479999994
1714647385447, 2024-05-02T10:56:25.447Z, 1155.9430332000002, 420.2399896
1714647385458, 2024-05-02T10:56:25.458Z, 1159.720292, 418.45324600000004
1714647385477, 2024-05-02T10:56:25.477Z, 1169.9366198, 416.6531642
1714647385492, 2024-05-02T10:56:25.492Z, 1189.2876324, 414.0646852
1714647385523, 2024-05-02T10:56:25.523Z, 1214.8164265999999, 410.87392259999996
1714647385537, 2024-05-02T10:56:25.537Z, 1241.4439932, 407.56854719999995
1714647385562, 2024-05-02T10:56:25.562Z, 1277.0910302, 405.6608018
1714647385576, 2024-05-02T10:56:25.576Z, 1308.8269884000001, 404.13451399999997
1714647385592, 2024-05-02T10:56:25.592Z, 1331.6386362, 402.534943
1714647385608, 2024-05-02T10:56:25.608Z, 1347.3600654000002, 401.2657952
1714647385623, 2024-05-02T10:56:25.623Z, 1356.5351720000003, 401.158323
1714647385638, 2024-05-02T10:56:25.638Z, 1355.7502218000002, 400.1879334
1714647385654, 2024-05-02T10:56:25.654Z, 1350.3416505999999, 398.78995139999995
1714647385673, 2024-05-02T10:56:25.673Z, 1344.0699536, 398.47646840000004
1714647385684, 2024-05-02T10:56:25.684Z, 1335.2822412, 398.7832988
1714647385702, 2024-05-02T10:56:25.702Z, 1322.411912, 399.3220974000001
1714647385717, 2024-05-02T10:56:25.717Z, 1309.5576681999999, 398.98210159999996
1714647385731, 2024-05-02T10:56:25.731Z, 1298.9712184, 399.91649040000004
1714647385747, 2024-05-02T10:56:25.747Z, 1287.089015, 400.7202510000001
1714647385763, 2024-05-02T10:56:25.763Z, 1277.7302722, 401.69039000000004
1714647385778, 2024-05-02T10:56:25.778Z, 1274.6751558, 403.7308812
1714647385794, 2024-05-02T10:56:25.794Z, 1271.8840674, 406.26462080000005
1714647385819, 2024-05-02T10:56:25.819Z, 1260.307362, 410.53243740000005
1714647385837, 2024-05-02T10:56:25.837Z, 1237.6583839999998, 417.2419392
1714647385858, 2024-05-02T10:56:25.858Z, 1214.7360694, 422.99608900000004
1714647385872, 2024-05-02T10:56:25.872Z, 1190.5452008, 427.71404600000005
1714647385887, 2024-05-02T10:56:25.887Z, 1166.8390286, 430.2204178
1714647385902, 2024-05-02T10:56:25.902Z, 1154.8108836, 430.04409319999996
1714647385918, 2024-05-02T10:56:25.918Z, 1155.8604071999998, 426.79286540000004
1714647385934, 2024-05-02T10:56:25.934Z, 1157.0662096, 422.61182420000006
1714647385949, 2024-05-02T10:56:25.949Z, 1157.8847804000002, 414.82488320000004
1714647385972, 2024-05-02T10:56:25.972Z, 1156.9271978, 409.80045820000004
1714647385987, 2024-05-02T10:56:25.987Z, 1154.462611, 405.0164294
1714647385997, 2024-05-02T10:56:25.997Z, 1150.9522011999998, 400.8080404
1714647386017, 2024-05-02T10:56:26.017Z, 1143.6259785999998, 400.512566
1714647386032, 2024-05-02T10:56:26.032Z, 1135.330247, 403.57222459999997
1714647386043, 2024-05-02T10:56:26.043Z, 1128.3738902, 406.191277
1714647386062, 2024-05-02T10:56:26.062Z, 1121.4734968, 408.74038039999994
1714647386077, 2024-05-02T10:56:26.077Z, 1114.1166748, 411.82754400000005
1714647386093, 2024-05-02T10:56:26.093Z, 1110.3717276000002, 412.73455859999996
1714647386123, 2024-05-02T10:56:26.123Z, 1108.3143358000002, 412.9739952
1714647386135, 2024-05-02T10:56:26.135Z, 1106.222593, 412.5419162
1714647386152, 2024-05-02T10:56:26.152Z, 1102.3948328, 411.6044985999999
1714647386167, 2024-05-02T10:56:26.167Z, 1100.1025572, 409.3142276
1714647386182, 2024-05-02T10:56:26.182Z, 1098.0655504000001, 406.9702468
1714647386198, 2024-05-02T10:56:26.198Z, 1095.7161718, 405.3834218
1714647386214, 2024-05-02T10:56:26.214Z, 1093.9693302, 404.3994982
1714647386230, 2024-05-02T10:56:26.230Z, 1094.6587361999998, 404.5943916
1714647386245, 2024-05-02T10:56:26.245Z, 1095.9402598000001, 406.027877
1714647386269, 2024-05-02T10:56:26.269Z, 1097.3223024000001, 407.7931928
1714647386286, 2024-05-02T10:56:26.286Z, 1098.8971716, 409.7208464
1714647386302, 2024-05-02T10:56:26.302Z, 1100.9260446, 409.2871788
1714647386313, 2024-05-02T10:56:26.313Z, 1102.4602022000001, 407.8098186
1714647386337, 2024-05-02T10:56:26.337Z, 1105.1322872, 406.12276779999996
1714647386353, 2024-05-02T10:56:26.353Z, 1107.6407900000002, 404.5572912
1714647386369, 2024-05-02T10:56:26.369Z, 1109.6536, 402.81190019999997
1714647386385, 2024-05-02T10:56:26.385Z, 1109.7767446, 403.7626168
1714647386400, 2024-05-02T10:56:26.400Z, 1110.4043868, 404.0381202
1714647386426, 2024-05-02T10:56:26.426Z, 1107.4271441999997, 402.9888288
1714647386441, 2024-05-02T10:56:26.441Z, 1103.8710004, 400.6278592
1714647386462, 2024-05-02T10:56:26.462Z, 1100.769188, 398.16149759999996
1714647386477, 2024-05-02T10:56:26.477Z, 1099.1296714, 394.7360588
1714647386492, 2024-05-02T10:56:26.492Z, 1097.2530562, 392.5602128
1714647386508, 2024-05-02T10:56:26.508Z, 1097.4051702000002, 391.525735
1714647386523, 2024-05-02T10:56:26.523Z, 1098.3413796, 393.47807359999996
1714647386539, 2024-05-02T10:56:26.539Z, 1099.4454536, 395.7101628
1714647386555, 2024-05-02T10:56:26.555Z, 1100.7311084, 398.73038579999997
1714647386580, 2024-05-02T10:56:26.580Z, 1106.3999476000001, 401.77102579999996
1714647386586, 2024-05-02T10:56:26.586Z, 1114.8698342, 404.756594
1714647386604, 2024-05-02T10:56:26.604Z, 1129.695589, 406.68849620000003
1714647386620, 2024-05-02T10:56:26.620Z, 1147.888502, 409.03438560000006
1714647386634, 2024-05-02T10:56:26.634Z, 1167.9145403999999, 412.0104644
1714647386649, 2024-05-02T10:56:26.649Z, 1198.744681, 418.2723476
1714647386665, 2024-05-02T10:56:26.665Z, 1226.8126992, 424.3554826000001
1714647386681, 2024-05-02T10:56:26.681Z, 1248.5725545999999, 429.30424139999997
1714647386696, 2024-05-02T10:56:26.696Z, 1266.8799350000002, 433.12715439999994
1714647386722, 2024-05-02T10:56:26.722Z, 1282.077562, 434.28038019999997
1714647386738, 2024-05-02T10:56:26.738Z, 1279.74103, 430.1255006
1714647386754, 2024-05-02T10:56:26.754Z, 1277.7235509999998, 426.23648059999994
1714647386766, 2024-05-02T10:56:26.766Z, 1276.3852904, 424.23538740000004
1714647386784, 2024-05-02T10:56:26.784Z, 1276.5823375999998, 423.5254578
1714647386799, 2024-05-02T10:56:26.799Z, 1278.119608, 424.85433380000006
1714647386811, 2024-05-02T10:56:26.811Z, 1281.381582, 427.40181540000003
1714647386828, 2024-05-02T10:56:26.828Z, 1284.4109765999997, 430.0388707999999
1714647386850, 2024-05-02T10:56:26.850Z, 1286.9445334, 430.96040220000003
1714647386875, 2024-05-02T10:56:26.875Z, 1287.741187, 430.74870899999996
1714647386890, 2024-05-02T10:56:26.890Z, 1287.390887, 430.192805
1714647386901, 2024-05-02T10:56:26.901Z, 1278.6791868, 433.9210868
1714647386916, 2024-05-02T10:56:26.916Z, 1265.4186866, 439.11394359999997
1714647386931, 2024-05-02T10:56:26.931Z, 1249.5587922, 444.7317099999999
1714647386943, 2024-05-02T10:56:26.943Z, 1231.06197, 451.42829240000003
1714647386961, 2024-05-02T10:56:26.961Z, 1211.958563, 458.5166272
1714647386977, 2024-05-02T10:56:26.977Z, 1202.1573951999999, 462.2975316
1714647386990, 2024-05-02T10:56:26.990Z, 1197.1192601999999, 464.38924779999996
1714647387023, 2024-05-02T10:56:27.023Z, 1193.7925036, 465.99891180000003
1714647387037, 2024-05-02T10:56:27.037Z, 1192.8610593999997, 466.84370019999994
1714647387057, 2024-05-02T10:56:27.057Z, 1193.4513632, 467.66024559999994
1714647387069, 2024-05-02T10:56:27.069Z, 1193.3802570000003, 468.5753698
1714647387084, 2024-05-02T10:56:27.084Z, 1192.799732, 469.39455019999997
1714647387099, 2024-05-02T10:56:27.099Z, 1193.702014, 470.0320226
1714647387115, 2024-05-02T10:56:27.115Z, 1194.7528698, 470.4651678
1714647387131, 2024-05-02T10:56:27.131Z, 1195.4950840000001, 470.52492279999996
1714647387146, 2024-05-02T10:56:27.146Z, 1196.5233225999998, 469.98590299999995
1714647387169, 2024-05-02T10:56:27.169Z, 1197.9789174000002, 469.24746239999996
1714647387186, 2024-05-02T10:56:27.186Z, 1198.9321936000001, 468.46897119999994
1714647387202, 2024-05-02T10:56:27.202Z, 1199.9914451999998, 467.27024
1714647387212, 2024-05-02T10:56:27.212Z, 1201.2118474000001, 465.969981
1714647387232, 2024-05-02T10:56:27.232Z, 1202.2539096, 464.9202814
1714647387247, 2024-05-02T10:56:27.247Z, 1203.0780878, 465.0768864
1714647387258, 2024-05-02T10:56:27.258Z, 1206.1884209999998, 472.2440226
1714647387276, 2024-05-02T10:56:27.276Z, 1208.9597538, 480.4772768000001
1714647387292, 2024-05-02T10:56:27.292Z, 1211.1858412, 488.6185638
1714647387322, 2024-05-02T10:56:27.322Z, 1213.3410215999997, 497.08931679999995
1714647387337, 2024-05-02T10:56:27.337Z, 1214.6389128, 504.6430044
1714647387353, 2024-05-02T10:56:27.353Z, 1213.1659511999999, 505.7165548
1714647387379, 2024-05-02T10:56:27.379Z, 1212.2280544, 505.8610814
1714647387395, 2024-05-02T10:56:27.395Z, 1211.7580839999998, 506.4139332
1714647387416, 2024-05-02T10:56:27.416Z, 1212.5427472000001, 504.6350202
1714647387427, 2024-05-02T10:56:27.427Z, 1214.1908271999998, 502.6808408
1714647387441, 2024-05-02T10:56:27.441Z, 1215.8389564, 501.0128134
1714647387488, 2024-05-02T10:56:27.488Z, 1217.2679119999998, 499.40056859999993
1714647387503, 2024-05-02T10:56:27.503Z, 1218.9036852, 497.7924688
1714647387519, 2024-05-02T10:56:27.519Z, 1218.8391597999998, 498.1575732
1714647387534, 2024-05-02T10:56:27.534Z, 1218.2525507999999, 498.935056
1714647387550, 2024-05-02T10:56:27.550Z, 1216.9274384, 499.5125092
1714647387565, 2024-05-02T10:56:27.565Z, 1215.6803148, 500.255271
1714647387581, 2024-05-02T10:56:27.581Z, 1214.5447239999999, 500.45919299999997
1714647387596, 2024-05-02T10:56:27.596Z, 1213.4855553999998, 500.6651078
1714647387619, 2024-05-02T10:56:27.619Z, 1211.7679727999998, 501.2339938
1714647387637, 2024-05-02T10:56:27.637Z, 1208.8015906, 501.4568636
1714647387652, 2024-05-02T10:56:27.652Z, 1205.5206196, 501.72983999999997
1714647387668, 2024-05-02T10:56:27.668Z, 1199.4003406, 503.1452656
1714647387681, 2024-05-02T10:56:27.681Z, 1190.9302506, 505.65589140000003
1714647387697, 2024-05-02T10:56:27.697Z, 1182.9984108, 507.4102436
1714647387708, 2024-05-02T10:56:27.708Z, 1175.1139792, 509.2034358000001
1714647387726, 2024-05-02T10:56:27.726Z, 1166.2075332, 510.76853220000004
1714647387742, 2024-05-02T10:56:27.742Z, 1158.3024334, 511.4751104
1714647387772, 2024-05-02T10:56:27.772Z, 1151.6451256, 509.9977324
1714647387787, 2024-05-02T10:56:27.787Z, 1141.4630668, 507.4132444
1714647387798, 2024-05-02T10:56:27.798Z, 1132.2538393999998, 504.8456754
1714647387817, 2024-05-02T10:56:27.817Z, 1122.1331984, 502.0123168
1714647387832, 2024-05-02T10:56:27.832Z, 1113.7149234, 498.9106760000001
1714647387845, 2024-05-02T10:56:27.845Z, 1106.7219138, 497.1160566
1714647387861, 2024-05-02T10:56:27.861Z, 1103.5663614, 496.8467288
1714647387877, 2024-05-02T10:56:27.877Z, 1101.4927218, 496.0839604000001
1714647387893, 2024-05-02T10:56:27.893Z, 1101.432866, 495.76603880000005
1714647387925, 2024-05-02T10:56:27.925Z, 1100.8954938, 496.0594583999999
1714647387940, 2024-05-02T10:56:27.940Z, 1099.4182844, 497.28582480000006
1714647387955, 2024-05-02T10:56:27.955Z, 1097.9537928, 497.6409643999999
1714647387970, 2024-05-02T10:56:27.970Z, 1095.7893139999999, 497.905727
1714647387986, 2024-05-02T10:56:27.986Z, 1093.321819, 497.89038
1714647388001, 2024-05-02T10:56:28.001Z, 1090.8189334, 496.67076280000003
1714647388017, 2024-05-02T10:56:28.017Z, 1089.1476554, 494.0199324
1714647388032, 2024-05-02T10:56:28.032Z, 1087.7684970000003, 492.30211660000003
1714647388047, 2024-05-02T10:56:28.047Z, 1086.6699982000002, 490.685554
1714647388069, 2024-05-02T10:56:28.069Z, 1085.8722300000002, 489.6585908
1714647388087, 2024-05-02T10:56:28.087Z, 1085.7181102, 490.4875094
1714647388102, 2024-05-02T10:56:28.102Z, 1082.423814, 492.4915594
1714647388113, 2024-05-02T10:56:28.113Z, 1055.4514306, 489.4598921999999
1714647388147, 2024-05-02T10:56:28.147Z, 975.3393208, 476.61000079999997
1714647388176, 2024-05-02T10:56:28.176Z, 819.0988066, 444.84210980000006
1714647388192, 2024-05-02T10:56:28.192Z, 670.3766434, 414.67958280000005
1714647388222, 2024-05-02T10:56:28.222Z, 509.9811162, 379.4630406
1714647388236, 2024-05-02T10:56:28.236Z, 369.05547220000005, 348.3057854
1714647388287, 2024-05-02T10:56:28.287Z, 277.31376400000005, 327.5395012
1714647388316, 2024-05-02T10:56:28.316Z, 251.41531279999998, 326.94510460000004
1714647388328, 2024-05-02T10:56:28.328Z, 217.91462459999997, 322.2835222
1714647388340, 2024-05-02T10:56:28.340Z, 199.37775219999997, 320.703526
1714647388375, 2024-05-02T10:56:28.375Z, 185.08103520000003, 319.5983534
1714647388388, 2024-05-02T10:56:28.388Z, 178.738105, 319.9164856
1714647388403, 2024-05-02T10:56:28.403Z, 192.5555322, 321.0103504
1714647388419, 2024-05-02T10:56:28.419Z, 207.73157940000002, 324.1626046
1714647388435, 2024-05-02T10:56:28.435Z, 226.04744999999997, 330.2758682
1714647388466, 2024-05-02T10:56:28.466Z, 246.0950476, 338.2572512
1714647388536, 2024-05-02T10:56:28.536Z, 255.9282976, 337.3806462
1714647388552, 2024-05-02T10:56:28.552Z, 262.4165556, 336.74553660000004
1714647388581, 2024-05-02T10:56:28.581Z, 275.6860792, 337.5506338
1714647388597, 2024-05-02T10:56:28.597Z, 288.5307092, 338.3850158
1714647388626, 2024-05-02T10:56:28.626Z, 298.16309620000004, 340.33675760000006
1714647388641, 2024-05-02T10:56:28.641Z, 313.8761598, 350.3058234
1714647388687, 2024-05-02T10:56:28.687Z, 320.47170859999994, 361.4286282
1714647388721, 2024-05-02T10:56:28.721Z, 304.6345622, 385.6370992
1714647388731, 2024-05-02T10:56:28.731Z, 285.4762538, 406.21106199999997
1714647388777, 2024-05-02T10:56:28.777Z, 267.7000446, 424.16559340000003
1714647388823, 2024-05-02T10:56:28.823Z, 250.94611479999998, 442.63899280000004
1714647388870, 2024-05-02T10:56:28.870Z, 232.0194156, 461.33423839999995
1714647388901, 2024-05-02T10:56:28.901Z, 221.6803116, 471.08226080000003
1714647388916, 2024-05-02T10:56:28.916Z, 212.31604699999997, 482.4736516
1714647388947, 2024-05-02T10:56:28.947Z, 202.2732016, 494.31869040000004
1714647388991, 2024-05-02T10:56:28.991Z, 191.30156000000002, 506.22615699999994
1714647389001, 2024-05-02T10:56:29.001Z, 186.13471800000002, 516.4516891999999
1714647389046, 2024-05-02T10:56:29.046Z, 186.1109476, 517.7209508
1714647389076, 2024-05-02T10:56:29.076Z, 187.10085999999998, 519.3966564
1714647389092, 2024-05-02T10:56:29.092Z, 188.6325336, 521.5979107999999
1714647389137, 2024-05-02T10:56:29.137Z, 192.12336219999997, 523.9020264000001
1714647389187, 2024-05-02T10:56:29.187Z, 194.9049134, 526.4157698
1714647389227, 2024-05-02T10:56:29.227Z, 198.9571328, 530.0668906
1714647389273, 2024-05-02T10:56:29.273Z, 208.09772820000003, 533.6717054
1714647389303, 2024-05-02T10:56:29.303Z, 221.86343300000004, 538.9235855999999
1714647389318, 2024-05-02T10:56:29.318Z, 234.10173799999998, 542.1947749999999
1714647389350, 2024-05-02T10:56:29.350Z, 246.2813056, 544.4086941999999
1714647389365, 2024-05-02T10:56:29.365Z, 256.76624200000003, 547.244066
1714647389381, 2024-05-02T10:56:29.381Z, 260.1355314, 548.9588838
1714647389437, 2024-05-02T10:56:29.437Z, 258.3731996, 537.6318724
1714647389452, 2024-05-02T10:56:29.452Z, 261.2765108, 505.0946626
1714647389481, 2024-05-02T10:56:29.481Z, 263.5031272, 475.83975399999997
1714647389497, 2024-05-02T10:56:29.497Z, 265.7887136, 454.9778006
1714647389527, 2024-05-02T10:56:29.527Z, 271.1834904, 424.6753642
1714647389542, 2024-05-02T10:56:29.542Z, 278.0549454, 398.4564586
1714647389572, 2024-05-02T10:56:29.572Z, 282.33338760000004, 396.3321846
1714647389586, 2024-05-02T10:56:29.586Z, 287.96209220000003, 392.0751728
1714647389620, 2024-05-02T10:56:29.620Z, 294.3847234, 380.57826459999995
1714647389632, 2024-05-02T10:56:29.632Z, 297.9867184, 377.7690142
1714647389661, 2024-05-02T10:56:29.661Z, 301.05234839999997, 382.4563994
1714647389683, 2024-05-02T10:56:29.683Z, 301.04218199999997, 382.32027159999996
1714647389726, 2024-05-02T10:56:29.726Z, 298.6471686, 376.64205319999996
1714647389735, 2024-05-02T10:56:29.735Z, 296.268649, 371.03427719999996
1714647389752, 2024-05-02T10:56:29.752Z, 293.90894199999997, 365.7257606
1714647389767, 2024-05-02T10:56:29.767Z, 290.6523426, 358.25803260000004
1714647389798, 2024-05-02T10:56:29.798Z, 282.25446999999997, 356.3997568
1714647389814, 2024-05-02T10:56:29.814Z, 273.7253942, 358.6539924
1714647389845, 2024-05-02T10:56:29.845Z, 261.1334754, 361.6945332
1714647389886, 2024-05-02T10:56:29.886Z, 243.1035788, 370.8403678
1714647389901, 2024-05-02T10:56:29.901Z, 223.504208, 386.223766
1714647389936, 2024-05-02T10:56:29.936Z, 210.18632620000002, 423.04366680000004
1714647389955, 2024-05-02T10:56:29.955Z, 198.53290800000005, 462.3285542
1714647389986, 2024-05-02T10:56:29.986Z, 190.1771876, 499.676829
1714647390002, 2024-05-02T10:56:30.002Z, 187.6660754, 532.366507
1714647390022, 2024-05-02T10:56:30.022Z, 182.9091002, 557.4306988000001
1714647390041, 2024-05-02T10:56:30.041Z, 176.4885322, 557.4923068
1714647390082, 2024-05-02T10:56:30.082Z, 165.8786844, 553.5193598
1714647390113, 2024-05-02T10:56:30.113Z, 155.4758648, 549.8819952
1714647390131, 2024-05-02T10:56:30.131Z, 142.400999, 545.0593082
1714647390177, 2024-05-02T10:56:30.177Z, 133.88725319999998, 543.702003
1714647390208, 2024-05-02T10:56:30.208Z, 128.66739539999998, 545.2988172
1714647390223, 2024-05-02T10:56:30.223Z, 128.1317052, 547.469325
1714647390270, 2024-05-02T10:56:30.270Z, 132.49211780000002, 543.9180444
1714647390341, 2024-05-02T10:56:30.341Z, 151.1431764, 539.9713502000001
1714647390353, 2024-05-02T10:56:30.353Z, 170.2900958, 538.2418342
1714647390517, 2024-05-02T10:56:30.517Z, 197.8779328, 510.90730239999994
1714647390537, 2024-05-02T10:56:30.537Z, 222.871872, 479.6905932000001
1714647390569, 2024-05-02T10:56:30.569Z, 245.2913388, 455.6591978
1714647390585, 2024-05-02T10:56:30.585Z, 257.695712, 434.5412274
1714647390624, 2024-05-02T10:56:30.624Z, 269.13540919999997, 409.5504344
1714647390652, 2024-05-02T10:56:30.652Z, 270.25531279999996, 407.5362282
1714647390673, 2024-05-02T10:56:30.673Z, 273.840532, 410.1127008
1714647390710, 2024-05-02T10:56:30.710Z, 280.8027514, 411.2195758000001
1714647390726, 2024-05-02T10:56:30.726Z, 286.8035794, 409.30124159999997
1714647390741, 2024-05-02T10:56:30.741Z, 293.5795492, 408.22337
1714647390756, 2024-05-02T10:56:30.756Z, 301.28904500000004, 406.5608706
1714647390772, 2024-05-02T10:56:30.772Z, 310.1871774, 403.96281919999996
1714647390788, 2024-05-02T10:56:30.788Z, 312.7222726, 401.3579074
1714647390804, 2024-05-02T10:56:30.804Z, 314.08107600000005, 399.7470464
1714647390820, 2024-05-02T10:56:30.820Z, 314.6855402, 397.54322779999995
1714647390836, 2024-05-02T10:56:30.836Z, 314.7616912, 398.0291624
1714647390851, 2024-05-02T10:56:30.851Z, 313.64899859999997, 398.6219378
1714647390871, 2024-05-02T10:56:30.871Z, 316.44548460000004, 396.11665060000007
1714647390883, 2024-05-02T10:56:30.883Z, 321.7374214, 394.59997840000005
1714647390899, 2024-05-02T10:56:30.899Z, 327.9552944, 393.01850920000004
1714647390923, 2024-05-02T10:56:30.923Z, 337.2050468, 388.77211
1714647390938, 2024-05-02T10:56:30.938Z, 346.73499219999997, 384.313289
1714647390968, 2024-05-02T10:56:30.968Z, 355.05153520000005, 384.6836866
1714647390992, 2024-05-02T10:56:30.992Z, 361.43626140000003, 383.1297458
1714647391023, 2024-05-02T10:56:31.023Z, 363.40614519999997, 378.5275976
1714647391039, 2024-05-02T10:56:31.039Z, 357.3495572, 373.61394060000003
1714647391054, 2024-05-02T10:56:31.054Z, 346.51666760000006, 367.9371246
1714647391075, 2024-05-02T10:56:31.075Z, 333.2515806, 361.1076058
1714647391085, 2024-05-02T10:56:31.085Z, 316.82437319999997, 355.22452860000004
1714647391103, 2024-05-02T10:56:31.103Z, 296.0868535999999, 350.78014300000007
1714647391118, 2024-05-02T10:56:31.118Z, 281.819372, 348.01678619999996
1714647391148, 2024-05-02T10:56:31.148Z, 270.1527398, 346.3173464
1714647391163, 2024-05-02T10:56:31.163Z, 258.8606142, 343.100454
1714647391194, 2024-05-02T10:56:31.194Z, 247.41314459999998, 338.70030720000005
1714647391238, 2024-05-02T10:56:31.238Z, 249.687041, 337.25996160000005
1714647391253, 2024-05-02T10:56:31.253Z, 253.72822459999998, 336.1615574
1714647391283, 2024-05-02T10:56:31.283Z, 266.1130876, 335.7382546
1714647391298, 2024-05-02T10:56:31.298Z, 280.6691954, 336.2683628
1714647391327, 2024-05-02T10:56:31.327Z, 306.2217144, 336.306033
1714647391343, 2024-05-02T10:56:31.343Z, 325.7916904, 334.60621760000004
1714647391374, 2024-05-02T10:56:31.374Z, 341.2731852, 331.2847056
1714647391387, 2024-05-02T10:56:31.387Z, 349.76462239999995, 327.4859172
1714647391421, 2024-05-02T10:56:31.421Z, 355.80729999999994, 325.51117880000004
1714647391431, 2024-05-02T10:56:31.431Z, 354.2503176, 325.5367318
1714647391476, 2024-05-02T10:56:31.476Z, 351.5093204, 334.84043800000006
1714647391523, 2024-05-02T10:56:31.523Z, 347.5345212, 340.74250459999996
1714647391568, 2024-05-02T10:56:31.568Z, 330.6412976, 374.31895219999996
1714647391615, 2024-05-02T10:56:31.615Z, 307.76137420000003, 421.05027739999997
1714647391702, 2024-05-02T10:56:31.702Z, 277.75077139999996, 461.9080034
1714647391747, 2024-05-02T10:56:31.747Z, 250.90333080000005, 495.82417699999996
1714647391792, 2024-05-02T10:56:31.792Z, 224.19583079999998, 533.9992451999999
1714647391822, 2024-05-02T10:56:31.822Z, 210.38097739999998, 545.1295514
1714647391837, 2024-05-02T10:56:31.837Z, 203.6609898, 542.0445592
1714647391866, 2024-05-02T10:56:31.866Z, 203.1718024, 544.6723336
1714647391888, 2024-05-02T10:56:31.888Z, 191.2864196, 543.01598
1714647391898, 2024-05-02T10:56:31.898Z, 181.30616179999998, 540.8290316
1714647391931, 2024-05-02T10:56:31.931Z, 170.4869532, 537.4229423999999
1714647391943, 2024-05-02T10:56:31.943Z, 157.1611906, 532.6658457999999
1714647391987, 2024-05-02T10:56:31.987Z, 143.25929839999998, 528.6920309999999
1714647392002, 2024-05-02T10:56:32.002Z, 137.29822380000002, 526.985838
1714647392033, 2024-05-02T10:56:32.033Z, 130.88567719999998, 525.4644894
1714647392049, 2024-05-02T10:56:32.049Z, 125.55900260000001, 523.9013836
1714647392065, 2024-05-02T10:56:32.065Z, 122.60995719999998, 523.6433398
1714647392081, 2024-05-02T10:56:32.081Z, 121.269108, 522.8588480000001
1714647392120, 2024-05-02T10:56:32.120Z, 123.1257588, 521.7804132
1714647392153, 2024-05-02T10:56:32.153Z, 125.02228499999998, 520.6573644
1714647392168, 2024-05-02T10:56:32.168Z, 126.8593386, 519.826202
1714647392182, 2024-05-02T10:56:32.182Z, 130.512318, 523.1725932000002
1714647392198, 2024-05-02T10:56:32.198Z, 137.4025244, 538.8283292
1714647392213, 2024-05-02T10:56:32.213Z, 161.1350048, 587.4960206
1714647392227, 2024-05-02T10:56:32.227Z, 182.687389, 635.5964385999999
1714647392243, 2024-05-02T10:56:32.243Z, 205.33732880000002, 686.7165344
1714647392273, 2024-05-02T10:56:32.273Z, 221.3944394, 731.3689934
1714647392288, 2024-05-02T10:56:32.288Z, 233.82637340000002, 763.5870199999999
1714647392298, 2024-05-02T10:56:32.298Z, 225.99666259999998, 762.9151172
1714647392317, 2024-05-02T10:56:32.317Z, 216.67447939999997, 761.6669042
1714647392338, 2024-05-02T10:56:32.338Z, 204.91950619999997, 755.9530103999999
1714647392345, 2024-05-02T10:56:32.345Z, 197.82612959999997, 752.6525045999999
1714647392363, 2024-05-02T10:56:32.363Z, 190.76125539999998, 749.2804533999999
1714647392378, 2024-05-02T10:56:32.378Z, 185.57769739999998, 745.8255346
1714647392393, 2024-05-02T10:56:32.393Z, 183.63154619999997, 742.9416312000001
1714647392424, 2024-05-02T10:56:32.424Z, 182.8429752, 740.1570274000001
1714647392440, 2024-05-02T10:56:32.440Z, 181.4305258, 736.9425258
1714647392456, 2024-05-02T10:56:32.456Z, 180.9526576, 733.2057348000001
1714647392471, 2024-05-02T10:56:32.471Z, 181.3946842, 730.7759808000001
1714647392487, 2024-05-02T10:56:32.487Z, 183.2619762, 729.5140552
1714647392502, 2024-05-02T10:56:32.502Z, 187.2055446, 730.8374354
1714647392517, 2024-05-02T10:56:32.517Z, 191.13699860000003, 732.2592596000001
1714647392533, 2024-05-02T10:56:32.533Z, 194.0375686, 734.2982572
1714647392547, 2024-05-02T10:56:32.547Z, 195.2497218, 731.9364788
1714647392569, 2024-05-02T10:56:32.569Z, 196.7062876, 729.1818821999999
1714647392603, 2024-05-02T10:56:32.603Z, 199.58136, 723.6478755999999
1714647392613, 2024-05-02T10:56:32.613Z, 203.2586452, 717.487625
1714647392632, 2024-05-02T10:56:32.632Z, 206.9241028, 710.7588624
1714647392648, 2024-05-02T10:56:32.648Z, 211.36609639999998, 708.663283
1714647392658, 2024-05-02T10:56:32.658Z, 215.3336718, 706.573265
1714647392677, 2024-05-02T10:56:32.677Z, 215.8884066, 706.1234968
1714647392693, 2024-05-02T10:56:32.693Z, 215.7315474, 707.2741198
1714647392723, 2024-05-02T10:56:32.723Z, 212.2008748, 710.1519668
1714647392751, 2024-05-02T10:56:32.751Z, 203.6431616, 711.1830986
1714647392767, 2024-05-02T10:56:32.767Z, 191.8418952, 711.7726358
1714647392782, 2024-05-02T10:56:32.782Z, 179.1358354, 712.1055638
1714647392797, 2024-05-02T10:56:32.797Z, 153.94863779999997, 710.174979
1714647392844, 2024-05-02T10:56:32.844Z, 128.29745759999997, 707.3247086
1714647392874, 2024-05-02T10:56:32.874Z, 112.41327859999998, 710.2206828000001
1714647392885, 2024-05-02T10:56:32.885Z, 99.37296780000001, 713.802059
1714647392917, 2024-05-02T10:56:32.917Z, 89.2665138, 718.5355158
1714647392946, 2024-05-02T10:56:32.946Z, 97.58101300000001, 718.999844
1714647392962, 2024-05-02T10:56:32.962Z, 110.560458, 722.2802146
1714647392972, 2024-05-02T10:56:32.972Z, 122.46788480000001, 720.176669
1714647393020, 2024-05-02T10:56:33.020Z, 136.26658600000002, 717.65289
1714647393052, 2024-05-02T10:56:33.052Z, 148.5326536, 713.6040809999998
1714647393063, 2024-05-02T10:56:33.063Z, 156.968941, 712.5231803999999
1714647393082, 2024-05-02T10:56:33.082Z, 166.58999260000002, 709.3562862000001
1714647393098, 2024-05-02T10:56:33.098Z, 176.5894998, 709.2236686
1714647393109, 2024-05-02T10:56:33.109Z, 182.7857014, 709.5721712
1714647393127, 2024-05-02T10:56:33.127Z, 189.72682020000002, 713.029384
1714647393142, 2024-05-02T10:56:33.142Z, 195.39102640000002, 720.9540644
1714647393172, 2024-05-02T10:56:33.172Z, 198.1051966, 728.7952981999999
1714647393187, 2024-05-02T10:56:33.187Z, 196.5362924, 734.2048682
1714647393202, 2024-05-02T10:56:33.202Z, 196.5359584, 740.45572
1714647393234, 2024-05-02T10:56:33.234Z, 193.8267566, 744.042554
1714647393266, 2024-05-02T10:56:33.266Z, 198.7269296, 760.791943
1714647393282, 2024-05-02T10:56:33.282Z, 203.5892944, 777.1653546
1714647393324, 2024-05-02T10:56:33.324Z, 208.4581302, 793.9356024000001
1714647393352, 2024-05-02T10:56:33.352Z, 212.3169542, 808.8424056
1714647393367, 2024-05-02T10:56:33.367Z, 215.5098978, 824.6992956
1714647393378, 2024-05-02T10:56:33.378Z, 212.15328159999999, 825.2975502000002
1714647393397, 2024-05-02T10:56:33.397Z, 207.709247, 827.5002938
1714647393417, 2024-05-02T10:56:33.417Z, 199.86436659999998, 831.3189709999999
1714647393425, 2024-05-02T10:56:33.425Z, 192.0507872, 837.4077332
1714647393442, 2024-05-02T10:56:33.442Z, 185.9707076, 843.0640168
1714647393470, 2024-05-02T10:56:33.470Z, 178.2569988, 849.5211032
1714647393502, 2024-05-02T10:56:33.502Z, 171.79131519999999, 852.3051252000001
1714647393533, 2024-05-02T10:56:33.533Z, 164.6396834, 846.1582119999999
1714647393549, 2024-05-02T10:56:33.549Z, 157.4632478, 836.9452486
1714647393564, 2024-05-02T10:56:33.564Z, 157.29472359999997, 835.7703703999999
1714647393580, 2024-05-02T10:56:33.580Z, 155.6351376, 832.8819759999999
1714647393595, 2024-05-02T10:56:33.595Z, 152.7496222, 829.9728142
1714647393622, 2024-05-02T10:56:33.622Z, 154.6391524, 834.3496782
1714647393636, 2024-05-02T10:56:33.636Z, 161.58784780000002, 845.080875
1714647393648, 2024-05-02T10:56:33.648Z, 162.7201832, 847.8181562
1714647393667, 2024-05-02T10:56:33.667Z, 165.2635948, 852.3690647999999
1714647393682, 2024-05-02T10:56:33.682Z, 168.8882586, 857.8672586
1714647393699, 2024-05-02T10:56:33.699Z, 173.4325998, 865.1301606000001
1714647393711, 2024-05-02T10:56:33.711Z, 174.8123372, 868.7863961999999
1714647393726, 2024-05-02T10:56:33.726Z, 177.16214200000002, 873.2584008000001
1714647393780, 2024-05-02T10:56:33.780Z, 178.67491679999998, 877.5873158
1714647393786, 2024-05-02T10:56:33.786Z, 181.3872654, 882.7967012000001
1714647393817, 2024-05-02T10:56:33.817Z, 182.7298142, 887.2056043999999
1714647393848, 2024-05-02T10:56:33.848Z, 182.19795, 889.4226816
1714647393864, 2024-05-02T10:56:33.864Z, 179.91807580000003, 891.2079470000001
1714647393880, 2024-05-02T10:56:33.880Z, 178.56868379999997, 892.3746011999999
1714647393896, 2024-05-02T10:56:33.896Z, 175.4641716, 888.0385272000001
1714647393937, 2024-05-02T10:56:33.937Z, 172.09939479999997, 881.3930571999999
1714647393952, 2024-05-02T10:56:33.952Z, 169.3205836, 871.2834524
1714647393981, 2024-05-02T10:56:33.981Z, 202.61039219999998, 869.46851
1714647393996, 2024-05-02T10:56:33.996Z, 249.1438182, 873.84999
1714647394026, 2024-05-02T10:56:34.026Z, 299.3878542, 883.268037
1714647394042, 2024-05-02T10:56:34.042Z, 343.7615072, 889.3469158
1714647394072, 2024-05-02T10:56:34.072Z, 395.362919, 901.0709983999999
1714647394087, 2024-05-02T10:56:34.087Z, 422.06574659999995, 902.5209305999999
1714647394116, 2024-05-02T10:56:34.116Z, 436.87956719999994, 898.1973545999999
1714647394132, 2024-05-02T10:56:34.132Z, 448.74899519999997, 894.1152134
1714647394161, 2024-05-02T10:56:34.161Z, 484.9918243999999, 894.4092128
1714647394177, 2024-05-02T10:56:34.177Z, 514.4805854, 893.3308072
1714647394228, 2024-05-02T10:56:34.228Z, 532.6151772000001, 893.4994920000001
1714647394251, 2024-05-02T10:56:34.251Z, 549.6393402, 893.8255852
1714647394267, 2024-05-02T10:56:34.267Z, 568.2212681999999, 895.4449978
1714647394297, 2024-05-02T10:56:34.297Z, 568.3601295999999, 896.5197363999999
1714647394313, 2024-05-02T10:56:34.313Z, 568.750909, 897.8125110000001
1714647394343, 2024-05-02T10:56:34.343Z, 568.8503188, 898.2061334
1714647394391, 2024-05-02T10:56:34.391Z, 567.6048982, 897.3395102000001
1714647394406, 2024-05-02T10:56:34.406Z, 564.865063, 895.3883096
1714647394437, 2024-05-02T10:56:34.437Z, 558.7876268, 893.4795264
1714647394453, 2024-05-02T10:56:34.453Z, 551.4446258, 891.6188761999999
1714647394484, 2024-05-02T10:56:34.484Z, 543.0521167999999, 890.5624872000001
1714647394499, 2024-05-02T10:56:34.499Z, 536.0339064000001, 889.8683324000001
1714647394522, 2024-05-02T10:56:34.522Z, 529.2253401999999, 889.2769836
1714647394537, 2024-05-02T10:56:34.537Z, 526.0286142, 888.9077518
1714647394566, 2024-05-02T10:56:34.566Z, 512.209979, 888.1499173999998
1714647394582, 2024-05-02T10:56:34.582Z, 500.0928304, 887.7834344
1714647394623, 2024-05-02T10:56:34.623Z, 486.40530580000006, 887.9793252
1714647394639, 2024-05-02T10:56:34.639Z, 473.0368544, 887.8087528
1714647394680, 2024-05-02T10:56:34.680Z, 459.2910336, 887.6577424000001
1714647394718, 2024-05-02T10:56:34.718Z, 457.279359, 887.3557928
1714647394734, 2024-05-02T10:56:34.734Z, 455.1111868, 886.805773
1714647394752, 2024-05-02T10:56:34.752Z, 451.14890299999996, 885.073214
1714647394781, 2024-05-02T10:56:34.781Z, 447.59846580000004, 883.5438756
1714647394796, 2024-05-02T10:56:34.796Z, 435.6475198, 881.1897858
1714647394820, 2024-05-02T10:56:34.820Z, 421.1284404, 879.2897976
1714647394842, 2024-05-02T10:56:34.842Z, 400.2808176, 875.9251646
1714647394853, 2024-05-02T10:56:34.853Z, 384.6428264, 874.9631433999999
1714647394883, 2024-05-02T10:56:34.883Z, 365.641125, 872.4044892
1714647394897, 2024-05-02T10:56:34.897Z, 336.8144696, 862.7025182000001
1714647394913, 2024-05-02T10:56:34.913Z, 287.4901056, 843.3414782
1714647394954, 2024-05-02T10:56:34.954Z, 220.13123059999998, 816.3894316
1714647394974, 2024-05-02T10:56:34.974Z, 148.109241, 786.8644492000001
1714647395049, 2024-05-02T10:56:35.049Z, 79.6201992, 758.8435546
1714647395080, 2024-05-02T10:56:35.080Z, 49.98870899999999, 739.6341856000001
1714647395124, 2024-05-02T10:56:35.124Z, 77.3450962, 733.3832570000002
1714647395152, 2024-05-02T10:56:35.152Z, 120.6141824, 736.3526566
1714647395167, 2024-05-02T10:56:35.167Z, 151.91089140000003, 740.4589116
1714647395196, 2024-05-02T10:56:35.196Z, 169.506775, 744.0128874
1714647395211, 2024-05-02T10:56:35.211Z, 166.9940882, 746.8105102000001
1714647395308, 2024-05-02T10:56:35.308Z, 113.69956819999997, 746.1994598
1714647395337, 2024-05-02T10:56:35.337Z, 77.6365926, 747.907389
1714647395361, 2024-05-02T10:56:35.361Z, 56.327997200000006, 750.8820534
1714647395394, 2024-05-02T10:56:35.394Z, 48.5054748, 755.0165598000001
1714647395439, 2024-05-02T10:56:35.439Z, 40.9123002, 759.0666814
1714647395470, 2024-05-02T10:56:35.470Z, 57.59019639999999, 764.7439106
1714647395485, 2024-05-02T10:56:35.485Z, 68.3353314, 765.7023236
1714647395516, 2024-05-02T10:56:35.516Z, 79.4761622, 765.5387262
1714647395531, 2024-05-02T10:56:35.531Z, 91.393384, 764.7439707999999
1714647395578, 2024-05-02T10:56:35.578Z, 103.4018164, 763.5183807999999
1714647395626, 2024-05-02T10:56:35.626Z, 106.7560172, 760.0046344
1714647395658, 2024-05-02T10:56:35.658Z, 106.69949980000001, 757.805961
1714647395673, 2024-05-02T10:56:35.673Z, 106.30832660000002, 755.5049494
1714647395758, 2024-05-02T10:56:35.758Z, 93.6092532, 728.9703114
1714647395767, 2024-05-02T10:56:35.767Z, 87.26248819999999, 702.9746628
1714647395784, 2024-05-02T10:56:35.784Z, 92.0068442, 680.0357692
1714647395801, 2024-05-02T10:56:35.801Z, 96.62269159999998, 672.2636832000001
1714647395829, 2024-05-02T10:56:35.829Z, 101.7933064, 662.8169362000001
1714647395890, 2024-05-02T10:56:35.890Z, 125.1795034, 679.809053
1714647395938, 2024-05-02T10:56:35.938Z, 138.7610784, 696.1629278
1714647395953, 2024-05-02T10:56:35.953Z, 142.435341, 710.1090786000001
1714647395986, 2024-05-02T10:56:35.986Z, 144.5489816, 710.5199256
1714647396001, 2024-05-02T10:56:36.001Z, 150.4006464, 707.8757682
1714647396023, 2024-05-02T10:56:36.023Z, 147.1592074, 707.8326922
1714647396032, 2024-05-02T10:56:36.032Z, 145.8283804, 708.956992
1714647396073, 2024-05-02T10:56:36.073Z, 140.0686108, 716.9548087999999
1714647396094, 2024-05-02T10:56:36.094Z, 140.93118420000002, 724.1585223999999
1714647396110, 2024-05-02T10:56:36.110Z, 134.885059, 737.1530215999999
1714647396126, 2024-05-02T10:56:36.126Z, 132.6437946, 743.981695
1714647396141, 2024-05-02T10:56:36.141Z, 131.27709959999999, 746.8519635999999
1714647396156, 2024-05-02T10:56:36.156Z, 131.3842092, 737.4340990000001
1714647396173, 2024-05-02T10:56:36.173Z, 125.07446260000002, 725.2826468
1714647396219, 2024-05-02T10:56:36.219Z, 118.50064280000001, 708.4967132
1714647396235, 2024-05-02T10:56:36.235Z, 112.1354662, 696.2538528000001
1714647396250, 2024-05-02T10:56:36.250Z, 110.1883392, 694.3248080000001
1714647396281, 2024-05-02T10:56:36.281Z, 117.78796480000001, 705.2284016
1714647396328, 2024-05-02T10:56:36.328Z, 130.2448644, 719.5531544
1714647396421, 2024-05-02T10:56:36.421Z, 150.8318212, 744.9407196
1714647396437, 2024-05-02T10:56:36.437Z, 169.852119, 767.2577418
1714647396453, 2024-05-02T10:56:36.453Z, 161.3669524, 765.4388578
1714647396473, 2024-05-02T10:56:36.473Z, 155.97877019999999, 764.8436238
1714647396488, 2024-05-02T10:56:36.488Z, 147.11522340000002, 763.7670458
1714647396531, 2024-05-02T10:56:36.531Z, 132.9751028, 755.4061092000001
1714647396547, 2024-05-02T10:56:36.547Z, 128.5654294, 756.0849936000001
1714647396563, 2024-05-02T10:56:36.563Z, 148.4024194, 774.4974961999999
1714647396619, 2024-05-02T10:56:36.619Z, 158.87662419999998, 784.6599925999999
1714647396657, 2024-05-02T10:56:36.657Z, 170.006051, 794.704725
1714647396657, 2024-05-02T10:56:36.657Z, 178.04768840000003, 805.259023
1714647396688, 2024-05-02T10:56:36.688Z, 173.11226879999998, 806.221342
1714647396704, 2024-05-02T10:56:36.704Z, 166.24582139999998, 805.9615474
1714647396719, 2024-05-02T10:56:36.719Z, 157.7024012, 804.4133266
1714647396735, 2024-05-02T10:56:36.735Z, 149.1324816, 802.7030164
1714647396773, 2024-05-02T10:56:36.773Z, 143.16869379999997, 800.3179724
1714647396787, 2024-05-02T10:56:36.787Z, 140.91079, 799.3382652
1714647396798, 2024-05-02T10:56:36.798Z, 141.033609, 798.3514424000001
1714647396817, 2024-05-02T10:56:36.817Z, 144.3474072, 798.5157078
1714647396924, 2024-05-02T10:56:36.924Z, 152.8046402, 800.7443248
1714647396967, 2024-05-02T10:56:36.967Z, 159.8524316, 805.3323416000001
1714647397041, 2024-05-02T10:56:37.041Z, 169.5326124, 808.3205662
1714647397086, 2024-05-02T10:56:37.086Z, 183.6927846, 810.6162562
1714647397131, 2024-05-02T10:56:37.131Z, 192.25865240000002, 812.3423686
1714647397146, 2024-05-02T10:56:37.146Z, 192.2195012, 812.3916584
1714647397176, 2024-05-02T10:56:37.176Z, 195.71349519999998, 810.5199832
1714647397266, 2024-05-02T10:56:37.266Z, 191.9664592, 811.685987
1714647397282, 2024-05-02T10:56:37.282Z, 187.1560802, 815.6062972
1714647397312, 2024-05-02T10:56:37.312Z, 182.14219020000002, 820.6013712
1714647397344, 2024-05-02T10:56:37.344Z, 175.2630912, 824.6645338000001
1714647397373, 2024-05-02T10:56:37.373Z, 166.19814939999998, 829.1283136
1714647397382, 2024-05-02T10:56:37.382Z, 161.40141139999997, 831.4160077999999
1714647397401, 2024-05-02T10:56:37.401Z, 151.87665899999996, 832.3761694000001
1714647397446, 2024-05-02T10:56:37.446Z, 149.21006059999996, 831.6610794000001
1714647397461, 2024-05-02T10:56:37.461Z, 152.394381, 830.5696072000001
1714647397491, 2024-05-02T10:56:37.491Z, 156.0507154, 828.9542314
1714647397536, 2024-05-02T10:56:37.536Z, 188.5600056, 831.5284614
1714647397552, 2024-05-02T10:56:37.552Z, 217.82848199999998, 833.9913769999999
1714647397581, 2024-05-02T10:56:37.581Z, 238.3746114, 836.9304702000002
1714647397597, 2024-05-02T10:56:37.597Z, 250.510828, 839.0655995999999
1714647397631, 2024-05-02T10:56:37.631Z, 262.00979440000003, 841.039442
1714647397641, 2024-05-02T10:56:37.641Z, 245.087084, 838.7901208
1714647397672, 2024-05-02T10:56:37.672Z, 229.02943399999998, 835.7280514
1714647397686, 2024-05-02T10:56:37.686Z, 216.9164308, 833.0107022
1714647397732, 2024-05-02T10:56:37.732Z, 209.83526940000002, 831.7329856
1714647397747, 2024-05-02T10:56:37.747Z, 202.87327879999998, 832.9427548
1714647397763, 2024-05-02T10:56:37.763Z, 192.0446378, 832.1379326
1714647397779, 2024-05-02T10:56:37.779Z, 180.6157514, 830.4548122
1714647397795, 2024-05-02T10:56:37.795Z, 171.0787374, 831.533745
1714647397832, 2024-05-02T10:56:37.832Z, 163.4711984, 832.5689202
1714647397851, 2024-05-02T10:56:37.851Z, 153.68676680000002, 828.3410339999998
1714647397877, 2024-05-02T10:56:37.877Z, 145.39921959999998, 824.1812146
1714647397896, 2024-05-02T10:56:37.896Z, 140.0226964, 820.7982904
1714647397911, 2024-05-02T10:56:37.911Z, 134.7712818, 815.6315138
1714647397922, 2024-05-02T10:56:37.922Z, 130.6176754, 811.5983114000001
1714647397986, 2024-05-02T10:56:37.986Z, 140.34389679999998, 813.730899
1714647398007, 2024-05-02T10:56:38.007Z, 179.50364159999998, 823.6427238
1714647398052, 2024-05-02T10:56:38.052Z, 203.50093580000004, 827.5236928
1714647398065, 2024-05-02T10:56:38.065Z, 225.68077440000002, 830.1176132
1714647398078, 2024-05-02T10:56:38.078Z, 251.06339880000002, 831.8456814000001
1714647398093, 2024-05-02T10:56:38.093Z, 262.82972440000003, 829.7019844
1714647398123, 2024-05-02T10:56:38.123Z, 246.2462588, 821.520039
1714647398139, 2024-05-02T10:56:38.139Z, 243.60056619999995, 820.3513944
1714647398170, 2024-05-02T10:56:38.170Z, 245.8628392, 819.4971184
1714647398186, 2024-05-02T10:56:38.186Z, 251.78915780000003, 819.2439488
1714647398216, 2024-05-02T10:56:38.216Z, 264.83258839999996, 820.9625513999999
1714647398231, 2024-05-02T10:56:38.231Z, 280.5244492, 823.3447348
1714647398246, 2024-05-02T10:56:38.246Z, 294.8948288, 824.2776384000001
1714647398274, 2024-05-02T10:56:38.274Z, 306.5296006, 825.4020746
1714647398283, 2024-05-02T10:56:38.283Z, 323.8914356, 828.4875331999999
1714647398301, 2024-05-02T10:56:38.301Z, 353.4097674, 828.78457
1714647398316, 2024-05-02T10:56:38.316Z, 420.10824219999995, 814.7174006000001
1714647398327, 2024-05-02T10:56:38.327Z, 483.031983, 800.2476790000001
1714647398346, 2024-05-02T10:56:38.346Z, 562.7828321999999, 780.8098006
1714647398361, 2024-05-02T10:56:38.361Z, 636.7104240000001, 756.9448442
1714647398372, 2024-05-02T10:56:38.372Z, 700.7798168, 731.9145526
1714647398391, 2024-05-02T10:56:38.391Z, 772.434208, 708.7910462
1714647398420, 2024-05-02T10:56:38.420Z, 870.5835396, 681.0831076000001
1714647398436, 2024-05-02T10:56:38.436Z, 951.9873082, 656.3836046
1714647398451, 2024-05-02T10:56:38.451Z, 1026.8373328000002, 633.1873596
1714647398462, 2024-05-02T10:56:38.462Z, 1095.7446386, 612.6087445999999
1714647398481, 2024-05-02T10:56:38.481Z, 1116.5779162000001, 604.0772552
1714647398503, 2024-05-02T10:56:38.503Z, 1117.7147129999998, 601.8967758
1714647398508, 2024-05-02T10:56:38.508Z, 1118.8938262000001, 601.7329460000001
1714647398527, 2024-05-02T10:56:38.527Z, 1120.4754042, 602.9108728
1714647398541, 2024-05-02T10:56:38.541Z, 1122.1668438000002, 604.5660988
1714647398577, 2024-05-02T10:56:38.577Z, 1127.6293996, 606.8572045999999
1714647398602, 2024-05-02T10:56:38.602Z, 1133.0033726, 609.6243887999999
1714647398618, 2024-05-02T10:56:38.618Z, 1150.2554731999999, 617.3876726
1714647398634, 2024-05-02T10:56:38.634Z, 1167.9154966, 624.8855335999999
1714647398650, 2024-05-02T10:56:38.650Z, 1187.1174987999998, 633.9335062
1714647398666, 2024-05-02T10:56:38.666Z, 1204.566157, 642.3835579999999
1714647398683, 2024-05-02T10:56:38.683Z, 1221.5926728, 650.3646294
1714647398697, 2024-05-02T10:56:38.697Z, 1224.9473267999997, 651.4043896000001
1714647398724, 2024-05-02T10:56:38.724Z, 1229.221229, 651.8244066
1714647398734, 2024-05-02T10:56:38.734Z, 1232.8383119999999, 650.2678076
1714647398751, 2024-05-02T10:56:38.751Z, 1246.5408124, 646.3749674
1714647398766, 2024-05-02T10:56:38.766Z, 1277.7190741999998, 639.8216006
1714647398777, 2024-05-02T10:56:38.777Z, 1312.8920784, 634.7168962
1714647398796, 2024-05-02T10:56:38.796Z, 1347.2409756000002, 629.5685128
1714647398812, 2024-05-02T10:56:38.812Z, 1380.7377285999999, 624.0827446
1714647398822, 2024-05-02T10:56:38.822Z, 1404.7083144, 620.7712647999999
1714647398847, 2024-05-02T10:56:38.847Z, 1411.6204076000001, 620.0370069999999
1714647398891, 2024-05-02T10:56:38.891Z, 1415.7593234, 619.6112408
1714647398907, 2024-05-02T10:56:38.907Z, 1418.4479032, 619.4184422000001
1714647398931, 2024-05-02T10:56:38.931Z, 1420.247855, 619.6219097999999
1714647398947, 2024-05-02T10:56:38.947Z, 1421.9410162, 620.2157958
1714647398960, 2024-05-02T10:56:38.960Z, 1423.717199, 620.9250368
1714647398976, 2024-05-02T10:56:38.976Z, 1425.3117595999997, 620.940458
1714647398992, 2024-05-02T10:56:38.992Z, 1425.6910317999998, 621.2639409999999
1714647399022, 2024-05-02T10:56:39.022Z, 1378.6783134, 631.1576948
1714647399039, 2024-05-02T10:56:39.039Z, 1328.6814166, 640.7887330000001
1714647399054, 2024-05-02T10:56:39.054Z, 1275.5104304000001, 651.06529
1714647399069, 2024-05-02T10:56:39.069Z, 1217.9286152, 663.0709614
1714647399085, 2024-05-02T10:56:39.085Z, 1160.4816132, 674.8316452
1714647399100, 2024-05-02T10:56:39.100Z, 1149.1423570000002, 677.2769454
1714647399115, 2024-05-02T10:56:39.115Z, 1139.1427986, 679.6784971999999
1714647399130, 2024-05-02T10:56:39.130Z, 1131.5386016, 681.3906252
1714647399146, 2024-05-02T10:56:39.146Z, 1127.8086358, 681.3956366
1714647399172, 2024-05-02T10:56:39.172Z, 1125.2973138, 681.3259844
1714647399182, 2024-05-02T10:56:39.182Z, 1124.3079733999998, 681.0582873999999
1714647399201, 2024-05-02T10:56:39.201Z, 1124.420963, 680.8204589999999
1714647399216, 2024-05-02T10:56:39.216Z, 1124.4683805999998, 680.3460576
1714647399233, 2024-05-02T10:56:39.233Z, 1124.2834871999999, 679.7123046
1714647399246, 2024-05-02T10:56:39.246Z, 1123.616765, 678.0080828
1714647399267, 2024-05-02T10:56:39.267Z, 1122.1952656, 675.8373156
1714647399275, 2024-05-02T10:56:39.275Z, 1119.7287036000002, 673.366444
1714647399291, 2024-05-02T10:56:39.291Z, 1117.2646788, 671.437492
1714647399320, 2024-05-02T10:56:39.320Z, 1114.8906072, 670.7118049999999
1714647399341, 2024-05-02T10:56:39.341Z, 1111.2609868, 671.8197286
1714647399351, 2024-05-02T10:56:39.351Z, 1108.1329476, 672.8303898
1714647399363, 2024-05-02T10:56:39.363Z, 1104.6495616, 674.2614482
1714647399381, 2024-05-02T10:56:39.381Z, 1101.8711547999999, 674.4272134
1714647399396, 2024-05-02T10:56:39.396Z, 1101.4772492, 673.109477
1714647399410, 2024-05-02T10:56:39.410Z, 1103.6182064, 671.0958572000001
1714647399426, 2024-05-02T10:56:39.426Z, 1106.0136056, 668.9413382
1714647399442, 2024-05-02T10:56:39.442Z, 1108.8262473999998, 666.4524372
1714647399472, 2024-05-02T10:56:39.472Z, 1110.8673146, 664.6809030000001
1714647399488, 2024-05-02T10:56:39.488Z, 1111.3669844, 664.0973742
1714647399504, 2024-05-02T10:56:39.504Z, 1111.4868498, 662.8073714
1714647399519, 2024-05-02T10:56:39.519Z, 1111.2306525999998, 662.2036848
1714647399536, 2024-05-02T10:56:39.536Z, 1111.6254278000001, 661.7173248
1714647399551, 2024-05-02T10:56:39.551Z, 1112.6088648, 661.4601252
1714647399566, 2024-05-02T10:56:39.566Z, 1114.1711648, 661.5630788000001
1714647399581, 2024-05-02T10:56:39.581Z, 1115.2518260000002, 662.5323956
1714647399597, 2024-05-02T10:56:39.597Z, 1116.2282028, 663.3941161999999
1714647399627, 2024-05-02T10:56:39.627Z, 1117.1783196000001, 664.3922938
1714647399637, 2024-05-02T10:56:39.637Z, 1117.9439482000002, 665.4276278
1714647399655, 2024-05-02T10:56:39.655Z, 1117.8518904, 665.9541933999999
1714647399671, 2024-05-02T10:56:39.671Z, 1117.4441161999998, 665.9849284
1714647399683, 2024-05-02T10:56:39.683Z, 1115.4585702, 666.5112064000001
1714647399700, 2024-05-02T10:56:39.700Z, 1112.2170494, 666.7804646000001
1714647399715, 2024-05-02T10:56:39.715Z, 1108.9382896, 666.4710256000001
1714647399728, 2024-05-02T10:56:39.728Z, 1105.6852924, 666.0358576
1714647399742, 2024-05-02T10:56:39.742Z, 1102.3969848000002, 665.6733322
1714647399770, 2024-05-02T10:56:39.770Z, 1100.972205, 665.1233794
1714647399786, 2024-05-02T10:56:39.786Z, 1100.209557, 664.3396654000001
1714647399801, 2024-05-02T10:56:39.801Z, 1098.9058175999999, 663.5716084
1714647399813, 2024-05-02T10:56:39.813Z, 1097.3448658000002, 662.7068661999999
1714647399831, 2024-05-02T10:56:39.831Z, 1096.3453616, 661.8232642
1714647399847, 2024-05-02T10:56:39.847Z, 1095.104764, 660.739305
1714647399860, 2024-05-02T10:56:39.860Z, 1094.4002529999998, 659.9362801999999
1714647399876, 2024-05-02T10:56:39.876Z, 1094.6723324, 659.674986
1714647399892, 2024-05-02T10:56:39.892Z, 1097.7659664, 660.1374496000001
1714647399922, 2024-05-02T10:56:39.922Z, 1102.7948048, 662.3794783999999
1714647399939, 2024-05-02T10:56:39.939Z, 1108.0855722000001, 664.0686165999999
1714647399954, 2024-05-02T10:56:39.954Z, 1115.423956, 668.03593
1714647399972, 2024-05-02T10:56:39.972Z, 1125.9365464, 674.5913451999999
1714647399986, 2024-05-02T10:56:39.986Z, 1134.1818486, 680.7666708
1714647400002, 2024-05-02T10:56:40.002Z, 1140.1515086, 685.7093526000001
1714647400018, 2024-05-02T10:56:40.018Z, 1145.9695464000001, 692.3711834000001
1714647400033, 2024-05-02T10:56:40.033Z, 1149.5211836, 695.8428961999999
1714647400048, 2024-05-02T10:56:40.048Z, 1150.352436, 696.4654573999999
1714647400072, 2024-05-02T10:56:40.072Z, 1151.2585582000002, 696.3758894
1714647400087, 2024-05-02T10:56:40.087Z, 1152.241982, 694.8971712
1714647400101, 2024-05-02T10:56:40.101Z, 1153.10128, 691.5352909999999
1714647400126, 2024-05-02T10:56:40.126Z, 1153.7138314, 689.7004145999999
1714647400142, 2024-05-02T10:56:40.142Z, 1153.8299981999999, 688.327466
1714647400157, 2024-05-02T10:56:40.157Z, 1153.5368056, 687.5739344000001
1714647400173, 2024-05-02T10:56:40.173Z, 1153.2661027999998, 687.8463204
1714647400191, 2024-05-02T10:56:40.191Z, 1152.9164008, 688.6917248
1714647400218, 2024-05-02T10:56:40.218Z, 1153.0357808, 688.7814772
1714647400236, 2024-05-02T10:56:40.236Z, 1152.8096458, 688.703037
1714647400252, 2024-05-02T10:56:40.252Z, 1154.5243632000002, 689.3882758000002
1714647400267, 2024-05-02T10:56:40.267Z, 1157.0001346000001, 689.9440248
1714647400283, 2024-05-02T10:56:40.283Z, 1167.1186468, 687.9138181999999
1714647400298, 2024-05-02T10:56:40.298Z, 1176.6772974, 686.0648632
1714647400313, 2024-05-02T10:56:40.313Z, 1189.326458, 683.6752244
1714647400329, 2024-05-02T10:56:40.329Z, 1201.2303672, 680.3622418
1714647400344, 2024-05-02T10:56:40.344Z, 1212.7888130000001, 677.2182501999999
1714647400372, 2024-05-02T10:56:40.372Z, 1217.5667222, 676.6248388
1714647400386, 2024-05-02T10:56:40.386Z, 1222.9424133999999, 676.1882654
1714647400397, 2024-05-02T10:56:40.397Z, 1225.3421988, 677.2550435999999
1714647400416, 2024-05-02T10:56:40.416Z, 1227.2657746, 678.2888918
1714647400431, 2024-05-02T10:56:40.431Z, 1229.2101366000002, 679.2187842000001
1714647400442, 2024-05-02T10:56:40.442Z, 1228.8509134, 679.9983038
1714647400461, 2024-05-02T10:56:40.461Z, 1227.1699104000002, 680.3222066000001
1714647400476, 2024-05-02T10:56:40.476Z, 1223.2655680000003, 679.1758386
1714647400487, 2024-05-02T10:56:40.487Z, 1211.0639938, 678.719702
1714647400522, 2024-05-02T10:56:40.522Z, 1190.7765610000001, 678.7724261999999
1714647400532, 2024-05-02T10:56:40.532Z, 1169.5059494000002, 680.740589
1714647400551, 2024-05-02T10:56:40.551Z, 1148.6146736, 682.6608142
1714647400566, 2024-05-02T10:56:40.566Z, 1130.0733308000001, 684.629944
1714647400577, 2024-05-02T10:56:40.577Z, 1119.1865426, 685.0566008
1714647400596, 2024-05-02T10:56:40.596Z, 1116.1123418, 684.8218006
1714647400617, 2024-05-02T10:56:40.617Z, 1115.4005415999998, 682.396256
1714647400624, 2024-05-02T10:56:40.624Z, 1115.1173066, 680.6899154
1714647400641, 2024-05-02T10:56:40.641Z, 1114.7295563999999, 679.3612668
1714647400668, 2024-05-02T10:56:40.668Z, 1113.421611, 679.7755751999999
1714647400686, 2024-05-02T10:56:40.686Z, 1111.4057467999999, 682.9718426
1714647400702, 2024-05-02T10:56:40.702Z, 1109.6809398, 686.3628342
1714647400717, 2024-05-02T10:56:40.717Z, 1108.2148658, 689.5607869999999
1714647400733, 2024-05-02T10:56:40.733Z, 1106.6007692, 692.281659
1714647400748, 2024-05-02T10:56:40.748Z, 1105.9765878000003, 694.510511
1714647400763, 2024-05-02T10:56:40.763Z, 1104.9128424000003, 693.9061153999999
1714647400779, 2024-05-02T10:56:40.779Z, 1103.63743, 693.6775392000001
1714647400794, 2024-05-02T10:56:40.794Z, 1102.7880756, 694.0595224000001
1714647400822, 2024-05-02T10:56:40.822Z, 1102.2808731999999, 695.097348
1714647400837, 2024-05-02T10:56:40.837Z, 1104.422226, 696.9246449999999
1714647400847, 2024-05-02T10:56:40.847Z, 1108.9504964, 699.4540262
1714647400866, 2024-05-02T10:56:40.866Z, 1115.9207038, 702.5399104
1714647400881, 2024-05-02T10:56:40.881Z, 1122.9715406, 704.6840282000001
1714647400892, 2024-05-02T10:56:40.892Z, 1129.856827, 706.6852784
1714647400911, 2024-05-02T10:56:40.911Z, 1134.265267, 707.8125895999999
1714647400926, 2024-05-02T10:56:40.926Z, 1137.432489, 708.3561228
1714647400943, 2024-05-02T10:56:40.943Z, 1138.348559, 708.1344336
1714647400975, 2024-05-02T10:56:40.975Z, 1139.2919213999999, 708.2037167999999
1714647400983, 2024-05-02T10:56:40.983Z, 1139.8174728, 708.6266298
1714647401001, 2024-05-02T10:56:41.001Z, 1147.6108468, 710.0470408
1714647401022, 2024-05-02T10:56:41.022Z, 1156.0670114, 711.5667576000001
1714647401028, 2024-05-02T10:56:41.028Z, 1165.1827122, 713.0398504000001
1714647401046, 2024-05-02T10:56:41.046Z, 1174.6998076000002, 714.4696922
1714647401067, 2024-05-02T10:56:41.067Z, 1183.9823027999998, 715.6253728
1714647401073, 2024-05-02T10:56:41.073Z, 1186.0923785999998, 715.8107792000001
1714647401091, 2024-05-02T10:56:41.091Z, 1188.6318858, 715.9838958
1714647401125, 2024-05-02T10:56:41.125Z, 1190.5245454, 716.1853467999999
1714647401140, 2024-05-02T10:56:41.140Z, 1191.7574805999998, 716.1527980000001
1714647401155, 2024-05-02T10:56:41.155Z, 1193.180887, 715.9108138
1714647401167, 2024-05-02T10:56:41.167Z, 1194.109914, 715.1306437999999
1714647401186, 2024-05-02T10:56:41.186Z, 1187.848967, 718.0698962
1714647401201, 2024-05-02T10:56:41.201Z, 1180.2667958, 721.5435716
1714647401214, 2024-05-02T10:56:41.214Z, 1171.6185486, 724.7901744000001
1714647401246, 2024-05-02T10:56:41.246Z, 1163.0098839999998, 728.2190306
1714647401276, 2024-05-02T10:56:41.276Z, 1152.4935736, 732.7135078
1714647401292, 2024-05-02T10:56:41.292Z, 1147.745221, 734.057145
1714647401307, 2024-05-02T10:56:41.307Z, 1143.8213363999998, 735.1878202
1714647401323, 2024-05-02T10:56:41.323Z, 1140.6544291999999, 737.0461024
1714647401338, 2024-05-02T10:56:41.338Z, 1138.286426, 738.9609178
1714647401354, 2024-05-02T10:56:41.354Z, 1138.2734251999998, 740.3694143999999
1714647401369, 2024-05-02T10:56:41.369Z, 1138.7753712, 741.2884764
1714647401384, 2024-05-02T10:56:41.384Z, 1140.1167937999999, 740.9334718
1714647401399, 2024-05-02T10:56:41.399Z, 1141.7179626, 740.2129344000001
1714647401424, 2024-05-02T10:56:41.424Z, 1143.1066812, 739.3331746
1714647401439, 2024-05-02T10:56:41.439Z, 1144.3954729999998, 738.565461
1714647401461, 2024-05-02T10:56:41.461Z, 1145.4263446, 737.6815184000001
1714647401476, 2024-05-02T10:56:41.476Z, 1145.1622214, 737.2467368000001
1714647401491, 2024-05-02T10:56:41.491Z, 1144.5440954, 736.9999704
1714647401508, 2024-05-02T10:56:41.508Z, 1143.4370102, 736.9313238
1714647401523, 2024-05-02T10:56:41.523Z, 1141.8706244, 737.163424
1714647401539, 2024-05-02T10:56:41.539Z, 1140.291082, 737.6808042
1714647401554, 2024-05-02T10:56:41.554Z, 1139.8063816, 738.241062
1714647401571, 2024-05-02T10:56:41.571Z, 1139.373113, 739.6145104
1714647401588, 2024-05-02T10:56:41.588Z, 1139.0327765999998, 741.1294022
1714647401602, 2024-05-02T10:56:41.602Z, 1139.320634, 742.0011658000001
1714647401616, 2024-05-02T10:56:41.616Z, 1139.5447436, 741.8883404000001
1714647401633, 2024-05-02T10:56:41.633Z, 1139.268815, 741.9521675999999
1714647401648, 2024-05-02T10:56:41.648Z, 1138.947668, 740.7839792
1714647401664, 2024-05-02T10:56:41.664Z, 1138.9109888, 739.4851059999999
1714647401679, 2024-05-02T10:56:41.679Z, 1138.6649883999999, 738.1926041999999
1714647401698, 2024-05-02T10:56:41.698Z, 1138.8549514000001, 737.8400694
1714647401724, 2024-05-02T10:56:41.724Z, 1139.7782108000001, 737.9676994
1714647401738, 2024-05-02T10:56:41.738Z, 1142.0613484, 738.7096152
1714647401753, 2024-05-02T10:56:41.753Z, 1146.0605656000002, 740.0592774
1714647401773, 2024-05-02T10:56:41.773Z, 1151.5801604, 742.3414696
1714647401788, 2024-05-02T10:56:41.788Z, 1158.4507688, 745.1213762
1714647401803, 2024-05-02T10:56:41.803Z, 1164.7150332, 747.8460935999999
1714647401819, 2024-05-02T10:56:41.819Z, 1170.448616, 750.8244498
1714647401834, 2024-05-02T10:56:41.834Z, 1174.4300574000001, 753.0850842000001
1714647401850, 2024-05-02T10:56:41.850Z, 1177.2502986000002, 754.9146514
1714647401874, 2024-05-02T10:56:41.874Z, 1177.0968886, 756.5998934
1714647401902, 2024-05-02T10:56:41.902Z, 1167.0197974, 758.4895147999999
1714647401917, 2024-05-02T10:56:41.917Z, 1145.6701870000002, 757.9081354
1714647401929, 2024-05-02T10:56:41.929Z, 1017.4795832, 746.379965
1714647401947, 2024-05-02T10:56:41.947Z, 839.9046446, 729.035929
1714647401963, 2024-05-02T10:56:41.963Z, 663.1698571999999, 710.9727766
1714647401976, 2024-05-02T10:56:41.976Z, 493.80208979999986, 690.3837474
1714647401992, 2024-05-02T10:56:41.992Z, 334.4527686, 671.2418746
1714647402020, 2024-05-02T10:56:42.020Z, 281.7657978, 663.3743565999999
1714647402037, 2024-05-02T10:56:42.037Z, 279.2370978, 661.0008194
1714647402053, 2024-05-02T10:56:42.053Z, 277.1712434, 658.7648032
1714647402063, 2024-05-02T10:56:42.063Z, 285.5350272, 660.456879
1714647402082, 2024-05-02T10:56:42.082Z, 314.3119658, 662.4612913999999
1714647402097, 2024-05-02T10:56:42.097Z, 442.4924336, 674.6908637999999
1714647402108, 2024-05-02T10:56:42.108Z, 539.9080778, 682.1599698
1714647402127, 2024-05-02T10:56:42.127Z, 668.4469796000001, 692.023959
1714647402142, 2024-05-02T10:56:42.142Z, 808.405349, 701.445589
1714647402173, 2024-05-02T10:56:42.173Z, 943.6907078, 713.7176689999999
1714647402187, 2024-05-02T10:56:42.187Z, 984.1682774000001, 717.4092585999999
1714647402198, 2024-05-02T10:56:42.198Z, 1080.0691186, 730.6118415999999
1714647402217, 2024-05-02T10:56:42.217Z, 1177.108194, 748.2316082
1714647402232, 2024-05-02T10:56:42.232Z, 1254.885276, 764.7674749999999
1714647402243, 2024-05-02T10:56:42.243Z, 1317.6768292, 777.8500907999999
1714647402262, 2024-05-02T10:56:42.262Z, 1374.749034, 785.8435946
1714647402282, 2024-05-02T10:56:42.282Z, 1406.306271, 790.2789786000001
1714647402291, 2024-05-02T10:56:42.291Z, 1404.3136232, 787.8437002000001
1714647402324, 2024-05-02T10:56:42.324Z, 1396.1451008, 785.8493396000001
1714647402334, 2024-05-02T10:56:42.334Z, 1389.7259324000001, 784.3933764000001
1714647402352, 2024-05-02T10:56:42.352Z, 1383.1600968, 787.7406057999999
1714647402368, 2024-05-02T10:56:42.368Z, 1373.274688, 788.9764198
1714647402381, 2024-05-02T10:56:42.381Z, 1348.9507992000001, 783.9256862
1714647402401, 2024-05-02T10:56:42.401Z, 1329.1065448, 777.3954295999999
1714647402428, 2024-05-02T10:56:42.428Z, 1305.5343652000001, 769.7546728
1714647402444, 2024-05-02T10:56:42.444Z, 1271.961937, 753.7987132
1714647402469, 2024-05-02T10:56:42.469Z, 1241.5226162, 738.8305838
1714647402487, 2024-05-02T10:56:42.487Z, 1224.9423740000002, 730.1971037999999
1714647402503, 2024-05-02T10:56:42.503Z, 1210.0748936000002, 722.5837068
1714647402513, 2024-05-02T10:56:42.513Z, 1197.0879896000001, 716.6505494
1714647402532, 2024-05-02T10:56:42.532Z, 1195.559495, 717.9405862
1714647402548, 2024-05-02T10:56:42.548Z, 1193.775729, 719.1684878
1714647402558, 2024-05-02T10:56:42.558Z, 1194.7100728, 720.1737144000001
1714647402577, 2024-05-02T10:56:42.577Z, 1195.3404145999998, 721.0673442000001
1714647402592, 2024-05-02T10:56:42.592Z, 1196.099979, 721.2686374000001
1714647402624, 2024-05-02T10:56:42.624Z, 1196.5788585999999, 719.9285972
1714647402638, 2024-05-02T10:56:42.638Z, 1197.0717438, 717.9641686000001
1714647402651, 2024-05-02T10:56:42.651Z, 1192.2486832, 696.8681637999999
1714647402668, 2024-05-02T10:56:42.668Z, 1184.6260766, 666.0046995999999
1714647402689, 2024-05-02T10:56:42.689Z, 1175.2574538000001, 631.1614776
1714647402694, 2024-05-02T10:56:42.694Z, 1163.2969503999998, 591.519535
1714647402713, 2024-05-02T10:56:42.713Z, 1150.8547190000002, 549.8475013999999
1714647402727, 2024-05-02T10:56:42.727Z, 1142.3628376000001, 525.8828358
1714647402738, 2024-05-02T10:56:42.738Z, 1137.7976326, 510.9147946
1714647402774, 2024-05-02T10:56:42.774Z, 1134.7946074000001, 500.2553514
1714647402786, 2024-05-02T10:56:42.786Z, 1134.1803364000002, 495.39916559999995
1714647402802, 2024-05-02T10:56:42.802Z, 1134.4374166000002, 492.77666819999996
1714647402818, 2024-05-02T10:56:42.818Z, 1135.5856122, 492.7858838
1714647402833, 2024-05-02T10:56:42.833Z, 1135.6380266, 493.121262
1714647402848, 2024-05-02T10:56:42.848Z, 1135.583093, 493.7166372
1714647402864, 2024-05-02T10:56:42.864Z, 1136.4385200000002, 494.78795740000004
1714647402878, 2024-05-02T10:56:42.878Z, 1136.9616718000002, 496.074115
1714647402894, 2024-05-02T10:56:42.894Z, 1137.7623692000002, 496.56370880000003
1714647402919, 2024-05-02T10:56:42.919Z, 1139.6880644, 497.46404300000006
1714647402937, 2024-05-02T10:56:42.937Z, 1139.8152222, 496.6531059999999
1714647402952, 2024-05-02T10:56:42.952Z, 1149.9704034000001, 496.3155002
1714647402963, 2024-05-02T10:56:42.963Z, 1162.4691324, 494.99474260000005
1714647402982, 2024-05-02T10:56:42.982Z, 1183.6768708, 493.0358014
1714647402997, 2024-05-02T10:56:42.997Z, 1208.9226592, 490.4601264
1714647403013, 2024-05-02T10:56:43.013Z, 1233.5434261999999, 489.2545524
1714647403027, 2024-05-02T10:56:43.027Z, 1249.5528923999998, 487.6552315999999
1714647403042, 2024-05-02T10:56:43.042Z, 1263.6279608, 487.58017659999996
1714647403073, 2024-05-02T10:56:43.073Z, 1267.7105112000002, 488.6741086
1714647403087, 2024-05-02T10:56:43.087Z, 1266.3012304000001, 490.68338399999993
1714647403098, 2024-05-02T10:56:43.098Z, 1267.1908826, 490.9695474
1714647403117, 2024-05-02T10:56:43.117Z, 1265.0440869999998, 491.388519
1714647403132, 2024-05-02T10:56:43.132Z, 1261.5284052, 490.21153080000005
1714647403143, 2024-05-02T10:56:43.143Z, 1256.1551974, 488.1884812
1714647403162, 2024-05-02T10:56:43.162Z, 1250.6890076, 485.69313780000004
1714647403177, 2024-05-02T10:56:43.177Z, 1243.84229, 484.78240100000005
1714647403188, 2024-05-02T10:56:43.188Z, 1237.3545434, 483.08410999999995
1714647403222, 2024-05-02T10:56:43.222Z, 1228.9197804, 482.56975279999995
1714647403345, 2024-05-02T10:56:43.345Z, 1184.0373962, 506.4590316
1714647403386, 2024-05-02T10:56:43.386Z, 948.6252474, 539.0306868
1714647403401, 2024-05-02T10:56:43.401Z, 719.0320502000001, 570.9336252
1714647403431, 2024-05-02T10:56:43.431Z, 493.5797754, 604.0830944
1714647403446, 2024-05-02T10:56:43.446Z, 271.77022619999997, 637.9798349999999
1714647403476, 2024-05-02T10:56:43.476Z, 86.5795876, 650.0421524
1714647403522, 2024-05-02T10:56:43.522Z, 94.2402786, 654.059958
1714647403536, 2024-05-02T10:56:43.536Z, 102.9951834, 659.8827758
1714647403611, 2024-05-02T10:56:43.611Z, 106.16968080000001, 664.0295604
1714647403631, 2024-05-02T10:56:43.631Z, 108.2295536, 667.7518843999999
1714647403672, 2024-05-02T10:56:43.672Z, 101.05871379999999, 671.1285614
1714647403763, 2024-05-02T10:56:43.763Z, 101.3724912, 678.0687843999999
1714647403778, 2024-05-02T10:56:43.778Z, 98.32984280000001, 682.5788778
1714647403897, 2024-05-02T10:56:43.897Z, 100.7846672, 682.7637756
1714647403987, 2024-05-02T10:56:43.987Z, 96.5551808, 670.4921164
1714647403997, 2024-05-02T10:56:43.997Z, 103.88927120000001, 656.2032388
1714647404020, 2024-05-02T10:56:44.020Z, 105.25414040000001, 644.1713714
1714647404031, 2024-05-02T10:56:44.031Z, 107.36743040000002, 639.205755
1714647404042, 2024-05-02T10:56:44.042Z, 113.9403542, 659.8728537999999
1714647404060, 2024-05-02T10:56:44.060Z, 128.4327178, 695.2695271999999
1714647404076, 2024-05-02T10:56:44.076Z, 141.1601986, 730.7190315999999
1714647404122, 2024-05-02T10:56:44.122Z, 146.2001852, 779.1576312