1714645517459, 2024-05-02T10:25:17.459Z, 419.360642, 532.449565
1714645517521, 2024-05-02T10:25:17.521Z, 469.7047945, 518.614953
1714645517552, 2024-05-02T10:25:17.552Z, 471.34105, 518.8504153333333
1714645517594, 2024-05-02T10:25:17.594Z, 463.20195975, 520.26083225
1714645517624, 2024-05-02T10:25:17.624Z, 458.49721639999996, 520.7734754
1714645517639, 2024-05-02T10:25:17.639Z, 461.57106020000003, 530.2895804
1714645517683, 2024-05-02T10:25:17.683Z, 444.0675692, 549.6701616
1714645517730, 2024-05-02T10:25:17.730Z, 438.2984034000001, 565.0048464
1714645517759, 2024-05-02T10:25:17.759Z, 448.4214734, 576.830944
1714645517781, 2024-05-02T10:25:17.781Z, 458.4106434, 587.6401314000001
1714645517819, 2024-05-02T10:25:17.819Z, 470.817386, 585.1307502000001
1714645517849, 2024-05-02T10:25:17.849Z, 481.1803042, 576.2985526
1714645517895, 2024-05-02T10:25:17.895Z, 496.1392462, 545.2980624
1714645517910, 2024-05-02T10:25:17.910Z, 505.2629776, 512.491935
1714645517941, 2024-05-02T10:25:17.941Z, 514.48454, 485.2559476
1714645517957, 2024-05-02T10:25:17.957Z, 528.3045056, 461.6268854
1714645517988, 2024-05-02T10:25:17.988Z, 546.4841926, 442.8642248
1714645518003, 2024-05-02T10:25:18.003Z, 560.4532678, 451.0973328
1714645518029, 2024-05-02T10:25:18.029Z, 575.9355332, 464.2770124
1714645518042, 2024-05-02T10:25:18.042Z, 592.3310082, 473.04450299999996
1714645518073, 2024-05-02T10:25:18.073Z, 604.9515994000001, 479.26358739999995
1714645518087, 2024-05-02T10:25:18.087Z, 615.900492, 483.074974
1714645518117, 2024-05-02T10:25:18.117Z, 626.4156908, 483.49305239999995
1714645518132, 2024-05-02T10:25:18.132Z, 632.6209242, 483.782276
1714645518178, 2024-05-02T10:25:18.178Z, 633.437872, 494.07396639999996
1714645518222, 2024-05-02T10:25:18.222Z, 609.881996, 525.7880452
1714645518342, 2024-05-02T10:25:18.342Z, 548.9702614, 527.7603952
1714645518357, 2024-05-02T10:25:18.357Z, 464.2287258, 538.1989598
1714645518448, 2024-05-02T10:25:18.448Z, 361.241944, 552.2102007999999
1714645518492, 2024-05-02T10:25:18.492Z, 271.0700848, 553.2281356000001
1714645518522, 2024-05-02T10:25:18.522Z, 218.8835628, 526.912198
1714645518537, 2024-05-02T10:25:18.537Z, 210.69065540000003, 527.2280532000001
1714645518672, 2024-05-02T10:25:18.672Z, 205.9433304, 537.9464456000001
1714645518702, 2024-05-02T10:25:18.702Z, 246.6505372, 532.0628439999999
1714645518718, 2024-05-02T10:25:18.718Z, 268.4014754, 534.8369394
1714645518749, 2024-05-02T10:25:18.749Z, 282.6507824, 542.1756214000001
1714645518807, 2024-05-02T10:25:18.807Z, 286.4242222, 556.5954801999999
1714645518852, 2024-05-02T10:25:18.852Z, 308.8981814, 551.9813004
1714645518897, 2024-05-02T10:25:18.897Z, 300.305837, 562.4044935999998
1714645518927, 2024-05-02T10:25:18.927Z, 314.89755299999996, 563.5523908
1714645518972, 2024-05-02T10:25:18.972Z, 332.5266944, 561.7473668
1714645518987, 2024-05-02T10:25:18.987Z, 352.81353920000004, 556.904881
1714645519122, 2024-05-02T10:25:19.122Z, 340.773874, 569.978642
1714645519169, 2024-05-02T10:25:19.169Z, 327.4251184, 581.7832636
1714645519257, 2024-05-02T10:25:19.257Z, 320.558313, 594.8513382
1714645519287, 2024-05-02T10:25:19.287Z, 348.5673574, 622.3388272
1714645519302, 2024-05-02T10:25:19.302Z, 360.41354199999995, 646.2442972
1714645519354, 2024-05-02T10:25:19.354Z, 414.669449, 652.7920184000001
1714645519392, 2024-05-02T10:25:19.392Z, 447.85532680000006, 654.9180178
1714645519437, 2024-05-02T10:25:19.437Z, 461.86286739999997, 657.5717858
1714645519468, 2024-05-02T10:25:19.468Z, 457.820793, 652.1850557999999
1714645519482, 2024-05-02T10:25:19.482Z, 476.61655279999997, 649.8073177999999
1714645519797, 2024-05-02T10:25:19.797Z, 423.07495480000006, 667.9722136
1714645519842, 2024-05-02T10:25:19.842Z, 389.7823934, 686.1048568
1714645519890, 2024-05-02T10:25:19.890Z, 358.7026626, 710.2403953999999
1714645520505, 2024-05-02T10:25:20.505Z, 415.179431, 607.5365231999999
1714645520551, 2024-05-02T10:25:20.551Z, 364.0353958, 603.5191026
1714645520771, 2024-05-02T10:25:20.771Z, 363.8099978, 561.3485118
1714645520786, 2024-05-02T10:25:20.786Z, 362.900255, 517.1911484
1714645520817, 2024-05-02T10:25:20.817Z, 359.3628278, 470.12932179999996
1714645520953, 2024-05-02T10:25:20.953Z, 257.3018302, 552.1200188
1714645520969, 2024-05-02T10:25:20.969Z, 260.0385306, 534.3176116
1714645520999, 2024-05-02T10:25:20.999Z, 273.43269380000004, 530.283318
1714645521051, 2024-05-02T10:25:21.051Z, 301.0530278, 536.1144956
1714645521064, 2024-05-02T10:25:21.064Z, 348.20968419999997, 548.8907214
1714645521111, 2024-05-02T10:25:21.111Z, 380.12313340000003, 558.0448223999999
1714645521142, 2024-05-02T10:25:21.142Z, 415.59453779999996, 563.8795828
1714645521158, 2024-05-02T10:25:21.158Z, 451.30190059999995, 573.7522688
1714645521178, 2024-05-02T10:25:21.178Z, 475.7230446, 576.6303878
1714645521192, 2024-05-02T10:25:21.192Z, 465.21906179999996, 563.4021248
1714645521237, 2024-05-02T10:25:21.237Z, 448.8227664, 548.5135604
1714645521267, 2024-05-02T10:25:21.267Z, 426.52046820000004, 542.8631544
1714645521282, 2024-05-02T10:25:21.282Z, 403.52974300000005, 536.033997
1714645521328, 2024-05-02T10:25:21.328Z, 384.070803, 531.5552746000001
1714645521360, 2024-05-02T10:25:21.360Z, 381.899842, 534.4687226
1714645521375, 2024-05-02T10:25:21.375Z, 386.77077139999994, 538.2802998
1714645521406, 2024-05-02T10:25:21.406Z, 399.1796984, 541.9713006
1714645521422, 2024-05-02T10:25:21.422Z, 418.8582262, 553.6776662
1714645521453, 2024-05-02T10:25:21.453Z, 439.91619119999996, 566.7621446
1714645521671, 2024-05-02T10:25:21.671Z, 424.632143, 592.2061426
1714645521686, 2024-05-02T10:25:21.686Z, 403.30636200000004, 614.4454124
1714645522257, 2024-05-02T10:25:22.257Z, 366.6770032, 638.39768
1714645522271, 2024-05-02T10:25:22.271Z, 321.9304234, 649.430929
1714645522301, 2024-05-02T10:25:22.301Z, 274.920534, 656.8860276
1714645522316, 2024-05-02T10:25:22.316Z, 262.22942, 652.6224398
1714645522346, 2024-05-02T10:25:22.346Z, 251.25131240000002, 649.9650248
1714645522391, 2024-05-02T10:25:22.391Z, 252.772055, 651.0816683999999
1714645522407, 2024-05-02T10:25:22.407Z, 254.60544120000003, 657.7627766
1714645522436, 2024-05-02T10:25:22.436Z, 256.5418358, 673.1404018000001
1714645522451, 2024-05-02T10:25:22.451Z, 255.90342339999998, 694.9662648000001
1714645522481, 2024-05-02T10:25:22.481Z, 251.5585896, 720.7561182000001
1714645522496, 2024-05-02T10:25:22.496Z, 239.11487879999999, 734.6119898000001
1714645522721, 2024-05-02T10:25:22.721Z, 197.0235826, 687.3615216000001
1714645522751, 2024-05-02T10:25:22.751Z, 154.19288880000002, 631.0220518
1714645522766, 2024-05-02T10:25:22.766Z, 111.5452564, 564.9914732000001
1714645522796, 2024-05-02T10:25:22.796Z, 79.190481, 499.1605668
1714645522841, 2024-05-02T10:25:22.841Z, 59.1986586, 442.15306760000004
1714645522856, 2024-05-02T10:25:22.856Z, 88.3549672, 466.14087199999994
1714645522888, 2024-05-02T10:25:22.888Z, 123.2971352, 497.5915078
1714645522901, 2024-05-02T10:25:22.901Z, 164.8197448, 541.4891762
1714645522933, 2024-05-02T10:25:22.933Z, 211.3557126, 582.9167734
1714645522948, 2024-05-02T10:25:22.948Z, 257.6288044, 615.64865
1714645522977, 2024-05-02T10:25:22.977Z, 300.10627059999996, 624.8293874
1714645522991, 2024-05-02T10:25:22.991Z, 338.1191084, 628.8968127999999
1714645523021, 2024-05-02T10:25:23.021Z, 366.716354, 621.2285804
1714645523037, 2024-05-02T10:25:23.037Z, 382.7284706, 610.7535313999999
1714645523068, 2024-05-02T10:25:23.068Z, 385.38484, 598.3311188
1714645523083, 2024-05-02T10:25:23.083Z, 371.482389, 585.925576
1714645523127, 2024-05-02T10:25:23.127Z, 356.97967239999997, 574.7571786000001
1714645523156, 2024-05-02T10:25:23.156Z, 345.21892760000003, 566.1416472
1714645523172, 2024-05-02T10:25:23.172Z, 336.48745899999994, 560.6382128
1714645523201, 2024-05-02T10:25:23.201Z, 331.6473086, 558.1498434
1714645523216, 2024-05-02T10:25:23.216Z, 327.7764362, 559.5142346
1714645523246, 2024-05-02T10:25:23.246Z, 309.0794886, 560.3073437999999
1714645523291, 2024-05-02T10:25:23.291Z, 286.3133386, 561.970431
1714645523306, 2024-05-02T10:25:23.306Z, 258.4296522, 562.8046716
1714645523336, 2024-05-02T10:25:23.336Z, 212.8749824, 570.4715698
1714645523351, 2024-05-02T10:25:23.351Z, 160.422348, 573.4907201999999
1714645523381, 2024-05-02T10:25:23.381Z, 121.97539040000001, 574.9788006000001
1714645523396, 2024-05-02T10:25:23.396Z, 97.8971014, 578.8596718000001
1714645523427, 2024-05-02T10:25:23.427Z, 75.68117480000001, 587.7938326
1714645523443, 2024-05-02T10:25:23.443Z, 64.53168840000001, 591.2377697999999
1714645523471, 2024-05-02T10:25:23.471Z, 61.902114, 600.1276115999999
1714645523486, 2024-05-02T10:25:23.486Z, 63.0393104, 613.2061248
1714645523517, 2024-05-02T10:25:23.517Z, 56.1896976, 623.7071791999999
1714645523533, 2024-05-02T10:25:23.533Z, 51.364516800000004, 630.9926048
1714645523805, 2024-05-02T10:25:23.805Z, 320.95004259999996, 565.4113580000001
1714645523836, 2024-05-02T10:25:23.836Z, 590.6277702, 496.4443405999999
1714645523847, 2024-05-02T10:25:23.847Z, 858.2636546, 424.33971199999996
1714645523893, 2024-05-02T10:25:23.893Z, 1116.7594783999998, 351.42505140000003
1714645523922, 2024-05-02T10:25:23.922Z, 1361.5235926, 278.5941448
1714645523939, 2024-05-02T10:25:23.939Z, 1336.9576743999999, 277.118888
1714645523969, 2024-05-02T10:25:23.969Z, 1309.4247149999999, 277.9234544
1714645523985, 2024-05-02T10:25:23.985Z, 1282.3646257999999, 279.2332344
1714645524032, 2024-05-02T10:25:24.032Z, 1267.8102192, 283.10454540000006
1714645524062, 2024-05-02T10:25:24.062Z, 1268.9403731999998, 288.91520560000004
1714645524077, 2024-05-02T10:25:24.077Z, 1254.5780714, 284.63904560000003
1714645524108, 2024-05-02T10:25:24.108Z, 1236.4628986000002, 277.0555822
1714645524127, 2024-05-02T10:25:24.127Z, 1215.0163196, 272.8892718
1714645524155, 2024-05-02T10:25:24.155Z, 1189.7630736, 269.6166602
1714645524346, 2024-05-02T10:25:24.346Z, 1189.3280658, 313.8375588
1714645524437, 2024-05-02T10:25:24.437Z, 1170.9302506, 324.7561988
1714645524483, 2024-05-02T10:25:24.483Z, 1177.3364678, 346.5194504
1714645524508, 2024-05-02T10:25:24.508Z, 1186.9223484, 363.4984202
1714645524523, 2024-05-02T10:25:24.523Z, 1197.4798024, 374.99199699999997
1714645524553, 2024-05-02T10:25:24.553Z, 1180.575229, 335.0220524
1714645524568, 2024-05-02T10:25:24.568Z, 1200.1040902, 340.0900172
1714645524599, 2024-05-02T10:25:24.599Z, 1200.1089312, 336.6956392
1714645524647, 2024-05-02T10:25:24.647Z, 1200.3721489999998, 336.353206
1714645524669, 2024-05-02T10:25:24.669Z, 1200.8500351999999, 338.4881674
1714645524701, 2024-05-02T10:25:24.701Z, 1202.4933786, 342.5749788
1714645524717, 2024-05-02T10:25:24.717Z, 1202.5371712, 344.797524
1714645524734, 2024-05-02T10:25:24.734Z, 1200.1112623999998, 346.9669336
1714645524748, 2024-05-02T10:25:24.748Z, 1195.3655248, 347.72538219999996
1714645524779, 2024-05-02T10:25:24.779Z, 1204.0455603999999, 354.51367719999996
1714645524794, 2024-05-02T10:25:24.794Z, 1212.457475, 360.8103047999999
1714645524825, 2024-05-02T10:25:24.825Z, 1219.2587242, 366.7983996
1714645524841, 2024-05-02T10:25:24.841Z, 1224.0393804, 372.413273
1714645524873, 2024-05-02T10:25:24.873Z, 1226.187867, 376.54109859999994
1714645524889, 2024-05-02T10:25:24.889Z, 1214.8486841999998, 374.4904652
1714645524929, 2024-05-02T10:25:24.929Z, 1206.2855373999998, 372.2217048
1714645524958, 2024-05-02T10:25:24.958Z, 1204.2134634, 371.323484
1714645524973, 2024-05-02T10:25:24.973Z, 1219.1930180000002, 377.92750800000005
1714645525007, 2024-05-02T10:25:25.007Z, 1251.3314842, 388.49539599999997
1714645525018, 2024-05-02T10:25:25.018Z, 1287.2995618, 401.18049160000004
1714645525051, 2024-05-02T10:25:25.051Z, 1317.5649448, 414.00310040000005
1714645525093, 2024-05-02T10:25:25.093Z, 1352.8169034, 429.27914899999996
1714645525108, 2024-05-02T10:25:25.108Z, 1375.0772464000001, 438.263688
1714645525137, 2024-05-02T10:25:25.137Z, 1381.6313194000002, 446.8142266
1714645525152, 2024-05-02T10:25:25.152Z, 1382.3590956000003, 454.619219
1714645525183, 2024-05-02T10:25:25.183Z, 1384.5666124000002, 463.4470789999999
1714645525199, 2024-05-02T10:25:25.199Z, 1376.8522944000001, 467.97926499999994
1714645525228, 2024-05-02T10:25:25.228Z, 1368.5833094, 472.82336940000005
1714645525242, 2024-05-02T10:25:25.242Z, 1362.3578462, 474.2923022
1714645525272, 2024-05-02T10:25:25.272Z, 1355.6308560000002, 474.3946198
1714645525287, 2024-05-02T10:25:25.287Z, 1348.4461294, 474.7051398
1714645525407, 2024-05-02T10:25:25.407Z, 1346.5127992, 477.0048828
1714645525422, 2024-05-02T10:25:25.422Z, 1348.662644, 477.2442016
1714645525463, 2024-05-02T10:25:25.463Z, 1350.3205024, 478.32337040000004
1714645525479, 2024-05-02T10:25:25.479Z, 1354.4366969999999, 479.11637559999997
1714645525510, 2024-05-02T10:25:25.510Z, 1360.6621888, 478.592367
1714645525544, 2024-05-02T10:25:25.544Z, 1365.4677542000002, 478.6716447999999
1714645525574, 2024-05-02T10:25:25.574Z, 1373.4189216, 484.64796379999996
1714645525591, 2024-05-02T10:25:25.591Z, 1380.5355322, 489.89557720000005
1714645525606, 2024-05-02T10:25:25.606Z, 1387.1851058, 495.7817722000001
1714645525637, 2024-05-02T10:25:25.637Z, 1394.1220991999999, 502.7390208
1714645525652, 2024-05-02T10:25:25.652Z, 1398.660955, 508.419886
1714645525680, 2024-05-02T10:25:25.680Z, 1396.1801137999998, 509.4352112
1714645525695, 2024-05-02T10:25:25.695Z, 1395.0752328, 510.51855919999997
1714645525730, 2024-05-02T10:25:25.730Z, 1398.7359208, 511.5638032
1714645525746, 2024-05-02T10:25:25.746Z, 1408.6836806, 512.8461014000001
1714645525777, 2024-05-02T10:25:25.777Z, 1418.0337092, 513.8934549999999
1714645525793, 2024-05-02T10:25:25.793Z, 1425.856085, 514.6126945999999
1714645525832, 2024-05-02T10:25:25.832Z, 1435.2249474, 516.4530196
1714645525860, 2024-05-02T10:25:25.860Z, 1433.0954516, 517.333262
1714645525875, 2024-05-02T10:25:25.875Z, 1424.3327196, 516.840823
1714645525905, 2024-05-02T10:25:25.905Z, 1415.5461636, 514.6551424
1714645525920, 2024-05-02T10:25:25.920Z, 1409.1271854000001, 513.4767098
1714645525950, 2024-05-02T10:25:25.950Z, 1400.237562, 511.7378764
1714645525996, 2024-05-02T10:25:25.996Z, 1397.1735182, 513.489383
1714645526011, 2024-05-02T10:25:26.011Z, 1392.6559608, 517.2694432
1714645526042, 2024-05-02T10:25:26.042Z, 1351.9662263999999, 534.6845268
1714645526061, 2024-05-02T10:25:26.061Z, 1306.7619986, 553.4237541999998
1714645526089, 2024-05-02T10:25:26.089Z, 1263.3724644000001, 572.5904304
1714645526105, 2024-05-02T10:25:26.105Z, 1221.0038988000001, 591.2735968
1714645526129, 2024-05-02T10:25:26.129Z, 1179.2676972000002, 607.4211922
1714645526142, 2024-05-02T10:25:26.142Z, 1173.5585294, 611.9379505999999
1714645526171, 2024-05-02T10:25:26.171Z, 1173.2670486000002, 615.8304694
1714645526185, 2024-05-02T10:25:26.185Z, 1180.1417218000001, 624.6005607999999
1714645526216, 2024-05-02T10:25:26.216Z, 1188.0143066, 631.2602881999999
1714645526231, 2024-05-02T10:25:26.231Z, 1198.4621650000001, 637.611786
1714645526280, 2024-05-02T10:25:26.280Z, 1201.541654, 635.170305
1714645526308, 2024-05-02T10:25:26.308Z, 1207.3308444, 630.9158436
1714645526323, 2024-05-02T10:25:26.323Z, 1208.8641422, 618.7066492
1714645526353, 2024-05-02T10:25:26.353Z, 1228.6360594000002, 594.250885
1714645526369, 2024-05-02T10:25:26.369Z, 1249.8380955999999, 567.7910003999999
1714645526400, 2024-05-02T10:25:26.400Z, 1281.7748154, 546.6689065999999
1714645526443, 2024-05-02T10:25:26.443Z, 1311.8572537999999, 522.2299494000001
1714645526458, 2024-05-02T10:25:26.458Z, 1339.1591172, 500.0946272
1714645526488, 2024-05-02T10:25:26.488Z, 1347.9241714, 489.8315202
1714645526503, 2024-05-02T10:25:26.503Z, 1353.8248004000002, 482.6730165999999
1714645526533, 2024-05-02T10:25:26.533Z, 1356.4702948000001, 479.703849
1714645526548, 2024-05-02T10:25:26.548Z, 1357.5084388, 482.521515
1714645526579, 2024-05-02T10:25:26.579Z, 1357.1834492, 486.8660954
1714645526593, 2024-05-02T10:25:26.593Z, 1354.6337506, 490.1266514
1714645526623, 2024-05-02T10:25:26.623Z, 1349.9240152, 493.0918662
1714645526638, 2024-05-02T10:25:26.638Z, 1343.0910056, 493.8179978
1714645526673, 2024-05-02T10:25:26.673Z, 1336.2553538, 493.4429502
1714645526683, 2024-05-02T10:25:26.683Z, 1329.4050984, 491.31003899999996
1714645526729, 2024-05-02T10:25:26.729Z, 1324.4326038000002, 492.2097014
1714645526759, 2024-05-02T10:25:26.759Z, 1321.4873302, 492.33923159999995
1714645526775, 2024-05-02T10:25:26.775Z, 1320.5291804, 492.938739
1714645526807, 2024-05-02T10:25:26.807Z, 1318.3398704, 490.5296598
1714645526822, 2024-05-02T10:25:26.822Z, 1318.3846858000002, 488.6786762
1714645526852, 2024-05-02T10:25:26.852Z, 1317.0994068, 484.89024259999997
1714645526879, 2024-05-02T10:25:26.879Z, 1301.4148328, 480.4524168
1714645526893, 2024-05-02T10:25:26.893Z, 1282.4539884, 476.1519124
1714645526908, 2024-05-02T10:25:26.908Z, 1265.7509665999999, 474.6148812
1714645526938, 2024-05-02T10:25:26.938Z, 1249.0969658, 473.17416380000003
1714645526953, 2024-05-02T10:25:26.953Z, 1237.70199, 472.55972920000005
1714645526983, 2024-05-02T10:25:26.983Z, 1241.7335084000001, 474.0705868000001
1714645526998, 2024-05-02T10:25:26.998Z, 1246.2091654, 475.4152894
1714645527029, 2024-05-02T10:25:27.029Z, 1249.53332, 476.1980530000001
1714645527046, 2024-05-02T10:25:27.046Z, 1252.5326926000002, 476.96443039999997
1714645527073, 2024-05-02T10:25:27.073Z, 1251.5658766, 479.4913214
1714645527088, 2024-05-02T10:25:27.088Z, 1249.2783606, 481.349834
1714645527118, 2024-05-02T10:25:27.118Z, 1249.5593410000001, 483.57863639999994
1714645527133, 2024-05-02T10:25:27.133Z, 1250.3529048, 486.0552334
1714645527179, 2024-05-02T10:25:27.179Z, 1249.0773408, 485.5598522
1714645527211, 2024-05-02T10:25:27.211Z, 1248.5929428, 484.03018839999993
1714645527227, 2024-05-02T10:25:27.227Z, 1247.8252836, 482.2595768
1714645527258, 2024-05-02T10:25:27.258Z, 1247.905912, 483.01811260000005
1714645527273, 2024-05-02T10:25:27.273Z, 1247.9135843999998, 483.7359776
1714645527306, 2024-05-02T10:25:27.306Z, 1249.5946874, 487.39005719999994
1714645527343, 2024-05-02T10:25:27.343Z, 1250.1696314, 488.45332260000004
1714645527358, 2024-05-02T10:25:27.358Z, 1250.9579678, 488.32281760000006
1714645527391, 2024-05-02T10:25:27.391Z, 1252.420738, 486.0789102
1714645527415, 2024-05-02T10:25:27.415Z, 1255.1570166000001, 484.22459740000005
1714645527447, 2024-05-02T10:25:27.447Z, 1258.1019764, 482.18131780000004
1714645527463, 2024-05-02T10:25:27.463Z, 1261.9796380000003, 481.55133799999993
1714645527481, 2024-05-02T10:25:27.481Z, 1267.4383902, 483.1741452
1714645527494, 2024-05-02T10:25:27.494Z, 1271.8000872, 485.843033
1714645527525, 2024-05-02T10:25:27.525Z, 1275.0272528, 489.2335556
1714645527540, 2024-05-02T10:25:27.540Z, 1278.5273966, 492.7645798
1714645527572, 2024-05-02T10:25:27.572Z, 1281.4442163999997, 496.12158280000006
1714645527586, 2024-05-02T10:25:27.586Z, 1282.9902186, 498.97498620000005
1714645527629, 2024-05-02T10:25:27.629Z, 1284.9399062, 501.79125220000003
1714645527658, 2024-05-02T10:25:27.658Z, 1286.6472118000002, 504.0216598
1714645527679, 2024-05-02T10:25:27.679Z, 1287.5560574, 506.32664480000005
1714645527710, 2024-05-02T10:25:27.710Z, 1288.0368569999998, 508.57381960000004
1714645527725, 2024-05-02T10:25:27.725Z, 1288.4971318, 511.13486320000004
1714645527756, 2024-05-02T10:25:27.756Z, 1287.7476225999999, 512.3517508
1714645527793, 2024-05-02T10:25:27.793Z, 1285.8861795999999, 512.5918869999999
1714645527808, 2024-05-02T10:25:27.808Z, 1283.0806506000001, 511.7572504
1714645527838, 2024-05-02T10:25:27.838Z, 1280.7350392, 511.3182206
1714645527852, 2024-05-02T10:25:27.852Z, 1279.040463, 509.89009560000005
1714645527881, 2024-05-02T10:25:27.881Z, 1277.4960864, 507.74538299999995
1714645527896, 2024-05-02T10:25:27.896Z, 1276.5388474000001, 505.81160639999996
1714645527928, 2024-05-02T10:25:27.928Z, 1276.8044750000001, 503.3591692
1714645527944, 2024-05-02T10:25:27.944Z, 1277.0084431999999, 500.49913339999995
1714645527975, 2024-05-02T10:25:27.975Z, 1277.7280034, 500.200501
1714645527990, 2024-05-02T10:25:27.990Z, 1278.8382546, 500.705787
1714645528107, 2024-05-02T10:25:28.107Z, 1263.946523, 514.5800336
1714645528122, 2024-05-02T10:25:28.122Z, 1244.2484982, 532.4064652
1714645528152, 2024-05-02T10:25:28.152Z, 1222.5723718, 550.5678163999999
1714645528167, 2024-05-02T10:25:28.167Z, 1198.6581168, 565.8798502
1714645528197, 2024-05-02T10:25:28.197Z, 1177.2571532000002, 576.541406
1714645528224, 2024-05-02T10:25:28.224Z, 1173.3729316000001, 573.2393857999999
1714645528246, 2024-05-02T10:25:28.246Z, 1177.8219675999999, 574.3276328
1714645528261, 2024-05-02T10:25:28.261Z, 1181.9458438, 572.2943628
1714645528302, 2024-05-02T10:25:28.302Z, 1186.4698136, 573.0417156000001
1714645528318, 2024-05-02T10:25:28.318Z, 1183.7329089999998, 574.1747454
1714645528333, 2024-05-02T10:25:28.333Z, 1180.7163808, 577.2849548
1714645528349, 2024-05-02T10:25:28.349Z, 1171.398632, 572.3807384
1714645528378, 2024-05-02T10:25:28.378Z, 1163.3943132, 567.8708604000001
1714645528392, 2024-05-02T10:25:28.392Z, 1155.4331338, 561.8132182
1714645528422, 2024-05-02T10:25:28.422Z, 1150.3697529999997, 563.5445987999999
1714645528437, 2024-05-02T10:25:28.437Z, 1144.5497500000001, 564.5906692000001
1714645528467, 2024-05-02T10:25:28.467Z, 1140.8381946, 567.4168736
1714645528482, 2024-05-02T10:25:28.482Z, 1138.7815778, 571.9744158
1714645528528, 2024-05-02T10:25:28.528Z, 1138.6468842, 575.0611624000001
1714645528557, 2024-05-02T10:25:28.557Z, 1142.4681062, 570.7390793999999
1714645528571, 2024-05-02T10:25:28.571Z, 1146.3762812, 566.722279
1714645528601, 2024-05-02T10:25:28.601Z, 1157.2115308, 563.4079414
1714645528619, 2024-05-02T10:25:28.619Z, 1169.7551566, 560.0572822
1714645528647, 2024-05-02T10:25:28.647Z, 1183.4045217999999, 559.5964701999999
1714645528692, 2024-05-02T10:25:28.692Z, 1195.330976, 563.223843
1714645528707, 2024-05-02T10:25:28.707Z, 1206.600475, 564.8239031999999
1714645528738, 2024-05-02T10:25:28.738Z, 1210.178839, 563.0028536
1714645528756, 2024-05-02T10:25:28.756Z, 1211.49573, 561.3766659999999
1714645528786, 2024-05-02T10:25:28.786Z, 1210.555413, 558.0978352
1714645528801, 2024-05-02T10:25:28.801Z, 1210.2686085999999, 555.8128616
1714645528828, 2024-05-02T10:25:28.828Z, 1211.1943741999999, 555.317268
1714645528841, 2024-05-02T10:25:28.841Z, 1213.7837276, 557.4941220000001
1714645528872, 2024-05-02T10:25:28.872Z, 1217.3518608, 562.6231716
1714645528887, 2024-05-02T10:25:28.887Z, 1221.4572502, 567.2534287999999
1714645528916, 2024-05-02T10:25:28.916Z, 1226.6462246, 571.348574
1714645528932, 2024-05-02T10:25:28.932Z, 1232.464829, 574.0428302
1714645528978, 2024-05-02T10:25:28.978Z, 1239.6128378, 576.0516944000001
1714645529011, 2024-05-02T10:25:29.011Z, 1244.9271414, 576.8451116
1714645529026, 2024-05-02T10:25:29.026Z, 1249.7501656, 580.0324182
1714645529052, 2024-05-02T10:25:29.052Z, 1250.9987648000001, 581.5552676
1714645529067, 2024-05-02T10:25:29.067Z, 1250.9850708000001, 584.459167
1714645529097, 2024-05-02T10:25:29.097Z, 1249.0192336, 587.0382356
1714645529142, 2024-05-02T10:25:29.142Z, 1248.1271818, 587.9521585999998
1714645529158, 2024-05-02T10:25:29.158Z, 1247.0933929999999, 586.275412
1714645529189, 2024-05-02T10:25:29.189Z, 1247.165568, 583.4980922
1714645529207, 2024-05-02T10:25:29.207Z, 1245.952262, 580.0999417999999
1714645529236, 2024-05-02T10:25:29.236Z, 1243.3422186, 576.2219756
1714645529251, 2024-05-02T10:25:29.251Z, 1239.400316, 571.240374
1714645529278, 2024-05-02T10:25:29.278Z, 1233.1750814000002, 567.5414327999999
1714645529292, 2024-05-02T10:25:29.292Z, 1219.3783621999999, 567.2130962
1714645529322, 2024-05-02T10:25:29.322Z, 1205.4112606000003, 567.2484388
1714645529337, 2024-05-02T10:25:29.337Z, 1191.3712624, 568.2142124
1714645529371, 2024-05-02T10:25:29.372Z, 1168.3332198, 572.6809068
1714645529386, 2024-05-02T10:25:29.386Z, 1147.826665, 577.0145398000001
1714645529434, 2024-05-02T10:25:29.434Z, 1135.2365530000002, 580.9989584000001
1714645529462, 2024-05-02T10:25:29.462Z, 1123.0841130000001, 583.9290434
1714645529476, 2024-05-02T10:25:29.476Z, 1112.0009278000002, 585.9346794
1714645529507, 2024-05-02T10:25:29.507Z, 1111.4701344, 585.539325
1714645529521, 2024-05-02T10:25:29.521Z, 1111.5774749999998, 583.6919294000002
1714645529552, 2024-05-02T10:25:29.552Z, 1112.0225322, 579.8154256
1714645529598, 2024-05-02T10:25:29.598Z, 1112.1142341999998, 575.6130674
1714645529626, 2024-05-02T10:25:29.626Z, 1112.5030786, 572.4414726000001
1714645529642, 2024-05-02T10:25:29.642Z, 1108.5638454, 568.5345816000001
1714645529658, 2024-05-02T10:25:29.658Z, 1104.435811, 564.9341236
1714645529687, 2024-05-02T10:25:29.687Z, 1100.6562776, 562.4646338
1714645529702, 2024-05-02T10:25:29.702Z, 1098.5516229999998, 562.6954728
1714645529729, 2024-05-02T10:25:29.729Z, 1096.81984, 562.8306919999999
1714645529743, 2024-05-02T10:25:29.743Z, 1099.4884632, 563.6138573999999
1714645529773, 2024-05-02T10:25:29.773Z, 1101.6816692, 565.5825437999999
1714645529788, 2024-05-02T10:25:29.788Z, 1103.16974, 567.6317942000001
1714645529818, 2024-05-02T10:25:29.818Z, 1103.5672638, 568.3708452000001
1714645529833, 2024-05-02T10:25:29.833Z, 1103.8797126, 568.5522884
1714645529879, 2024-05-02T10:25:29.879Z, 1105.582576, 569.4190814
1714645529907, 2024-05-02T10:25:29.907Z, 1109.9386878, 570.4897232
1714645529926, 2024-05-02T10:25:29.926Z, 1114.8111284, 571.9236416
1714645529952, 2024-05-02T10:25:29.952Z, 1122.5057024, 574.3097434
1714645529967, 2024-05-02T10:25:29.967Z, 1130.0757644, 577.0539218
1714645529997, 2024-05-02T10:25:29.997Z, 1135.9894749999999, 578.7541630000001
1714645530136, 2024-05-02T10:25:30.136Z, 1154.9979248, 573.2632752000001
1714645530151, 2024-05-02T10:25:30.151Z, 1175.4139848, 572.8260348000001
1714645530181, 2024-05-02T10:25:30.181Z, 1192.8654299999998, 571.5781473999999
1714645530197, 2024-05-02T10:25:30.197Z, 1210.4122582, 570.0673854
1714645530228, 2024-05-02T10:25:30.228Z, 1228.5615341999999, 569.4510786000001
1714645530244, 2024-05-02T10:25:30.244Z, 1231.104679, 575.304685
1714645530274, 2024-05-02T10:25:30.274Z, 1231.9106881999999, 575.4795392
1714645530290, 2024-05-02T10:25:30.290Z, 1233.7577227999998, 574.4967038000001
1714645530331, 2024-05-02T10:25:30.331Z, 1236.2830754000001, 573.6807128
1714645530360, 2024-05-02T10:25:30.360Z, 1240.9211006, 573.8738768000001
1714645530376, 2024-05-02T10:25:30.376Z, 1249.5417968000002, 574.7672352
1714645530405, 2024-05-02T10:25:30.405Z, 1261.07784, 577.3486035999999
1714645530420, 2024-05-02T10:25:30.420Z, 1272.3735090000002, 580.8618908000001
1714645530451, 2024-05-02T10:25:30.451Z, 1282.6076906, 584.4905592
1714645530495, 2024-05-02T10:25:30.495Z, 1289.3904584, 588.0776008
1714645530510, 2024-05-02T10:25:30.510Z, 1291.8700860000001, 591.1982938
1714645530540, 2024-05-02T10:25:30.540Z, 1291.4968410000001, 593.5324362
1714645530556, 2024-05-02T10:25:30.556Z, 1290.8605862, 596.402211
1714645530587, 2024-05-02T10:25:30.587Z, 1290.605546, 599.657212
1714645530602, 2024-05-02T10:25:30.602Z, 1290.8602012, 601.6859241999999
1714645530631, 2024-05-02T10:25:30.631Z, 1290.5516632, 600.7243332
1714645530645, 2024-05-02T10:25:30.645Z, 1289.5315957999999, 598.5223038000001
1714645530673, 2024-05-02T10:25:30.673Z, 1288.6973851999999, 594.3625092
1714645530688, 2024-05-02T10:25:30.688Z, 1287.6171888, 589.918525
1714645530718, 2024-05-02T10:25:30.718Z, 1285.677108, 586.9219231999999
1714645530733, 2024-05-02T10:25:30.733Z, 1284.4599397999998, 586.3909194
1714645530779, 2024-05-02T10:25:30.779Z, 1287.4256732, 586.6563738000001
1714645530808, 2024-05-02T10:25:30.808Z, 1300.8426576000002, 587.1489522
1714645530824, 2024-05-02T10:25:30.824Z, 1313.3872178000001, 587.7236078000001
1714645530837, 2024-05-02T10:25:30.837Z, 1328.7217398, 586.7504628
1714645530853, 2024-05-02T10:25:30.853Z, 1345.4660066000001, 588.0724220000001
1714645530868, 2024-05-02T10:25:30.868Z, 1352.0773132, 588.5902358
1714645530900, 2024-05-02T10:25:30.900Z, 1340.7195734, 588.9805611999999
1714645530942, 2024-05-02T10:25:30.942Z, 1312.7776152000001, 585.5005512
1714645530956, 2024-05-02T10:25:30.956Z, 1282.8676054, 583.4079515999999
1714645530987, 2024-05-02T10:25:30.987Z, 1225.1651164, 571.9177392
1714645531001, 2024-05-02T10:25:31.001Z, 1174.5486070000002, 562.2620254000001
1714645531032, 2024-05-02T10:25:31.032Z, 1132.6289392, 554.9739454
1714645531054, 2024-05-02T10:25:31.054Z, 1111.8772668, 555.5458305999999
1714645531077, 2024-05-02T10:25:31.077Z, 1085.0969992, 551.222502
1714645531092, 2024-05-02T10:25:31.092Z, 1083.9882042, 553.8579796
1714645531126, 2024-05-02T10:25:31.126Z, 1087.2308506, 560.297926
1714645531136, 2024-05-02T10:25:31.136Z, 1097.6226302, 576.4629384
1714645531167, 2024-05-02T10:25:31.167Z, 1113.2453822, 606.865483
1714645531186, 2024-05-02T10:25:31.186Z, 1137.3461619999998, 644.353304
1714645531233, 2024-05-02T10:25:31.233Z, 1165.2828115999998, 684.5407090000001
1714645531242, 2024-05-02T10:25:31.242Z, 1186.7559075999998, 720.5106032
1714645531273, 2024-05-02T10:25:31.273Z, 1200.7838222, 743.2220016
1714645531289, 2024-05-02T10:25:31.289Z, 1203.7954968, 745.8037984
1714645531305, 2024-05-02T10:25:31.305Z, 1203.5399346, 744.3672224
1714645531321, 2024-05-02T10:25:31.321Z, 1199.1986114, 740.5064927999999
1714645531335, 2024-05-02T10:25:31.335Z, 1189.6121484, 734.4511762
1714645531352, 2024-05-02T10:25:31.352Z, 1184.2648828, 731.5915398
1714645531398, 2024-05-02T10:25:31.398Z, 1179.8279957999998, 730.400512
1714645531414, 2024-05-02T10:25:31.414Z, 1172.1392368000002, 727.4046784000001
1714645531444, 2024-05-02T10:25:31.444Z, 1164.4692844, 722.6359362000001
1714645531459, 2024-05-02T10:25:31.459Z, 1160.2733754, 719.8848486
1714645531490, 2024-05-02T10:25:31.490Z, 1151.5761372, 717.6688280000001
1714645531506, 2024-05-02T10:25:31.506Z, 1145.9758287999998, 716.8021555999999
1714645531529, 2024-05-02T10:25:31.529Z, 1144.4457362, 718.0817761999999
1714645531543, 2024-05-02T10:25:31.543Z, 1143.3893747999998, 721.4565618
1714645531573, 2024-05-02T10:25:31.573Z, 1145.4162246, 724.0883476
1714645531588, 2024-05-02T10:25:31.588Z, 1146.4946942000001, 726.012361
1714645531622, 2024-05-02T10:25:31.622Z, 1145.9597927999998, 726.0576178
1714645531648, 2024-05-02T10:25:31.648Z, 1145.7525582, 725.9566854000001
1714645531680, 2024-05-02T10:25:31.680Z, 1144.6776502, 723.4743980000001
1714645531715, 2024-05-02T10:25:31.715Z, 1142.2425515999998, 720.6397604
1714645531741, 2024-05-02T10:25:31.741Z, 1138.8093408, 717.3729482000001
1714645531757, 2024-05-02T10:25:31.757Z, 1135.0510993999999, 715.8431784
1714645531773, 2024-05-02T10:25:31.773Z, 1130.7332668, 715.2258770000001
1714645531804, 2024-05-02T10:25:31.804Z, 1126.8854874, 716.4103344
1714645531847, 2024-05-02T10:25:31.847Z, 1123.8139268, 718.155451
1714645531866, 2024-05-02T10:25:31.866Z, 1122.886504, 720.366749
1714645531897, 2024-05-02T10:25:31.897Z, 1124.2841558, 721.9985374
1714645531912, 2024-05-02T10:25:31.912Z, 1125.69386, 723.0687018000001
1714645531944, 2024-05-02T10:25:31.944Z, 1127.3870860000002, 724.7596051999999
1714645531959, 2024-05-02T10:25:31.959Z, 1129.4622936, 726.594058
1714645531984, 2024-05-02T10:25:31.984Z, 1124.0915902000002, 726.3459260000001
1714645531994, 2024-05-02T10:25:31.994Z, 1116.2581969999999, 726.4289358
1714645532023, 2024-05-02T10:25:32.023Z, 1108.3403156, 726.4207586
1714645532038, 2024-05-02T10:25:32.038Z, 1100.7922974, 724.2758470000001
1714645532069, 2024-05-02T10:25:32.069Z, 1093.8557692, 721.9601542
1714645532084, 2024-05-02T10:25:32.084Z, 1094.1466472, 721.8894739999998
1714645532130, 2024-05-02T10:25:32.130Z, 1095.6396126, 721.9810667999999
1714645532161, 2024-05-02T10:25:32.161Z, 1098.0002313999998, 721.1094385999999
1714645532176, 2024-05-02T10:25:32.176Z, 1100.243654, 721.9581184000001
1714645532207, 2024-05-02T10:25:32.207Z, 1101.2767864, 722.8346616000001
1714645532222, 2024-05-02T10:25:32.222Z, 1102.0319708000002, 722.9371552
1714645532253, 2024-05-02T10:25:32.253Z, 1101.5048588, 722.1628484
1714645532293, 2024-05-02T10:25:32.293Z, 1100.084598, 722.5679318
1714645532312, 2024-05-02T10:25:32.312Z, 1097.6754059999998, 723.1946772
1714645532339, 2024-05-02T10:25:32.339Z, 1097.0162762, 723.7799898
1714645532353, 2024-05-02T10:25:32.353Z, 1096.3913736, 724.3004184000001
1714645532384, 2024-05-02T10:25:32.384Z, 1096.3630781999998, 724.3948200000001
1714645532398, 2024-05-02T10:25:32.398Z, 1096.6006412000002, 724.5252190000001
1714645532429, 2024-05-02T10:25:32.429Z, 1100.5363112, 725.7822042
1714645532443, 2024-05-02T10:25:32.443Z, 1101.9204054, 726.5426336
1714645532473, 2024-05-02T10:25:32.473Z, 1104.558442, 728.1514822
1714645532488, 2024-05-02T10:25:32.488Z, 1114.8186369999999, 730.1324202000001
1714645532518, 2024-05-02T10:25:32.518Z, 1135.7389428, 733.5941252
1714645532532, 2024-05-02T10:25:32.532Z, 1156.1302065999998, 735.8089065999999
1714645532580, 2024-05-02T10:25:32.580Z, 1181.1670098, 737.5313398000001
1714645532611, 2024-05-02T10:25:32.611Z, 1206.087852, 737.7388203999999
1714645532626, 2024-05-02T10:25:32.626Z, 1226.6695012, 738.7485408
1714645532657, 2024-05-02T10:25:32.657Z, 1235.9400694, 736.1447442000001
1714645532672, 2024-05-02T10:25:32.672Z, 1242.380139, 734.2774277999999
1714645532687, 2024-05-02T10:25:32.687Z, 1244.907186, 734.0710177999999
1714645532703, 2024-05-02T10:25:32.703Z, 1247.0929902, 734.8635265999999
1714645532743, 2024-05-02T10:25:32.743Z, 1244.8130334000002, 734.7088438
1714645532758, 2024-05-02T10:25:32.758Z, 1242.0828288, 736.1630557999999
1714645532796, 2024-05-02T10:25:32.796Z, 1239.417327, 736.479744
1714645532811, 2024-05-02T10:25:32.811Z, 1238.0122102, 736.7979588000001
1714645532842, 2024-05-02T10:25:32.842Z, 1221.5908404, 730.408719
1714645532857, 2024-05-02T10:25:32.857Z, 1209.1480381999997, 725.1535294
1714645532878, 2024-05-02T10:25:32.878Z, 1199.6643818, 718.8543738000001
1714645532891, 2024-05-02T10:25:32.891Z, 1196.0374384, 715.9950862
1714645532922, 2024-05-02T10:25:32.922Z, 1190.6631656, 710.558851
1714645532937, 2024-05-02T10:25:32.937Z, 1197.4999374000001, 710.3850087999999
1714645532972, 2024-05-02T10:25:32.972Z, 1207.9312812, 714.0892942
1714645532982, 2024-05-02T10:25:32.982Z, 1215.556788, 720.567983
1714645533028, 2024-05-02T10:25:33.028Z, 1219.105455, 723.9981637999999
1714645533060, 2024-05-02T10:25:33.060Z, 1225.0929276, 731.2215276
1714645533075, 2024-05-02T10:25:33.075Z, 1242.7935473999999, 744.4782152
1714645533106, 2024-05-02T10:25:33.106Z, 1263.3100571999998, 759.973019
1714645533122, 2024-05-02T10:25:33.122Z, 1295.2950747999998, 781.4547026
1714645533153, 2024-05-02T10:25:33.153Z, 1325.1687281999998, 802.4825648
1714645533192, 2024-05-02T10:25:33.192Z, 1345.0845944, 815.6951298
1714645533207, 2024-05-02T10:25:33.207Z, 1358.088618, 827.3866458
1714645533237, 2024-05-02T10:25:33.238Z, 1355.2835968, 832.3081004
1714645533252, 2024-05-02T10:25:33.252Z, 1347.8867364, 839.8971062
1714645533282, 2024-05-02T10:25:33.282Z, 1339.5534235999999, 842.6715816
1714645533301, 2024-05-02T10:25:33.301Z, 1342.6366409999998, 856.1473724
1714645533332, 2024-05-02T10:25:33.332Z, 1340.3154061999999, 861.374812
1714645533344, 2024-05-02T10:25:33.344Z, 1345.4869224, 867.6054636000001
1714645533375, 2024-05-02T10:25:33.375Z, 1346.7283172, 863.6623812
1714645533390, 2024-05-02T10:25:33.390Z, 1349.4514906, 863.0194736
1714645533420, 2024-05-02T10:25:33.420Z, 1346.117887, 854.0568608
1714645533449, 2024-05-02T10:25:33.449Z, 1347.1332238, 852.0440902
1714645533481, 2024-05-02T10:25:33.481Z, 1342.7231206000001, 844.6260042