1714646001331, 2024-05-02T10:33:21.331Z, 87.96385, 717.104963
1714646001376, 2024-05-02T10:33:21.376Z, 94.394157, 729.3159645000001
1714646001403, 2024-05-02T10:33:21.403Z, 96.53759266666668, 733.3862983333333
1714646001473, 2024-05-02T10:33:21.473Z, 97.60931050000002, 735.42146525
1714646001523, 2024-05-02T10:33:21.523Z, 137.9313342, 754.9923392
1714646001569, 2024-05-02T10:33:21.569Z, 165.7566676, 772.4306516
1714646001585, 2024-05-02T10:33:21.585Z, 191.9964002, 785.3809193999999
1714646001634, 2024-05-02T10:33:21.634Z, 403.3369864, 807.2296408
1714646001680, 2024-05-02T10:33:21.680Z, 504.2905014, 846.1385753999999
1714646001725, 2024-05-02T10:33:21.725Z, 571.2261586000001, 868.0226464
1714646001781, 2024-05-02T10:33:21.781Z, 627.5509716, 888.8693692
1714646001859, 2024-05-02T10:33:21.859Z, 676.266515, 904.6041184
1714646001921, 2024-05-02T10:33:21.921Z, 544.5193155999999, 912.8312331999999
1714646001947, 2024-05-02T10:33:21.947Z, 526.4019958, 904.446507
1714646001992, 2024-05-02T10:33:21.992Z, 504.97311979999995, 895.280982
1714646002007, 2024-05-02T10:33:22.007Z, 508.7773572, 892.9220072
1714646002036, 2024-05-02T10:33:22.036Z, 519.4801934, 895.423221
1714646002081, 2024-05-02T10:33:22.081Z, 527.0451638000001, 896.286549
1714646002095, 2024-05-02T10:33:22.095Z, 531.832845, 896.4292018
1714646002131, 2024-05-02T10:33:22.131Z, 542.7868771999999, 899.9337310000001
1714646002140, 2024-05-02T10:33:22.140Z, 558.8191762, 906.1563968
1714646002231, 2024-05-02T10:33:22.231Z, 588.6353704, 915.7016706
1714646002261, 2024-05-02T10:33:22.261Z, 615.1340253999999, 924.7267864000002
1714646002313, 2024-05-02T10:33:22.313Z, 639.9142188, 935.2562398000002
1714646002322, 2024-05-02T10:33:22.322Z, 656.1692256, 941.8888076
1714646003041, 2024-05-02T10:33:23.041Z, 733.3525834, 873.7928914
1714646003085, 2024-05-02T10:33:23.085Z, 853.0594269999999, 804.4023396
1714646003224, 2024-05-02T10:33:23.224Z, 966.710565, 747.7044272
1714646003491, 2024-05-02T10:33:23.491Z, 919.0658104, 691.6854841999999
1714646003519, 2024-05-02T10:33:23.519Z, 869.7699166, 637.4740631999999
1714646009330, 2024-05-02T10:33:29.330Z, 822.8684436, 692.9827118000001
1714646009518, 2024-05-02T10:33:29.518Z, 606.064145, 718.6776632
1714646009799, 2024-05-02T10:33:29.799Z, 576.016971, 756.7519072
1714646009830, 2024-05-02T10:33:29.830Z, 722.4352272, 793.3178169999999
1714646009924, 2024-05-02T10:33:29.924Z, 859.9004812, 823.9744387999999
1714646009939, 2024-05-02T10:33:29.939Z, 906.1721633999999, 814.524916
1714646010018, 2024-05-02T10:33:30.018Z, 1063.6538596, 828.3754812000001
1714646010050, 2024-05-02T10:33:30.050Z, 1057.7784666, 821.0482785999999
1714646010072, 2024-05-02T10:33:30.072Z, 1041.0574484, 815.5414734
1714646010287, 2024-05-02T10:33:30.287Z, 1043.1743968, 798.9225112
1714646010959, 2024-05-02T10:33:30.959Z, 1012.3539809999999, 797.5271878
1714646011004, 2024-05-02T10:33:31.004Z, 949.8557096000001, 797.187405
1714646011096, 2024-05-02T10:33:31.096Z, 889.8312840000001, 783.8877662
1714646011217, 2024-05-02T10:33:31.217Z, 917.0738148, 775.0045422000001
1714646011261, 2024-05-02T10:33:31.261Z, 952.4840064, 770.786241
1714646011277, 2024-05-02T10:33:31.277Z, 1028.1492376, 757.9171102
1714646011365, 2024-05-02T10:33:31.365Z, 1113.9832537999998, 757.3315444000001
1714646011544, 2024-05-02T10:33:31.544Z, 1221.1172459999998, 779.5751894
1714646012315, 2024-05-02T10:33:32.315Z, 1218.9008932000002, 799.8688236
1714646012394, 2024-05-02T10:33:32.394Z, 1250.9300272, 819.9903484
1714646012433, 2024-05-02T10:33:32.433Z, 1288.8144716000002, 842.8044026
1714646012456, 2024-05-02T10:33:32.456Z, 1351.926801, 858.7927066
1714646012487, 2024-05-02T10:33:32.487Z, 1381.6163058, 862.5731928000001
1714646012502, 2024-05-02T10:33:32.502Z, 1430.2636704000001, 861.5914632
1714646013423, 2024-05-02T10:33:33.423Z, 1391.8863206, 852.6743994000001
1714646013467, 2024-05-02T10:33:33.467Z, 1353.864474, 818.0402102
1714646013517, 2024-05-02T10:33:33.517Z, 1320.2120975999999, 791.3145698000001
1714646013645, 2024-05-02T10:33:33.645Z, 1193.338489, 778.5411274
1714646013782, 2024-05-02T10:33:33.782Z, 1157.6870015999998, 736.2965186
1714646013828, 2024-05-02T10:33:33.828Z, 1148.7190764000002, 728.9785848
1714646013874, 2024-05-02T10:33:33.874Z, 1138.8133326, 744.1925186000001
1714646013917, 2024-05-02T10:33:33.917Z, 1118.6591464, 729.0930874000001
1714646013928, 2024-05-02T10:33:33.928Z, 1188.7104012, 695.0445358
1714646013958, 2024-05-02T10:33:33.958Z, 1169.81368, 690.7284992000001
1714646013973, 2024-05-02T10:33:33.973Z, 1168.4667066, 673.5648586
1714646014007, 2024-05-02T10:33:34.007Z, 1175.0246536, 651.7806902
1714646014021, 2024-05-02T10:33:34.021Z, 1183.6458441999998, 649.7094958
1714646014064, 2024-05-02T10:33:34.064Z, 1182.817313, 649.7135162
1714646014093, 2024-05-02T10:33:34.093Z, 1187.2700534, 659.4118442
1714646014109, 2024-05-02T10:33:34.109Z, 1186.2723498, 664.7862090000001
1714646014124, 2024-05-02T10:33:34.124Z, 1190.1951712000002, 670.9123878
1714646014140, 2024-05-02T10:33:34.140Z, 1192.8092241999998, 674.8035906
1714646014156, 2024-05-02T10:33:34.156Z, 1199.4942904, 678.7336484
1714646014187, 2024-05-02T10:33:34.187Z, 1187.680047, 672.6308508000001
1714646014229, 2024-05-02T10:33:34.229Z, 1191.9330038, 672.5808316
1714646014247, 2024-05-02T10:33:34.247Z, 1195.3915413999998, 672.4292509999999
1714646014280, 2024-05-02T10:33:34.280Z, 1207.0441272, 677.2159694
1714646014295, 2024-05-02T10:33:34.295Z, 1225.4370666, 684.9839464
1714646014325, 2024-05-02T10:33:34.325Z, 1266.8056973999999, 691.4866666
1714646014341, 2024-05-02T10:33:34.341Z, 1286.2967133999998, 688.0397506
1714646014365, 2024-05-02T10:33:34.365Z, 1303.518175, 685.0929174
1714646014378, 2024-05-02T10:33:34.378Z, 1308.704759, 676.8844658
1714646014408, 2024-05-02T10:33:34.408Z, 1311.8570386, 670.7185604
1714646014424, 2024-05-02T10:33:34.424Z, 1308.1365781999998, 669.5817596
1714646014453, 2024-05-02T10:33:34.453Z, 1308.2870752, 673.6572168
1714646014468, 2024-05-02T10:33:34.468Z, 1308.7095094, 677.9140076000001
1714646014514, 2024-05-02T10:33:34.514Z, 1312.8864992, 684.0894796
1714646014528, 2024-05-02T10:33:34.528Z, 1304.1475532, 682.1068078000001
1714646014544, 2024-05-02T10:33:34.544Z, 1292.2395816, 680.4099666
1714646014560, 2024-05-02T10:33:34.560Z, 1271.663574, 679.8020378
1714646014591, 2024-05-02T10:33:34.591Z, 1246.1655992, 678.0453030000001
1714646014607, 2024-05-02T10:33:34.607Z, 1212.8785134000002, 673.5607266000001
1714646014638, 2024-05-02T10:33:34.638Z, 1177.5569416, 681.8922662
1714646014662, 2024-05-02T10:33:34.662Z, 1148.9654414, 683.5373522
1714646014678, 2024-05-02T10:33:34.678Z, 1128.2066419999999, 681.8171543999999
1714646014693, 2024-05-02T10:33:34.693Z, 1111.3079836, 682.553155
1714646014723, 2024-05-02T10:33:34.723Z, 1110.049714, 685.0754321999999
1714646014738, 2024-05-02T10:33:34.738Z, 1111.8223094, 678.7655702
1714646014751, 2024-05-02T10:33:34.751Z, 1103.8134564, 674.4943597999999
1714646014768, 2024-05-02T10:33:34.768Z, 1095.697777, 670.5442326
1714646014783, 2024-05-02T10:33:34.783Z, 1087.8743348, 663.1601135999999
1714646014815, 2024-05-02T10:33:34.815Z, 1074.4248874, 655.3140698
1714646014833, 2024-05-02T10:33:34.833Z, 1071.5293322, 648.2164022
1714646014859, 2024-05-02T10:33:34.859Z, 1071.568521, 640.8304926000001
1714646014873, 2024-05-02T10:33:34.873Z, 1072.0778500000001, 634.2460594
1714646014888, 2024-05-02T10:33:34.888Z, 1073.0242352, 629.8835282
1714646014904, 2024-05-02T10:33:34.904Z, 1072.4557632, 628.2910442
1714646014920, 2024-05-02T10:33:34.920Z, 1071.473399, 627.0779912
1714646014935, 2024-05-02T10:33:34.935Z, 1069.3421038, 630.1504112
1714646014964, 2024-05-02T10:33:34.964Z, 1067.0001236, 635.0413036
1714646014976, 2024-05-02T10:33:34.976Z, 1065.4542852, 639.0327152000001
1714646014993, 2024-05-02T10:33:34.993Z, 1069.1113422, 643.1614112
1714646015009, 2024-05-02T10:33:35.009Z, 1072.771412, 647.4324594000001
1714646015021, 2024-05-02T10:33:35.021Z, 1078.0067013999999, 649.9381020000001
1714646015038, 2024-05-02T10:33:35.038Z, 1083.824076, 651.3209718
1714646015053, 2024-05-02T10:33:35.053Z, 1091.0539098000002, 653.4217431999999
1714646015066, 2024-05-02T10:33:35.066Z, 1094.4507577999998, 655.178952
1714646015085, 2024-05-02T10:33:35.085Z, 1096.8284542, 658.2221017999999
1714646015113, 2024-05-02T10:33:35.113Z, 1080.2054946, 653.9343948
1714646015129, 2024-05-02T10:33:35.129Z, 1063.9370422, 650.2848608
1714646015144, 2024-05-02T10:33:35.144Z, 1057.1243766, 661.7931134
1714646015160, 2024-05-02T10:33:35.160Z, 1051.141352, 677.0099382000001
1714646015183, 2024-05-02T10:33:35.183Z, 1050.1012898000001, 700.7017874
1714646015198, 2024-05-02T10:33:35.198Z, 1068.6153832, 731.8608068
1714646015214, 2024-05-02T10:33:35.214Z, 1081.054037, 760.9514936
1714646015230, 2024-05-02T10:33:35.230Z, 1085.4702638, 775.2585670000001
1714646015246, 2024-05-02T10:33:35.246Z, 1092.7148646, 786.3063174000001
1714646015269, 2024-05-02T10:33:35.269Z, 1119.8042608, 790.3515304
1714646015281, 2024-05-02T10:33:35.281Z, 1140.3186362000001, 792.3164304
1714646015293, 2024-05-02T10:33:35.293Z, 1148.5885468000001, 791.4696732
1714646015325, 2024-05-02T10:33:35.325Z, 1157.0806772, 790.4808797999999
1714646015341, 2024-05-02T10:33:35.341Z, 1175.867427, 790.6197589999999
1714646015357, 2024-05-02T10:33:35.357Z, 1164.7175264000002, 787.3023186
1714646015372, 2024-05-02T10:33:35.372Z, 1160.2519474, 784.7196068
1714646015387, 2024-05-02T10:33:35.387Z, 1171.5018364000002, 785.7453586
1714646015415, 2024-05-02T10:33:35.415Z, 1178.6122598, 786.2993804
1714646015427, 2024-05-02T10:33:35.427Z, 1165.6030036000002, 782.3754508
1714646015444, 2024-05-02T10:33:35.444Z, 1170.8530450000003, 781.6768774
1714646015459, 2024-05-02T10:33:35.459Z, 1174.8221153999998, 780.8082287999999
1714646015472, 2024-05-02T10:33:35.472Z, 1166.02798, 775.2370771999999
1714646015489, 2024-05-02T10:33:35.489Z, 1164.2703112, 772.1061676
1714646015507, 2024-05-02T10:33:35.507Z, 1171.1684526000001, 771.8371424
1714646015516, 2024-05-02T10:33:35.516Z, 1157.1250628, 777.8958461999999
1714646015642, 2024-05-02T10:33:35.642Z, 1148.4247437999998, 788.8535973999999
1714646015654, 2024-05-02T10:33:35.654Z, 1148.9808502, 798.2277292
1714646015684, 2024-05-02T10:33:35.684Z, 1146.7468548000002, 801.222449
1714646015730, 2024-05-02T10:33:35.730Z, 1126.1843210000002, 810.130234
1714646015823, 2024-05-02T10:33:35.823Z, 1154.9607002, 797.8915741999999
1714646015864, 2024-05-02T10:33:35.864Z, 1174.1615966, 785.0884685999999
1714646015893, 2024-05-02T10:33:35.893Z, 1199.5824698000001, 778.931511
1714646015908, 2024-05-02T10:33:35.908Z, 1220.7088926000001, 776.373677
1714646015921, 2024-05-02T10:33:35.921Z, 1259.6046038, 767.706171
1714646015938, 2024-05-02T10:33:35.938Z, 1257.3144972000002, 770.014594
1714646015953, 2024-05-02T10:33:35.953Z, 1257.7308070000001, 767.7930104000001
1714646015983, 2024-05-02T10:33:35.983Z, 1210.4107378, 756.220095
1714646016028, 2024-05-02T10:33:36.028Z, 1132.8605256, 739.566161
1714646016042, 2024-05-02T10:33:36.042Z, 1077.6711586, 726.5881994
1714646016081, 2024-05-02T10:33:36.081Z, 976.8941335999998, 705.3267562
1714646016104, 2024-05-02T10:33:36.104Z, 911.8575171999998, 687.4108547999999
1714646016120, 2024-05-02T10:33:36.120Z, 921.9157055999998, 683.8786296
1714646016135, 2024-05-02T10:33:36.135Z, 955.7475498, 683.2268922
1714646016178, 2024-05-02T10:33:36.178Z, 987.640803, 684.466096
1714646016208, 2024-05-02T10:33:36.208Z, 1033.8307512, 683.9937896
1714646016229, 2024-05-02T10:33:36.229Z, 1045.1947268, 681.0864813999999
1714646016260, 2024-05-02T10:33:36.260Z, 1022.7466586, 670.5637756
1714646016276, 2024-05-02T10:33:36.276Z, 1026.8355662, 664.3254686
1714646016292, 2024-05-02T10:33:36.292Z, 1039.761826, 658.5229022
1714646016314, 2024-05-02T10:33:36.314Z, 1075.5043624000002, 661.9456038000001
1714646016343, 2024-05-02T10:33:36.343Z, 1080.3556248, 657.9467018
1714646016359, 2024-05-02T10:33:36.359Z, 1094.4518328, 658.4257966
1714646016393, 2024-05-02T10:33:36.393Z, 1067.782878, 655.1128636000001
1714646016408, 2024-05-02T10:33:36.408Z, 1025.7909642, 648.7234262
1714646016436, 2024-05-02T10:33:36.436Z, 989.7921640000001, 642.385901
1714646016465, 2024-05-02T10:33:36.465Z, 1037.788474, 652.1488274000001
1714646016482, 2024-05-02T10:33:36.482Z, 1072.8406268, 658.5104134000001
1714646016497, 2024-05-02T10:33:36.497Z, 1131.3042745999999, 667.2725766
1714646016526, 2024-05-02T10:33:36.526Z, 1156.8081484, 667.9231589999999
1714646016541, 2024-05-02T10:33:36.541Z, 1201.1663312, 677.3220926
1714646016572, 2024-05-02T10:33:36.572Z, 1142.7003006, 671.169773
1714646016588, 2024-05-02T10:33:36.588Z, 1092.249949, 666.3171776
1714646016618, 2024-05-02T10:33:36.618Z, 1033.778038, 660.1564834
1714646016631, 2024-05-02T10:33:36.631Z, 1025.2945334, 663.4842836
1714646016661, 2024-05-02T10:33:36.661Z, 999.3455717999999, 657.893326
1714646016676, 2024-05-02T10:33:36.676Z, 1033.498007, 659.9896736
1714646016703, 2024-05-02T10:33:36.703Z, 1053.700641, 657.5445538
1714646016718, 2024-05-02T10:33:36.718Z, 1092.3199485999999, 660.5262558000001
1714646016764, 2024-05-02T10:33:36.764Z, 1086.9330655999997, 654.3341478
1714646016798, 2024-05-02T10:33:36.798Z, 1076.1750714, 650.0693766
1714646016808, 2024-05-02T10:33:36.808Z, 1055.4869326, 645.1162926000001
1714646016838, 2024-05-02T10:33:36.838Z, 1048.3499312, 647.17975
1714646016854, 2024-05-02T10:33:36.854Z, 1034.0222444, 652.4022756
1714646016885, 2024-05-02T10:33:36.885Z, 1023.6771078000002, 669.4036738000001
1714646016928, 2024-05-02T10:33:36.928Z, 1063.7145784, 705.0423286
1714646016948, 2024-05-02T10:33:36.948Z, 1103.6653974, 740.4660901999999
1714646016978, 2024-05-02T10:33:36.978Z, 1167.3702696, 782.4859733999999
1714646016994, 2024-05-02T10:33:36.994Z, 1243.2836708, 823.6924418000001
1714646017026, 2024-05-02T10:33:37.026Z, 1326.1942359999998, 857.2977394
1714646017041, 2024-05-02T10:33:37.041Z, 1374.0689352000002, 876.5251142000001
1714646017065, 2024-05-02T10:33:37.065Z, 1422.945062, 896.578664
1714646017078, 2024-05-02T10:33:37.078Z, 1449.1320962, 907.9316689999999
1714646017109, 2024-05-02T10:33:37.109Z, 1452.6864288, 912.9310048
1714646017128, 2024-05-02T10:33:37.128Z, 1458.1607862, 919.5073096
1714646017158, 2024-05-02T10:33:37.158Z, 1454.8201907999999, 921.4205206
1714646017172, 2024-05-02T10:33:37.172Z, 1449.2083473999999, 921.0166738
1714646017218, 2024-05-02T10:33:37.218Z, 1444.1752964000002, 919.9767004000001
1714646017246, 2024-05-02T10:33:37.246Z, 1444.1178684, 918.38027
1714646017261, 2024-05-02T10:33:37.261Z, 1443.6495922, 917.3778758000001
1714646017291, 2024-05-02T10:33:37.291Z, 1443.6653540000002, 918.1418264
1714646017306, 2024-05-02T10:33:37.306Z, 1443.857922, 919.7290200000001
1714646017336, 2024-05-02T10:33:37.336Z, 1418.472572, 917.9418626