1714645538651, 2024-05-02T10:25:38.651Z, 191.250001, 615.950304
1714645538781, 2024-05-02T10:25:38.781Z, 267.4254005, 658.477326
1714645538789, 2024-05-02T10:25:38.789Z, 309.99693933333333, 688.1848613333333
1714645538822, 2024-05-02T10:25:38.822Z, 346.1682565, 705.586023
1714645538909, 2024-05-02T10:25:38.909Z, 354.74477079999997, 720.0959310000001
1714645538925, 2024-05-02T10:25:38.925Z, 380.87384480000003, 755.3895548
1714645539002, 2024-05-02T10:25:39.002Z, 377.2849016, 775.8306688
1714645539149, 2024-05-02T10:25:39.149Z, 416.39559500000007, 703.226882
1714645539194, 2024-05-02T10:25:39.194Z, 378.1805198, 715.9303296
1714645539270, 2024-05-02T10:25:39.270Z, 388.376895, 730.8461708000001
1714645539329, 2024-05-02T10:25:39.329Z, 405.3688694, 733.2168753999999
1714645539360, 2024-05-02T10:25:39.360Z, 419.43215380000004, 733.2023048
1714645539407, 2024-05-02T10:25:39.407Z, 379.1976202, 817.4717261999999
1714645539422, 2024-05-02T10:25:39.422Z, 403.7980444, 814.4557494
1714645539538, 2024-05-02T10:25:39.538Z, 416.4507852, 797.3705813999999
1714645539560, 2024-05-02T10:25:39.560Z, 470.48567599999996, 819.1294538
1714645539583, 2024-05-02T10:25:39.583Z, 515.6412786000001, 823.9436185999999
1714645539598, 2024-05-02T10:25:39.598Z, 538.6896854, 808.3759004000001
1714645539628, 2024-05-02T10:25:39.628Z, 562.6588764, 795.5489038000001
1714645539646, 2024-05-02T10:25:39.646Z, 562.9407472, 795.1727564
1714645539674, 2024-05-02T10:25:39.674Z, 525.6187464, 768.1671389999999
1714645539720, 2024-05-02T10:25:39.720Z, 514.7046854, 748.4256131999998
1714645539777, 2024-05-02T10:25:39.777Z, 502.4351518, 749.0839118
1714645539806, 2024-05-02T10:25:39.806Z, 503.2169108, 747.6987364
1714645539851, 2024-05-02T10:25:39.851Z, 551.818128, 743.729283
1714645539866, 2024-05-02T10:25:39.866Z, 596.6931942, 737.6290428
1714645539896, 2024-05-02T10:25:39.896Z, 611.7026802, 741.8668829999999
1714645539941, 2024-05-02T10:25:39.941Z, 635.723878, 745.8695776000001
1714645539956, 2024-05-02T10:25:39.956Z, 655.7848637999999, 748.4573727999999
1714645539986, 2024-05-02T10:25:39.986Z, 629.7472306, 751.5254634
1714645540035, 2024-05-02T10:25:40.035Z, 607.7929839999999, 754.7180568000001
1714645540046, 2024-05-02T10:25:40.046Z, 591.4344123999999, 761.8974188
1714645540080, 2024-05-02T10:25:40.080Z, 599.9591124000001, 761.5678
1714645540227, 2024-05-02T10:25:40.227Z, 537.1598028000001, 744.9821108000001
1714645540407, 2024-05-02T10:25:40.407Z, 415.2935245999999, 754.6126284
1714645540542, 2024-05-02T10:25:40.542Z, 294.83101640000007, 754.9669747999999
1714645540602, 2024-05-02T10:25:40.602Z, 184.617321, 753.8298464
1714645540633, 2024-05-02T10:25:40.633Z, 65.324167, 755.8492008000001
1714645541204, 2024-05-02T10:25:41.204Z, 84.3908008, 728.8125077999999
1714645541519, 2024-05-02T10:25:41.519Z, 204.0984106, 690.2425262
1714645542480, 2024-05-02T10:25:42.480Z, 268.1988104, 719.237702
1714645542779, 2024-05-02T10:25:42.779Z, 337.5784608, 683.7536958000001
1714645543229, 2024-05-02T10:25:43.229Z, 523.7757337999999, 642.5130908
1714645543319, 2024-05-02T10:25:43.319Z, 630.699347, 642.204781
1714645544008, 2024-05-02T10:25:44.008Z, 747.8320742, 570.7012132
1714645544080, 2024-05-02T10:25:44.080Z, 772.7023824, 515.7379072
1714645544126, 2024-05-02T10:25:44.126Z, 791.7013767999999, 522.5162312
1714645544276, 2024-05-02T10:25:44.276Z, 694.083542, 553.9800167999999
1714645544305, 2024-05-02T10:25:44.305Z, 605.4504854, 590.0939122
1714645544350, 2024-05-02T10:25:44.350Z, 462.00101700000005, 677.1816019999999
1714645544593, 2024-05-02T10:25:44.593Z, 456.0947279999999, 657.2090759999999
1714645544623, 2024-05-02T10:25:44.623Z, 464.37530100000004, 657.9618774
1714645544639, 2024-05-02T10:25:44.639Z, 476.65480959999996, 653.5824537999999
1714645544669, 2024-05-02T10:25:44.669Z, 479.96035679999994, 644.7980658
1714645544755, 2024-05-02T10:25:44.755Z, 476.90503179999996, 645.075337
1714645544802, 2024-05-02T10:25:44.802Z, 494.4209614, 667.1870092
1714645544817, 2024-05-02T10:25:44.817Z, 498.7483856, 667.3469806
1714645544936, 2024-05-02T10:25:44.936Z, 499.2413622, 659.7040106000001
1714645544981, 2024-05-02T10:25:44.981Z, 501.02936220000004, 653.7424616000001
1714645545026, 2024-05-02T10:25:45.026Z, 509.41834560000007, 644.9898848
1714645545041, 2024-05-02T10:25:45.041Z, 508.89633840000005, 646.5367766
1714645545070, 2024-05-02T10:25:45.070Z, 516.4711346, 647.264427
1714645545085, 2024-05-02T10:25:45.085Z, 528.4054262, 645.952563
1714645545115, 2024-05-02T10:25:45.115Z, 541.2314548, 647.6889242
1714645545180, 2024-05-02T10:25:45.180Z, 548.4666106000001, 640.2160154000001
1714645545209, 2024-05-02T10:25:45.209Z, 547.346775, 629.5063566000001
1714645545222, 2024-05-02T10:25:45.222Z, 537.2379212, 621.187088
1714645545297, 2024-05-02T10:25:45.297Z, 549.5803088, 623.0251338
1714645545348, 2024-05-02T10:25:45.348Z, 563.3187412, 627.7319556
1714645545358, 2024-05-02T10:25:45.358Z, 584.0702156, 638.3566813999998
1714645545386, 2024-05-02T10:25:45.386Z, 601.7953644, 650.9626214
1714645545402, 2024-05-02T10:25:45.402Z, 611.8950212, 658.9190964000001
1714645545432, 2024-05-02T10:25:45.432Z, 593.6360624000001, 656.348027
1714645545448, 2024-05-02T10:25:45.448Z, 568.9719498000001, 651.340791
1714645545477, 2024-05-02T10:25:45.477Z, 550.3794439999999, 648.6519787999999
1714645545492, 2024-05-02T10:25:45.492Z, 546.0706071999999, 646.0578908
1714645545521, 2024-05-02T10:25:45.521Z, 551.2643287999999, 647.3613222
1714645545537, 2024-05-02T10:25:45.537Z, 558.1976855999999, 648.409469
1714645545567, 2024-05-02T10:25:45.567Z, 571.9391892, 649.0536887999999
1714645545582, 2024-05-02T10:25:45.582Z, 577.3799962, 647.8593408
1714645545628, 2024-05-02T10:25:45.628Z, 578.4104396, 646.7854334
1714645545657, 2024-05-02T10:25:45.657Z, 576.8154754, 644.5126106
1714645545672, 2024-05-02T10:25:45.672Z, 574.3003364, 641.9404406
1714645545701, 2024-05-02T10:25:45.701Z, 569.8785266, 638.2568761999999
1714645545716, 2024-05-02T10:25:45.716Z, 568.558951, 633.6458242000001
1714645545747, 2024-05-02T10:25:45.747Z, 572.299499, 631.3505085999999
1714645545796, 2024-05-02T10:25:45.796Z, 579.2978052000001, 630.9045223999999
1714645545810, 2024-05-02T10:25:45.810Z, 588.8280361999999, 631.5998003999999
1714645545819, 2024-05-02T10:25:45.819Z, 606.8619606, 634.3508914
1714645545837, 2024-05-02T10:25:45.837Z, 625.3626722, 637.7135988
1714645545852, 2024-05-02T10:25:45.852Z, 641.2298165999999, 639.5620544000001
1714645545882, 2024-05-02T10:25:45.882Z, 652.629443, 643.2415472
1714645545897, 2024-05-02T10:25:45.897Z, 659.4528868, 649.2051268
1714645545928, 2024-05-02T10:25:45.928Z, 673.1264515999999, 651.4554922
1714645545944, 2024-05-02T10:25:45.944Z, 684.6347696, 653.7464374000001
1714645545974, 2024-05-02T10:25:45.974Z, 690.1010045999999, 655.6050294
1714645545990, 2024-05-02T10:25:45.990Z, 705.6951409999999, 652.242535
1714645546021, 2024-05-02T10:25:46.021Z, 724.8073502, 646.2513622
1714645546036, 2024-05-02T10:25:46.036Z, 725.79379, 643.7916562
1714645546051, 2024-05-02T10:25:46.051Z, 724.2512641999999, 641.8547862
1714645546077, 2024-05-02T10:25:46.077Z, 725.9663186, 640.5579888
1714645546106, 2024-05-02T10:25:46.106Z, 730.2366807999999, 642.2680292
1714645546151, 2024-05-02T10:25:46.151Z, 723.8099326, 647.7006166
1714645546167, 2024-05-02T10:25:46.167Z, 726.0826224, 651.4266994000001
1714645546197, 2024-05-02T10:25:46.197Z, 729.4289448000001, 656.2409814
1714645546241, 2024-05-02T10:25:46.241Z, 737.6966178, 659.368243
1714645546256, 2024-05-02T10:25:46.256Z, 736.5135263999999, 660.9844966
1714645546286, 2024-05-02T10:25:46.286Z, 663.1477556, 659.6302969999999
1714645546301, 2024-05-02T10:25:46.301Z, 583.1805305999999, 672.4626074
1714645546332, 2024-05-02T10:25:46.332Z, 502.125253, 681.4448576
1714645546392, 2024-05-02T10:25:46.392Z, 404.6583394, 682.0174817999999
1714645546421, 2024-05-02T10:25:46.421Z, 303.9276114, 681.1373915999999
1714645546466, 2024-05-02T10:25:46.466Z, 285.09085999999996, 679.2179649999999
1714645546481, 2024-05-02T10:25:46.481Z, 264.68655459999997, 665.8248724
1714645546528, 2024-05-02T10:25:46.528Z, 249.93764679999998, 665.4851686
1714645546556, 2024-05-02T10:25:46.556Z, 227.6954318, 685.2724010000001
1714645546571, 2024-05-02T10:25:46.571Z, 211.2995556, 702.1397526000001
1714645546616, 2024-05-02T10:25:46.616Z, 193.30393899999999, 720.7697494
1714645546651, 2024-05-02T10:25:46.651Z, 178.36183920000002, 742.9832862000001
1714645546710, 2024-05-02T10:25:46.710Z, 167.07162340000002, 755.9907698
1714645546755, 2024-05-02T10:25:46.755Z, 186.617817, 759.0033444
1714645546831, 2024-05-02T10:25:46.831Z, 212.5424628, 773.2229384
1714645546845, 2024-05-02T10:25:46.845Z, 239.39272760000003, 786.5560782
1714645546890, 2024-05-02T10:25:46.890Z, 266.26739940000004, 792.9361454
1714645546936, 2024-05-02T10:25:46.936Z, 287.2012218, 797.512075
1714645546980, 2024-05-02T10:25:46.980Z, 295.0533838, 775.5843472
1714645547010, 2024-05-02T10:25:47.010Z, 309.13754979999993, 750.2909208000001
1714645547023, 2024-05-02T10:25:47.023Z, 321.58647699999995, 729.8520976000001
1714645547052, 2024-05-02T10:25:47.052Z, 339.0080114, 709.9730732
1714645547067, 2024-05-02T10:25:47.067Z, 350.9943682, 697.9935446
1714645547097, 2024-05-02T10:25:47.097Z, 377.63488300000006, 714.205984
1714645547142, 2024-05-02T10:25:47.142Z, 387.6464614, 729.981176
1714645547159, 2024-05-02T10:25:47.159Z, 410.62165859999993, 738.6529256
1714645547190, 2024-05-02T10:25:47.190Z, 415.80700640000003, 751.5545724
1714645547205, 2024-05-02T10:25:47.205Z, 421.71482560000004, 756.0319476000001
1714645547236, 2024-05-02T10:25:47.236Z, 429.389092, 749.4994044000001
1714645547252, 2024-05-02T10:25:47.252Z, 434.1845636, 743.0436208
1714645547278, 2024-05-02T10:25:47.278Z, 429.475738, 729.7224620000001
1714645547292, 2024-05-02T10:25:47.292Z, 433.7163964, 714.7086718
1714645547337, 2024-05-02T10:25:47.337Z, 435.87196760000006, 699.7554326
1714645547386, 2024-05-02T10:25:47.386Z, 422.17795720000004, 691.683784
1714645547428, 2024-05-02T10:25:47.428Z, 404.63039280000004, 686.0632966000001
1714645547457, 2024-05-02T10:25:47.457Z, 401.53747059999995, 688.7317340000001
1714645547502, 2024-05-02T10:25:47.502Z, 396.9753486, 701.6318233999999
1714645547517, 2024-05-02T10:25:47.517Z, 399.1423684, 717.4939714
1714645547548, 2024-05-02T10:25:47.548Z, 405.4049544, 735.6858212
1714645547607, 2024-05-02T10:25:47.607Z, 428.5930818, 750.6051298
1714645547636, 2024-05-02T10:25:47.636Z, 440.46240120000004, 765.4032894
1714645547651, 2024-05-02T10:25:47.651Z, 453.38536000000005, 768.9229976
1714645547681, 2024-05-02T10:25:47.681Z, 471.03776959999993, 767.5235276
1714645547696, 2024-05-02T10:25:47.696Z, 491.8568172, 763.4477961999999
1714645547727, 2024-05-02T10:25:47.727Z, 520.1195624, 754.0580858
1714645547742, 2024-05-02T10:25:47.742Z, 544.8785948000001, 745.1609194
1714645547786, 2024-05-02T10:25:47.786Z, 563.0303444, 736.7085218
1714645547816, 2024-05-02T10:25:47.816Z, 553.0503768, 737.4261958
1714645547924, 2024-05-02T10:25:47.924Z, 558.4618651999999, 725.2874410000001
1714645547955, 2024-05-02T10:25:47.955Z, 542.4971222, 714.631665
1714645547971, 2024-05-02T10:25:47.971Z, 523.4353146000001, 703.3648058
1714645548002, 2024-05-02T10:25:48.002Z, 514.4617367999999, 695.4645149999999
1714645548041, 2024-05-02T10:25:48.041Z, 522.9582548000001, 686.5887221999999
1714645548086, 2024-05-02T10:25:48.086Z, 515.1745710000001, 696.0184843999999
1714645548101, 2024-05-02T10:25:48.101Z, 512.858378, 708.7497952
1714645548146, 2024-05-02T10:25:48.146Z, 524.6908718, 724.022543
1714645548191, 2024-05-02T10:25:48.191Z, 542.1948828000001, 728.2158305999999
1714645548236, 2024-05-02T10:25:48.236Z, 527.8261312000001, 700.6552024
1714645548267, 2024-05-02T10:25:48.267Z, 484.13904440000005, 677.2394298000002
1714645548283, 2024-05-02T10:25:48.283Z, 431.04269020000004, 661.6934862
1714645548328, 2024-05-02T10:25:48.328Z, 387.1566262, 645.1033556
1714645548356, 2024-05-02T10:25:48.356Z, 385.4680312, 632.6649206
1714645548372, 2024-05-02T10:25:48.372Z, 444.554573, 646.983072
1714645548417, 2024-05-02T10:25:48.417Z, 535.1918618, 652.7698594000001
1714645548447, 2024-05-02T10:25:48.447Z, 597.7012662, 649.0713678
1714645548642, 2024-05-02T10:25:48.642Z, 652.2546461999999, 645.8886006
1714645548687, 2024-05-02T10:25:48.687Z, 597.9811682, 654.3053468
1714645548718, 2024-05-02T10:25:48.718Z, 502.624417, 665.3542582
1714645548734, 2024-05-02T10:25:48.734Z, 395.63192779999997, 676.4191178
1714645548778, 2024-05-02T10:25:48.778Z, 314.333479, 691.8314094
1714645548822, 2024-05-02T10:25:48.822Z, 197.4627912, 706.2612694
1714645548867, 2024-05-02T10:25:48.867Z, 143.63013700000002, 708.2325050000002
1714645548897, 2024-05-02T10:25:48.897Z, 107.7007818, 706.29285
1714645548957, 2024-05-02T10:25:48.957Z, 73.34804940000001, 700.7546652
1714645548987, 2024-05-02T10:25:48.987Z, 42.060115, 696.5585715999999
1714645549035, 2024-05-02T10:25:49.035Z, 33.9887028, 692.089158
1714645549047, 2024-05-02T10:25:49.047Z, 29.7128904, 690.8538956
1714645549080, 2024-05-02T10:25:49.080Z, 30.646826999999995, 693.7407729999999
1714645549092, 2024-05-02T10:25:49.092Z, 33.4602378, 699.3706506
1714645549122, 2024-05-02T10:25:49.122Z, 52.7907388, 701.2694428
1714645549137, 2024-05-02T10:25:49.137Z, 70.8484682, 704.4264286
1714645549168, 2024-05-02T10:25:49.168Z, 92.2546132, 708.262186
1714645549185, 2024-05-02T10:25:49.185Z, 106.27934479999999, 707.3014294000001
1714645549228, 2024-05-02T10:25:49.228Z, 125.42208019999998, 710.0018054
1714645549257, 2024-05-02T10:25:49.257Z, 153.96653780000003, 704.9010514000001
1714645549272, 2024-05-02T10:25:49.272Z, 176.4482372, 701.3077096
1714645549317, 2024-05-02T10:25:49.317Z, 186.3007992, 697.8931264
1714645549347, 2024-05-02T10:25:49.347Z, 204.030971, 691.335464
1714645549452, 2024-05-02T10:25:49.452Z, 206.68630360000003, 695.8310624
1714645549482, 2024-05-02T10:25:49.482Z, 191.6752404, 710.9181014
1714645549497, 2024-05-02T10:25:49.497Z, 184.34634780000002, 721.147488
1714645549542, 2024-05-02T10:25:49.542Z, 180.8158322, 731.5333389999998
1714645549573, 2024-05-02T10:25:49.573Z, 179.6022282, 741.4209825999999
1714645549588, 2024-05-02T10:25:49.588Z, 204.24547360000003, 734.5466122
1714645549619, 2024-05-02T10:25:49.619Z, 225.3625962, 724.3419544
1714645549634, 2024-05-02T10:25:49.634Z, 234.55813100000006, 716.6291031999999
1714645549678, 2024-05-02T10:25:49.678Z, 244.04936200000003, 709.2026016
1714645549707, 2024-05-02T10:25:49.707Z, 238.45241240000001, 713.3690429999999
1714645549722, 2024-05-02T10:25:49.722Z, 219.38857620000005, 721.7567053999999
1714645549752, 2024-05-02T10:25:49.752Z, 206.1613498, 730.8135682
1714645549767, 2024-05-02T10:25:49.767Z, 212.96692739999997, 738.4086362
1714645549797, 2024-05-02T10:25:49.797Z, 218.5116976, 745.9038448
1714645549842, 2024-05-02T10:25:49.842Z, 245.8887808, 740.1968171999999
1714645549857, 2024-05-02T10:25:49.857Z, 270.9990446, 735.1339008000001
1714645549887, 2024-05-02T10:25:49.887Z, 289.5880462, 730.2054596
1714645549902, 2024-05-02T10:25:49.902Z, 288.962995, 729.0924982
1714645549935, 2024-05-02T10:25:49.935Z, 276.7331912, 706.062864
1714645549947, 2024-05-02T10:25:49.947Z, 252.32796779999998, 684.0743312
1714645549978, 2024-05-02T10:25:49.978Z, 229.80591020000003, 675.7885622
1714645549992, 2024-05-02T10:25:49.992Z, 210.97732879999998, 669.9143664
1714645550022, 2024-05-02T10:25:50.022Z, 202.85148239999998, 665.4579292000001
1714645550038, 2024-05-02T10:25:50.038Z, 210.3390448, 679.9277
1714645550070, 2024-05-02T10:25:50.070Z, 218.98515360000002, 696.5617634
1714645550086, 2024-05-02T10:25:50.086Z, 226.54930599999997, 702.5327838
1714645550128, 2024-05-02T10:25:50.128Z, 233.940776, 708.7281196
1714645550172, 2024-05-02T10:25:50.172Z, 242.17675559999998, 709.5698709999999
1714645550202, 2024-05-02T10:25:50.202Z, 256.834635, 713.1308692
1714645550217, 2024-05-02T10:25:50.217Z, 271.44583700000004, 720.1955762
1714645550249, 2024-05-02T10:25:50.249Z, 282.65507460000003, 722.7962752
1714645550292, 2024-05-02T10:25:50.292Z, 300.5113612, 723.5901226
1714645550307, 2024-05-02T10:25:50.307Z, 313.4072596, 722.2047378
1714645550338, 2024-05-02T10:25:50.338Z, 320.223657, 719.3967732
1714645550356, 2024-05-02T10:25:50.356Z, 319.0653598, 710.21524
1714645550386, 2024-05-02T10:25:50.386Z, 323.4834888, 701.3766727999999
1714645550401, 2024-05-02T10:25:50.401Z, 320.985914, 690.1207408
1714645550428, 2024-05-02T10:25:50.428Z, 325.084445, 686.1805864
1714645550442, 2024-05-02T10:25:50.442Z, 325.5054734, 683.0643056
1714645550472, 2024-05-02T10:25:50.472Z, 332.1042954, 682.7261646
1714645550487, 2024-05-02T10:25:50.487Z, 339.6870982, 683.139263
1714645550607, 2024-05-02T10:25:50.607Z, 338.22633079999997, 685.8659552000001
1714645550622, 2024-05-02T10:25:50.622Z, 346.61684720000005, 657.9090868000001
1714645550652, 2024-05-02T10:25:50.652Z, 354.8350274, 637.7500170000001
1714645550667, 2024-05-02T10:25:50.667Z, 360.46345600000006, 624.8220586
1714645550700, 2024-05-02T10:25:50.700Z, 362.4368718, 614.5756572
1714645550742, 2024-05-02T10:25:50.742Z, 373.8761168, 601.8319568
1714645550757, 2024-05-02T10:25:50.757Z, 373.5183382, 615.3461341999998
1714645550788, 2024-05-02T10:25:50.788Z, 375.6369596, 620.4706076
1714645550804, 2024-05-02T10:25:50.804Z, 379.2741566, 621.8151984
1714645550834, 2024-05-02T10:25:50.834Z, 374.5303536, 635.3504292
1714645550850, 2024-05-02T10:25:50.850Z, 363.73520179999997, 652.5275872
1714645550878, 2024-05-02T10:25:50.878Z, 361.7578864, 658.6155466
1714645550891, 2024-05-02T10:25:50.891Z, 356.2581614, 667.331991
1714645550921, 2024-05-02T10:25:50.921Z, 350.49242100000004, 675.9017948000001
1714645550936, 2024-05-02T10:25:50.936Z, 345.385181, 677.3158978
1714645550966, 2024-05-02T10:25:50.966Z, 346.5031772, 677.6851904
1714645550981, 2024-05-02T10:25:50.981Z, 342.63496019999997, 687.4423578
1714645551028, 2024-05-02T10:25:51.028Z, 351.8099714, 698.240009
1714645551056, 2024-05-02T10:25:51.056Z, 358.5421482, 708.848284
1714645551071, 2024-05-02T10:25:51.071Z, 365.4856898, 709.6247452
1714645551084, 2024-05-02T10:25:51.084Z, 387.6423962, 706.8315252
1714645551101, 2024-05-02T10:25:51.101Z, 400.6642812, 706.1114136
1714645551120, 2024-05-02T10:25:51.120Z, 403.23487059999997, 702.3727472
1714645551146, 2024-05-02T10:25:51.146Z, 412.6696468, 701.2285502
1714645551194, 2024-05-02T10:25:51.194Z, 426.5316914, 697.388782
1714645551209, 2024-05-02T10:25:51.209Z, 408.5986482, 699.0475641999999
1714645551239, 2024-05-02T10:25:51.239Z, 402.4100778, 695.4595619999999
1714645551255, 2024-05-02T10:25:51.255Z, 390.062354, 693.5916918
1714645551286, 2024-05-02T10:25:51.286Z, 373.22408459999997, 689.5482602
1714645551302, 2024-05-02T10:25:51.302Z, 355.846144, 690.9193452000001
1714645551329, 2024-05-02T10:25:51.329Z, 358.1396352, 687.5856578
1714645551341, 2024-05-02T10:25:51.341Z, 348.209877, 689.9574186
1714645551371, 2024-05-02T10:25:51.371Z, 346.39973860000003, 687.8214949999999
1714645551386, 2024-05-02T10:25:51.386Z, 346.7315646, 684.4811321999999
1714645551416, 2024-05-02T10:25:51.416Z, 340.92104179999995, 682.7007328
1714645551432, 2024-05-02T10:25:51.432Z, 332.17874919999997, 681.2227043999999
1714645551477, 2024-05-02T10:25:51.477Z, 325.1863092, 680.7594569999999
1714645551506, 2024-05-02T10:25:51.506Z, 329.7713388, 675.3920843999999
1714645551521, 2024-05-02T10:25:51.521Z, 340.11314439999995, 673.2931063999999
1714645551556, 2024-05-02T10:25:51.556Z, 365.7894058, 669.7244488
1714645551570, 2024-05-02T10:25:51.570Z, 394.49737500000003, 668.7645534000001
1714645551596, 2024-05-02T10:25:51.596Z, 427.59075220000005, 666.8750728000001
1714645551625, 2024-05-02T10:25:51.625Z, 448.0022802, 672.109091
1714645551642, 2024-05-02T10:25:51.642Z, 470.9377486, 673.6183056
1714645551657, 2024-05-02T10:25:51.657Z, 488.9630716, 673.6942489999999
1714645551689, 2024-05-02T10:25:51.689Z, 498.23988280000003, 671.696758
1714645551704, 2024-05-02T10:25:51.704Z, 503.8534092, 670.7787293999999
1714645551734, 2024-05-02T10:25:51.734Z, 495.1166886, 678.149507
1714645551750, 2024-05-02T10:25:51.750Z, 475.1202658, 687.4631449999999
1714645551777, 2024-05-02T10:25:51.777Z, 454.83622, 698.5737694
1714645551792, 2024-05-02T10:25:51.792Z, 443.8380038, 707.0989384000001
1714645551821, 2024-05-02T10:25:51.821Z, 428.231003, 715.0533066
1714645551837, 2024-05-02T10:25:51.837Z, 423.97797419999995, 715.693459
1714645551866, 2024-05-02T10:25:51.866Z, 424.4698088, 714.19532
1714645551881, 2024-05-02T10:25:51.881Z, 432.42026860000004, 708.4134096
1714645551927, 2024-05-02T10:25:51.927Z, 440.0628114, 703.0044402000001
1714645551956, 2024-05-02T10:25:51.956Z, 454.56313200000005, 696.3526423999999
1714645551971, 2024-05-02T10:25:51.971Z, 486.46930080000004, 695.6267342000001
1714645552005, 2024-05-02T10:25:52.005Z, 511.52617399999997, 698.0209114
1714645552019, 2024-05-02T10:25:52.019Z, 527.4821928, 699.3428662
1714645552046, 2024-05-02T10:25:52.046Z, 544.1815226, 703.6531318
1714645552091, 2024-05-02T10:25:52.091Z, 562.5483286000001, 707.0464844
1714645552107, 2024-05-02T10:25:52.107Z, 565.4661812, 705.088439
1714645552138, 2024-05-02T10:25:52.138Z, 571.0532408, 701.5617338
1714645552154, 2024-05-02T10:25:52.154Z, 572.1266108, 701.094119
1714645552185, 2024-05-02T10:25:52.185Z, 561.9645898, 703.1825264
1714645552200, 2024-05-02T10:25:52.200Z, 562.8135351999999, 701.473039
1714645552227, 2024-05-02T10:25:52.227Z, 570.0483936, 699.4401685999999
1714645552241, 2024-05-02T10:25:52.241Z, 578.2926672, 697.6640636
1714645552271, 2024-05-02T10:25:52.271Z, 604.0323352, 697.3682416
1714645552286, 2024-05-02T10:25:52.286Z, 637.3298322, 693.6562952
1714645552316, 2024-05-02T10:25:52.316Z, 638.3167032000001, 691.4671902
1714645552331, 2024-05-02T10:25:52.331Z, 634.9799626, 688.7440984000001
1714645552377, 2024-05-02T10:25:52.377Z, 627.6346206000001, 685.375825
1714645552406, 2024-05-02T10:25:52.406Z, 621.1904812, 683.3250862
1714645552437, 2024-05-02T10:25:52.437Z, 616.4864535999999, 681.4672252
1714645552456, 2024-05-02T10:25:52.456Z, 636.9275276000001, 682.3042398
1714645552470, 2024-05-02T10:25:52.470Z, 650.0814628, 682.2310252
1714645552500, 2024-05-02T10:25:52.500Z, 666.396952, 681.8405552
1714645552545, 2024-05-02T10:25:52.545Z, 673.0797986, 679.1832934
1714645552574, 2024-05-02T10:25:52.574Z, 683.8957985999999, 676.6897670000001
1714645552590, 2024-05-02T10:25:52.590Z, 684.6783738, 673.7549374
1714645552605, 2024-05-02T10:25:52.605Z, 683.3176298000001, 671.3908598
1714645552637, 2024-05-02T10:25:52.637Z, 683.0948008, 672.2520078
1714645552652, 2024-05-02T10:25:52.652Z, 687.600052, 672.339665
1714645552695, 2024-05-02T10:25:52.695Z, 676.0306186, 676.7662591999999
1714645552724, 2024-05-02T10:25:52.724Z, 652.6024976000001, 682.1571208
1714645552739, 2024-05-02T10:25:52.739Z, 549.2251458000001, 695.2816168
1714645552767, 2024-05-02T10:25:52.767Z, 479.7401271999999, 702.4781494
1714645552782, 2024-05-02T10:25:52.782Z, 397.4374868, 710.1271718
1714645552832, 2024-05-02T10:25:52.832Z, 340.964186, 714.5349
1714645552857, 2024-05-02T10:25:52.857Z, 261.26539579999996, 723.8949028
1714645552872, 2024-05-02T10:25:52.872Z, 267.94092440000003, 725.283394
1714645552901, 2024-05-02T10:25:52.901Z, 239.6364352, 730.1515388
1714645552917, 2024-05-02T10:25:52.917Z, 218.4099854, 735.9780967999999
1714645552949, 2024-05-02T10:25:52.949Z, 178.95261520000003, 740.6873736
1714645552991, 2024-05-02T10:25:52.991Z, 163.53141620000002, 743.3441227999999
1714645553007, 2024-05-02T10:25:53.007Z, 154.0074024, 745.9513565999999
1714645553036, 2024-05-02T10:25:53.036Z, 138.8689982, 749.4027801999999
1714645553051, 2024-05-02T10:25:53.051Z, 127.4243852, 752.1388165999999
1714645553231, 2024-05-02T10:25:53.231Z, 120.6048558, 756.150136
1714645553277, 2024-05-02T10:25:53.277Z, 114.8613456, 736.4871389999998
1714645553325, 2024-05-02T10:25:53.325Z, 112.05484919999999, 724.8333863999999
1714645553458, 2024-05-02T10:25:53.458Z, 132.1792994, 725.2500082
1714645553549, 2024-05-02T10:25:53.549Z, 150.99314020000003, 726.3474592
1714645553637, 2024-05-02T10:25:53.637Z, 160.27895619999998, 720.7218310000001
1714645553728, 2024-05-02T10:25:53.728Z, 179.5784982, 744.1710616
1714645553772, 2024-05-02T10:25:53.772Z, 181.42198860000002, 768.2500638000001
1714645553818, 2024-05-02T10:25:53.818Z, 164.4821384, 774.521399
1714645553894, 2024-05-02T10:25:53.894Z, 149.4260784, 791.908254
1714645553910, 2024-05-02T10:25:53.910Z, 136.7686428, 810.8184590000001
1714645553939, 2024-05-02T10:25:53.939Z, 123.6878998, 815.8467929999999
1714645553954, 2024-05-02T10:25:53.954Z, 127.23197439999998, 817.579122
1714645553999, 2024-05-02T10:25:53.999Z, 137.4999914, 824.8954461999999
1714645554043, 2024-05-02T10:25:54.043Z, 139.9152428, 819.9790008
1714645554092, 2024-05-02T10:25:54.092Z, 125.9405374, 784.1571052
1714645554118, 2024-05-02T10:25:54.118Z, 120.03408139999999, 758.2343214
1714645554133, 2024-05-02T10:25:54.133Z, 115.69881439999999, 739.66432
1714645554179, 2024-05-02T10:25:54.179Z, 106.94873420000002, 731.2095642
1714645554224, 2024-05-02T10:25:54.224Z, 99.07191579999999, 725.8008954
1714645554271, 2024-05-02T10:25:54.271Z, 101.40313719999999, 749.4199154
1714645554838, 2024-05-02T10:25:54.838Z, 184.4870956, 758.1888524
1714645556068, 2024-05-02T10:25:56.068Z, 171.629208, 709.6852362000001
1714645556203, 2024-05-02T10:25:56.203Z, 193.03811059999998, 684.536554
1714645556279, 2024-05-02T10:25:56.279Z, 227.52770659999996, 679.770216
1714645556323, 2024-05-02T10:25:56.323Z, 261.3522356, 664.908935
1714645556430, 2024-05-02T10:25:56.430Z, 231.0266606, 666.1818638000001
1714645556460, 2024-05-02T10:25:56.460Z, 291.4218956000001, 710.217612
1714645556476, 2024-05-02T10:25:56.476Z, 314.67922380000005, 710.9969447999999
1714645556507, 2024-05-02T10:25:56.507Z, 330.33451780000007, 692.4220468
1714645556693, 2024-05-02T10:25:56.693Z, 362.7211264, 720.9326524
1714645556708, 2024-05-02T10:25:56.708Z, 378.55686180000004, 716.2574240000001
1714645556731, 2024-05-02T10:25:56.731Z, 394.283156, 706.58093
1714645556771, 2024-05-02T10:25:56.771Z, 409.04805760000005, 704.6055180000001
1714645556818, 2024-05-02T10:25:56.818Z, 418.480105, 701.5729518
1714645556834, 2024-05-02T10:25:56.834Z, 421.16670380000005, 668.3959934000001
1714645556879, 2024-05-02T10:25:56.879Z, 436.1121502, 655.45416
1714645556911, 2024-05-02T10:25:56.911Z, 426.43109699999997, 652.6383076
1714645556927, 2024-05-02T10:25:56.927Z, 435.4366274, 645.8755222
1714645556942, 2024-05-02T10:25:56.942Z, 430.2240126, 642.8171002000001
1714645556957, 2024-05-02T10:25:56.957Z, 425.0579884, 644.4029176000001
1714645556973, 2024-05-02T10:25:56.973Z, 409.2742462, 659.5556684000001
1714645557040, 2024-05-02T10:25:57.040Z, 422.259183, 677.1655202000001
1714645557087, 2024-05-02T10:25:57.087Z, 420.04668660000004, 706.5150824
1714645557100, 2024-05-02T10:25:57.100Z, 436.9826384, 728.1535664
1714645557130, 2024-05-02T10:25:57.130Z, 463.0795744, 743.9468457999999
1714645557160, 2024-05-02T10:25:57.160Z, 485.26979339999997, 749.8637741999999
1714645557177, 2024-05-02T10:25:57.177Z, 504.2719976, 748.4045522
1714645557192, 2024-05-02T10:25:57.192Z, 527.615524, 740.4789178000001
1714645557223, 2024-05-02T10:25:57.223Z, 551.3984358, 734.4879530000001
1714645557239, 2024-05-02T10:25:57.239Z, 565.4221202000001, 728.3927072
1714645557270, 2024-05-02T10:25:57.270Z, 579.9800878, 727.6356924
1714645557285, 2024-05-02T10:25:57.285Z, 589.6639428000001, 728.9129592
1714645557507, 2024-05-02T10:25:57.507Z, 543.1902246, 670.1749278
1714645557691, 2024-05-02T10:25:57.691Z, 458.28847759999996, 644.6414662
1714645557851, 2024-05-02T10:25:57.851Z, 384.6643262, 607.9007552
1714645557896, 2024-05-02T10:25:57.896Z, 307.00182540000003, 574.6983892000001
1714645557942, 2024-05-02T10:25:57.942Z, 228.14588479999998, 542.5838776
1714645558031, 2024-05-02T10:25:58.031Z, 234.1104824, 569.5699408
1714645558303, 2024-05-02T10:25:58.303Z, 226.04129860000003, 542.0692769999999
1714645558318, 2024-05-02T10:25:58.318Z, 212.38006260000003, 524.25225
1714645558573, 2024-05-02T10:25:58.573Z, 181.9596088, 515.4521987999999
1714645558588, 2024-05-02T10:25:58.588Z, 170.71657220000003, 512.3975048
1714645558634, 2024-05-02T10:25:58.634Z, 126.178987, 499.6112906
1714645558676, 2024-05-02T10:25:58.676Z, 132.2157048, 504.4308522
1714645558888, 2024-05-02T10:25:58.888Z, 171.62371199999998, 534.7441528
1714645558904, 2024-05-02T10:25:58.904Z, 225.7761308, 528.9806425999999
1714645558948, 2024-05-02T10:25:58.948Z, 265.0204696, 557.3866188000001
1714645559354, 2024-05-02T10:25:59.354Z, 300.9176774, 523.2569911999999
1714645559396, 2024-05-02T10:25:59.396Z, 332.50084019999997, 497.1543341999999
1714645559442, 2024-05-02T10:25:59.442Z, 315.3100432, 450.6539908
1714645560661, 2024-05-02T10:26:00.661Z, 490.12851900000004, 428.9966284
1714645560692, 2024-05-02T10:26:00.692Z, 643.9625526000001, 374.109788
1714645560708, 2024-05-02T10:26:00.708Z, 804.4208728, 390.964337
1714645560741, 2024-05-02T10:26:00.741Z, 967.5504538000001, 403.348214
1714645560754, 2024-05-02T10:26:00.754Z, 1137.8209462, 414.0677486000001
1714645560840, 2024-05-02T10:26:00.840Z, 1129.2262798, 480.0860044
1714645560868, 2024-05-02T10:26:00.868Z, 1138.3449704, 486.88845219999996
1714645560884, 2024-05-02T10:26:00.884Z, 1144.4048892, 494.6832292
1714645560959, 2024-05-02T10:26:00.959Z, 1154.3805132000002, 499.1782164
1714645560975, 2024-05-02T10:26:00.975Z, 1167.4406938000002, 501.98896879999995
1714645561004, 2024-05-02T10:26:01.004Z, 1168.2936898, 443.72645379999994
1714645561029, 2024-05-02T10:26:01.029Z, 1169.6386536, 437.320853
1714645561243, 2024-05-02T10:26:01.243Z, 1198.185282, 441.3033902
1714645561288, 2024-05-02T10:26:01.288Z, 1214.2249104, 456.61433040000003
1714645561324, 2024-05-02T10:26:01.324Z, 1229.836665, 473.22976140000003
1714645561423, 2024-05-02T10:26:01.423Z, 1248.68807, 491.60050680000006
1714645561471, 2024-05-02T10:26:01.471Z, 1272.717251, 509.53185460000003
1714645561559, 2024-05-02T10:26:01.559Z, 1260.3497865999998, 516.1508754
1714645561693, 2024-05-02T10:26:01.693Z, 1263.1239487999999, 516.2888764
1714645561739, 2024-05-02T10:26:01.739Z, 1272.1971384, 511.10448740000004
1714645561784, 2024-05-02T10:26:01.784Z, 1305.354792, 509.1625366
1714645562098, 2024-05-02T10:26:02.098Z, 1153.0443682, 458.06991020000004
1714645562129, 2024-05-02T10:26:02.129Z, 1186.5573834000002, 482.9933312
1714645562174, 2024-05-02T10:26:02.174Z, 1196.1002664, 504.7118794
1714645562190, 2024-05-02T10:26:02.190Z, 1192.5968246, 526.2924214
1714645562221, 2024-05-02T10:26:02.221Z, 1155.5657044, 546.445736
1714645562236, 2024-05-02T10:26:02.236Z, 1279.7271808, 615.429888
1714645562280, 2024-05-02T10:26:02.280Z, 1228.6576248000001, 608.3774642000001
1714645562463, 2024-05-02T10:26:02.463Z, 1225.3270036, 594.6184226
1714645562503, 2024-05-02T10:26:02.503Z, 1190.9027928, 574.8509818
1714645562548, 2024-05-02T10:26:02.548Z, 1184.4232832, 563.5567408
1714645562579, 2024-05-02T10:26:02.579Z, 1212.2473028, 568.3044906
1714645563077, 2024-05-02T10:26:03.077Z, 1200.1790256, 602.9275071999999
1714645563093, 2024-05-02T10:26:03.093Z, 1153.9457728, 630.6136822
1714645563127, 2024-05-02T10:26:03.127Z, 1152.666164, 667.4908165999999
1714645563141, 2024-05-02T10:26:03.141Z, 1141.6154894, 692.2057355999999
1714645563181, 2024-05-02T10:26:03.181Z, 1112.294392, 703.0773753999999
1714645563210, 2024-05-02T10:26:03.210Z, 1123.6048668, 679.3007332000001
1714645563225, 2024-05-02T10:26:03.225Z, 1135.7404134, 671.6287442
1714645563266, 2024-05-02T10:26:03.266Z, 1140.600223, 668.2166566
1714645563281, 2024-05-02T10:26:03.281Z, 1135.530585, 667.3441084
1714645563299, 2024-05-02T10:26:03.299Z, 1124.3761422, 661.942821
1714645563345, 2024-05-02T10:26:03.345Z, 1105.1864162000002, 660.9070206
1714645563360, 2024-05-02T10:26:03.360Z, 1081.9487516, 658.9173306
1714645563396, 2024-05-02T10:26:03.396Z, 1059.1048726000001, 652.7296708
1714645563415, 2024-05-02T10:26:03.415Z, 1037.5250297999999, 646.4217676
1714645563436, 2024-05-02T10:26:03.436Z, 1024.4771864, 642.4526362
1714645563452, 2024-05-02T10:26:03.452Z, 1017.2481506, 638.879107
1714645563660, 2024-05-02T10:26:03.660Z, 1027.4664871999998, 625.2062552
1714645563705, 2024-05-02T10:26:03.705Z, 1061.8213984, 596.1354254
1714645563795, 2024-05-02T10:26:03.795Z, 1096.1615874000001, 567.7055591999999
1714645563806, 2024-05-02T10:26:03.806Z, 1116.3198774, 550.2373116000001
1714645563824, 2024-05-02T10:26:03.824Z, 1125.0624048, 541.1457378000001
1714645563859, 2024-05-02T10:26:03.859Z, 1128.488394, 539.150106
1714645563906, 2024-05-02T10:26:03.906Z, 1101.0615572000002, 585.4964854
1714645563945, 2024-05-02T10:26:03.945Z, 1075.6422782, 634.067663
1714645563991, 2024-05-02T10:26:03.991Z, 1064.361977, 672.896596
1714645564033, 2024-05-02T10:26:04.033Z, 1063.580036, 705.1310550000001
1714645564033, 2024-05-02T10:26:04.033Z, 1052.9367336, 747.7864732
1714645564174, 2024-05-02T10:26:04.174Z, 1051.4065144, 753.7269252
1714645564205, 2024-05-02T10:26:04.205Z, 1047.8687374, 757.442579
1714645564242, 2024-05-02T10:26:04.242Z, 1038.589658, 763.8740101999999
1714645564257, 2024-05-02T10:26:04.257Z, 1027.0561788, 770.6023336000001
1714645564305, 2024-05-02T10:26:04.305Z, 1016.3682670000001, 771.2169342
1714645564332, 2024-05-02T10:26:04.332Z, 1002.4751342000002, 776.3684436000001
1714645564352, 2024-05-02T10:26:04.352Z, 989.3773944000001, 780.3127276000001
1714645564392, 2024-05-02T10:26:04.393Z, 987.0301317999999, 775.8149804
1714645564440, 2024-05-02T10:26:04.440Z, 985.1457446000001, 774.7391494
1714645564621, 2024-05-02T10:26:04.621Z, 991.6525018, 767.2016121999999
1714645564706, 2024-05-02T10:26:04.706Z, 996.9118976, 763.8059532
1714645564735, 2024-05-02T10:26:04.735Z, 999.1086212, 763.4556200000001
1714645564751, 2024-05-02T10:26:04.751Z, 997.5516252, 767.7900536
1714645564781, 2024-05-02T10:26:04.781Z, 996.6984215999998, 769.42147
1714645564799, 2024-05-02T10:26:04.799Z, 989.8990868000001, 777.2526898
1714645564843, 2024-05-02T10:26:04.843Z, 984.4495986, 781.4821468
1714645564890, 2024-05-02T10:26:04.890Z, 982.0980514, 782.817222
1714645564927, 2024-05-02T10:26:04.928Z, 979.0420902, 784.1542112000001
1714645564938, 2024-05-02T10:26:04.938Z, 979.2056218, 780.3226136
1714645564989, 2024-05-02T10:26:04.989Z, 999.0744736, 787.1641072
1714645565034, 2024-05-02T10:26:05.034Z, 1027.8947911999999, 796.1979912
1714645565050, 2024-05-02T10:26:05.050Z, 1076.2644153999997, 826.2630907999999
1714645565082, 2024-05-02T10:26:05.082Z, 1138.6424256000003, 845.7683436
1714645565144, 2024-05-02T10:26:05.144Z, 1198.714657, 879.1784916
1714645565207, 2024-05-02T10:26:05.207Z, 1254.7706389999998, 904.7002448
1714645565237, 2024-05-02T10:26:05.237Z, 1294.735084, 916.1858908
1714645565253, 2024-05-02T10:26:05.253Z, 1314.5162594, 907.7457496000001
1714645565278, 2024-05-02T10:26:05.278Z, 1315.5368928, 904.5712266
1714645565291, 2024-05-02T10:26:05.291Z, 1319.7128492000002, 894.6074875999999
1714645565303, 2024-05-02T10:26:05.303Z, 1321.8366508, 894.0750949999999
1714645565336, 2024-05-02T10:26:05.336Z, 1332.7031758, 906.2142158
1714645565367, 2024-05-02T10:26:05.367Z, 1343.2163148, 918.2169395999999
1714645565382, 2024-05-02T10:26:05.382Z, 1356.4950224, 934.4602724
1714645565432, 2024-05-02T10:26:05.432Z, 1364.0745362, 943.234452
1714645565439, 2024-05-02T10:26:05.439Z, 1358.081145, 939.6190638
1714645565472, 2024-05-02T10:26:05.472Z, 1360.8575036, 938.4102756
1714645565502, 2024-05-02T10:26:05.502Z, 1365.9367482000002, 938.5425419999999
1714645565518, 2024-05-02T10:26:05.518Z, 1367.2357780000002, 935.2364816000002