1714544721286, 2024-05-01T06:25:21.286Z, 196.920147, 278.342778
1714544721302, 2024-05-01T06:25:21.302Z, 198.9762155, 283.4429885
1714544721327, 2024-05-01T06:25:21.327Z, 201.45074933333333, 288.370854
1714544721342, 2024-05-01T06:25:21.342Z, 200.57102425, 289.47586825
1714544721372, 2024-05-01T06:25:21.372Z, 199.6986244, 289.76113100000003
1714544721388, 2024-05-01T06:25:21.388Z, 199.4476608, 292.1208738
1714544721417, 2024-05-01T06:25:21.417Z, 198.1864802, 291.1680708
1714544721431, 2024-05-01T06:25:21.431Z, 200.75306840000002, 288.9916546
1714544721462, 2024-05-01T06:25:21.462Z, 219.9143178, 287.0079224
1714544721476, 2024-05-01T06:25:21.476Z, 237.48133579999998, 285.53521079999996
1714544721506, 2024-05-01T06:25:21.506Z, 259.06622600000003, 282.65208999999993
1714544721527, 2024-05-01T06:25:21.527Z, 278.1614702, 276.9758182
1714544721568, 2024-05-01T06:25:21.568Z, 292.30647120000003, 272.1373982
1714544721596, 2024-05-01T06:25:21.596Z, 292.3172354, 268.89789559999997
1714544721617, 2024-05-01T06:25:21.617Z, 294.4474292, 265.497974
1714544721643, 2024-05-01T06:25:21.643Z, 293.8256798, 263.10393519999997
1714544721662, 2024-05-01T06:25:21.662Z, 296.1524534, 264.64764319999995
1714544721701, 2024-05-01T06:25:21.701Z, 299.12486019999994, 264.1861318
1714544721735, 2024-05-01T06:25:21.735Z, 300.7974068, 262.951712
1714544721750, 2024-05-01T06:25:21.750Z, 301.84697719999997, 261.3467232
1714544721780, 2024-05-01T06:25:21.780Z, 299.541275, 264.9152141999999
1714544721795, 2024-05-01T06:25:21.795Z, 294.76276459999997, 270.2248146
1714544721841, 2024-05-01T06:25:21.841Z, 265.93641019999995, 289.52534160000005
1714544721868, 2024-05-01T06:25:21.868Z, 235.06278719999995, 309.41664599999996
1714544721882, 2024-05-01T06:25:21.882Z, 204.1366172, 328.5920516
1714544721912, 2024-05-01T06:25:21.912Z, 174.9394666, 342.4653528
1714544721927, 2024-05-01T06:25:21.927Z, 141.828826, 346.4037674
1714544721957, 2024-05-01T06:25:21.957Z, 134.2360326, 338.13628439999997
1714544721972, 2024-05-01T06:25:21.972Z, 134.0055524, 331.20952939999995
1714544722018, 2024-05-01T06:25:22.018Z, 136.5617014, 328.59207260000005
1714544722047, 2024-05-01T06:25:22.047Z, 140.67354960000003, 326.0544806
1714544722062, 2024-05-01T06:25:22.062Z, 151.117953, 332.04434499999996
1714544722097, 2024-05-01T06:25:22.097Z, 159.3071048, 336.43916019999995
1714544722107, 2024-05-01T06:25:22.107Z, 162.72809660000001, 339.0959988000001
1714544722142, 2024-05-01T06:25:22.142Z, 163.990383, 338.5031246
1714544722197, 2024-05-01T06:25:22.197Z, 164.01036820000002, 338.07860680000005
1714544722213, 2024-05-01T06:25:22.213Z, 163.394981, 337.170951
1714544722228, 2024-05-01T06:25:22.228Z, 163.60802759999999, 337.21637880000003
1714544722243, 2024-05-01T06:25:22.243Z, 167.25197239999997, 341.64861720000005
1714544722274, 2024-05-01T06:25:22.274Z, 172.29507159999997, 349.1072008
1714544722290, 2024-05-01T06:25:22.290Z, 180.2050218, 359.44121000000007
1714544722317, 2024-05-01T06:25:22.317Z, 186.7179952, 368.1849752
1714544722331, 2024-05-01T06:25:22.331Z, 188.2593988, 370.42958899999996
1714544722361, 2024-05-01T06:25:22.361Z, 188.29989240000003, 370.12341560000004
1714544722377, 2024-05-01T06:25:22.377Z, 198.4470498, 374.0061688
1714544722407, 2024-05-01T06:25:22.407Z, 211.8304882, 379.4236808
1714544722421, 2024-05-01T06:25:22.422Z, 228.12509099999997, 386.385132
1714544722472, 2024-05-01T06:25:22.472Z, 253.09207579999998, 399.9608002
1714544722502, 2024-05-01T06:25:22.502Z, 276.74067379999997, 409.986031
1714544722518, 2024-05-01T06:25:22.518Z, 288.2043822, 412.8118536
1714544722548, 2024-05-01T06:25:22.548Z, 293.7103094, 412.6282018
1714544722562, 2024-05-01T06:25:22.562Z, 298.0229366, 412.9424094
1714544722602, 2024-05-01T06:25:22.602Z, 298.23090579999996, 413.02497400000004
1714544722636, 2024-05-01T06:25:22.636Z, 299.2000752, 414.90656419999993
1714544722652, 2024-05-01T06:25:22.652Z, 303.157204, 416.4668168
1714544722681, 2024-05-01T06:25:22.681Z, 309.655774, 415.91200200000003
1714544722696, 2024-05-01T06:25:22.696Z, 316.0680758, 413.74335840000003
1714544722727, 2024-05-01T06:25:22.727Z, 325.2682826, 409.9609536
1714544722743, 2024-05-01T06:25:22.743Z, 332.91698759999997, 407.1061876
1714544722774, 2024-05-01T06:25:22.774Z, 341.41388960000006, 403.7779386
1714544722790, 2024-05-01T06:25:22.790Z, 349.843434, 401.77852820000004
1714544722821, 2024-05-01T06:25:22.821Z, 362.82472640000003, 402.2715596
1714544722837, 2024-05-01T06:25:22.837Z, 372.22808080000004, 402.278121
1714544722869, 2024-05-01T06:25:22.869Z, 382.0645708, 402.15874379999997
1714544722885, 2024-05-01T06:25:22.885Z, 388.224579, 401.8086088
1714544722919, 2024-05-01T06:25:22.919Z, 397.58755460000003, 411.57029
1714544722949, 2024-05-01T06:25:22.949Z, 395.448562, 419.34667019999995
1714544722968, 2024-05-01T06:25:22.968Z, 350.7280268, 432.20987060000004
1714544722994, 2024-05-01T06:25:22.994Z, 298.51438459999997, 444.4086628
1714544723009, 2024-05-01T06:25:23.009Z, 246.0389526, 457.0608983999999
1714544723040, 2024-05-01T06:25:23.040Z, 185.16193579999998, 455.9817938
1714544723082, 2024-05-01T06:25:23.082Z, 136.5215222, 459.2446328
1714544723096, 2024-05-01T06:25:23.096Z, 130.622461, 460.4403104
1714544723126, 2024-05-01T06:25:23.126Z, 135.2745434, 463.32108259999995
1714544723141, 2024-05-01T06:25:23.141Z, 141.4609448, 467.84198
1714544723172, 2024-05-01T06:25:23.172Z, 150.7321868, 476.6085056
1714544723187, 2024-05-01T06:25:23.187Z, 152.79931240000002, 480.0581892
1714544723217, 2024-05-01T06:25:23.217Z, 156.14513040000003, 482.87271840000005
1714544723231, 2024-05-01T06:25:23.231Z, 159.28969139999998, 485.9505276
1714544723261, 2024-05-01T06:25:23.261Z, 164.44562720000002, 490.3184582
1714544723276, 2024-05-01T06:25:23.276Z, 171.1556708, 494.5979918
1714544723306, 2024-05-01T06:25:23.306Z, 180.61354980000002, 500.91577240000004
1714544723321, 2024-05-01T06:25:23.321Z, 188.7123996, 505.6462312
1714544723372, 2024-05-01T06:25:23.372Z, 194.56892280000002, 508.3054464
1714544723396, 2024-05-01T06:25:23.396Z, 205.10536700000003, 510.6435324
1714544723411, 2024-05-01T06:25:23.411Z, 226.33722640000002, 511.81254900000005
1714544723442, 2024-05-01T06:25:23.442Z, 253.2226924, 512.7257256
1714544723457, 2024-05-01T06:25:23.457Z, 280.7338066, 514.4704186
1714544723488, 2024-05-01T06:25:23.488Z, 307.6383108, 516.0867768
1714544723531, 2024-05-01T06:25:23.531Z, 327.16230260000003, 515.3768284
1714544723546, 2024-05-01T06:25:23.546Z, 334.0759622, 515.1849478
1714544723576, 2024-05-01T06:25:23.576Z, 335.5933772, 515.5161466000001
1714544723591, 2024-05-01T06:25:23.591Z, 344.0288708, 514.2279088
1714544723621, 2024-05-01T06:25:23.621Z, 352.50692399999997, 512.8138309999999
1714544723636, 2024-05-01T06:25:23.636Z, 362.88038859999995, 511.4920811999999
1714544723667, 2024-05-01T06:25:23.667Z, 383.48379179999995, 509.423441
1714544723681, 2024-05-01T06:25:23.681Z, 403.808245, 507.29296860000005
1714544723711, 2024-05-01T06:25:23.711Z, 416.4754518, 507.350835
1714544723726, 2024-05-01T06:25:23.726Z, 428.27981359999995, 508.4701422
1714544723760, 2024-05-01T06:25:23.760Z, 439.284638, 509.7422323999999
1714544723771, 2024-05-01T06:25:23.771Z, 449.02866459999996, 511.16934499999996
1714544723818, 2024-05-01T06:25:23.818Z, 464.15098159999997, 511.68274460000004
1714544723847, 2024-05-01T06:25:23.847Z, 490.07747140000004, 510.76322
1714544723862, 2024-05-01T06:25:23.862Z, 515.9935612, 508.76968400000004
1714544723893, 2024-05-01T06:25:23.893Z, 539.1649076000001, 506.7853546
1714544723907, 2024-05-01T06:25:23.907Z, 554.0099274, 505.38660739999995
1714544723937, 2024-05-01T06:25:23.937Z, 563.7573982, 503.6889537999999
1714544723982, 2024-05-01T06:25:23.982Z, 567.5736524, 501.52616800000004
1714544723999, 2024-05-01T06:25:23.999Z, 576.0017459999999, 499.15573459999996
1714544724029, 2024-05-01T06:25:24.029Z, 585.5284939999999, 494.78396460000005
1714544724045, 2024-05-01T06:25:24.045Z, 595.8188545999999, 489.92939079999996
1714544724076, 2024-05-01T06:25:24.076Z, 606.434815, 485.94999939999997
1714544724091, 2024-05-01T06:25:24.091Z, 613.8640982000001, 483.01224579999996
1714544724118, 2024-05-01T06:25:24.118Z, 625.710628, 475.9608544000001
1714544724132, 2024-05-01T06:25:24.132Z, 637.935665, 471.6997344
1714544724162, 2024-05-01T06:25:24.162Z, 649.3389623999999, 467.5043847999999
1714544724181, 2024-05-01T06:25:24.181Z, 659.0537478, 464.2503608
1714544724207, 2024-05-01T06:25:24.207Z, 666.7469564, 463.32696400000003
1714544724222, 2024-05-01T06:25:24.222Z, 666.0970786, 466.60391680000004
1714544724268, 2024-05-01T06:25:24.268Z, 662.7688354, 468.92625659999993
1714544724301, 2024-05-01T06:25:24.301Z, 649.8015004, 472.08860100000004
1714544724316, 2024-05-01T06:25:24.316Z, 542.5097766, 477.6781032
1714544724342, 2024-05-01T06:25:24.342Z, 431.2224176000001, 480.8687818
1714544724357, 2024-05-01T06:25:24.357Z, 316.054504, 482.6389106
1714544724388, 2024-05-01T06:25:24.388Z, 200.4276798, 481.38931
1714544724432, 2024-05-01T06:25:24.432Z, 90.3005972, 480.12876000000006
1714544724447, 2024-05-01T06:25:24.447Z, 72.94489659999999, 477.2907844
1714544724477, 2024-05-01T06:25:24.477Z, 60.945461, 475.5584414
1714544724491, 2024-05-01T06:25:24.491Z, 57.9829682, 477.0452134
1714544724521, 2024-05-01T06:25:24.521Z, 58.214274599999996, 481.5486202
1714544724536, 2024-05-01T06:25:24.536Z, 64.7642486, 486.14947739999997
1714544724567, 2024-05-01T06:25:24.567Z, 82.1378688, 484.37999019999995
1714544724581, 2024-05-01T06:25:24.581Z, 101.65, 484.264707
1714544724612, 2024-05-01T06:25:24.612Z, 116.177529, 480.6292966
1714544724626, 2024-05-01T06:25:24.626Z, 132.3003258, 480.90189280000004
1714544724656, 2024-05-01T06:25:24.656Z, 153.868413, 486.1852162
1714544724671, 2024-05-01T06:25:24.671Z, 168.88302660000002, 495.9364538
1714544724716, 2024-05-01T06:25:24.716Z, 185.9548062, 504.0518822
1714544724745, 2024-05-01T06:25:24.745Z, 213.14631020000002, 516.0694002
1714544724763, 2024-05-01T06:25:24.763Z, 239.50731919999998, 525.2388848
1714544724790, 2024-05-01T06:25:24.790Z, 260.1292466, 530.4085696
1714544724805, 2024-05-01T06:25:24.805Z, 279.8771498, 537.5731824000001
1714544724835, 2024-05-01T06:25:24.835Z, 296.1207136, 545.1551812
1714544724881, 2024-05-01T06:25:24.881Z, 299.58787440000003, 551.2499187999999
1714544724897, 2024-05-01T06:25:24.897Z, 300.59306200000003, 556.2981386
1714544724928, 2024-05-01T06:25:24.928Z, 297.2824068, 558.7924688
1714544724943, 2024-05-01T06:25:24.943Z, 291.9762042, 558.2058438000001
1714544724974, 2024-05-01T06:25:24.974Z, 284.1896504, 556.0724612
1714544724989, 2024-05-01T06:25:24.989Z, 278.8440462, 553.543496
1714544725017, 2024-05-01T06:25:25.017Z, 275.6595822, 550.7048894000001
1714544725031, 2024-05-01T06:25:25.031Z, 274.2060066, 548.2568806
1714544725061, 2024-05-01T06:25:25.061Z, 274.44754, 547.1033328
1714544725076, 2024-05-01T06:25:25.076Z, 283.3258456, 542.6668418000002
1714544725106, 2024-05-01T06:25:25.106Z, 295.09824319999996, 538.8046115999999
1714544725121, 2024-05-01T06:25:25.121Z, 308.1397244, 534.7282184
1714544725166, 2024-05-01T06:25:25.166Z, 326.7240804, 532.2014509999999
1714544725196, 2024-05-01T06:25:25.196Z, 343.32854499999996, 528.7046038
1714544725210, 2024-05-01T06:25:25.210Z, 355.9549506, 532.7489826
1714544725240, 2024-05-01T06:25:25.240Z, 368.5624166, 536.6126568
1714544725255, 2024-05-01T06:25:25.255Z, 379.6387912, 541.2074422
1714544725285, 2024-05-01T06:25:25.285Z, 398.635453, 545.00287
1714544725346, 2024-05-01T06:25:25.346Z, 421.2727304, 546.4873098
1714544725362, 2024-05-01T06:25:25.362Z, 439.59232099999997, 542.1908548
1714544725395, 2024-05-01T06:25:25.395Z, 452.7677952, 533.9867644
1714544725408, 2024-05-01T06:25:25.408Z, 466.6768284, 526.5195223999999
1714544725439, 2024-05-01T06:25:25.439Z, 466.7450992, 518.698512
1714544725454, 2024-05-01T06:25:25.454Z, 465.7029952, 516.9483551999999
1714544725469, 2024-05-01T06:25:25.469Z, 468.22958600000004, 516.9189027999998
1714544725485, 2024-05-01T06:25:25.485Z, 488.1370968, 522.2899192
1714544725516, 2024-05-01T06:25:25.516Z, 507.710582, 527.0291556
1714544725531, 2024-05-01T06:25:25.531Z, 532.4893184, 532.4473705999999
1714544725562, 2024-05-01T06:25:25.562Z, 555.7473507999999, 535.2585852
1714544725577, 2024-05-01T06:25:25.577Z, 575.2225840000001, 536.7231828
1714544725617, 2024-05-01T06:25:25.617Z, 578.4052669999999, 532.1400448
1714544725646, 2024-05-01T06:25:25.646Z, 580.2851562, 527.224107
1714544725661, 2024-05-01T06:25:25.661Z, 576.9769008000001, 521.8476974000001
1714544725691, 2024-05-01T06:25:25.691Z, 573.049021, 515.6978442000001
1714544725706, 2024-05-01T06:25:25.706Z, 570.0025288, 510.8395684
1714544725736, 2024-05-01T06:25:25.736Z, 566.2643937999999, 508.88479820000003
1714544725781, 2024-05-01T06:25:25.781Z, 561.6824960000001, 506.9981788
1714544725796, 2024-05-01T06:25:25.796Z, 553.5575409999999, 505.0213838000001
1714544725826, 2024-05-01T06:25:25.826Z, 521.7347881999999, 504.08004040000003
1714544725847, 2024-05-01T06:25:25.847Z, 486.47482660000003, 503.8996486
1714544725871, 2024-05-01T06:25:25.871Z, 446.7012833999999, 505.06292920000004
1714544725886, 2024-05-01T06:25:25.886Z, 408.5833778, 506.48167839999996
1714544725917, 2024-05-01T06:25:25.917Z, 374.7467938, 505.83146339999996
1714544725931, 2024-05-01T06:25:25.931Z, 369.683306, 504.79542460000005
1714544725961, 2024-05-01T06:25:25.961Z, 369.5623578, 503.13415860000003
1714544725977, 2024-05-01T06:25:25.977Z, 381.3391164, 502.1885378
1714544726008, 2024-05-01T06:25:26.008Z, 393.4717294, 501.4878511999999
1714544726024, 2024-05-01T06:25:26.024Z, 405.2833998, 502.8912242
1714544726067, 2024-05-01T06:25:26.067Z, 412.21415240000005, 505.7944658
1714544726096, 2024-05-01T06:25:26.096Z, 416.68709820000004, 508.9698862
1714544726111, 2024-05-01T06:25:26.111Z, 411.8215206, 512.1837062
1714544726141, 2024-05-01T06:25:26.141Z, 392.5893222, 517.2735116
1714544726156, 2024-05-01T06:25:26.156Z, 363.71132339999997, 523.2316418
1714544726186, 2024-05-01T06:25:26.186Z, 318.111882, 531.5952605999998
1714544726231, 2024-05-01T06:25:26.231Z, 263.88041400000003, 544.1924207999999
1714544726246, 2024-05-01T06:25:26.246Z, 208.52144819999998, 550.9154258
1714544726276, 2024-05-01T06:25:26.276Z, 163.49687339999997, 546.9281102
1714544726291, 2024-05-01T06:25:26.291Z, 129.3585204, 547.0657506
1714544726333, 2024-05-01T06:25:26.333Z, 112.53638980000001, 543.024807
1714544726348, 2024-05-01T06:25:26.348Z, 105.301961, 534.5660551999999
1714544726367, 2024-05-01T06:25:26.367Z, 103.99504859999999, 536.8090056000001
1714544726381, 2024-05-01T06:25:26.381Z, 106.86177219999999, 547.1679022000001
1714544726411, 2024-05-01T06:25:26.411Z, 107.15927020000001, 552.0987568
1714544726426, 2024-05-01T06:25:26.426Z, 106.8136476, 557.3847003999999
1714544726457, 2024-05-01T06:25:26.457Z, 107.66739620000001, 563.244533
1714544726472, 2024-05-01T06:25:26.472Z, 107.1671922, 563.1385368
1714544726517, 2024-05-01T06:25:26.517Z, 106.42523080000001, 566.9898443999999
1714544726548, 2024-05-01T06:25:26.548Z, 108.111882, 571.961309
1714544726563, 2024-05-01T06:25:26.563Z, 115.0538258, 581.2219286
1714544726595, 2024-05-01T06:25:26.595Z, 121.9979902, 591.3074409999999
1714544726610, 2024-05-01T06:25:26.610Z, 129.2595588, 603.9401466
1714544726641, 2024-05-01T06:25:26.641Z, 137.23895, 618.7265657999999
1714544726681, 2024-05-01T06:25:26.681Z, 145.7457902, 634.5243544
1714544726696, 2024-05-01T06:25:26.696Z, 150.34577399999998, 647.2318677999999
1714544726730, 2024-05-01T06:25:26.730Z, 152.406948, 656.785627
1714544726745, 2024-05-01T06:25:26.745Z, 153.34771, 662.990616
1714544726775, 2024-05-01T06:25:26.775Z, 152.7453498, 663.4014463999999
1714544726786, 2024-05-01T06:25:26.786Z, 151.14547240000002, 663.0683151999999
1714544726817, 2024-05-01T06:25:26.817Z, 147.62325040000002, 660.7817041999999
1714544726831, 2024-05-01T06:25:26.831Z, 146.22088560000003, 660.443339
1714544726861, 2024-05-01T06:25:26.861Z, 145.4042238, 662.404805
1714544726876, 2024-05-01T06:25:26.876Z, 144.063008, 665.4298684
1714544726906, 2024-05-01T06:25:26.906Z, 140.964119, 670.6694626000001
1714544726921, 2024-05-01T06:25:26.921Z, 138.5355328, 677.1051174
1714544726967, 2024-05-01T06:25:26.967Z, 134.40099560000002, 685.4021914
1714544726999, 2024-05-01T06:25:26.999Z, 129.3478546, 691.8355176
1714544727014, 2024-05-01T06:25:27.014Z, 124.78500340000001, 697.2276196
1714544727045, 2024-05-01T06:25:27.045Z, 121.40255259999999, 699.9203568
1714544727060, 2024-05-01T06:25:27.060Z, 118.9498016, 702.6720382000001
1714544727091, 2024-05-01T06:25:27.091Z, 117.9358784, 703.9163602000001
1714544727131, 2024-05-01T06:25:27.131Z, 121.2600612, 704.371357
1714544727145, 2024-05-01T06:25:27.145Z, 124.3187062, 705.9232106000001
1714544727176, 2024-05-01T06:25:27.176Z, 130.57074500000002, 700.6859292
1714544727191, 2024-05-01T06:25:27.191Z, 137.5961778, 693.2939964
1714544727226, 2024-05-01T06:25:27.226Z, 144.95674400000001, 685.2365972
1714544727241, 2024-05-01T06:25:27.241Z, 149.5248074, 678.5077112000001
1714544727269, 2024-05-01T06:25:27.269Z, 154.13736439999997, 669.6249766
1714544727283, 2024-05-01T06:25:27.283Z, 152.8963358, 665.4629954
1714544727313, 2024-05-01T06:25:27.313Z, 150.6641318, 663.0918708000002
1714544727331, 2024-05-01T06:25:27.331Z, 147.694879, 662.4248852
1714544727449, 2024-05-01T06:25:27.449Z, 127.9248998, 638.956711
1714544727465, 2024-05-01T06:25:27.465Z, 123.3234732, 569.3020656
1714544727497, 2024-05-01T06:25:27.497Z, 119.85239320000001, 499.3101879999999
1714544727513, 2024-05-01T06:25:27.513Z, 116.04862940000001, 429.5478932
1714544727543, 2024-05-01T06:25:27.543Z, 115.61935539999999, 362.86342640000004
1714544727584, 2024-05-01T06:25:27.584Z, 131.50527019999998, 317.136614
1714544727599, 2024-05-01T06:25:27.599Z, 132.838177, 318.90066740000003
1714544727628, 2024-05-01T06:25:27.628Z, 143.869078, 327.48730439999997
1714544727643, 2024-05-01T06:25:27.643Z, 156.3809074, 335.01090519999997
1714544727684, 2024-05-01T06:25:27.684Z, 161.1473578, 331.76016500000003
1714544727699, 2024-05-01T06:25:27.699Z, 167.21027080000002, 331.58896100000004
1714544727720, 2024-05-01T06:25:27.720Z, 173.9878086, 331.49316020000003
1714544727733, 2024-05-01T06:25:27.733Z, 173.45018180000002, 328.3174058000001
1714544727763, 2024-05-01T06:25:27.763Z, 172.90496380000002, 323.5636544
1714544727793, 2024-05-01T06:25:27.793Z, 177.23080199999998, 324.48935620000003
1714544727809, 2024-05-01T06:25:27.809Z, 180.91946560000002, 322.06178639999996
1714544727825, 2024-05-01T06:25:27.825Z, 183.8489674, 319.31968900000004
1714544727869, 2024-05-01T06:25:27.869Z, 187.98539540000002, 306.372936
1714544727904, 2024-05-01T06:25:27.904Z, 189.72535399999998, 294.8545258
1714544727919, 2024-05-01T06:25:27.919Z, 191.3315594, 283.8595994
1714544727949, 2024-05-01T06:25:27.949Z, 192.751937, 275.0230908
1714544727964, 2024-05-01T06:25:27.964Z, 194.22749679999998, 266.40414020000003
1714544727995, 2024-05-01T06:25:27.995Z, 194.04257760000002, 266.5540216
1714544728035, 2024-05-01T06:25:28.035Z, 198.3728442, 268.43929760000003
1714544728050, 2024-05-01T06:25:28.050Z, 206.0335552, 271.3158902
1714544728087, 2024-05-01T06:25:28.087Z, 223.0221648, 275.24055680000004
1714544728103, 2024-05-01T06:25:28.103Z, 242.7569762, 277.6492904
1714544728134, 2024-05-01T06:25:28.134Z, 262.7044734, 279.886773
1714544728149, 2024-05-01T06:25:28.149Z, 278.8707636, 281.11182399999996
1714544728171, 2024-05-01T06:25:28.171Z, 292.2122898, 281.2467502
1714544728185, 2024-05-01T06:25:28.185Z, 296.19562039999994, 280.0898076
1714544728225, 2024-05-01T06:25:28.225Z, 297.23259360000003, 279.9341268
1714544728241, 2024-05-01T06:25:28.241Z, 297.8634456, 279.29294519999996
1714544728271, 2024-05-01T06:25:28.271Z, 296.0921438, 279.5964166
1714544728287, 2024-05-01T06:25:28.287Z, 293.8007278, 280.24532459999995
1714544728322, 2024-05-01T06:25:28.322Z, 290.7307434, 281.04326499999996
1714544728350, 2024-05-01T06:25:28.350Z, 290.07832859999996, 281.94705300000004
1714544728366, 2024-05-01T06:25:28.366Z, 293.2575674, 281.7589226
1714544728396, 2024-05-01T06:25:28.396Z, 302.1509354, 281.167166
1714544728411, 2024-05-01T06:25:28.411Z, 312.007959, 280.12336100000005
1714544728442, 2024-05-01T06:25:28.442Z, 327.19691839999996, 279.6463518
1714544728485, 2024-05-01T06:25:28.485Z, 339.7035946, 277.7350214
1714544728500, 2024-05-01T06:25:28.500Z, 348.78235700000005, 277.67506019999996
1714544728530, 2024-05-01T06:25:28.530Z, 355.32496440000006, 275.5444336
1714544728545, 2024-05-01T06:25:28.545Z, 360.38277600000004, 273.048236
1714544728576, 2024-05-01T06:25:28.576Z, 355.82402659999997, 269.7015996
1714544728590, 2024-05-01T06:25:28.590Z, 352.7991626, 268.099132
1714544728617, 2024-05-01T06:25:28.617Z, 333.21941200000003, 263.94069019999995
1714544728631, 2024-05-01T06:25:28.631Z, 301.8245352, 259.33338960000003
1714544728661, 2024-05-01T06:25:28.661Z, 260.0679958, 253.8143946
1714544728676, 2024-05-01T06:25:28.676Z, 224.14928319999999, 249.67007519999999
1714544728706, 2024-05-01T06:25:28.706Z, 186.9482992, 245.5180566
1714544728722, 2024-05-01T06:25:28.722Z, 165.8633716, 243.8905178
1714544728767, 2024-05-01T06:25:28.767Z, 152.3460688, 244.103141
1714544728799, 2024-05-01T06:25:28.799Z, 145.7966662, 243.5811464
1714544728814, 2024-05-01T06:25:28.814Z, 135.27630779999998, 239.808202
1714544728844, 2024-05-01T06:25:28.844Z, 123.25437900000001, 235.03460840000002
1714544728859, 2024-05-01T06:25:28.859Z, 112.854935, 232.68589820000003
1714544728891, 2024-05-01T06:25:28.891Z, 105.7084648, 229.43365359999999
1714544728931, 2024-05-01T06:25:28.931Z, 102.15142060000001, 227.6281622
1714544728946, 2024-05-01T06:25:28.946Z, 104.51555479999999, 232.73811539999997
1714544728976, 2024-05-01T06:25:28.976Z, 110.8425008, 240.2395988
1714544728991, 2024-05-01T06:25:28.991Z, 122.6435064, 247.54881699999996
1714544729021, 2024-05-01T06:25:29.021Z, 142.9909082, 257.2826732
1714544729037, 2024-05-01T06:25:29.037Z, 165.44741240000002, 267.87472020000007
1714544729072, 2024-05-01T06:25:29.072Z, 187.44548079999998, 274.2726414
1714544729086, 2024-05-01T06:25:29.086Z, 207.24064399999997, 279.52055740000003
1714544729111, 2024-05-01T06:25:29.111Z, 219.75914199999997, 283.3236712
1714544729126, 2024-05-01T06:25:29.126Z, 223.7675968, 285.9644072
1714544729157, 2024-05-01T06:25:29.157Z, 226.00327260000003, 288.629932
1714544729173, 2024-05-01T06:25:29.173Z, 225.75852880000002, 290.87152720000006
1714544729223, 2024-05-01T06:25:29.223Z, 224.4484234, 291.450038
1714544729251, 2024-05-01T06:25:29.251Z, 220.55822840000002, 290.0932154
1714544729266, 2024-05-01T06:25:29.266Z, 216.93169699999999, 288.2572018
1714544729298, 2024-05-01T06:25:29.298Z, 217.37290540000004, 285.4419908
1714544729314, 2024-05-01T06:25:29.314Z, 220.00254060000003, 282.37225060000003
1714544729345, 2024-05-01T06:25:29.345Z, 227.77959360000006, 281.24692500000003
1714544729381, 2024-05-01T06:25:29.381Z, 247.34077260000004, 282.2169462
1714544729397, 2024-05-01T06:25:29.397Z, 266.707608, 282.82707739999995
1714544729426, 2024-05-01T06:25:29.426Z, 281.4651874, 283.61729
1714544729441, 2024-05-01T06:25:29.441Z, 293.5419946, 284.1928058
1714544729483, 2024-05-01T06:25:29.483Z, 301.24359259999994, 284.6449044
1714544729498, 2024-05-01T06:25:29.498Z, 299.79419079999997, 283.8594504
1714544729520, 2024-05-01T06:25:29.520Z, 298.3684034, 283.54747280000004
1714544729545, 2024-05-01T06:25:29.545Z, 297.44194419999997, 283.9624252
1714544729561, 2024-05-01T06:25:29.561Z, 294.1206806, 284.5982308
1714544729576, 2024-05-01T06:25:29.576Z, 290.8567124, 284.0136546
1714544729607, 2024-05-01T06:25:29.607Z, 287.0373252, 282.83016299999997
1714544729621, 2024-05-01T06:25:29.621Z, 282.9468478, 281.5794296
1714544729667, 2024-05-01T06:25:29.667Z, 277.2238612, 279.4354648
1714544729696, 2024-05-01T06:25:29.696Z, 274.7517092, 277.3111156
1714544729711, 2024-05-01T06:25:29.711Z, 272.3376416, 275.9763908
1714544729741, 2024-05-01T06:25:29.741Z, 271.1152964, 275.2814738
1714544729756, 2024-05-01T06:25:29.756Z, 270.257473, 274.4369274
1714544729786, 2024-05-01T06:25:29.786Z, 270.24715080000004, 273.464332
1714544729831, 2024-05-01T06:25:29.831Z, 269.11969220000003, 271.7944184
1714544729846, 2024-05-01T06:25:29.846Z, 268.18077900000003, 270.097685
1714544729876, 2024-05-01T06:25:29.876Z, 265.99726880000003, 268.347941
1714544729891, 2024-05-01T06:25:29.891Z, 261.66252560000004, 267.3302486
1714544729921, 2024-05-01T06:25:29.921Z, 256.762222, 266.89963159999996
1714544729936, 2024-05-01T06:25:29.936Z, 252.45305760000002, 267.41989300000006
1714544729967, 2024-05-01T06:25:29.967Z, 248.1373056, 267.89326140000003
1714544729981, 2024-05-01T06:25:29.981Z, 244.35909120000002, 267.8338778
1714544730011, 2024-05-01T06:25:30.011Z, 243.08264559999998, 267.2407602
1714544730026, 2024-05-01T06:25:30.026Z, 243.21713299999996, 266.876136
1714544730056, 2024-05-01T06:25:30.056Z, 243.2522892, 265.985184
1714544730071, 2024-05-01T06:25:30.071Z, 243.32855460000002, 265.2948276
1714544730133, 2024-05-01T06:25:30.133Z, 245.76997100000003, 266.17758699999996
1714544730148, 2024-05-01T06:25:30.148Z, 250.65455220000004, 268.8313384
1714544730164, 2024-05-01T06:25:30.164Z, 255.85545700000003, 271.5339832
1714544730195, 2024-05-01T06:25:30.195Z, 262.0509368, 273.99924
1714544730211, 2024-05-01T06:25:30.211Z, 267.7051276, 275.77068399999996
1714544730242, 2024-05-01T06:25:30.242Z, 271.114015, 276.75951799999996
1714544730281, 2024-05-01T06:25:30.281Z, 271.70207419999997, 276.46086779999996
1714544730296, 2024-05-01T06:25:30.296Z, 271.9332932, 275.8803148
1714544730326, 2024-05-01T06:25:30.326Z, 271.1432566, 274.65901279999997
1714544730341, 2024-05-01T06:25:30.341Z, 270.91531080000004, 274.2073474
1714544730371, 2024-05-01T06:25:30.371Z, 270.62011540000003, 273.4562316
1714544730386, 2024-05-01T06:25:30.386Z, 270.53663059999997, 272.34998540000004
1714544730417, 2024-05-01T06:25:30.417Z, 270.47746820000003, 271.8538664
1714544730431, 2024-05-01T06:25:30.431Z, 270.71152040000004, 273.455965
1714544730461, 2024-05-01T06:25:30.461Z, 270.8354552, 275.00328980000006
1714544730476, 2024-05-01T06:25:30.476Z, 270.859274, 276.474595
1714544730506, 2024-05-01T06:25:30.506Z, 271.06809059999995, 278.1006914000001
1714544730521, 2024-05-01T06:25:30.521Z, 273.6676719999999, 281.8020688
1714544730567, 2024-05-01T06:25:30.567Z, 281.57772940000007, 290.89208199999996
1714544730598, 2024-05-01T06:25:30.598Z, 292.4693166, 304.3463546
1714544730615, 2024-05-01T06:25:30.615Z, 302.68089280000004, 316.35067760000004
1714544730646, 2024-05-01T06:25:30.646Z, 311.19963999999993, 326.1525232
1714544730661, 2024-05-01T06:25:30.661Z, 311.2846566, 324.8886422
1714544730692, 2024-05-01T06:25:30.692Z, 307.3125442, 319.0904272
1714544730731, 2024-05-01T06:25:30.731Z, 302.12321080000004, 315.69065919999997
1714544730746, 2024-05-01T06:25:30.746Z, 297.6937368, 313.74238479999997
1714544730776, 2024-05-01T06:25:30.776Z, 271.8931574, 306.120345
1714544730791, 2024-05-01T06:25:30.791Z, 254.36968420000002, 309.95475999999996
1714544730822, 2024-05-01T06:25:30.822Z, 235.1051348, 313.4998004
1714544730836, 2024-05-01T06:25:30.836Z, 213.4563858, 308.6724578
1714544730867, 2024-05-01T06:25:30.867Z, 197.728759, 309.94184
1714544730881, 2024-05-01T06:25:30.881Z, 203.42341140000002, 322.024004
1714544730911, 2024-05-01T06:25:30.911Z, 203.2661102, 334.41316919999997
1714544730927, 2024-05-01T06:25:30.927Z, 202.4525016, 344.7077524
1714544730956, 2024-05-01T06:25:30.956Z, 201.95856859999998, 356.7323134
1714544730971, 2024-05-01T06:25:30.971Z, 196.4594094, 363.33037260000003
1714544731017, 2024-05-01T06:25:31.017Z, 193.233919, 365.7956482
1714544731048, 2024-05-01T06:25:31.048Z, 193.0089966, 368.05212240000003
1714544731063, 2024-05-01T06:25:31.063Z, 194.28901820000002, 370.3087082
1714544731094, 2024-05-01T06:25:31.094Z, 195.33831199999997, 369.1441366
1714544731109, 2024-05-01T06:25:31.109Z, 194.45214479999999, 360.7908188
1714544731140, 2024-05-01T06:25:31.140Z, 208.0276288, 363.77631360000004
1714544731181, 2024-05-01T06:25:31.181Z, 225.24368059999998, 366.034584
1714544731196, 2024-05-01T06:25:31.196Z, 243.4086692, 370.4487054
1714544731226, 2024-05-01T06:25:31.226Z, 265.8558492, 379.90159259999996
1714544731241, 2024-05-01T06:25:31.241Z, 301.2661036, 394.2566012
1714544731271, 2024-05-01T06:25:31.271Z, 320.6870108, 398.1437412
1714544731286, 2024-05-01T06:25:31.286Z, 338.520495, 399.43550439999996
1714544731317, 2024-05-01T06:25:31.317Z, 355.6536858, 398.631723
1714544731331, 2024-05-01T06:25:31.331Z, 368.4938592, 396.4555002
1714544731365, 2024-05-01T06:25:31.365Z, 368.5228364, 395.9025184
1714544731380, 2024-05-01T06:25:31.380Z, 368.8820166, 394.7245142
1714544731419, 2024-05-01T06:25:31.419Z, 367.3029726, 393.2552672
1714544731435, 2024-05-01T06:25:31.435Z, 365.3843862, 392.6131696
1714544731467, 2024-05-01T06:25:31.467Z, 362.50516759999994, 391.4696616
1714544731497, 2024-05-01T06:25:31.497Z, 357.1127396, 390.2393282
1714544731513, 2024-05-01T06:25:31.513Z, 348.35672959999994, 387.8625338
1714544731544, 2024-05-01T06:25:31.544Z, 339.2704466, 385.88602799999995
1714544731559, 2024-05-01T06:25:31.559Z, 329.996502, 383.7186994
1714544731589, 2024-05-01T06:25:31.589Z, 322.060161, 381.36190980000003
1714544731631, 2024-05-01T06:25:31.631Z, 313.5204302, 375.3934125999999
1714544731646, 2024-05-01T06:25:31.646Z, 307.9750302, 370.69955739999995
1714544731676, 2024-05-01T06:25:31.676Z, 286.1394358, 359.6932178
1714544731691, 2024-05-01T06:25:31.691Z, 258.41345620000004, 346.70767639999997
1714544731721, 2024-05-01T06:25:31.721Z, 230.57958120000004, 334.2032978
1714544731737, 2024-05-01T06:25:31.737Z, 206.1446018, 325.5286158
1714544731768, 2024-05-01T06:25:31.768Z, 180.1756364, 317.78472919999996
1714544731781, 2024-05-01T06:25:31.781Z, 171.5432662, 316.5135647999999
1714544731811, 2024-05-01T06:25:31.811Z, 168.39470599999999, 316.43652799999995
1714544731826, 2024-05-01T06:25:31.826Z, 166.01484799999997, 315.9101758
1714544731856, 2024-05-01T06:25:31.856Z, 165.10108259999998, 314.84822560000003
1714544731871, 2024-05-01T06:25:31.871Z, 165.2992134, 309.67713139999995
1714544731917, 2024-05-01T06:25:31.917Z, 164.84725559999998, 302.72079
1714544731948, 2024-05-01T06:25:31.948Z, 170.5675382, 305.059792
1714544731962, 2024-05-01T06:25:31.962Z, 175.1155276, 308.2491948
1714544731993, 2024-05-01T06:25:31.993Z, 172.67249880000003, 329.8639832
1714544732008, 2024-05-01T06:25:32.008Z, 169.6907138, 368.3528
1714544732040, 2024-05-01T06:25:32.040Z, 166.05446160000002, 415.4886304
1714544732081, 2024-05-01T06:25:32.081Z, 156.5810988, 462.4250972
1714544732096, 2024-05-01T06:25:32.096Z, 147.882573, 508.0568875999999
1714544732126, 2024-05-01T06:25:32.126Z, 145.61942560000003, 534.6306922
1714544732141, 2024-05-01T06:25:32.141Z, 146.6733778, 543.608004
1714544732171, 2024-05-01T06:25:32.171Z, 155.1969684, 544.1310891999999
1714544732186, 2024-05-01T06:25:32.186Z, 165.74753379999999, 535.723514
1714544732217, 2024-05-01T06:25:32.217Z, 177.99823540000003, 531.3204499999999
1714544732231, 2024-05-01T06:25:32.231Z, 187.79996620000003, 526.405528
1714544732368, 2024-05-01T06:25:32.368Z, 221.285034, 474.29621660000004
1714544732396, 2024-05-01T06:25:32.396Z, 251.0341856, 426.26498040000007
1714544732412, 2024-05-01T06:25:32.412Z, 278.74724439999994, 379.519932
1714544732443, 2024-05-01T06:25:32.443Z, 304.5795344, 329.6955086
1714544732459, 2024-05-01T06:25:32.459Z, 332.48729579999997, 281.5899788
1714544732490, 2024-05-01T06:25:32.490Z, 333.5334086, 285.0744706
1714544732531, 2024-05-01T06:25:32.531Z, 334.22522779999997, 289.6035336
1714544732546, 2024-05-01T06:25:32.546Z, 341.070485, 301.71811360000004
1714544732576, 2024-05-01T06:25:32.576Z, 344.2802632, 309.7738814
1714544732591, 2024-05-01T06:25:32.591Z, 336.358064, 306.6348034
1714544732621, 2024-05-01T06:25:32.621Z, 329.533307, 303.30971
1714544732636, 2024-05-01T06:25:32.636Z, 320.21162619999996, 297.8898248
1714544732667, 2024-05-01T06:25:32.667Z, 303.7954424, 283.8956592
1714544732681, 2024-05-01T06:25:32.681Z, 290.311284, 273.6092438
1714544732711, 2024-05-01T06:25:32.711Z, 287.8786308, 273.0831036
1714544732731, 2024-05-01T06:25:32.731Z, 286.0903506, 272.5829238
1714544732760, 2024-05-01T06:25:32.760Z, 284.5241526, 270.58764920000004
1714544732776, 2024-05-01T06:25:32.776Z, 280.7921848, 268.7265262
1714544732817, 2024-05-01T06:25:32.817Z, 263.2286224, 265.479309
1714544732846, 2024-05-01T06:25:32.846Z, 229.31250179999998, 255.5367122
1714544732875, 2024-05-01T06:25:32.875Z, 192.64799580000002, 245.92572680000004
1714544732891, 2024-05-01T06:25:32.891Z, 153.8121268, 235.74055900000002
1714544732906, 2024-05-01T06:25:32.906Z, 121.30892180000001, 228.8253196
1714544732936, 2024-05-01T06:25:32.936Z, 101.98159000000001, 223.749614
1714544732996, 2024-05-01T06:25:32.996Z, 102.75258260000001, 232.136802
1714544733026, 2024-05-01T06:25:33.026Z, 103.2553858, 237.3665106
1714544733042, 2024-05-01T06:25:33.042Z, 106.83137939999999, 242.7453718
1714544733071, 2024-05-01T06:25:33.071Z, 118.83772719999999, 250.67315119999998
1714544733086, 2024-05-01T06:25:33.086Z, 130.6838002, 257.33042
1714544733117, 2024-05-01T06:25:33.117Z, 142.686754, 261.1530656
1714544733131, 2024-05-01T06:25:33.131Z, 156.6706468, 266.0375858
1714544733161, 2024-05-01T06:25:33.161Z, 172.510097, 273.46275679999997
1714544733176, 2024-05-01T06:25:33.176Z, 178.05692979999998, 276.2966758
1714544733206, 2024-05-01T06:25:33.206Z, 184.3426704, 274.8554176
1714544733221, 2024-05-01T06:25:33.221Z, 189.4607408, 270.733352
1714544733272, 2024-05-01T06:25:33.272Z, 197.926961, 268.5657158
1714544733296, 2024-05-01T06:25:33.296Z, 218.473252, 266.5440454
1714544733311, 2024-05-01T06:25:33.311Z, 241.04242520000003, 264.5166208
1714544733341, 2024-05-01T06:25:33.341Z, 269.033162, 268.9527556
1714544733357, 2024-05-01T06:25:33.357Z, 296.0564988, 273.94864100000007
1714544733387, 2024-05-01T06:25:33.387Z, 319.6023054, 278.57696480000004
1714544733431, 2024-05-01T06:25:33.431Z, 329.8806776, 281.006396
1714544733446, 2024-05-01T06:25:33.446Z, 336.80367060000003, 282.3078564
1714544733480, 2024-05-01T06:25:33.480Z, 339.23657140000006, 282.2486616
1714544733496, 2024-05-01T06:25:33.496Z, 339.7254474, 281.5467642
1714544733528, 2024-05-01T06:25:33.528Z, 340.2325824, 281.06786279999994
1714544733544, 2024-05-01T06:25:33.544Z, 333.48271780000005, 279.7098186
1714544733571, 2024-05-01T06:25:33.571Z, 325.0823974, 278.25655639999997
1714544733585, 2024-05-01T06:25:33.585Z, 313.21926759999997, 276.0494296
1714544733621, 2024-05-01T06:25:33.621Z, 296.3042814, 272.98218979999996
1714544733636, 2024-05-01T06:25:33.636Z, 279.9637242, 269.9451706
1714544733668, 2024-05-01T06:25:33.668Z, 268.00811880000003, 267.315188
1714544733682, 2024-05-01T06:25:33.682Z, 258.1423098, 264.98399
1714544733719, 2024-05-01T06:25:33.719Z, 250.801988, 263.5441504
1714544733748, 2024-05-01T06:25:33.748Z, 248.937665, 262.5764678
1714544733769, 2024-05-01T06:25:33.769Z, 247.36602539999998, 261.7593978
1714544733807, 2024-05-01T06:25:33.807Z, 247.063722, 261.14057060000005
1714544733822, 2024-05-01T06:25:33.822Z, 246.4480458, 260.4250564
1714544733837, 2024-05-01T06:25:33.837Z, 372.5712994, 263.0128982
1714544733882, 2024-05-01T06:25:33.882Z, 501.51545000000004, 265.7789572
1714544733898, 2024-05-01T06:25:33.898Z, 644.2803736, 266.63510299999996
1714544733929, 2024-05-01T06:25:33.929Z, 818.617574, 264.7720522
1714544733945, 2024-05-01T06:25:33.945Z, 1004.0282406, 265.602483
1714544733976, 2024-05-01T06:25:33.976Z, 1070.892886, 264.866822
1714544733992, 2024-05-01T06:25:33.992Z, 1135.4467200000001, 265.2687112
1714544734019, 2024-05-01T06:25:34.019Z, 1190.3715336, 265.36061759999996
1714544734033, 2024-05-01T06:25:34.033Z, 1214.3679122, 268.8761018
1714544734063, 2024-05-01T06:25:34.063Z, 1228.3895914, 269.1078426
1714544734078, 2024-05-01T06:25:34.078Z, 1236.1041992, 267.5646888
1714544734110, 2024-05-01T06:25:34.110Z, 1248.6090446, 266.0951102
1714544734123, 2024-05-01T06:25:34.123Z, 1256.0170886, 267.8466974
1714544734169, 2024-05-01T06:25:34.169Z, 1263.4549998, 267.8298098
1714544734198, 2024-05-01T06:25:34.198Z, 1273.682456, 263.2818148
1714544734225, 2024-05-01T06:25:34.225Z, 1286.0307996, 256.1893466
1714544734243, 2024-05-01T06:25:34.243Z, 1297.9310748000003, 245.71507000000003
1714544734258, 2024-05-01T06:25:34.258Z, 1310.6961326, 234.42342960000002
1714544734288, 2024-05-01T06:25:34.288Z, 1322.883477, 224.3200914
1714544734333, 2024-05-01T06:25:34.333Z, 1330.35792, 217.8043858
1714544734348, 2024-05-01T06:25:34.348Z, 1335.8309334, 213.79673499999998
1714544734377, 2024-05-01T06:25:34.377Z, 1338.0881270000002, 213.36949199999998
1714544734393, 2024-05-01T06:25:34.393Z, 1342.1126602, 214.168165
1714544734422, 2024-05-01T06:25:34.422Z, 1345.8251444, 214.7741266
1714544734447, 2024-05-01T06:25:34.447Z, 1351.5410654, 217.5443056
1714544734469, 2024-05-01T06:25:34.469Z, 1356.2140942, 221.46921820000003
1714544734483, 2024-05-01T06:25:34.483Z, 1358.7433918, 224.00746859999998
1714544734513, 2024-05-01T06:25:34.513Z, 1359.8955250000001, 224.980395
1714544734528, 2024-05-01T06:25:34.528Z, 1360.8443937999998, 226.41692899999998
1714544734557, 2024-05-01T06:25:34.557Z, 1360.4773076, 227.21782760000002
1714544734586, 2024-05-01T06:25:34.586Z, 1359.6552295999998, 226.634303
1714544734619, 2024-05-01T06:25:34.619Z, 1359.1748349999998, 227.319685
1714544734650, 2024-05-01T06:25:34.650Z, 1358.8651144, 227.7085844
1714544734665, 2024-05-01T06:25:34.665Z, 1358.321607, 227.18377260000003
1714544734697, 2024-05-01T06:25:34.697Z, 1358.0025726, 226.0134138
1714544734713, 2024-05-01T06:25:34.713Z, 1356.3157512, 223.6949546
1714544734743, 2024-05-01T06:25:34.743Z, 1354.7224524, 220.53658140000002
1714544734783, 2024-05-01T06:25:34.783Z, 1353.5744407999998, 217.95481060000003
1714544734798, 2024-05-01T06:25:34.798Z, 1353.6451216, 215.9185176
1714544734831, 2024-05-01T06:25:34.831Z, 1353.3018198000002, 214.2583616
1714544734846, 2024-05-01T06:25:34.846Z, 1354.3551864, 213.91984700000003
1714544734885, 2024-05-01T06:25:34.885Z, 1354.5782996, 213.493492
1714544734900, 2024-05-01T06:25:34.900Z, 1353.805658, 213.56369180000002
1714544734919, 2024-05-01T06:25:34.919Z, 1354.3274345999998, 214.43780819999998
1714544734933, 2024-05-01T06:25:34.933Z, 1355.7260125999999, 215.02406000000002
1714544734963, 2024-05-01T06:25:34.963Z, 1357.0364482, 215.28558579999998
1714544734978, 2024-05-01T06:25:34.978Z, 1359.260943, 215.6094076
1714544735010, 2024-05-01T06:25:35.010Z, 1353.5179991999998, 215.9024872
1714544735026, 2024-05-01T06:25:35.026Z, 1336.0752214, 217.5011826
1714544735069, 2024-05-01T06:25:35.069Z, 1305.1976726, 221.58460100000002
1714544735097, 2024-05-01T06:25:35.097Z, 1255.3135588, 225.2845942
1714544735113, 2024-05-01T06:25:35.113Z, 1205.0984786, 228.49200639999998
1714544735143, 2024-05-01T06:25:35.143Z, 1162.9383478, 229.97149840000003
1714544735158, 2024-05-01T06:25:35.158Z, 1130.7628459999999, 229.70125080000003
1714544735188, 2024-05-01T06:25:35.188Z, 1111.5722898, 226.694177
1714544735233, 2024-05-01T06:25:35.233Z, 1111.9716913999998, 224.6886958
1714544735248, 2024-05-01T06:25:35.248Z, 1112.5892351999998, 223.00592120000002
1714544735279, 2024-05-01T06:25:35.279Z, 1114.154357, 218.7558082
1714544735309, 2024-05-01T06:25:35.309Z, 1114.9579076, 214.6824556
1714544735324, 2024-05-01T06:25:35.324Z, 1115.3919713999999, 211.54162920000005
1714544735340, 2024-05-01T06:25:35.340Z, 1115.2037106, 207.7341568
1714544735369, 2024-05-01T06:25:35.369Z, 1114.6433430000002, 203.550462
1714544735383, 2024-05-01T06:25:35.383Z, 1113.8016392, 202.92805040000002
1714544735413, 2024-05-01T06:25:35.413Z, 1113.6199284, 202.01728759999997
1714544735429, 2024-05-01T06:25:35.429Z, 1114.0356560000002, 201.080836
1714544735457, 2024-05-01T06:25:35.457Z, 1114.8645015999998, 200.52863099999996
1714544735473, 2024-05-01T06:25:35.473Z, 1115.9608821999998, 200.0510934
1714544735519, 2024-05-01T06:25:35.519Z, 1115.9251526, 199.6181386
1714544735548, 2024-05-01T06:25:35.548Z, 1115.031175, 199.35852519999997
1714544735566, 2024-05-01T06:25:35.566Z, 1114.1575103999999, 198.7907512
1714544735605, 2024-05-01T06:25:35.605Z, 1114.4709264, 196.7878736
1714544735620, 2024-05-01T06:25:35.620Z, 1114.566973, 194.7880872
1714544735651, 2024-05-01T06:25:35.651Z, 1112.9649834, 188.8986726
1714544735683, 2024-05-01T06:25:35.683Z, 1110.6259398, 180.14541959999997
1714544735699, 2024-05-01T06:25:35.699Z, 1107.7849158000001, 172.04792539999997
1714544735729, 2024-05-01T06:25:35.729Z, 1104.0160798000002, 165.7239626
1714544735745, 2024-05-01T06:25:35.745Z, 1100.4652090000002, 160.3189462
1714544735777, 2024-05-01T06:25:35.777Z, 1098.2675816, 160.17613799999998
1714544735792, 2024-05-01T06:25:35.792Z, 1097.6363148, 163.06413
1714544735819, 2024-05-01T06:25:35.819Z, 1097.05167, 165.735115
1714544735833, 2024-05-01T06:25:35.833Z, 1096.0512833999999, 168.4450716
1714544735863, 2024-05-01T06:25:35.863Z, 1095.499712, 169.476089
1714544735877, 2024-05-01T06:25:35.877Z, 1095.3467688, 168.5409216
1714544735913, 2024-05-01T06:25:35.913Z, 1095.7103855999999, 167.47552860000002
1714544735929, 2024-05-01T06:25:35.929Z, 1096.8479738, 166.69487199999998
1714544735967, 2024-05-01T06:25:35.967Z, 1099.5254182, 166.0660892
1714544736007, 2024-05-01T06:25:36.007Z, 1102.0048166000001, 166.42426299999997
1714544736022, 2024-05-01T06:25:36.022Z, 1104.321558, 167.1046952
1714544736040, 2024-05-01T06:25:36.040Z, 1104.7737476000002, 166.80751479999998
1714544736060, 2024-05-01T06:25:36.060Z, 1104.2274874, 165.6524022
1714544736087, 2024-05-01T06:25:36.087Z, 1102.5266230000002, 163.7198484
1714544736133, 2024-05-01T06:25:36.133Z, 1100.8069374000002, 161.69745899999998
1714544736162, 2024-05-01T06:25:36.162Z, 1099.7796994, 160.76650840000002
1714544736178, 2024-05-01T06:25:36.178Z, 1099.9755188, 160.390271
1714544736192, 2024-05-01T06:25:36.192Z, 1100.5988314, 160.91050720000004
1714544736224, 2024-05-01T06:25:36.224Z, 1101.7780358, 161.80639380000002
1714544736238, 2024-05-01T06:25:36.238Z, 1103.03743, 162.9516438
1714544736268, 2024-05-01T06:25:36.268Z, 1105.2426592, 163.7865264
1714544736285, 2024-05-01T06:25:36.285Z, 1111.6548846, 167.73975679999998
1714544736316, 2024-05-01T06:25:36.316Z, 1118.0761446000001, 173.60275940000002
1714544736490, 2024-05-01T06:25:36.490Z, 1137.2548842, 176.50075420000002
1714544736505, 2024-05-01T06:25:36.505Z, 1158.1587892, 177.4453296
1714544736535, 2024-05-01T06:25:36.535Z, 1179.1013454, 176.6018252
1714544736581, 2024-05-01T06:25:36.581Z, 1193.2369562, 175.2879234
1714544736596, 2024-05-01T06:25:36.596Z, 1206.0619252000001, 172.8526162
1714544736625, 2024-05-01T06:25:36.625Z, 1203.3102876, 173.097259
1714544736641, 2024-05-01T06:25:36.641Z, 1197.5069468, 174.9393508
1714544736671, 2024-05-01T06:25:36.671Z, 1190.5693494000002, 177.9522116
1714544736687, 2024-05-01T06:25:36.687Z, 1186.1417492, 178.4649728
1714544736717, 2024-05-01T06:25:36.717Z, 1183.3472248000003, 176.3802844
1714544736731, 2024-05-01T06:25:36.731Z, 1181.6232897999998, 172.541948
1714544736761, 2024-05-01T06:25:36.761Z, 1165.6158487999999, 169.798556
1714544736776, 2024-05-01T06:25:36.776Z, 1151.1343206, 166.8925176
1714544736806, 2024-05-01T06:25:36.806Z, 1135.7637570000002, 164.348085
1714544736821, 2024-05-01T06:25:36.821Z, 1118.8333302, 163.3751954
1714544736867, 2024-05-01T06:25:36.867Z, 1099.42674, 166.07311760000002
1714544736895, 2024-05-01T06:25:36.895Z, 1096.4330224, 169.170286
1714544736911, 2024-05-01T06:25:36.911Z, 1091.9202120000002, 172.4405642
1714544736946, 2024-05-01T06:25:36.946Z, 1088.4395227999998, 175.44702420000002
1714544736956, 2024-05-01T06:25:36.956Z, 1086.1686658, 177.36204619999998
1714544736986, 2024-05-01T06:25:36.986Z, 1089.1521366, 179.29719060000002
1714544737030, 2024-05-01T06:25:37.030Z, 1091.2044466, 180.3993778
1714544737045, 2024-05-01T06:25:37.045Z, 1092.1315766, 181.1994414
1714544737087, 2024-05-01T06:25:37.087Z, 1092.3433443999998, 181.9878412
1714544737103, 2024-05-01T06:25:37.103Z, 1091.713242, 183.1098962
1714544737120, 2024-05-01T06:25:37.120Z, 1090.0748784, 182.0034922
1714544737135, 2024-05-01T06:25:37.135Z, 1088.4392288, 180.186832
1714544737167, 2024-05-01T06:25:37.167Z, 1087.5977708, 179.10934740000002
1714544737181, 2024-05-01T06:25:37.181Z, 1084.6097688, 180.357703
1714544737213, 2024-05-01T06:25:37.213Z, 1083.5431568, 181.8163242
1714544737228, 2024-05-01T06:25:37.228Z, 1083.2576788, 183.4000038
1714544737259, 2024-05-01T06:25:37.259Z, 1088.3074988, 189.1547392
1714544737274, 2024-05-01T06:25:37.274Z, 1095.2410260000001, 196.8965926
1714544737317, 2024-05-01T06:25:37.317Z, 1113.76856, 211.01745379999997
1714544737346, 2024-05-01T06:25:37.346Z, 1141.8881462000002, 239.0939816
1714544737361, 2024-05-01T06:25:37.361Z, 1168.5816472000001, 268.42666240000005
1714544737390, 2024-05-01T06:25:37.390Z, 1190.003954, 295.0640392
1714544737406, 2024-05-01T06:25:37.406Z, 1209.7925238, 319.37651500000004
1714544737435, 2024-05-01T06:25:37.435Z, 1221.3835048, 334.78523
1714544737485, 2024-05-01T06:25:37.485Z, 1224.989755, 335.5645318
1714544737498, 2024-05-01T06:25:37.498Z, 1231.9841391999998, 333.989406
1714544737541, 2024-05-01T06:25:37.541Z, 1243.4977184, 329.3648258
1714544737556, 2024-05-01T06:25:37.556Z, 1259.5798652, 322.8531838
1714544737587, 2024-05-01T06:25:37.587Z, 1275.5695416, 317.3084526
1714544737603, 2024-05-01T06:25:37.603Z, 1289.5376814, 312.4037252
1714544737621, 2024-05-01T06:25:37.621Z, 1300.6363767999999, 308.62908380000005
1714544737634, 2024-05-01T06:25:37.634Z, 1310.511443, 304.58127120000006
1714544737665, 2024-05-01T06:25:37.665Z, 1323.0765615999999, 301.648885
1714544737681, 2024-05-01T06:25:37.681Z, 1336.2904294, 298.3318346
1714544737712, 2024-05-01T06:25:37.712Z, 1350.7119398, 296.12077239999996
1714544737728, 2024-05-01T06:25:37.728Z, 1365.2866417999999, 294.47542200000004
1714544737771, 2024-05-01T06:25:37.771Z, 1377.0150343999999, 295.8331238
1714544737805, 2024-05-01T06:25:37.805Z, 1380.9331342, 301.18632140000005
1714544737823, 2024-05-01T06:25:37.823Z, 1384.4291796, 306.101395
1714544737851, 2024-05-01T06:25:37.851Z, 1385.3334792, 310.16773959999995
1714544737866, 2024-05-01T06:25:37.866Z, 1386.0466608, 313.46644299999997
1714544737897, 2024-05-01T06:25:37.897Z, 1388.6155124, 316.3109928
1714544737961, 2024-05-01T06:25:37.961Z, 1416.8713186, 318.3926802
1714544738008, 2024-05-01T06:25:38.008Z, 1460.4928214, 319.63740759999996
1714544738038, 2024-05-01T06:25:38.038Z, 1504.7710194, 320.9753636
1714544738087, 2024-05-01T06:25:38.087Z, 1548.2395288, 331.4726602
1714544738133, 2024-05-01T06:25:38.133Z, 1591.5000968, 343.98133160000003
1714544738180, 2024-05-01T06:25:38.180Z, 1608.7156817999999, 352.786379
1714544738216, 2024-05-01T06:25:38.216Z, 1610.2929478, 358.26184079999996
1714544738384, 2024-05-01T06:25:38.384Z, 1602.3360988, 359.03835100000003
1714544738399, 2024-05-01T06:25:38.399Z, 1602.5991534, 350.252851
1714544738444, 2024-05-01T06:25:38.444Z, 1601.8032036, 338.2616922
1714544738490, 2024-05-01T06:25:38.490Z, 1604.2827804, 324.6710694
1714544738532, 2024-05-01T06:25:38.532Z, 1605.0616788000002, 313.45531259999996
1714544738577, 2024-05-01T06:25:38.577Z, 1616.0865589999999, 313.68630199999996
1714544738622, 2024-05-01T06:25:38.622Z, 1621.2888773999998, 315.6919932
1714544738668, 2024-05-01T06:25:38.668Z, 1623.3564841999998, 317.4110158
1714544738712, 2024-05-01T06:25:38.712Z, 1623.3192299999998, 322.0575918
1714544738758, 2024-05-01T06:25:38.758Z, 1625.8270283999998, 328.2782614
1714544738846, 2024-05-01T06:25:38.846Z, 1560.9979614000001, 348.57842600000004
1714544738892, 2024-05-01T06:25:38.892Z, 1489.0011266000001, 369.2027418
1714544738922, 2024-05-01T06:25:38.922Z, 1418.9475651999996, 390.96743159999994
1714544738937, 2024-05-01T06:25:38.937Z, 1348.5757617999998, 409.8396616
1714544738980, 2024-05-01T06:25:38.980Z, 1277.4623404, 425.81163319999996
1714544739016, 2024-05-01T06:25:39.016Z, 1266.4318546, 423.49782000000005
1714544739031, 2024-05-01T06:25:39.031Z, 1258.4819938, 420.53283680000004
1714544739063, 2024-05-01T06:25:39.063Z, 1245.200276, 407.06493
1714544739078, 2024-05-01T06:25:39.078Z, 1232.6697286, 396.28898360000005
1714544739117, 2024-05-01T06:25:39.117Z, 1219.526373, 386.7602424
1714544739155, 2024-05-01T06:25:39.155Z, 1208.4642962, 380.20710399999996
1714544739171, 2024-05-01T06:25:39.171Z, 1199.7090182, 373.0214285999999
1714544739202, 2024-05-01T06:25:39.202Z, 1197.1025078000002, 377.1785814
1714544739217, 2024-05-01T06:25:39.217Z, 1193.1853968, 381.67567840000004
1714544739249, 2024-05-01T06:25:39.249Z, 1189.7732965999999, 389.704075
1714544739284, 2024-05-01T06:25:39.284Z, 1190.5125745999999, 392.37712
1714544739299, 2024-05-01T06:25:39.299Z, 1190.6038652000002, 393.9278636
1714544739329, 2024-05-01T06:25:39.329Z, 1190.5049780000002, 391.29137099999997
1714544739344, 2024-05-01T06:25:39.344Z, 1201.8444196, 389.07484839999995
1714544739375, 2024-05-01T06:25:39.375Z, 1222.4838816, 386.224069
1714544739391, 2024-05-01T06:25:39.391Z, 1240.9778218000001, 383.9243418
1714544739464, 2024-05-01T06:25:39.464Z, 1278.2954774000002, 382.8931606
1714544739478, 2024-05-01T06:25:39.478Z, 1311.6124516, 387.7065388
1714544739505, 2024-05-01T06:25:39.505Z, 1329.9326052000001, 391.1539484
1714544739520, 2024-05-01T06:25:39.520Z, 1339.103977, 393.652307
1714544739567, 2024-05-01T06:25:39.567Z, 1350.0248629999999, 396.50054719999997
1714544739609, 2024-05-01T06:25:39.609Z, 1343.4028323999999, 399.0665336
1714544739624, 2024-05-01T06:25:39.624Z, 1340.1718211999998, 399.1055892
1714544739656, 2024-05-01T06:25:39.656Z, 1338.9404414, 401.77355
1714544739671, 2024-05-01T06:25:39.671Z, 1337.3782231999999, 403.7732648
1714544739702, 2024-05-01T06:25:39.702Z, 1328.0688096, 404.70579639999994
1714544739749, 2024-05-01T06:25:39.749Z, 1310.34718, 405.23740819999995
1714544739779, 2024-05-01T06:25:39.779Z, 1292.8556113999998, 405.22275099999996
1714544739795, 2024-05-01T06:25:39.795Z, 1274.2000292, 403.42466239999993
1714544739826, 2024-05-01T06:25:39.826Z, 1254.6871246, 401.96669579999997
1714544739841, 2024-05-01T06:25:39.841Z, 1243.712344, 400.155254
1714544739870, 2024-05-01T06:25:39.870Z, 1241.3105528, 400.6441782
1714544739885, 2024-05-01T06:25:39.885Z, 1239.9703628000002, 401.8888714
1714544739912, 2024-05-01T06:25:39.912Z, 1242.7744904, 403.201215
1714544739927, 2024-05-01T06:25:39.927Z, 1246.202968, 404.813891
1714544739957, 2024-05-01T06:25:39.957Z, 1233.1927496000003, 406.239667
1714544739972, 2024-05-01T06:25:39.972Z, 1218.6534918000002, 405.9894398
1714544740022, 2024-05-01T06:25:40.022Z, 1203.1532106, 406.2551378
1714544740060, 2024-05-01T06:25:40.060Z, 1187.2662554, 407.07203080000005
1714544740075, 2024-05-01T06:25:40.075Z, 1172.9885608, 409.60389560000004
1714544740092, 2024-05-01T06:25:40.092Z, 1173.753407, 412.9793766000001
1714544740107, 2024-05-01T06:25:40.107Z, 1174.826093, 416.5510674
1714544740137, 2024-05-01T06:25:40.137Z, 1176.0197311999998, 419.48911160000006
1714544740183, 2024-05-01T06:25:40.183Z, 1174.6978422, 422.1798236000001
1714544740198, 2024-05-01T06:25:40.198Z, 1172.5307222, 423.20473519999996
1714544740230, 2024-05-01T06:25:40.230Z, 1165.2527802, 422.534872
1714544740246, 2024-05-01T06:25:40.246Z, 1157.0393067999998, 421.4098688
1714544740275, 2024-05-01T06:25:40.275Z, 1143.5725962000001, 416.3914346
1714544740291, 2024-05-01T06:25:40.291Z, 1132.1048845999999, 411.0309305999999
1714544740319, 2024-05-01T06:25:40.319Z, 1120.9462624, 407.95942679999996
1714544740332, 2024-05-01T06:25:40.332Z, 1116.8489804, 407.1102890000001
1714544740362, 2024-05-01T06:25:40.362Z, 1113.8853508, 406.53356599999995
1714544740378, 2024-05-01T06:25:40.378Z, 1116.7508739999998, 409.66558939999993
1714544740407, 2024-05-01T06:25:40.407Z, 1120.1129242, 413.68650879999996
1714544740422, 2024-05-01T06:25:40.422Z, 1122.4043844, 415.06137020000006
1714544740468, 2024-05-01T06:25:40.468Z, 1124.0286742, 415.20797220000003
1714544740497, 2024-05-01T06:25:40.497Z, 1001.9978794000001, 417.4968242
1714544740516, 2024-05-01T06:25:40.516Z, 832.3874612000002, 424.5110106
1714544740555, 2024-05-01T06:25:40.555Z, 659.4204083999999, 430.039927
1714544740571, 2024-05-01T06:25:40.571Z, 483.62261420000004, 433.9074818
1714544740587, 2024-05-01T06:25:40.587Z, 303.8059076, 436.4227656
1714544740648, 2024-05-01T06:25:40.648Z, 245.60784180000002, 442.95112759999995
1714544740678, 2024-05-01T06:25:40.678Z, 237.63563120000003, 447.80363980000004
1714544740694, 2024-05-01T06:25:40.694Z, 234.8275896, 453.95001279999997
1714544740725, 2024-05-01T06:25:40.725Z, 234.36517600000002, 460.54670580000004
1714544740741, 2024-05-01T06:25:40.741Z, 236.38688940000003, 463.46556359999994
1714544740768, 2024-05-01T06:25:40.768Z, 219.55238560000004, 498.8440317999999
1714544740782, 2024-05-01T06:25:40.782Z, 199.3255608, 533.703246
1714544740812, 2024-05-01T06:25:40.812Z, 174.0858202, 573.5965398000001
1714544740827, 2024-05-01T06:25:40.827Z, 150.0835392, 617.2088422
1714544740857, 2024-05-01T06:25:40.857Z, 129.2142488, 667.430805
1714544740873, 2024-05-01T06:25:40.873Z, 128.49879140000002, 678.3923276
1714544740918, 2024-05-01T06:25:40.918Z, 128.02477919999998, 686.5913348
1714544740946, 2024-05-01T06:25:40.946Z, 129.53579919999999, 689.2404966
1714544740964, 2024-05-01T06:25:40.964Z, 130.2971594, 689.8791736000001
1714544740994, 2024-05-01T06:25:40.994Z, 212.31500800000003, 671.873605
1714544741006, 2024-05-01T06:25:41.006Z, 329.75141659999997, 646.717939
1714544741035, 2024-05-01T06:25:41.035Z, 476.16956799999997, 614.4836068
1714544741080, 2024-05-01T06:25:41.080Z, 672.0733918, 567.9445750000001
1714544741096, 2024-05-01T06:25:41.096Z, 868.4502192, 520.9365264
1714544741127, 2024-05-01T06:25:41.127Z, 984.9107226, 490.96827599999995
1714544741142, 2024-05-01T06:25:41.142Z, 1066.8489268, 468.88036220000004
1714544741174, 2024-05-01T06:25:41.174Z, 1119.0672584, 454.79057359999996
1714544741189, 2024-05-01T06:25:41.189Z, 1121.8690242, 453.56373220000006
1714544741222, 2024-05-01T06:25:41.222Z, 1122.2442156000002, 445.46221319999995
1714544741252, 2024-05-01T06:25:41.252Z, 1119.6171586, 437.54874
1714544741267, 2024-05-01T06:25:41.267Z, 1116.3548702, 428.2269972
1714544741283, 2024-05-01T06:25:41.283Z, 1112.901156, 417.9163906
1714544741314, 2024-05-01T06:25:41.314Z, 1111.1196442, 409.7554496000001
1714544741330, 2024-05-01T06:25:41.330Z, 1111.7292407999998, 408.7723362
1714544741454, 2024-05-01T06:25:41.454Z, 1110.0979204, 409.318426
1714544741470, 2024-05-01T06:25:41.470Z, 915.9641015999999, 455.85148960000004
1714544741501, 2024-05-01T06:25:41.501Z, 720.6775114, 500.0860850000001
1714544741535, 2024-05-01T06:25:41.535Z, 516.9636437999999, 542.50799
1714544741563, 2024-05-01T06:25:41.563Z, 310.1939184, 583.8120574000001
1714544741579, 2024-05-01T06:25:41.579Z, 103.7218214, 623.1112114
1714544741595, 2024-05-01T06:25:41.595Z, 89.2081148, 615.0770587999999
1714544741627, 2024-05-01T06:25:41.627Z, 77.11046739999999, 610.1011699999999
1714544741641, 2024-05-01T06:25:41.641Z, 72.96142359999999, 606.0514430000001
1714544741670, 2024-05-01T06:25:41.670Z, 76.100006, 601.5572442
1714544741688, 2024-05-01T06:25:41.688Z, 81.807783, 600.356204
1714544741719, 2024-05-01T06:25:41.719Z, 89.5708458, 602.9746872
1714544741735, 2024-05-01T06:25:41.735Z, 98.3811832, 608.6345686
1714544741767, 2024-05-01T06:25:41.767Z, 110.0480652, 616.8152474
1714544741783, 2024-05-01T06:25:41.783Z, 118.67425699999998, 626.956061
1714544741822, 2024-05-01T06:25:41.822Z, 129.2341502, 635.0886419999999
1714544741863, 2024-05-01T06:25:41.863Z, 137.806883, 641.0989974
1714544741878, 2024-05-01T06:25:41.878Z, 144.082155, 643.8026972
1714544741909, 2024-05-01T06:25:41.909Z, 146.67336339999997, 645.0714783999999
1714544741924, 2024-05-01T06:25:41.924Z, 148.0747596, 645.4728308000001
1714544741939, 2024-05-01T06:25:41.939Z, 146.927902, 645.6602404
1714544741986, 2024-05-01T06:25:41.986Z, 146.6405502, 646.3902902
1714544742002, 2024-05-01T06:25:42.002Z, 146.3590754, 648.0250010000001
1714544742032, 2024-05-01T06:25:42.032Z, 148.1495584, 649.8026354000001
1714544742048, 2024-05-01T06:25:42.048Z, 149.687777, 652.7443529999999
1714544742079, 2024-05-01T06:25:42.079Z, 151.241736, 655.4442642
1714544742095, 2024-05-01T06:25:42.095Z, 152.61784219999998, 658.1836704
1714544742118, 2024-05-01T06:25:42.118Z, 154.50740019999998, 660.2491291999999
1714544742132, 2024-05-01T06:25:42.132Z, 155.1577162, 661.7492894
1714544742162, 2024-05-01T06:25:42.162Z, 156.0340678, 664.5580646000001
1714544742177, 2024-05-01T06:25:42.177Z, 156.99599320000002, 667.3667342000001
1714544742207, 2024-05-01T06:25:42.207Z, 159.0008554, 677.5492868
1714544742226, 2024-05-01T06:25:42.226Z, 161.0096734, 688.3653661999999
1714544742268, 2024-05-01T06:25:42.268Z, 162.5021232, 698.402727
1714544742296, 2024-05-01T06:25:42.296Z, 163.3995708, 705.9439548
1714544742326, 2024-05-01T06:25:42.326Z, 164.6882402, 708.554475
1714544742341, 2024-05-01T06:25:42.341Z, 167.5389686, 701.3605228
1714544742357, 2024-05-01T06:25:42.357Z, 169.3063094, 694.163095
1714544742390, 2024-05-01T06:25:42.390Z, 174.72542559999997, 687.1994594
1714544742432, 2024-05-01T06:25:42.432Z, 186.15697799999998, 685.1609224000001
1714544742446, 2024-05-01T06:25:42.446Z, 195.9239602, 687.6274418
1714544742476, 2024-05-01T06:25:42.476Z, 202.0094864, 692.6746844
1714544742491, 2024-05-01T06:25:42.491Z, 205.55412040000002, 696.463592
1714544742521, 2024-05-01T06:25:42.521Z, 204.33375619999998, 700.259116
1714544742536, 2024-05-01T06:25:42.536Z, 196.5300738, 700.1069573999999
1714544742566, 2024-05-01T06:25:42.566Z, 191.0492156, 702.9911490000001
1714544742580, 2024-05-01T06:25:42.580Z, 188.52162, 707.5137468
1714544742611, 2024-05-01T06:25:42.611Z, 190.4433074, 713.4191546
1714544742625, 2024-05-01T06:25:42.625Z, 193.9282846, 719.4895565999999
1714544742655, 2024-05-01T06:25:42.655Z, 198.70168560000002, 725.4768626
1714544742670, 2024-05-01T06:25:42.670Z, 202.48642560000002, 728.7796332
1714544742716, 2024-05-01T06:25:42.716Z, 202.339728, 729.3893516
1714544742746, 2024-05-01T06:25:42.746Z, 199.965145, 730.1916604
1714544742760, 2024-05-01T06:25:42.760Z, 197.3532598, 731.0913564
1714544742881, 2024-05-01T06:25:42.881Z, 192.76760359999997, 727.4999442000001
1714544742897, 2024-05-01T06:25:42.897Z, 187.778628, 718.2342024000001
1714544742928, 2024-05-01T06:25:42.928Z, 186.12128819999998, 710.9987866
1714544742943, 2024-05-01T06:25:42.943Z, 186.3234594, 702.2415710000001
1714544742974, 2024-05-01T06:25:42.974Z, 186.2440456, 691.9458376
1714544742990, 2024-05-01T06:25:42.990Z, 187.7207594, 685.9131924000001
1714544743017, 2024-05-01T06:25:43.017Z, 189.93960040000002, 687.3567952
1714544743031, 2024-05-01T06:25:43.031Z, 191.13370960000003, 688.71296
1714544743060, 2024-05-01T06:25:43.060Z, 191.78010860000003, 691.1327382
1714544743075, 2024-05-01T06:25:43.075Z, 191.6105726, 694.9411986
1714544743105, 2024-05-01T06:25:43.105Z, 191.85700500000002, 698.465305
1714544743120, 2024-05-01T06:25:43.120Z, 192.112566, 699.7134652000001
1714544743166, 2024-05-01T06:25:43.166Z, 192.79164579999997, 699.7216593999999
1714544743195, 2024-05-01T06:25:43.195Z, 192.7364252, 699.1609867999999
1714544743210, 2024-05-01T06:25:43.210Z, 191.065427, 698.7656214
1714544743240, 2024-05-01T06:25:43.240Z, 182.16849820000002, 694.1875213999999
1714544743260, 2024-05-01T06:25:43.260Z, 171.8908466, 689.2674635999999
1714544743286, 2024-05-01T06:25:43.286Z, 160.5927726, 684.987858
1714544743331, 2024-05-01T06:25:43.331Z, 149.66333999999998, 682.3875766
1714544743345, 2024-05-01T06:25:43.345Z, 142.2541058, 678.0019136
1714544743376, 2024-05-01T06:25:43.376Z, 141.33655579999999, 678.9759492000001
1714544743391, 2024-05-01T06:25:43.391Z, 141.39009520000002, 679.9399768
1714544743422, 2024-05-01T06:25:43.422Z, 140.2572472, 679.1421854
1714544743437, 2024-05-01T06:25:43.437Z, 138.58941959999999, 676.1263776
1714544743467, 2024-05-01T06:25:43.467Z, 136.5000934, 674.580728
1714544743480, 2024-05-01T06:25:43.480Z, 134.67827440000002, 672.0408308
1714544743510, 2024-05-01T06:25:43.510Z, 133.3632184, 670.1584588
1714544743525, 2024-05-01T06:25:43.525Z, 139.3419134, 668.215319
1714544743555, 2024-05-01T06:25:43.555Z, 293.34218599999997, 670.3646454
1714544743570, 2024-05-01T06:25:43.570Z, 475.7572172, 671.81471
1714544743616, 2024-05-01T06:25:43.616Z, 650.5745893999999, 673.566585
1714544743645, 2024-05-01T06:25:43.645Z, 852.4963529999999, 672.9742143999999
1714544743660, 2024-05-01T06:25:43.660Z, 1049.1099956, 674.5322318000001
1714544743690, 2024-05-01T06:25:43.690Z, 1098.9461776, 671.4845544
1714544743706, 2024-05-01T06:25:43.706Z, 1120.2126772, 669.629644
1714544743717, 2024-05-01T06:25:43.717Z, 1149.6882856, 668.4062922
1714544743736, 2024-05-01T06:25:43.736Z, 1151.0093924, 670.7392907999999
1714544743763, 2024-05-01T06:25:43.763Z, 1147.8634412, 677.0369118000001
1714544743780, 2024-05-01T06:25:43.780Z, 1148.1855244, 681.072949
1714544743795, 2024-05-01T06:25:43.795Z, 1149.0674604, 681.3801416
1714544743825, 2024-05-01T06:25:43.825Z, 1148.2073136, 677.4250887999999
1714544743845, 2024-05-01T06:25:43.845Z, 1147.4670866, 668.0670236
1714544743885, 2024-05-01T06:25:43.885Z, 1149.699599, 652.5070255999999
1714544743900, 2024-05-01T06:25:43.900Z, 1147.4034256, 641.6948996
1714544743920, 2024-05-01T06:25:43.920Z, 1144.5790794, 633.5498626
1714544743934, 2024-05-01T06:25:43.934Z, 1143.2278235999997, 629.427248
1714544743965, 2024-05-01T06:25:43.965Z, 1144.7570223999999, 628.847364
1714544743979, 2024-05-01T06:25:43.979Z, 1148.1214049999999, 630.20497
1714544744009, 2024-05-01T06:25:44.009Z, 1152.5164152, 629.8446268
1714544744026, 2024-05-01T06:25:44.026Z, 1155.9472466, 629.4592272
1714544744068, 2024-05-01T06:25:44.068Z, 1158.1999627999999, 628.4600414
1714544744096, 2024-05-01T06:25:44.096Z, 1157.76272, 627.626427
1714544744111, 2024-05-01T06:25:44.111Z, 1156.5475634, 626.7919039999999
1714544744141, 2024-05-01T06:25:44.141Z, 1154.8922527999998, 628.0325622
1714544744157, 2024-05-01T06:25:44.157Z, 1153.3988764, 629.673524
1714544744167, 2024-05-01T06:25:44.167Z, 1152.2662184, 630.952754
1714544744186, 2024-05-01T06:25:44.186Z, 1150.4398368, 633.9463668000001
1714544744231, 2024-05-01T06:25:44.231Z, 1148.3642746, 636.0531886000001
1714544744246, 2024-05-01T06:25:44.246Z, 1146.6054022, 636.1634964
1714544744276, 2024-05-01T06:25:44.276Z, 1147.5155374, 637.2512714000001
1714544744291, 2024-05-01T06:25:44.291Z, 1149.8761854, 636.3502292000001
1714544744321, 2024-05-01T06:25:44.321Z, 1166.9409541999999, 634.1636186
1714544744335, 2024-05-01T06:25:44.335Z, 1184.882454, 633.3677836
1714544744381, 2024-05-01T06:25:44.381Z, 1204.4458954000002, 633.2700856000001
1714544744426, 2024-05-01T06:25:44.426Z, 1223.8479582, 631.064708
1714544744457, 2024-05-01T06:25:44.457Z, 1240.7733872, 631.8224498
1714544744473, 2024-05-01T06:25:44.473Z, 1243.696036, 632.7731124
1714544744560, 2024-05-01T06:25:44.560Z, 1251.9482638000002, 656.7606324000001
1714544744590, 2024-05-01T06:25:44.590Z, 1252.310539, 694.0013769999999
1714544744605, 2024-05-01T06:25:44.605Z, 1248.651947, 715.2841185999999
1714544744635, 2024-05-01T06:25:44.635Z, 1244.538076, 731.9057656
1714544744680, 2024-05-01T06:25:44.680Z, 1237.4762748, 726.9220799999999
1714544744696, 2024-05-01T06:25:44.696Z, 1222.6421854, 698.3457548
1714544744725, 2024-05-01T06:25:44.725Z, 1215.0824318, 657.7292604
1714544744740, 2024-05-01T06:25:44.740Z, 1211.2894022, 634.2460276
1714544744776, 2024-05-01T06:25:44.776Z, 1209.4752982, 614.4684064
1714544744790, 2024-05-01T06:25:44.790Z, 1210.3426746, 616.3331578
1714544744821, 2024-05-01T06:25:44.821Z, 1216.1106206, 618.4588912
1714544744835, 2024-05-01T06:25:44.835Z, 1224.0915834, 619.1716752
1714544744862, 2024-05-01T06:25:44.862Z, 1236.3424144, 619.5065902
1714544744878, 2024-05-01T06:25:44.878Z, 1249.2914776, 620.0484405999999
1714544744909, 2024-05-01T06:25:44.909Z, 1270.3671704, 622.1925046
1714544744925, 2024-05-01T06:25:44.925Z, 1288.3490497999999, 624.5916328000001
1714544744968, 2024-05-01T06:25:44.968Z, 1302.4398628, 627.466376
1714544744997, 2024-05-01T06:25:44.997Z, 1308.9858226000001, 629.7590504
1714544745012, 2024-05-01T06:25:45.012Z, 1313.9163543999998, 631.982092
1714544745042, 2024-05-01T06:25:45.042Z, 1311.9763088, 632.0854022
1714544745061, 2024-05-01T06:25:45.061Z, 1311.5008272, 631.4758682
1714544745091, 2024-05-01T06:25:45.091Z, 1312.4631416, 628.8622044
1714544745135, 2024-05-01T06:25:45.135Z, 1316.2680942, 625.9202948
1714544745147, 2024-05-01T06:25:45.147Z, 1320.7073569999998, 623.1793322000001
1714544745177, 2024-05-01T06:25:45.177Z, 1321.2683119999997, 622.8992238000001
1714544745195, 2024-05-01T06:25:45.196Z, 1318.0116203999999, 623.2720372000001
1714544745222, 2024-05-01T06:25:45.222Z, 1309.762278, 626.4768008000001
1714544745237, 2024-05-01T06:25:45.237Z, 1298.9424852, 631.4422764
1714544745268, 2024-05-01T06:25:45.268Z, 1280.7096572, 638.6976072
1714544745282, 2024-05-01T06:25:45.282Z, 1263.0005528, 644.5185502
1714544745312, 2024-05-01T06:25:45.312Z, 1238.6525588, 651.6175098
1714544745327, 2024-05-01T06:25:45.327Z, 1218.2734130000001, 657.2056869999999
1714544745358, 2024-05-01T06:25:45.358Z, 1197.0309604000001, 661.7582484000001
1714544745373, 2024-05-01T06:25:45.373Z, 1183.2779814, 663.923874
1714544745417, 2024-05-01T06:25:45.417Z, 1168.9388062000003, 664.8096318
1714544745445, 2024-05-01T06:25:45.445Z, 1163.5594612, 664.4692618
1714544745461, 2024-05-01T06:25:45.461Z, 1157.959517, 666.0582936000001
1714544745490, 2024-05-01T06:25:45.490Z, 1152.8984992, 668.9051388
1714544745506, 2024-05-01T06:25:45.506Z, 1147.7144552, 671.7491226
1714544745535, 2024-05-01T06:25:45.535Z, 1145.7681492, 675.5677494
1714544745581, 2024-05-01T06:25:45.581Z, 1142.9679609999998, 677.5684206
1714544745601, 2024-05-01T06:25:45.601Z, 1140.3798668, 677.150625
1714544745625, 2024-05-01T06:25:45.625Z, 1139.7841622, 676.3480654
1714544745654, 2024-05-01T06:25:45.654Z, 1140.7304736, 678.6376899999999
1714544745686, 2024-05-01T06:25:45.686Z, 1140.7990654, 682.5788425999999
1714544745717, 2024-05-01T06:25:45.717Z, 1142.139336, 691.0540222
1714544745733, 2024-05-01T06:25:45.733Z, 1143.3435089999998, 699.8103273999999
1714544745763, 2024-05-01T06:25:45.763Z, 1144.9404647999997, 708.4588478
1714544745779, 2024-05-01T06:25:45.779Z, 1144.8376436, 715.2015120000001
1714544745811, 2024-05-01T06:25:45.811Z, 1144.004433, 720.0901058000001
1714544745826, 2024-05-01T06:25:45.826Z, 1140.2693692, 721.631563
1714544745842, 2024-05-01T06:25:45.842Z, 1136.6377516, 723.1160652000001
1714544745873, 2024-05-01T06:25:45.873Z, 1130.9978652000002, 724.4708872
1714544745904, 2024-05-01T06:25:45.904Z, 1127.4624404, 725.0433700000001
1714544745920, 2024-05-01T06:25:45.920Z, 1131.82536, 726.692131
1714544745950, 2024-05-01T06:25:45.950Z, 1140.555755, 729.0790532000001
1714544745966, 2024-05-01T06:25:45.966Z, 1149.3740708, 731.4883286000002
1714544745996, 2024-05-01T06:25:45.996Z, 1159.2092796000002, 734.9354584
1714544746013, 2024-05-01T06:25:46.013Z, 1167.3893911999999, 738.222704
1714544746037, 2024-05-01T06:25:46.037Z, 1170.4088912, 742.0717282
1714544746046, 2024-05-01T06:25:46.046Z, 1170.7989876, 743.7176632
1714544746058, 2024-05-01T06:25:46.058Z, 1170.1430156, 743.6998624
1714544746076, 2024-05-01T06:25:46.076Z, 1168.765438, 745.2915414
1714544746091, 2024-05-01T06:25:46.091Z, 1176.1211044, 744.5747384
1714544746120, 2024-05-01T06:25:46.120Z, 1221.0677208, 734.3725195999999
1714544746166, 2024-05-01T06:25:46.166Z, 1354.4949622, 708.1648628
1714544746260, 2024-05-01T06:25:46.260Z, 1446.3957714, 683.2010774
1714544746290, 2024-05-01T06:25:46.290Z, 1489.59814, 664.9181028
1714544746316, 2024-05-01T06:25:46.316Z, 1513.0360156, 653.2595104
1714544746335, 2024-05-01T06:25:46.335Z, 1486.2856768000001, 657.6208004
1714544746350, 2024-05-01T06:25:46.350Z, 1367.5619928, 681.3376185999999
1714544746366, 2024-05-01T06:25:46.366Z, 1283.9304626, 708.4626522
1714544746380, 2024-05-01T06:25:46.380Z, 1250.1601712, 726.3296499999999
1714544746396, 2024-05-01T06:25:46.396Z, 1223.2889934, 737.7907996
1714544746411, 2024-05-01T06:25:46.411Z, 1204.4554039999998, 744.0856977999999
1714544746427, 2024-05-01T06:25:46.427Z, 1185.906075, 752.1229868
1714544746443, 2024-05-01T06:25:46.443Z, 1174.7740334, 756.9743468
1714544746463, 2024-05-01T06:25:46.463Z, 1160.4819142000001, 766.0975306
1714544746480, 2024-05-01T06:25:46.480Z, 1150.6717248, 774.7670620000001
1714544746495, 2024-05-01T06:25:46.495Z, 1142.4573742, 782.9229874
1714544746506, 2024-05-01T06:25:46.506Z, 1138.6159282, 786.7029656000001
1714544746525, 2024-05-01T06:25:46.525Z, 1136.9804526, 786.78043
1714544746543, 2024-05-01T06:25:46.543Z, 1138.3989769999998, 782.7328620000001
1714544746551, 2024-05-01T06:25:46.551Z, 1139.3510068, 781.1843180000001
1714544746570, 2024-05-01T06:25:46.570Z, 1142.5490962, 777.8326494
1714544746590, 2024-05-01T06:25:46.590Z, 1145.9737870000001, 775.2786506
1714544746621, 2024-05-01T06:25:46.621Z, 1147.2494906, 776.5742816
1714544746633, 2024-05-01T06:25:46.633Z, 1147.2386112, 775.7154674
1714544746663, 2024-05-01T06:25:46.663Z, 1147.987983, 773.5414224
1714544746679, 2024-05-01T06:25:46.679Z, 1148.8506946, 770.7130178
1714544746709, 2024-05-01T06:25:46.709Z, 1152.4607602, 767.6201162
1714544746738, 2024-05-01T06:25:46.738Z, 1157.1148648, 763.4358016
1714544746769, 2024-05-01T06:25:46.769Z, 1160.1976384000002, 761.0939848
1714544746784, 2024-05-01T06:25:46.784Z, 1158.1581326, 760.5310746000001
1714544746800, 2024-05-01T06:25:46.800Z, 1154.4115376, 761.1091598
1714544746816, 2024-05-01T06:25:46.816Z, 1146.2576634, 761.1430446
1714544746832, 2024-05-01T06:25:46.832Z, 1136.7479472, 761.8776452000001
1714544746847, 2024-05-01T06:25:46.847Z, 1129.0103718, 761.6022378
1714544746863, 2024-05-01T06:25:46.863Z, 1124.8146446, 759.8324354
1714544746878, 2024-05-01T06:25:46.878Z, 1120.6309094, 756.5102454
1714544746893, 2024-05-01T06:25:46.893Z, 1117.2603152, 753.7240984000001
1714544746918, 2024-05-01T06:25:46.918Z, 1112.9670302000002, 751.2667536000001
1714544746931, 2024-05-01T06:25:46.931Z, 1110.0004206, 750.0117984000001
1714544746947, 2024-05-01T06:25:46.947Z, 1109.1155216000002, 749.4322159999999
1714544746958, 2024-05-01T06:25:46.958Z, 1108.9639192, 749.0513990000001
1714544746976, 2024-05-01T06:25:46.976Z, 1109.6970770000003, 748.594736
1714544746991, 2024-05-01T06:25:46.991Z, 1110.7349078000002, 747.9923898
1714544747003, 2024-05-01T06:25:47.003Z, 1110.4603084, 746.4225064
1714544747021, 2024-05-01T06:25:47.021Z, 1108.721359, 745.0022622
1714544747036, 2024-05-01T06:25:47.036Z, 1106.7243916, 743.653999
1714544747069, 2024-05-01T06:25:47.069Z, 1103.9763008000002, 742.641895
1714544747081, 2024-05-01T06:25:47.081Z, 1101.8379476, 741.5077546
1714544747111, 2024-05-01T06:25:47.111Z, 1100.6123744000001, 740.425328
1714544747127, 2024-05-01T06:25:47.127Z, 1099.5069966, 738.1448718
1714544747140, 2024-05-01T06:25:47.140Z, 1099.2933822, 735.8955492000001
1714544747157, 2024-05-01T06:25:47.157Z, 1098.4258738000003, 734.1839663999999
1714544747172, 2024-05-01T06:25:47.172Z, 1099.4166768, 732.8745096
1714544747218, 2024-05-01T06:25:47.218Z, 1099.8084414, 733.1317372000001
1714544747246, 2024-05-01T06:25:47.246Z, 1098.8251388, 733.9483126000001
1714544747261, 2024-05-01T06:25:47.261Z, 1097.8641414, 734.6380786
1714544747292, 2024-05-01T06:25:47.292Z, 1098.3234142, 734.2872608
1714544747308, 2024-05-01T06:25:47.308Z, 1097.9946100000002, 733.5714568
1714544747326, 2024-05-01T06:25:47.326Z, 1102.8435148, 730.2172360000001
1714544747341, 2024-05-01T06:25:47.341Z, 1110.0412155999998, 727.9500888
1714544747363, 2024-05-01T06:25:47.363Z, 1118.6771130000002, 726.4208568
1714544747380, 2024-05-01T06:25:47.380Z, 1127.5151944, 725.1725011999999
1714544747395, 2024-05-01T06:25:47.395Z, 1134.7492474, 724.1037323999999
1714544747407, 2024-05-01T06:25:47.407Z, 1136.9342754000002, 723.8978235999999
1714544747425, 2024-05-01T06:25:47.425Z, 1138.289405, 723.5340468
1714544747441, 2024-05-01T06:25:47.441Z, 1137.5389516, 722.497082
1714544747470, 2024-05-01T06:25:47.470Z, 1136.4118377999998, 722.1270013999999
1714544747486, 2024-05-01T06:25:47.486Z, 1136.118868, 722.0873962
1714544747517, 2024-05-01T06:25:47.517Z, 1136.2129412, 723.4322331999999
1714544747530, 2024-05-01T06:25:47.530Z, 1136.31464, 724.6311882
1714544747542, 2024-05-01T06:25:47.542Z, 1136.5600372000001, 726.1119324
1714544747560, 2024-05-01T06:25:47.560Z, 1136.0660416, 727.5673474
1714544747575, 2024-05-01T06:25:47.575Z, 1135.5550228, 728.9250734
1714544747606, 2024-05-01T06:25:47.606Z, 1135.4391242000002, 729.7717024
1714544747620, 2024-05-01T06:25:47.620Z, 1134.1922740000002, 730.8539585999999
1714544747667, 2024-05-01T06:25:47.667Z, 1133.6831594, 730.3901256
1714544747681, 2024-05-01T06:25:47.681Z, 1132.888722, 729.5818958
1714544747696, 2024-05-01T06:25:47.696Z, 1131.9348574, 727.9808424
1714544747712, 2024-05-01T06:25:47.712Z, 1131.5977956, 725.7704367999999
1714544747743, 2024-05-01T06:25:47.743Z, 1131.7555773999998, 723.5128424
1714544747759, 2024-05-01T06:25:47.759Z, 1132.0252538, 722.1956188
1714544747789, 2024-05-01T06:25:47.789Z, 1133.4806015999998, 721.6250094000001
1714544747831, 2024-05-01T06:25:47.831Z, 1135.0350384, 722.2600484
1714544747846, 2024-05-01T06:25:47.846Z, 1135.0388816, 723.179388
1714544747876, 2024-05-01T06:25:47.876Z, 1135.7749500000002, 724.0073540000001
1714544747890, 2024-05-01T06:25:47.890Z, 1136.1246738000002, 726.2218982
1714544747925, 2024-05-01T06:25:47.925Z, 1134.9059791999998, 728.6613983999999
1714544747943, 2024-05-01T06:25:47.943Z, 1132.7816158, 731.0560158
1714544747966, 2024-05-01T06:25:47.966Z, 1130.8241874, 735.1413312
1714544747980, 2024-05-01T06:25:47.980Z, 1128.8327809999998, 739.5814207999999
1714544747992, 2024-05-01T06:25:47.992Z, 1126.2921608000001, 744.4879957999999
1714544748010, 2024-05-01T06:25:48.010Z, 1125.0002531999999, 749.2257648000001
1714544748025, 2024-05-01T06:25:48.025Z, 1124.7449442000002, 753.4518267999999
1714544748055, 2024-05-01T06:25:48.055Z, 1125.4600670000002, 756.0396362
1714544748071, 2024-05-01T06:25:48.071Z, 1126.2205834000001, 757.9541842000001
1714544748084, 2024-05-01T06:25:48.084Z, 1125.0661268, 759.6031618
1714544748117, 2024-05-01T06:25:48.117Z, 1124.8422624, 760.0254154
1714544748146, 2024-05-01T06:25:48.146Z, 1124.5193578, 760.2471182
1714544748166, 2024-05-01T06:25:48.166Z, 1122.7554118, 760.0620908
1714544748192, 2024-05-01T06:25:48.192Z, 1120.0825849999999, 759.3983504
1714544748208, 2024-05-01T06:25:48.208Z, 1119.1211122, 757.8001968
1714544748238, 2024-05-01T06:25:48.238Z, 1116.6992616, 757.0537689999999
1714544748280, 2024-05-01T06:25:48.280Z, 1114.0286654, 756.5016519999999
1714544748295, 2024-05-01T06:25:48.295Z, 1112.034223, 756.1313797999999
1714544748325, 2024-05-01T06:25:48.325Z, 1110.7528808, 755.850926
1714544748341, 2024-05-01T06:25:48.341Z, 1109.8548492000002, 755.278579
1714544748370, 2024-05-01T06:25:48.370Z, 1108.8641626, 754.8689522000001
1714544748386, 2024-05-01T06:25:48.386Z, 1108.081091, 754.5270402
1714544748417, 2024-05-01T06:25:48.417Z, 1106.8199002000001, 753.7276336
1714544748431, 2024-05-01T06:25:48.431Z, 1105.6483128, 753.43886
1714544748465, 2024-05-01T06:25:48.465Z, 1104.7256852, 753.8266252
1714544748478, 2024-05-01T06:25:48.478Z, 1104.1914412, 753.5742584
1714544748491, 2024-05-01T06:25:48.491Z, 1103.7037234, 752.9412001999999
1714544748509, 2024-05-01T06:25:48.509Z, 1104.2018732000001, 753.7579979999999
1714544748520, 2024-05-01T06:25:48.520Z, 1104.7731886000001, 754.7798964
1714544748534, 2024-05-01T06:25:48.534Z, 1105.3386562, 755.4427228
1714544748567, 2024-05-01T06:25:48.567Z, 1106.8244338, 755.7554926
1714544748597, 2024-05-01T06:25:48.597Z, 1108.2544172, 756.4993787999999
1714544748613, 2024-05-01T06:25:48.613Z, 1108.7537295999998, 757.2377366
1714544748643, 2024-05-01T06:25:48.643Z, 1109.3794807999998, 758.1245642
1714544748659, 2024-05-01T06:25:48.659Z, 1110.0769338, 759.0417464
1714544748690, 2024-05-01T06:25:48.690Z, 1109.5743722, 760.2756655999999
1714544748713, 2024-05-01T06:25:48.713Z, 1109.1802826, 761.4397744
1714544748731, 2024-05-01T06:25:48.731Z, 1109.2659994, 762.2750112000001
1714544748746, 2024-05-01T06:25:48.746Z, 1109.4453158000001, 762.9496316
1714544748775, 2024-05-01T06:25:48.775Z, 1111.1907118000001, 761.5186898
1714544748790, 2024-05-01T06:25:48.790Z, 1113.0557396, 760.4488178
1714544748820, 2024-05-01T06:25:48.820Z, 1114.394069, 759.8513208
1714544748836, 2024-05-01T06:25:48.836Z, 1114.1365202, 759.9807282
1714544748867, 2024-05-01T06:25:48.867Z, 1113.3146664, 759.6091736000001
1714544748886, 2024-05-01T06:25:48.886Z, 1110.5989698, 760.7771122
1714544748924, 2024-05-01T06:25:48.924Z, 1108.4337442, 762.21196
1714544748938, 2024-05-01T06:25:48.938Z, 1108.3525723999999, 764.3255008
1714544748970, 2024-05-01T06:25:48.970Z, 1117.0622142000002, 766.8759355999999
1714544748985, 2024-05-01T06:25:48.985Z, 1133.920832, 768.4785132
1714544749017, 2024-05-01T06:25:49.017Z, 1152.2794232, 770.3087988
1714544749048, 2024-05-01T06:25:49.048Z, 1169.023226, 772.2223712
1714544749063, 2024-05-01T06:25:49.063Z, 1183.4753204, 773.5367148
1714544749094, 2024-05-01T06:25:49.094Z, 1191.4298516000001, 774.7583050000001
1714544749109, 2024-05-01T06:25:49.109Z, 1191.1654858000002, 777.5453384
1714544749140, 2024-05-01T06:25:49.140Z, 1189.1402898000001, 779.5574796
1714544749181, 2024-05-01T06:25:49.181Z, 1188.1501872000001, 780.8034822
1714544749196, 2024-05-01T06:25:49.196Z, 1187.5941806, 781.4091716
1714544749226, 2024-05-01T06:25:49.226Z, 1184.7224748, 778.8611795999999
1714544749240, 2024-05-01T06:25:49.240Z, 1181.7749542, 775.516081
1714544749251, 2024-05-01T06:25:49.251Z, 1178.4212156, 773.4356227999999
1714544749270, 2024-05-01T06:25:49.270Z, 1175.036694, 771.3798777999999
1714544749294, 2024-05-01T06:25:49.294Z, 1171.185248, 769.9203056
1714544749325, 2024-05-01T06:25:49.325Z, 1166.785406, 770.7952855999999
1714544749340, 2024-05-01T06:25:49.340Z, 1161.5235934, 772.5472372
1714544749370, 2024-05-01T06:25:49.370Z, 1155.5416446000002, 774.3455773999999
1714544749385, 2024-05-01T06:25:49.385Z, 1149.843101, 776.196907
1714544749417, 2024-05-01T06:25:49.417Z, 1144.5656020000001, 777.1009106
1714544749432, 2024-05-01T06:25:49.432Z, 1140.9328002, 777.4293461999999
1714544749466, 2024-05-01T06:25:49.466Z, 1137.4909554, 777.2014628
1714544749496, 2024-05-01T06:25:49.496Z, 1135.7985156, 777.6195984
1714544749511, 2024-05-01T06:25:49.511Z, 1134.4359230000002, 777.7751857999999
1714544749525, 2024-05-01T06:25:49.525Z, 1134.0256424, 777.89141
1714544749541, 2024-05-01T06:25:49.541Z, 1134.4104216, 778.11536
1714544749556, 2024-05-01T06:25:49.556Z, 1135.4459572, 778.4775818
1714544749572, 2024-05-01T06:25:49.572Z, 1136.078527, 777.6014202
1714544749587, 2024-05-01T06:25:49.587Z, 1137.603759, 776.8242708
1714544749613, 2024-05-01T06:25:49.613Z, 1138.418, 776.5312812
1714544749632, 2024-05-01T06:25:49.632Z, 1139.2228298, 775.8988938
1714544749648, 2024-05-01T06:25:49.648Z, 1138.4014206, 774.8801462000001
1714544749664, 2024-05-01T06:25:49.664Z, 1137.3901658, 773.7303284000002
1714544749679, 2024-05-01T06:25:49.679Z, 1135.4055974, 772.6358228000001
1714544749694, 2024-05-01T06:25:49.694Z, 1133.4091576, 771.8359205999999
1714544749725, 2024-05-01T06:25:49.725Z, 1130.7829465999998, 771.8184881999999
1714544749740, 2024-05-01T06:25:49.740Z, 1130.1750668, 771.780402
1714544749767, 2024-05-01T06:25:49.767Z, 1131.4202627999998, 772.6760470000002
1714544749781, 2024-05-01T06:25:49.781Z, 1132.7509017999998, 774.4906592
1714544749792, 2024-05-01T06:25:49.792Z, 1134.2337538000002, 775.7152652
1714544749810, 2024-05-01T06:25:49.810Z, 1135.6830368, 776.6403566000001
1714544749826, 2024-05-01T06:25:49.826Z, 1136.8829434, 777.8601006000001
1714544749837, 2024-05-01T06:25:49.837Z, 1135.7856216, 777.7697046000001
1714544749855, 2024-05-01T06:25:49.855Z, 1133.7260164, 776.6294945999999
1714544749870, 2024-05-01T06:25:49.870Z, 1130.8799398, 774.985736
1714544749887, 2024-05-01T06:25:49.887Z, 1128.981467, 772.8738862
1714544749918, 2024-05-01T06:25:49.918Z, 1129.7176946, 772.7931593999999
1714544749931, 2024-05-01T06:25:49.931Z, 1130.6833376, 772.6178957999999
1714544749945, 2024-05-01T06:25:49.945Z, 1133.9896748, 770.6200822
1714544749962, 2024-05-01T06:25:49.962Z, 1139.60887, 768.9262656
1714544749995, 2024-05-01T06:25:49.995Z, 1149.2833438, 767.3065866000001
1714544750005, 2024-05-01T06:25:50.005Z, 1158.1173296000002, 762.9397774000001
1714544750036, 2024-05-01T06:25:50.036Z, 1171.6406622, 758.1790779999999
1714544750062, 2024-05-01T06:25:50.062Z, 1181.5725375999998, 756.014392
1714544750080, 2024-05-01T06:25:50.080Z, 1189.7495056, 753.4332738
1714544750095, 2024-05-01T06:25:50.095Z, 1193.8770802, 750.5457979999999
1714544750111, 2024-05-01T06:25:50.111Z, 1202.5028796000001, 742.4237695999999
1714544750126, 2024-05-01T06:25:50.126Z, 1207.7159854, 734.6463854
1714544750142, 2024-05-01T06:25:50.142Z, 1215.228077, 726.1828626
1714544750176, 2024-05-01T06:25:50.176Z, 1225.9559464, 717.2312604
1714544750188, 2024-05-01T06:25:50.188Z, 1236.3583666, 709.1216688000001
1714544750216, 2024-05-01T06:25:50.216Z, 1241.1154994, 707.6434826000001
1714544750230, 2024-05-01T06:25:50.230Z, 1244.265253, 706.4780780000001
1714544750260, 2024-05-01T06:25:50.260Z, 1246.408801, 705.2853116000001
1714544750275, 2024-05-01T06:25:50.275Z, 1245.0538126, 704.9614204000001
1714544750312, 2024-05-01T06:25:50.312Z, 1241.5048764, 702.3056727999999
1714544750329, 2024-05-01T06:25:50.329Z, 1237.7471016, 699.0096874000001
1714544750367, 2024-05-01T06:25:50.367Z, 1234.4607664, 695.4987553999999
1714544750395, 2024-05-01T06:25:50.395Z, 1229.3456790000002, 692.5219335999999
1714544750410, 2024-05-01T06:25:50.411Z, 1223.9687040000001, 689.8702454
1714544750446, 2024-05-01T06:25:50.446Z, 1217.9278411999999, 688.2483236
1714544750466, 2024-05-01T06:25:50.466Z, 1207.1925774000001, 686.6407746000001
1714544750497, 2024-05-01T06:25:50.497Z, 1194.9437378000002, 685.4135067999999
1714544750534, 2024-05-01T06:25:50.534Z, 1183.4863114, 684.7336814
1714544750559, 2024-05-01T06:25:50.559Z, 1173.0418536000002, 684.1632376
1714544750574, 2024-05-01T06:25:50.574Z, 1166.5123608000001, 685.2544108
1714544750589, 2024-05-01T06:25:50.589Z, 1166.0460998, 686.6254075999999
1714544750605, 2024-05-01T06:25:50.605Z, 1167.1010564, 687.8510644
1714544750620, 2024-05-01T06:25:50.620Z, 1168.536981, 688.5896577999999
1714544750636, 2024-05-01T06:25:50.636Z, 1170.7509054000002, 688.8300954
1714544750652, 2024-05-01T06:25:50.652Z, 1173.207732, 687.5426113999999
1714544750671, 2024-05-01T06:25:50.671Z, 1174.5603446, 685.7692342
1714544750684, 2024-05-01T06:25:50.684Z, 1177.3248092, 683.9670802
1714544750714, 2024-05-01T06:25:50.714Z, 1184.8665502, 680.2521287999999
1714544750745, 2024-05-01T06:25:50.745Z, 1191.9454183999999, 677.3309328000001
1714544750760, 2024-05-01T06:25:50.760Z, 1197.1578482, 676.4469154000001
1714544750775, 2024-05-01T06:25:50.775Z, 1201.7305296, 675.6210024
1714544750817, 2024-05-01T06:25:50.817Z, 1205.9201588, 674.3699718
1714544750826, 2024-05-01T06:25:50.826Z, 1206.4513768, 674.9171332
1714544750846, 2024-05-01T06:25:50.846Z, 1207.6661478, 673.1021687999998
1714544750861, 2024-05-01T06:25:50.861Z, 1208.5867888, 669.2925148
1714544750890, 2024-05-01T06:25:50.890Z, 1210.0770186000002, 665.646637
1714544750905, 2024-05-01T06:25:50.905Z, 1210.6763620000002, 662.8961094
1714544750935, 2024-05-01T06:25:50.935Z, 1211.3930094, 660.4138836000001