1714544752248, 2024-05-01T06:25:52.248Z, 293.620931, 287.72745
1714544752263, 2024-05-01T06:25:52.263Z, 294.0371185, 287.186356
1714544752295, 2024-05-01T06:25:52.295Z, 294.6513, 286.689928
1714544752330, 2024-05-01T06:25:52.330Z, 295.37105725, 288.570621
1714544752346, 2024-05-01T06:25:52.346Z, 295.79810639999994, 289.84955
1714544752386, 2024-05-01T06:25:52.386Z, 294.425859, 291.33371339999997
1714544752402, 2024-05-01T06:25:52.402Z, 292.72162860000003, 292.10711979999996
1714544752434, 2024-05-01T06:25:52.434Z, 290.63358100000005, 292.84783719999996
1714544752450, 2024-05-01T06:25:52.450Z, 288.0615722, 291.2845698
1714544752471, 2024-05-01T06:25:52.471Z, 284.14336740000005, 289.6917246
1714544752481, 2024-05-01T06:25:52.481Z, 282.5177804, 288.1078548
1714544752511, 2024-05-01T06:25:52.511Z, 280.54513399999996, 287.37536680000005
1714544752526, 2024-05-01T06:25:52.526Z, 278.3438928, 286.6342756
1714544752557, 2024-05-01T06:25:52.557Z, 271.28193939999994, 285.347295
1714544752572, 2024-05-01T06:25:52.572Z, 262.2509812, 284.3825244
1714544752617, 2024-05-01T06:25:52.617Z, 250.66276319999997, 283.7821276
1714544752645, 2024-05-01T06:25:52.645Z, 238.79395799999998, 284.65423380000004
1714544752661, 2024-05-01T06:25:52.661Z, 227.50710860000004, 285.88591759999997
1714544752690, 2024-05-01T06:25:52.690Z, 221.43231340000003, 288.9592698
1714544752714, 2024-05-01T06:25:52.714Z, 219.079816, 293.93496139999996
1714544752745, 2024-05-01T06:25:52.745Z, 218.73393100000004, 301.48792160000005
1714544752781, 2024-05-01T06:25:52.781Z, 218.91151419999997, 313.54562580000004
1714544752795, 2024-05-01T06:25:52.795Z, 220.29915579999997, 326.9878852
1714544752837, 2024-05-01T06:25:52.837Z, 220.8076846, 338.95923819999996
1714544752853, 2024-05-01T06:25:52.853Z, 220.7154986, 348.4098296
1714544752885, 2024-05-01T06:25:52.885Z, 221.795079, 356.1695502
1714544752900, 2024-05-01T06:25:52.900Z, 223.5345922, 362.15522219999997
1714544752922, 2024-05-01T06:25:52.922Z, 223.935201, 367.085354
1714544752938, 2024-05-01T06:25:52.938Z, 225.33115360000002, 372.8411904
1714544752966, 2024-05-01T06:25:52.966Z, 227.04813040000005, 379.8997566
1714544752981, 2024-05-01T06:25:52.981Z, 228.9123056, 387.1887538
1714544753022, 2024-05-01T06:25:53.022Z, 229.59148760000002, 389.3159126
1714544753038, 2024-05-01T06:25:53.038Z, 229.77496459999998, 392.1616886
1714544753073, 2024-05-01T06:25:53.073Z, 233.42575020000004, 396.87142919999997
1714544753101, 2024-05-01T06:25:53.101Z, 238.53515779999998, 399.68911820000005
1714544753116, 2024-05-01T06:25:53.116Z, 251.0042772, 401.5827844
1714544753147, 2024-05-01T06:25:53.147Z, 268.2004962, 404.525779
1714544753162, 2024-05-01T06:25:53.162Z, 285.3196258, 407.11256380000003
1714544753192, 2024-05-01T06:25:53.192Z, 298.3807126, 407.95757979999996
1714544753239, 2024-05-01T06:25:53.239Z, 310.2735936, 409.21625280000006
1714544753254, 2024-05-01T06:25:53.254Z, 314.2064886, 409.6405936
1714544753285, 2024-05-01T06:25:53.285Z, 313.5390294, 409.02150900000004
1714544753300, 2024-05-01T06:25:53.300Z, 305.7175642, 404.0984752
1714544753331, 2024-05-01T06:25:53.331Z, 294.7681526, 399.0281206
1714544753346, 2024-05-01T06:25:53.346Z, 276.79144379999997, 392.8315796
1714544753368, 2024-05-01T06:25:53.368Z, 254.0237698, 388.8894556
1714544753386, 2024-05-01T06:25:53.386Z, 231.24502700000002, 384.321196
1714544753413, 2024-05-01T06:25:53.413Z, 216.83881659999997, 384.5273574
1714544753428, 2024-05-01T06:25:53.428Z, 206.94772819999997, 385.8259172
1714544753458, 2024-05-01T06:25:53.458Z, 203.5760478, 388.1553076
1714544753473, 2024-05-01T06:25:53.473Z, 204.4368198, 388.1215814
1714544753519, 2024-05-01T06:25:53.519Z, 204.6955234, 387.837796
1714544753548, 2024-05-01T06:25:53.548Z, 202.8124536, 384.2444148
1714544753563, 2024-05-01T06:25:53.563Z, 196.147405, 373.964812
1714544753593, 2024-05-01T06:25:53.593Z, 189.84477580000004, 364.3585362
1714544753608, 2024-05-01T06:25:53.608Z, 186.7904492, 360.02341020000006
1714544753639, 2024-05-01T06:25:53.639Z, 187.68482300000002, 362.182103
1714544753680, 2024-05-01T06:25:53.680Z, 189.9577234, 365.7929902
1714544753696, 2024-05-01T06:25:53.696Z, 196.3370238, 375.020873
1714544753725, 2024-05-01T06:25:53.725Z, 204.211166, 383.73268620000005
1714544753741, 2024-05-01T06:25:53.741Z, 207.93812179999995, 380.843621
1714544753770, 2024-05-01T06:25:53.770Z, 210.91401059999998, 374.62419960000005
1714544753786, 2024-05-01T06:25:53.786Z, 215.9184514, 371.7377944000001
1714544753816, 2024-05-01T06:25:53.816Z, 214.075796, 394.56052400000004
1714544753830, 2024-05-01T06:25:53.830Z, 210.4458264, 417.091863
1714544753860, 2024-05-01T06:25:53.860Z, 206.47658459999997, 444.46540859999993
1714544753875, 2024-05-01T06:25:53.875Z, 199.8373346, 472.15855980000003
1714544753905, 2024-05-01T06:25:53.905Z, 188.46969239999999, 492.26649419999995
1714544753920, 2024-05-01T06:25:53.920Z, 183.4660162, 486.740062
1714544754087, 2024-05-01T06:25:54.087Z, 182.084762, 477.729109
1714544754131, 2024-05-01T06:25:54.131Z, 189.8503066, 472.4112131999999
1714544754145, 2024-05-01T06:25:54.145Z, 196.756791, 464.5323254000001
1714544754176, 2024-05-01T06:25:54.176Z, 207.22752600000004, 461.88893440000004
1714544754190, 2024-05-01T06:25:54.190Z, 217.40586779999998, 458.12299999999993
1714544754220, 2024-05-01T06:25:54.220Z, 228.43146000000002, 458.6639504
1714544754235, 2024-05-01T06:25:54.235Z, 235.3974702, 457.2840448
1714544754267, 2024-05-01T06:25:54.267Z, 248.490969, 456.3627686
1714544754280, 2024-05-01T06:25:54.280Z, 260.545055, 454.2659584
1714544754310, 2024-05-01T06:25:54.310Z, 273.14186600000005, 452.26956119999994
1714544754325, 2024-05-01T06:25:54.325Z, 280.24773860000005, 450.77168700000004
1714544754355, 2024-05-01T06:25:54.355Z, 283.1146076, 448.93394679999994
1714544754370, 2024-05-01T06:25:54.370Z, 275.6617042, 447.68992560000004
1714544754416, 2024-05-01T06:25:54.416Z, 257.82271119999996, 447.20635999999996
1714544754445, 2024-05-01T06:25:54.445Z, 231.650286, 440.0868896
1714544754460, 2024-05-01T06:25:54.460Z, 206.6407294, 432.3107602
1714544754494, 2024-05-01T06:25:54.494Z, 182.25908700000002, 425.08827540000004
1714544754506, 2024-05-01T06:25:54.506Z, 165.07096040000002, 420.0054306
1714544754535, 2024-05-01T06:25:54.535Z, 158.1125376, 418.6209146
1714544754580, 2024-05-01T06:25:54.580Z, 159.64327859999997, 424.2250246
1714544754595, 2024-05-01T06:25:54.595Z, 160.7246514, 430.180811
1714544754626, 2024-05-01T06:25:54.626Z, 162.2715792, 437.25110200000006
1714544754641, 2024-05-01T06:25:54.641Z, 162.32887019999998, 441.73897999999997
1714544754672, 2024-05-01T06:25:54.672Z, 165.363236, 441.08937240000006
1714544754687, 2024-05-01T06:25:54.687Z, 170.40005920000002, 439.226422
1714544754716, 2024-05-01T06:25:54.716Z, 182.894791, 430.22260080000007
1714544754730, 2024-05-01T06:25:54.730Z, 195.6877974, 419.04545979999995
1714544754760, 2024-05-01T06:25:54.760Z, 211.194994, 397.72368600000004
1714544754775, 2024-05-01T06:25:54.775Z, 225.90743199999997, 371.2907256
1714544754805, 2024-05-01T06:25:54.805Z, 239.04919519999999, 344.12941639999997
1714544754820, 2024-05-01T06:25:54.820Z, 245.05880700000003, 323.71640420000006
1714544754866, 2024-05-01T06:25:54.866Z, 251.8619078, 305.27497159999996
1714544754895, 2024-05-01T06:25:54.895Z, 256.7177254, 298.6496306
1714544754910, 2024-05-01T06:25:54.910Z, 259.643221, 298.62322140000003
1714544754940, 2024-05-01T06:25:54.940Z, 264.095175, 303.1403396
1714544754955, 2024-05-01T06:25:54.955Z, 268.15001259999997, 307.8973394000001
1714544754985, 2024-05-01T06:25:54.985Z, 270.8332298, 311.70349
1714544755030, 2024-05-01T06:25:55.030Z, 271.1997728, 314.5453448
1714544755057, 2024-05-01T06:25:55.057Z, 272.0506754, 317.2689608
1714544755075, 2024-05-01T06:25:55.075Z, 272.0598226, 317.874653
1714544755090, 2024-05-01T06:25:55.090Z, 278.701679, 319.0303966
1714544755120, 2024-05-01T06:25:55.120Z, 291.33775959999997, 320.571947
1714544755135, 2024-05-01T06:25:55.135Z, 311.5615302, 321.82960979999996
1714544755166, 2024-05-01T06:25:55.166Z, 337.2474966, 323.36336800000004
1714544755182, 2024-05-01T06:25:55.182Z, 361.38150559999997, 325.4482318
1714544755213, 2024-05-01T06:25:55.213Z, 379.78295360000004, 325.97068060000004
1714544755228, 2024-05-01T06:25:55.228Z, 391.78169820000005, 326.2531248
1714544755258, 2024-05-01T06:25:55.258Z, 398.1591164, 327.0370388
1714544755273, 2024-05-01T06:25:55.273Z, 398.00803299999995, 327.29006400000003
1714544755317, 2024-05-01T06:25:55.317Z, 399.8591934, 325.7960722000001
1714544755345, 2024-05-01T06:25:55.345Z, 402.74676239999997, 324.4065862
1714544755365, 2024-05-01T06:25:55.365Z, 406.6561124, 323.56382460000003
1714544755400, 2024-05-01T06:25:55.400Z, 410.8536556, 321.99632340000005
1714544755415, 2024-05-01T06:25:55.415Z, 415.96685399999996, 321.007927
1714544755447, 2024-05-01T06:25:55.447Z, 419.229013, 321.8931466
1714544755486, 2024-05-01T06:25:55.486Z, 418.61974180000004, 324.0012638
1714544755511, 2024-05-01T06:25:55.511Z, 412.87901339999996, 326.6402786
1714544755541, 2024-05-01T06:25:55.541Z, 375.27562780000005, 358.704785
1714544755573, 2024-05-01T06:25:55.573Z, 319.2967896, 407.45399
1714544755589, 2024-05-01T06:25:55.589Z, 263.18367720000003, 455.6868152
1714544755616, 2024-05-01T06:25:55.616Z, 207.1661896, 500.67757679999994
1714544755630, 2024-05-01T06:25:55.630Z, 154.29148700000002, 542.4837036
1714544755660, 2024-05-01T06:25:55.660Z, 136.15341959999998, 557.554168
1714544755684, 2024-05-01T06:25:55.684Z, 137.163946, 555.6314668
1714544755716, 2024-05-01T06:25:55.716Z, 136.0676258, 549.0335238
1714544755731, 2024-05-01T06:25:55.731Z, 138.52487200000002, 546.0486658
1714544755766, 2024-05-01T06:25:55.766Z, 140.1386434, 543.005249
1714544755794, 2024-05-01T06:25:55.794Z, 138.23531280000003, 537.5386546
1714544755809, 2024-05-01T06:25:55.809Z, 135.66766920000003, 532.5927426000001
1714544755840, 2024-05-01T06:25:55.840Z, 135.4404342, 532.6528022
1714544755855, 2024-05-01T06:25:55.855Z, 135.70868620000002, 534.2969026
1714544755886, 2024-05-01T06:25:55.886Z, 138.539644, 534.6040660000001
1714544755930, 2024-05-01T06:25:55.930Z, 144.1142886, 531.6161314
1714544755945, 2024-05-01T06:25:55.945Z, 150.02793200000002, 525.3170446
1714544755975, 2024-05-01T06:25:55.975Z, 156.2865596, 520.150075
1714544755990, 2024-05-01T06:25:55.990Z, 163.2379126, 507.6492420000001
1714544756020, 2024-05-01T06:25:56.020Z, 169.6440726, 498.5114758000001
1714544756035, 2024-05-01T06:25:56.035Z, 172.3830108, 492.3642508
1714544756079, 2024-05-01T06:25:56.079Z, 176.150326, 491.4062192
1714544756109, 2024-05-01T06:25:56.109Z, 182.286643, 490.5896958
1714544756125, 2024-05-01T06:25:56.125Z, 189.3332028, 495.1091642
1714544756154, 2024-05-01T06:25:56.154Z, 199.8204332, 497.67059559999996
1714544756170, 2024-05-01T06:25:56.170Z, 218.55707279999996, 499.9624114
1714544756216, 2024-05-01T06:25:56.216Z, 240.10768720000002, 497.1577676
1714544756250, 2024-05-01T06:25:56.250Z, 255.3321444, 487.528132
1714544756266, 2024-05-01T06:25:56.266Z, 267.08363059999994, 478.45501679999995
1714544756290, 2024-05-01T06:25:56.290Z, 275.2000964, 472.33921380000004
1714544756305, 2024-05-01T06:25:56.305Z, 276.49064259999994, 467.36155819999993
1714544756335, 2024-05-01T06:25:56.335Z, 273.7667746, 465.88529619999997
1714544756380, 2024-05-01T06:25:56.380Z, 272.80354759999994, 471.16827739999997
1714544756396, 2024-05-01T06:25:56.396Z, 272.07099639999996, 475.2132564
1714544756427, 2024-05-01T06:25:56.427Z, 266.18319959999997, 475.902831
1714544756442, 2024-05-01T06:25:56.442Z, 256.21869439999995, 476.5512874
1714544756473, 2024-05-01T06:25:56.473Z, 245.2301084, 476.4008156
1714544756488, 2024-05-01T06:25:56.488Z, 236.1303008, 474.4981486
1714544756516, 2024-05-01T06:25:56.516Z, 224.52561780000002, 473.7789874
1714544756530, 2024-05-01T06:25:56.530Z, 218.28010079999999, 474.622584
1714544756566, 2024-05-01T06:25:56.566Z, 215.613125, 474.9617214
1714544756581, 2024-05-01T06:25:56.581Z, 212.6525596, 474.44976660000003
1714544756613, 2024-05-01T06:25:56.613Z, 208.2891864, 472.3338854
1714544756628, 2024-05-01T06:25:56.628Z, 202.33166500000002, 465.4006528
1714544756666, 2024-05-01T06:25:56.666Z, 196.7184388, 460.01801020000005
1714544756695, 2024-05-01T06:25:56.695Z, 193.875525, 461.7965832
1714544756709, 2024-05-01T06:25:56.709Z, 187.81926180000002, 465.4910214
1714544756740, 2024-05-01T06:25:56.740Z, 180.6519626, 470.5320162
1714544756755, 2024-05-01T06:25:56.755Z, 167.229513, 477.6725856
1714544756785, 2024-05-01T06:25:56.785Z, 153.47259720000002, 484.68839420000006
1714544756830, 2024-05-01T06:25:56.830Z, 140.42504560000003, 486.4050354
1714544756845, 2024-05-01T06:25:56.845Z, 130.9507758, 487.2727772
1714544756876, 2024-05-01T06:25:56.876Z, 120.057517, 488.100468
1714544756891, 2024-05-01T06:25:56.891Z, 121.73261600000001, 491.3278174
1714544756922, 2024-05-01T06:25:56.922Z, 124.4119416, 494.54282720000003
1714544756938, 2024-05-01T06:25:56.938Z, 123.73616059999999, 495.2299577999999
1714544756966, 2024-05-01T06:25:56.966Z, 123.088248, 495.2140152
1714544756980, 2024-05-01T06:25:56.980Z, 125.85944000000002, 495.51238680000006
1714544757010, 2024-05-01T06:25:57.010Z, 126.7938588, 494.5914924
1714544757025, 2024-05-01T06:25:57.025Z, 126.98518779999999, 492.938105
1714544757054, 2024-05-01T06:25:57.054Z, 125.9409552, 490.4698746
1714544757070, 2024-05-01T06:25:57.070Z, 124.6116638, 488.2769216
1714544757115, 2024-05-01T06:25:57.115Z, 123.5398412, 487.9147142
1714544757144, 2024-05-01T06:25:57.144Z, 124.96410580000001, 500.304855
1714544757165, 2024-05-01T06:25:57.165Z, 128.74295999999998, 526.8988892
1714544757194, 2024-05-01T06:25:57.194Z, 136.83144280000002, 570.2166976000001
1714544757209, 2024-05-01T06:25:57.209Z, 146.006371, 612.9258097999999
1714544757239, 2024-05-01T06:25:57.239Z, 155.3213188, 653.158909
1714544757279, 2024-05-01T06:25:57.279Z, 158.7155492, 679.9937173999999
1714544757294, 2024-05-01T06:25:57.294Z, 159.2779588, 692.800862
1714544757324, 2024-05-01T06:25:57.324Z, 156.2981546, 690.4316967999999
1714544757341, 2024-05-01T06:25:57.341Z, 151.8959414, 690.072656
1714544757375, 2024-05-01T06:25:57.375Z, 146.6347134, 689.9046836
1714544757387, 2024-05-01T06:25:57.387Z, 141.61571899999998, 688.6279568
1714544757415, 2024-05-01T06:25:57.415Z, 136.72243020000002, 687.1897374
1714544757429, 2024-05-01T06:25:57.429Z, 132.6091394, 686.2510156000001
1714544757464, 2024-05-01T06:25:57.464Z, 129.676337, 684.8065181999999
1714544757479, 2024-05-01T06:25:57.479Z, 124.5485678, 682.0006513999999
1714544757512, 2024-05-01T06:25:57.512Z, 121.57146480000002, 680.7268235999999
1714544757528, 2024-05-01T06:25:57.528Z, 124.00406819999998, 681.6596647999999
1714544757565, 2024-05-01T06:25:57.565Z, 126.93947480000001, 682.0261552000001
1714544757594, 2024-05-01T06:25:57.594Z, 133.9697584, 680.6479224000001
1714544757609, 2024-05-01T06:25:57.609Z, 144.9879452, 681.3342233999999
1714544757644, 2024-05-01T06:25:57.644Z, 159.4182082, 682.2324805999999
1714544757654, 2024-05-01T06:25:57.654Z, 169.4911444, 680.8255899999999
1714544757684, 2024-05-01T06:25:57.684Z, 181.91842620000003, 679.2020666000001
1714544757734, 2024-05-01T06:25:57.734Z, 197.26274719999998, 677.9090102
1714544757745, 2024-05-01T06:25:57.745Z, 211.71799959999998, 676.5984358
1714544757776, 2024-05-01T06:25:57.776Z, 223.66709799999998, 676.2781352
1714544757791, 2024-05-01T06:25:57.791Z, 234.9588252, 675.4507222
1714544757823, 2024-05-01T06:25:57.823Z, 243.295855, 674.530652
1714544757839, 2024-05-01T06:25:57.839Z, 244.57937299999998, 674.4950112
1714544757870, 2024-05-01T06:25:57.870Z, 246.02985520000001, 674.1883474
1714544757885, 2024-05-01T06:25:57.885Z, 247.06674800000002, 673.2486266
1714544757916, 2024-05-01T06:25:57.916Z, 246.88834420000003, 672.5626566
1714544757932, 2024-05-01T06:25:57.932Z, 246.33874999999998, 672.3879794000001
1714544757963, 2024-05-01T06:25:57.963Z, 245.24088380000003, 672.1144982
1714544757979, 2024-05-01T06:25:57.979Z, 243.05670600000002, 671.9875943999999
1714544758015, 2024-05-01T06:25:58.015Z, 240.3744838, 672.2961075999999
1714544758050, 2024-05-01T06:25:58.050Z, 237.36182399999998, 672.596583
1714544758059, 2024-05-01T06:25:58.059Z, 235.29297459999998, 673.5665682
1714544758089, 2024-05-01T06:25:58.089Z, 228.1157192, 675.0844331999999
1714544758104, 2024-05-01T06:25:58.104Z, 211.2422216, 679.3643018
1714544758149, 2024-05-01T06:25:58.149Z, 194.1633616, 683.5145274
1714544758180, 2024-05-01T06:25:58.180Z, 174.82072340000002, 689.7302836
1714544758195, 2024-05-01T06:25:58.195Z, 155.32021200000003, 696.0856308
1714544758227, 2024-05-01T06:25:58.227Z, 142.3087652, 702.5592702000001
1714544758245, 2024-05-01T06:25:58.245Z, 144.4142316, 708.9857306
1714544758273, 2024-05-01T06:25:58.273Z, 147.85210519999998, 716.4490402
1714544758290, 2024-05-01T06:25:58.290Z, 153.88536440000001, 721.4017664
1714544758315, 2024-05-01T06:25:58.315Z, 158.3971032, 723.9436383999999
1714544758329, 2024-05-01T06:25:58.329Z, 160.8778342, 724.6180316
1714544758364, 2024-05-01T06:25:58.364Z, 159.28752920000002, 722.9793817999999
1714544758374, 2024-05-01T06:25:58.374Z, 157.3116508, 720.532031
1714544758404, 2024-05-01T06:25:58.404Z, 155.30347160000002, 718.3211472
1714544758419, 2024-05-01T06:25:58.419Z, 153.3799706, 717.1554962000001
1714544758465, 2024-05-01T06:25:58.465Z, 153.9279724, 717.5732092
1714544758497, 2024-05-01T06:25:58.497Z, 155.10297079999998, 718.0503838
1714544758509, 2024-05-01T06:25:58.509Z, 155.9598132, 718.1090975999999
1714544758539, 2024-05-01T06:25:58.539Z, 157.72836339999998, 718.7488266
1714544758555, 2024-05-01T06:25:58.555Z, 159.44372979999997, 719.3523221999999
1714544758585, 2024-05-01T06:25:58.585Z, 166.6240688, 719.9859393999999
1714544758634, 2024-05-01T06:25:58.634Z, 173.3622992, 720.1778018
1714544758649, 2024-05-01T06:25:58.649Z, 180.06728479999998, 720.303632
1714544758680, 2024-05-01T06:25:58.680Z, 186.77410400000002, 721.141241
1714544758694, 2024-05-01T06:25:58.694Z, 194.5700332, 722.1607042
1714544758727, 2024-05-01T06:25:58.727Z, 195.66651140000002, 722.9315874000001
1714544758743, 2024-05-01T06:25:58.743Z, 195.7086194, 724.1515422
1714544758765, 2024-05-01T06:25:58.765Z, 195.7339604, 725.6913831999999
1714544758779, 2024-05-01T06:25:58.779Z, 190.6856876, 725.8182198000001
1714544758809, 2024-05-01T06:25:58.809Z, 182.042372, 725.8649073999999
1714544758824, 2024-05-01T06:25:58.824Z, 172.4910368, 725.778705
1714544758853, 2024-05-01T06:25:58.853Z, 156.10145859999997, 725.1770266000001
1714544758869, 2024-05-01T06:25:58.869Z, 139.31403540000002, 724.490865
1714544758915, 2024-05-01T06:25:58.915Z, 126.6477998, 724.2339228
1714544758949, 2024-05-01T06:25:58.949Z, 116.8209746, 723.9587406
1714544758965, 2024-05-01T06:25:58.965Z, 107.7787088, 723.6366095999999
1714544758991, 2024-05-01T06:25:58.991Z, 107.89496340000001, 722.9461974
1714544759010, 2024-05-01T06:25:59.010Z, 108.3139796, 722.1132216
1714544759039, 2024-05-01T06:25:59.039Z, 109.3458232, 721.3750204
1714544759079, 2024-05-01T06:25:59.079Z, 108.13157659999999, 717.6327684
1714544759094, 2024-05-01T06:25:59.094Z, 106.1501816, 713.3795738
1714544759129, 2024-05-01T06:25:59.129Z, 105.0367268, 715.0092453999999
1714544759149, 2024-05-01T06:25:59.149Z, 105.4804298, 718.7261867999999
1714544759179, 2024-05-01T06:25:59.179Z, 102.53618979999999, 718.4244632
1714544759194, 2024-05-01T06:25:59.194Z, 102.1014232, 721.0839762
1714544759215, 2024-05-01T06:25:59.215Z, 103.39916139999998, 724.9358206
1714544759229, 2024-05-01T06:25:59.229Z, 103.0897884, 724.5598026
1714544759259, 2024-05-01T06:25:59.259Z, 107.21162179999999, 728.6979180000001
1714544759274, 2024-05-01T06:25:59.274Z, 115.2402822, 737.3770261999999
1714544759305, 2024-05-01T06:25:59.305Z, 124.32693400000001, 748.4269376
1714544759321, 2024-05-01T06:25:59.321Z, 135.833192, 763.0062393999999
1714544759365, 2024-05-01T06:25:59.365Z, 144.53687259999998, 777.2312554
1714544759399, 2024-05-01T06:25:59.399Z, 147.21085060000001, 784.9561748
1714544759430, 2024-05-01T06:25:59.430Z, 150.5364926, 791.8802567999999
1714544759446, 2024-05-01T06:25:59.446Z, 154.0239814, 796.0791078
1714544759462, 2024-05-01T06:25:59.462Z, 154.3506916, 796.6346656
1714544759493, 2024-05-01T06:25:59.493Z, 157.1159268, 797.0331612
1714544759529, 2024-05-01T06:25:59.529Z, 159.5145536, 797.4391721999999
1714544759550, 2024-05-01T06:25:59.550Z, 160.2357434, 796.8248941999999
1714544759580, 2024-05-01T06:25:59.580Z, 159.5860434, 796.4020595999999
1714544759589, 2024-05-01T06:25:59.589Z, 158.597555, 795.157152
1714544759619, 2024-05-01T06:25:59.619Z, 156.9402524, 793.2345416000001
1714544759634, 2024-05-01T06:25:59.634Z, 156.179565, 791.024721
1714544759757, 2024-05-01T06:25:59.757Z, 161.821301, 786.7812384000001
1714544759773, 2024-05-01T06:25:59.773Z, 377.3604408, 733.8255506
1714544759836, 2024-05-01T06:25:59.836Z, 594.0002154, 680.5924630000002
1714544759850, 2024-05-01T06:25:59.850Z, 810.7897143999999, 628.6208150000001
1714544759866, 2024-05-01T06:25:59.866Z, 1027.4390779999999, 576.9895106
1714544759913, 2024-05-01T06:25:59.913Z, 1233.0903910000002, 514.4548922
1714544759945, 2024-05-01T06:25:59.945Z, 1228.1252814, 500.7692234
1714544759979, 2024-05-01T06:25:59.979Z, 1221.0040864, 482.4506134
1714544759998, 2024-05-01T06:25:59.998Z, 1210.4155894, 460.7691702
1714544760115, 2024-05-01T06:26:00.115Z, 1193.1729948, 424.00604480000004
1714544760129, 2024-05-01T06:26:00.129Z, 1178.1640160000002, 392.6038984
1714544760159, 2024-05-01T06:26:00.159Z, 1164.1227880000001, 362.6340844
1714544760174, 2024-05-01T06:26:00.174Z, 1149.841889, 340.70633979999997
1714544760209, 2024-05-01T06:26:00.209Z, 1139.955692, 323.61103620000006
1714544760224, 2024-05-01T06:26:00.224Z, 1136.7346122000001, 321.64179279999996
1714544760265, 2024-05-01T06:26:00.265Z, 1138.0307542, 327.75478280000004
1714544760298, 2024-05-01T06:26:00.298Z, 1136.8107442, 331.5648298
1714544760309, 2024-05-01T06:26:00.309Z, 1127.3777374000001, 328.77132900000004
1714544760344, 2024-05-01T06:26:00.344Z, 1001.9991342, 318.9516086
1714544760360, 2024-05-01T06:26:00.360Z, 862.6654194, 312.86061440000003
1714544760388, 2024-05-01T06:26:00.388Z, 717.8105811999999, 307.6041242
1714544760447, 2024-05-01T06:26:00.447Z, 528.0944202000001, 304.18943879999995
1714544760462, 2024-05-01T06:26:00.462Z, 338.0074992, 292.5703286
1714544760478, 2024-05-01T06:26:00.478Z, 259.54061640000003, 284.8899418
1714544760493, 2024-05-01T06:26:00.493Z, 191.9255162, 271.71857839999996
1714544760524, 2024-05-01T06:26:00.524Z, 135.3641088, 259.3918312
1714544760540, 2024-05-01T06:26:00.540Z, 135.99524660000003, 251.7388342
1714544760567, 2024-05-01T06:26:00.567Z, 149.8975404, 258.7385654
1714544760580, 2024-05-01T06:26:00.580Z, 172.90730000000002, 269.18482600000004
1714544760610, 2024-05-01T06:26:00.610Z, 196.983414, 281.2679122
1714544760625, 2024-05-01T06:26:00.625Z, 213.3450374, 291.7971276
1714544760654, 2024-05-01T06:26:00.654Z, 220.0884956, 296.4856422
1714544760715, 2024-05-01T06:26:00.715Z, 226.20115260000003, 295.4573362
1714544760743, 2024-05-01T06:26:00.743Z, 229.34504399999997, 288.9147812
1714544760759, 2024-05-01T06:26:00.759Z, 238.2095788, 285.5279232
1714544760789, 2024-05-01T06:26:00.789Z, 252.4373176, 289.7284342
1714544760835, 2024-05-01T06:26:00.835Z, 271.658343, 305.6807582
1714544804987, 2024-05-01T06:26:44.987Z, 260.4047404, 337.60221060000003
1714544805004, 2024-05-01T06:26:45.004Z, 252.75046179999998, 371.68720859999996
1714544805033, 2024-05-01T06:26:45.033Z, 242.103429, 400.2802138
1714544805049, 2024-05-01T06:26:45.049Z, 225.10733420000003, 418.47782720000004
1714544805078, 2024-05-01T06:26:45.078Z, 203.9077768, 425.95294540000003
1714544805094, 2024-05-01T06:26:45.094Z, 213.10448860000002, 421.9738328
1714544805114, 2024-05-01T06:26:45.114Z, 216.12643519999997, 418.58957360000005
1714544805131, 2024-05-01T06:26:45.131Z, 218.0262428, 417.3662354
1714544805158, 2024-05-01T06:26:45.158Z, 222.1545208, 419.59852100000006
1714544805173, 2024-05-01T06:26:45.173Z, 225.40253539999998, 420.79845880000005
1714544805203, 2024-05-01T06:26:45.203Z, 226.54871359999999, 420.2011618
1714544805218, 2024-05-01T06:26:45.218Z, 224.1688708, 418.5719274
1714544805264, 2024-05-01T06:26:45.264Z, 185.3039286, 411.1730108
1714544805296, 2024-05-01T06:26:45.296Z, 145.8421122, 403.734671
1714544805311, 2024-05-01T06:26:45.311Z, 109.355875, 398.731599
1714544805342, 2024-05-01T06:26:45.342Z, 71.347513, 392.11312260000005
1714544805357, 2024-05-01T06:26:45.357Z, 33.6302382, 382.268261
1714544805388, 2024-05-01T06:26:45.388Z, 32.259147, 378.5944384
1714544805428, 2024-05-01T06:26:45.428Z, 31.263361799999995, 379.89990479999994
1714544805443, 2024-05-01T06:26:45.443Z, 27.548771799999997, 379.31992019999996
1714544805473, 2024-05-01T06:26:45.473Z, 27.798071200000003, 381.548403
1714544805488, 2024-05-01T06:26:45.488Z, 30.932440200000002, 387.52585999999997
1714544805518, 2024-05-01T06:26:45.518Z, 34.879755, 393.24631519999997
1714544805533, 2024-05-01T06:26:45.533Z, 38.7673958, 393.9663756
1714544805564, 2024-05-01T06:26:45.564Z, 42.892251400000006, 394.19802739999994
1714544805578, 2024-05-01T06:26:45.578Z, 43.752628800000004, 393.33984780000003
1714544805607, 2024-05-01T06:26:45.607Z, 43.4492554, 391.32591220000006
1714544805623, 2024-05-01T06:26:45.623Z, 50.041533400000006, 389.63818860000003
1714544805653, 2024-05-01T06:26:45.653Z, 64.07835299999999, 388.6917318
1714544805669, 2024-05-01T06:26:45.669Z, 78.8790618, 389.4722456
1714544805714, 2024-05-01T06:26:45.714Z, 103.0187876, 400.0930074
1714544805743, 2024-05-01T06:26:45.743Z, 126.75329040000001, 413.92673219999995
1714544805758, 2024-05-01T06:26:45.758Z, 142.43667820000002, 426.4802612
1714544805788, 2024-05-01T06:26:45.788Z, 148.2315946, 435.63610579999994
1714544805803, 2024-05-01T06:26:45.803Z, 150.7800116, 442.301247
1714544805833, 2024-05-01T06:26:45.833Z, 141.69366580000002, 439.03199359999996
1714544805878, 2024-05-01T06:26:45.878Z, 132.8523076, 434.0674584
1714544805892, 2024-05-01T06:26:45.892Z, 125.08959159999999, 430.11478959999994
1714544805923, 2024-05-01T06:26:45.923Z, 111.85016279999999, 425.63267399999995
1714544806088, 2024-05-01T06:26:46.088Z, 117.8135672, 439.95475180000005
1714544808598, 2024-05-01T06:26:48.598Z, 104.84342360000001, 391.05468340000004
1714544808644, 2024-05-01T06:26:48.644Z, 95.0430204, 341.946233
1714544808692, 2024-05-01T06:26:48.692Z, 85.39452279999999, 293.014908
1714544811631, 2024-05-01T06:26:51.631Z, 77.72102, 320.868534
1714544811794, 2024-05-01T06:26:51.794Z, 48.6128376, 302.3228268
1714544811822, 2024-05-01T06:26:51.822Z, 40.1248972, 346.82854299999997
1714544811836, 2024-05-01T06:26:51.836Z, 28.4679188, 390.7350846
1714544811864, 2024-05-01T06:26:51.864Z, 22.0319728, 428.91599299999996
1714544811878, 2024-05-01T06:26:51.878Z, 24.409838200000003, 393.1966114
1714544811907, 2024-05-01T06:26:51.907Z, 40.619934799999996, 394.5536448
1714544811923, 2024-05-01T06:26:51.923Z, 67.7788318, 405.1985286
1714544811952, 2024-05-01T06:26:51.953Z, 100.564279, 425.28758619999996
1714544811968, 2024-05-01T06:26:51.968Z, 129.222476, 454.5588148
1714544812014, 2024-05-01T06:26:52.014Z, 152.0754758, 480.1020222
1714544812042, 2024-05-01T06:26:52.042Z, 165.1956766, 496.6295554
1714544812058, 2024-05-01T06:26:52.058Z, 168.6973226, 504.86602220000003
1714544812087, 2024-05-01T06:26:52.087Z, 167.78193720000002, 503.186751
1714544812103, 2024-05-01T06:26:52.103Z, 166.44618640000002, 499.0231382
1714544812132, 2024-05-01T06:26:52.132Z, 167.88966499999998, 498.3975024
1714544812182, 2024-05-01T06:26:52.182Z, 173.9990022, 497.750867
1714544812205, 2024-05-01T06:26:52.205Z, 181.360128, 496.5677666
1714544812237, 2024-05-01T06:26:52.237Z, 197.043291, 496.21588299999996
1714544812252, 2024-05-01T06:26:52.252Z, 211.8146726, 494.54037800000003
1714544812268, 2024-05-01T06:26:52.268Z, 232.05696420000004, 492.9201574
1714544812283, 2024-05-01T06:26:52.283Z, 248.52420239999998, 492.46963139999997
1714544812314, 2024-05-01T06:26:52.314Z, 260.6442392, 490.6176238
1714544812330, 2024-05-01T06:26:52.330Z, 264.56599719999997, 488.54341000000005
1714544812361, 2024-05-01T06:26:52.361Z, 268.7911008, 485.8989688
1714544812377, 2024-05-01T06:26:52.377Z, 269.916988, 487.79407840000005
1714544812407, 2024-05-01T06:26:52.407Z, 266.5613432, 512.0566666
1714544812423, 2024-05-01T06:26:52.423Z, 265.62329880000004, 540.3486164
1714544812464, 2024-05-01T06:26:52.464Z, 264.037261, 577.1834406
1714544812492, 2024-05-01T06:26:52.492Z, 262.3049972, 615.4996654
1714544812508, 2024-05-01T06:26:52.508Z, 258.27384, 649.7484122
1714544812538, 2024-05-01T06:26:52.538Z, 256.3264272, 659.3533854000001
1714544812553, 2024-05-01T06:26:52.553Z, 254.85460620000003, 666.849701
1714544812582, 2024-05-01T06:26:52.582Z, 254.9942802, 665.7704114000001
1714544812627, 2024-05-01T06:26:52.627Z, 255.22035599999998, 665.3233658
1714544812647, 2024-05-01T06:26:52.647Z, 254.40890999999996, 665.7370862
1714544812673, 2024-05-01T06:26:52.673Z, 255.8459572, 668.5181758
1714544812688, 2024-05-01T06:26:52.688Z, 257.6437274, 671.5680182
1714544812718, 2024-05-01T06:26:52.718Z, 258.5458384, 674.2210828000001
1714544812733, 2024-05-01T06:26:52.733Z, 259.08082939999997, 675.4798172
1714544812764, 2024-05-01T06:26:52.764Z, 260.912314, 676.1299584000001
1714544812780, 2024-05-01T06:26:52.780Z, 262.60490319999997, 677.0097549999999
1714544812812, 2024-05-01T06:26:52.812Z, 264.1906176, 678.6002472
1714544812827, 2024-05-01T06:26:52.827Z, 265.6035268, 681.0831272000001
1714544812858, 2024-05-01T06:26:52.858Z, 268.880442, 682.4525293999999
1714544812874, 2024-05-01T06:26:52.874Z, 274.549395, 673.6182872
1714544812915, 2024-05-01T06:26:52.915Z, 295.93117939999996, 607.6616389999999
1714544812943, 2024-05-01T06:26:52.943Z, 315.7480526, 538.5046896
1714544812959, 2024-05-01T06:26:52.959Z, 334.98824959999996, 469.1875615999999
1714544812988, 2024-05-01T06:26:52.988Z, 351.83717079999997, 399.7685998
1714544813003, 2024-05-01T06:26:53.003Z, 365.97560859999993, 339.4850532
1714544813033, 2024-05-01T06:26:53.033Z, 364.4765802, 334.9255314
1714544813078, 2024-05-01T06:26:53.078Z, 364.7793458, 333.2106592
1714544813093, 2024-05-01T06:26:53.093Z, 364.772259, 332.3454088
1714544813123, 2024-05-01T06:26:53.123Z, 365.7955264, 331.9917292
1714544813139, 2024-05-01T06:26:53.139Z, 366.8145948, 332.79236499999996
1714544813170, 2024-05-01T06:26:53.170Z, 368.65249, 333.61828720000005
1714544813185, 2024-05-01T06:26:53.185Z, 370.54720540000005, 332.8334858
1714544813214, 2024-05-01T06:26:53.214Z, 373.6224916, 330.9870956
1714544813229, 2024-05-01T06:26:53.229Z, 376.1194328, 329.7203648
1714544813259, 2024-05-01T06:26:53.259Z, 380.00374780000004, 327.4034216
1714544813274, 2024-05-01T06:26:53.274Z, 382.34170120000005, 325.63068780000003
1714544813303, 2024-05-01T06:26:53.303Z, 383.7447466, 325.0408504
1714544813318, 2024-05-01T06:26:53.318Z, 384.33430039999996, 324.834272
1714544813369, 2024-05-01T06:26:53.369Z, 381.4149074, 331.69308579999995
1714544813394, 2024-05-01T06:26:53.394Z, 377.3310094, 338.75315720000003
1714544813409, 2024-05-01T06:26:53.409Z, 354.74505059999996, 383.245179
1714544813438, 2024-05-01T06:26:53.438Z, 318.74443520000005, 455.03924859999995
1714544813454, 2024-05-01T06:26:53.454Z, 283.85458980000004, 529.6034592
1714544813493, 2024-05-01T06:26:53.493Z, 249.36508500000005, 596.7369654
1714544813532, 2024-05-01T06:26:53.532Z, 214.8496188, 664.6750386
1714544813545, 2024-05-01T06:26:53.545Z, 198.5971922, 694.1160143999999
1714544813573, 2024-05-01T06:26:53.573Z, 196.20052040000002, 694.7650118
1714544813588, 2024-05-01T06:26:53.588Z, 192.075326, 692.6018452000001
1714544813618, 2024-05-01T06:26:53.618Z, 190.95715320000002, 690.8418212
1714544813649, 2024-05-01T06:26:53.649Z, 189.8525992, 688.6938986
1714544813664, 2024-05-01T06:26:53.664Z, 190.21328239999997, 687.3931256
1714544813681, 2024-05-01T06:26:53.681Z, 190.7124484, 686.7575564
1714544813712, 2024-05-01T06:26:53.712Z, 192.2196284, 686.1237582
1714544813727, 2024-05-01T06:26:53.727Z, 194.0398852, 685.6608531999999
1714544813758, 2024-05-01T06:26:53.758Z, 195.6166698, 685.7883476000001
1714544813773, 2024-05-01T06:26:53.773Z, 196.29897780000002, 686.2305100000001
1714544813788, 2024-05-01T06:26:53.788Z, 196.64448399999998, 686.722576
1714544813815, 2024-05-01T06:26:53.815Z, 193.6810756, 687.9167812
1714544813844, 2024-05-01T06:26:53.844Z, 187.638321, 688.8198112
1714544813859, 2024-05-01T06:26:53.859Z, 169.35766619999998, 688.1380757999999
1714544813888, 2024-05-01T06:26:53.888Z, 148.122109, 686.7986907999999
1714544813904, 2024-05-01T06:26:53.904Z, 128.50892819999999, 685.4911202
1714544813933, 2024-05-01T06:26:53.933Z, 112.70842359999999, 682.9544006
1714544813978, 2024-05-01T06:26:53.978Z, 96.4764948, 679.4737336000001
1714544813994, 2024-05-01T06:26:53.994Z, 94.39330980000001, 678.1075548
1714544814023, 2024-05-01T06:26:54.023Z, 94.54835, 677.051736
1714544814039, 2024-05-01T06:26:54.039Z, 94.94934699999999, 677.4394936
1714544814070, 2024-05-01T06:26:54.070Z, 93.72054360000001, 679.9629748000001
1714544814085, 2024-05-01T06:26:54.085Z, 97.3979294, 685.3985246
1714544814114, 2024-05-01T06:26:54.114Z, 98.8009978, 690.5214578
1714544814129, 2024-05-01T06:26:54.129Z, 102.15607100000001, 697.4253062
1714544814158, 2024-05-01T06:26:54.158Z, 104.7126526, 705.7163268
1714544814173, 2024-05-01T06:26:54.173Z, 110.9964504, 714.0869066
1714544814203, 2024-05-01T06:26:54.203Z, 112.9611028, 718.134795
1714544814218, 2024-05-01T06:26:54.218Z, 116.049636, 722.2417896
1714544814264, 2024-05-01T06:26:54.264Z, 120.340809, 724.1946886
1714544814293, 2024-05-01T06:26:54.293Z, 128.481978, 723.621219
1714544814308, 2024-05-01T06:26:54.308Z, 134.4854942, 721.66736
1714544814338, 2024-05-01T06:26:54.338Z, 142.8819918, 721.8271397999999
1714544814354, 2024-05-01T06:26:54.354Z, 149.72051800000003, 722.197129
1714544814383, 2024-05-01T06:26:54.383Z, 153.099107, 723.25354
1714544814428, 2024-05-01T06:26:54.428Z, 150.53430440000002, 723.7734054
1714544814443, 2024-05-01T06:26:54.443Z, 147.66687940000003, 724.0094348
1714544814473, 2024-05-01T06:26:54.473Z, 142.77909200000002, 720.4702116000001
1714544814488, 2024-05-01T06:26:54.488Z, 138.72635480000002, 715.8513398
1714544814518, 2024-05-01T06:26:54.518Z, 135.59135220000002, 708.7608213999999
1714544814533, 2024-05-01T06:26:54.533Z, 133.5247908, 702.6964712
1714544814564, 2024-05-01T06:26:54.564Z, 131.2726632, 695.9957086
1714544814579, 2024-05-01T06:26:54.579Z, 132.0163316, 693.8923036
1714544814610, 2024-05-01T06:26:54.610Z, 132.2426456, 691.1389836
1714544814626, 2024-05-01T06:26:54.626Z, 133.69683559999999, 692.0301832
1714544814656, 2024-05-01T06:26:54.656Z, 134.08880100000002, 689.879455
1714544814672, 2024-05-01T06:26:54.672Z, 136.42831719999998, 689.9621778
1714544814714, 2024-05-01T06:26:54.714Z, 136.9848524, 691.2941623999999
1714544814833, 2024-05-01T06:26:54.833Z, 132.90107559999998, 692.8716258000001
1714544814878, 2024-05-01T06:26:54.878Z, 127.68808220000001, 695.7260758
1714544814893, 2024-05-01T06:26:54.893Z, 125.5136538, 702.278907
1714544814923, 2024-05-01T06:26:54.923Z, 119.759472, 705.3571688
1714544814938, 2024-05-01T06:26:54.938Z, 118.1210328, 709.1040364
1714544814968, 2024-05-01T06:26:54.968Z, 119.0757548, 711.5369578000001
1714544814983, 2024-05-01T06:26:54.983Z, 121.21398140000001, 711.998948
1714544815165, 2024-05-01T06:26:55.165Z, 108.77452000000001, 716.3562912
1714544815193, 2024-05-01T06:26:55.193Z, 93.86854440000002, 719.9207468000001
1714544815208, 2024-05-01T06:26:55.208Z, 82.48286, 720.6529768
1714544815238, 2024-05-01T06:26:55.238Z, 75.8466918, 718.8148062
1714544815253, 2024-05-01T06:26:55.253Z, 72.7781766, 720.4440946
1714544815283, 2024-05-01T06:26:55.283Z, 81.56603, 716.9061306
1714544815328, 2024-05-01T06:26:55.328Z, 90.53854040000002, 715.3913581999999
1714544815344, 2024-05-01T06:26:55.344Z, 95.5600704, 714.9781169999999
1714544815373, 2024-05-01T06:26:55.373Z, 105.8092344, 719.6090674
1714544815389, 2024-05-01T06:26:55.389Z, 115.4524052, 721.2038812000001
1714544815421, 2024-05-01T06:26:55.421Z, 126.34686959999999, 722.8975178
1714544815433, 2024-05-01T06:26:55.433Z, 141.2259426, 725.3743674
1714544815468, 2024-05-01T06:26:55.468Z, 155.33792120000004, 727.7626595999999
1714544815479, 2024-05-01T06:26:55.479Z, 162.020408, 729.556908
1714544815508, 2024-05-01T06:26:55.508Z, 164.30417619999997, 730.0909738
1714544815523, 2024-05-01T06:26:55.523Z, 165.9287162, 730.0766105999999
1714544815553, 2024-05-01T06:26:55.553Z, 166.697994, 729.8703772
1714544815568, 2024-05-01T06:26:55.568Z, 165.5726664, 729.5159038
1714544815615, 2024-05-01T06:26:55.615Z, 164.6095162, 730.8006026
1714544815646, 2024-05-01T06:26:55.646Z, 162.191625, 733.1685614
1714544815662, 2024-05-01T06:26:55.662Z, 157.908384, 737.1369534
1714544815692, 2024-05-01T06:26:55.692Z, 155.1176574, 741.2892064
1714544815707, 2024-05-01T06:26:55.707Z, 154.23869280000002, 745.1757924
1714544815739, 2024-05-01T06:26:55.739Z, 152.61187060000003, 746.1216029999999
1714544815778, 2024-05-01T06:26:55.778Z, 155.4663162, 747.1886154
1714544815794, 2024-05-01T06:26:55.794Z, 158.8568166, 746.5130833999999
1714544815823, 2024-05-01T06:26:55.823Z, 153.3988192, 747.8322699999999
1714544815838, 2024-05-01T06:26:55.838Z, 140.1119608, 749.1250273999999
1714544815867, 2024-05-01T06:26:55.867Z, 128.15391440000002, 751.7449236
1714544815883, 2024-05-01T06:26:55.883Z, 113.3857888, 753.7060174000001
1714544815913, 2024-05-01T06:26:55.913Z, 99.9148692, 754.3116459999999
1714544815927, 2024-05-01T06:26:55.927Z, 98.3855182, 754.312956
1714544815957, 2024-05-01T06:26:55.957Z, 98.9919752, 753.3089722
1714544815973, 2024-05-01T06:26:55.973Z, 99.020196, 753.70254
1714544816003, 2024-05-01T06:26:56.003Z, 98.65915539999999, 753.7758854
1714544816018, 2024-05-01T06:26:56.018Z, 100.43936839999999, 756.4584265999999
1714544816063, 2024-05-01T06:26:56.063Z, 107.06053019999999, 766.82398
1714544816092, 2024-05-01T06:26:56.092Z, 110.8880572, 773.006611
1714544816107, 2024-05-01T06:26:56.107Z, 114.4659838, 778.8882140000001
1714544816153, 2024-05-01T06:26:56.153Z, 117.1613382, 784.8196816
1714544816182, 2024-05-01T06:26:56.182Z, 109.58215299999999, 788.232932
1714544816227, 2024-05-01T06:26:56.227Z, 92.72520340000001, 783.1029662
1714544816243, 2024-05-01T06:26:56.243Z, 83.3089214, 782.7592074
1714544816272, 2024-05-01T06:26:56.272Z, 74.76126819999999, 780.3490522
1714544816288, 2024-05-01T06:26:56.288Z, 68.3069994, 777.8511688000001
1714544816317, 2024-05-01T06:26:56.317Z, 67.995507, 776.0261192
1714544816332, 2024-05-01T06:26:56.332Z, 69.5721078, 774.1530409999999
1714544816363, 2024-05-01T06:26:56.363Z, 66.2319348, 770.2943895999999
1714544816377, 2024-05-01T06:26:56.377Z, 66.3847624, 769.7505429999999
1714544816407, 2024-05-01T06:26:56.407Z, 64.0008016, 770.023007
1714544816422, 2024-05-01T06:26:56.422Z, 62.7280248, 771.2098302000002
1714544816452, 2024-05-01T06:26:56.452Z, 59.3031056, 771.9892212
1714544816468, 2024-05-01T06:26:56.468Z, 65.5962318, 778.0034574
1714544816514, 2024-05-01T06:26:56.514Z, 66.63179899999999, 780.7127312
1714544816542, 2024-05-01T06:26:56.542Z, 67.1934344, 777.7345384
1714544816558, 2024-05-01T06:26:56.558Z, 69.4513972, 775.6695483999999
1714544816587, 2024-05-01T06:26:56.587Z, 71.70936960000002, 773.6577436
1714544816605, 2024-05-01T06:26:56.605Z, 72.18904, 771.1062787999999
1714544816635, 2024-05-01T06:26:56.635Z, 70.66163300000001, 769.9902787999999
1714544816677, 2024-05-01T06:26:56.677Z, 69.4284816, 773.7179130000001
1714544816692, 2024-05-01T06:26:56.692Z, 73.0417588, 777.7001238
1714544816722, 2024-05-01T06:26:56.722Z, 72.98538099999999, 780.6108244
1714544816737, 2024-05-01T06:26:56.737Z, 72.05580760000001, 781.6891426
1714544816767, 2024-05-01T06:26:56.767Z, 74.8583688, 782.5932828
1714544816782, 2024-05-01T06:26:56.782Z, 82.0077146, 785.3238236
1714544816813, 2024-05-01T06:26:56.813Z, 83.330377, 790.0818052000001
1714544816828, 2024-05-01T06:26:56.828Z, 91.688236, 796.03621
1714544816857, 2024-05-01T06:26:56.857Z, 97.0524308, 801.5327712
1714544816873, 2024-05-01T06:26:56.873Z, 104.05665939999999, 807.6104108
1714544816902, 2024-05-01T06:26:56.902Z, 106.59758099999999, 811.4688716
1714544816918, 2024-05-01T06:26:56.918Z, 110.03898219999999, 812.6696114
1714544816964, 2024-05-01T06:26:56.964Z, 109.90293820000002, 813.1302278000001
1714544816995, 2024-05-01T06:26:56.995Z, 108.8107062, 811.6110448000001
1714544817010, 2024-05-01T06:26:57.010Z, 105.673931, 809.4499026
1714544817041, 2024-05-01T06:26:57.041Z, 102.9643454, 807.9818972
1714544817056, 2024-05-01T06:26:57.056Z, 101.5321922, 806.8705560000001
1714544817087, 2024-05-01T06:26:57.087Z, 101.11143, 805.9755116
1714544817131, 2024-05-01T06:26:57.131Z, 100.3391436, 806.3325956
1714544817142, 2024-05-01T06:26:57.142Z, 99.78219659999999, 806.7118636
1714544817172, 2024-05-01T06:26:57.172Z, 98.2680352, 806.2704040000001
1714544817187, 2024-05-01T06:26:57.187Z, 99.34082240000001, 806.9468697999998
1714544817217, 2024-05-01T06:26:57.217Z, 98.83546700000001, 807.0545036000001
1714544817232, 2024-05-01T06:26:57.232Z, 100.7819164, 807.3894244
1714544817263, 2024-05-01T06:26:57.263Z, 102.1407338, 807.246478
1714544817277, 2024-05-01T06:26:57.277Z, 105.5164928, 807.831646
1714544817307, 2024-05-01T06:26:57.307Z, 101.6284038, 806.6826528
1714544817322, 2024-05-01T06:26:57.322Z, 101.15802719999999, 806.8608956
1714544817352, 2024-05-01T06:26:57.352Z, 97.4653824, 806.9213376
1714544817372, 2024-05-01T06:26:57.372Z, 96.01111560000001, 807.4029622
1714544817413, 2024-05-01T06:26:57.413Z, 92.5194318, 807.3221656
1714544817442, 2024-05-01T06:26:57.442Z, 91.7042866, 805.868316
1714544817458, 2024-05-01T06:26:57.458Z, 89.3130636, 803.810942
1714544817489, 2024-05-01T06:26:57.489Z, 86.87103140000002, 802.8894068
1714544817505, 2024-05-01T06:26:57.505Z, 84.76794340000001, 802.3603146
1714544817536, 2024-05-01T06:26:57.536Z, 84.5168092, 801.966776
1714544817577, 2024-05-01T06:26:57.577Z, 82.0806116, 801.3964002
1714544817592, 2024-05-01T06:26:57.592Z, 82.1496928, 801.9171072000001
1714544817622, 2024-05-01T06:26:57.622Z, 83.354089, 801.4451354
1714544817638, 2024-05-01T06:26:57.638Z, 84.186632, 800.9707156000001
1714544817670, 2024-05-01T06:26:57.670Z, 84.4405434, 799.3406706
1714544817682, 2024-05-01T06:26:57.682Z, 89.0241374, 800.3329244
1714544817713, 2024-05-01T06:26:57.713Z, 89.207654, 800.0491718000001
1714544817727, 2024-05-01T06:26:57.727Z, 91.3976146, 800.8981156
1714544817757, 2024-05-01T06:26:57.757Z, 90.644209, 800.6081886
1714544817775, 2024-05-01T06:26:57.775Z, 92.5636524, 802.3780842
1714544817804, 2024-05-01T06:26:57.804Z, 89.392363, 802.1797746
1714544817820, 2024-05-01T06:26:57.820Z, 88.70716340000001, 803.0846290000001
1714544817864, 2024-05-01T06:26:57.864Z, 88.79488959999999, 804.3625686000001
1714544817892, 2024-05-01T06:26:57.892Z, 93.00558859999998, 808.2846696
1714544817908, 2024-05-01T06:26:57.908Z, 95.5282622, 812.3848434
1714544817939, 2024-05-01T06:26:57.939Z, 99.439611, 819.1165490000001
1714544817955, 2024-05-01T06:26:57.955Z, 102.9695662, 825.1236312000001
1714544817986, 2024-05-01T06:26:57.986Z, 105.572606, 830.8143408
1714544818027, 2024-05-01T06:26:58.027Z, 106.1421002, 837.910697
1714544818043, 2024-05-01T06:26:58.043Z, 106.89153720000002, 844.3668754
1714544818072, 2024-05-01T06:26:58.072Z, 112.6092452, 850.5306617999998
1714544818088, 2024-05-01T06:26:58.088Z, 118.8080316, 856.9083222000002
1714544818117, 2024-05-01T06:26:58.117Z, 124.00781219999999, 861.7143275999999
1714544818135, 2024-05-01T06:26:58.135Z, 127.97754559999998, 862.7535899999999
1714544818167, 2024-05-01T06:26:58.167Z, 131.6515828, 863.8289834
1714544818181, 2024-05-01T06:26:58.181Z, 132.3685754, 863.4149166
1714544818210, 2024-05-01T06:26:58.210Z, 132.3781544, 863.218758
1714544818227, 2024-05-01T06:26:58.227Z, 132.49877020000002, 863.5456908
1714544818255, 2024-05-01T06:26:58.255Z, 131.74487860000002, 863.6625728000001
1714544818271, 2024-05-01T06:26:58.271Z, 131.4996064, 862.8997304000001
1714544818317, 2024-05-01T06:26:58.317Z, 131.3273812, 863.9781024
1714544818345, 2024-05-01T06:26:58.345Z, 131.79283300000003, 865.001858
1714544818361, 2024-05-01T06:26:58.361Z, 132.885967, 866.978736
1714544818391, 2024-05-01T06:26:58.391Z, 137.0419696, 872.3503893999999
1714544818407, 2024-05-01T06:26:58.407Z, 141.2334112, 879.0017534000001
1714544818437, 2024-05-01T06:26:58.437Z, 144.5677418, 883.9273465999999
1714544818480, 2024-05-01T06:26:58.480Z, 145.68470920000001, 889.095342
1714544818496, 2024-05-01T06:26:58.496Z, 144.1408352, 894.1926563999999
1714544818529, 2024-05-01T06:26:58.529Z, 142.5531106, 896.1985360000001
1714544818545, 2024-05-01T06:26:58.545Z, 142.2797366, 897.7994913999999
1714544818575, 2024-05-01T06:26:58.575Z, 142.8118206, 899.9424744
1714544818590, 2024-05-01T06:26:58.590Z, 145.6046934, 901.6007528
1714544818616, 2024-05-01T06:26:58.616Z, 149.96673679999998, 902.3116481999999
1714544818631, 2024-05-01T06:26:58.631Z, 152.5827464, 903.4628422
1714544818660, 2024-05-01T06:26:58.660Z, 152.04215879999998, 903.3298922
1714544818676, 2024-05-01T06:26:58.676Z, 149.70140099999998, 902.1177729999999
1714544818705, 2024-05-01T06:26:58.705Z, 143.9483646, 900.3945
1714544818720, 2024-05-01T06:26:58.720Z, 134.885547, 899.50798
1714544818764, 2024-05-01T06:26:58.764Z, 120.92458859999999, 899.3433419999999
1714544818793, 2024-05-01T06:26:58.793Z, 107.563816, 900.2505002
1714544818808, 2024-05-01T06:26:58.808Z, 96.9530402, 901.6606770000001
1714544818838, 2024-05-01T06:26:58.838Z, 86.0894514, 903.1474284
1714544818854, 2024-05-01T06:26:58.854Z, 80.98356799999999, 904.300278
1714544818885, 2024-05-01T06:26:58.885Z, 85.73554320000001, 905.5598398
1714544818928, 2024-05-01T06:26:58.928Z, 107.7412888, 908.6241822
1714544818943, 2024-05-01T06:26:58.943Z, 134.7606908, 909.5443548
1714544818972, 2024-05-01T06:26:58.972Z, 164.321011, 910.8816193999999
1714544818988, 2024-05-01T06:26:58.988Z, 202.4910016, 911.9637334000001
1714544819017, 2024-05-01T06:26:59.017Z, 235.2261614, 912.1940298
1714544819032, 2024-05-01T06:26:59.032Z, 251.71171439999998, 910.4898654000001
1714544819063, 2024-05-01T06:26:59.063Z, 268.2443378, 911.5410816
1714544819077, 2024-05-01T06:26:59.077Z, 286.1805776, 912.360981
1714544819088, 2024-05-01T06:26:59.088Z, 295.00228000000004, 913.343269
1714544819107, 2024-05-01T06:26:59.107Z, 310.6615618, 914.981828
1714544819128, 2024-05-01T06:26:59.128Z, 325.11829300000005, 916.5282798000001
1714544819139, 2024-05-01T06:26:59.139Z, 344.3588732, 916.9948138
1714544819157, 2024-05-01T06:26:59.157Z, 368.84434380000005, 917.735335
1714544819173, 2024-05-01T06:26:59.173Z, 390.71804340000006, 918.0738894
1714544819195, 2024-05-01T06:26:59.195Z, 409.91114180000005, 918.5261237999999
1714544819221, 2024-05-01T06:26:59.221Z, 432.56292620000005, 920.5812679999999
1714544819241, 2024-05-01T06:26:59.241Z, 443.53174120000006, 922.8640616
1714544819257, 2024-05-01T06:26:59.257Z, 448.0568542, 922.8927938
1714544819273, 2024-05-01T06:26:59.273Z, 452.86056840000003, 923.6391518
1714544819289, 2024-05-01T06:26:59.289Z, 450.8907362, 923.4038486000002
1714544819305, 2024-05-01T06:26:59.305Z, 445.8604166, 922.1429267999999
1714544819334, 2024-05-01T06:26:59.334Z, 409.3497478, 918.0021383999999
1714544819379, 2024-05-01T06:26:59.379Z, 333.5804984, 911.2717696
1714544819395, 2024-05-01T06:26:59.395Z, 258.62095539999996, 904.2990087999999
1714544819427, 2024-05-01T06:26:59.427Z, 182.239464, 896.6657766000001
1714544819442, 2024-05-01T06:26:59.442Z, 107.20722459999999, 889.0027987999999
1714544819474, 2024-05-01T06:26:59.474Z, 64.25999879999999, 884.2532047999999
1714544819488, 2024-05-01T06:26:59.488Z, 60.982612399999994, 883.5632604
1714544819516, 2024-05-01T06:26:59.516Z, 59.7745824, 882.7854444000001
1714544819529, 2024-05-01T06:26:59.529Z, 65.78110860000001, 883.0425504000001
1714544819559, 2024-05-01T06:26:59.559Z, 73.851845, 882.6266588000001
1714544819574, 2024-05-01T06:26:59.574Z, 82.0598944, 882.1960632
1714544819604, 2024-05-01T06:26:59.604Z, 96.79729560000001, 881.478554
1714544819620, 2024-05-01T06:26:59.620Z, 110.09887520000002, 881.3742758000001
1714544819665, 2024-05-01T06:26:59.665Z, 119.4453712, 881.5424911999999
1714544819697, 2024-05-01T06:26:59.697Z, 122.2594356, 881.632165
1714544819709, 2024-05-01T06:26:59.709Z, 122.06113540000001, 880.9434466
1714544819739, 2024-05-01T06:26:59.739Z, 112.180879, 879.8828952
1714544819755, 2024-05-01T06:26:59.755Z, 102.7374884, 878.3248216
1714544819784, 2024-05-01T06:26:59.784Z, 94.5531656, 876.7887760000001
1714544819827, 2024-05-01T06:26:59.827Z, 90.04611500000001, 876.5980618
1714544819842, 2024-05-01T06:26:59.842Z, 89.793736, 877.2040636000002
1714544819872, 2024-05-01T06:26:59.872Z, 90.3230166, 879.251382
1714544819887, 2024-05-01T06:26:59.887Z, 92.682127, 882.4710046
1714544819917, 2024-05-01T06:26:59.917Z, 93.4623942, 885.5473754000001
1714544819932, 2024-05-01T06:26:59.932Z, 92.0096014, 888.4692268000001
1714544819963, 2024-05-01T06:26:59.963Z, 89.2715388, 891.3270964
1714544819978, 2024-05-01T06:26:59.978Z, 88.8093744, 893.8228802
1714544820012, 2024-05-01T06:27:00.012Z, 85.397226, 894.4882512
1714544820022, 2024-05-01T06:27:00.022Z, 84.2951864, 894.5141426
1714544820052, 2024-05-01T06:27:00.052Z, 84.58970260000001, 893.8463411999999
1714544820067, 2024-05-01T06:27:00.067Z, 86.28133480000001, 893.4927844
1714544820118, 2024-05-01T06:27:00.118Z, 88.9292356, 892.8844966
1714544820146, 2024-05-01T06:27:00.146Z, 99.74338660000001, 892.1733324
1714544820162, 2024-05-01T06:27:00.162Z, 112.20854039999999, 892.9889057999999
1714544820202, 2024-05-01T06:27:00.202Z, 124.7797156, 893.3817386000001
1714544820218, 2024-05-01T06:27:00.218Z, 136.67371439999997, 893.9020472
1714544820249, 2024-05-01T06:27:00.249Z, 149.61970219999998, 892.6154650000001
1714544820282, 2024-05-01T06:27:00.282Z, 155.0221988, 887.0653292000001
1714544820297, 2024-05-01T06:27:00.297Z, 158.9447774, 877.9663198000001
1714544820326, 2024-05-01T06:27:00.326Z, 171.55166560000004, 808.5944294000001
1714544820342, 2024-05-01T06:27:00.342Z, 187.6372586, 717.880744
1714544820372, 2024-05-01T06:27:00.372Z, 202.5731, 631.2015747999999
1714544820387, 2024-05-01T06:27:00.387Z, 216.57089580000002, 546.5825133999999
1714544820418, 2024-05-01T06:27:00.418Z, 228.6478412, 462.0152488
1714544820433, 2024-05-01T06:27:00.433Z, 231.89492719999998, 434.10369060000005
1714544820464, 2024-05-01T06:27:00.464Z, 229.50880360000002, 417.28831120000007
1714544820479, 2024-05-01T06:27:00.479Z, 226.1344642, 401.6370846
1714544820510, 2024-05-01T06:27:00.510Z, 225.8927358, 383.3032828
1714544820526, 2024-05-01T06:27:00.526Z, 230.70111379999997, 366.6312602
1714544820563, 2024-05-01T06:27:00.563Z, 239.6533098, 351.7399798
1714544820592, 2024-05-01T06:27:00.592Z, 250.72650240000002, 344.8259684
1714544820607, 2024-05-01T06:27:00.607Z, 262.1729282, 335.3128206
1714544820637, 2024-05-01T06:27:00.637Z, 271.0650888, 325.779509
1714544820657, 2024-05-01T06:27:00.657Z, 273.5430126, 318.7219752
1714544820684, 2024-05-01T06:27:00.684Z, 266.443417, 308.4196948
1714544820729, 2024-05-01T06:27:00.729Z, 258.56110879999994, 300.9011174
1714544820745, 2024-05-01T06:27:00.745Z, 246.6871686, 289.84302119999995
1714544820774, 2024-05-01T06:27:00.774Z, 233.74439559999996, 281.824976
1714544820790, 2024-05-01T06:27:00.790Z, 225.2302906, 274.69666659999996
1714544820819, 2024-05-01T06:27:00.819Z, 223.05876239999998, 272.4605554
1714544820834, 2024-05-01T06:27:00.834Z, 222.39197359999997, 271.86096100000003
1714544820863, 2024-05-01T06:27:00.863Z, 223.6711116, 273.38281739999996
1714544820879, 2024-05-01T06:27:00.879Z, 226.17872640000002, 281.47059559999997
1714544820907, 2024-05-01T06:27:00.907Z, 223.0110178, 283.996714
1714544820923, 2024-05-01T06:27:00.923Z, 220.34324779999997, 288.4558102
1714544820952, 2024-05-01T06:27:00.952Z, 212.15360679999998, 286.89850079999997
1714544820967, 2024-05-01T06:27:00.967Z, 208.71686499999996, 289.858525
1714544821013, 2024-05-01T06:27:01.013Z, 203.74022879999998, 285.6923076
1714544821042, 2024-05-01T06:27:01.042Z, 208.8800828, 281.167475
1714544821057, 2024-05-01T06:27:01.057Z, 215.74411479999998, 277.96614200000005
1714544821087, 2024-05-01T06:27:01.087Z, 228.1381796, 276.04913580000004
1714544821102, 2024-05-01T06:27:01.102Z, 242.26427619999998, 276.2897606
1714544821132, 2024-05-01T06:27:01.132Z, 257.544057, 277.43756240000005
1714544821177, 2024-05-01T06:27:01.177Z, 263.08742, 276.5644998
1714544821192, 2024-05-01T06:27:01.192Z, 269.6584406, 277.3781166
1714544821222, 2024-05-01T06:27:01.222Z, 284.08165500000007, 300.6416188
1714544821238, 2024-05-01T06:27:01.238Z, 291.072815, 323.637854
1714544821270, 2024-05-01T06:27:01.270Z, 296.89437819999995, 356.9558088
1714544821284, 2024-05-01T06:27:01.284Z, 299.16433240000003, 420.8376084
1714544821313, 2024-05-01T06:27:01.313Z, 289.8973204, 505.7045916000001
1714544821327, 2024-05-01T06:27:01.327Z, 264.23591539999995, 589.8672574
1714544821357, 2024-05-01T06:27:01.357Z, 234.5111702, 683.4966814
1714544821372, 2024-05-01T06:27:01.372Z, 206.40994960000003, 768.9135813999999
1714544821402, 2024-05-01T06:27:01.402Z, 185.12550779999998, 830.3843516000001
1714544821417, 2024-05-01T06:27:01.417Z, 173.1402852, 866.4768818
1714544821463, 2024-05-01T06:27:01.463Z, 168.1125778, 886.3907346
1714544821492, 2024-05-01T06:27:01.492Z, 167.880727, 893.3576309999999
1714544821507, 2024-05-01T06:27:01.507Z, 164.76241020000003, 901.1124066
1714544821537, 2024-05-01T06:27:01.537Z, 161.6639496, 907.721205
1714544821556, 2024-05-01T06:27:01.556Z, 157.45507419999998, 914.5542878
1714544821585, 2024-05-01T06:27:01.585Z, 153.222469, 919.1400328
1714544821631, 2024-05-01T06:27:01.631Z, 149.174781, 921.8026844
1714544821647, 2024-05-01T06:27:01.647Z, 149.0722812, 923.722495
1714544821672, 2024-05-01T06:27:01.672Z, 142.9175174, 925.0364528000002
1714544821687, 2024-05-01T06:27:01.687Z, 141.2907666, 926.6871896
1714544821717, 2024-05-01T06:27:01.717Z, 136.7234038, 927.5160974
1714544821733, 2024-05-01T06:27:01.733Z, 134.62523, 928.5214917999999
1714544821763, 2024-05-01T06:27:01.763Z, 139.453268, 929.7424758000001
1714544821777, 2024-05-01T06:27:01.777Z, 158.8870102, 931.2260118
1714544821807, 2024-05-01T06:27:01.807Z, 184.3423608, 932.0628886000001
1714544821822, 2024-05-01T06:27:01.822Z, 214.9326212, 932.7829373999999
1714544821852, 2024-05-01T06:27:01.852Z, 270.3047318, 933.4108851999999
1714544821867, 2024-05-01T06:27:01.867Z, 317.85810760000004, 933.6000582
1714544821914, 2024-05-01T06:27:01.914Z, 357.24326, 933.611561
1714544821923, 2024-05-01T06:27:01.923Z, 386.31239279999994, 934.1111248
1714544821942, 2024-05-01T06:27:01.942Z, 412.8210035999999, 936.4537374000001
1714544821958, 2024-05-01T06:27:01.958Z, 431.93506319999995, 937.2062138000001
1714544821991, 2024-05-01T06:27:01.991Z, 461.8781914, 936.149784
1714544822002, 2024-05-01T06:27:02.002Z, 490.9516946, 936.3631081999999
1714544822032, 2024-05-01T06:27:02.032Z, 523.6182568, 935.0330688
1714544822077, 2024-05-01T06:27:02.077Z, 559.5130826000001, 931.1586971999999
1714544822093, 2024-05-01T06:27:02.093Z, 575.8163923999999, 928.4704357999999
1714544822127, 2024-05-01T06:27:02.127Z, 580.6744774000001, 927.3030843999999
1714544822138, 2024-05-01T06:27:02.138Z, 586.0363304, 924.6820615999999
1714544822167, 2024-05-01T06:27:02.167Z, 587.5947576, 923.26106
1714544822182, 2024-05-01T06:27:02.182Z, 585.7635246000001, 922.4614314
1714544822214, 2024-05-01T06:27:02.214Z, 583.924467, 921.7833932000001
1714544822227, 2024-05-01T06:27:02.227Z, 581.4781142, 921.121607
1714544822258, 2024-05-01T06:27:02.258Z, 578.0353622, 920.5052501999999
1714544822274, 2024-05-01T06:27:02.274Z, 573.2077622, 919.6836882
1714544822305, 2024-05-01T06:27:02.305Z, 560.9332368, 918.7491935999999
1714544822320, 2024-05-01T06:27:02.320Z, 547.739273, 917.8535982000001
1714544822363, 2024-05-01T06:27:02.363Z, 533.5676002, 916.6063516
1714544822486, 2024-05-01T06:27:02.486Z, 666.3232286, 814.6259102
1714544822530, 2024-05-01T06:27:02.530Z, 799.3825621999999, 698.2693736
1714544822542, 2024-05-01T06:27:02.542Z, 942.2268270000001, 584.666762
1714544822572, 2024-05-01T06:27:02.572Z, 1086.6920014, 473.31290740000003
1714544822587, 2024-05-01T06:27:02.587Z, 1234.4247054, 364.4006762
1714544822622, 2024-05-01T06:27:02.622Z, 1238.5607599999998, 360.9669748
1714544822632, 2024-05-01T06:27:02.632Z, 1245.706638, 370.8729416
1714544822678, 2024-05-01T06:27:02.678Z, 1266.7398218, 370.86671620000004
1714544822724, 2024-05-01T06:27:02.724Z, 1290.3276972, 367.15374499999996
1714544822770, 2024-05-01T06:27:02.770Z, 1314.7475458000001, 352.72999139999996
1714544822857, 2024-05-01T06:27:02.857Z, 1339.8586062, 317.3896184
1714544822902, 2024-05-01T06:27:02.902Z, 1360.4520396, 281.5154204
1714544822997, 2024-05-01T06:27:02.997Z, 1363.9845048, 252.73740039999998
1714544823047, 2024-05-01T06:27:03.047Z, 1366.667133, 232.44241780000002
1714544823095, 2024-05-01T06:27:03.095Z, 1362.164688, 219.0277658
1714544823143, 2024-05-01T06:27:03.143Z, 1347.8996088, 227.481765
1714544823173, 2024-05-01T06:27:03.173Z, 1340.0179875999997, 237.05075700000003
1714544823189, 2024-05-01T06:27:03.189Z, 1336.6583704, 245.0759966
1714544823235, 2024-05-01T06:27:03.235Z, 1331.8309068, 247.45003200000002
1714544823267, 2024-05-01T06:27:03.267Z, 1328.3473476000001, 256.0108694
1714544823431, 2024-05-01T06:27:03.431Z, 1328.9321830000001, 282.8076306
1714544823446, 2024-05-01T06:27:03.446Z, 1304.7753251999998, 316.89158899999995
1714544823497, 2024-05-01T06:27:03.497Z, 1289.3856764, 355.2926332
1714544823565, 2024-05-01T06:27:03.565Z, 1304.6700956, 378.1864372
1714544823590, 2024-05-01T06:27:03.590Z, 1330.9075014, 389.1284482
1714544823625, 2024-05-01T06:27:03.625Z, 1366.4785094, 363.1348302
1714544823669, 2024-05-01T06:27:03.669Z, 1422.3749896, 336.01178760000005
1714544823794, 2024-05-01T06:27:03.794Z, 1461.5897442, 310.99752980000005
1714544823810, 2024-05-01T06:27:03.810Z, 1465.3070481999998, 294.8521268
1714544823841, 2024-05-01T06:27:03.841Z, 1462.6421243999998, 284.1399684
1714544823878, 2024-05-01T06:27:03.878Z, 1448.7679445999997, 297.9003004
1714544823893, 2024-05-01T06:27:03.893Z, 1436.6977358, 303.67040399999996
1714544823935, 2024-05-01T06:27:03.935Z, 1430.0458221999997, 307.78723379999997
1714544823951, 2024-05-01T06:27:03.951Z, 1428.719283, 318.11451619999997
1714544823968, 2024-05-01T06:27:03.968Z, 1425.6821785999998, 334.78557340000003
1714544823984, 2024-05-01T06:27:03.984Z, 1426.8618472, 338.5990052
1714544824015, 2024-05-01T06:27:04.015Z, 1424.618103, 343.3489808
1714544824029, 2024-05-01T06:27:04.029Z, 1421.7449981999998, 342.3279016
1714544824061, 2024-05-01T06:27:04.061Z, 1419.001587, 330.9534296
1714544824075, 2024-05-01T06:27:04.075Z, 1414.4679265999998, 313.1233072
1714544824106, 2024-05-01T06:27:04.106Z, 1409.4661585999997, 294.1866992
1714544824121, 2024-05-01T06:27:04.121Z, 1408.6958616, 275.38024740000003
1714544824165, 2024-05-01T06:27:04.165Z, 1410.4129334, 257.92813440000003
1714544824197, 2024-05-01T06:27:04.197Z, 1414.0723297999998, 242.02552020000002
1714544824215, 2024-05-01T06:27:04.215Z, 1420.8112858, 225.54006239999998
1714544824246, 2024-05-01T06:27:04.246Z, 1428.8425499999998, 209.97152820000002
1714544824261, 2024-05-01T06:27:04.261Z, 1436.4821, 196.63482199999999
1714544824293, 2024-05-01T06:27:04.293Z, 1441.5578828, 184.5232628
1714544824332, 2024-05-01T06:27:04.332Z, 1441.1165896, 181.5899246
1714544824344, 2024-05-01T06:27:04.344Z, 1431.8815628, 183.6487532
1714544824374, 2024-05-01T06:27:04.374Z, 1401.5703681999998, 186.070248
1714544824389, 2024-05-01T06:27:04.389Z, 1353.2605164000001, 183.28365939999998
1714544824418, 2024-05-01T06:27:04.418Z, 1304.6569476, 178.89668339999997
1714544824434, 2024-05-01T06:27:04.434Z, 1259.536073, 172.8060082
1714544824465, 2024-05-01T06:27:04.465Z, 1221.9357016000001, 165.24585
1714544824479, 2024-05-01T06:27:04.479Z, 1205.3554502000002, 159.8847844
1714544824509, 2024-05-01T06:27:04.509Z, 1206.7300334, 158.2665884
1714544824525, 2024-05-01T06:27:04.525Z, 1208.908986, 159.1484548
1714544824556, 2024-05-01T06:27:04.556Z, 1223.0450858, 158.8220224
1714544824573, 2024-05-01T06:27:04.573Z, 1256.0100257999998, 163.1484252
1714544824615, 2024-05-01T06:27:04.615Z, 1304.4143980000001, 168.5580032
1714544824644, 2024-05-01T06:27:04.644Z, 1351.9640842, 175.6129598
1714544824659, 2024-05-01T06:27:04.659Z, 1418.1303619999999, 181.04501639999998
1714544824688, 2024-05-01T06:27:04.688Z, 1471.8436656, 194.1452236
1714544824704, 2024-05-01T06:27:04.704Z, 1510.9852022, 196.30029879999998
1714544824733, 2024-05-01T06:27:04.733Z, 1538.6250089999999, 198.26325179999998
1714544824787, 2024-05-01T06:27:04.787Z, 1571.0625968, 207.96670860000003
1714544824802, 2024-05-01T06:27:04.802Z, 1581.4614141999998, 215.3223208
1714544824834, 2024-05-01T06:27:04.834Z, 1587.7466081999999, 223.6709104
1714544824849, 2024-05-01T06:27:04.849Z, 1590.2489472, 235.9611564
1714544824881, 2024-05-01T06:27:04.881Z, 1578.9247054, 241.16392499999998
1714544824896, 2024-05-01T06:27:04.896Z, 1537.4348898, 247.01344719999997
1714544824913, 2024-05-01T06:27:04.913Z, 1490.3734926, 257.5697274
1714544824927, 2024-05-01T06:27:04.927Z, 1428.6472198, 266.5513958
1714544824958, 2024-05-01T06:27:04.958Z, 1358.8333964, 280.6354104
1714544824974, 2024-05-01T06:27:04.974Z, 1297.6103878, 302.11834980000003
1714544825004, 2024-05-01T06:27:05.004Z, 1261.7494448000002, 313.921608
1714544825019, 2024-05-01T06:27:05.019Z, 1233.6186828, 323.9463784
1714544825067, 2024-05-01T06:27:05.067Z, 1223.2719824, 326.4918572
1714544825098, 2024-05-01T06:27:05.098Z, 1219.6552914000001, 322.4794438
1714544825114, 2024-05-01T06:27:05.114Z, 1212.3857364, 315.6781666
1714544825146, 2024-05-01T06:27:05.146Z, 1202.0156175999998, 308.71543
1714544825164, 2024-05-01T06:27:05.164Z, 1192.5094973999999, 301.897815
1714544825193, 2024-05-01T06:27:05.193Z, 1178.3460565999999, 294.121274
1714544825233, 2024-05-01T06:27:05.233Z, 1167.1741418000001, 289.2629794
1714544825249, 2024-05-01T06:27:05.249Z, 1163.9361612, 285.46952300000004
1714544825287, 2024-05-01T06:27:05.287Z, 1201.9717004000001, 281.62789699999996
1714544825303, 2024-05-01T06:27:05.303Z, 1240.9566978, 277.49183600000003
1714544825335, 2024-05-01T06:27:05.335Z, 1286.2411299999999, 274.5263324
1714544825350, 2024-05-01T06:27:05.350Z, 1330.825645, 269.3878548
1714544825367, 2024-05-01T06:27:05.367Z, 1374.5786088, 261.609756
1714544825382, 2024-05-01T06:27:05.382Z, 1382.509603, 254.33092000000002
1714544825413, 2024-05-01T06:27:05.413Z, 1390.3826505999998, 248.3658602
1714544825428, 2024-05-01T06:27:05.428Z, 1397.9414539999998, 245.47865940000003
1714544825460, 2024-05-01T06:27:05.460Z, 1402.7494804, 245.77027040000002
1714544825474, 2024-05-01T06:27:05.474Z, 1403.7773743999999, 248.25850559999998
1714544825519, 2024-05-01T06:27:05.519Z, 1400.9750722, 251.5553392
1714544825544, 2024-05-01T06:27:05.544Z, 1397.0462486, 255.227094
1714544825559, 2024-05-01T06:27:05.559Z, 1391.9090416000001, 263.377426
1714544825589, 2024-05-01T06:27:05.589Z, 1388.1853378, 272.77962779999996
1714544825604, 2024-05-01T06:27:05.604Z, 1384.1534158, 283.8186616
1714544825634, 2024-05-01T06:27:05.634Z, 1380.4372448, 295.20573279999996
1714544825682, 2024-05-01T06:27:05.682Z, 1374.9359262, 303.9626948
1714544825696, 2024-05-01T06:27:05.696Z, 1370.799528, 306.792957
1714544825724, 2024-05-01T06:27:05.724Z, 1367.6097324, 307.95015780000006
1714544825739, 2024-05-01T06:27:05.739Z, 1366.4402708, 308.1542718
1714544825772, 2024-05-01T06:27:05.772Z, 1366.5238978000002, 307.5661628
1714544825784, 2024-05-01T06:27:05.784Z, 1368.2029235999998, 314.12502759999995
1714544825832, 2024-05-01T06:27:05.832Z, 1373.313743, 318.85262
1714544825862, 2024-05-01T06:27:05.862Z, 1400.8486146, 324.044886
1714544825878, 2024-05-01T06:27:05.878Z, 1432.6592260000002, 324.9613606
1714544825910, 2024-05-01T06:27:05.910Z, 1465.4968803999998, 324.8349014
1714544825926, 2024-05-01T06:27:05.926Z, 1498.098923, 319.1521064
1714544825965, 2024-05-01T06:27:05.965Z, 1525.8571811999998, 317.41544480000005
1714544826006, 2024-05-01T06:27:06.006Z, 1530.9499342, 316.9824632
1714544826021, 2024-05-01T06:27:06.021Z, 1530.8767658, 320.2191862
1714544826052, 2024-05-01T06:27:06.052Z, 1529.7147662, 317.4902104
1714544826068, 2024-05-01T06:27:06.068Z, 1528.9663352000002, 314.5151078
1714544826083, 2024-05-01T06:27:06.083Z, 1528.9598398, 308.9517786
1714544826129, 2024-05-01T06:27:06.129Z, 1527.9320824000001, 301.00475739999996
1714544826144, 2024-05-01T06:27:06.144Z, 1526.4952111999999, 294.8214824
1714544826176, 2024-05-01T06:27:06.176Z, 1525.4868543999999, 294.5153474
1714544826191, 2024-05-01T06:27:06.191Z, 1524.9096934000002, 300.95818380000003
1714544826222, 2024-05-01T06:27:06.222Z, 1524.8380882, 304.7456322
1714544826238, 2024-05-01T06:27:06.238Z, 1525.1361763999998, 309.0780054
1714544826265, 2024-05-01T06:27:06.265Z, 1524.9582535999998, 315.23146280000003
1714544826279, 2024-05-01T06:27:06.279Z, 1524.0535704, 322.0889858
1714544826309, 2024-05-01T06:27:06.309Z, 1522.5169228, 322.7041932
1714544826330, 2024-05-01T06:27:06.330Z, 1521.0446064, 327.13876
1714544826361, 2024-05-01T06:27:06.361Z, 1520.338267, 330.96213120000004
1714544826377, 2024-05-01T06:27:06.377Z, 1520.3025514, 331.4851718
1714544826415, 2024-05-01T06:27:06.415Z, 1517.302418, 332.32916620000003
1714544826444, 2024-05-01T06:27:06.444Z, 1505.0075614, 334.1112272
1714544826459, 2024-05-01T06:27:06.459Z, 1480.4943918000001, 338.87109879999997
1714544826489, 2024-05-01T06:27:06.489Z, 1439.4470542000001, 348.1499734
1714544826504, 2024-05-01T06:27:06.504Z, 1398.3380302, 357.12083440000004
1714544826534, 2024-05-01T06:27:06.534Z, 1360.308186, 365.98282159999997
1714544826577, 2024-05-01T06:27:06.577Z, 1331.9735312, 372.6995998
1714544826592, 2024-05-01T06:27:06.592Z, 1316.5269150000001, 375.41975360000004
1714544826622, 2024-05-01T06:27:06.622Z, 1317.8003424000003, 374.34615660000003
1714544826637, 2024-05-01T06:27:06.637Z, 1319.1138012, 375.02715040000004
1714544826667, 2024-05-01T06:27:06.667Z, 1319.7809618000001, 375.8519706
1714544826682, 2024-05-01T06:27:06.682Z, 1320.1554692, 376.8214902
1714544826714, 2024-05-01T06:27:06.714Z, 1321.0082364, 377.09495200000003
1714544826733, 2024-05-01T06:27:06.733Z, 1320.7946713999997, 378.2300204
1714544826765, 2024-05-01T06:27:06.765Z, 1308.3743398000001, 378.09902220000004
1714544826781, 2024-05-01T06:27:06.781Z, 1295.4077408, 379.1584922
1714544826812, 2024-05-01T06:27:06.812Z, 1281.4881224, 380.558231
1714544826827, 2024-05-01T06:27:06.827Z, 1265.4239587999998, 383.9938896
1714544826863, 2024-05-01T06:27:06.863Z, 1246.3753371999999, 389.5883938
1714544826897, 2024-05-01T06:27:06.897Z, 1239.710182, 394.9275936
1714544826907, 2024-05-01T06:27:06.907Z, 1233.7882270000002, 398.82421400000004
1714544826937, 2024-05-01T06:27:06.937Z, 1226.033108, 402.9171298
1714544826952, 2024-05-01T06:27:06.952Z, 1219.0566652000002, 405.7902986
1714544826982, 2024-05-01T06:27:06.982Z, 1215.4486623999999, 405.43127259999994
1714544827028, 2024-05-01T06:27:07.028Z, 1210.2725688, 404.15668059999996
1714544827044, 2024-05-01T06:27:07.044Z, 1204.8564032, 402.8761281999999
1714544827074, 2024-05-01T06:27:07.074Z, 1199.9556016, 401.18561619999997
1714544827090, 2024-05-01T06:27:07.090Z, 1194.8573526, 399.90639819999996
1714544827120, 2024-05-01T06:27:07.120Z, 1191.4032758, 398.69579619999996
1714544827136, 2024-05-01T06:27:07.136Z, 1194.4432702000001, 398.2636168
1714544827168, 2024-05-01T06:27:07.168Z, 1200.2304218, 398.49848060000005
1714544827183, 2024-05-01T06:27:07.183Z, 1209.266633, 399.279849
1714544827214, 2024-05-01T06:27:07.214Z, 1223.0884505999998, 399.9155802
1714544827230, 2024-05-01T06:27:07.230Z, 1235.4691552, 400.4802906
1714544827262, 2024-05-01T06:27:07.262Z, 1242.9471159999998, 401.02900639999996
1714544827277, 2024-05-01T06:27:07.277Z, 1248.0082585999999, 400.9876373999999
1714544827313, 2024-05-01T06:27:07.313Z, 1252.2309436, 400.68006799999995
1714544827342, 2024-05-01T06:27:07.342Z, 1235.2116784, 401.32462
1714544827362, 2024-05-01T06:27:07.362Z, 1214.1888181999998, 402.478919
1714544827387, 2024-05-01T06:27:07.387Z, 1191.4377622, 403.2604818
1714544827402, 2024-05-01T06:27:07.402Z, 1170.4093552, 403.4879386
1714544827432, 2024-05-01T06:27:07.432Z, 1149.0331694000001, 403.759293
1714544827477, 2024-05-01T06:27:07.477Z, 1144.0788461999998, 401.21608219999996
1714544827493, 2024-05-01T06:27:07.493Z, 1142.8615456000002, 398.1793976
1714544827524, 2024-05-01T06:27:07.524Z, 1144.1614936, 396.2706162
1714544827539, 2024-05-01T06:27:07.539Z, 1144.1157859999998, 395.2857264
1714544827570, 2024-05-01T06:27:07.570Z, 1142.9756628, 395.49986499999994
1714544827585, 2024-05-01T06:27:07.585Z, 1142.0680058, 398.0856616
1714544827613, 2024-05-01T06:27:07.613Z, 1146.4802620000003, 405.3703384
1714544827627, 2024-05-01T06:27:07.627Z, 1151.1157362000001, 412.66981880000003
1714544827657, 2024-05-01T06:27:07.657Z, 1156.7183808000002, 420.099745
1714544827674, 2024-05-01T06:27:07.674Z, 1163.0540416, 425.11351240000005
1714544827702, 2024-05-01T06:27:07.702Z, 1176.9440706, 427.4097678
1714544827717, 2024-05-01T06:27:07.717Z, 1189.1351226000002, 424.5994852
1714544827763, 2024-05-01T06:27:07.763Z, 1209.165659, 423.33063999999996
1714544827792, 2024-05-01T06:27:07.792Z, 1236.685116, 426.5148666
1714544827807, 2024-05-01T06:27:07.807Z, 1264.3124842000002, 430.76962999999995
1714544827837, 2024-05-01T06:27:07.837Z, 1283.6772606000002, 434.3562286
1714544827852, 2024-05-01T06:27:07.852Z, 1300.7759938, 438.43143420000007
1714544827882, 2024-05-01T06:27:07.882Z, 1308.5512422, 439.48340039999994
1714544827943, 2024-05-01T06:27:07.943Z, 1307.7319830000001, 434.8018932
1714544827974, 2024-05-01T06:27:07.974Z, 1307.7153544, 425.9312328
1714544827990, 2024-05-01T06:27:07.990Z, 1308.7680322, 420.27920340000003
1714544828021, 2024-05-01T06:27:08.021Z, 1308.8486048, 414.30768879999994
1714544828036, 2024-05-01T06:27:08.036Z, 1309.8084279999998, 409.591231
1714544828063, 2024-05-01T06:27:08.063Z, 1311.2570668, 407.5534414
1714544828077, 2024-05-01T06:27:08.077Z, 1312.7384538000001, 409.85642079999997
1714544828107, 2024-05-01T06:27:08.107Z, 1314.3773194, 412.29451960000006
1714544828122, 2024-05-01T06:27:08.122Z, 1315.8121972000001, 414.9252214
1714544828152, 2024-05-01T06:27:08.152Z, 1311.6584618, 415.7675421999999
1714544828167, 2024-05-01T06:27:08.167Z, 1307.2131138, 413.95361560000003
1714544828214, 2024-05-01T06:27:08.214Z, 1299.596335, 414.546095
1714544828245, 2024-05-01T06:27:08.245Z, 1292.9408896, 414.7230496
1714544828260, 2024-05-01T06:27:08.260Z, 1286.3919804000002, 415.10788920000005
1714544828287, 2024-05-01T06:27:08.287Z, 1282.5690778, 419.51784580000003
1714544828302, 2024-05-01T06:27:08.302Z, 1273.5622822, 428.25433039999996
1714544828332, 2024-05-01T06:27:08.332Z, 1265.5546546, 432.730479
1714544828377, 2024-05-01T06:27:08.377Z, 1249.9343032, 428.65501759999995
1714544828397, 2024-05-01T06:27:08.397Z, 1234.2620858, 424.44331359999995
1714544828436, 2024-05-01T06:27:08.436Z, 1221.56163, 417.8161357999999
1714544828452, 2024-05-01T06:27:08.452Z, 1214.3715998, 408.5072552
1714544828468, 2024-05-01T06:27:08.468Z, 1209.0526792, 403.52346
1714544828483, 2024-05-01T06:27:08.483Z, 1209.190856, 408.37541200000004
1714544828513, 2024-05-01T06:27:08.513Z, 1209.82693, 412.60758100000004
1714544828527, 2024-05-01T06:27:08.527Z, 1210.1273934, 414.26595720000006
1714544828557, 2024-05-01T06:27:08.557Z, 1209.5410663999999, 417.2598260000001
1714544828572, 2024-05-01T06:27:08.572Z, 1209.658735, 417.79503380000006
1714544828602, 2024-05-01T06:27:08.602Z, 1189.659428, 411.74640179999994
1714544828617, 2024-05-01T06:27:08.617Z, 1174.5582468, 406.6064644
1714544828663, 2024-05-01T06:27:08.663Z, 1063.7416654, 395.0363664
1714544828697, 2024-05-01T06:27:08.697Z, 882.4167448000001, 371.26131440000006
1714544828712, 2024-05-01T06:27:08.712Z, 696.1006032, 345.356794
1714544828750, 2024-05-01T06:27:08.750Z, 523.8276960000001, 320.803189
1714544828765, 2024-05-01T06:27:08.765Z, 346.2414826, 296.7351304
1714544828782, 2024-05-01T06:27:08.782Z, 265.39268419999996, 282.8490138
1714544828827, 2024-05-01T06:27:08.827Z, 257.77537040000004, 278.5533712
1714544828843, 2024-05-01T06:27:08.843Z, 254.47918380000002, 276.2061052
1714544828874, 2024-05-01T06:27:08.874Z, 254.69027240000005, 274.313439
1714544828889, 2024-05-01T06:27:08.889Z, 254.40917780000004, 271.3321422
1714544828920, 2024-05-01T06:27:08.920Z, 252.06854600000003, 266.1827174
1714544828935, 2024-05-01T06:27:08.935Z, 246.59275279999997, 261.9268324000001
1714544828963, 2024-05-01T06:27:08.963Z, 242.19450820000003, 258.81602480000004
1714544828977, 2024-05-01T06:27:08.977Z, 241.6797624, 259.950326
1714544829007, 2024-05-01T06:27:09.007Z, 240.9680116, 260.0417612
1714544829022, 2024-05-01T06:27:09.022Z, 237.217314, 259.8415136
1714544829052, 2024-05-01T06:27:09.052Z, 231.68180080000002, 260.08933220000006
1714544829067, 2024-05-01T06:27:09.067Z, 224.2629276, 259.6624994
1714544829115, 2024-05-01T06:27:09.115Z, 208.85377839999995, 266.0181012
1714544829146, 2024-05-01T06:27:09.146Z, 194.19101100000003, 273.9022084
1714544829160, 2024-05-01T06:27:09.160Z, 183.04999000000004, 282.2123336
1714544829191, 2024-05-01T06:27:09.191Z, 170.112484, 298.2934078
1714544829205, 2024-05-01T06:27:09.205Z, 158.38841, 313.806474
1714544829236, 2024-05-01T06:27:09.236Z, 154.564351, 322.9409294
1714544829278, 2024-05-01T06:27:09.278Z, 151.0432544, 331.8099878
1714544829297, 2024-05-01T06:27:09.297Z, 148.6402824, 342.1724416
1714544829326, 2024-05-01T06:27:09.326Z, 153.240512, 343.6485842
1714544829341, 2024-05-01T06:27:09.341Z, 157.728927, 345.4113958
1714544829371, 2024-05-01T06:27:09.371Z, 162.29156400000002, 346.5020952
1714544829386, 2024-05-01T06:27:09.386Z, 166.28788519999998, 347.6841584
1714544829418, 2024-05-01T06:27:09.418Z, 169.7909832, 349.64986059999995
1714544829431, 2024-05-01T06:27:09.431Z, 174.13859000000002, 352.52316759999997
1714544829461, 2024-05-01T06:27:09.461Z, 184.897794, 355.35657499999996
1714544829477, 2024-05-01T06:27:09.477Z, 203.1803286, 358.4994034
1714544829509, 2024-05-01T06:27:09.509Z, 227.2718644, 361.8689832
1714544829524, 2024-05-01T06:27:09.524Z, 250.98061280000002, 363.2727628
1714544829564, 2024-05-01T06:27:09.564Z, 270.0969826, 363.45886260000003
1714544829593, 2024-05-01T06:27:09.593Z, 283.3099056, 363.9510898
1714544829608, 2024-05-01T06:27:09.608Z, 288.3118852, 363.6476994
1714544829638, 2024-05-01T06:27:09.638Z, 313.5690416, 366.2874096
1714544829653, 2024-05-01T06:27:09.653Z, 338.79654700000003, 369.2115852
1714544829686, 2024-05-01T06:27:09.686Z, 363.88868160000004, 372.093493
1714544829727, 2024-05-01T06:27:09.727Z, 385.40784599999995, 375.81955260000007
1714544829742, 2024-05-01T06:27:09.742Z, 406.60846860000004, 378.9903956
1714544829772, 2024-05-01T06:27:09.772Z, 403.376975, 378.689275
1714544829788, 2024-05-01T06:27:09.788Z, 401.90237339999993, 378.22257039999994
1714544829907, 2024-05-01T06:27:09.907Z, 398.0244432, 375.4376556
1714544829922, 2024-05-01T06:27:09.922Z, 394.412961, 366.0509578
1714544829951, 2024-05-01T06:27:09.951Z, 389.5291924, 357.0203574
1714544829967, 2024-05-01T06:27:09.967Z, 382.625245, 347.74147320000003
1714544830013, 2024-05-01T06:27:10.013Z, 377.65540120000003, 339.0111922
1714544830042, 2024-05-01T06:27:10.042Z, 390.01757499999997, 334.48313240000004
1714544830057, 2024-05-01T06:27:10.057Z, 432.75093699999996, 337.6114716
1714544830087, 2024-05-01T06:27:10.087Z, 553.1453085999999, 360.65978359999997
1714544830102, 2024-05-01T06:27:10.102Z, 681.7671524, 386.8669314
1714544830132, 2024-05-01T06:27:10.132Z, 847.3356362000001, 423.2581354
1714544830177, 2024-05-01T06:27:10.177Z, 1001.9517544, 453.2375512
1714544830192, 2024-05-01T06:27:10.192Z, 1134.239645, 472.94692000000003
1714544830223, 2024-05-01T06:27:10.223Z, 1181.4623476, 462.70506800000004
1714544830239, 2024-05-01T06:27:10.239Z, 1217.938218, 448.8263256
1714544830270, 2024-05-01T06:27:10.270Z, 1211.5904882, 426.3571398
1714544830285, 2024-05-01T06:27:10.285Z, 1199.963698, 408.76499240000004
1714544830313, 2024-05-01T06:27:10.313Z, 1183.8117692, 401.6245874
1714544830327, 2024-05-01T06:27:10.327Z, 1175.2597294, 403.3635808
1714544830357, 2024-05-01T06:27:10.357Z, 1168.0834882000001, 404.49898620000005
1714544830372, 2024-05-01T06:27:10.372Z, 1163.3596912, 403.3614294
1714544830402, 2024-05-01T06:27:10.402Z, 1161.2466658, 401.67181039999997
1714544830417, 2024-05-01T06:27:10.417Z, 1158.2020596000002, 397.7639626
1714544830463, 2024-05-01T06:27:10.463Z, 1156.8900094, 396.70131619999995
1714544830492, 2024-05-01T06:27:10.492Z, 1154.8412862, 397.7497146
1714544830507, 2024-05-01T06:27:10.507Z, 1153.6184286, 399.0828692
1714544830537, 2024-05-01T06:27:10.537Z, 1152.0233532, 402.310421
1714544830552, 2024-05-01T06:27:10.552Z, 1155.6339772000001, 410.76262720000005
1714544830582, 2024-05-01T06:27:10.582Z, 1157.2964054, 418.86313659999996
1714544830630, 2024-05-01T06:27:10.630Z, 1159.5054056000001, 426.6165116
1714544830647, 2024-05-01T06:27:10.647Z, 1161.9117842, 434.456364
1714544830676, 2024-05-01T06:27:10.676Z, 1174.762332, 440.58477780000004
1714544830691, 2024-05-01T06:27:10.691Z, 1184.2212004, 440.7369636
1714544830720, 2024-05-01T06:27:10.720Z, 1196.4548492000001, 439.4767984
1714544830750, 2024-05-01T06:27:10.750Z, 1210.5426628, 437.9666572
1714544830766, 2024-05-01T06:27:10.766Z, 1223.4730058, 437.18211119999995
1714544830782, 2024-05-01T06:27:10.782Z, 1226.892471, 438.1918608
1714544830813, 2024-05-01T06:27:10.813Z, 1230.5707019999998, 442.65537000000006
1714544830829, 2024-05-01T06:27:10.829Z, 1232.4138007999998, 447.2867062
1714544830860, 2024-05-01T06:27:10.860Z, 1248.6575091999998, 451.218009
1714544830875, 2024-05-01T06:27:10.875Z, 1265.3977068, 454.49481140000006
1714544830914, 2024-05-01T06:27:10.914Z, 1281.9889440000002, 459.4961046
1714544830942, 2024-05-01T06:27:10.942Z, 1296.2582046, 463.6667519999999
1714544830958, 2024-05-01T06:27:10.958Z, 1310.9665406, 467.0861223999999
1714544831000, 2024-05-01T06:27:11.000Z, 1310.805915, 468.978856
1714544831015, 2024-05-01T06:27:11.015Z, 1311.0070802, 470.0986006
1714544831032, 2024-05-01T06:27:11.032Z, 1310.60086, 467.95325540000005
1714544831077, 2024-05-01T06:27:11.077Z, 1310.2322208, 463.3350508
1714544831093, 2024-05-01T06:27:11.093Z, 1310.9258074000002, 459.4552166
1714544831124, 2024-05-01T06:27:11.124Z, 1312.2764058, 457.3119742
1714544831139, 2024-05-01T06:27:11.139Z, 1312.8293964, 455.625446
1714544831170, 2024-05-01T06:27:11.170Z, 1297.5679294, 453.247027
1714544831185, 2024-05-01T06:27:11.185Z, 1281.2454778, 452.584987
1714544831213, 2024-05-01T06:27:11.213Z, 1263.7507638, 455.35724259999995
1714544831227, 2024-05-01T06:27:11.227Z, 1246.0784247999998, 458.5598202
1714544831257, 2024-05-01T06:27:11.257Z, 1227.910918, 465.073294
1714544831272, 2024-05-01T06:27:11.272Z, 1226.7707474, 469.6540732
1714544831302, 2024-05-01T06:27:11.302Z, 1228.6218158000001, 469.6239834
1714544831317, 2024-05-01T06:27:11.317Z, 1231.0399806, 466.6613542
1714544831363, 2024-05-01T06:27:11.363Z, 1233.7931922000002, 465.3051154000001
1714544831392, 2024-05-01T06:27:11.392Z, 1235.8952708000002, 462.66399920000003
1714544831407, 2024-05-01T06:27:11.407Z, 1236.7633217999999, 462.6109622
1714544831437, 2024-05-01T06:27:11.437Z, 1234.2356646, 466.54357820000007
1714544831452, 2024-05-01T06:27:11.452Z, 1232.2376636, 468.94316760000004
1714544831482, 2024-05-01T06:27:11.482Z, 1229.9322619999998, 469.89952159999996
1714544831532, 2024-05-01T06:27:11.532Z, 1227.5113814000001, 466.0749408
1714544831545, 2024-05-01T06:27:11.545Z, 1224.4839944, 461.5063258
1714544831576, 2024-05-01T06:27:11.576Z, 1224.4101154, 457.12095
1714544831591, 2024-05-01T06:27:11.591Z, 1224.5131336, 454.8829794
1714544831617, 2024-05-01T06:27:11.617Z, 1225.0697964, 453.661593
1714544831633, 2024-05-01T06:27:11.633Z, 1226.3263718000003, 455.0663308
1714544831663, 2024-05-01T06:27:11.663Z, 1227.6556988, 458.3748588
1714544831676, 2024-05-01T06:27:11.676Z, 1224.4500792, 463.87546440000006
1714544831712, 2024-05-01T06:27:11.712Z, 1220.972392, 466.4259902
1714544831728, 2024-05-01T06:27:11.728Z, 1216.7656372, 466.55616119999996
1714544831760, 2024-05-01T06:27:11.760Z, 1213.031985, 465.1727118
1714544831775, 2024-05-01T06:27:11.775Z, 1208.310339, 460.97687340000004
1714544831813, 2024-05-01T06:27:11.813Z, 1202.5472618000001, 454.91884680000004
1714544831842, 2024-05-01T06:27:11.842Z, 1196.2189966, 450.79599339999993
1714544831857, 2024-05-01T06:27:11.857Z, 1190.0970538, 447.706523
1714544831887, 2024-05-01T06:27:11.887Z, 1184.88157, 446.8806444
1714544831902, 2024-05-01T06:27:11.902Z, 1181.1584704, 446.8604548
1714544831932, 2024-05-01T06:27:11.932Z, 1182.3557884, 445.05996060000007
1714544831977, 2024-05-01T06:27:11.977Z, 1185.3335454, 444.77909420000003
1714544831992, 2024-05-01T06:27:11.992Z, 1187.7932216, 445.4378516
1714544832023, 2024-05-01T06:27:12.023Z, 1187.6321804, 448.39262360000004
1714544832039, 2024-05-01T06:27:12.039Z, 1187.5211688000002, 451.9908750000001
1714544832070, 2024-05-01T06:27:12.070Z, 1184.5693664, 456.67067640000005
1714544832085, 2024-05-01T06:27:12.085Z, 1180.3654426, 459.4992854
1714544832113, 2024-05-01T06:27:12.113Z, 1180.6632908, 465.27787920000003
1714544832126, 2024-05-01T06:27:12.126Z, 1184.1003062, 469.0317432
1714544832157, 2024-05-01T06:27:12.157Z, 1189.0689414, 473.384771
1714544832172, 2024-05-01T06:27:12.172Z, 1200.0655537999999, 477.06841380000003
1714544832202, 2024-05-01T06:27:12.202Z, 1212.0550758000002, 483.28901400000007
1714544832222, 2024-05-01T06:27:12.222Z, 1220.4266446000001, 486.1909342
1714544832263, 2024-05-01T06:27:12.263Z, 1227.940763, 488.69985240000005
1714544832296, 2024-05-01T06:27:12.296Z, 1232.4364444, 490.8859788
1714544832307, 2024-05-01T06:27:12.307Z, 1234.29952, 492.79256640000006
1714544832337, 2024-05-01T06:27:12.337Z, 1235.1100270000002, 487.8564652000001
1714544832352, 2024-05-01T06:27:12.352Z, 1234.0957848, 483.08495380000005
1714544832381, 2024-05-01T06:27:12.381Z, 1231.4844236000001, 479.73063460000003
1714544832426, 2024-05-01T06:27:12.426Z, 1233.5643898, 472.94400939999997
1714544832457, 2024-05-01T06:27:12.457Z, 1234.4282867999998, 466.95117659999994
1714544832473, 2024-05-01T06:27:12.473Z, 1239.4791559999999, 462.5970072
1714544832488, 2024-05-01T06:27:12.488Z, 1244.4429209999998, 459.26060340000004
1714544832519, 2024-05-01T06:27:12.519Z, 1250.2273374000001, 454.7057858
1714544832534, 2024-05-01T06:27:12.534Z, 1252.5591617999999, 454.73142740000003
1714544832568, 2024-05-01T06:27:12.568Z, 1255.3264007999999, 455.68273100000005
1714544832580, 2024-05-01T06:27:12.580Z, 1253.7629762000001, 459.7696366
1714544832611, 2024-05-01T06:27:12.611Z, 1253.074997, 463.5107892
1714544832626, 2024-05-01T06:27:12.626Z, 1253.0741702, 466.31534739999995
1714544832657, 2024-05-01T06:27:12.657Z, 1237.3406449999998, 468.35144899999995
1714544832672, 2024-05-01T06:27:12.672Z, 1218.5670274, 469.3266896
1714544832714, 2024-05-01T06:27:12.714Z, 1194.5818508, 466.64911739999997
1714544832743, 2024-05-01T06:27:12.743Z, 1171.1884982, 464.2621274
1714544832757, 2024-05-01T06:27:12.757Z, 1147.515179, 461.58880640000007
1714544832796, 2024-05-01T06:27:12.796Z, 1139.7441342000002, 461.56724620000006
1714544832812, 2024-05-01T06:27:12.812Z, 1133.7073598000002, 461.9365881999999
1714544832843, 2024-05-01T06:27:12.843Z, 1131.1963088, 465.6819406000001
1714544832877, 2024-05-01T06:27:12.877Z, 1127.654653, 467.51468459999995
1714544832897, 2024-05-01T06:27:12.897Z, 1124.0009584, 469.6174758
1714544832936, 2024-05-01T06:27:12.936Z, 1119.9088725999998, 467.26430419999997
1714544832951, 2024-05-01T06:27:12.951Z, 1116.9446050000001, 464.33864860000006
1714544832983, 2024-05-01T06:27:12.983Z, 1115.4582044, 460.9529956
1714544833013, 2024-05-01T06:27:13.013Z, 1115.5467006000001, 460.24365420000004
1714544833029, 2024-05-01T06:27:13.029Z, 1114.744151, 460.09511140000006
1714544833060, 2024-05-01T06:27:13.060Z, 1114.3794856, 461.3666628
1714544833075, 2024-05-01T06:27:13.075Z, 1114.0515493999999, 462.12445399999996
1714544833106, 2024-05-01T06:27:13.106Z, 1114.1157668, 461.506442
1714544833121, 2024-05-01T06:27:13.121Z, 1114.121326, 458.7061844
1714544833164, 2024-05-01T06:27:13.164Z, 1114.4960246, 455.9917726
1714544833191, 2024-05-01T06:27:13.191Z, 1114.4332056, 451.9270186
1714544833206, 2024-05-01T06:27:13.206Z, 1114.2326796000002, 447.84705180000003
1714544833237, 2024-05-01T06:27:13.237Z, 1116.098089, 444.8601496
1714544833251, 2024-05-01T06:27:13.251Z, 1117.6409536, 440.9117018
1714544833282, 2024-05-01T06:27:13.282Z, 1122.891108, 437.79379659999995
1714544833327, 2024-05-01T06:27:13.327Z, 1129.1715778, 436.0469476
1714544833342, 2024-05-01T06:27:13.342Z, 1134.8197818, 435.45319600000005
1714544833377, 2024-05-01T06:27:13.377Z, 1133.7067116, 435.23758680000003
1714544833387, 2024-05-01T06:27:13.387Z, 1132.79002, 436.121058
1714544833417, 2024-05-01T06:27:13.417Z, 1128.5303636, 436.1321108
1714544833431, 2024-05-01T06:27:13.431Z, 1124.4024296, 437.52313459999993
1714544833463, 2024-05-01T06:27:13.463Z, 1120.8682286, 437.745839
1714544833477, 2024-05-01T06:27:13.477Z, 1121.9737802000002, 439.457504
1714544833509, 2024-05-01T06:27:13.509Z, 1121.6946802, 441.7602634
1714544833524, 2024-05-01T06:27:13.524Z, 1119.6258592, 444.09657179999994
1714544833555, 2024-05-01T06:27:13.555Z, 1116.7395549999999, 445.25573199999997
1714544833569, 2024-05-01T06:27:13.569Z, 1114.3732714, 446.03768019999995
1714544833613, 2024-05-01T06:27:13.613Z, 1110.6242782000002, 446.8231914
1714544833647, 2024-05-01T06:27:13.647Z, 1108.4952418, 447.3993426
1714544833663, 2024-05-01T06:27:13.663Z, 1108.7031749999999, 447.02708219999994
1714544833695, 2024-05-01T06:27:13.695Z, 1109.2510416, 446.40878080000005
1714544833711, 2024-05-01T06:27:13.711Z, 1109.4112689999997, 446.9342478
1714544833742, 2024-05-01T06:27:13.742Z, 1111.478695, 446.77494859999996
1714544833777, 2024-05-01T06:27:13.777Z, 1113.5663556000002, 446.55617279999996
1714544833792, 2024-05-01T06:27:13.792Z, 1115.1972904, 446.93267619999995
1714544833822, 2024-05-01T06:27:13.822Z, 1117.0058184000002, 445.25721539999995
1714544833837, 2024-05-01T06:27:13.837Z, 1118.4423502000002, 444.29417680000006
1714544833867, 2024-05-01T06:27:13.867Z, 1121.0230800000002, 442.5434478
1714544833883, 2024-05-01T06:27:13.883Z, 1121.6724632, 441.40374940000004
1714544833918, 2024-05-01T06:27:13.918Z, 1123.9429329999998, 438.9636766
1714544833934, 2024-05-01T06:27:13.934Z, 1128.7586966000001, 436.4159088
1714544833961, 2024-05-01T06:27:13.961Z, 1136.5305948, 427.9725179999999
1714544833977, 2024-05-01T06:27:13.977Z, 1142.1481356, 419.61058539999993
1714544834008, 2024-05-01T06:27:14.008Z, 1149.016231, 410.1347716
1714544834023, 2024-05-01T06:27:14.023Z, 1153.9561138000001, 402.595496
1714544834063, 2024-05-01T06:27:14.063Z, 1156.1908272, 397.987922
1714544834094, 2024-05-01T06:27:14.094Z, 1162.495857, 397.572465
1714544834112, 2024-05-01T06:27:14.112Z, 1177.9801374, 396.8736486
1714544834142, 2024-05-01T06:27:14.142Z, 1200.7426322, 397.05846940000004
1714544834158, 2024-05-01T06:27:14.158Z, 1223.8992183999999, 397.1347318
1714544834241, 2024-05-01T06:27:14.241Z, 1247.0651924, 396.8372938
1714544834256, 2024-05-01T06:27:14.256Z, 1263.3864859999999, 397.15166280000005
1714544834271, 2024-05-01T06:27:14.271Z, 1272.0566132, 397.12291360000006
1714544834302, 2024-05-01T06:27:14.302Z, 1273.5463260000001, 396.4425722
1714544834318, 2024-05-01T06:27:14.318Z, 1274.6843904000002, 396.04317000000003
1714544834333, 2024-05-01T06:27:14.333Z, 1275.2260827999999, 396.477373
1714544834363, 2024-05-01T06:27:14.363Z, 1275.5827643999999, 397.34088299999996
1714544834379, 2024-05-01T06:27:14.379Z, 1274.4689278, 399.7223472
1714544834411, 2024-05-01T06:27:14.411Z, 1273.9173858, 403.17705
1714544834426, 2024-05-01T06:27:14.426Z, 1273.40159, 405.7545798
1714544834456, 2024-05-01T06:27:14.456Z, 1272.7847969999998, 406.998423
1714544834472, 2024-05-01T06:27:14.472Z, 1270.0674331999999, 410.221711
1714544834513, 2024-05-01T06:27:14.513Z, 1252.338139, 418.3874468000001
1714544834543, 2024-05-01T06:27:14.543Z, 1225.550952, 429.8907112
1714544834557, 2024-05-01T06:27:14.557Z, 1197.6926282, 445.19705400000004
1714544834587, 2024-05-01T06:27:14.587Z, 1170.1326494, 460.4364628
1714544834602, 2024-05-01T06:27:14.602Z, 1144.6975535999998, 473.46415379999996
1714544834637, 2024-05-01T06:27:14.637Z, 1134.8970876, 485.32318559999993
1714544834677, 2024-05-01T06:27:14.677Z, 1134.623912, 493.7485178
1714544834692, 2024-05-01T06:27:14.692Z, 1136.11689, 500.56649619999996
1714544834722, 2024-05-01T06:27:14.722Z, 1141.4831212, 523.8292808
1714544834737, 2024-05-01T06:27:14.737Z, 1147.9030854, 553.5035866000001
1714544834767, 2024-05-01T06:27:14.767Z, 1153.2897268000002, 579.3181374
1714544834782, 2024-05-01T06:27:14.782Z, 1157.4803749999999, 604.3201055999999
1714544834813, 2024-05-01T06:27:14.813Z, 1160.8944986, 626.9989856
1714544834828, 2024-05-01T06:27:14.828Z, 1157.6903823999999, 628.6895856
1714544834860, 2024-05-01T06:27:14.860Z, 1154.7809978, 624.3918676000001
1714544834876, 2024-05-01T06:27:14.876Z, 1155.5305673999999, 619.9800834
1714544834907, 2024-05-01T06:27:14.907Z, 1157.1758258, 615.4978928
1714544834922, 2024-05-01T06:27:14.922Z, 1160.254199, 610.6114804000001
1714544834963, 2024-05-01T06:27:14.963Z, 1167.5884196, 610.6650452
1714544834992, 2024-05-01T06:27:14.992Z, 1183.616264, 612.4454038000001
1714544835007, 2024-05-01T06:27:15.007Z, 1196.916447, 614.4728572
1714544835037, 2024-05-01T06:27:15.037Z, 1212.9083692, 617.048537
1714544835052, 2024-05-01T06:27:15.052Z, 1229.4776818, 621.7333126
1714544835082, 2024-05-01T06:27:15.082Z, 1239.9978662, 620.5023256
1714544835127, 2024-05-01T06:27:15.127Z, 1241.6519442, 619.736189
1714544835142, 2024-05-01T06:27:15.142Z, 1243.2215824, 616.8346432000001
1714544835172, 2024-05-01T06:27:15.172Z, 1248.7671930000001, 615.1419556000001
1714544835187, 2024-05-01T06:27:15.187Z, 1252.7547534, 613.8129579999999
1714544835217, 2024-05-01T06:27:15.217Z, 1260.7191695999998, 617.0123914
1714544835233, 2024-05-01T06:27:15.233Z, 1267.7322096, 618.2056307999999
1714544835262, 2024-05-01T06:27:15.262Z, 1274.2114741999999, 621.142203
1714544835278, 2024-05-01T06:27:15.278Z, 1272.4368556, 622.3028248
1714544835310, 2024-05-01T06:27:15.310Z, 1260.7999884, 620.3355475999999
1714544835325, 2024-05-01T06:27:15.325Z, 1247.3651106, 619.2813652
1714544835356, 2024-05-01T06:27:15.356Z, 1233.2838462, 617.6000738
1714544835371, 2024-05-01T06:27:15.371Z, 1218.6725718, 615.8101657999999
1714544835412, 2024-05-01T06:27:15.412Z, 1208.4574671999999, 615.8358212
1714544835442, 2024-05-01T06:27:15.442Z, 1208.7045065999998, 618.4659454
1714544835458, 2024-05-01T06:27:15.458Z, 1210.4648765999998, 622.8013332
1714544835494, 2024-05-01T06:27:15.494Z, 1212.4047694, 627.8620702000001
1714544835511, 2024-05-01T06:27:15.511Z, 1215.4186129999998, 633.3424
1714544835588, 2024-05-01T06:27:15.588Z, 1201.7611160000001, 638.9081774
1714544835604, 2024-05-01T06:27:15.604Z, 1191.4646877999999, 640.6418968
1714544835636, 2024-05-01T06:27:15.636Z, 1182.807359, 634.9481704
1714544835652, 2024-05-01T06:27:15.652Z, 1174.0577216, 630.3527426
1714544835683, 2024-05-01T06:27:15.683Z, 1165.2676106000001, 626.2026446
1714544835698, 2024-05-01T06:27:15.698Z, 1171.0527086000002, 621.4791534
1714544835717, 2024-05-01T06:27:15.717Z, 1172.6823786, 620.1313618
1714544835731, 2024-05-01T06:27:15.731Z, 1173.1240534, 625.654456
1714544835761, 2024-05-01T06:27:15.761Z, 1173.9812751999998, 629.0808881999999
1714544835776, 2024-05-01T06:27:15.776Z, 1174.4040885999998, 631.6621432000001
1714544835807, 2024-05-01T06:27:15.807Z, 1173.1926822, 632.2958391999999
1714544835822, 2024-05-01T06:27:15.822Z, 1172.045447, 632.4981292
1714544835864, 2024-05-01T06:27:15.864Z, 1171.1913846, 630.1274712
1714544835893, 2024-05-01T06:27:15.893Z, 1170.2093618, 629.6539802
1714544835908, 2024-05-01T06:27:15.908Z, 1169.0988966, 629.4253132
1714544835938, 2024-05-01T06:27:15.938Z, 1168.253929, 629.1983148
1714544835953, 2024-05-01T06:27:15.953Z, 1167.1457566, 628.9994006000001
1714544835983, 2024-05-01T06:27:15.983Z, 1166.5710261999998, 630.1977810000001
1714544836029, 2024-05-01T06:27:16.029Z, 1166.541676, 631.0737772
1714544836045, 2024-05-01T06:27:16.045Z, 1167.003254, 631.5802335999999
1714544836077, 2024-05-01T06:27:16.077Z, 1167.3495834, 632.5769278
1714544836099, 2024-05-01T06:27:16.099Z, 1167.3414126, 633.2510022
1714544836130, 2024-05-01T06:27:16.130Z, 1168.4222792, 635.4159654
1714544836146, 2024-05-01T06:27:16.146Z, 1169.5042276, 636.6647008000001
1714544836164, 2024-05-01T06:27:16.164Z, 1170.8116932, 638.1693308
1714544836178, 2024-05-01T06:27:16.178Z, 1172.4595359999998, 638.8929128000001
1714544836208, 2024-05-01T06:27:16.208Z, 1174.6799104000002, 638.6838414000001
1714544836224, 2024-05-01T06:27:16.224Z, 1174.9935831999999, 638.3394384000001
1714544836254, 2024-05-01T06:27:16.254Z, 1174.9178459999998, 637.681769
1714544836284, 2024-05-01T06:27:16.284Z, 1173.4576677999999, 636.5512966
1714544836313, 2024-05-01T06:27:16.313Z, 1175.402239, 636.3061522
1714544836342, 2024-05-01T06:27:16.342Z, 1181.038662, 636.5319643999999
1714544836357, 2024-05-01T06:27:16.357Z, 1192.8434874, 635.3215832
1714544836387, 2024-05-01T06:27:16.387Z, 1211.9615284, 634.0079248
1714544836402, 2024-05-01T06:27:16.402Z, 1232.1916013999999, 632.9928324
1714544836432, 2024-05-01T06:27:16.432Z, 1249.2878508000001, 631.8440282
1714544836482, 2024-05-01T06:27:16.482Z, 1264.4497061999998, 630.9317960000001
1714544836496, 2024-05-01T06:27:16.496Z, 1277.2047484, 630.3182824
1714544836522, 2024-05-01T06:27:16.522Z, 1284.1866622, 629.78745
1714544836537, 2024-05-01T06:27:16.537Z, 1292.2614952, 629.2233989999999
1714544836568, 2024-05-01T06:27:16.568Z, 1302.5378256, 628.1677578
1714544836582, 2024-05-01T06:27:16.582Z, 1311.0778482, 627.3642097999999
1714544836613, 2024-05-01T06:27:16.613Z, 1316.4854713999998, 626.823423
1714544836629, 2024-05-01T06:27:16.629Z, 1320.3223436, 626.232675
1714544836659, 2024-05-01T06:27:16.659Z, 1322.1626443999999, 626.0561313999999
1714544836675, 2024-05-01T06:27:16.675Z, 1320.7249958, 626.5832121999999
1714544836706, 2024-05-01T06:27:16.706Z, 1296.3770723999999, 630.1606232
1714544836721, 2024-05-01T06:27:16.721Z, 1267.778276, 634.4421808
1714544836763, 2024-05-01T06:27:16.763Z, 1229.8678208000001, 639.28497
1714544836792, 2024-05-01T06:27:16.792Z, 1191.8121576, 643.9455829999999
1714544836807, 2024-05-01T06:27:16.807Z, 1155.2402956, 647.1025218000001
1714544836837, 2024-05-01T06:27:16.837Z, 1142.7589512, 647.1278868
1714544836852, 2024-05-01T06:27:16.852Z, 1134.2911264, 646.4932634
1714544836882, 2024-05-01T06:27:16.882Z, 1133.3013892, 646.1745510000001
1714544836927, 2024-05-01T06:27:16.927Z, 1131.5154948, 647.4041624
1714544836942, 2024-05-01T06:27:16.942Z, 1128.8369698000001, 650.2640774
1714544836977, 2024-05-01T06:27:16.977Z, 1124.698882, 653.1769352
1714544836987, 2024-05-01T06:27:16.987Z, 1120.6212620000001, 655.8967066
1714544837017, 2024-05-01T06:27:17.017Z, 1118.5110682, 657.618211
1714544837032, 2024-05-01T06:27:17.032Z, 1118.0360632, 657.3040876
1714544837062, 2024-05-01T06:27:17.062Z, 1119.3789282, 655.2409375999999
1714544837077, 2024-05-01T06:27:17.077Z, 1120.6194716, 652.7384642
1714544837109, 2024-05-01T06:27:17.109Z, 1116.367429, 651.80495
1714544837124, 2024-05-01T06:27:17.124Z, 1112.8488090000003, 650.9222232
1714544837155, 2024-05-01T06:27:17.155Z, 1110.1774256, 649.0381916
1714544837170, 2024-05-01T06:27:17.170Z, 1105.7668724, 648.4904462000001
1714544837217, 2024-05-01T06:27:17.217Z, 1102.861142, 647.9673538000001
1714544837247, 2024-05-01T06:27:17.247Z, 1105.0112116, 645.7701562
1714544837263, 2024-05-01T06:27:17.263Z, 1104.3872046000001, 643.4964512
1714544837295, 2024-05-01T06:27:17.295Z, 1104.1993236000003, 642.5140042
1714544837311, 2024-05-01T06:27:17.311Z, 1107.4611858, 643.381462
1714544837342, 2024-05-01T06:27:17.342Z, 1141.3084504, 659.8024838
1714544837388, 2024-05-01T06:27:17.388Z, 1211.0347416, 692.1778562
1714544837403, 2024-05-01T06:27:17.403Z, 1290.3336182, 726.5555926
1714544837435, 2024-05-01T06:27:17.435Z, 1367.5110558000001, 760.6683047999999
1714544837450, 2024-05-01T06:27:17.450Z, 1442.6211768, 794.8803009999999
1714544837467, 2024-05-01T06:27:17.467Z, 1485.6001456, 814.0450758
1714544837482, 2024-05-01T06:27:17.482Z, 1493.3183089999998, 817.7456536
1714544837518, 2024-05-01T06:27:17.518Z, 1492.5437948, 819.1169143999999
1714544837533, 2024-05-01T06:27:17.533Z, 1491.2795698000002, 820.9808356
1714544837558, 2024-05-01T06:27:17.558Z, 1488.5580352, 821.4773662
1714544837572, 2024-05-01T06:27:17.572Z, 1486.135681, 821.9123754
1714544837604, 2024-05-01T06:27:17.604Z, 1483.7918936, 822.3678243999999
1714544837618, 2024-05-01T06:27:17.618Z, 1482.2139294, 823.418481
1714544837664, 2024-05-01T06:27:17.664Z, 1482.4131078000003, 824.6290664
1714544837692, 2024-05-01T06:27:17.692Z, 1480.196846, 828.0775404
1714544837706, 2024-05-01T06:27:17.706Z, 1477.9538001999997, 832.044716
1714544837737, 2024-05-01T06:27:17.737Z, 1475.1866052, 836.9109566