1714545937056, 2024-05-01T06:45:37.056Z, 253.512364, 290.822345
1714545937070, 2024-05-01T06:45:37.070Z, 249.3865155, 288.3597515
1714545937102, 2024-05-01T06:45:37.102Z, 252.05657233333332, 288.50390466666664
1714545937143, 2024-05-01T06:45:37.143Z, 253.689305, 289.92416049999997
1714545937159, 2024-05-01T06:45:37.159Z, 254.82862599999999, 291.0542916
1714545937189, 2024-05-01T06:45:37.189Z, 258.3554206, 293.502598
1714545937207, 2024-05-01T06:45:37.207Z, 264.52418179999995, 298.0215016
1714545937234, 2024-05-01T06:45:37.234Z, 268.54464720000004, 301.97009940000004
1714545937249, 2024-05-01T06:45:37.249Z, 272.3660186, 304.7222842
1714545937280, 2024-05-01T06:45:37.280Z, 275.7074376, 306.3681944
1714545937294, 2024-05-01T06:45:37.294Z, 276.64265439999997, 306.4746702
1714545937324, 2024-05-01T06:45:37.324Z, 275.41986180000004, 305.8795116
1714545937338, 2024-05-01T06:45:37.338Z, 274.02415540000004, 305.28182380000004
1714545937368, 2024-05-01T06:45:37.368Z, 272.49922060000006, 304.70939400000003
1714545937384, 2024-05-01T06:45:37.384Z, 267.2796098, 304.6170914
1714545937430, 2024-05-01T06:45:37.430Z, 258.95973119999996, 304.1681584
1714545937459, 2024-05-01T06:45:37.459Z, 247.31480620000002, 303.2915262
1714545937474, 2024-05-01T06:45:37.474Z, 235.21967679999997, 302.48468399999996
1714545937504, 2024-05-01T06:45:37.504Z, 223.5169964, 301.9375596
1714545937519, 2024-05-01T06:45:37.519Z, 215.4220542, 301.7423476
1714545937551, 2024-05-01T06:45:37.551Z, 210.19294080000003, 304.9385816
1714545937593, 2024-05-01T06:45:37.593Z, 207.24841060000003, 305.20642680000003
1714545937608, 2024-05-01T06:45:37.608Z, 199.8430264, 300.83318160000005
1714545937638, 2024-05-01T06:45:37.638Z, 193.8430318, 307.391254
1714545937653, 2024-05-01T06:45:37.653Z, 189.39918200000002, 318.96313640000005
1714545937683, 2024-05-01T06:45:37.683Z, 187.2763084, 334.4826696
1714545937698, 2024-05-01T06:45:37.698Z, 187.3837238, 352.39554799999996
1714545937729, 2024-05-01T06:45:37.729Z, 192.61736459999997, 374.9255134
1714545937744, 2024-05-01T06:45:37.744Z, 196.2254388, 386.0066024
1714545937773, 2024-05-01T06:45:37.773Z, 200.7763154, 393.448723
1714545937789, 2024-05-01T06:45:37.789Z, 203.7020874, 394.3481898
1714545937818, 2024-05-01T06:45:37.818Z, 206.7373826, 396.697044
1714545937833, 2024-05-01T06:45:37.833Z, 210.34322160000002, 401.6504864
1714545937880, 2024-05-01T06:45:37.880Z, 213.78160160000002, 405.96815179999993
1714545937908, 2024-05-01T06:45:37.908Z, 219.8022014, 408.2198652
1714545937923, 2024-05-01T06:45:37.923Z, 231.755771, 410.4739518
1714545937953, 2024-05-01T06:45:37.953Z, 243.56321040000003, 412.12530619999995
1714545937968, 2024-05-01T06:45:37.968Z, 261.9246658, 414.0208488
1714545937999, 2024-05-01T06:45:37.999Z, 283.48155720000005, 417.9961396
1714545938043, 2024-05-01T06:45:38.043Z, 298.6231354, 422.94741839999995
1714545938058, 2024-05-01T06:45:38.058Z, 307.364866, 427.44938219999995
1714545938088, 2024-05-01T06:45:38.088Z, 315.7433408, 430.99800139999996
1714545938103, 2024-05-01T06:45:38.103Z, 315.560457, 428.185206
1714545938133, 2024-05-01T06:45:38.133Z, 311.42242799999997, 422.39660919999994
1714545938148, 2024-05-01T06:45:38.148Z, 304.9883726, 415.6374654
1714545938179, 2024-05-01T06:45:38.179Z, 292.2142126, 407.21095959999997
1714545938193, 2024-05-01T06:45:38.193Z, 276.7206732000001, 400.20090539999995
1714545938223, 2024-05-01T06:45:38.223Z, 258.3477564, 397.173011
1714545938238, 2024-05-01T06:45:38.238Z, 240.80506720000002, 396.0230594000001
1714545938268, 2024-05-01T06:45:38.268Z, 228.86750999999998, 395.9272392
1714545938283, 2024-05-01T06:45:38.283Z, 223.4531094, 397.5420032
1714545938329, 2024-05-01T06:45:38.329Z, 222.34771640000002, 398.9330992
1714545938358, 2024-05-01T06:45:38.358Z, 230.82098460000003, 403.3031236
1714545938373, 2024-05-01T06:45:38.373Z, 246.06941740000002, 407.37771680000003
1714545938403, 2024-05-01T06:45:38.403Z, 264.376289, 411.0339318
1714545938418, 2024-05-01T06:45:38.418Z, 282.82270040000003, 413.984139
1714545938450, 2024-05-01T06:45:38.450Z, 299.92507880000005, 415.9714784000001
1714545938493, 2024-05-01T06:45:38.493Z, 310.7955474, 414.0451642
1714545938509, 2024-05-01T06:45:38.509Z, 314.883642, 412.400118
1714545938539, 2024-05-01T06:45:38.539Z, 314.23120720000003, 410.4050624
1714545938556, 2024-05-01T06:45:38.556Z, 300.0953116, 413.0204238
1714545938587, 2024-05-01T06:45:38.587Z, 274.6961184, 419.45532519999995
1714545938601, 2024-05-01T06:45:38.601Z, 243.6959476, 427.896188
1714545938629, 2024-05-01T06:45:38.630Z, 212.6913384, 436.07555360000003
1714545938644, 2024-05-01T06:45:38.644Z, 181.7456724, 446.16146719999995
1714545938674, 2024-05-01T06:45:38.674Z, 164.096254, 453.4405942
1714545938689, 2024-05-01T06:45:38.689Z, 158.69741140000002, 459.4631676
1714545938719, 2024-05-01T06:45:38.719Z, 159.5721592, 464.4151676
1714545938734, 2024-05-01T06:45:38.734Z, 160.544373, 469.4676056
1714545938779, 2024-05-01T06:45:38.779Z, 164.4995116, 473.6204438000001
1714545938808, 2024-05-01T06:45:38.808Z, 174.8343798, 476.4741418
1714545938823, 2024-05-01T06:45:38.823Z, 188.41220859999999, 477.1868896
1714545938853, 2024-05-01T06:45:38.853Z, 215.6495498, 478.13036760000006
1714545938868, 2024-05-01T06:45:38.868Z, 243.25473419999997, 478.44695980000006
1714545938899, 2024-05-01T06:45:38.899Z, 266.8448288, 478.1982792
1714545938943, 2024-05-01T06:45:38.943Z, 283.691426, 477.76307720000005
1714545938962, 2024-05-01T06:45:38.962Z, 296.1256488, 477.51628199999993
1714545938989, 2024-05-01T06:45:38.989Z, 293.2253654, 476.609245
1714545939004, 2024-05-01T06:45:39.004Z, 284.6409306, 474.1539822
1714545939034, 2024-05-01T06:45:39.034Z, 275.79873899999996, 471.3175574
1714545939049, 2024-05-01T06:45:39.049Z, 264.8924346, 468.32272780000005
1714545939080, 2024-05-01T06:45:39.080Z, 250.8830462, 463.93307459999994
1714545939095, 2024-05-01T06:45:39.095Z, 238.3967064, 459.16536379999997
1714545939126, 2024-05-01T06:45:39.126Z, 230.379736, 455.87563199999994
1714545939141, 2024-05-01T06:45:39.141Z, 218.60508639999998, 451.8412762
1714545939172, 2024-05-01T06:45:39.172Z, 200.80834700000003, 450.2936876
1714545939188, 2024-05-01T06:45:39.188Z, 184.716533, 450.23223340000004
1714545939230, 2024-05-01T06:45:39.230Z, 164.189743, 451.4896976
1714545939259, 2024-05-01T06:45:39.259Z, 146.01578780000003, 453.0419764
1714545939274, 2024-05-01T06:45:39.274Z, 132.8865996, 455.38359419999995
1714545939303, 2024-05-01T06:45:39.303Z, 127.1848614, 454.48317260000005
1714545939319, 2024-05-01T06:45:39.319Z, 120.74380820000002, 450.55557439999995
1714545939349, 2024-05-01T06:45:39.349Z, 119.8147134, 446.94405159999997
1714545939394, 2024-05-01T06:45:39.394Z, 119.9348802, 447.62099959999995
1714545939484, 2024-05-01T06:45:39.484Z, 145.69034879999998, 448.9822206
1714545939500, 2024-05-01T06:45:39.500Z, 168.86040240000003, 448.8334482
1714545939530, 2024-05-01T06:45:39.530Z, 192.7985794, 451.85489459999997
1714545939544, 2024-05-01T06:45:39.544Z, 215.9703186, 455.9224884
1714545939573, 2024-05-01T06:45:39.573Z, 236.6638562, 456.76103539999997
1714545939589, 2024-05-01T06:45:39.589Z, 231.692255, 456.77431839999997
1714545939619, 2024-05-01T06:45:39.619Z, 229.47093219999996, 459.660202
1714545939634, 2024-05-01T06:45:39.634Z, 229.07885460000003, 462.52910600000007
1714545939680, 2024-05-01T06:45:39.680Z, 234.88008059999999, 465.36492200000004
1714545939709, 2024-05-01T06:45:39.709Z, 249.69011300000003, 467.5606948000001
1714545939724, 2024-05-01T06:45:39.724Z, 268.65988, 469.426249
1714545939754, 2024-05-01T06:45:39.754Z, 290.3236412, 470.9536368
1714545939769, 2024-05-01T06:45:39.769Z, 311.51637259999995, 471.49360400000006
1714545939799, 2024-05-01T06:45:39.799Z, 326.2702284, 468.88198739999996
1714545939844, 2024-05-01T06:45:39.844Z, 331.3934956, 465.5602456
1714545939859, 2024-05-01T06:45:39.859Z, 332.40741820000005, 462.9780702
1714545939888, 2024-05-01T06:45:39.888Z, 342.2423452, 461.6633554
1714545939904, 2024-05-01T06:45:39.904Z, 351.6778238, 460.2694312
1714545939934, 2024-05-01T06:45:39.934Z, 359.06694100000004, 458.6272156
1714545939949, 2024-05-01T06:45:39.949Z, 365.3142448, 456.8291966
1714545939980, 2024-05-01T06:45:39.980Z, 369.85047339999994, 454.57315
1714545939994, 2024-05-01T06:45:39.994Z, 360.9547572, 450.76569900000004
1714545940028, 2024-05-01T06:45:40.028Z, 323.9931464, 455.86938900000007
1714545940039, 2024-05-01T06:45:40.039Z, 288.3072472, 463.63166680000006
1714545940069, 2024-05-01T06:45:40.069Z, 249.324643, 476.1574326
1714545940084, 2024-05-01T06:45:40.084Z, 213.36194459999996, 490.99941060000003
1714545940134, 2024-05-01T06:45:40.134Z, 181.19655240000003, 508.0256229999999
1714545940161, 2024-05-01T06:45:40.161Z, 177.1562376, 516.5842472
1714545940177, 2024-05-01T06:45:40.177Z, 170.0030148, 521.0193112
1714545940205, 2024-05-01T06:45:40.205Z, 167.0112274, 520.652756
1714545940221, 2024-05-01T06:45:40.221Z, 160.5644724, 513.5944938
1714545940250, 2024-05-01T06:45:40.250Z, 152.78030719999998, 505.3612696
1714545940295, 2024-05-01T06:45:40.295Z, 145.4350874, 500.70877020000006
1714545940311, 2024-05-01T06:45:40.311Z, 141.7169998, 498.35547320000006
1714545940340, 2024-05-01T06:45:40.340Z, 140.2408774, 497.1890126
1714545940355, 2024-05-01T06:45:40.355Z, 146.93301219999998, 500.4344626
1714545940385, 2024-05-01T06:45:40.385Z, 155.9660716, 502.45628619999997
1714545940401, 2024-05-01T06:45:40.401Z, 167.91841, 502.7906304
1714545940432, 2024-05-01T06:45:40.432Z, 183.0249164, 503.7466117999999
1714545940446, 2024-05-01T06:45:40.446Z, 196.92317859999997, 504.6356164
1714545940476, 2024-05-01T06:45:40.476Z, 209.2521578, 505.71248560000004
1714545940491, 2024-05-01T06:45:40.491Z, 220.0688654, 507.5052712
1714545940520, 2024-05-01T06:45:40.520Z, 231.8475054, 508.5451222
1714545940536, 2024-05-01T06:45:40.536Z, 240.6711104, 509.16349819999994
1714545940582, 2024-05-01T06:45:40.582Z, 255.574384, 509.544788
1714545940612, 2024-05-01T06:45:40.612Z, 266.03769320000004, 510.9589562
1714545940625, 2024-05-01T06:45:40.625Z, 275.9606492, 511.68173939999997
1714545940655, 2024-05-01T06:45:40.655Z, 283.0183558, 511.3549358
1714545940670, 2024-05-01T06:45:40.670Z, 290.3371554, 511.38686419999993
1714545940700, 2024-05-01T06:45:40.700Z, 294.26397940000004, 512.4367808
1714545940761, 2024-05-01T06:45:40.761Z, 300.92882399999996, 511.8279764
1714545940776, 2024-05-01T06:45:40.776Z, 311.99284739999996, 510.32504279999995
1714545940791, 2024-05-01T06:45:40.791Z, 332.0562602, 506.62973740000007
1714545940806, 2024-05-01T06:45:40.806Z, 355.5621016, 501.359965
1714545940837, 2024-05-01T06:45:40.837Z, 376.4051892, 496.3031264
1714545940853, 2024-05-01T06:45:40.853Z, 394.7002502, 492.46528939999996
1714545940880, 2024-05-01T06:45:40.880Z, 409.3107422, 491.0651132
1714545940894, 2024-05-01T06:45:40.894Z, 415.1187806, 493.2049108
1714545940924, 2024-05-01T06:45:40.924Z, 421.98122620000004, 494.3292096
1714545940939, 2024-05-01T06:45:40.939Z, 427.4777918, 494.6660562
1714545940969, 2024-05-01T06:45:40.969Z, 437.0971398, 495.54852199999993
1714545940984, 2024-05-01T06:45:40.984Z, 447.75021219999996, 496.00724199999996
1714545941030, 2024-05-01T06:45:41.030Z, 464.92666959999997, 499.278349
1714545941063, 2024-05-01T06:45:41.063Z, 477.62780699999996, 505.0076226
1714545941079, 2024-05-01T06:45:41.079Z, 491.5116564, 510.34464859999997
1714545941103, 2024-05-01T06:45:41.103Z, 499.10537459999995, 513.7726766
1714545941124, 2024-05-01T06:45:41.124Z, 494.9838132, 518.2906485999999
1714545941149, 2024-05-01T06:45:41.149Z, 430.81703000000005, 537.9838739999999
1714545941194, 2024-05-01T06:45:41.194Z, 352.3578116, 565.42338
1714545941209, 2024-05-01T06:45:41.209Z, 275.48567099999997, 593.809922
1714545941239, 2024-05-01T06:45:41.239Z, 202.56989040000002, 625.4835226
1714545941254, 2024-05-01T06:45:41.254Z, 141.2303246, 657.922287
1714545941284, 2024-05-01T06:45:41.284Z, 132.56283560000003, 674.3058980000001
1714545941299, 2024-05-01T06:45:41.299Z, 138.0331092, 682.1688342
1714545941330, 2024-05-01T06:45:41.330Z, 141.1342792, 688.5455880000001
1714545941343, 2024-05-01T06:45:41.343Z, 141.593346, 692.4934142000001
1714545941355, 2024-05-01T06:45:41.355Z, 140.797178, 695.0612898
1714545941373, 2024-05-01T06:45:41.373Z, 139.3926356, 694.2561694
1714545941389, 2024-05-01T06:45:41.389Z, 138.9714592, 693.7991184
1714545941419, 2024-05-01T06:45:41.419Z, 139.1824322, 694.0653364
1714545941436, 2024-05-01T06:45:41.436Z, 139.623373, 695.3544432000001
1714545941480, 2024-05-01T06:45:41.480Z, 141.3464926, 697.5500790000001
1714545941514, 2024-05-01T06:45:41.514Z, 157.7875738, 705.6149532000001
1714545941524, 2024-05-01T06:45:41.524Z, 175.04548459999998, 712.7202486
1714545941554, 2024-05-01T06:45:41.554Z, 205.91886839999998, 713.4893688
1714545941569, 2024-05-01T06:45:41.569Z, 237.64031999999997, 710.5760464
1714545941599, 2024-05-01T06:45:41.599Z, 267.1206158, 708.1380620000001
1714545941644, 2024-05-01T06:45:41.644Z, 282.7647422, 697.628512
1714545941659, 2024-05-01T06:45:41.659Z, 296.8717708, 688.6400746
1714545941691, 2024-05-01T06:45:41.691Z, 306.2457038, 690.0180268
1714545941706, 2024-05-01T06:45:41.706Z, 313.919825, 694.0967453999999
1714545941736, 2024-05-01T06:45:41.736Z, 343.9681336, 693.8338919999999
1714545941752, 2024-05-01T06:45:41.752Z, 376.836091, 696.4890684
1714545941780, 2024-05-01T06:45:41.780Z, 415.777617, 698.7825792
1714545941794, 2024-05-01T06:45:41.794Z, 444.6930243999999, 696.9516998000001
1714545941823, 2024-05-01T06:45:41.823Z, 473.432414, 694.2165816
1714545941838, 2024-05-01T06:45:41.838Z, 480.1362884, 693.6688978
1714545941868, 2024-05-01T06:45:41.868Z, 484.79539919999996, 692.9784434000001
1714545941883, 2024-05-01T06:45:41.883Z, 483.71046859999996, 692.2699054000001
1714545941929, 2024-05-01T06:45:41.929Z, 488.43069660000003, 692.7187802000001
1714545941939, 2024-05-01T06:45:41.939Z, 495.2916542000001, 693.5522006
1714545941958, 2024-05-01T06:45:41.958Z, 504.38489279999993, 693.0857312
1714545941974, 2024-05-01T06:45:41.974Z, 516.8735217999999, 691.0475518000001
1714545942004, 2024-05-01T06:45:42.004Z, 530.3044278, 689.2775032
1714545942019, 2024-05-01T06:45:42.019Z, 540.8476968, 686.925983
1714545942048, 2024-05-01T06:45:42.048Z, 550.8628157999999, 685.5830122
1714545942093, 2024-05-01T06:45:42.093Z, 556.715624, 683.5617296
1714545942108, 2024-05-01T06:45:42.108Z, 553.560065, 679.3576456000001
1714545942138, 2024-05-01T06:45:42.138Z, 523.7882218000001, 665.8904254
1714545942158, 2024-05-01T06:45:42.158Z, 474.6347780000001, 645.3342186
1714545942183, 2024-05-01T06:45:42.183Z, 424.684681, 624.4982521999999
1714545942198, 2024-05-01T06:45:42.198Z, 377.0129358, 606.0575826
1714545942229, 2024-05-01T06:45:42.229Z, 333.3173802, 590.6850324000001
1714545942244, 2024-05-01T06:45:42.244Z, 314.8343594, 584.2135394000001
1714545942274, 2024-05-01T06:45:42.274Z, 314.5582912, 583.8123612
1714545942290, 2024-05-01T06:45:42.290Z, 316.3226254, 582.7783068
1714545942321, 2024-05-01T06:45:42.321Z, 318.031818, 582.7465624
1714545942337, 2024-05-01T06:45:42.337Z, 319.97367640000004, 584.3261208
1714545942379, 2024-05-01T06:45:42.379Z, 320.3409354, 587.3414506
1714545942409, 2024-05-01T06:45:42.409Z, 315.433261, 591.9648058
1714545942424, 2024-05-01T06:45:42.424Z, 282.824333, 597.8029336
1714545942454, 2024-05-01T06:45:42.454Z, 237.70788660000002, 602.6651198
1714545942468, 2024-05-01T06:45:42.468Z, 194.55856339999997, 606.372336
1714545942498, 2024-05-01T06:45:42.498Z, 152.8890044, 608.8475606
1714545942544, 2024-05-01T06:45:42.544Z, 118.23683999999999, 610.577827
1714545942559, 2024-05-01T06:45:42.559Z, 109.84355879999998, 611.7656322
1714545942588, 2024-05-01T06:45:42.588Z, 113.97438240000001, 613.3749006
1714545942603, 2024-05-01T06:45:42.603Z, 122.14477120000001, 613.2089446
1714545942634, 2024-05-01T06:45:42.634Z, 132.387615, 614.6798362000001
1714545942648, 2024-05-01T06:45:42.648Z, 140.989461, 616.3704488
1714545942680, 2024-05-01T06:45:42.680Z, 157.7578652, 625.5495684
1714545942694, 2024-05-01T06:45:42.694Z, 175.2696878, 633.6141008000001
1714545942725, 2024-05-01T06:45:42.725Z, 188.23181680000002, 643.8236632
1714545942741, 2024-05-01T06:45:42.741Z, 199.10173260000002, 652.2589458
1714545942771, 2024-05-01T06:45:42.771Z, 209.74998999999997, 660.2949844
1714545942789, 2024-05-01T06:45:42.789Z, 212.40915479999998, 660.5134004
1714545942830, 2024-05-01T06:45:42.830Z, 223.5862762, 663.4060278000001
1714545942859, 2024-05-01T06:45:42.859Z, 261.45787759999996, 664.5300362
1714545942874, 2024-05-01T06:45:42.874Z, 307.1774106, 664.7908634
1714545942903, 2024-05-01T06:45:42.903Z, 362.346322, 663.7425816000001
1714545942919, 2024-05-01T06:45:42.919Z, 416.59688059999996, 662.4495978
1714545942949, 2024-05-01T06:45:42.949Z, 462.43096779999996, 658.523447
1714545942994, 2024-05-01T06:45:42.994Z, 482.353938, 655.2312422000001
1714545943014, 2024-05-01T06:45:43.014Z, 498.10117539999993, 652.443809
1714545943023, 2024-05-01T06:45:43.023Z, 510.4715816, 648.0902274
1714545943044, 2024-05-01T06:45:43.044Z, 527.1742422, 645.2557376000001
1714545943054, 2024-05-01T06:45:43.054Z, 543.93627, 643.453156
1714545943084, 2024-05-01T06:45:43.084Z, 559.6784496, 642.1550904
1714545943099, 2024-05-01T06:45:43.099Z, 572.6705244000001, 640.4624474
1714545943130, 2024-05-01T06:45:43.130Z, 580.1517652, 641.6497994
1714545943144, 2024-05-01T06:45:43.144Z, 583.5414384, 640.8205433999999
1714545943174, 2024-05-01T06:45:43.174Z, 584.7833954, 637.7736881999999
1714545943191, 2024-05-01T06:45:43.191Z, 585.5896989999999, 635.4332594
1714545943280, 2024-05-01T06:45:43.280Z, 587.3197408, 631.8872064
1714545943308, 2024-05-01T06:45:43.308Z, 702.0549954, 564.5250716
1714545943324, 2024-05-01T06:45:43.324Z, 817.5194562, 499.73740639999994
1714545943359, 2024-05-01T06:45:43.359Z, 934.099582, 437.6993406
1714545943374, 2024-05-01T06:45:43.374Z, 1050.325429, 375.39815039999996
1714545943405, 2024-05-01T06:45:43.405Z, 1162.7781584, 314.03605239999996
1714545943444, 2024-05-01T06:45:43.444Z, 1162.4390772000002, 313.93988780000006
1714545943458, 2024-05-01T06:45:43.458Z, 1162.3577312000002, 311.7988554
1714545943496, 2024-05-01T06:45:43.496Z, 1161.1023460000001, 308.0178702
1714545943512, 2024-05-01T06:45:43.512Z, 1159.9949718000003, 303.69329000000005
1714545943543, 2024-05-01T06:45:43.543Z, 1160.2439846, 300.588459
1714545943558, 2024-05-01T06:45:43.558Z, 1160.516777, 299.8168962
1714545943580, 2024-05-01T06:45:43.580Z, 1161.0991078, 299.887539
1714545943594, 2024-05-01T06:45:43.594Z, 1163.1564714, 300.2905854
1714545943629, 2024-05-01T06:45:43.629Z, 1164.2944608, 300.149536
1714545943652, 2024-05-01T06:45:43.652Z, 1165.8168110000001, 299.9463436
1714545943683, 2024-05-01T06:45:43.683Z, 1158.4282280000002, 292.34744140000004
1714545943698, 2024-05-01T06:45:43.698Z, 1148.9773594000003, 283.6126364
1714545943735, 2024-05-01T06:45:43.735Z, 1138.054202, 273.887037
1714545943775, 2024-05-01T06:45:43.775Z, 1126.2761306, 264.1418824
1714545943791, 2024-05-01T06:45:43.791Z, 1114.9482917999999, 254.3258308
1714545943806, 2024-05-01T06:45:43.806Z, 1143.6631080000002, 244.1770634
1714545943822, 2024-05-01T06:45:43.822Z, 1193.5321242, 231.8925314
1714545943853, 2024-05-01T06:45:43.853Z, 1246.798406, 220.09175220000003
1714545943895, 2024-05-01T06:45:43.895Z, 1304.2654326, 209.01442039999998
1714545943910, 2024-05-01T06:45:43.910Z, 1361.4496908, 198.8822078
1714545943946, 2024-05-01T06:45:43.946Z, 1387.0795836, 198.0288334
1714545943962, 2024-05-01T06:45:43.962Z, 1391.8805399999999, 200.10620260000002
1714545943993, 2024-05-01T06:45:43.993Z, 1394.5485343999999, 203.0152008
1714545944008, 2024-05-01T06:45:44.008Z, 1393.5182502, 206.11439679999998
1714545944031, 2024-05-01T06:45:44.031Z, 1390.7393533999998, 208.5048234
1714545944045, 2024-05-01T06:45:44.045Z, 1387.5366288, 209.718975
1714545944093, 2024-05-01T06:45:44.093Z, 1386.1034061999999, 210.38272999999998
1714545944150, 2024-05-01T06:45:44.150Z, 1385.0302865999997, 210.55509940000002
1714545944181, 2024-05-01T06:45:44.181Z, 1377.050603, 212.49780019999997
1714545944212, 2024-05-01T06:45:44.212Z, 1351.0469732000001, 218.35528300000001
1714545944229, 2024-05-01T06:45:44.229Z, 1307.9350382, 225.76164160000002
1714545944259, 2024-05-01T06:45:44.259Z, 1262.2417086, 233.95182559999998
1714545944275, 2024-05-01T06:45:44.275Z, 1214.9064984000001, 242.90676280000002
1714545944305, 2024-05-01T06:45:44.305Z, 1173.0944952000002, 251.11607479999998
1714545944328, 2024-05-01T06:45:44.328Z, 1151.1031292, 256.16015600000003
1714545944345, 2024-05-01T06:45:44.345Z, 1145.2346714, 265.8152188
1714545944360, 2024-05-01T06:45:44.360Z, 1141.6081878, 272.49875380000003
1714545944398, 2024-05-01T06:45:44.398Z, 1137.9466209999998, 277.73606820000003
1714545944414, 2024-05-01T06:45:44.414Z, 1131.8584438, 274.6816404
1714545944445, 2024-05-01T06:45:44.445Z, 1121.2250184, 268.1522046
1714545944461, 2024-05-01T06:45:44.461Z, 1112.4739109999998, 255.82900679999997
1714545944484, 2024-05-01T06:45:44.484Z, 1100.6323387999998, 244.74854620000002
1714545944495, 2024-05-01T06:45:44.495Z, 1090.610797, 234.24362340000002
1714545944525, 2024-05-01T06:45:44.525Z, 1086.3142128000002, 231.43987539999998
1714545944556, 2024-05-01T06:45:44.556Z, 1086.5200694, 231.24517120000002
1714545944573, 2024-05-01T06:45:44.573Z, 1085.3317408, 230.9434032
1714545944602, 2024-05-01T06:45:44.602Z, 1086.6862632, 232.28833
1714545944632, 2024-05-01T06:45:44.632Z, 1089.632793, 234.4810644
1714545944663, 2024-05-01T06:45:44.663Z, 1091.5964185999999, 236.10546159999998
1714545944678, 2024-05-01T06:45:44.678Z, 1093.1148171999998, 237.3376514
1714545944709, 2024-05-01T06:45:44.709Z, 1094.8375922, 238.124338
1714545944724, 2024-05-01T06:45:44.724Z, 1096.7499958, 238.74848360000001
1714545944739, 2024-05-01T06:45:44.739Z, 1096.3395402, 238.5194988
1714545944755, 2024-05-01T06:45:44.755Z, 1095.5261564, 238.136101
1714545944795, 2024-05-01T06:45:44.795Z, 1095.2917622, 237.5091368
1714545944810, 2024-05-01T06:45:44.810Z, 1094.919734, 237.6297826
1714545944840, 2024-05-01T06:45:44.840Z, 1094.8660472, 237.19272260000002
1714545944855, 2024-05-01T06:45:44.855Z, 1095.3089714000002, 237.722787
1714545944885, 2024-05-01T06:45:44.885Z, 1095.8259956000002, 238.6398916
1714545944903, 2024-05-01T06:45:44.903Z, 1095.7511482, 239.8880896
1714545944932, 2024-05-01T06:45:44.932Z, 1096.1986698, 239.86203959999997
1714545944945, 2024-05-01T06:45:44.945Z, 1096.0029008, 240.3832254
1714545944975, 2024-05-01T06:45:44.975Z, 1095.2597616, 240.23531440000002
1714545945005, 2024-05-01T06:45:45.005Z, 1094.653041, 240.2670972
1714545945021, 2024-05-01T06:45:45.021Z, 1094.1271068, 240.7271178
1714545945036, 2024-05-01T06:45:45.036Z, 1092.8895476000002, 241.982324
1714545945082, 2024-05-01T06:45:45.082Z, 1092.2317662, 241.2503346
1714545945113, 2024-05-01T06:45:45.113Z, 1092.0479112, 240.202063
1714545945128, 2024-05-01T06:45:45.128Z, 1091.7695595999999, 239.06175359999997
1714545945160, 2024-05-01T06:45:45.160Z, 1092.1155614, 237.629118
1714545945175, 2024-05-01T06:45:45.175Z, 1092.1659392000001, 235.65574660000001
1714545945207, 2024-05-01T06:45:45.207Z, 1091.5929689999998, 235.99579839999996
1714545945245, 2024-05-01T06:45:45.245Z, 1091.0270786, 236.31614679999998
1714545945264, 2024-05-01T06:45:45.264Z, 1090.8657355999999, 235.80715879999997
1714545945300, 2024-05-01T06:45:45.300Z, 1090.2440252000001, 234.848271
1714545945316, 2024-05-01T06:45:45.316Z, 1089.9876952, 233.72355080000003
1714545945347, 2024-05-01T06:45:45.347Z, 1090.2976358, 232.3030456
1714545945363, 2024-05-01T06:45:45.363Z, 1090.6288516, 231.34592400000002
1714545945383, 2024-05-01T06:45:45.383Z, 1091.278205, 231.31792000000002
1714545945393, 2024-05-01T06:45:45.393Z, 1092.1490674000001, 231.7649818
1714545945424, 2024-05-01T06:45:45.424Z, 1093.5987706, 232.8891146
1714545945439, 2024-05-01T06:45:45.439Z, 1094.7280638, 233.7624276
1714545945470, 2024-05-01T06:45:45.470Z, 1094.5832942, 233.66332860000003
1714545945485, 2024-05-01T06:45:45.485Z, 1093.940531, 233.35818759999998
1714545945530, 2024-05-01T06:45:45.530Z, 1094.0694706, 233.1160708
1714545945574, 2024-05-01T06:45:45.574Z, 1096.6358048, 232.0441276
1714545945618, 2024-05-01T06:45:45.618Z, 1099.4612116, 231.0286826
1714545945693, 2024-05-01T06:45:45.693Z, 1205.2872344, 236.7954056
1714545945708, 2024-05-01T06:45:45.708Z, 1311.1996848, 243.4785084
1714545945763, 2024-05-01T06:45:45.763Z, 1416.684527, 251.4231374
1714545945809, 2024-05-01T06:45:45.809Z, 1524.9702911999998, 264.0163896
1714545945844, 2024-05-01T06:45:45.844Z, 1641.4344548000001, 277.50310479999996
1714545945873, 2024-05-01T06:45:45.873Z, 1660.6324155999998, 283.82756179999996
1714545945889, 2024-05-01T06:45:45.889Z, 1678.269653, 289.5071494
1714545945934, 2024-05-01T06:45:45.934Z, 1696.9603174, 293.1410734
1714545945980, 2024-05-01T06:45:45.980Z, 1707.8365496, 292.841542
1714545946028, 2024-05-01T06:45:46.028Z, 1707.6077766000003, 292.71167060000005
1714545946075, 2024-05-01T06:45:46.075Z, 1701.6182626000002, 297.7128226
1714545946106, 2024-05-01T06:45:46.106Z, 1698.1537109999997, 303.1474357999999
1714545946158, 2024-05-01T06:45:46.158Z, 1690.4528124, 309.54665719999997
1714545946203, 2024-05-01T06:45:46.203Z, 1681.4431318, 314.18627219999996
1714545946233, 2024-05-01T06:45:46.233Z, 1679.8995353999999, 318.54109220000004
1714545946248, 2024-05-01T06:45:46.248Z, 1682.5292287999996, 318.12864900000005
1714545946297, 2024-05-01T06:45:46.297Z, 1683.9971283999998, 317.2116906
1714545946340, 2024-05-01T06:45:46.340Z, 1683.1600237999999, 313.5559714
1714545946354, 2024-05-01T06:45:46.354Z, 1685.2065748, 312.5192438
1714545946401, 2024-05-01T06:45:46.401Z, 1682.0095208000002, 314.4005214
1714545946508, 2024-05-01T06:45:46.508Z, 1684.9912671999998, 323.93265859999997
1714545946518, 2024-05-01T06:45:46.518Z, 1677.476876, 325.0409012
1714545946608, 2024-05-01T06:45:46.608Z, 1675.5996472, 328.7139834000001
1714545946653, 2024-05-01T06:45:46.653Z, 1667.5319324000004, 333.6700082
1714545946698, 2024-05-01T06:45:46.698Z, 1661.9054252, 335.7089328
1714545946729, 2024-05-01T06:45:46.729Z, 1648.4438605999999, 325.1667804
1714545946743, 2024-05-01T06:45:46.743Z, 1645.7527426000001, 321.57536719999996
1714545946774, 2024-05-01T06:45:46.774Z, 1574.2159318, 346.825072
1714545946790, 2024-05-01T06:45:46.790Z, 1490.9345058000001, 378.0732404
1714545946821, 2024-05-01T06:45:46.821Z, 1404.2726336, 409.0757286
1714545946836, 2024-05-01T06:45:46.836Z, 1321.6864170000001, 442.48352480000005
1714545946898, 2024-05-01T06:45:46.898Z, 1229.5136964, 478.42305
1714545946913, 2024-05-01T06:45:46.913Z, 1206.3230644, 481.12688319999995
1714545946929, 2024-05-01T06:45:46.929Z, 1201.966341, 474.76065619999997
1714545946944, 2024-05-01T06:45:46.944Z, 1198.7190557999998, 466.8801594
1714545946960, 2024-05-01T06:45:46.960Z, 1190.2913112, 464.30527279999995
1714545946975, 2024-05-01T06:45:46.975Z, 1190.3645649999999, 461.93789660000004
1714545947006, 2024-05-01T06:45:47.006Z, 1189.0494142, 462.5691664
1714545947026, 2024-05-01T06:45:47.026Z, 1186.0553364, 463.85332619999997
1714545947043, 2024-05-01T06:45:47.043Z, 1183.486738, 467.55635620000004
1714545947058, 2024-05-01T06:45:47.058Z, 1188.3426052, 471.8339784
1714545947088, 2024-05-01T06:45:47.088Z, 1196.6997182, 474.5361965999999
1714545947115, 2024-05-01T06:45:47.115Z, 1204.8555694, 477.1216934
1714545947145, 2024-05-01T06:45:47.145Z, 1218.0626064, 481.80193380000003
1714545947160, 2024-05-01T06:45:47.160Z, 1231.2390934, 485.39603940000006
1714545947184, 2024-05-01T06:45:47.184Z, 1235.0747858, 486.4865616000001
1714545947194, 2024-05-01T06:45:47.194Z, 1237.2550496, 488.0030908
1714545947207, 2024-05-01T06:45:47.207Z, 1240.0590668, 491.11963
1714545947223, 2024-05-01T06:45:47.223Z, 1236.9050181999999, 490.83398900000003
1714545947239, 2024-05-01T06:45:47.239Z, 1234.4014911999998, 489.49488119999995
1714545947271, 2024-05-01T06:45:47.271Z, 1232.1381655999999, 487.9716942000001
1714545947286, 2024-05-01T06:45:47.286Z, 1228.930885, 485.65770499999996
1714545947332, 2024-05-01T06:45:47.332Z, 1222.6548734, 483.62776799999995
1714545947365, 2024-05-01T06:45:47.365Z, 1215.8869664, 482.806139
1714545947380, 2024-05-01T06:45:47.380Z, 1208.60026, 482.8111081999999
1714545947395, 2024-05-01T06:45:47.395Z, 1202.733627, 482.70448880000004
1714545947411, 2024-05-01T06:45:47.411Z, 1197.461532, 482.33549060000007
1714545947426, 2024-05-01T06:45:47.426Z, 1195.3500598, 481.4989898
1714545947457, 2024-05-01T06:45:47.457Z, 1195.8097632000001, 480.8089196000001
1714545947493, 2024-05-01T06:45:47.493Z, 1195.2439122, 480.4164054
1714545947508, 2024-05-01T06:45:47.508Z, 1194.4895694000002, 480.10843420000003
1714545947519, 2024-05-01T06:45:47.519Z, 1192.683139, 479.515493
1714545947542, 2024-05-01T06:45:47.542Z, 1191.0989160000001, 477.3633814
1714545947558, 2024-05-01T06:45:47.558Z, 1189.0666483999998, 476.6527016
1714545947596, 2024-05-01T06:45:47.596Z, 1179.4512302, 475.0554384
1714545947612, 2024-05-01T06:45:47.612Z, 1167.0470286, 474.496249
1714545947634, 2024-05-01T06:45:47.634Z, 1150.9553136, 474.0031554
1714545947648, 2024-05-01T06:45:47.648Z, 1134.672626, 473.54449020000004
1714545947689, 2024-05-01T06:45:47.689Z, 1121.8763872000002, 471.3955714
1714545947705, 2024-05-01T06:45:47.705Z, 1118.6378200000001, 471.249876
1714545947720, 2024-05-01T06:45:47.720Z, 1118.628301, 470.2476562
1714545947735, 2024-05-01T06:45:47.735Z, 1122.1232536, 469.491309
1714545947780, 2024-05-01T06:45:47.780Z, 1123.9339439999999, 476.1663952
1714545947813, 2024-05-01T06:45:47.813Z, 1123.7355984, 477.2124334
1714545947828, 2024-05-01T06:45:47.828Z, 1123.5442742, 476.49490879999996
1714545947859, 2024-05-01T06:45:47.859Z, 1121.5577873999998, 478.6014182
1714545947876, 2024-05-01T06:45:47.876Z, 1119.989169, 480.05152319999996
1714545947906, 2024-05-01T06:45:47.906Z, 1120.6330254, 475.87704160000004
1714545947943, 2024-05-01T06:45:47.943Z, 1119.7241914, 478.9861244
1714545947958, 2024-05-01T06:45:47.958Z, 1117.7989526000001, 482.174853
1714545947988, 2024-05-01T06:45:47.988Z, 1117.9459333999998, 482.5826666
1714545948003, 2024-05-01T06:45:48.003Z, 1118.7919558, 484.5208858
1714545948015, 2024-05-01T06:45:48.015Z, 1118.861051, 486.32537520000005
1714545948037, 2024-05-01T06:45:48.038Z, 1118.6681262, 487.91718139999995
1714545948049, 2024-05-01T06:45:48.049Z, 1118.0918008, 488.67482559999996
1714545948079, 2024-05-01T06:45:48.079Z, 1115.4630032, 487.48938499999997
1714545948093, 2024-05-01T06:45:48.093Z, 1102.694532, 499.26442180000004
1714545948123, 2024-05-01T06:45:48.123Z, 954.4175832000001, 463.52454940000007
1714545948138, 2024-05-01T06:45:48.138Z, 764.1626096, 419.52772960000004
1714545948169, 2024-05-01T06:45:48.169Z, 572.2049656, 375.37225359999996
1714545948184, 2024-05-01T06:45:48.184Z, 384.69109159999994, 332.0027726
1714545948229, 2024-05-01T06:45:48.229Z, 206.086392, 269.010237
1714545948261, 2024-05-01T06:45:48.261Z, 137.0230156, 226.91084719999998
1714545948277, 2024-05-01T06:45:48.277Z, 113.4698314, 189.9943192
1714545948307, 2024-05-01T06:45:48.307Z, 93.83274839999999, 151.989632
1714545948322, 2024-05-01T06:45:48.322Z, 74.0810324, 117.2998464
1714545948354, 2024-05-01T06:45:48.354Z, 66.9861362, 95.91356819999999
1714545948400, 2024-05-01T06:45:48.400Z, 92.4050882, 106.1893452
1714545948415, 2024-05-01T06:45:48.415Z, 116.2936932, 122.1484336
1714545948446, 2024-05-01T06:45:48.446Z, 149.7414968, 155.6475156
1714545948461, 2024-05-01T06:45:48.461Z, 181.54856, 189.56753680000003
1714545948492, 2024-05-01T06:45:48.492Z, 202.4641628, 218.69968680000002
1714545948507, 2024-05-01T06:45:48.507Z, 218.41151159999998, 242.8350512
1714545948529, 2024-05-01T06:45:48.529Z, 233.8934378, 263.9346426
1714545948543, 2024-05-01T06:45:48.543Z, 241.61281920000002, 273.3906024
1714545948573, 2024-05-01T06:45:48.573Z, 229.004298, 268.7524164
1714545948588, 2024-05-01T06:45:48.588Z, 212.8270414, 260.4933152
1714545948619, 2024-05-01T06:45:48.619Z, 197.2162566, 253.200177
1714545948634, 2024-05-01T06:45:48.634Z, 184.4856604, 248.0838934
1714545948678, 2024-05-01T06:45:48.678Z, 177.51351119999998, 254.51245959999997
1714545948725, 2024-05-01T06:45:48.725Z, 192.79195980000003, 276.91814680000005
1714545948756, 2024-05-01T06:45:48.756Z, 207.0374788, 297.961829
1714545948771, 2024-05-01T06:45:48.771Z, 216.9948832, 318.65471039999994
1714545948802, 2024-05-01T06:45:48.802Z, 226.20884099999998, 335.0630074
1714545948842, 2024-05-01T06:45:48.842Z, 225.9754888, 338.34995459999993
1714545948857, 2024-05-01T06:45:48.857Z, 225.84422560000002, 336.4516032
1714545948888, 2024-05-01T06:45:48.888Z, 228.7309144, 338.5526804
1714545948905, 2024-05-01T06:45:48.905Z, 234.7576128, 340.09086379999997
1714545948932, 2024-05-01T06:45:48.932Z, 239.48724579999998, 342.558858
1714545948947, 2024-05-01T06:45:48.947Z, 244.4212802, 343.19522059999997
1714545948979, 2024-05-01T06:45:48.979Z, 246.5378436, 344.4286894
1714545948992, 2024-05-01T06:45:48.992Z, 250.38894960000002, 344.6748936
1714545949026, 2024-05-01T06:45:49.026Z, 253.91966680000002, 344.1190012
1714545949037, 2024-05-01T06:45:49.037Z, 254.9570072, 342.7786838
1714545949069, 2024-05-01T06:45:49.069Z, 254.56666919999998, 340.1920486
1714545949085, 2024-05-01T06:45:49.085Z, 254.0095358, 337.64684580000005
1714545949133, 2024-05-01T06:45:49.133Z, 253.29859879999998, 331.5291188
1714545949160, 2024-05-01T06:45:49.160Z, 255.89567079999998, 321.693586
1714545949175, 2024-05-01T06:45:49.175Z, 265.2043418, 317.4376934
1714545949206, 2024-05-01T06:45:49.206Z, 278.089036, 315.9583
1714545949222, 2024-05-01T06:45:49.222Z, 291.4341716, 313.8045254
1714545949253, 2024-05-01T06:45:49.253Z, 304.02483240000004, 314.92463979999997
1714545949294, 2024-05-01T06:45:49.294Z, 312.9263024, 317.1778414
1714545949309, 2024-05-01T06:45:49.309Z, 316.890391, 314.2786486
1714545949339, 2024-05-01T06:45:49.339Z, 317.3822364, 309.8545218
1714545949354, 2024-05-01T06:45:49.354Z, 317.0542594, 305.7429216
1714545949384, 2024-05-01T06:45:49.384Z, 315.9618242, 301.0257384
1714545949399, 2024-05-01T06:45:49.399Z, 313.513929, 299.0101188
1714545949430, 2024-05-01T06:45:49.430Z, 308.7971126, 296.9978608
1714545949444, 2024-05-01T06:45:49.444Z, 304.9445578, 294.8513298
1714545949474, 2024-05-01T06:45:49.474Z, 298.7044402, 292.5592632
1714545949489, 2024-05-01T06:45:49.489Z, 292.86508740000005, 291.4795138
1714545949519, 2024-05-01T06:45:49.519Z, 274.41509640000004, 284.8843096
1714545949534, 2024-05-01T06:45:49.534Z, 257.54914180000003, 279.95102099999997
1714545949581, 2024-05-01T06:45:49.581Z, 240.65744520000004, 275.66454039999996
1714545949609, 2024-05-01T06:45:49.609Z, 216.756647, 264.2627588
1714545949623, 2024-05-01T06:45:49.623Z, 191.33070179999999, 251.09814479999994
1714545949653, 2024-05-01T06:45:49.653Z, 180.66648379999998, 245.65205459999999
1714545949669, 2024-05-01T06:45:49.669Z, 170.05359819999998, 240.2099822
1714545949700, 2024-05-01T06:45:49.700Z, 162.4198058, 238.3256842
1714545949725, 2024-05-01T06:45:49.725Z, 169.2397884, 250.40395980000002
1714545949837, 2024-05-01T06:45:49.837Z, 143.42626860000001, 324.7226806
1714545949850, 2024-05-01T06:45:49.850Z, 129.82597359999997, 387.1034658
1714545949879, 2024-05-01T06:45:49.879Z, 136.2874952, 445.0112656
1714545949893, 2024-05-01T06:45:49.893Z, 144.360355, 498.18587260000004
1714545949923, 2024-05-01T06:45:49.923Z, 152.7419876, 544.463268
1714545949939, 2024-05-01T06:45:49.939Z, 198.1857268, 530.115901
1714545949969, 2024-05-01T06:45:49.969Z, 232.39758300000003, 525.3746388
1714545949984, 2024-05-01T06:45:49.984Z, 245.29954580000003, 523.7827245999999
1714545950030, 2024-05-01T06:45:50.030Z, 254.6425662, 522.9034414
1714545950059, 2024-05-01T06:45:50.059Z, 254.6440852, 520.8972587999999
1714545950074, 2024-05-01T06:45:50.074Z, 240.90393040000004, 512.0681376
1714545950104, 2024-05-01T06:45:50.104Z, 220.69202220000003, 500.8062272
1714545950119, 2024-05-01T06:45:50.119Z, 197.7357924, 487.05231760000004
1714545950149, 2024-05-01T06:45:50.149Z, 170.0824482, 470.1038556
1714545950193, 2024-05-01T06:45:50.193Z, 143.890727, 451.73622399999994
1714545950209, 2024-05-01T06:45:50.209Z, 125.3913814, 436.6217088
1714545950239, 2024-05-01T06:45:50.239Z, 119.283617, 431.7858396
1714545950255, 2024-05-01T06:45:50.255Z, 121.69257240000002, 432.2432062
1714545950286, 2024-05-01T06:45:50.286Z, 128.13868, 435.04787100000004
1714545950301, 2024-05-01T06:45:50.301Z, 140.2477762, 440.8153026
1714545950330, 2024-05-01T06:45:50.330Z, 154.3705014, 449.025893
1714545950344, 2024-05-01T06:45:50.344Z, 162.55874020000002, 450.7790774
1714545950373, 2024-05-01T06:45:50.373Z, 167.33478259999998, 452.38423620000003
1714545950389, 2024-05-01T06:45:50.389Z, 171.6482068, 454.6589748
1714545950418, 2024-05-01T06:45:50.418Z, 172.47631180000002, 458.03958780000005
1714545950439, 2024-05-01T06:45:50.439Z, 174.55425140000003, 462.2312578
1714545950480, 2024-05-01T06:45:50.480Z, 174.0972418, 478.3519732
1714545950520, 2024-05-01T06:45:50.520Z, 173.6316002, 522.0516246
1714545950536, 2024-05-01T06:45:50.536Z, 172.63016840000003, 564.0358022
1714545950566, 2024-05-01T06:45:50.566Z, 171.78153540000002, 609.1284602
1714545950582, 2024-05-01T06:45:50.582Z, 170.7773922, 653.8421518
1714545950599, 2024-05-01T06:45:50.599Z, 169.9301126, 685.489997
1714545950644, 2024-05-01T06:45:50.644Z, 166.4821862, 686.7081484000001
1714545950659, 2024-05-01T06:45:50.659Z, 163.1811052, 689.3405286
1714545950689, 2024-05-01T06:45:50.689Z, 163.30788160000003, 686.6470959999999
1714545950704, 2024-05-01T06:45:50.704Z, 168.725979, 682.9669672
1714545950735, 2024-05-01T06:45:50.735Z, 192.2948324, 680.246822
1714545950750, 2024-05-01T06:45:50.750Z, 235.015143, 687.9396294000001
1714545950779, 2024-05-01T06:45:50.779Z, 280.13184379999996, 696.1861094000001
1714545950800, 2024-05-01T06:45:50.800Z, 326.10383420000005, 703.4216102
1714545950828, 2024-05-01T06:45:50.828Z, 365.49021780000004, 710.9190064000001
1714545950843, 2024-05-01T06:45:50.843Z, 391.008053, 717.5155954
1714545950875, 2024-05-01T06:45:50.875Z, 401.69677999999993, 713.7574614
1714545950891, 2024-05-01T06:45:50.891Z, 418.9799776, 708.4897664
1714545950929, 2024-05-01T06:45:50.929Z, 443.3094542, 704.7925248
1714545950958, 2024-05-01T06:45:50.958Z, 469.83560560000006, 697.126225
1714545950974, 2024-05-01T06:45:50.974Z, 493.56568180000005, 690.0531119999999
1714545951003, 2024-05-01T06:45:51.003Z, 514.8703812, 683.6060966
1714545951018, 2024-05-01T06:45:51.018Z, 528.9809876, 679.3064139999999
1714545951048, 2024-05-01T06:45:51.048Z, 532.3983764, 676.1809261999999
1714545951093, 2024-05-01T06:45:51.093Z, 534.1654844, 676.9570618
1714545951109, 2024-05-01T06:45:51.109Z, 532.7301516, 673.8618244
1714545951140, 2024-05-01T06:45:51.140Z, 525.653697, 658.4864696000001
1714545951155, 2024-05-01T06:45:51.155Z, 513.1419593999999, 633.0028994
1714545951186, 2024-05-01T06:45:51.186Z, 500.42197219999997, 607.0706326
1714545951201, 2024-05-01T06:45:51.201Z, 488.73630199999997, 583.1734822
1714545951229, 2024-05-01T06:45:51.229Z, 478.7231808, 563.133194
1714545951243, 2024-05-01T06:45:51.243Z, 473.90199279999996, 556.0616775999999
1714545951273, 2024-05-01T06:45:51.273Z, 474.19769560000003, 559.968812
1714545951288, 2024-05-01T06:45:51.288Z, 474.68904360000005, 564.5374343999999
1714545951318, 2024-05-01T06:45:51.318Z, 473.7439062, 569.7609598000001
1714545951334, 2024-05-01T06:45:51.334Z, 473.011122, 574.6650956
1714545951380, 2024-05-01T06:45:51.380Z, 470.49866579999997, 578.5521242
1714545951409, 2024-05-01T06:45:51.409Z, 462.08806500000003, 578.9400715999999
1714545951423, 2024-05-01T06:45:51.423Z, 443.17981499999996, 578.2498426
1714545951454, 2024-05-01T06:45:51.454Z, 421.6504476, 575.5922382000001
1714545951468, 2024-05-01T06:45:51.468Z, 399.579799, 573.0113432
1714545951503, 2024-05-01T06:45:51.503Z, 379.00398160000003, 570.8966198
1714545951543, 2024-05-01T06:45:51.543Z, 364.45434940000007, 570.9064056
1714545951558, 2024-05-01T06:45:51.558Z, 358.587752, 570.9295301999999
1714545951589, 2024-05-01T06:45:51.589Z, 354.134911, 575.5308766
1714545951604, 2024-05-01T06:45:51.604Z, 333.7235018, 578.9866262
1714545951636, 2024-05-01T06:45:51.636Z, 311.955292, 581.2688174
1714545951651, 2024-05-01T06:45:51.651Z, 281.2974682, 579.4369626
1714545951697, 2024-05-01T06:45:51.697Z, 247.29536860000002, 575.8604918
1714545951727, 2024-05-01T06:45:51.727Z, 217.35044319999997, 569.0024056
1714545951743, 2024-05-01T06:45:51.743Z, 205.61246300000002, 563.9235286
1714545951774, 2024-05-01T06:45:51.774Z, 190.2410352, 562.3691418000001
1714545951790, 2024-05-01T06:45:51.790Z, 176.2481624, 567.0846263999999
1714545951832, 2024-05-01T06:45:51.832Z, 163.50961439999998, 574.211535
1714545951859, 2024-05-01T06:45:51.859Z, 147.2140066, 579.783455
1714545951874, 2024-05-01T06:45:51.874Z, 131.1518732, 587.4440944
1714545951908, 2024-05-01T06:45:51.908Z, 123.34205019999999, 592.377616
1714545951930, 2024-05-01T06:45:51.930Z, 137.72165239999998, 592.7948240000001
1714545951960, 2024-05-01T06:45:51.960Z, 284.363139, 577.6779650000001
1714545951994, 2024-05-01T06:45:51.994Z, 470.61940080000005, 558.9723256
1714545952009, 2024-05-01T06:45:52.009Z, 664.6316366000001, 540.3259846
1714545952039, 2024-05-01T06:45:52.039Z, 867.7751528000001, 529.90674
1714545952054, 2024-05-01T06:45:52.054Z, 1056.4779322, 522.9034882
1714545952085, 2024-05-01T06:45:52.085Z, 1119.052182, 530.9056966
1714545952101, 2024-05-01T06:45:52.101Z, 1143.766454, 543.1467500000001
1714545952130, 2024-05-01T06:45:52.130Z, 1160.1731768, 551.8440434
1714545952144, 2024-05-01T06:45:52.144Z, 1162.675446, 550.6124626000001
1714545952174, 2024-05-01T06:45:52.174Z, 1159.5421063999997, 542.7829936
1714545952189, 2024-05-01T06:45:52.189Z, 1153.692552, 533.1092756
1714545952219, 2024-05-01T06:45:52.219Z, 1147.532659, 522.2109684
1714545952234, 2024-05-01T06:45:52.234Z, 1141.5047542, 511.1745266000001
1714545952285, 2024-05-01T06:45:52.285Z, 1142.552985, 498.4637132000001
1714545952319, 2024-05-01T06:45:52.319Z, 1147.7314814, 489.2603284
1714545952343, 2024-05-01T06:45:52.343Z, 1155.3086446, 477.72403699999995
1714545952367, 2024-05-01T06:45:52.367Z, 1164.2973624, 466.4383116
1714545952382, 2024-05-01T06:45:52.382Z, 1174.2339061999999, 454.5909098
1714545952413, 2024-05-01T06:45:52.413Z, 1181.6326856, 444.49144020000006
1714545952444, 2024-05-01T06:45:52.444Z, 1190.3740092, 438.30100419999997
1714545952459, 2024-05-01T06:45:52.459Z, 1197.246573, 436.9480324
1714545952490, 2024-05-01T06:45:52.490Z, 1203.5113999999999, 434.4238418000001
1714545952506, 2024-05-01T06:45:52.506Z, 1208.6169948000002, 432.53598279999994
1714545952537, 2024-05-01T06:45:52.537Z, 1214.2251514, 432.4276938
1714545952552, 2024-05-01T06:45:52.552Z, 1223.1064978, 430.2403566
1714545952579, 2024-05-01T06:45:52.579Z, 1234.2462876000002, 427.35114540000006
1714545952593, 2024-05-01T06:45:52.593Z, 1247.35097, 427.739766
1714545952623, 2024-05-01T06:45:52.623Z, 1260.059651, 428.2451436
1714545952639, 2024-05-01T06:45:52.639Z, 1269.4723483999999, 429.00871639999997
1714545952668, 2024-05-01T06:45:52.668Z, 1276.7332606, 429.98015339999995
1714545952683, 2024-05-01T06:45:52.683Z, 1283.0958948000002, 431.16515739999994
1714545952729, 2024-05-01T06:45:52.729Z, 1287.9028232, 430.8311632
1714545952763, 2024-05-01T06:45:52.763Z, 1288.5947164000002, 434.92708840000006
1714545952773, 2024-05-01T06:45:52.773Z, 1290.4997288, 438.4439526
1714545952803, 2024-05-01T06:45:52.803Z, 1288.0124472, 439.3701218
1714545952818, 2024-05-01T06:45:52.818Z, 1284.1082769999998, 440.1439806
1714545952860, 2024-05-01T06:45:52.860Z, 1285.5818734, 432.00911620000005
1714545952893, 2024-05-01T06:45:52.893Z, 1285.5280018, 423.27911839999996
1714545952908, 2024-05-01T06:45:52.908Z, 1284.4766334, 414.91697559999994
1714545952938, 2024-05-01T06:45:52.938Z, 1259.0432034, 405.2536348
1714545952953, 2024-05-01T06:45:52.953Z, 1221.3294102, 394.4733864
1714545952983, 2024-05-01T06:45:52.983Z, 1177.3736078, 393.3228302
1714545952998, 2024-05-01T06:45:52.998Z, 1139.1994068, 390.1183868
1714545953029, 2024-05-01T06:45:53.029Z, 1099.5952694, 385.4690018
1714545953044, 2024-05-01T06:45:53.044Z, 1086.9241968000001, 384.6109784
1714545953075, 2024-05-01T06:45:53.075Z, 1086.7720927999999, 385.39216020000003
1714545953090, 2024-05-01T06:45:53.090Z, 1087.1750200000001, 385.755395
1714545953121, 2024-05-01T06:45:53.121Z, 1083.5373826, 385.43298920000007
1714545953136, 2024-05-01T06:45:53.136Z, 1081.9053846, 386.52762160000003
1714545953179, 2024-05-01T06:45:53.179Z, 1022.020615, 383.534945
1714545953208, 2024-05-01T06:45:53.208Z, 852.7848946, 374.036264
1714545953223, 2024-05-01T06:45:53.223Z, 693.1231812, 365.6609528
1714545953253, 2024-05-01T06:45:53.253Z, 509.52044880000005, 354.7178616
1714545953268, 2024-05-01T06:45:53.268Z, 325.4217052, 343.66400680000004
1714545953298, 2024-05-01T06:45:53.298Z, 201.0834826, 337.15025180000004
1714545953343, 2024-05-01T06:45:53.343Z, 186.6573582, 336.70457180000005
1714545953358, 2024-05-01T06:45:53.358Z, 163.19528340000002, 336.05953680000005
1714545953393, 2024-05-01T06:45:53.393Z, 169.0389438, 341.133942
1714545953407, 2024-05-01T06:45:53.407Z, 174.7077624, 346.576281
1714545953438, 2024-05-01T06:45:53.438Z, 178.64536520000001, 351.24162839999997
1714545953453, 2024-05-01T06:45:53.453Z, 181.74466980000003, 355.89806059999995
1714545953483, 2024-05-01T06:45:53.483Z, 189.8579158, 352.2015032
1714545953498, 2024-05-01T06:45:53.498Z, 197.7389804, 343.4059446
1714545953539, 2024-05-01T06:45:53.539Z, 207.2903822, 334.3930752
1714545953554, 2024-05-01T06:45:53.554Z, 219.11938519999998, 325.82249659999997
1714545953570, 2024-05-01T06:45:53.570Z, 231.07859440000001, 317.69864799999993
1714545953585, 2024-05-01T06:45:53.585Z, 239.194364, 317.66247619999996
1714545953629, 2024-05-01T06:45:53.629Z, 245.0672422, 318.70805
1714545953658, 2024-05-01T06:45:53.658Z, 250.6286916, 322.7615766
1714545953673, 2024-05-01T06:45:53.673Z, 254.605972, 326.2062188
1714545953703, 2024-05-01T06:45:53.703Z, 258.9526034, 329.62502459999996
1714545953718, 2024-05-01T06:45:53.718Z, 261.4746074, 332.31150199999996
1714545953748, 2024-05-01T06:45:53.748Z, 265.7704036, 335.3059084
1714545953794, 2024-05-01T06:45:53.794Z, 271.6533956, 334.2357936
1714545953808, 2024-05-01T06:45:53.808Z, 279.865448, 333.4763668
1714545953838, 2024-05-01T06:45:53.838Z, 292.77099899999996, 333.8088744
1714545953853, 2024-05-01T06:45:53.853Z, 308.7767038, 332.9727112
1714545953883, 2024-05-01T06:45:53.883Z, 324.51490179999996, 332.2432542
1714545953898, 2024-05-01T06:45:53.898Z, 337.60342819999994, 333.6998084
1714545953929, 2024-05-01T06:45:53.929Z, 347.9925058, 335.841431
1714545953943, 2024-05-01T06:45:53.943Z, 355.2779302, 341.4371704
1714545953973, 2024-05-01T06:45:53.973Z, 371.0833284, 376.8062344
1714545953989, 2024-05-01T06:45:53.989Z, 392.0370218, 425.50485100000003
1714545954018, 2024-05-01T06:45:54.018Z, 417.85016260000003, 484.678482
1714545954048, 2024-05-01T06:45:54.048Z, 442.8313304, 543.385785
1714545954079, 2024-05-01T06:45:54.079Z, 466.0552968, 597.7055662
1714545954110, 2024-05-01T06:45:54.110Z, 479.54030359999996, 626.200866
1714545954128, 2024-05-01T06:45:54.128Z, 486.9927668, 641.2180302
1714545954156, 2024-05-01T06:45:54.156Z, 488.4870672, 643.4193996
1714545954171, 2024-05-01T06:45:54.171Z, 490.1602882, 645.1420736
1714545954203, 2024-05-01T06:45:54.203Z, 490.8594446, 645.5537094
1714545954243, 2024-05-01T06:45:54.243Z, 490.9370422, 643.381346
1714545954258, 2024-05-01T06:45:54.258Z, 495.8559242, 639.498954
1714545954269, 2024-05-01T06:45:54.269Z, 524.3533182, 636.6272567999999
1714545954288, 2024-05-01T06:45:54.288Z, 552.1848051999999, 632.2909974
1714545954303, 2024-05-01T06:45:54.303Z, 579.0427092, 627.48971
1714545954333, 2024-05-01T06:45:54.333Z, 604.6709634, 622.555313
1714545954348, 2024-05-01T06:45:54.348Z, 624.1680742, 618.7120754
1714545954379, 2024-05-01T06:45:54.379Z, 617.8641938, 614.1325786
1714545954393, 2024-05-01T06:45:54.393Z, 611.5745882, 612.6453925999999
1714545954423, 2024-05-01T06:45:54.423Z, 606.2760302, 612.0288214
1714545954442, 2024-05-01T06:45:54.442Z, 595.6382384000001, 609.238518
1714545954468, 2024-05-01T06:45:54.468Z, 568.21099, 603.2716533999999
1714545954483, 2024-05-01T06:45:54.483Z, 538.1518536000001, 597.5698531999999
1714545954531, 2024-05-01T06:45:54.531Z, 489.1725362, 587.5198393999999
1714545954573, 2024-05-01T06:45:54.573Z, 441.07689799999997, 578.1508016
1714545954589, 2024-05-01T06:45:54.589Z, 398.48193699999996, 571.2787003999999
1714545954606, 2024-05-01T06:45:54.606Z, 375.6014578, 570.8603777999999
1714545954621, 2024-05-01T06:45:54.621Z, 358.239038, 570.2136090000001
1714545954651, 2024-05-01T06:45:54.651Z, 356.3600466, 574.7066101999999
1714545954696, 2024-05-01T06:45:54.696Z, 350.955346, 579.9282713999999
1714545954712, 2024-05-01T06:45:54.712Z, 342.9103526, 585.143863
1714545954743, 2024-05-01T06:45:54.743Z, 333.87888699999996, 588.3620814
1714545954759, 2024-05-01T06:45:54.759Z, 325.80490879999996, 593.0572209999999
1714545954789, 2024-05-01T06:45:54.789Z, 322.5733604, 594.6332491999999
1714545954804, 2024-05-01T06:45:54.804Z, 322.37040859999996, 594.98601
1714545954830, 2024-05-01T06:45:54.830Z, 325.11297060000004, 595.4853777999999
1714545954843, 2024-05-01T06:45:54.843Z, 327.1393422, 594.9368448
1714545954873, 2024-05-01T06:45:54.873Z, 328.82405439999997, 593.6628812000001
1714545954888, 2024-05-01T06:45:54.888Z, 329.8457042, 593.3323966
1714545954918, 2024-05-01T06:45:54.918Z, 330.0254692, 592.1534052
1714545954933, 2024-05-01T06:45:54.933Z, 329.37829320000003, 590.5748308
1714545954979, 2024-05-01T06:45:54.979Z, 328.62611000000004, 589.6048842
1714545955020, 2024-05-01T06:45:55.020Z, 325.485446, 588.3152296000001
1714545955036, 2024-05-01T06:45:55.036Z, 314.831308, 585.0891788
1714545955058, 2024-05-01T06:45:55.058Z, 288.410623, 579.9560636
1714545955068, 2024-05-01T06:45:55.068Z, 257.3054406, 574.253071
1714545955098, 2024-05-01T06:45:55.098Z, 214.44801479999995, 566.9934286
1714545955144, 2024-05-01T06:45:55.144Z, 177.1931444, 562.1349802000001
1714545955160, 2024-05-01T06:45:55.160Z, 152.35705679999998, 561.9394673999999
1714545955191, 2024-05-01T06:45:55.191Z, 158.9834112, 570.3632236
1714545955206, 2024-05-01T06:45:55.206Z, 175.12478679999998, 576.6954994
1714545955237, 2024-05-01T06:45:55.237Z, 204.28022959999998, 583.8590247999999
1714545955252, 2024-05-01T06:45:55.252Z, 230.9792988, 587.9268422
1714545955279, 2024-05-01T06:45:55.279Z, 252.6300162, 587.7519352
1714545955293, 2024-05-01T06:45:55.293Z, 258.8695308, 584.4798078
1714545955323, 2024-05-01T06:45:55.323Z, 261.12470079999997, 584.5748228
1714545955339, 2024-05-01T06:45:55.339Z, 262.5674998, 585.4702268
1714545955368, 2024-05-01T06:45:55.368Z, 270.16045479999997, 588.0574084
1714545955383, 2024-05-01T06:45:55.383Z, 281.3165722, 594.4173714000001
1714545955429, 2024-05-01T06:45:55.429Z, 294.5681884, 596.8828159999999
1714545955458, 2024-05-01T06:45:55.458Z, 305.6311668, 601.153268
1714545955473, 2024-05-01T06:45:55.473Z, 316.41127259999996, 605.0216035999999
1714545955503, 2024-05-01T06:45:55.503Z, 319.3370406, 604.5092476
1714545955518, 2024-05-01T06:45:55.518Z, 318.86117, 601.2554932
1714545955560, 2024-05-01T06:45:55.560Z, 315.3558184, 598.5421128
1714545955593, 2024-05-01T06:45:55.593Z, 304.45913120000006, 586.7938267999999
1714545955608, 2024-05-01T06:45:55.608Z, 291.9595614, 574.7910902
1714545955638, 2024-05-01T06:45:55.638Z, 269.097554, 564.010465
1714545955654, 2024-05-01T06:45:55.654Z, 236.062795, 549.4345498
1714545955685, 2024-05-01T06:45:55.685Z, 206.15257860000003, 536.8212584
1714545955700, 2024-05-01T06:45:55.700Z, 187.76681639999998, 532.8976958000001
1714545955728, 2024-05-01T06:45:55.728Z, 172.477015, 530.6685874
1714545955773, 2024-05-01T06:45:55.773Z, 172.3001534, 531.2910706
1714545955788, 2024-05-01T06:45:55.788Z, 194.028208, 536.3215198
1714545955818, 2024-05-01T06:45:55.818Z, 225.49664979999997, 540.2374654
1714545955833, 2024-05-01T06:45:55.833Z, 254.724032, 542.2817200000001
1714545955879, 2024-05-01T06:45:55.879Z, 299.6464154, 542.1369488
1714545955908, 2024-05-01T06:45:55.908Z, 339.3845128, 540.2698616
1714545955923, 2024-05-01T06:45:55.923Z, 368.0028848, 538.5344855999999
1714545955953, 2024-05-01T06:45:55.953Z, 383.9964308, 535.7324454
1714545955968, 2024-05-01T06:45:55.968Z, 399.42077120000005, 533.257658
1714545956002, 2024-05-01T06:45:56.002Z, 398.865604, 532.7172370000001
1714545956044, 2024-05-01T06:45:56.044Z, 402.19051460000003, 534.6007182000001
1714545956060, 2024-05-01T06:45:56.060Z, 406.082759, 536.3025084
1714545956088, 2024-05-01T06:45:56.088Z, 414.10099500000007, 539.6298955999999
1714545956103, 2024-05-01T06:45:56.103Z, 426.053539, 543.3427902
1714545956134, 2024-05-01T06:45:56.134Z, 436.39085379999995, 545.8267033999999
1714545956149, 2024-05-01T06:45:56.149Z, 443.3316562, 545.8759004
1714545956179, 2024-05-01T06:45:56.179Z, 448.1657938, 546.2826666000001
1714545956193, 2024-05-01T06:45:56.193Z, 449.3252251999999, 545.8813715999999
1714545956223, 2024-05-01T06:45:56.223Z, 445.39110759999994, 544.6631992
1714545956238, 2024-05-01T06:45:56.238Z, 439.6622042, 543.6053861999999
1714545956268, 2024-05-01T06:45:56.268Z, 432.92422939999994, 543.4524137999999
1714545956283, 2024-05-01T06:45:56.283Z, 427.43672019999997, 542.1465447999999
1714545956329, 2024-05-01T06:45:56.329Z, 424.32862080000007, 540.4016318
1714545956358, 2024-05-01T06:45:56.358Z, 427.4241886, 538.8399746000001
1714545956373, 2024-05-01T06:45:56.373Z, 442.2207518, 536.0262197999999
1714545956403, 2024-05-01T06:45:56.403Z, 460.57604539999994, 533.520519
1714545956418, 2024-05-01T06:45:56.418Z, 478.9840892, 532.2142054
1714545956448, 2024-05-01T06:45:56.448Z, 496.0988574, 532.375546
1714545956493, 2024-05-01T06:45:56.493Z, 508.4360831999999, 532.3441368
1714545956508, 2024-05-01T06:45:56.508Z, 511.5581612, 533.605465
1714545956538, 2024-05-01T06:45:56.538Z, 448.84062860000006, 489.9329654
1714545956553, 2024-05-01T06:45:56.553Z, 384.922058, 445.8838552
1714545956583, 2024-05-01T06:45:56.583Z, 320.3960298, 400.6930638
1714545956598, 2024-05-01T06:45:56.598Z, 256.33149940000004, 355.7538602000001
1714545956629, 2024-05-01T06:45:56.629Z, 194.1283496, 312.71716180000004
1714545956644, 2024-05-01T06:45:56.644Z, 196.360227, 315.27852659999996
1714545956675, 2024-05-01T06:45:56.675Z, 201.11173920000002, 317.24156320000003
1714545956690, 2024-05-01T06:45:56.690Z, 206.82016560000002, 319.39145999999994
1714545956720, 2024-05-01T06:45:56.720Z, 212.95014780000002, 321.47627819999997
1714545956736, 2024-05-01T06:45:56.736Z, 216.18440120000005, 324.6862052
1714545956779, 2024-05-01T06:45:56.779Z, 221.2793072, 328.8795972
1714545956808, 2024-05-01T06:45:56.808Z, 227.4780664, 333.7932054
1714545956824, 2024-05-01T06:45:56.824Z, 241.9464188, 339.08735740000003
1714545956853, 2024-05-01T06:45:56.853Z, 258.03074200000003, 343.9065296
1714545956868, 2024-05-01T06:45:56.868Z, 274.59502139999995, 345.65689280000004
1714545956903, 2024-05-01T06:45:56.903Z, 287.9027474, 345.7458052
1714545956943, 2024-05-01T06:45:56.943Z, 298.4773848, 345.98889040000006
1714545956958, 2024-05-01T06:45:56.958Z, 300.10200580000003, 346.0469898
1714545956988, 2024-05-01T06:45:56.988Z, 300.04137959999997, 344.7161058
1714545957004, 2024-05-01T06:45:57.004Z, 300.5813326, 343.26279259999995
1714545957033, 2024-05-01T06:45:57.033Z, 301.9763792, 341.9591686
1714545957053, 2024-05-01T06:45:57.053Z, 303.2080842, 340.4156852
1714545957079, 2024-05-01T06:45:57.079Z, 303.6007638, 338.0098706
1714545957093, 2024-05-01T06:45:57.093Z, 303.1751844, 336.9360372
1714545957123, 2024-05-01T06:45:57.123Z, 302.4874622, 336.03146180000005
1714545957138, 2024-05-01T06:45:57.138Z, 301.8237978, 335.0383548
1714545957169, 2024-05-01T06:45:57.169Z, 301.34377860000006, 333.865983
1714545957184, 2024-05-01T06:45:57.184Z, 300.6813208, 334.0280774
1714545957229, 2024-05-01T06:45:57.229Z, 290.1370222, 339.4615572
1714545957258, 2024-05-01T06:45:57.258Z, 278.2475162, 345.8353262
1714545957273, 2024-05-01T06:45:57.273Z, 266.62580979999996, 352.92807860000005
1714545957303, 2024-05-01T06:45:57.303Z, 256.3577666, 364.3419792000001
1714545957318, 2024-05-01T06:45:57.318Z, 247.00811399999998, 375.1523214
1714545957348, 2024-05-01T06:45:57.348Z, 231.96960719999998, 378.4145122
1714545957393, 2024-05-01T06:45:57.393Z, 213.7095576, 380.21304080000004
1714545957408, 2024-05-01T06:45:57.408Z, 197.3771722, 383.06792240000004
1714545957443, 2024-05-01T06:45:57.443Z, 180.34093180000002, 381.6427192
1714545957456, 2024-05-01T06:45:57.456Z, 165.00358839999998, 381.635336
1714545957495, 2024-05-01T06:45:57.495Z, 167.6581514, 387.27874940000004
1714545957510, 2024-05-01T06:45:57.510Z, 177.38969120000002, 393.62671439999997
1714545957533, 2024-05-01T06:45:57.533Z, 199.1311966, 397.1509136
1714545957548, 2024-05-01T06:45:57.548Z, 218.1305256, 401.6005464
1714545957574, 2024-05-01T06:45:57.574Z, 239.9694516, 403.69638080000004
1714545957590, 2024-05-01T06:45:57.590Z, 259.828514, 402.88318139999996
1714545957619, 2024-05-01T06:45:57.619Z, 276.9096028, 401.5101168
1714545957635, 2024-05-01T06:45:57.635Z, 279.47395400000005, 401.35994539999996
1714545957681, 2024-05-01T06:45:57.681Z, 283.5302886, 397.11767760000004
1714545957711, 2024-05-01T06:45:57.711Z, 283.82210080000004, 394.982418
1714545957727, 2024-05-01T06:45:57.727Z, 283.4935918, 392.4946762
1714545957759, 2024-05-01T06:45:57.759Z, 283.6446978, 391.0386994
1714545957774, 2024-05-01T06:45:57.774Z, 282.630791, 389.287336
1714545957804, 2024-05-01T06:45:57.804Z, 276.429302, 388.5360878
1714545957844, 2024-05-01T06:45:57.844Z, 264.5690572, 384.0843108
1714545957859, 2024-05-01T06:45:57.859Z, 254.9202872, 382.374114
1714545957890, 2024-05-01T06:45:57.890Z, 242.64558879999998, 377.6722274
1714545957904, 2024-05-01T06:45:57.904Z, 231.7631098, 373.6492574
1714545957934, 2024-05-01T06:45:57.934Z, 229.034876, 373.97573339999997
1714545957949, 2024-05-01T06:45:57.949Z, 231.64215959999996, 376.6922042
1714545957981, 2024-05-01T06:45:57.981Z, 232.146033, 377.1831832
1714545958007, 2024-05-01T06:45:58.007Z, 235.8158594, 381.755721
1714545958038, 2024-05-01T06:45:58.038Z, 233.4029094, 397.3550488
1714545958053, 2024-05-01T06:45:58.053Z, 228.3403606, 411.7482118
1714545958069, 2024-05-01T06:45:58.069Z, 223.31872579999998, 429.49041040000003
1714545958085, 2024-05-01T06:45:58.085Z, 219.206903, 446.91542
1714545958131, 2024-05-01T06:45:58.131Z, 216.0393192, 463.89792120000004
1714545958162, 2024-05-01T06:45:58.162Z, 217.333956, 470.7011117999999
1714545958178, 2024-05-01T06:45:58.178Z, 218.6508584, 476.3401314000001
1714545958209, 2024-05-01T06:45:58.209Z, 219.56314940000001, 477.3478296
1714545958225, 2024-05-01T06:45:58.225Z, 221.0402624, 472.7476812000001
1714545958255, 2024-05-01T06:45:58.255Z, 223.4686342, 459.4331698
1714545958296, 2024-05-01T06:45:58.296Z, 232.7331196, 428.512724
1714545958309, 2024-05-01T06:45:58.309Z, 241.187569, 396.2998706
1714545958348, 2024-05-01T06:45:58.348Z, 249.42201779999996, 365.4055822
1714545958363, 2024-05-01T06:45:58.363Z, 256.42449799999997, 339.98643819999995
1714545958394, 2024-05-01T06:45:58.394Z, 260.91632519999996, 321.9813478
1714545958410, 2024-05-01T06:45:58.410Z, 259.4225076, 320.7706336
1714545958433, 2024-05-01T06:45:58.433Z, 258.07296299999996, 320.9325538
1714545958444, 2024-05-01T06:45:58.444Z, 257.3391126, 321.29995240000005
1714545958474, 2024-05-01T06:45:58.474Z, 259.35046839999995, 321.4887122
1714545958489, 2024-05-01T06:45:58.489Z, 274.27086339999994, 322.8370844
1714545958520, 2024-05-01T06:45:58.520Z, 355.52980859999997, 348.65619879999997
1714545958535, 2024-05-01T06:45:58.535Z, 458.7806292, 383.9886816
1714545958580, 2024-05-01T06:45:58.580Z, 570.7342202, 423.12757439999996
1714545958613, 2024-05-01T06:45:58.613Z, 731.141986, 488.37636840000005
1714545958628, 2024-05-01T06:45:58.628Z, 880.090029, 552.808727
1714545958659, 2024-05-01T06:45:58.659Z, 963.8019714, 591.6058592
1714545958675, 2024-05-01T06:45:58.675Z, 1025.6762297999999, 619.561058
1714545958705, 2024-05-01T06:45:58.705Z, 1079.4197248, 643.7328012
1714545958742, 2024-05-01T06:45:58.742Z, 1081.8535262, 641.7411942
1714545958757, 2024-05-01T06:45:58.757Z, 1086.3492033999999, 641.1634408
1714545958783, 2024-05-01T06:45:58.783Z, 1092.5541862, 641.029552
1714545958798, 2024-05-01T06:45:58.798Z, 1112.2719075999998, 642.7026356
1714545958813, 2024-05-01T06:45:58.813Z, 1131.2232295999997, 644.3677652
1714545958845, 2024-05-01T06:45:58.845Z, 1144.1297398, 643.8932442
1714545958860, 2024-05-01T06:45:58.860Z, 1156.2164905999998, 642.8315445999999
1714545958878, 2024-05-01T06:45:58.878Z, 1161.7100914, 641.0040018
1714545958893, 2024-05-01T06:45:58.893Z, 1153.5979188000001, 639.6273759999999
1714545958924, 2024-05-01T06:45:58.924Z, 1145.9503946, 638.0600998
1714545958940, 2024-05-01T06:45:58.940Z, 1147.3796860000002, 639.7816775999999
1714545958971, 2024-05-01T06:45:58.971Z, 1147.0927182, 640.6936944
1714545958986, 2024-05-01T06:45:58.986Z, 1152.4838122, 643.4399148
1714545959029, 2024-05-01T06:45:59.029Z, 1158.9325681999999, 646.1575540000001
1714545959117, 2024-05-01T06:45:59.117Z, 1170.9669452, 652.833774
1714545959150, 2024-05-01T06:45:59.150Z, 1164.615621, 658.5261678
1714545959192, 2024-05-01T06:45:59.192Z, 1158.7580063999999, 662.7143568
1714545959207, 2024-05-01T06:45:59.207Z, 1155.4391110000001, 668.0952374000001
1714545959237, 2024-05-01T06:45:59.237Z, 1147.146966, 674.0527770000001
1714545959252, 2024-05-01T06:45:59.252Z, 1132.4747434, 676.3168178
1714545959282, 2024-05-01T06:45:59.282Z, 1135.8709600000002, 679.5281235999998
1714545959298, 2024-05-01T06:45:59.298Z, 1138.3925036, 684.2239904
1714545959374, 2024-05-01T06:45:59.374Z, 1133.1687248, 685.655716
1714545959390, 2024-05-01T06:45:59.390Z, 1130.234239, 686.6887165999999
1714545959405, 2024-05-01T06:45:59.405Z, 1128.0985999999998, 687.2570002
1714545959421, 2024-05-01T06:45:59.421Z, 1123.3144086, 687.4215932
1714545959436, 2024-05-01T06:45:59.436Z, 1123.101075, 685.1868008
1714545959489, 2024-05-01T06:45:59.489Z, 1127.3101161999998, 684.0507448000001
1714545959608, 2024-05-01T06:45:59.608Z, 1128.757102, 679.2842442000001
1714545959626, 2024-05-01T06:45:59.626Z, 1129.4612964, 674.8656103999999
1714545959642, 2024-05-01T06:45:59.642Z, 1133.7128876, 673.4422402
1714545959657, 2024-05-01T06:45:59.657Z, 1139.0823960000002, 675.0196736
1714545959702, 2024-05-01T06:45:59.702Z, 1142.7424936, 676.8188501999999
1714545959717, 2024-05-01T06:45:59.717Z, 1145.1755503999998, 682.0510625999999
1714545959733, 2024-05-01T06:45:59.733Z, 1142.9704577999998, 685.2524129999999
1714545959748, 2024-05-01T06:45:59.748Z, 1131.7541738, 684.585075
1714545959778, 2024-05-01T06:45:59.778Z, 1113.4638384, 683.1115904000001
1714545959794, 2024-05-01T06:45:59.794Z, 1097.1547966, 681.5643586
1714545959825, 2024-05-01T06:45:59.825Z, 1091.1172344000001, 680.6366781999999
1714545959840, 2024-05-01T06:45:59.840Z, 1092.5646884, 681.5980074
1714545959871, 2024-05-01T06:45:59.871Z, 1099.3475618, 682.8538632000001
1714545959887, 2024-05-01T06:45:59.887Z, 1106.21134, 684.2868058
1714545959902, 2024-05-01T06:45:59.902Z, 1111.5265586, 685.9204723999999
1714545960103, 2024-05-01T06:46:00.103Z, 1109.3509272000001, 683.2357346
1714545960119, 2024-05-01T06:46:00.119Z, 1111.2997344, 677.367895
1714545960151, 2024-05-01T06:46:00.151Z, 1115.1869136, 670.6460053999999
1714545960166, 2024-05-01T06:46:00.166Z, 1120.8771596000001, 662.6106057999999
1714545960182, 2024-05-01T06:46:00.182Z, 1127.7287324, 654.3219747999999
1714545960198, 2024-05-01T06:46:00.198Z, 1137.6600964, 649.8083664
1714545960228, 2024-05-01T06:46:00.228Z, 1134.0803758, 647.8409246
1714545960244, 2024-05-01T06:46:00.244Z, 1129.1079458, 646.456152
1714545960260, 2024-05-01T06:46:00.260Z, 1123.0612136, 646.0373706
1714545960275, 2024-05-01T06:46:00.275Z, 1116.1873004, 646.6012216000001
1714545960290, 2024-05-01T06:46:00.290Z, 1111.811728, 648.3462517999999
1714545960321, 2024-05-01T06:46:00.321Z, 1117.82087, 668.5310320000001
1714545960336, 2024-05-01T06:46:00.336Z, 1122.9775895999999, 690.3247526
1714545960423, 2024-05-01T06:46:00.423Z, 1126.0898798, 714.7658014000001
1714545960434, 2024-05-01T06:46:00.434Z, 1129.59355, 738.3061712
1714545960453, 2024-05-01T06:46:00.453Z, 1129.6769728, 758.4527048
1714545960468, 2024-05-01T06:46:00.468Z, 1124.5890706, 759.8416907999999
1714545960482, 2024-05-01T06:46:00.482Z, 1118.9983616, 758.3063764
1714545960498, 2024-05-01T06:46:00.498Z, 1114.4538636, 753.0957092
1714545960525, 2024-05-01T06:46:00.525Z, 1109.0040993999999, 746.2596184
1714545960542, 2024-05-01T06:46:00.542Z, 1102.5718352, 736.2262636
1714545960560, 2024-05-01T06:46:00.560Z, 1105.050547, 731.8368464
1714545960602, 2024-05-01T06:46:00.602Z, 1106.1652062, 730.3152432
1714545960617, 2024-05-01T06:46:00.617Z, 1106.6402582, 729.7909000000002
1714545960635, 2024-05-01T06:46:00.635Z, 1106.3362026, 730.9427798
1714545960650, 2024-05-01T06:46:00.650Z, 1109.0980161999998, 736.757558
1714545960681, 2024-05-01T06:46:00.681Z, 1105.6883584, 737.804381
1714545960710, 2024-05-01T06:46:00.710Z, 1105.4012989999999, 737.0114362
1714545960725, 2024-05-01T06:46:00.725Z, 1107.9391322000001, 735.9695191999999
1714545960740, 2024-05-01T06:46:00.740Z, 1108.8593636, 735.6195037999998
1714545960771, 2024-05-01T06:46:00.771Z, 1106.31744, 734.9964607999999
1714545960786, 2024-05-01T06:46:00.786Z, 1102.9742738, 734.0218924
1714545960802, 2024-05-01T06:46:00.802Z, 1097.273671, 734.2467954
1714545960831, 2024-05-01T06:46:00.831Z, 1089.8106928, 734.5730724
1714545960864, 2024-05-01T06:46:00.864Z, 1086.0751562, 732.5936949999999
1714545960880, 2024-05-01T06:46:00.880Z, 1085.9210738, 730.0219983999999
1714545960911, 2024-05-01T06:46:00.911Z, 1088.8952854, 727.3320398
1714545960927, 2024-05-01T06:46:00.927Z, 1092.4889526, 724.2141322
1714545960958, 2024-05-01T06:46:00.958Z, 1097.5401880000002, 719.2733099999999
1714545960994, 2024-05-01T06:46:00.994Z, 1101.3575374000002, 716.1159226
1714545961010, 2024-05-01T06:46:01.010Z, 1105.063936, 713.058848
1714545961039, 2024-05-01T06:46:01.039Z, 1103.5476912000001, 713.5316584
1714545961055, 2024-05-01T06:46:01.055Z, 1103.6609894, 713.5277628
1714545961066, 2024-05-01T06:46:01.066Z, 1102.8082439999998, 715.6885229999999
1714545961084, 2024-05-01T06:46:01.084Z, 1102.5049582, 716.6118044
1714545961099, 2024-05-01T06:46:01.099Z, 1101.6196183999998, 718.0198046
1714545961128, 2024-05-01T06:46:01.128Z, 1103.2414902, 717.0925715999999
1714545961143, 2024-05-01T06:46:01.143Z, 1104.1570032, 717.9970632000001
1714545961173, 2024-05-01T06:46:01.173Z, 1104.6595848000002, 718.390554
1714545961189, 2024-05-01T06:46:01.189Z, 1105.7014772, 720.1686923999999
1714545961222, 2024-05-01T06:46:01.222Z, 1106.3183968, 722.1912502
1714545961238, 2024-05-01T06:46:01.238Z, 1105.7389396, 723.3760457999999
1714545961324, 2024-05-01T06:46:01.324Z, 1106.3860718, 721.7217168
1714545961353, 2024-05-01T06:46:01.353Z, 1105.8592472000003, 721.2076912
1714545961369, 2024-05-01T06:46:01.369Z, 1104.2815176, 720.7554448000001
1714545961381, 2024-05-01T06:46:01.381Z, 1103.7943228, 719.7946546000001
1714545961399, 2024-05-01T06:46:01.399Z, 1102.0376060000003, 719.4302054000001
1714545961443, 2024-05-01T06:46:01.443Z, 1099.3142546000004, 720.9427016
1714545961459, 2024-05-01T06:46:01.459Z, 1099.7443102000002, 722.642754
1714545961489, 2024-05-01T06:46:01.489Z, 1102.8453424, 725.0886208
1714545961520, 2024-05-01T06:46:01.520Z, 1104.2633713999999, 728.5499958
1714545961535, 2024-05-01T06:46:01.535Z, 1106.4632726, 731.0209910000001
1714545961551, 2024-05-01T06:46:01.551Z, 1108.087011, 732.875045
1714545961580, 2024-05-01T06:46:01.580Z, 1106.088823, 732.6331720000001
1714545961594, 2024-05-01T06:46:01.594Z, 1102.2684080000001, 731.0764984
1714545961605, 2024-05-01T06:46:01.605Z, 1099.5492158000002, 728.8289458
1714545961624, 2024-05-01T06:46:01.624Z, 1096.8544293999998, 728.6261758
1714545961639, 2024-05-01T06:46:01.639Z, 1096.3142096, 730.935749
1714545961669, 2024-05-01T06:46:01.669Z, 1097.9864334, 734.7547458000001
1714545961684, 2024-05-01T06:46:01.684Z, 1099.5320284, 738.3848248
1714545961813, 2024-05-01T06:46:01.813Z, 1101.3770152000002, 742.1048876
1714545961828, 2024-05-01T06:46:01.828Z, 1104.0760418, 745.1081008
1714545961846, 2024-05-01T06:46:01.846Z, 1103.7046406000002, 746.914684
1714545961891, 2024-05-01T06:46:01.891Z, 1103.2110452000002, 747.9405869999999
1714545961908, 2024-05-01T06:46:01.908Z, 1101.9627034, 749.1759
1714545961923, 2024-05-01T06:46:01.923Z, 1099.8474414, 750.2341056
1714545961939, 2024-05-01T06:46:01.939Z, 1096.9297351999999, 750.5251528000001
1714545961954, 2024-05-01T06:46:01.954Z, 1100.3573814, 750.2296034
1714545961985, 2024-05-01T06:46:01.985Z, 1102.6742313999998, 750.3159671999999
1714545962000, 2024-05-01T06:46:02.000Z, 1106.8181981999999, 751.4740932
1714545962178, 2024-05-01T06:46:02.178Z, 1112.4320096, 753.2210074000001
1714545962207, 2024-05-01T06:46:02.207Z, 1113.0387654, 754.646246
1714545962224, 2024-05-01T06:46:02.224Z, 1106.5858638, 756.011248
1714545962251, 2024-05-01T06:46:02.251Z, 1101.5244378, 757.5577096
1714545962266, 2024-05-01T06:46:02.266Z, 1096.3736463999999, 758.7296352
1714545962296, 2024-05-01T06:46:02.296Z, 1090.7437144, 759.574011
1714545962343, 2024-05-01T06:46:02.343Z, 1090.9789636, 760.7117562000001
1714545962359, 2024-05-01T06:46:02.359Z, 1092.9799354, 761.15801
1714545962390, 2024-05-01T06:46:02.390Z, 1093.5741487999999, 758.8557422
1714545962406, 2024-05-01T06:46:02.406Z, 1093.298371, 755.7924476000001
1714545962438, 2024-05-01T06:46:02.438Z, 1093.5665886, 752.9361134
1714545962454, 2024-05-01T06:46:02.454Z, 1102.8290386, 750.9791440000001
1714545962478, 2024-05-01T06:46:02.478Z, 1162.382964, 758.4581366
1714545962492, 2024-05-01T06:46:02.492Z, 1228.2278853999999, 769.8995388
1714545962522, 2024-05-01T06:46:02.522Z, 1301.421191, 783.0114664
1714545962536, 2024-05-01T06:46:02.536Z, 1374.7527914, 795.310404
1714545962566, 2024-05-01T06:46:02.566Z, 1439.9117462, 807.828449
1714545962581, 2024-05-01T06:46:02.581Z, 1455.4212459999999, 811.3575378
1714545962694, 2024-05-01T06:46:02.694Z, 1465.4242484000001, 813.7785356
1714545962721, 2024-05-01T06:46:02.721Z, 1396.3983993999998, 789.3861260000001
1714545962752, 2024-05-01T06:46:02.752Z, 1329.9975009999998, 730.6796636
1714545962806, 2024-05-01T06:46:02.806Z, 1262.7706402, 649.8288476
1714545962823, 2024-05-01T06:46:02.823Z, 1195.1847229999998, 570.1848471999999
1714545962846, 2024-05-01T06:46:02.846Z, 1126.0822146000003, 491.57238259999997
1714545962862, 2024-05-01T06:46:02.862Z, 1128.6615742000001, 438.6293972
1714545962893, 2024-05-01T06:46:02.893Z, 1128.1144024, 420.09819480000004
1714545962909, 2024-05-01T06:46:02.909Z, 1128.0022254, 422.659914
1714545962929, 2024-05-01T06:46:02.929Z, 1124.0097336000001, 409.5913426
1714545962942, 2024-05-01T06:46:02.942Z, 1123.8152496, 392.3556536
1714545962973, 2024-05-01T06:46:02.973Z, 1124.4800796, 372.4582346
1714545962993, 2024-05-01T06:46:02.993Z, 1122.1772196000002, 353.7452526
1714545963018, 2024-05-01T06:46:03.018Z, 1120.1771896, 332.82667019999997
1714545963034, 2024-05-01T06:46:03.034Z, 1122.1303232, 325.6659702