1701366917932, 2023-11-30T17:55:17.932Z, 176.120414, 338.431157
1701366917984, 2023-11-30T17:55:17.984Z, 166.777501, 350.148399
1701366918023, 2023-11-30T17:55:18.023Z, 170.588802, 363.12718866666665
1701366918070, 2023-11-30T17:55:18.070Z, 175.6059955, 374.80524125
1701366918117, 2023-11-30T17:55:18.117Z, 171.4369604, 388.28894879999996
1701366918150, 2023-11-30T17:55:18.150Z, 165.613542, 414.5169035999999
1701366918988, 2023-11-30T17:55:18.988Z, 142.492879, 468.0059684
1701366919015, 2023-11-30T17:55:19.015Z, 117.09215640000002, 516.0191204
1701366919032, 2023-11-30T17:55:19.032Z, 102.21168420000001, 558.5313188
1701366919062, 2023-11-30T17:55:19.062Z, 95.2647314, 594.8748974
1701366919092, 2023-11-30T17:55:19.092Z, 90.6563228, 625.8095996
1701366919123, 2023-11-30T17:55:19.123Z, 106.69113259999999, 626.170458
1701366919139, 2023-11-30T17:55:19.139Z, 120.83408080000001, 626.6115764
1701366919171, 2023-11-30T17:55:19.171Z, 142.65560299999999, 630.0548673999999
1701366919186, 2023-11-30T17:55:19.186Z, 170.23712340000003, 629.443541
1701366919217, 2023-11-30T17:55:19.218Z, 199.2830242, 627.067496
1701366919279, 2023-11-30T17:55:19.279Z, 232.03507440000004, 622.4196771999999
1701366919311, 2023-11-30T17:55:19.311Z, 264.15741160000005, 617.7934284
1701366919325, 2023-11-30T17:55:19.325Z, 280.4283852, 607.9633867999999
1701366919357, 2023-11-30T17:55:19.357Z, 296.2483658, 604.092066
1701366919376, 2023-11-30T17:55:19.376Z, 310.46710540000004, 605.9583228
1701366919392, 2023-11-30T17:55:19.392Z, 321.921055, 609.6768054
1701366919408, 2023-11-30T17:55:19.408Z, 334.0191146, 612.9972637999999
1701366919436, 2023-11-30T17:55:19.436Z, 334.0002964, 625.1164106
1701366919998, 2023-11-30T17:55:19.998Z, 267.6932374, 613.7633348
1701366920044, 2023-11-30T17:55:20.044Z, 257.72487659999996, 562.050345
1701366920091, 2023-11-30T17:55:20.091Z, 282.95300779999997, 472.23697460000005
1701366920681, 2023-11-30T17:55:20.681Z, 236.95421539999998, 491.61371859999997
1701366920713, 2023-11-30T17:55:20.713Z, 193.05293099999997, 513.72509
1701366920773, 2023-11-30T17:55:20.773Z, 209.787659, 557.3315792
1701366920789, 2023-11-30T17:55:20.789Z, 263.02110860000005, 636.2554048
1701366920805, 2023-11-30T17:55:20.805Z, 279.42193699999996, 759.0269183999999
1701366920836, 2023-11-30T17:55:20.836Z, 367.86700559999997, 772.5703888
1701366920852, 2023-11-30T17:55:20.852Z, 461.5992086, 778.7060468
1701366920892, 2023-11-30T17:55:20.892Z, 554.2461841999999, 786.7398665999999
1701366920930, 2023-11-30T17:55:20.930Z, 554.8657118, 792.8030606
1701366920945, 2023-11-30T17:55:20.945Z, 566.6828945999999, 784.1488483999999
1701366920976, 2023-11-30T17:55:20.976Z, 581.7014888, 776.8753694000001
1701366921023, 2023-11-30T17:55:21.023Z, 600.5764788, 771.5220075999999
1701366921058, 2023-11-30T17:55:21.058Z, 621.6667338, 764.8722462
1701366921085, 2023-11-30T17:55:21.085Z, 590.1036508, 765.9823490000001
1701366921104, 2023-11-30T17:55:21.104Z, 543.4961846, 775.4455826000001
1701366921132, 2023-11-30T17:55:21.132Z, 495.1225254, 778.8349714
1701366921164, 2023-11-30T17:55:21.164Z, 443.3722444, 777.75502
1701366921211, 2023-11-30T17:55:21.211Z, 377.541253, 774.4182582
1701366921394, 2023-11-30T17:55:21.394Z, 333.3157366, 699.6623321999999
1701366921439, 2023-11-30T17:55:21.439Z, 284.38874, 717.4485982
1701366921471, 2023-11-30T17:55:21.471Z, 230.1074892, 735.9503769999999
1701366921658, 2023-11-30T17:55:21.658Z, 189.6045806, 752.2634378
1701366921690, 2023-11-30T17:55:21.690Z, 164.144652, 770.0378434
1701366921705, 2023-11-30T17:55:21.705Z, 170.2865812, 854.4018884000001
1701366921736, 2023-11-30T17:55:21.736Z, 189.9384712, 847.3645242
1701366921751, 2023-11-30T17:55:21.751Z, 214.7268692, 844.1784465999999
1701366921843, 2023-11-30T17:55:21.843Z, 182.47638039999998, 820.5338052
1701366921967, 2023-11-30T17:55:21.967Z, 144.52073620000002, 809.2474076
1701366922001, 2023-11-30T17:55:22.001Z, 110.818319, 796.1010984
1701366922019, 2023-11-30T17:55:22.019Z, 76.28074780000001, 781.3096364
1701366922061, 2023-11-30T17:55:22.061Z, 41.382386, 768.3096582000001
1701366922077, 2023-11-30T17:55:22.077Z, 50.075904200000004, 781.8689902
1701366922093, 2023-11-30T17:55:22.093Z, 64.2523494, 786.2551478
1701366922108, 2023-11-30T17:55:22.108Z, 72.7891866, 792.8959050000001
1701366922138, 2023-11-30T17:55:22.138Z, 78.6967098, 799.6974926
1701366922153, 2023-11-30T17:55:22.153Z, 88.1269576, 799.9043576
1701366922184, 2023-11-30T17:55:22.184Z, 99.55228319999999, 797.9898722
1701366922243, 2023-11-30T17:55:22.243Z, 122.2258274, 792.9539028
1701366922279, 2023-11-30T17:55:22.279Z, 148.59427220000003, 786.8732198
1701366922326, 2023-11-30T17:55:22.326Z, 170.4031094, 782.9190040000001
1701366922341, 2023-11-30T17:55:22.341Z, 186.0625088, 784.7673436
1701366922373, 2023-11-30T17:55:22.373Z, 177.25084220000002, 797.1804718000001
1701366922435, 2023-11-30T17:55:22.435Z, 151.9041114, 810.9664712
1701366922451, 2023-11-30T17:55:22.451Z, 122.1104538, 825.6221566
1701366922498, 2023-11-30T17:55:22.498Z, 99.6552912, 836.9090622
1701366922514, 2023-11-30T17:55:22.514Z, 79.19555460000001, 846.8547944
1701366922541, 2023-11-30T17:55:22.541Z, 89.5763838, 840.2128651999999
1701366922563, 2023-11-30T17:55:22.563Z, 135.8506696, 825.4627957999999
1701366922593, 2023-11-30T17:55:22.593Z, 190.922091, 813.7380397999999
1701366922609, 2023-11-30T17:55:22.609Z, 238.38629440000005, 809.2267202
1701366922642, 2023-11-30T17:55:22.642Z, 285.911189, 807.9001762
1701366922657, 2023-11-30T17:55:22.657Z, 330.17330360000005, 805.6403072
1701366922858, 2023-11-30T17:55:22.858Z, 280.3043168, 827.118346
1701366922874, 2023-11-30T17:55:22.874Z, 231.223863, 834.2775343999999
1701366922904, 2023-11-30T17:55:22.904Z, 184.92495900000003, 835.1419149999999
1701366922920, 2023-11-30T17:55:22.920Z, 139.455809, 834.0330814000001
1701366922952, 2023-11-30T17:55:22.952Z, 88.8097786, 840.4818698000001
1701366922968, 2023-11-30T17:55:22.968Z, 98.3892384, 830.3933554000001
1701366923718, 2023-11-30T17:55:23.718Z, 340.0554126, 689.9122608
1701366923763, 2023-11-30T17:55:23.763Z, 578.1733280000001, 538.832607
1701366923811, 2023-11-30T17:55:23.811Z, 840.0624308, 381.8868644
1701366923857, 2023-11-30T17:55:23.857Z, 1116.8936238, 231.9295156
1701366923899, 2023-11-30T17:55:23.899Z, 1397.302433, 77.1197028
1701366923920, 2023-11-30T17:55:23.920Z, 1438.199731, 64.4078248
1701366924044, 2023-11-30T17:55:24.044Z, 1514.136211, 77.9903128
1701366924077, 2023-11-30T17:55:24.077Z, 1551.0932372000002, 89.792305
1701366924092, 2023-11-30T17:55:24.092Z, 1571.5212444000001, 90.8335572
1701366924123, 2023-11-30T17:55:24.123Z, 1589.4779042, 95.7671046
1701366924216, 2023-11-30T17:55:24.216Z, 1522.9080224000002, 108.28627300000001
1701366924262, 2023-11-30T17:55:24.262Z, 1429.9522284, 128.0864206
1701366924280, 2023-11-30T17:55:24.280Z, 1354.6779047999999, 151.34905039999998
1701366924297, 2023-11-30T17:55:24.297Z, 1278.7522178, 175.5058544
1701366924325, 2023-11-30T17:55:24.325Z, 1205.792584, 188.58299040000003
1701366924341, 2023-11-30T17:55:24.341Z, 1219.5722850000002, 200.0568682
1701366924371, 2023-11-30T17:55:24.371Z, 1277.339756, 193.41458060000002
1701366924386, 2023-11-30T17:55:24.386Z, 1340.3833796000001, 191.14196800000002
1701366924402, 2023-11-30T17:55:24.402Z, 1407.1667115999999, 191.86769759999999
1701366924433, 2023-11-30T17:55:24.433Z, 1471.0775696, 205.9772904
1701366924449, 2023-11-30T17:55:24.449Z, 1532.0140018, 211.7528218
1701366924492, 2023-11-30T17:55:24.492Z, 1544.697289, 214.7865748
1701366924527, 2023-11-30T17:55:24.527Z, 1551.3343914000002, 211.0071626
1701366924542, 2023-11-30T17:55:24.542Z, 1559.1971306, 201.35491500000003
1701366924573, 2023-11-30T17:55:24.573Z, 1570.3565318, 190.91628959999997
1701366924654, 2023-11-30T17:55:24.654Z, 1556.1176956000002, 196.75354840000003
1701366924683, 2023-11-30T17:55:24.683Z, 1551.806786, 200.339255
1701366924717, 2023-11-30T17:55:24.717Z, 1547.4304724, 210.85823299999998
1701366924732, 2023-11-30T17:55:24.732Z, 1551.6025752, 225.37722279999997
1701366924749, 2023-11-30T17:55:24.749Z, 1562.0522188, 233.2747226
1701366924766, 2023-11-30T17:55:24.766Z, 1585.9627560000001, 215.3871682
1701366924780, 2023-11-30T17:55:24.780Z, 1608.9153880000001, 203.23684680000002
1701366924795, 2023-11-30T17:55:24.795Z, 1618.6424922, 173.29244060000002
1701366924843, 2023-11-30T17:55:24.843Z, 1602.3398252000002, 127.53374800000002
1701366924890, 2023-11-30T17:55:24.890Z, 1568.3336078, 127.42087280000001
1701366925112, 2023-11-30T17:55:25.112Z, 1495.5460805999999, 197.766219
1701366925130, 2023-11-30T17:55:25.130Z, 1463.7888536, 244.8203352
1701366925160, 2023-11-30T17:55:25.160Z, 1417.7537975999999, 307.7257642
1701366925174, 2023-11-30T17:55:25.174Z, 1370.5195322, 389.6557096
1701366925206, 2023-11-30T17:55:25.206Z, 1325.4470224000002, 431.72093779999994
1701366925220, 2023-11-30T17:55:25.220Z, 1333.7972234000001, 416.61177160000005
1701366925242, 2023-11-30T17:55:25.242Z, 1288.1965324, 421.14869120000003
1701366925268, 2023-11-30T17:55:25.268Z, 1261.3346942, 420.51818979999996
1701366925286, 2023-11-30T17:55:25.286Z, 1249.2713257999999, 417.38678039999996
1701366925302, 2023-11-30T17:55:25.302Z, 1242.9914165999999, 417.43040579999996
1701366925334, 2023-11-30T17:55:25.334Z, 1233.5930844, 418.58502259999995
1701366925347, 2023-11-30T17:55:25.347Z, 1229.2750595999998, 420.2112534
1701366925394, 2023-11-30T17:55:25.394Z, 1230.174886, 430.85946779999995
1701366925427, 2023-11-30T17:55:25.427Z, 1231.0894616, 441.5923756
1701366925442, 2023-11-30T17:55:25.442Z, 1231.3165742, 446.33337739999996
1701366925472, 2023-11-30T17:55:25.472Z, 1230.343883, 448.99206699999996
1701366925486, 2023-11-30T17:55:25.487Z, 1230.1258328, 451.41160899999994
1701366925518, 2023-11-30T17:55:25.518Z, 1232.4636874, 450.3511414000001
1701366925565, 2023-11-30T17:55:25.565Z, 1238.5529070000002, 448.183633
1701366925579, 2023-11-30T17:55:25.579Z, 1244.7310958, 447.12631220000003
1701366925610, 2023-11-30T17:55:25.610Z, 1251.1417256, 444.9563233999999
1701366925626, 2023-11-30T17:55:25.626Z, 1256.3186110000001, 440.48001619999997
1701366925659, 2023-11-30T17:55:25.659Z, 1254.0348682, 435.3892374
1701366925671, 2023-11-30T17:55:25.671Z, 1257.0104434, 431.99913640000005
1701366925693, 2023-11-30T17:55:25.693Z, 1254.2622548, 431.20249240000004
1701366926014, 2023-11-30T17:55:26.014Z, 1225.794646, 466.8587844
1701366926028, 2023-11-30T17:55:26.028Z, 1223.521534, 497.18303620000006
1701366926060, 2023-11-30T17:55:26.060Z, 1212.8193964, 525.3675364000001
1701366926076, 2023-11-30T17:55:26.076Z, 1197.8282446, 555.2285142000001
1701366926107, 2023-11-30T17:55:26.107Z, 1185.9150519999998, 581.7190768
1701366926120, 2023-11-30T17:55:26.120Z, 1200.3191407999998, 572.2465192
1701366926152, 2023-11-30T17:55:26.152Z, 1180.9127194, 567.8495106
1701366926167, 2023-11-30T17:55:26.167Z, 1172.3486669999998, 566.9247068000001
1701366926199, 2023-11-30T17:55:26.199Z, 1160.2566505999998, 565.5157278
1701366926215, 2023-11-30T17:55:26.215Z, 1153.4732386, 568.1678944000001
1701366926231, 2023-11-30T17:55:26.231Z, 1147.9723996, 572.7876006
1701366926262, 2023-11-30T17:55:26.262Z, 1148.4931284, 578.620335
1701366926464, 2023-11-30T17:55:26.464Z, 1110.575317, 603.8006161999999
1701366926480, 2023-11-30T17:55:26.480Z, 1100.9920636000002, 624.8392452
1701366926512, 2023-11-30T17:55:26.512Z, 1078.0126644, 642.4630012
1701366926530, 2023-11-30T17:55:26.530Z, 1061.0543368000003, 658.2538807999999
1701366926559, 2023-11-30T17:55:26.559Z, 1037.7158786, 670.0786768
1701366926573, 2023-11-30T17:55:26.573Z, 1057.6520340000002, 663.6779564000001
1701366926636, 2023-11-30T17:55:26.636Z, 1045.0498936, 658.8146721999999
1701366926744, 2023-11-30T17:55:26.744Z, 1055.8746292, 647.9773682
1701366926777, 2023-11-30T17:55:26.777Z, 1041.1904286000001, 644.3589526
1701366926794, 2023-11-30T17:55:26.794Z, 1026.3038532, 639.8414233999999
1701366926826, 2023-11-30T17:55:26.826Z, 1014.0659634, 637.3687224
1701366926839, 2023-11-30T17:55:26.839Z, 994.5785507999999, 637.1797396
1701366926870, 2023-11-30T17:55:26.870Z, 955.9914412, 644.9278776000001
1701366926918, 2023-11-30T17:55:26.918Z, 929.5606462, 644.2466757999999
1701366926933, 2023-11-30T17:55:26.933Z, 911.1428874, 647.8906084
1701366926952, 2023-11-30T17:55:26.952Z, 886.4251768, 647.4948866
1701366926980, 2023-11-30T17:55:26.980Z, 875.3057673999999, 648.0046478
1701366926998, 2023-11-30T17:55:26.998Z, 870.8997714000001, 649.4003736
1701366927028, 2023-11-30T17:55:27.028Z, 871.9736078, 651.6501918
1701366927043, 2023-11-30T17:55:27.043Z, 873.753308, 653.8807578
1701366927060, 2023-11-30T17:55:27.060Z, 877.760361, 656.4361982
1701366927090, 2023-11-30T17:55:27.090Z, 879.1155167999999, 655.9409752
1701366927105, 2023-11-30T17:55:27.105Z, 880.5837844, 654.0519118
1701366927137, 2023-11-30T17:55:27.137Z, 884.8051614, 650.7130279999999
1701366927152, 2023-11-30T17:55:27.152Z, 888.8238988, 647.4548497999999
1701366927194, 2023-11-30T17:55:27.194Z, 894.7207556000001, 646.1826865999999
1701366927228, 2023-11-30T17:55:27.228Z, 900.1259986000001, 646.9691792
1701366927244, 2023-11-30T17:55:27.244Z, 905.5253916000001, 648.6114749999999
1701366927275, 2023-11-30T17:55:27.275Z, 910.5125394, 648.6751848
1701366927290, 2023-11-30T17:55:27.290Z, 916.254687, 649.0491353999998
1701366927320, 2023-11-30T17:55:27.320Z, 919.4445078000001, 648.0701282
1701366927362, 2023-11-30T17:55:27.362Z, 923.5920108, 647.49443
1701366927389, 2023-11-30T17:55:27.389Z, 927.8435366, 645.7583018
1701366927414, 2023-11-30T17:55:27.414Z, 925.5376554000001, 651.5624796
1701366927432, 2023-11-30T17:55:27.432Z, 940.5419678000001, 666.1404517999999
1701366927461, 2023-11-30T17:55:27.461Z, 950.9380182000001, 672.6976254000001
1701366927477, 2023-11-30T17:55:27.477Z, 963.0298065999999, 691.2041222
1701366927494, 2023-11-30T17:55:27.494Z, 965.2152765999999, 719.290649
1701366927541, 2023-11-30T17:55:27.541Z, 960.0501028000001, 747.8207335999999
1701366927681, 2023-11-30T17:55:27.681Z, 929.7298836, 751.3738936
1701366927729, 2023-11-30T17:55:27.729Z, 902.2775568, 779.4172580000001
1701366927745, 2023-11-30T17:55:27.745Z, 877.4877553999999, 797.2280144
1701366927775, 2023-11-30T17:55:27.775Z, 859.1751414, 804.1281992
1701366927809, 2023-11-30T17:55:27.809Z, 858.4994389999999, 811.0373910000001
1701366927838, 2023-11-30T17:55:27.838Z, 866.3489046000001, 833.0347316
1701366927853, 2023-11-30T17:55:27.853Z, 872.9729946, 833.6108034000001
1701366927875, 2023-11-30T17:55:27.875Z, 893.7782920000002, 835.8534016
1701366927900, 2023-11-30T17:55:27.900Z, 913.404304, 836.0573649999999
1701366927917, 2023-11-30T17:55:27.917Z, 935.9951406, 837.9738578
1701366927943, 2023-11-30T17:55:27.943Z, 954.0459258000001, 841.5351439999998
1701366927960, 2023-11-30T17:55:27.960Z, 977.524453, 855.2598826
1701366928011, 2023-11-30T17:55:28.011Z, 969.5078282000001, 861.6638998000001
1701366928042, 2023-11-30T17:55:28.042Z, 965.412129, 872.5109424
1701366928058, 2023-11-30T17:55:28.058Z, 960.4435487999999, 878.682338
1701366928093, 2023-11-30T17:55:28.093Z, 950.1844106000001, 880.7548350000001
1701366928122, 2023-11-30T17:55:28.122Z, 936.6597777999999, 877.2486939999999
1701366928151, 2023-11-30T17:55:28.151Z, 932.5220546, 875.538947
1701366928166, 2023-11-30T17:55:28.166Z, 928.0370176, 872.6853197999999
1701366928183, 2023-11-30T17:55:28.183Z, 914.343842, 866.4810142
1701366928214, 2023-11-30T17:55:28.214Z, 912.5094406000001, 861.5712889999999
1701366928276, 2023-11-30T17:55:28.276Z, 945.2446803999999, 868.3077222
1701366928307, 2023-11-30T17:55:28.307Z, 969.2370457999999, 872.5380364
1701366928322, 2023-11-30T17:55:28.322Z, 985.8722954000001, 874.7297196
1701366928353, 2023-11-30T17:55:28.353Z, 1000.2953227999999, 877.0411918000002
1701366928368, 2023-11-30T17:55:28.368Z, 1014.7897002, 882.8459208
1701366928393, 2023-11-30T17:55:28.393Z, 986.1460059999999, 875.8395316
1701366928416, 2023-11-30T17:55:28.416Z, 961.7796699999999, 870.4351375999998
1701366928436, 2023-11-30T17:55:28.436Z, 943.2765003999999, 867.1475434000001
1701366928462, 2023-11-30T17:55:28.462Z, 925.1999474, 863.4700894
1701366928481, 2023-11-30T17:55:28.481Z, 903.5676545999999, 858.5694522
1701366928510, 2023-11-30T17:55:28.510Z, 889.4438204000002, 854.0187634
1701366928544, 2023-11-30T17:55:28.544Z, 876.3659864000001, 848.4234632
1701366928573, 2023-11-30T17:55:28.573Z, 871.7555785999999, 840.2667206
1701366928588, 2023-11-30T17:55:28.588Z, 867.0538490000001, 833.7330998000001
1701366928634, 2023-11-30T17:55:28.634Z, 867.4262425999999, 827.5572374
1701366928664, 2023-11-30T17:55:28.664Z, 867.3956963999999, 823.7306978
1701366928825, 2023-11-30T17:55:28.825Z, 929.2281164, 839.3643
1701366928869, 2023-11-30T17:55:28.869Z, 937.9420402, 846.3486746000001
1701366928917, 2023-11-30T17:55:28.917Z, 950.9226064000001, 854.0669652
1701366928932, 2023-11-30T17:55:28.932Z, 956.3147240000001, 860.4722181999999
1701366928949, 2023-11-30T17:55:28.949Z, 960.9774818, 864.0813105999999
1701366928994, 2023-11-30T17:55:28.994Z, 908.7815084, 850.9509845999999
1701366929028, 2023-11-30T17:55:29.028Z, 908.3510818000001, 855.6399580000001
1701366929043, 2023-11-30T17:55:29.043Z, 910.1535425999998, 861.720213
1701366929673, 2023-11-30T17:55:29.673Z, 877.2845961999999, 835.7541895999999
1701366929717, 2023-11-30T17:55:29.717Z, 746.088033, 725.7566845999999