1701367077008, 2023-11-30T17:57:57.008Z, 217.464516, 564.581768
1701367077086, 2023-11-30T17:57:57.086Z, 121.284029, 669.286175
1701367077340, 2023-11-30T17:57:57.340Z, 87.27773333333334, 663.8048993333333
1701367078595, 2023-11-30T17:57:58.595Z, 114.04425075, 681.2184412500001
1701367078610, 2023-11-30T17:57:58.610Z, 131.62922840000002, 692.0536330000001
1701367078625, 2023-11-30T17:57:58.625Z, 124.3623916, 716.5065556000001
1701367078644, 2023-11-30T17:57:58.644Z, 136.740413, 694.5991188
1701367078673, 2023-11-30T17:57:58.673Z, 151.322995, 697.1315913999999
1701367078689, 2023-11-30T17:57:58.689Z, 118.70812659999999, 680.2366054
1701367078704, 2023-11-30T17:57:58.704Z, 94.63621459999999, 665.3445542
1701367078720, 2023-11-30T17:57:58.720Z, 75.4657224, 664.8447474
1701367078905, 2023-11-30T17:57:58.905Z, 289.268921, 535.0537766
1701367078950, 2023-11-30T17:57:58.950Z, 500.62975960000006, 405.97989620000004
1701367079012, 2023-11-30T17:57:59.012Z, 720.9215222, 295.208956
1701367079027, 2023-11-30T17:57:59.027Z, 929.9119304, 191.71853280000002
1701367079043, 2023-11-30T17:57:59.043Z, 1136.6764758, 86.273338
1701367079073, 2023-11-30T17:57:59.073Z, 1123.8733886, 118.9660672
1701367079088, 2023-11-30T17:57:59.088Z, 1102.2823202, 148.943569
1701367079120, 2023-11-30T17:57:59.120Z, 1089.2017076, 165.21298760000002
1701367079166, 2023-11-30T17:57:59.166Z, 1075.7529916, 173.73943360000004
1701367079166, 2023-11-30T17:57:59.166Z, 1056.6715268000003, 177.42293239999998
1701367079182, 2023-11-30T17:57:59.182Z, 1029.6076536, 175.5559438
1701367079214, 2023-11-30T17:57:59.214Z, 1021.6771998, 176.66294399999998
1701367079229, 2023-11-30T17:57:59.229Z, 990.5352388000001, 179.4116772
1701367079245, 2023-11-30T17:57:59.245Z, 960.6041233999998, 181.0144752
1701367079288, 2023-11-30T17:57:59.288Z, 919.0834795999999, 190.53322599999998
1701367079478, 2023-11-30T17:57:59.478Z, 741.9970190000001, 232.3446656
1701367079524, 2023-11-30T17:57:59.524Z, 560.7312362, 272.1632984
1701367079571, 2023-11-30T17:57:59.571Z, 396.99429740000005, 307.868961
1701367079777, 2023-11-30T17:57:59.777Z, 262.9268706, 327.1036056
1701367079791, 2023-11-30T17:57:59.791Z, 218.3697752, 328.19226319999996
1701367079806, 2023-11-30T17:57:59.806Z, 326.197077, 300.89853859999994
1701367079821, 2023-11-30T17:57:59.821Z, 435.8525006, 276.25273100000004
1701367079836, 2023-11-30T17:57:59.836Z, 547.0932782, 253.2813204
1701367079853, 2023-11-30T17:57:59.853Z, 628.55888, 244.10913220000003
1701367079868, 2023-11-30T17:57:59.868Z, 638.9055452, 246.96326119999998
1701367079885, 2023-11-30T17:57:59.885Z, 647.0048908000001, 249.22747679999998
1701367079915, 2023-11-30T17:57:59.915Z, 648.6115674, 251.2148596
1701367079931, 2023-11-30T17:57:59.931Z, 649.289742, 252.299539
1701367079948, 2023-11-30T17:57:59.948Z, 649.773847, 252.47155619999998
1701367079963, 2023-11-30T17:57:59.963Z, 662.8821054000001, 251.5206546
1701367079995, 2023-11-30T17:57:59.995Z, 703.8486736000001, 239.48225459999998
1701367080011, 2023-11-30T17:58:00.011Z, 759.7095843999999, 223.9878084
1701367080041, 2023-11-30T17:58:00.041Z, 818.5234397999999, 210.9911848
1701367080057, 2023-11-30T17:58:00.057Z, 935.1420392, 206.003681
1701367080088, 2023-11-30T17:58:00.088Z, 1008.9789056000002, 199.74338600000002
1701367080106, 2023-11-30T17:58:00.106Z, 1071.6227058, 203.8322586
1701367080136, 2023-11-30T17:58:00.136Z, 1099.9722548, 207.20860000000002
1701367080156, 2023-11-30T17:58:00.156Z, 1119.6114893999998, 208.4178916
1701367080215, 2023-11-30T17:58:00.215Z, 1076.7876558, 202.2213122
1701367080232, 2023-11-30T17:58:00.232Z, 1040.498727, 190.0420928
1701367080246, 2023-11-30T17:58:00.246Z, 983.953873, 177.9945846
1701367080278, 2023-11-30T17:58:00.278Z, 946.6855552000001, 168.8556986
1701367080294, 2023-11-30T17:58:00.294Z, 914.6652214, 159.9001512
1701367080310, 2023-11-30T17:58:00.310Z, 884.5261598, 152.4904578
1701367080334, 2023-11-30T17:58:00.334Z, 880.8077628000001, 153.62371339999999
1701367080352, 2023-11-30T17:58:00.352Z, 882.1144372000001, 152.5638818
1701367080372, 2023-11-30T17:58:00.372Z, 886.9204788, 152.4678984
1701367080388, 2023-11-30T17:58:00.388Z, 895.5526106000001, 153.1912332
1701367080403, 2023-11-30T17:58:00.403Z, 909.08379, 152.8314542
1701367080419, 2023-11-30T17:58:00.419Z, 933.9338696000001, 155.0001188
1701367080435, 2023-11-30T17:58:00.435Z, 963.1550917999999, 159.36630599999998
1701367080451, 2023-11-30T17:58:00.451Z, 985.7278309999999, 161.4579642
1701367080465, 2023-11-30T17:58:00.465Z, 1008.0800773999999, 164.2469142
1701367080488, 2023-11-30T17:58:00.488Z, 1032.038564, 172.5402364
1701367080513, 2023-11-30T17:58:00.514Z, 1049.5842699999998, 184.9263076
1701367080528, 2023-11-30T17:58:00.528Z, 1064.8756018, 204.3583212
1701367080549, 2023-11-30T17:58:00.549Z, 1090.6370422, 228.52503040000002
1701367080558, 2023-11-30T17:58:00.558Z, 1133.0524414, 254.81103080000003
1701367080574, 2023-11-30T17:58:00.574Z, 1170.7450780000001, 276.9015316
1701367080590, 2023-11-30T17:58:00.590Z, 1202.2206978000002, 293.5641392
1701367080606, 2023-11-30T17:58:00.606Z, 1227.1800588, 302.2942058
1701367080620, 2023-11-30T17:58:00.620Z, 1236.7352346000002, 312.40253739999997
1701367080640, 2023-11-30T17:58:00.640Z, 1226.8568452, 318.45519060000004
1701367080666, 2023-11-30T17:58:00.666Z, 1218.4326506, 324.2444148
1701367080682, 2023-11-30T17:58:00.682Z, 1210.8169808, 331.1097188
1701367080701, 2023-11-30T17:58:00.701Z, 1202.5261692, 338.225715
1701367080730, 2023-11-30T17:58:00.730Z, 1201.9320308000001, 340.53674179999996
1701367080744, 2023-11-30T17:58:00.744Z, 1201.7171466, 342.9610576
1701367080761, 2023-11-30T17:58:00.761Z, 1201.4573452, 346.2983748
1701367080786, 2023-11-30T17:58:00.786Z, 1201.4353156000002, 345.6325922
1701367080803, 2023-11-30T17:58:00.803Z, 1205.6726482, 343.76462460000005
1701367080822, 2023-11-30T17:58:00.822Z, 1228.4976035999998, 347.12192319999997
1701367080837, 2023-11-30T17:58:00.837Z, 1250.1734698, 350.6452914
1701367080852, 2023-11-30T17:58:00.852Z, 1277.3844628, 353.5819986
1701367080868, 2023-11-30T17:58:00.868Z, 1319.1298169999998, 364.833347
1701367080883, 2023-11-30T17:58:00.883Z, 1353.1364572, 374.91696680000007
1701367080898, 2023-11-30T17:58:00.898Z, 1370.5670278, 378.37554680000005
1701367080914, 2023-11-30T17:58:00.914Z, 1388.9208962, 381.5686074000001
1701367080940, 2023-11-30T17:58:00.940Z, 1401.0602746, 383.90754499999997
1701367080961, 2023-11-30T17:58:00.961Z, 1395.4985634, 379.6761366
1701367080977, 2023-11-30T17:58:00.977Z, 1381.5546504000001, 376.01979719999997
1701367080991, 2023-11-30T17:58:00.991Z, 1375.3283902, 375.0699756
1701367081006, 2023-11-30T17:58:01.006Z, 1368.9988686, 375.26364980000005
1701367081021, 2023-11-30T17:58:01.021Z, 1358.0497685999999, 376.215345
1701367081036, 2023-11-30T17:58:01.036Z, 1340.7104304, 375.78267059999996
1701367081052, 2023-11-30T17:58:01.052Z, 1332.3006828, 375.6888388
1701367081067, 2023-11-30T17:58:01.067Z, 1309.7279712, 373.9332278
1701367081090, 2023-11-30T17:58:01.090Z, 1305.9667696000001, 374.33109780000007
1701367081114, 2023-11-30T17:58:01.114Z, 1309.8520282, 375.4812028
1701367081129, 2023-11-30T17:58:01.129Z, 1321.3757596, 377.7359966
1701367081146, 2023-11-30T17:58:01.146Z, 1332.02371, 379.4686968
1701367081162, 2023-11-30T17:58:01.162Z, 1343.4278391999999, 380.54911239999996
1701367081180, 2023-11-30T17:58:01.180Z, 1325.3584792, 376.5823342
1701367081194, 2023-11-30T17:58:01.194Z, 1318.7752759999998, 370.24973220000004
1701367081223, 2023-11-30T17:58:01.223Z, 1299.3225396, 364.58329960000003
1701367081238, 2023-11-30T17:58:01.238Z, 1278.8667174, 360.1070684
1701367081253, 2023-11-30T17:58:01.253Z, 1283.063946, 357.4386976
1701367081269, 2023-11-30T17:58:01.269Z, 1297.6392428, 358.3881394
1701367081284, 2023-11-30T17:58:01.284Z, 1296.1122659999999, 359.7264224
1701367081300, 2023-11-30T17:58:01.300Z, 1314.7111986, 360.7041494
1701367081330, 2023-11-30T17:58:01.330Z, 1343.3528256000002, 361.89314640000003
1701367081361, 2023-11-30T17:58:01.361Z, 1348.6209546, 360.8721204
1701367081389, 2023-11-30T17:58:01.389Z, 1360.8964064, 359.38028199999997
1701367081402, 2023-11-30T17:58:01.402Z, 1377.3875934, 359.2027544
1701367081423, 2023-11-30T17:58:01.423Z, 1379.1653167999998, 356.9498068
1701367081437, 2023-11-30T17:58:01.437Z, 1383.2677277999999, 356.36195280000004
1701367081453, 2023-11-30T17:58:01.453Z, 1389.803829, 358.05732359999996
1701367081469, 2023-11-30T17:58:01.469Z, 1380.96148, 357.91109800000004
1701367081484, 2023-11-30T17:58:01.484Z, 1372.1942444, 358.26624499999997
1701367081500, 2023-11-30T17:58:01.500Z, 1372.9549784, 362.7058604
1701367081515, 2023-11-30T17:58:01.515Z, 1362.5039198000002, 363.353333
1701367081538, 2023-11-30T17:58:01.538Z, 1353.7277442, 365.238542
1701367081561, 2023-11-30T17:58:01.561Z, 1347.5050588, 367.506167
1701367081577, 2023-11-30T17:58:01.577Z, 1345.899125, 373.73064020000004
1701367081593, 2023-11-30T17:58:01.593Z, 1343.9324148, 378.2714684
1701367081608, 2023-11-30T17:58:01.608Z, 1339.4335342, 383.0891934
1701367081623, 2023-11-30T17:58:01.623Z, 1343.0068463999999, 385.8092414
1701367081640, 2023-11-30T17:58:01.640Z, 1354.6851609999999, 389.0829046
1701367081656, 2023-11-30T17:58:01.656Z, 1353.1314064, 387.37696320000003
1701367081672, 2023-11-30T17:58:01.672Z, 1354.6587335999998, 387.14810220000004
1701367081686, 2023-11-30T17:58:01.686Z, 1357.553735, 386.7684254
1701367081704, 2023-11-30T17:58:01.704Z, 1350.8895248, 385.65267
1701367081719, 2023-11-30T17:58:01.719Z, 1355.9975124, 382.6433706
1701367081733, 2023-11-30T17:58:01.733Z, 1369.8925061999998, 379.0532134
1701367081751, 2023-11-30T17:58:01.751Z, 1387.6456633999999, 372.8706348
1701367081765, 2023-11-30T17:58:01.765Z, 1454.4568785999998, 363.5949324
1701367081781, 2023-11-30T17:58:01.781Z, 1512.4336666, 357.4659614
1701367081797, 2023-11-30T17:58:01.797Z, 1572.7914443999998, 351.9864978
1701367081813, 2023-11-30T17:58:01.813Z, 1635.7237674, 347.81141360000004
1701367081840, 2023-11-30T17:58:01.840Z, 1695.9013754, 344.430992
1701367081862, 2023-11-30T17:58:01.862Z, 1723.4278387999998, 348.21739579999996
1701367081873, 2023-11-30T17:58:01.873Z, 1767.8417628000002, 351.4793894
1701367081889, 2023-11-30T17:58:01.889Z, 1777.137991, 360.6084404
1701367081905, 2023-11-30T17:58:01.905Z, 1781.0208049999997, 370.3649612
1701367081920, 2023-11-30T17:58:01.920Z, 1753.2364737999997, 377.7731452
1701367081936, 2023-11-30T17:58:01.936Z, 1715.7057229999998, 383.7021512
1701367081952, 2023-11-30T17:58:01.952Z, 1676.9807711999997, 389.5856416
1701367081968, 2023-11-30T17:58:01.968Z, 1647.5383393999996, 389.054234
1701367081989, 2023-11-30T17:58:01.989Z, 1655.6162534, 399.47390340000004
1701367082029, 2023-11-30T17:58:02.029Z, 1679.7163893999998, 407.1118644
1701367082044, 2023-11-30T17:58:02.044Z, 1699.0849512, 411.4427022000001
1701367082060, 2023-11-30T17:58:02.060Z, 1711.1928830000002, 415.12937180000006
1701367082078, 2023-11-30T17:58:02.078Z, 1723.3685276, 417.19758840000003
1701367082093, 2023-11-30T17:58:02.093Z, 1692.5068339999998, 412.84776980000004
1701367082121, 2023-11-30T17:58:02.121Z, 1624.4162817999998, 434.1148422
1701367082137, 2023-11-30T17:58:02.137Z, 1560.7392810000001, 459.382301
1701367082156, 2023-11-30T17:58:02.156Z, 1482.2349976, 493.17143120000003
1701367082185, 2023-11-30T17:58:02.185Z, 1397.4179864, 536.6990742
1701367082200, 2023-11-30T17:58:02.200Z, 1320.7076829999999, 573.948657
1701367082217, 2023-11-30T17:58:02.217Z, 1291.6028339999998, 590.3327092000001
1701367082230, 2023-11-30T17:58:02.230Z, 1265.7969656, 603.7941036
1701367082246, 2023-11-30T17:58:02.246Z, 1254.5695658, 604.7320922
1701367082263, 2023-11-30T17:58:02.263Z, 1255.9916624, 599.1477674
1701367082293, 2023-11-30T17:58:02.293Z, 1222.6509326, 596.7077439999999
1701367082311, 2023-11-30T17:58:02.311Z, 1186.5434315999998, 595.2676114
1701367082329, 2023-11-30T17:58:02.329Z, 1167.4430682, 593.740393
1701367082343, 2023-11-30T17:58:02.343Z, 1157.6347756, 601.7168594000001
1701367082360, 2023-11-30T17:58:02.360Z, 1150.9982843999999, 609.8821788
1701367082373, 2023-11-30T17:58:02.373Z, 1189.3796358, 616.6047586
1701367082389, 2023-11-30T17:58:02.389Z, 1230.3894212, 621.7637668
1701367082406, 2023-11-30T17:58:02.406Z, 1250.3711793999998, 627.941136
1701367082421, 2023-11-30T17:58:02.421Z, 1278.2233059999999, 624.7718339999999
1701367082454, 2023-11-30T17:58:02.454Z, 1300.2141818, 621.2760418
1701367082468, 2023-11-30T17:58:02.468Z, 1302.0248882, 617.9496908
1701367082484, 2023-11-30T17:58:02.484Z, 1296.5961858, 617.3233594000001
1701367082499, 2023-11-30T17:58:02.499Z, 1292.0486206, 618.207417
1701367082532, 2023-11-30T17:58:02.532Z, 1272.9527388, 622.0095258
1701367082546, 2023-11-30T17:58:02.546Z, 1257.6557346, 625.4115706
1701367082566, 2023-11-30T17:58:02.566Z, 1245.2386614000002, 630.9421888
1701367082587, 2023-11-30T17:58:02.587Z, 1238.8515542, 635.3708428
1701367082610, 2023-11-30T17:58:02.610Z, 1233.5503878, 638.9875728
1701367082627, 2023-11-30T17:58:02.627Z, 1226.4534314, 642.1709898
1701367082642, 2023-11-30T17:58:02.642Z, 1220.2285064, 645.366879
1701367082658, 2023-11-30T17:58:02.658Z, 1219.1824342, 645.6450878
1701367082672, 2023-11-30T17:58:02.672Z, 1211.2250144000002, 644.7974018000001
1701367082688, 2023-11-30T17:58:02.688Z, 1198.184095, 642.7628628
1701367082704, 2023-11-30T17:58:02.704Z, 1180.4667448, 639.6607626
1701367082721, 2023-11-30T17:58:02.721Z, 1160.9924139999998, 636.7315782
1701367082745, 2023-11-30T17:58:02.745Z, 1133.419411, 632.4855038000001
1701367082768, 2023-11-30T17:58:02.768Z, 1113.2875138000002, 628.2768552
1701367082791, 2023-11-30T17:58:02.791Z, 1096.9903570000001, 625.0573856
1701367082801, 2023-11-30T17:58:02.801Z, 1085.086088, 622.4879736
1701367082814, 2023-11-30T17:58:02.814Z, 1074.9520912, 619.1675072
1701367082844, 2023-11-30T17:58:02.844Z, 1072.5026268000001, 617.2391076
1701367082860, 2023-11-30T17:58:02.860Z, 1070.0369521999999, 616.0444583999999
1701367082891, 2023-11-30T17:58:02.891Z, 1068.4770742, 615.4311534000001
1701367082908, 2023-11-30T17:58:02.908Z, 1066.958436, 616.0959544000001
1701367082925, 2023-11-30T17:58:02.925Z, 1063.8581508, 619.365398
1701367082941, 2023-11-30T17:58:02.941Z, 1061.3026006, 622.7320866
1701367082955, 2023-11-30T17:58:02.955Z, 1058.299994, 625.8271378
1701367082970, 2023-11-30T17:58:02.970Z, 1055.0419226, 628.3076302
1701367082987, 2023-11-30T17:58:02.987Z, 1052.1100666, 628.6615244
1701367083001, 2023-11-30T17:58:03.001Z, 1051.4030748, 627.8481933999999
1701367083017, 2023-11-30T17:58:03.017Z, 1050.8236819999997, 626.4082416
1701367083037, 2023-11-30T17:58:03.037Z, 1050.2808816000002, 624.5352215999999
1701367083065, 2023-11-30T17:58:03.065Z, 1049.1848756, 622.4478046
1701367083079, 2023-11-30T17:58:03.079Z, 1047.1183551999998, 622.1629116
1701367083095, 2023-11-30T17:58:03.095Z, 1045.3310751999998, 621.2014238
1701367083110, 2023-11-30T17:58:03.110Z, 1043.1406278, 620.8724
1701367083126, 2023-11-30T17:58:03.126Z, 1041.3609464, 621.3566622000001
1701367083140, 2023-11-30T17:58:03.140Z, 1040.0660554, 622.2970262
1701367083156, 2023-11-30T17:58:03.156Z, 1039.2490168, 621.9578511999999
1701367083171, 2023-11-30T17:58:03.171Z, 1037.035562, 621.5896046
1701367083192, 2023-11-30T17:58:03.192Z, 1035.53271, 621.6755615999999
1701367083218, 2023-11-30T17:58:03.218Z, 1033.858247, 621.1277264
1701367083235, 2023-11-30T17:58:03.235Z, 1032.4741496000001, 620.7114786
1701367083250, 2023-11-30T17:58:03.250Z, 1034.5328592, 622.7647872
1701367083264, 2023-11-30T17:58:03.264Z, 1037.5379983999999, 627.0881732
1701367083283, 2023-11-30T17:58:03.283Z, 1040.7871407999999, 630.9179502000001
1701367083300, 2023-11-30T17:58:03.300Z, 1039.7511144, 638.8627338
1701367083313, 2023-11-30T17:58:03.313Z, 1034.4090486, 644.5768265999999
1701367083348, 2023-11-30T17:58:03.348Z, 1022.1735885999999, 645.064205
1701367083361, 2023-11-30T17:58:03.361Z, 1004.2789368, 642.8094722
1701367083377, 2023-11-30T17:58:03.377Z, 993.1038052, 640.8985736
1701367083394, 2023-11-30T17:58:03.394Z, 989.2680748, 635.2079616
1701367083409, 2023-11-30T17:58:03.409Z, 982.5915128, 630.4740325999999
1701367083425, 2023-11-30T17:58:03.425Z, 991.1486302, 630.4330637999999
1701367083455, 2023-11-30T17:58:03.455Z, 1008.8027904, 631.6288032
1701367083470, 2023-11-30T17:58:03.470Z, 1021.9943814000001, 632.5661201999999
1701367083499, 2023-11-30T17:58:03.499Z, 1001.3767363999999, 629.1551756
1701367083520, 2023-11-30T17:58:03.520Z, 998.5370737999999, 627.8965539999999
1701367083550, 2023-11-30T17:58:03.550Z, 998.0339842, 626.041694
1701367083572, 2023-11-30T17:58:03.572Z, 976.6754146, 622.1712496
1701367083601, 2023-11-30T17:58:03.601Z, 971.5559659999999, 621.5622197999999
1701367083683, 2023-11-30T17:58:03.683Z, 999.3749462, 626.6853223999999
1701367084154, 2023-11-30T17:58:04.154Z, 1027.4111361999999, 675.4457062
1701367084169, 2023-11-30T17:58:04.169Z, 1036.7933886000003, 719.4547077999999
1701367084182, 2023-11-30T17:58:04.182Z, 1097.3232696, 751.9778404
1701367084200, 2023-11-30T17:58:04.200Z, 1123.3841774, 787.3358698
1701367084231, 2023-11-30T17:58:04.231Z, 1156.7210277999998, 818.2320434
1701367084247, 2023-11-30T17:58:04.247Z, 1177.6606196, 813.4489964
1701367084261, 2023-11-30T17:58:04.261Z, 1197.8102774000001, 821.7836374000001
1701367084294, 2023-11-30T17:58:04.294Z, 1174.1658404000002, 839.9657500000001
1701367084325, 2023-11-30T17:58:04.325Z, 1165.9663239999998, 851.0747497999998
1701367084343, 2023-11-30T17:58:04.343Z, 1143.6198448, 864.5039772
1701367084370, 2023-11-30T17:58:04.370Z, 1121.5815898, 868.0678045999999
1701367084385, 2023-11-30T17:58:04.385Z, 1101.8541045999998, 860.5427178
1701367084431, 2023-11-30T17:58:04.431Z, 1081.0763180000001, 853.5037358
1701367084433, 2023-11-30T17:58:04.433Z, 1047.5835146, 845.5798024
1701367084447, 2023-11-30T17:58:04.447Z, 1001.7767072, 835.2738826000001
1701367084464, 2023-11-30T17:58:04.464Z, 956.879205, 823.709366
1701367084494, 2023-11-30T17:58:04.494Z, 915.0872358, 813.728943
1701367084510, 2023-11-30T17:58:04.510Z, 884.7474616, 806.8122974
1701367084541, 2023-11-30T17:58:04.541Z, 887.5722653999999, 808.2493076000001
1701367084558, 2023-11-30T17:58:04.558Z, 917.0110109999999, 814.6999946000001
1701367084572, 2023-11-30T17:58:04.572Z, 971.0762466, 830.477217
1701367084588, 2023-11-30T17:58:04.588Z, 1030.866944, 848.106415
1701367084605, 2023-11-30T17:58:04.605Z, 1072.367135, 857.2991978
1701367084618, 2023-11-30T17:58:04.618Z, 1095.6488776, 860.9075094
1701367084633, 2023-11-30T17:58:04.633Z, 1106.0438781999999, 864.4324
1701367084649, 2023-11-30T17:58:04.649Z, 1089.1296281999998, 859.1183266
1701367084665, 2023-11-30T17:58:04.665Z, 1074.6195952, 855.3586786
1701367084688, 2023-11-30T17:58:04.688Z, 1070.8409088, 858.9277402
1701367084711, 2023-11-30T17:58:04.711Z, 1074.4447734, 863.8665074
1701367084728, 2023-11-30T17:58:04.728Z, 1073.7003824, 863.5575698
1701367084743, 2023-11-30T17:58:04.743Z, 1075.4978182, 864.4538054000001
1701367084759, 2023-11-30T17:58:04.759Z, 1081.2783796, 864.9916508
1701367084774, 2023-11-30T17:58:04.774Z, 1085.4908906, 863.3680508
1701367084791, 2023-11-30T17:58:04.791Z, 1078.7203551999999, 859.1520614000001
1701367084810, 2023-11-30T17:58:04.810Z, 1081.3403276, 859.8430132
1701367084836, 2023-11-30T17:58:04.836Z, 1096.9543614000002, 863.5886651999999
1701367084853, 2023-11-30T17:58:04.853Z, 1102.7218584000002, 863.6884379999999
1701367084868, 2023-11-30T17:58:04.868Z, 1122.2023602000002, 864.7317284000001
1701367084899, 2023-11-30T17:58:04.899Z, 1146.495538, 862.8979329999999
1701367084915, 2023-11-30T17:58:04.915Z, 1169.4323306000001, 859.3667592000002
1701367084945, 2023-11-30T17:58:04.945Z, 1182.4674564000002, 851.5332068
1701367084961, 2023-11-30T17:58:04.961Z, 1193.751264, 844.1579496
1701367084989, 2023-11-30T17:58:04.989Z, 1199.772829, 839.5299122
1701367085008, 2023-11-30T17:58:05.008Z, 1201.2493758000003, 839.4041653999999
1701367085042, 2023-11-30T17:58:05.042Z, 1205.3205834000003, 842.2830236
1701367085055, 2023-11-30T17:58:05.055Z, 1206.793558, 846.2836818
1701367085086, 2023-11-30T17:58:05.086Z, 1209.6083694000001, 851.2380214000001
1701367085103, 2023-11-30T17:58:05.103Z, 1213.5583758, 854.7932936000001
1701367085144, 2023-11-30T17:58:05.144Z, 1217.032593, 855.8070902
1701367085180, 2023-11-30T17:58:05.180Z, 1218.2213728, 854.29051
1701367085196, 2023-11-30T17:58:05.196Z, 1218.7615019999998, 853.3712714
1701367085229, 2023-11-30T17:58:05.229Z, 1216.7391192, 852.31717
1701367085242, 2023-11-30T17:58:05.242Z, 1214.0622090000002, 851.9505388000001
1701367085275, 2023-11-30T17:58:05.275Z, 1211.974046, 850.923458
1701367085306, 2023-11-30T17:58:05.306Z, 1195.7777730000003, 844.3123174
1701367085322, 2023-11-30T17:58:05.322Z, 1173.2406604, 834.6595688