1701367099572, 2023-11-30T17:58:19.572Z, 165.600632, 598.329622
1701367099587, 2023-11-30T17:58:19.587Z, 176.504178, 598.9402775
1701367099618, 2023-11-30T17:58:19.618Z, 196.28712166666665, 605.1211216666667
1701367099633, 2023-11-30T17:58:19.633Z, 207.009675, 608.43830125
1701367099664, 2023-11-30T17:58:19.664Z, 222.0723852, 613.4694649999999
1701367099701, 2023-11-30T17:58:19.701Z, 226.34266559999998, 631.1657206
1701367099883, 2023-11-30T17:58:19.883Z, 209.6726638, 691.5569428
1701367099898, 2023-11-30T17:58:19.898Z, 182.7446596, 748.0195964
1701367099929, 2023-11-30T17:58:19.929Z, 151.0431944, 801.599555
1701367099945, 2023-11-30T17:58:19.945Z, 109.27022379999998, 852.2182425999999
1701367099986, 2023-11-30T17:58:19.986Z, 86.1286684, 891.9679192
1701367100016, 2023-11-30T17:58:20.016Z, 77.2912844, 890.3847698
1701367100039, 2023-11-30T17:58:20.039Z, 63.9619474, 892.5449179999999
1701367100085, 2023-11-30T17:58:20.085Z, 50.043838, 896.4659869999999
1701367100117, 2023-11-30T17:58:20.117Z, 37.9687922, 900.5098746
1701367100163, 2023-11-30T17:58:20.163Z, 25.840035, 903.7624312
1701367100676, 2023-11-30T17:58:20.676Z, 15.8749952, 904.2160154000001
1701367100783, 2023-11-30T17:58:20.783Z, 20.0890694, 901.4248414
1701367100799, 2023-11-30T17:58:20.799Z, 24.728884200000003, 894.4735914
1701367100830, 2023-11-30T17:58:20.830Z, 27.3224124, 883.5339618
1701367100846, 2023-11-30T17:58:20.846Z, 30.248410200000002, 873.3036124
1701367102025, 2023-11-30T17:58:22.025Z, 143.4414136, 782.9931037999999
1701367102055, 2023-11-30T17:58:22.055Z, 166.9822704, 761.8955056
1701367102070, 2023-11-30T17:58:22.070Z, 270.24647100000004, 684.5888224
1701367102088, 2023-11-30T17:58:22.088Z, 476.4757258000001, 529.4851966
1701367102116, 2023-11-30T17:58:22.116Z, 680.7164146, 378.8558894
1701367102147, 2023-11-30T17:58:22.147Z, 774.9405592, 308.4812268
1701367102195, 2023-11-30T17:58:22.195Z, 945.7397528000001, 183.4614348
1701367102255, 2023-11-30T17:58:22.255Z, 1058.6593168, 120.5665756
1701367102271, 2023-11-30T17:58:22.271Z, 1085.8439376, 139.6466512
1701367102286, 2023-11-30T17:58:22.286Z, 1124.1284567999999, 156.1756034
1701367102317, 2023-11-30T17:58:22.317Z, 1169.7387372, 175.2729676
1701367102335, 2023-11-30T17:58:22.335Z, 1223.5719982, 179.66120919999997
1701367102364, 2023-11-30T17:58:22.364Z, 1275.9669212000001, 185.63817640000002
1701367102411, 2023-11-30T17:58:22.411Z, 1314.2296033999999, 185.5836494
1701367102427, 2023-11-30T17:58:22.427Z, 1342.5661552, 185.59139499999998
1701367102457, 2023-11-30T17:58:22.457Z, 1364.4921016, 182.9210098
1701367102476, 2023-11-30T17:58:22.476Z, 1379.3889421999997, 187.1972116
1701367102503, 2023-11-30T17:58:22.503Z, 1378.3023739999999, 189.3397186
1701367102518, 2023-11-30T17:58:22.518Z, 1375.7626762, 198.1393842
1701367102539, 2023-11-30T17:58:22.539Z, 1373.5363204, 202.324704
1701367102565, 2023-11-30T17:58:22.565Z, 1370.3524836000001, 207.62941379999998
1701367102585, 2023-11-30T17:58:22.585Z, 1370.3057291999999, 204.9722942
1701367102612, 2023-11-30T17:58:22.612Z, 1371.587988, 201.30936960000003
1701367102644, 2023-11-30T17:58:22.644Z, 1375.0676078000001, 196.1047266
1701367102660, 2023-11-30T17:58:22.660Z, 1378.2575796, 195.3001078
1701367102689, 2023-11-30T17:58:22.689Z, 1381.024112, 193.0691
1701367102721, 2023-11-30T17:58:22.721Z, 1383.267912, 191.7113784
1701367102737, 2023-11-30T17:58:22.737Z, 1384.1717254, 191.0494334
1701367102752, 2023-11-30T17:58:22.752Z, 1383.0458691999997, 191.2161178
1701367102768, 2023-11-30T17:58:22.768Z, 1382.3690824, 189.3877928
1701367102783, 2023-11-30T17:58:22.783Z, 1381.7806117999999, 190.42815000000002
1701367102814, 2023-11-30T17:58:22.814Z, 1381.6415898, 193.2289022
1701367102861, 2023-11-30T17:58:22.861Z, 1375.040993, 197.64082299999998
1701367102878, 2023-11-30T17:58:22.878Z, 1364.9341456, 202.0449286
1701367102893, 2023-11-30T17:58:22.893Z, 1347.8248164000001, 209.01636280000002
1701367102909, 2023-11-30T17:58:22.909Z, 1322.9892853999997, 216.458343
1701367102926, 2023-11-30T17:58:22.926Z, 1298.1334008, 222.06430619999998
1701367102945, 2023-11-30T17:58:22.945Z, 1279.1556016, 226.1387004
1701367102970, 2023-11-30T17:58:22.970Z, 1263.2188784, 230.1966008
1701367102989, 2023-11-30T17:58:22.989Z, 1257.867082, 230.66318699999997
1701367103016, 2023-11-30T17:58:23.016Z, 1264.5385597999998, 228.5525228
1701367103034, 2023-11-30T17:58:23.034Z, 1285.6439554, 222.64223579999998
1701367103063, 2023-11-30T17:58:23.063Z, 1308.650459, 216.3209986
1701367103079, 2023-11-30T17:58:23.079Z, 1330.3850601999998, 209.50428260000004
1701367103094, 2023-11-30T17:58:23.094Z, 1349.425178, 203.903026
1701367103264, 2023-11-30T17:58:23.264Z, 1425.8398456, 193.8738702
1701367103313, 2023-11-30T17:58:23.313Z, 1512.8083144, 187.7415356
1701367103328, 2023-11-30T17:58:23.328Z, 1580.3365126, 185.7064436
1701367103346, 2023-11-30T17:58:23.346Z, 1637.2550742, 187.28943199999998
1701367103361, 2023-11-30T17:58:23.361Z, 1704.4259446, 190.49127059999998
1701367103393, 2023-11-30T17:58:23.393Z, 1688.742456, 200.7263702
1701367103407, 2023-11-30T17:58:23.407Z, 1664.2440007999999, 209.0952412
1701367103453, 2023-11-30T17:58:23.453Z, 1659.1088415999998, 213.1592518
1701367103468, 2023-11-30T17:58:23.468Z, 1681.049613, 211.3914002
1701367103484, 2023-11-30T17:58:23.484Z, 1658.8761954000001, 216.8624072
1701367103500, 2023-11-30T17:58:23.500Z, 1682.4222886000002, 215.59963739999998
1701367103516, 2023-11-30T17:58:23.516Z, 1694.0708158000002, 215.23704800000002
1701367103530, 2023-11-30T17:58:23.530Z, 1698.5064158, 216.02731759999998
1701367103563, 2023-11-30T17:58:23.563Z, 1680.1417076000002, 220.07241159999998
1701367103627, 2023-11-30T17:58:23.627Z, 1664.7145808, 216.3803996
1701367103673, 2023-11-30T17:58:23.673Z, 1630.2511048000001, 235.8025724
1701367103689, 2023-11-30T17:58:23.689Z, 1579.7814368, 265.32265659999996
1701367103704, 2023-11-30T17:58:23.704Z, 1500.5937526, 307.2097006
1701367103718, 2023-11-30T17:58:23.718Z, 1439.3885904, 348.5240916
1701367103765, 2023-11-30T17:58:23.765Z, 1404.6739690000002, 390.1653346
1701367103780, 2023-11-30T17:58:23.780Z, 1357.0341924, 413.74317060000004
1701367103811, 2023-11-30T17:58:23.811Z, 1310.9506464, 425.6212198
1701367103827, 2023-11-30T17:58:23.827Z, 1302.5134412, 408.78342299999997
1701367103859, 2023-11-30T17:58:23.859Z, 1284.7617142000001, 392.3867672
1701367103890, 2023-11-30T17:58:23.890Z, 1272.9736986, 370.01013
1701367103906, 2023-11-30T17:58:23.906Z, 1287.1158964, 347.76368080000003
1701367103921, 2023-11-30T17:58:23.921Z, 1311.9321747999998, 327.0558398
1701367103937, 2023-11-30T17:58:23.937Z, 1333.139765, 322.1175956
1701367103952, 2023-11-30T17:58:23.952Z, 1354.3646795999998, 315.7686886
1701367103968, 2023-11-30T17:58:23.968Z, 1364.8666680000001, 312.08400620000003
1701367103984, 2023-11-30T17:58:23.984Z, 1357.0929388, 308.146096
1701367103999, 2023-11-30T17:58:23.999Z, 1352.9160411999999, 306.4605052
1701367104015, 2023-11-30T17:58:24.015Z, 1341.1038632, 303.9554944
1701367104040, 2023-11-30T17:58:24.040Z, 1333.1177622, 304.2874528
1701367104061, 2023-11-30T17:58:24.061Z, 1341.6735048, 309.72724500000004
1701367104077, 2023-11-30T17:58:24.077Z, 1355.4165072, 319.20394319999997
1701367104093, 2023-11-30T17:58:24.093Z, 1364.5290310000003, 328.8019314
1701367104108, 2023-11-30T17:58:24.108Z, 1381.29705, 341.2689468
1701367104124, 2023-11-30T17:58:24.124Z, 1392.7733994, 353.48139359999993
1701367104142, 2023-11-30T17:58:24.142Z, 1396.0392954, 361.86660900000004
1701367104154, 2023-11-30T17:58:24.154Z, 1394.2499294000002, 366.14007660000004
1701367104170, 2023-11-30T17:58:24.170Z, 1392.363699, 369.1763974
1701367104186, 2023-11-30T17:58:24.186Z, 1390.5958064000001, 370.143522
1701367104217, 2023-11-30T17:58:24.217Z, 1389.7437892000003, 370.04747
1701367104233, 2023-11-30T17:58:24.233Z, 1373.549149, 372.514787
1701367104248, 2023-11-30T17:58:24.248Z, 1361.6811656000002, 376.21765560000006
1701367104265, 2023-11-30T17:58:24.265Z, 1354.7514474, 382.35316359999996
1701367104280, 2023-11-30T17:58:24.280Z, 1343.3822102, 388.9032452
1701367104295, 2023-11-30T17:58:24.295Z, 1328.733201, 394.8234104
1701367104311, 2023-11-30T17:58:24.311Z, 1334.9550388, 398.6079874
1701367104337, 2023-11-30T17:58:24.337Z, 1326.0426247999999, 401.06320400000004
1701367104358, 2023-11-30T17:58:24.358Z, 1310.9411987999997, 401.4164324
1701367104374, 2023-11-30T17:58:24.374Z, 1299.1225488, 402.16870500000005
1701367104391, 2023-11-30T17:58:24.391Z, 1296.49874, 402.5277618
1701367104406, 2023-11-30T17:58:24.406Z, 1288.0076270000002, 403.4530154
1701367104421, 2023-11-30T17:58:24.421Z, 1285.7134352, 404.54215059999996
1701367104437, 2023-11-30T17:58:24.437Z, 1288.0031542, 398.9740874
1701367104451, 2023-11-30T17:58:24.451Z, 1296.5581109999998, 390.4614298
1701367104467, 2023-11-30T17:58:24.467Z, 1316.5078156, 379.7681636
1701367104492, 2023-11-30T17:58:24.492Z, 1356.2726784000001, 371.9617384
1701367104515, 2023-11-30T17:58:24.515Z, 1399.5240706, 363.185048
1701367104531, 2023-11-30T17:58:24.531Z, 1440.3016326000002, 359.0831206
1701367104546, 2023-11-30T17:58:24.546Z, 1477.2305634, 357.1732636
1701367104566, 2023-11-30T17:58:24.566Z, 1536.116518, 364.40684999999996
1701367104581, 2023-11-30T17:58:24.581Z, 1587.1587258, 370.5223812
1701367104595, 2023-11-30T17:58:24.595Z, 1635.9104886, 376.737117
1701367104615, 2023-11-30T17:58:24.615Z, 1683.7214765999997, 384.2308594
1701367104642, 2023-11-30T17:58:24.642Z, 1723.2001136, 390.27629479999996
1701367104659, 2023-11-30T17:58:24.659Z, 1722.1921702, 388.6712744
1701367104673, 2023-11-30T17:58:24.673Z, 1701.7458254, 383.51762659999997
1701367104688, 2023-11-30T17:58:24.688Z, 1665.6811162000001, 375.6592374
1701367104704, 2023-11-30T17:58:24.704Z, 1622.7253474000001, 364.99034240000003
1701367104720, 2023-11-30T17:58:24.720Z, 1587.6499404, 356.1124848
1701367104735, 2023-11-30T17:58:24.735Z, 1553.4524345999998, 347.9482554
1701367104751, 2023-11-30T17:58:24.751Z, 1529.1757818, 344.37645080000004
1701367104766, 2023-11-30T17:58:24.766Z, 1525.4583168000001, 346.8679164
1701367104797, 2023-11-30T17:58:24.797Z, 1529.7214228, 351.53826399999997
1701367104812, 2023-11-30T17:58:24.812Z, 1540.532315, 357.64697680000006
1701367104828, 2023-11-30T17:58:24.828Z, 1564.4706242, 366.9042016
1701367104844, 2023-11-30T17:58:24.844Z, 1593.1704201999999, 375.3755132
1701367104859, 2023-11-30T17:58:24.859Z, 1621.1083423999999, 381.4162862
1701367104875, 2023-11-30T17:58:24.875Z, 1640.211253, 387.9084348
1701367104895, 2023-11-30T17:58:24.895Z, 1641.2813330000001, 400.8377838
1701367104909, 2023-11-30T17:58:24.909Z, 1627.7160296, 408.66605660000005
1701367104925, 2023-11-30T17:58:24.925Z, 1575.3397246, 427.30684460000003
1701367104942, 2023-11-30T17:58:24.942Z, 1506.5290004, 452.6902164
1701367104953, 2023-11-30T17:58:24.953Z, 1441.5656136, 480.8920014
1701367104969, 2023-11-30T17:58:24.969Z, 1373.4933034, 504.8778588000001
1701367104984, 2023-11-30T17:58:24.984Z, 1304.1358646, 534.1728338
1701367104999, 2023-11-30T17:58:24.999Z, 1265.3698852000002, 551.1892260000001
1701367105015, 2023-11-30T17:58:25.015Z, 1241.627766, 561.7657542
1701367105031, 2023-11-30T17:58:25.031Z, 1222.3719786, 569.198114
1701367105046, 2023-11-30T17:58:25.046Z, 1219.0886047999998, 570.1196388000001
1701367105063, 2023-11-30T17:58:25.063Z, 1217.7418458, 565.9510726000001
1701367105087, 2023-11-30T17:58:25.087Z, 1218.222231, 559.2498254
1701367105110, 2023-11-30T17:58:25.110Z, 1219.7788378, 552.6872996
1701367105124, 2023-11-30T17:58:25.124Z, 1221.5941203999998, 547.3440954
1701367105141, 2023-11-30T17:58:25.141Z, 1221.7736064, 544.2171559999999
1701367105157, 2023-11-30T17:58:25.157Z, 1223.959933, 541.3738802
1701367105172, 2023-11-30T17:58:25.172Z, 1227.6039719999999, 539.6455761999999
1701367105187, 2023-11-30T17:58:25.187Z, 1230.4826596, 537.9637663999999
1701367105203, 2023-11-30T17:58:25.203Z, 1238.3622306, 535.6760006000001
1701367105218, 2023-11-30T17:58:25.218Z, 1245.0233868, 533.3353958
1701367105240, 2023-11-30T17:58:25.240Z, 1250.2286359999998, 532.7699537999999
1701367105267, 2023-11-30T17:58:25.267Z, 1249.2383837999998, 533.1332868000001
1701367105267, 2023-11-30T17:58:25.267Z, 1260.4790638, 535.9990799999999
1701367105283, 2023-11-30T17:58:25.283Z, 1263.0559045999998, 538.9983734000001
1701367105312, 2023-11-30T17:58:25.312Z, 1255.9294891999998, 542.876275
1701367105344, 2023-11-30T17:58:25.344Z, 1256.8081836, 549.1158662
1701367105360, 2023-11-30T17:58:25.360Z, 1255.5621515999999, 554.4467906
1701367105392, 2023-11-30T17:58:25.392Z, 1251.8088444, 557.0480052
1701367105408, 2023-11-30T17:58:25.408Z, 1258.4345541999999, 559.5746916
1701367105425, 2023-11-30T17:58:25.425Z, 1261.6708578, 558.2951432
1701367105440, 2023-11-30T17:58:25.440Z, 1250.666597, 554.1205774
1701367105455, 2023-11-30T17:58:25.455Z, 1261.754003, 552.4357704000001
1701367105469, 2023-11-30T17:58:25.469Z, 1254.1868934, 553.5117312
1701367105485, 2023-11-30T17:58:25.485Z, 1236.8110138, 555.4873244
1701367105499, 2023-11-30T17:58:25.499Z, 1237.8120082, 562.1095582
1701367105515, 2023-11-30T17:58:25.515Z, 1242.2317024, 570.4921242
1701367105566, 2023-11-30T17:58:25.566Z, 1204.0795904, 573.5480848
1701367105578, 2023-11-30T17:58:25.578Z, 1168.800704, 571.9848756
1701367105609, 2023-11-30T17:58:25.609Z, 1136.3063428, 569.8624572
1701367105624, 2023-11-30T17:58:25.624Z, 1105.169509, 568.2626889999999
1701367105658, 2023-11-30T17:58:25.658Z, 1082.1552252000001, 569.4953582
1701367105673, 2023-11-30T17:58:25.673Z, 1086.3461585999999, 575.402078
1701367105690, 2023-11-30T17:58:25.690Z, 1098.7891539999998, 584.3395499999999
1701367105719, 2023-11-30T17:58:25.719Z, 1118.5940799999998, 596.9061238
1701367105750, 2023-11-30T17:58:25.750Z, 1155.3081817999998, 610.6699339999999
1701367105765, 2023-11-30T17:58:25.765Z, 1188.1208849999998, 620.0989386
1701367105780, 2023-11-30T17:58:25.780Z, 1225.6901048, 627.9250172
1701367105796, 2023-11-30T17:58:25.796Z, 1258.1377756, 633.1396826
1701367105811, 2023-11-30T17:58:25.811Z, 1288.314192, 635.6769151999999
1701367105839, 2023-11-30T17:58:25.839Z, 1292.9728464, 633.2500198
1701367105858, 2023-11-30T17:58:25.858Z, 1302.4093381999999, 631.8823576
1701367105875, 2023-11-30T17:58:25.875Z, 1299.1618373999997, 630.1666126
1701367105890, 2023-11-30T17:58:25.890Z, 1294.2087964, 628.8325484
1701367105906, 2023-11-30T17:58:25.906Z, 1291.4309564, 628.4280176
1701367105921, 2023-11-30T17:58:25.921Z, 1285.707459, 630.7413884
1701367105936, 2023-11-30T17:58:25.936Z, 1269.5796466, 631.6545668000001
1701367105951, 2023-11-30T17:58:25.951Z, 1266.738118, 634.8375798
1701367105969, 2023-11-30T17:58:25.969Z, 1254.935419, 639.0995986
1701367105987, 2023-11-30T17:58:25.987Z, 1240.4135112, 643.2376186
1701367106017, 2023-11-30T17:58:26.017Z, 1227.4725342, 646.5952394000001
1701367106031, 2023-11-30T17:58:26.031Z, 1214.4135860000001, 649.5482686
1701367106049, 2023-11-30T17:58:26.049Z, 1172.726658, 645.8557308
1701367106062, 2023-11-30T17:58:26.062Z, 1150.3237676, 640.9297202
1701367106077, 2023-11-30T17:58:26.077Z, 1109.6054122, 628.4098774
1701367106108, 2023-11-30T17:58:26.108Z, 1080.2215392000003, 616.1093198
1701367106123, 2023-11-30T17:58:26.123Z, 1058.3746346, 605.1621299999999
1701367106139, 2023-11-30T17:58:26.139Z, 1065.1461818, 599.2069324
1701367106157, 2023-11-30T17:58:26.157Z, 1062.573413, 600.0847392
1701367106185, 2023-11-30T17:58:26.185Z, 1076.1616118000002, 604.6434449999999
1701367106200, 2023-11-30T17:58:26.200Z, 1082.6639796000002, 608.5331302
1701367106232, 2023-11-30T17:58:26.232Z, 1083.586385, 612.7558464
1701367106246, 2023-11-30T17:58:26.246Z, 1075.5468108, 620.0466676
1701367106289, 2023-11-30T17:58:26.289Z, 1072.6075134, 620.0644844000001
1701367106325, 2023-11-30T17:58:26.325Z, 1063.9761862, 625.6881676
1701367106340, 2023-11-30T17:58:26.340Z, 1055.4516724, 632.2935698
1701367106371, 2023-11-30T17:58:26.371Z, 1049.6225037999998, 638.8294458
1701367106387, 2023-11-30T17:58:26.387Z, 1047.5204534, 642.0175780000001
1701367106417, 2023-11-30T17:58:26.417Z, 1047.9548992, 641.3089616
1701367106466, 2023-11-30T17:58:26.466Z, 1053.1863184, 634.4980848
1701367106480, 2023-11-30T17:58:26.480Z, 1058.1768772, 628.6732767999999
1701367106499, 2023-11-30T17:58:26.499Z, 1061.870661, 624.3581526
1701367106512, 2023-11-30T17:58:26.512Z, 1066.1287484, 621.2638473999999
1701367106546, 2023-11-30T17:58:26.546Z, 1066.7786374000002, 623.2419572
1701367106574, 2023-11-30T17:58:26.574Z, 1065.7495064, 627.8178737999999
1701367106590, 2023-11-30T17:58:26.590Z, 1064.7147956000001, 630.9126389999999
1701367106605, 2023-11-30T17:58:26.605Z, 1065.2696078, 631.652421
1701367106635, 2023-11-30T17:58:26.635Z, 1066.8798042, 630.636978
1701367106651, 2023-11-30T17:58:26.651Z, 1067.8842514, 629.7227788
1701367106682, 2023-11-30T17:58:26.682Z, 1067.3751396, 628.7331606
1701367106698, 2023-11-30T17:58:26.698Z, 1066.64048, 628.3595228
1701367106745, 2023-11-30T17:58:26.745Z, 1064.6924476, 627.6484899999999
1701367106777, 2023-11-30T17:58:26.777Z, 1061.9397789999998, 629.8364955999999
1701367106792, 2023-11-30T17:58:26.792Z, 1061.8439074, 635.1694604
1701367106825, 2023-11-30T17:58:26.825Z, 1060.1859784, 676.1613856
1701367106841, 2023-11-30T17:58:26.841Z, 1059.1005504, 717.7710648
1701367106856, 2023-11-30T17:58:26.856Z, 1057.4475419999999, 759.0025640000001
1701367106873, 2023-11-30T17:58:26.873Z, 1052.0076471999998, 799.7811606000001
1701367106905, 2023-11-30T17:58:26.905Z, 1020.7134108, 825.4833715999999
1701367106918, 2023-11-30T17:58:26.918Z, 1006.6341683999999, 821.5350806
1701367106934, 2023-11-30T17:58:26.934Z, 995.2125152000001, 817.7854978
1701367106950, 2023-11-30T17:58:26.950Z, 985.1693802, 817.8047678
1701367106965, 2023-11-30T17:58:26.965Z, 975.8700994000001, 814.6490389999999
1701367106981, 2023-11-30T17:58:26.981Z, 1012.403189, 837.5777994
1701367106997, 2023-11-30T17:58:26.997Z, 1029.5809636, 853.6388074
1701367107012, 2023-11-30T17:58:27.012Z, 1041.6093492, 866.790272
1701367107042, 2023-11-30T17:58:27.042Z, 1048.7733549999998, 876.5238001999999
1701367107059, 2023-11-30T17:58:27.059Z, 1057.3988672, 887.5121944
1701367107073, 2023-11-30T17:58:27.073Z, 1045.755431, 885.1146783999999
1701367107089, 2023-11-30T17:58:27.089Z, 1038.9471968, 882.7695592
1701367107106, 2023-11-30T17:58:27.106Z, 1036.0550234, 881.8101088
1701367107122, 2023-11-30T17:58:27.122Z, 1041.2329324, 878.4700422
1701367107137, 2023-11-30T17:58:27.137Z, 1045.49874, 875.7849273999998
1701367107153, 2023-11-30T17:58:27.153Z, 1047.7388770000002, 872.8262642000002
1701367107169, 2023-11-30T17:58:27.169Z, 1053.4486272000001, 870.585102
1701367107201, 2023-11-30T17:58:27.201Z, 1056.1338130000001, 865.3703837999999
1701367107220, 2023-11-30T17:58:27.220Z, 1048.9615124, 859.3529902
1701367107248, 2023-11-30T17:58:27.248Z, 1043.3551066, 853.6017932000001
1701367107267, 2023-11-30T17:58:27.267Z, 1043.7931448000002, 850.521238
1701367107280, 2023-11-30T17:58:27.280Z, 1042.0847903999997, 848.1586878
1701367107296, 2023-11-30T17:58:27.296Z, 1042.6640582, 848.5483131999999
1701367107311, 2023-11-30T17:58:27.311Z, 1050.5006872, 852.7219751999999
1701367107337, 2023-11-30T17:58:27.337Z, 1030.2188451999998, 853.697647
1701367107359, 2023-11-30T17:58:27.359Z, 1019.0585263999999, 852.6860002
1701367107375, 2023-11-30T17:58:27.375Z, 999.245904, 850.311217
1701367107390, 2023-11-30T17:58:27.390Z, 982.4330219999999, 847.5018342
1701367107406, 2023-11-30T17:58:27.406Z, 971.2467868, 846.313163
1701367107421, 2023-11-30T17:58:27.421Z, 994.1501934, 849.1130674
1701367107438, 2023-11-30T17:58:27.438Z, 994.2516785999999, 849.8076566
1701367107453, 2023-11-30T17:58:27.453Z, 996.5400813999998, 851.6145139999999
1701367107469, 2023-11-30T17:58:27.469Z, 990.0410966, 854.2707062
1701367107489, 2023-11-30T17:58:27.489Z, 971.9949062, 854.2060807999999
1701367107515, 2023-11-30T17:58:27.515Z, 954.7462297999998, 849.7668080000001
1701367107532, 2023-11-30T17:58:27.532Z, 950.1838246, 848.5342406
1701367107562, 2023-11-30T17:58:27.562Z, 952.7203067999999, 847.9729026000001
1701367107578, 2023-11-30T17:58:27.578Z, 961.8441574000001, 847.6117656
1701367107593, 2023-11-30T17:58:27.593Z, 976.3384917999999, 848.1418295999999
1701367107640, 2023-11-30T17:58:27.640Z, 991.5547524, 854.4343064000001
1701367107655, 2023-11-30T17:58:27.655Z, 1026.978386, 864.305566
1701367107673, 2023-11-30T17:58:27.673Z, 1058.3126382, 871.2006552
1701367107688, 2023-11-30T17:58:27.688Z, 1089.084979, 878.6170921999999
1701367107718, 2023-11-30T17:58:27.718Z, 1121.1887464000001, 885.1929446
1701367107734, 2023-11-30T17:58:27.734Z, 1157.454968, 890.4021176
1701367107765, 2023-11-30T17:58:27.765Z, 1169.6921118, 887.9479956000001
1701367107813, 2023-11-30T17:58:27.813Z, 1185.8968548, 887.4738598
1701367107828, 2023-11-30T17:58:27.828Z, 1205.3157569999998, 882.2148534
1701367107859, 2023-11-30T17:58:27.859Z, 1223.7632738, 878.1118200000001
1701367107874, 2023-11-30T17:58:27.874Z, 1230.7512384, 872.5909958
1701367107906, 2023-11-30T17:58:27.906Z, 1224.9238129999999, 864.7842592000001
1701367107920, 2023-11-30T17:58:27.920Z, 1208.4656982000001, 856.1925037999999
1701367107943, 2023-11-30T17:58:27.943Z, 1182.228705, 851.6278244000001
1701367107967, 2023-11-30T17:58:27.967Z, 1158.6237018, 849.939465
1701367107984, 2023-11-30T17:58:27.984Z, 1135.2467762, 847.0469938
1701367107999, 2023-11-30T17:58:27.999Z, 1119.3135238, 849.4753128
1701367108014, 2023-11-30T17:58:28.014Z, 1111.1652135999998, 852.3481254000001
1701367108030, 2023-11-30T17:58:28.030Z, 1117.6214003999999, 858.1421266000001
1701367108046, 2023-11-30T17:58:28.046Z, 1109.6168108, 859.1236888
1701367108061, 2023-11-30T17:58:28.061Z, 1110.7660792, 863.2821382
1701367108094, 2023-11-30T17:58:28.094Z, 1112.0389648, 865.6182040000001
1701367108127, 2023-11-30T17:58:28.127Z, 1100.530155, 866.4947066000001
1701367108140, 2023-11-30T17:58:28.140Z, 1082.5205722, 865.3509174000001
1701367108156, 2023-11-30T17:58:28.156Z, 1081.4703318, 866.0848904000001
1701367108172, 2023-11-30T17:58:28.172Z, 1071.2887276000001, 864.5434622
1701367108188, 2023-11-30T17:58:28.188Z, 1062.3495203999998, 864.4806427999999
1701367108220, 2023-11-30T17:58:28.220Z, 1070.4296233999999, 868.6901261999999
1701367108265, 2023-11-30T17:58:28.265Z, 1075.7814944000002, 872.6477847999998
1701367108281, 2023-11-30T17:58:28.281Z, 1077.112111, 877.3793688
1701367108744, 2023-11-30T17:58:28.744Z, 1010.1941982000001, 853.09842
1701367108839, 2023-11-30T17:58:28.839Z, 915.93708, 803.5753905999999