1714473344585, 2024-04-30T10:35:44.585Z, 532.959951, 216.029095
1714473344649, 2024-04-30T10:35:44.649Z, 475.26227000000006, 187.645124
1714473344693, 2024-04-30T10:35:44.693Z, 455.37144166666667, 191.95851066666668
1714473344722, 2024-04-30T10:35:44.722Z, 427.49158275, 192.61846475000002
1714473344738, 2024-04-30T10:35:44.738Z, 403.772622, 186.662621
1714473344768, 2024-04-30T10:35:44.768Z, 360.5125658, 175.0103278
1714473344788, 2024-04-30T10:35:44.788Z, 337.16690179999995, 172.23744140000002
1714473344819, 2024-04-30T10:35:44.819Z, 314.4049344, 160.41158300000004
1714473344850, 2024-04-30T10:35:44.850Z, 304.5833232, 152.4275562
1714473344877, 2024-04-30T10:35:44.877Z, 301.7742984, 152.5178378
1714473344924, 2024-04-30T10:35:44.924Z, 298.4692868, 155.892911
1714473344944, 2024-04-30T10:35:44.944Z, 309.83847679999997, 156.73179220000003
1714473344957, 2024-04-30T10:35:44.957Z, 324.41434680000003, 155.94051800000003
1714473345034, 2024-04-30T10:35:45.034Z, 340.9208524, 154.01842319999997
1714473346447, 2024-04-30T10:35:46.447Z, 553.4563558, 184.7585948
1714473346476, 2024-04-30T10:35:46.476Z, 784.2107086, 209.9937968
1714473346491, 2024-04-30T10:35:46.491Z, 1003.6655252, 240.4408792
1714473346535, 2024-04-30T10:35:46.535Z, 1219.7531792, 273.83244260000004
1714473346611, 2024-04-30T10:35:46.611Z, 1467.6418848, 307.1152654
1714473346622, 2024-04-30T10:35:46.622Z, 1531.1017352000001, 309.616022
1714473346656, 2024-04-30T10:35:46.656Z, 1575.2314706, 319.3753968
1714473346667, 2024-04-30T10:35:46.667Z, 1616.107831, 328.05787359999994
1714473346699, 2024-04-30T10:35:46.699Z, 1655.8120768, 336.06195119999995
1714473346714, 2024-04-30T10:35:46.714Z, 1664.4017285999998, 341.666604
1714473346754, 2024-04-30T10:35:46.754Z, 1663.8109777999998, 340.09903840000004
1714473346792, 2024-04-30T10:35:46.792Z, 1660.1826568000001, 337.25163899999995
1714473347069, 2024-04-30T10:35:47.069Z, 1601.8795442000003, 325.3695048
1714473347105, 2024-04-30T10:35:47.105Z, 1550.7323808, 307.48214939999997
1714473347121, 2024-04-30T10:35:47.121Z, 1498.29754, 292.2362746
1714473347136, 2024-04-30T10:35:47.136Z, 1441.430443, 278.58068219999996
1714473347167, 2024-04-30T10:35:47.167Z, 1384.7121086000002, 259.22734039999995
1714473347204, 2024-04-30T10:35:47.204Z, 1391.0824374, 253.16568160000003
1714473347261, 2024-04-30T10:35:47.261Z, 1376.6300426, 246.09568560000002
1714473347276, 2024-04-30T10:35:47.276Z, 1357.3833140000002, 236.9395246
1714473347307, 2024-04-30T10:35:47.307Z, 1335.594928, 228.7335834
1714473347342, 2024-04-30T10:35:47.342Z, 1305.906882, 242.3493258
1714473347355, 2024-04-30T10:35:47.355Z, 1264.9777194, 251.16874120000003
1714473347386, 2024-04-30T10:35:47.386Z, 1232.9908132, 267.8375396
1714473347433, 2024-04-30T10:35:47.433Z, 1185.6750282, 281.5205543999999
1714473347447, 2024-04-30T10:35:47.447Z, 1141.5549998, 297.34082620000004
1714473347869, 2024-04-30T10:35:47.869Z, 1174.8197636, 273.33740159999996
1714473347954, 2024-04-30T10:35:47.954Z, 1229.7115468, 238.11111600000004
1714473348043, 2024-04-30T10:35:48.043Z, 1274.0535118000003, 231.04061039999996
1714473348116, 2024-04-30T10:35:48.116Z, 1329.3604974000002, 223.661631
1714473348163, 2024-04-30T10:35:48.163Z, 1372.523764, 223.71074779999998
1714473348180, 2024-04-30T10:35:48.180Z, 1348.9531961999999, 247.27981499999996
1714473348211, 2024-04-30T10:35:48.211Z, 1313.9587986000001, 281.4680042
1714473348251, 2024-04-30T10:35:48.251Z, 1295.5889499999998, 290.7796244
1714473348298, 2024-04-30T10:35:48.298Z, 1293.5987688, 290.40840479999997
1714473348313, 2024-04-30T10:35:48.313Z, 1306.6925041999998, 268.2075792
1714473348341, 2024-04-30T10:35:48.341Z, 1319.0411778, 244.6397266
1714473348358, 2024-04-30T10:35:48.358Z, 1327.7738192000002, 220.1198186
1714473348400, 2024-04-30T10:35:48.400Z, 1326.8738268000002, 184.559734
1714473348415, 2024-04-30T10:35:48.415Z, 1319.7832581999999, 161.7141816
1714473348445, 2024-04-30T10:35:48.445Z, 1304.426021, 153.7110484
1714473348461, 2024-04-30T10:35:48.461Z, 1283.4864949999999, 145.8250066
1714473348492, 2024-04-30T10:35:48.492Z, 1243.2613235999997, 145.785102
1714473348507, 2024-04-30T10:35:48.507Z, 1213.4510128, 153.0245608
1714473348540, 2024-04-30T10:35:48.540Z, 1180.6418482000001, 159.32216440000002
1714473348570, 2024-04-30T10:35:48.570Z, 1156.4468812, 174.67256360000002
1714473348617, 2024-04-30T10:35:48.617Z, 1144.4002432000002, 183.1487038
1714473348663, 2024-04-30T10:35:48.663Z, 1129.8452077999998, 217.9747448
1714473348690, 2024-04-30T10:35:48.690Z, 1121.2566292000001, 255.0723716
1714473348742, 2024-04-30T10:35:48.742Z, 1122.675741, 291.5256054
1714473348788, 2024-04-30T10:35:48.788Z, 1134.1736808, 312.5436102
1714473348854, 2024-04-30T10:35:48.854Z, 1167.5798854, 310.7653858
1714473348868, 2024-04-30T10:35:48.869Z, 1221.6505196, 277.71654240000004
1714473348900, 2024-04-30T10:35:48.900Z, 1268.4408132, 242.15855860000002
1714473348915, 2024-04-30T10:35:48.915Z, 1278.9793968, 221.3290074
1714473348943, 2024-04-30T10:35:48.943Z, 1275.5025042, 208.7257388
1714473348958, 2024-04-30T10:35:48.958Z, 1245.7451156, 223.52998660000003
1714473349139, 2024-04-30T10:35:49.139Z, 1235.6245417999999, 246.7962834
1714473349152, 2024-04-30T10:35:49.152Z, 1206.3176903999997, 273.4181244
1714473349169, 2024-04-30T10:35:49.169Z, 1209.5683199999999, 283.46953859999996
1714473349183, 2024-04-30T10:35:49.183Z, 1217.9724463999999, 287.194171
1714473349199, 2024-04-30T10:35:49.199Z, 1222.7142932000002, 298.9277538
1714473349229, 2024-04-30T10:35:49.229Z, 1209.1834139999999, 299.2539944
1714473349259, 2024-04-30T10:35:49.259Z, 1211.831758, 301.8738862
1714473349636, 2024-04-30T10:35:49.636Z, 1054.5308802, 258.50015
1714473349832, 2024-04-30T10:35:49.832Z, 869.6903476, 215.08047059999998
1714473349926, 2024-04-30T10:35:49.926Z, 652.0018932, 188.27560599999998
1714473350654, 2024-04-30T10:35:50.654Z, 673.4267426, 178.42229160000002
1714473350668, 2024-04-30T10:35:50.668Z, 708.6187454, 168.67938640000003
1714473350699, 2024-04-30T10:35:50.699Z, 901.1203808, 211.12593020000003
1714473350848, 2024-04-30T10:35:50.848Z, 1141.6940639999998, 268.1410502
1714473350880, 2024-04-30T10:35:50.880Z, 1410.706561, 289.0548608
1714473350894, 2024-04-30T10:35:50.894Z, 1437.8086276, 292.7360732
1714473350909, 2024-04-30T10:35:50.909Z, 1451.2563312, 289.906941
1714473350941, 2024-04-30T10:35:50.941Z, 1464.3011870000003, 284.99753300000003
1714473350956, 2024-04-30T10:35:50.956Z, 1452.4916362, 269.35765660000004
1714473350972, 2024-04-30T10:35:50.972Z, 1435.5055576, 270.69708660000003
1714473350987, 2024-04-30T10:35:50.987Z, 1416.7379181999997, 278.0326474
1714473351002, 2024-04-30T10:35:51.002Z, 1400.4919037999998, 287.705043
1714473351018, 2024-04-30T10:35:51.018Z, 1382.0835572, 297.8595222
1714473351033, 2024-04-30T10:35:51.033Z, 1364.6055920000001, 307.741274
1714473351049, 2024-04-30T10:35:51.049Z, 1359.8891726, 311.5910998
1714473351111, 2024-04-30T10:35:51.111Z, 1361.8709446, 311.1149916
1714473351127, 2024-04-30T10:35:51.127Z, 1363.2012874, 308.98675
1714473351142, 2024-04-30T10:35:51.142Z, 1365.6019250000002, 306.17623999999995
1714473351157, 2024-04-30T10:35:51.157Z, 1371.0005284, 304.3846006
1714473351172, 2024-04-30T10:35:51.172Z, 1373.6629724, 306.3118318
1714473351203, 2024-04-30T10:35:51.203Z, 1373.3464542, 308.47211640000006
1714473351219, 2024-04-30T10:35:51.219Z, 1369.8275695999998, 311.59454239999997
1714473351243, 2024-04-30T10:35:51.243Z, 1365.7036165999998, 312.8331756
1714473351257, 2024-04-30T10:35:51.257Z, 1360.1139798, 310.900806
1714473351303, 2024-04-30T10:35:51.303Z, 1359.793894, 309.7409924
1714473351345, 2024-04-30T10:35:51.345Z, 1364.8164554, 310.1253504
1714473351361, 2024-04-30T10:35:51.361Z, 1374.8777306, 310.1271826
1714473351394, 2024-04-30T10:35:51.394Z, 1382.3772795999998, 313.0642346000001
1714473351438, 2024-04-30T10:35:51.438Z, 1382.5228364, 316.4388958
1714473351454, 2024-04-30T10:35:51.454Z, 1371.8167428, 313.217712
1714473351469, 2024-04-30T10:35:51.469Z, 1327.8045894, 308.99293639999996
1714473351485, 2024-04-30T10:35:51.485Z, 1284.3718048, 304.0569068
1714473351517, 2024-04-30T10:35:51.517Z, 1238.5206204, 298.68903259999996
1714473351559, 2024-04-30T10:35:51.559Z, 1198.6900627999999, 293.3024726
1714473351573, 2024-04-30T10:35:51.573Z, 1166.3572204, 290.81929160000004
1714473351604, 2024-04-30T10:35:51.604Z, 1163.0052888000002, 287.6034794
1714473351618, 2024-04-30T10:35:51.618Z, 1161.546114, 290.88586
1714473351629, 2024-04-30T10:35:51.629Z, 1160.1634866, 290.43700120000005
1714473351651, 2024-04-30T10:35:51.651Z, 1158.2229108, 290.8202318
1714473351663, 2024-04-30T10:35:51.663Z, 1155.4525808000003, 291.3729788
1714473351695, 2024-04-30T10:35:51.695Z, 1144.3000522, 288.7077884
1714473351708, 2024-04-30T10:35:51.708Z, 1131.2282645999999, 280.9803034
1714473351719, 2024-04-30T10:35:51.719Z, 1123.3296072, 277.77195620000003
1714473351738, 2024-04-30T10:35:51.738Z, 1116.4898982, 275.5446194
1714473351753, 2024-04-30T10:35:51.753Z, 1109.1635996, 275.7546918
1714473351766, 2024-04-30T10:35:51.766Z, 1109.4517845999999, 281.578313
1714473351797, 2024-04-30T10:35:51.797Z, 1110.9597523999998, 287.00715879999996
1714473351842, 2024-04-30T10:35:51.842Z, 1115.4287402, 293.7132356
1714473351853, 2024-04-30T10:35:51.853Z, 1126.0919231999999, 300.04830039999996
1714473351870, 2024-04-30T10:35:51.870Z, 1158.0580189999998, 297.39850720000004
1714473351886, 2024-04-30T10:35:51.886Z, 1188.5682134, 294.3443044
1714473351898, 2024-04-30T10:35:51.898Z, 1219.4796586, 294.6351942
1714473351931, 2024-04-30T10:35:51.931Z, 1248.2222456, 295.1145096
1714473351943, 2024-04-30T10:35:51.943Z, 1268.2962818, 295.3800158
1714473352021, 2024-04-30T10:35:52.021Z, 1271.3181408, 307.7132616
1714473352033, 2024-04-30T10:35:52.033Z, 1278.6323038, 325.9697536
1714473352065, 2024-04-30T10:35:52.065Z, 1294.6524616, 336.19007139999997
1714473352110, 2024-04-30T10:35:52.110Z, 1305.6276822000002, 344.5648012
1714473352141, 2024-04-30T10:35:52.141Z, 1322.0051154, 344.9546526
1714473352155, 2024-04-30T10:35:52.155Z, 1336.3438046, 338.6750872
1714473352171, 2024-04-30T10:35:52.171Z, 1348.9087602000002, 325.1797646
1714473352201, 2024-04-30T10:35:52.201Z, 1351.4637572, 314.6100552
1714473352217, 2024-04-30T10:35:52.217Z, 1365.2019064, 302.2192622
1714473352232, 2024-04-30T10:35:52.232Z, 1379.6123544, 295.9384286
1714473352247, 2024-04-30T10:35:52.247Z, 1392.3435818, 291.6104566
1714473352262, 2024-04-30T10:35:52.262Z, 1405.1874704, 288.1641612
1714473352291, 2024-04-30T10:35:52.291Z, 1415.7378624, 285.20723699999996
1714473352302, 2024-04-30T10:35:52.302Z, 1419.5202008, 283.00140799999997
1714473352320, 2024-04-30T10:35:52.320Z, 1418.8083993999999, 282.26911820000004
1714473352334, 2024-04-30T10:35:52.334Z, 1417.9148104, 280.7345434
1714473352380, 2024-04-30T10:35:52.380Z, 1408.751434, 275.6093876
1714473352455, 2024-04-30T10:35:52.455Z, 1396.0233033999998, 286.51354779999997
1714473352470, 2024-04-30T10:35:52.470Z, 1385.3775116, 296.2705108
1714473352499, 2024-04-30T10:35:52.499Z, 1377.4872641999998, 304.7227594
1714473352517, 2024-04-30T10:35:52.517Z, 1370.4043362, 314.8201318
1714473352544, 2024-04-30T10:35:52.544Z, 1369.4226446, 332.13443020000005
1714473352559, 2024-04-30T10:35:52.559Z, 1372.9999828, 333.967441
1714473352591, 2024-04-30T10:35:52.591Z, 1377.0251181999997, 334.73464
1714473352605, 2024-04-30T10:35:52.605Z, 1378.6885118, 337.21845800000006
1714473352636, 2024-04-30T10:35:52.636Z, 1376.6558991999998, 329.262844
1714473352652, 2024-04-30T10:35:52.652Z, 1375.6178748, 316.32897080000004
1714473352667, 2024-04-30T10:35:52.667Z, 1371.9497518000003, 300.0535388
1714473352698, 2024-04-30T10:35:52.698Z, 1362.2314218, 287.2342158
1714473352741, 2024-04-30T10:35:52.741Z, 1331.4141244, 282.68872159999995
1714473352752, 2024-04-30T10:35:52.752Z, 1295.7310208000001, 293.2401238
1714473352785, 2024-04-30T10:35:52.785Z, 1258.3445534, 306.5830276
1714473352797, 2024-04-30T10:35:52.797Z, 1215.4844898, 323.8947318
1714473352829, 2024-04-30T10:35:52.829Z, 1176.4503654, 340.43682
1714473352842, 2024-04-30T10:35:52.842Z, 1164.665159, 347.00154119999996
1714473352860, 2024-04-30T10:35:52.860Z, 1165.7986575999998, 343.06531440000003
1714473352888, 2024-04-30T10:35:52.888Z, 1177.2271610000003, 337.7681228
1714473352905, 2024-04-30T10:35:52.905Z, 1207.3393324, 333.2115664
1714473352934, 2024-04-30T10:35:52.934Z, 1236.6570448, 328.8521874
1714473352950, 2024-04-30T10:35:52.950Z, 1267.1620389999998, 327.5488566
1714473352978, 2024-04-30T10:35:52.978Z, 1304.5815372000002, 326.7142976
1714473353000, 2024-04-30T10:35:53.000Z, 1332.5963872, 325.45357060000003
1714473353046, 2024-04-30T10:35:53.046Z, 1353.3830772, 318.68729620000005
1714473353060, 2024-04-30T10:35:53.060Z, 1375.33511, 322.2350924
1714473353119, 2024-04-30T10:35:53.119Z, 1401.5382290000002, 322.6814088
1714473353136, 2024-04-30T10:35:53.136Z, 1419.3400213999998, 329.095628
1714473353151, 2024-04-30T10:35:53.151Z, 1442.3918609999996, 335.0162796
1714473353167, 2024-04-30T10:35:53.167Z, 1463.787196, 344.71090660000004
1714473353196, 2024-04-30T10:35:53.196Z, 1490.8008992, 344.62715000000003
1714473353212, 2024-04-30T10:35:53.212Z, 1511.2665187999999, 345.55903700000005
1714473353228, 2024-04-30T10:35:53.228Z, 1535.1109796, 344.061935
1714473353244, 2024-04-30T10:35:53.244Z, 1556.5977462, 347.76130040000004
1714473353260, 2024-04-30T10:35:53.260Z, 1576.7477285999998, 352.2893508
1714473353275, 2024-04-30T10:35:53.275Z, 1592.4170304, 351.83676479999997
1714473353290, 2024-04-30T10:35:53.290Z, 1601.7388688, 352.0286264
1714473353306, 2024-04-30T10:35:53.306Z, 1602.9702196, 352.1548426
1714473353322, 2024-04-30T10:35:53.322Z, 1600.9668826000002, 347.7925322
1714473353342, 2024-04-30T10:35:53.342Z, 1590.707962, 348.9898942
1714473353360, 2024-04-30T10:35:53.360Z, 1572.4438210000003, 357.78794780000004
1714473353374, 2024-04-30T10:35:53.374Z, 1554.4693458, 366.7847122
1714473353386, 2024-04-30T10:35:53.386Z, 1536.3667588, 375.8153228
1714473353406, 2024-04-30T10:35:53.406Z, 1514.9931510000001, 375.37820500000004
1714473353434, 2024-04-30T10:35:53.434Z, 1498.9736054, 374.10756380000004
1714473353448, 2024-04-30T10:35:53.448Z, 1487.1061703999999, 377.8383286
1714473353464, 2024-04-30T10:35:53.464Z, 1477.4271898, 374.2422096
1714473353480, 2024-04-30T10:35:53.480Z, 1469.438193, 373.7106392
1714473353511, 2024-04-30T10:35:53.511Z, 1464.6627364, 387.65840540000005
1714473353526, 2024-04-30T10:35:53.526Z, 1464.601898, 390.19319640000003
1714473353541, 2024-04-30T10:35:53.541Z, 1468.3491478, 384.9123288
1714473353557, 2024-04-30T10:35:53.557Z, 1472.6522132, 385.8890444
1714473353572, 2024-04-30T10:35:53.572Z, 1479.0765218, 380.0708282
1714473353587, 2024-04-30T10:35:53.587Z, 1487.0766948, 368.7163584
1714473353603, 2024-04-30T10:35:53.603Z, 1491.7582765999998, 362.20645559999997
1714473353618, 2024-04-30T10:35:53.618Z, 1493.5398332, 355.9329636
1714473353642, 2024-04-30T10:35:53.642Z, 1489.0168208, 351.6936796
1714473353653, 2024-04-30T10:35:53.653Z, 1478.3117046, 354.6647598
1714473353672, 2024-04-30T10:35:53.672Z, 1457.8691231999999, 362.17778880000003
1714473353685, 2024-04-30T10:35:53.685Z, 1427.564864, 374.5328812
1714473353698, 2024-04-30T10:35:53.698Z, 1389.7998155999999, 389.4163848
1714473353728, 2024-04-30T10:35:53.728Z, 1353.6549215999999, 398.7628978
1714473353744, 2024-04-30T10:35:53.744Z, 1322.3795082000001, 405.84381900000005
1714473353759, 2024-04-30T10:35:53.759Z, 1297.8429962, 409.7356554
1714473353788, 2024-04-30T10:35:53.788Z, 1273.7933848, 413.6977162
1714473353805, 2024-04-30T10:35:53.805Z, 1255.399508, 413.77099740000006
1714473353821, 2024-04-30T10:35:53.821Z, 1238.5406236, 418.238901
1714473353837, 2024-04-30T10:35:53.837Z, 1215.2087368, 422.6620262
1714473353868, 2024-04-30T10:35:53.868Z, 1183.3242324, 431.3641248
1714473353884, 2024-04-30T10:35:53.884Z, 1159.3862122, 434.94244820000006
1714473353899, 2024-04-30T10:35:53.899Z, 1137.9421894000002, 434.2013473999999
1714473353915, 2024-04-30T10:35:53.915Z, 1118.5882194, 433.37828559999997
1714473353941, 2024-04-30T10:35:53.941Z, 1105.6751250000002, 431.9908692
1714473353955, 2024-04-30T10:35:53.955Z, 1105.4883506, 428.3408222
1714473353978, 2024-04-30T10:35:53.978Z, 1108.7694496, 428.127437
1714473353992, 2024-04-30T10:35:53.992Z, 1113.1440264, 434.1017162
1714473354008, 2024-04-30T10:35:54.008Z, 1116.5719318, 441.7529224
1714473354023, 2024-04-30T10:35:54.023Z, 1119.6766264, 449.82397520000006
1714473354039, 2024-04-30T10:35:54.039Z, 1120.9978366, 454.9232988
1714473354055, 2024-04-30T10:35:54.055Z, 1120.0447462, 454.33240559999996
1714473354070, 2024-04-30T10:35:54.070Z, 1118.5390318, 452.2083578
1714473354094, 2024-04-30T10:35:54.094Z, 1116.6837118, 444.249109
1714473354106, 2024-04-30T10:35:54.106Z, 1114.6749882, 433.18298300000004
1714473354133, 2024-04-30T10:35:54.133Z, 1123.2250306, 417.936326
1714473354149, 2024-04-30T10:35:54.149Z, 1137.4425538, 408.2616428
1714473354164, 2024-04-30T10:35:54.164Z, 1152.282983, 399.2063184
1714473354180, 2024-04-30T10:35:54.180Z, 1171.3886584, 395.4245598
1714473354196, 2024-04-30T10:35:54.196Z, 1190.7782768000002, 394.4229188
1714473354215, 2024-04-30T10:35:54.215Z, 1199.0123502000001, 399.5326576
1714473354241, 2024-04-30T10:35:54.241Z, 1203.4333148, 404.00247479999996
1714473354257, 2024-04-30T10:35:54.257Z, 1206.7801942, 410.61284459999996
1714473354275, 2024-04-30T10:35:54.275Z, 1207.2204174, 415.351386
1714473354393, 2024-04-30T10:35:54.393Z, 1222.3839292, 444.54703179999996
1714473354418, 2024-04-30T10:35:54.418Z, 1221.8255412, 436.92507939999996
1714473354437, 2024-04-30T10:35:54.437Z, 1219.6170898, 428.9024232
1714473354463, 2024-04-30T10:35:54.463Z, 1217.0736562, 420.1223892
1714473354482, 2024-04-30T10:35:54.482Z, 1214.4009422, 412.6254075999999
1714473354496, 2024-04-30T10:35:54.496Z, 1197.0832785999999, 380.78232579999997
1714473354508, 2024-04-30T10:35:54.508Z, 1195.8293318, 383.7317878
1714473354542, 2024-04-30T10:35:54.542Z, 1198.8542118, 388.8624826
1714473354553, 2024-04-30T10:35:54.553Z, 1203.5858794, 394.6282508
1714473354571, 2024-04-30T10:35:54.571Z, 1208.8570788000002, 400.7169818
1714473354586, 2024-04-30T10:35:54.586Z, 1215.0343068, 406.73256660000004
1714473354601, 2024-04-30T10:35:54.601Z, 1226.421112, 413.4423936
1714473354617, 2024-04-30T10:35:54.617Z, 1237.6845497999998, 418.01675859999995
1714473354637, 2024-04-30T10:35:54.637Z, 1249.7086148, 420.59188860000006
1714473354644, 2024-04-30T10:35:54.644Z, 1264.6631824, 423.50500300000004
1714473354662, 2024-04-30T10:35:54.662Z, 1282.7038162000001, 427.34832079999995
1714473354689, 2024-04-30T10:35:54.689Z, 1297.8197942, 430.63361960000003
1714473354707, 2024-04-30T10:35:54.707Z, 1310.7180391999998, 432.37112800000006
1714473354725, 2024-04-30T10:35:54.725Z, 1322.0643384, 432.99132420000007
1714473354736, 2024-04-30T10:35:54.736Z, 1328.0994916, 433.181253
1714473354757, 2024-04-30T10:35:54.757Z, 1329.0845198, 433.2382622
1714473354768, 2024-04-30T10:35:54.768Z, 1324.7165989999999, 438.3731186
1714473354783, 2024-04-30T10:35:54.783Z, 1320.0143021999997, 443.5198472
1714473354799, 2024-04-30T10:35:54.799Z, 1315.5895182, 448.1398736
1714473354814, 2024-04-30T10:35:54.814Z, 1313.4339256, 450.64244479999996
1714473354844, 2024-04-30T10:35:54.844Z, 1312.5994864, 452.31868199999997
1714473354860, 2024-04-30T10:35:54.860Z, 1316.0344778, 449.03243599999996
1714473354876, 2024-04-30T10:35:54.876Z, 1317.9099938000002, 448.66775440000004
1714473354891, 2024-04-30T10:35:54.891Z, 1319.1999814, 449.44327599999997
1714473354906, 2024-04-30T10:35:54.906Z, 1315.1339974, 452.3673156
1714473354922, 2024-04-30T10:35:54.922Z, 1291.9321918, 458.8234502
1714473354937, 2024-04-30T10:35:54.937Z, 1267.4494677999999, 465.42920940000005
1714473354952, 2024-04-30T10:35:54.952Z, 1246.4720650000002, 469.4892948
1714473354968, 2024-04-30T10:35:54.968Z, 1216.2490311999998, 474.43400120000007
1714473354993, 2024-04-30T10:35:54.993Z, 1190.0441137999999, 478.43506399999995
1714473355003, 2024-04-30T10:35:55.003Z, 1182.9305207999998, 477.3157406
1714473355027, 2024-04-30T10:35:55.027Z, 1175.3571423999997, 472.9302654
1714473355042, 2024-04-30T10:35:55.042Z, 1165.2830935999998, 468.6009094
1714473355076, 2024-04-30T10:35:55.076Z, 1165.149562, 465.540588
1714473355092, 2024-04-30T10:35:55.092Z, 1165.3596908000002, 463.26484220000003
1714473355108, 2024-04-30T10:35:55.108Z, 1165.388993, 462.6071126
1714473355124, 2024-04-30T10:35:55.124Z, 1167.4884902, 465.71653580000003
1714473355144, 2024-04-30T10:35:55.144Z, 1172.1813943999998, 468.816091
1714473355162, 2024-04-30T10:35:55.162Z, 1175.3518920000001, 468.815256
1714473355178, 2024-04-30T10:35:55.178Z, 1178.4515542000001, 468.5130102
1714473355186, 2024-04-30T10:35:55.186Z, 1180.8797164, 468.3967234
1714473355203, 2024-04-30T10:35:55.203Z, 1184.0013210000002, 469.47746020000005
1714473355233, 2024-04-30T10:35:55.233Z, 1184.4353061999998, 470.668681
1714473355248, 2024-04-30T10:35:55.248Z, 1186.4437886, 472.75562499999995
1714473355263, 2024-04-30T10:35:55.263Z, 1190.1748392, 475.9637048000001
1714473355296, 2024-04-30T10:35:55.296Z, 1195.1011629999998, 480.34297179999993
1714473355313, 2024-04-30T10:35:55.313Z, 1197.5180851999999, 482.7851148
1714473355326, 2024-04-30T10:35:55.326Z, 1200.3912826, 484.9875588
1714473355341, 2024-04-30T10:35:55.341Z, 1198.7788747999998, 480.5961784
1714473355356, 2024-04-30T10:35:55.356Z, 1195.1491202000002, 474.23946620000004
1714473355372, 2024-04-30T10:35:55.372Z, 1191.4824498, 467.37291060000007
1714473355388, 2024-04-30T10:35:55.388Z, 1189.895972, 463.1220714
1714473355404, 2024-04-30T10:35:55.404Z, 1186.4757418000002, 459.6708842
1714473355419, 2024-04-30T10:35:55.419Z, 1186.867214, 463.602613
1714473355445, 2024-04-30T10:35:55.445Z, 1187.3168048, 468.58105320000004
1714473355453, 2024-04-30T10:35:55.453Z, 1187.1523026, 473.02709780000004
1714473355470, 2024-04-30T10:35:55.470Z, 1184.8143682, 474.6091762
1714473355497, 2024-04-30T10:35:55.497Z, 1187.116822, 473.88552660000005
1714473355513, 2024-04-30T10:35:55.513Z, 1190.3759614, 471.1116714
1714473355528, 2024-04-30T10:35:55.528Z, 1193.7139996, 465.4188572
1714473355545, 2024-04-30T10:35:55.545Z, 1197.1589538, 459.52143820000003
1714473355560, 2024-04-30T10:35:55.560Z, 1201.0217802000002, 453.92572579999995
1714473355575, 2024-04-30T10:35:55.575Z, 1202.5079858000001, 450.52024280000006
1714473355592, 2024-04-30T10:35:55.592Z, 1204.9506504, 449.0630966
1714473355607, 2024-04-30T10:35:55.607Z, 1207.6906234, 450.5655796
1714473355632, 2024-04-30T10:35:55.632Z, 1206.8843544, 451.4763532
1714473355638, 2024-04-30T10:35:55.638Z, 1203.6761703999998, 452.90382500000004
1714473355653, 2024-04-30T10:35:55.653Z, 1198.9588692000002, 455.988569
1714473355669, 2024-04-30T10:35:55.669Z, 1193.8713813999998, 458.84253019999994
1714473355685, 2024-04-30T10:35:55.685Z, 1188.695795, 461.2937234
1714473355701, 2024-04-30T10:35:55.701Z, 1186.9414438, 464.239338
1714473355716, 2024-04-30T10:35:55.716Z, 1188.2556706, 466.8856118
1714473355743, 2024-04-30T10:35:55.743Z, 1192.8751616000002, 466.82394080000006
1714473355756, 2024-04-30T10:35:55.756Z, 1196.2365768, 465.7534594
1714473355767, 2024-04-30T10:35:55.767Z, 1199.415774, 464.7031416
1714473355785, 2024-04-30T10:35:55.785Z, 1202.7304668000002, 463.50009220000004
1714473355800, 2024-04-30T10:35:55.800Z, 1204.8395046, 462.1109918
1714473355812, 2024-04-30T10:35:55.812Z, 1202.9205533999998, 461.17452080000004
1714473355833, 2024-04-30T10:35:55.833Z, 1200.2581936, 460.70159279999996
1714473355853, 2024-04-30T10:35:55.853Z, 1198.2575036, 459.8615288
1714473355859, 2024-04-30T10:35:55.859Z, 1195.8696278, 459.0654484
1714473355897, 2024-04-30T10:35:55.897Z, 1193.8666036, 453.8696598
1714473355906, 2024-04-30T10:35:55.906Z, 1194.4004944, 450.2493902
1714473355925, 2024-04-30T10:35:55.925Z, 1193.8220438, 446.6657888
1714473355941, 2024-04-30T10:35:55.941Z, 1192.120901, 443.3069292
1714473355951, 2024-04-30T10:35:55.951Z, 1191.869973, 439.279582
1714473355982, 2024-04-30T10:35:55.982Z, 1192.4895098, 440.7245436
1714473355997, 2024-04-30T10:35:55.997Z, 1192.7757272000001, 440.9953324
1714473356013, 2024-04-30T10:35:56.013Z, 1190.5617128, 444.399276
1714473356039, 2024-04-30T10:35:56.039Z, 1187.5384012, 449.36603219999995
1714473356056, 2024-04-30T10:35:56.056Z, 1182.7478184, 457.665107
1714473356077, 2024-04-30T10:35:56.077Z, 1176.1405018, 465.567562
1714473356091, 2024-04-30T10:35:56.091Z, 1165.5590488, 478.19402980000007
1714473356106, 2024-04-30T10:35:56.106Z, 1157.0685775999998, 491.02956159999997
1714473356122, 2024-04-30T10:35:56.122Z, 1149.6036846000002, 502.19846479999995
1714473356137, 2024-04-30T10:35:56.137Z, 1142.6273428, 508.7057684
1714473356152, 2024-04-30T10:35:56.152Z, 1136.7152532, 514.9556476
1714473356168, 2024-04-30T10:35:56.168Z, 1133.8730203999999, 516.986341
1714473356193, 2024-04-30T10:35:56.193Z, 1133.4503676, 515.4536048
1714473356205, 2024-04-30T10:35:56.205Z, 1134.7782373999999, 513.3780206
1714473356217, 2024-04-30T10:35:56.217Z, 1137.1983378, 513.2829565999999
1714473356235, 2024-04-30T10:35:56.235Z, 1141.1303098, 513.120469
1714473356252, 2024-04-30T10:35:56.252Z, 1145.7613628, 513.1837016
1714473356262, 2024-04-30T10:35:56.262Z, 1150.0032189999997, 513.5916380000001
1714473356280, 2024-04-30T10:35:56.280Z, 1152.9383643999997, 514.275711
1714473356298, 2024-04-30T10:35:56.298Z, 1155.6478558000001, 515.0957298000001
1714473356307, 2024-04-30T10:35:56.307Z, 1163.4571982, 514.8692016000001
1714473356342, 2024-04-30T10:35:56.342Z, 1177.3198097999998, 514.3080368
1714473356354, 2024-04-30T10:35:56.354Z, 1190.9915506, 513.4276408000001
1714473356376, 2024-04-30T10:35:56.376Z, 1202.9685977999998, 511.4820484
1714473356388, 2024-04-30T10:35:56.388Z, 1212.2545144, 507.67753200000004
1714473356403, 2024-04-30T10:35:56.403Z, 1215.1472464, 502.6324917999999
1714473356418, 2024-04-30T10:35:56.418Z, 1211.0346072, 497.9408198
1714473356434, 2024-04-30T10:35:56.434Z, 1207.2185586, 493.2833066
1714473356450, 2024-04-30T10:35:56.450Z, 1204.2555312, 492.53024320000003
1714473356465, 2024-04-30T10:35:56.465Z, 1203.1114928, 492.65668160000007
1714473356488, 2024-04-30T10:35:56.488Z, 1204.6465798, 498.7067382
1714473356505, 2024-04-30T10:35:56.505Z, 1207.6402706000001, 504.278387
1714473356527, 2024-04-30T10:35:56.527Z, 1212.3923535999998, 511.4019438
1714473356543, 2024-04-30T10:35:56.543Z, 1226.9444435999999, 514.5430146000001
1714473356558, 2024-04-30T10:35:56.558Z, 1245.2966351999999, 516.1231111999999
1714473356573, 2024-04-30T10:35:56.573Z, 1261.0775756, 512.2279426
1714473356589, 2024-04-30T10:35:56.589Z, 1274.1103056, 508.229201
1714473356605, 2024-04-30T10:35:56.605Z, 1285.0389645999999, 503.58311219999996
1714473356620, 2024-04-30T10:35:56.620Z, 1285.3559954, 500.5533974
1714473356643, 2024-04-30T10:35:56.643Z, 1279.696872, 501.0875824
1714473356666, 2024-04-30T10:35:56.666Z, 1267.5112568, 503.96082260000003
1714473356673, 2024-04-30T10:35:56.673Z, 1245.1262001999999, 504.91908739999997
1714473356685, 2024-04-30T10:35:56.685Z, 1215.5086508, 505.07324559999995
1714473356708, 2024-04-30T10:35:56.708Z, 1186.249969, 506.67597020000005
1714473356713, 2024-04-30T10:35:56.713Z, 1158.7973422, 507.516712
1714473356732, 2024-04-30T10:35:56.732Z, 1137.2548442, 507.77778520000004
1714473356745, 2024-04-30T10:35:56.745Z, 1130.2376454, 510.03618639999996
1714473356760, 2024-04-30T10:35:56.760Z, 1129.0111648, 512.1567612
1714473356790, 2024-04-30T10:35:56.790Z, 1127.0653596, 513.4033042000001
1714473356801, 2024-04-30T10:35:56.801Z, 1125.873274, 513.7149813999999
1714473356821, 2024-04-30T10:35:56.821Z, 1127.034244, 513.869783
1714473356834, 2024-04-30T10:35:56.834Z, 1123.218429, 512.1122836000001
1714473356846, 2024-04-30T10:35:56.846Z, 1120.970386, 509.01489439999995
1714473356868, 2024-04-30T10:35:56.868Z, 1119.3757398, 509.2995846
1714473356878, 2024-04-30T10:35:56.878Z, 1121.8812984, 511.5532698
1714473356892, 2024-04-30T10:35:56.892Z, 1125.6443678, 514.7272206
1714473356912, 2024-04-30T10:35:56.912Z, 1134.3434378, 520.1470268
1714473356938, 2024-04-30T10:35:56.938Z, 1144.4925343999998, 527.3449678
1714473356956, 2024-04-30T10:35:56.956Z, 1160.0322438, 530.863381
1714473356971, 2024-04-30T10:35:56.971Z, 1171.1444624, 533.6550344
1714473356982, 2024-04-30T10:35:56.982Z, 1179.52381, 535.722743
1714473357001, 2024-04-30T10:35:57.001Z, 1185.6638636, 536.2395744
1714473357016, 2024-04-30T10:35:57.016Z, 1190.5008734, 534.870857
1714473357027, 2024-04-30T10:35:57.027Z, 1191.3492474, 532.3675218000001
1714473357046, 2024-04-30T10:35:57.046Z, 1191.5682142, 528.3617786
1714473357061, 2024-04-30T10:35:57.061Z, 1191.1611438, 523.8044207999999
1714473357092, 2024-04-30T10:35:57.092Z, 1192.5942754, 518.4913045999999
1714473357108, 2024-04-30T10:35:57.108Z, 1195.2728012000002, 515.053209
1714473357117, 2024-04-30T10:35:57.117Z, 1201.5447894, 513.0825676000001
1714473357142, 2024-04-30T10:35:57.142Z, 1213.7179974, 516.667845
1714473357153, 2024-04-30T10:35:57.153Z, 1225.567204, 519.8929158
1714473357163, 2024-04-30T10:35:57.163Z, 1236.6232340000001, 525.551718
1714473357183, 2024-04-30T10:35:57.183Z, 1248.0897194000001, 530.9163102
1714473357195, 2024-04-30T10:35:57.195Z, 1255.9620562000002, 535.0955978
1714473357211, 2024-04-30T10:35:57.211Z, 1258.8407028, 534.2764666
1714473357242, 2024-04-30T10:35:57.242Z, 1261.8782557999998, 533.8935544
1714473357256, 2024-04-30T10:35:57.256Z, 1263.5154413999999, 532.7103288
1714473357281, 2024-04-30T10:35:57.281Z, 1261.4392822, 534.1744208
1714473357289, 2024-04-30T10:35:57.289Z, 1259.4635434, 535.9326428
1714473357304, 2024-04-30T10:35:57.304Z, 1255.3793264, 537.1767874
1714473357335, 2024-04-30T10:35:57.335Z, 1245.105119, 535.0931364
1714473357351, 2024-04-30T10:35:57.351Z, 1232.1235616, 531.5670996000001
1714473357388, 2024-04-30T10:35:57.388Z, 1215.2022246000001, 523.8226099999999
1714473357419, 2024-04-30T10:35:57.419Z, 1194.4278918, 516.3470755999999
1714473357432, 2024-04-30T10:35:57.432Z, 1163.2174854, 510.53620540000003
1714473357454, 2024-04-30T10:35:57.454Z, 1134.819268, 508.25480180000005
1714473357464, 2024-04-30T10:35:57.464Z, 1109.1988683999998, 507.2713804
1714473357480, 2024-04-30T10:35:57.480Z, 1089.4078752, 507.8663426
1714473357498, 2024-04-30T10:35:57.498Z, 1072.7351623999998, 509.03839239999996
1714473357513, 2024-04-30T10:35:57.513Z, 1068.0172456, 509.64975219999997
1714473357556, 2024-04-30T10:35:57.556Z, 1067.3552818, 511.2767312
1714473357569, 2024-04-30T10:35:57.569Z, 1066.8247072, 513.258787
1714473357584, 2024-04-30T10:35:57.584Z, 1067.1414358, 515.3695024000001
1714473357600, 2024-04-30T10:35:57.600Z, 1069.8299602, 516.4781604
1714473357615, 2024-04-30T10:35:57.615Z, 1073.1789906, 516.6751904
1714473357647, 2024-04-30T10:35:57.647Z, 1076.7530169999998, 514.6628625999999
1714473357662, 2024-04-30T10:35:57.662Z, 1081.7801206, 510.606337
1714473357690, 2024-04-30T10:35:57.690Z, 1101.612867, 509.88119100000006
1714473357701, 2024-04-30T10:35:57.701Z, 1130.1146747999999, 509.3110344
1714473357733, 2024-04-30T10:35:57.733Z, 1190.6206854, 514.958154
1714473357746, 2024-04-30T10:35:57.746Z, 1248.7237792, 522.051734
1714473357777, 2024-04-30T10:35:57.777Z, 1295.8287048, 530.0091908
1714473357802, 2024-04-30T10:35:57.802Z, 1331.9945098, 535.5783475999999
1714473357817, 2024-04-30T10:35:57.817Z, 1362.8358914, 541.740528
1714473357837, 2024-04-30T10:35:57.837Z, 1362.1049044, 543.0448474
1714473357852, 2024-04-30T10:35:57.852Z, 1363.7071658, 544.39178
1714473357868, 2024-04-30T10:35:57.868Z, 1376.4534227999998, 547.9234946
1714473357880, 2024-04-30T10:35:57.880Z, 1381.44617, 550.340588
1714473357898, 2024-04-30T10:35:57.898Z, 1380.6216490000002, 552.6947472
1714473357913, 2024-04-30T10:35:57.913Z, 1377.5592953999999, 554.412774
1714473357926, 2024-04-30T10:35:57.926Z, 1372.4562733999999, 555.9707746
1714473357943, 2024-04-30T10:35:57.943Z, 1365.507981, 556.3353982000001
1714473357958, 2024-04-30T10:35:57.958Z, 1361.2928963999998, 556.90624
1714473357989, 2024-04-30T10:35:57.989Z, 1356.7913612, 557.5324588
1714473358005, 2024-04-30T10:35:58.005Z, 1348.7421052, 559.3491098
1714473358020, 2024-04-30T10:35:58.020Z, 1335.429674, 562.3007836
1714473358036, 2024-04-30T10:35:58.036Z, 1318.8425222, 565.5967564
1714473358052, 2024-04-30T10:35:58.052Z, 1300.9290354, 568.9976054
1714473358068, 2024-04-30T10:35:58.068Z, 1279.4398638, 572.1709882
1714473358084, 2024-04-30T10:35:58.084Z, 1253.8827754, 574.3161612
1714473358099, 2024-04-30T10:35:58.099Z, 1234.2877438, 574.6904390000001
1714473358114, 2024-04-30T10:35:58.114Z, 1218.1604966, 574.0047084
1714473358139, 2024-04-30T10:35:58.139Z, 1203.9795847999999, 572.7709716000002
1714473358151, 2024-04-30T10:35:58.151Z, 1194.2016348, 570.9800736000001
1714473358168, 2024-04-30T10:35:58.168Z, 1193.1490998000002, 567.0511954
1714473358183, 2024-04-30T10:35:58.183Z, 1192.8313697999997, 563.0892999999999
1714473358196, 2024-04-30T10:35:58.196Z, 1192.1082642, 557.5708744
1714473358228, 2024-04-30T10:35:58.228Z, 1188.4038036, 553.0390788000001
1714473358241, 2024-04-30T10:35:58.241Z, 1184.1121472, 549.05879
1714473358287, 2024-04-30T10:35:58.287Z, 1171.0490732, 550.4512148
1714473358331, 2024-04-30T10:35:58.331Z, 1156.4240590000002, 553.3371222
1714473358347, 2024-04-30T10:35:58.347Z, 1138.9284246, 559.9758498
1714473358378, 2024-04-30T10:35:58.378Z, 1127.8875985999998, 560.9366084000001
1714473358394, 2024-04-30T10:35:58.394Z, 1117.4393712, 559.043517
1714473358439, 2024-04-30T10:35:58.439Z, 1116.6337756, 552.1896340000001
1714473358452, 2024-04-30T10:35:58.452Z, 1117.681006, 543.9645216000001
1714473358465, 2024-04-30T10:35:58.465Z, 1121.4133108, 534.278851
1714473358482, 2024-04-30T10:35:58.482Z, 1124.3600786000002, 536.2722941999999
1714473358498, 2024-04-30T10:35:58.498Z, 1125.8229962, 542.1753688
1714473358511, 2024-04-30T10:35:58.511Z, 1127.184197, 549.4832246
1714473358528, 2024-04-30T10:35:58.528Z, 1131.1450922, 556.7673288
1714473358543, 2024-04-30T10:35:58.543Z, 1141.7304915999998, 564.1703928
1714473358556, 2024-04-30T10:35:58.556Z, 1153.0963846, 565.5035656
1714473358589, 2024-04-30T10:35:58.589Z, 1171.2338542, 566.2996756
1714473358601, 2024-04-30T10:35:58.601Z, 1190.0553909999999, 568.7312458
1714473358618, 2024-04-30T10:35:58.618Z, 1207.0031078, 572.6475568
1714473358633, 2024-04-30T10:35:58.633Z, 1218.2052606000002, 576.9737834
1714473358646, 2024-04-30T10:35:58.646Z, 1225.4801034, 580.4109902
1714473358663, 2024-04-30T10:35:58.663Z, 1228.1385686, 572.8156614
1714473358678, 2024-04-30T10:35:58.678Z, 1229.7178172000001, 562.8144288000001
1714473358691, 2024-04-30T10:35:58.691Z, 1230.415073, 553.2024541999999
1714473358828, 2024-04-30T10:35:58.828Z, 1166.9014857999998, 586.7043992000001
1714473358844, 2024-04-30T10:35:58.844Z, 1140.0939006, 566.5708538
1714473358859, 2024-04-30T10:35:58.859Z, 1118.8433066, 555.8158826000001
1714473358890, 2024-04-30T10:35:58.890Z, 1110.2148674, 541.1710765999999
1714473358905, 2024-04-30T10:35:58.905Z, 1103.089508, 525.3098785999999
1714473358920, 2024-04-30T10:35:58.920Z, 1160.4906348, 463.857485
1714473358936, 2024-04-30T10:35:58.936Z, 1184.2126536, 455.3027164
1714473358952, 2024-04-30T10:35:58.952Z, 1201.5451926, 448.6451762
1714473358968, 2024-04-30T10:35:58.968Z, 1206.6641592, 447.2665644
1714473358984, 2024-04-30T10:35:58.984Z, 1207.2255024, 446.6908722
1714473358999, 2024-04-30T10:35:58.999Z, 1207.7460186, 449.61242760000005
1714473359015, 2024-04-30T10:35:59.015Z, 1206.5320800000002, 454.65340779999997
1714473359040, 2024-04-30T10:35:59.040Z, 1206.0329344, 459.48315060000004
1714473359052, 2024-04-30T10:35:59.052Z, 1208.7998172, 465.4630408
1714473359069, 2024-04-30T10:35:59.069Z, 1216.0345518, 470.29327320000004
1714473359084, 2024-04-30T10:35:59.084Z, 1223.0573612, 472.52715560000007
1714473359097, 2024-04-30T10:35:59.097Z, 1228.0911216, 474.4459684
1714473359114, 2024-04-30T10:35:59.114Z, 1233.4057494, 476.3720526
1714473359129, 2024-04-30T10:35:59.129Z, 1235.3394911999999, 477.3761746
1714473359142, 2024-04-30T10:35:59.142Z, 1236.9218528, 478.190164
1714473359159, 2024-04-30T10:35:59.159Z, 1237.7774848, 480.1777846
1714473359188, 2024-04-30T10:35:59.188Z, 1239.8644066000002, 482.95932320000003
1714473359206, 2024-04-30T10:35:59.206Z, 1240.4690793999998, 485.51347480000004
1714473359221, 2024-04-30T10:35:59.221Z, 1240.0959994, 488.22360779999997
1714473359232, 2024-04-30T10:35:59.232Z, 1238.2608484, 491.33295239999995
1714473359249, 2024-04-30T10:35:59.249Z, 1236.1288484000002, 494.430565
1714473359264, 2024-04-30T10:35:59.264Z, 1233.5644188, 495.7224281999999
1714473359279, 2024-04-30T10:35:59.279Z, 1231.9069166000002, 495.499716
1714473359294, 2024-04-30T10:35:59.294Z, 1231.2798085999998, 494.1616156
1714473359310, 2024-04-30T10:35:59.310Z, 1229.3872242, 490.2008272
1714473359340, 2024-04-30T10:35:59.340Z, 1222.1473549999998, 486.0198772
1714473359356, 2024-04-30T10:35:59.356Z, 1214.7791590000002, 482.22050899999994
1714473359372, 2024-04-30T10:35:59.372Z, 1206.6299559999998, 480.1111018
1714473359387, 2024-04-30T10:35:59.387Z, 1196.9748034, 478.6318272
1714473359403, 2024-04-30T10:35:59.403Z, 1188.4833604, 479.8600858
1714473359419, 2024-04-30T10:35:59.419Z, 1183.9689376000001, 481.83771779999995
1714473359434, 2024-04-30T10:35:59.434Z, 1177.769238, 482.4238214
1714473359450, 2024-04-30T10:35:59.450Z, 1172.632968, 482.7998329999999
1714473359465, 2024-04-30T10:35:59.465Z, 1168.0907578, 481.88126279999994
1714473359490, 2024-04-30T10:35:59.490Z, 1163.8460707999998, 476.6217286
1714473359502, 2024-04-30T10:35:59.502Z, 1161.9905368, 472.2098062
1714473359519, 2024-04-30T10:35:59.519Z, 1157.8294849999997, 481.5150246
1714473359534, 2024-04-30T10:35:59.534Z, 1148.2283118, 499.65955240000005
1714473359547, 2024-04-30T10:35:59.547Z, 1139.9994344, 529.0089064
1714473359564, 2024-04-30T10:35:59.564Z, 1132.0341520000002, 565.1368292
1714473359579, 2024-04-30T10:35:59.579Z, 1124.0961842000002, 600.0857294
1714473359592, 2024-04-30T10:35:59.592Z, 1117.5733156000001, 621.4580278
1714473359609, 2024-04-30T10:35:59.609Z, 1117.7310716000002, 635.2892101999998
1714473359638, 2024-04-30T10:35:59.638Z, 1115.0950234, 633.2549642
1714473359654, 2024-04-30T10:35:59.654Z, 1110.9457372, 627.8284266000001
1714473359669, 2024-04-30T10:35:59.669Z, 1103.9858924, 617.7262638
1714473359684, 2024-04-30T10:35:59.684Z, 1098.7182306, 607.578213
1714473359699, 2024-04-30T10:35:59.699Z, 1091.5118908, 594.7111044000001
1714473359715, 2024-04-30T10:35:59.715Z, 1084.185118, 585.9169272000001
1714473359730, 2024-04-30T10:35:59.730Z, 1078.3240126, 577.9652912000001
1714473359746, 2024-04-30T10:35:59.746Z, 1074.981993, 578.5360958
1714473359761, 2024-04-30T10:35:59.761Z, 1072.747915, 579.3868126
1714473359790, 2024-04-30T10:35:59.790Z, 1071.0144562, 581.9609102000001
1714473359804, 2024-04-30T10:35:59.804Z, 1071.5267476000001, 585.0286881999998
1714473359817, 2024-04-30T10:35:59.817Z, 1070.8164788, 586.1895808
1714473359834, 2024-04-30T10:35:59.834Z, 1070.7719804, 582.5120999999999
1714473359849, 2024-04-30T10:35:59.849Z, 1070.3431865999999, 578.6142188
1714473359862, 2024-04-30T10:35:59.862Z, 1069.9866568, 574.4534824
1714473359879, 2024-04-30T10:35:59.879Z, 1069.3054398, 571.176171
1714473359894, 2024-04-30T10:35:59.894Z, 1070.0000162000001, 571.6847194
1714473359907, 2024-04-30T10:35:59.907Z, 1070.5184451999999, 575.4082431999999
1714473359940, 2024-04-30T10:35:59.940Z, 1074.7966386, 585.773939
1714473359953, 2024-04-30T10:35:59.953Z, 1079.3422498, 596.057798
1714473359969, 2024-04-30T10:35:59.969Z, 1093.0792832000002, 619.0126988
1714473359984, 2024-04-30T10:35:59.984Z, 1106.9407988, 640.5200048
1714473359997, 2024-04-30T10:35:59.997Z, 1118.1421942, 661.2431892000001
1714473360013, 2024-04-30T10:36:00.013Z, 1123.9479216, 678.7124062
1714473360029, 2024-04-30T10:36:00.029Z, 1129.7392544, 695.2784595999999
1714473360043, 2024-04-30T10:36:00.043Z, 1125.7976634000001, 699.963206
1714473360058, 2024-04-30T10:36:00.058Z, 1123.2378126, 701.3950668
1714473360087, 2024-04-30T10:36:00.087Z, 1122.3971042, 702.3487763999999
1714473360103, 2024-04-30T10:36:00.103Z, 1125.9872498, 701.456725
1714473360119, 2024-04-30T10:36:00.119Z, 1128.3146732, 700.8912084000001
1714473360135, 2024-04-30T10:36:00.135Z, 1131.4566446000001, 699.2782672000001
1714473360150, 2024-04-30T10:36:00.150Z, 1132.0927100000001, 700.449727
1714473360165, 2024-04-30T10:36:00.165Z, 1132.812427, 700.0508368000001
1714473360181, 2024-04-30T10:36:00.181Z, 1131.0430588, 698.8351054000001
1714473360196, 2024-04-30T10:36:00.196Z, 1129.8624062000001, 697.3125146
1714473360212, 2024-04-30T10:36:00.212Z, 1128.390484, 695.720222
1714473360239, 2024-04-30T10:36:00.239Z, 1128.346644, 694.1618424000001
1714473360253, 2024-04-30T10:36:00.253Z, 1128.5015898, 692.8566589999999
1714473360266, 2024-04-30T10:36:00.266Z, 1128.4651170000002, 692.0776374
1714473360283, 2024-04-30T10:36:00.283Z, 1127.9864592000001, 692.4469148000001
1714473360298, 2024-04-30T10:36:00.298Z, 1127.1843208, 693.6540194
1714473360313, 2024-04-30T10:36:00.313Z, 1124.267274, 696.985236
1714473360330, 2024-04-30T10:36:00.330Z, 1120.7982612, 702.1011942
1714473360353, 2024-04-30T10:36:00.353Z, 1117.4948362, 707.407492
1714473360368, 2024-04-30T10:36:00.368Z, 1114.5185172000001, 712.1531406
1714473360399, 2024-04-30T10:36:00.399Z, 1112.7951084, 717.1501396000001
1714473360413, 2024-04-30T10:36:00.413Z, 1113.145393, 719.6851092
1714473360429, 2024-04-30T10:36:00.429Z, 1113.9322399999996, 720.1204762
1714473360445, 2024-04-30T10:36:00.445Z, 1114.7598458, 720.3047282
1714473360461, 2024-04-30T10:36:00.461Z, 1114.967907, 720.3584020000001
1714473360477, 2024-04-30T10:36:00.477Z, 1114.1825228000002, 719.3706070000001
1714473360492, 2024-04-30T10:36:00.492Z, 1112.9328137999998, 718.472952
1714473360508, 2024-04-30T10:36:00.508Z, 1111.8803634, 718.078786
1714473360524, 2024-04-30T10:36:00.524Z, 1110.5287002, 717.7328374000001
1714473360540, 2024-04-30T10:36:00.540Z, 1109.9240978, 717.3287094000001
1714473360555, 2024-04-30T10:36:00.555Z, 1109.008856, 717.2203222
1714473360571, 2024-04-30T10:36:00.571Z, 1107.1642357999997, 717.6565836
1714473360586, 2024-04-30T10:36:00.586Z, 1104.7756752, 718.262609
1714473360603, 2024-04-30T10:36:00.603Z, 1102.2892288, 717.3944124000001
1714473360618, 2024-04-30T10:36:00.618Z, 1100.0612008, 716.1815158
1714473360634, 2024-04-30T10:36:00.634Z, 1097.9701260000002, 715.5706794
1714473360649, 2024-04-30T10:36:00.649Z, 1096.8330935999998, 714.8995124
1714473360664, 2024-04-30T10:36:00.664Z, 1098.5732512, 714.3264268
1714473360691, 2024-04-30T10:36:00.691Z, 1100.0457359999998, 715.0174989999999
1714473360711, 2024-04-30T10:36:00.711Z, 1100.4964592000001, 716.0249929999999
1714473360726, 2024-04-30T10:36:00.726Z, 1101.5635686, 716.6434889999999
1714473360741, 2024-04-30T10:36:00.741Z, 1103.1161282, 717.0878521999999
1714473360756, 2024-04-30T10:36:00.756Z, 1102.2781425999997, 717.1016546
1714473360772, 2024-04-30T10:36:00.772Z, 1101.7139981999999, 716.5438412
1714473360788, 2024-04-30T10:36:00.788Z, 1101.9775121999999, 715.6800744
1714473360803, 2024-04-30T10:36:00.803Z, 1103.3526898, 714.6201417999998
1714473360818, 2024-04-30T10:36:00.818Z, 1108.7466372, 710.0889305999999
1714473360841, 2024-04-30T10:36:00.841Z, 1126.3126594, 699.0259472
1714473360852, 2024-04-30T10:36:00.852Z, 1151.2598315999999, 686.3965493999999
1714473360871, 2024-04-30T10:36:00.871Z, 1189.1603472, 669.0743144
1714473360896, 2024-04-30T10:36:00.896Z, 1227.2385648, 651.5018112
1714473360912, 2024-04-30T10:36:00.912Z, 1284.2971108, 627.7027082
1714473360928, 2024-04-30T10:36:00.928Z, 1334.6462921999998, 607.8767261999999
1714473360943, 2024-04-30T10:36:00.943Z, 1376.9204049999998, 590.502669
1714473360960, 2024-04-30T10:36:00.960Z, 1406.0014359999998, 577.6676809999999
1714473360987, 2024-04-30T10:36:00.987Z, 1427.609394, 564.3495034
1714473361003, 2024-04-30T10:36:01.003Z, 1422.4442402, 561.5719197999999
1714473361022, 2024-04-30T10:36:01.022Z, 1409.8334226, 561.2373817999999
1714473361037, 2024-04-30T10:36:01.037Z, 1397.7958792000002, 560.7909922
1714473361053, 2024-04-30T10:36:01.053Z, 1385.1264868, 560.4609957999999
1714473361069, 2024-04-30T10:36:01.069Z, 1377.3263491999999, 559.8983569999999
1714473361084, 2024-04-30T10:36:01.084Z, 1373.1791434000002, 557.5610162
1714473361099, 2024-04-30T10:36:01.099Z, 1370.6349269999998, 554.1301606
1714473361115, 2024-04-30T10:36:01.115Z, 1368.3345619999998, 550.1205
1714473361139, 2024-04-30T10:36:01.139Z, 1365.0889152, 547.318466
1714473361153, 2024-04-30T10:36:01.153Z, 1364.7062179999998, 543.6394769999999
1714473361166, 2024-04-30T10:36:01.166Z, 1344.1302972, 542.9811286
1714473361183, 2024-04-30T10:36:01.183Z, 1306.1239336, 542.7893898
1714473361198, 2024-04-30T10:36:01.198Z, 1267.5247346, 542.996296
1714473361211, 2024-04-30T10:36:01.211Z, 1230.5385751999997, 542.223533
1714473361228, 2024-04-30T10:36:01.228Z, 1191.8454821999999, 543.3091354000001
1714473361243, 2024-04-30T10:36:01.243Z, 1172.6654531999998, 542.1838354
1714473361256, 2024-04-30T10:36:01.256Z, 1173.9496928, 542.1975232
1714473361289, 2024-04-30T10:36:01.289Z, 1176.9418786, 542.8116166000001
1714473361301, 2024-04-30T10:36:01.301Z, 1180.3337370000002, 543.6280538
1714473361318, 2024-04-30T10:36:01.318Z, 1183.3197460000001, 542.5055012
1714473361333, 2024-04-30T10:36:01.333Z, 1185.6129661999998, 540.8969617999999
1714473361346, 2024-04-30T10:36:01.346Z, 1184.2903972, 540.4760137999999
1714473361365, 2024-04-30T10:36:01.365Z, 1182.40976, 540.6450056000001
1714473361378, 2024-04-30T10:36:01.378Z, 1180.6797716, 541.2970206
1714473361393, 2024-04-30T10:36:01.393Z, 1179.3832372000002, 544.45038
1714473361409, 2024-04-30T10:36:01.409Z, 1179.7497706000001, 548.1639174
1714473361437, 2024-04-30T10:36:01.437Z, 1181.2765511999999, 550.8987268
1714473361603, 2024-04-30T10:36:01.603Z, 1167.8588616000002, 542.6916864
1714473361616, 2024-04-30T10:36:01.616Z, 1152.6376148000002, 532.7441328
1714473361633, 2024-04-30T10:36:01.633Z, 1135.9613034000001, 521.7133478
1714473361648, 2024-04-30T10:36:01.648Z, 1116.9721742000002, 511.0258984
1714473361663, 2024-04-30T10:36:01.663Z, 1097.3105964, 500.00743739999996
1714473361678, 2024-04-30T10:36:01.678Z, 1092.0385568, 500.75680520000003
1714473361693, 2024-04-30T10:36:01.693Z, 1088.731016, 501.691875
1714473361706, 2024-04-30T10:36:01.706Z, 1086.8994002, 502.7248432
1714473362041, 2024-04-30T10:36:02.041Z, 1087.183564, 515.9122123999999
1714473362055, 2024-04-30T10:36:02.055Z, 1085.8333916, 531.4341562
1714473362068, 2024-04-30T10:36:02.068Z, 1082.9471965999999, 545.948612
1714473362085, 2024-04-30T10:36:02.085Z, 1079.4562896, 561.5666904
1714473362100, 2024-04-30T10:36:02.100Z, 1076.130807, 577.3537161999999
1714473362113, 2024-04-30T10:36:02.113Z, 1072.2955762000001, 580.4697956
1714473362131, 2024-04-30T10:36:02.131Z, 1069.3348388, 580.2468984
1714473362144, 2024-04-30T10:36:02.144Z, 1068.8030400000002, 579.3765776
1714473362159, 2024-04-30T10:36:02.159Z, 1068.2314870000002, 578.7919256000001
1714473362190, 2024-04-30T10:36:02.190Z, 1068.8123368000001, 576.3050922
1714473362203, 2024-04-30T10:36:02.203Z, 1069.4366717999999, 574.0964316
1714473362221, 2024-04-30T10:36:02.221Z, 1071.2949003999997, 571.7737874000001
1714473362235, 2024-04-30T10:36:02.235Z, 1072.7923907999998, 569.2867138
1714473362251, 2024-04-30T10:36:02.251Z, 1074.9096656, 566.5708047999999
1714473362267, 2024-04-30T10:36:02.267Z, 1076.9232066, 564.868281
1714473362283, 2024-04-30T10:36:02.283Z, 1080.6250797999999, 562.5949745999999
1714473362298, 2024-04-30T10:36:02.298Z, 1088.9428198, 558.1978394
1714473362313, 2024-04-30T10:36:02.313Z, 1099.875027, 551.8822918
1714473362338, 2024-04-30T10:36:02.338Z, 1112.6768108, 543.8970370000001
1714473362354, 2024-04-30T10:36:02.354Z, 1123.5300448, 536.6173314
1714473362369, 2024-04-30T10:36:02.369Z, 1132.5006153999998, 529.7137468000001
1714473362382, 2024-04-30T10:36:02.382Z, 1137.0561788, 525.5665786
1714473362399, 2024-04-30T10:36:02.399Z, 1141.6112866, 523.3396306000001
1714473362414, 2024-04-30T10:36:02.414Z, 1145.1485422, 522.9368168
1714473362427, 2024-04-30T10:36:02.427Z, 1149.152604, 523.3789434
1714473362444, 2024-04-30T10:36:02.444Z, 1153.095202, 523.6174628000001
1714473362459, 2024-04-30T10:36:02.459Z, 1156.9962558, 524.2293626000001
1714473362490, 2024-04-30T10:36:02.490Z, 1156.7510222, 521.4949428
1714473362506, 2024-04-30T10:36:02.506Z, 1155.7082638, 518.5315262
1714473362520, 2024-04-30T10:36:02.520Z, 1156.1756971999998, 514.891895
1714473362534, 2024-04-30T10:36:02.534Z, 1157.0580556, 510.73314160000007
1714473362550, 2024-04-30T10:36:02.550Z, 1157.9719584, 505.92884300000003
1714473362562, 2024-04-30T10:36:02.562Z, 1159.5154246, 504.6673654
1714473362579, 2024-04-30T10:36:02.579Z, 1161.192042, 504.2194404
1714473362594, 2024-04-30T10:36:02.594Z, 1161.5260346, 504.0306498
1714473362608, 2024-04-30T10:36:02.608Z, 1161.8872594, 504.26905139999997
1714473362639, 2024-04-30T10:36:02.639Z, 1171.045551, 496.9623342
1714473362655, 2024-04-30T10:36:02.655Z, 1180.0956738, 490.5940976
1714473362670, 2024-04-30T10:36:02.670Z, 1195.8597636000002, 484.188692
1714473362685, 2024-04-30T10:36:02.685Z, 1211.846001, 479.1900382
1714473362701, 2024-04-30T10:36:02.701Z, 1227.6373608, 474.605191
1714473362716, 2024-04-30T10:36:02.716Z, 1237.1462938, 478.35442320000004
1714473362732, 2024-04-30T10:36:02.732Z, 1246.9164403999998, 480.3853478
1714473362747, 2024-04-30T10:36:02.747Z, 1246.4479378, 482.0232558000001
1714473362763, 2024-04-30T10:36:02.763Z, 1244.7573949999999, 482.4239031999999
1714473362787, 2024-04-30T10:36:02.787Z, 1243.561205, 483.9282608
1714473362803, 2024-04-30T10:36:02.803Z, 1239.8859034000002, 485.73404739999995
1714473362818, 2024-04-30T10:36:02.818Z, 1237.4804574, 487.0586256
1714473362831, 2024-04-30T10:36:02.831Z, 1238.4928318, 487.8067892
1714473362849, 2024-04-30T10:36:02.849Z, 1241.7107108, 487.2699632
1714473362863, 2024-04-30T10:36:02.863Z, 1243.7793596000001, 486.05345020000004
1714473363046, 2024-04-30T10:36:03.046Z, 1201.0519113999999, 552.9106869999999
1714473363061, 2024-04-30T10:36:03.061Z, 1167.5690258, 605.2819003999999
1714473363091, 2024-04-30T10:36:03.091Z, 1128.1404304, 666.982543
1714473363108, 2024-04-30T10:36:03.108Z, 1093.6939037999998, 721.8724986
1714473363124, 2024-04-30T10:36:03.124Z, 1058.8813544, 761.5719263999999
1714473363156, 2024-04-30T10:36:03.156Z, 1051.3067772000002, 730.0640311999999
1714473363171, 2024-04-30T10:36:03.171Z, 1019.3153744000003, 711.7862201999999
1714473363186, 2024-04-30T10:36:03.186Z, 934.919509, 674.7706260000001
1714473363202, 2024-04-30T10:36:03.202Z, 833.6978650000001, 644.3057316
1714473363218, 2024-04-30T10:36:03.218Z, 713.7659506000001, 625.2793703999998
1714473363239, 2024-04-30T10:36:03.239Z, 573.8263168000001, 601.0848259999999
1714473363253, 2024-04-30T10:36:03.253Z, 436.5700258, 577.3745035999999
1714473363268, 2024-04-30T10:36:03.268Z, 360.15095479999997, 563.0233396
1714473363281, 2024-04-30T10:36:03.281Z, 292.2370606, 548.7930819999999
1714473363298, 2024-04-30T10:36:03.298Z, 241.2280428, 538.1865224000001
1714473363315, 2024-04-30T10:36:03.315Z, 229.15431120000002, 539.8179326000001
1714473363327, 2024-04-30T10:36:03.327Z, 230.5875904, 547.948348
1714473363343, 2024-04-30T10:36:03.343Z, 230.3244592, 560.0869074
1714473363358, 2024-04-30T10:36:03.358Z, 233.2089618, 576.762837
1714473363391, 2024-04-30T10:36:03.391Z, 240.465658, 600.4647511999999
1714473363408, 2024-04-30T10:36:03.408Z, 243.98528739999998, 621.7789740000001
1714473363420, 2024-04-30T10:36:03.420Z, 242.1489626, 638.1903018
1714473363436, 2024-04-30T10:36:03.436Z, 235.0322806, 651.3846834
1714473363452, 2024-04-30T10:36:03.452Z, 224.23588840000002, 661.5506121999999
1714473363467, 2024-04-30T10:36:03.467Z, 206.54394079999997, 665.6581306
1714473363500, 2024-04-30T10:36:03.500Z, 189.67930079999996, 669.1669675999999
1714473363517, 2024-04-30T10:36:03.517Z, 176.1345842, 672.7339231999999
1714473363543, 2024-04-30T10:36:03.543Z, 164.51898920000002, 676.9795852
1714473363594, 2024-04-30T10:36:03.594Z, 165.1221066, 666.9437161999999
1714473363640, 2024-04-30T10:36:03.640Z, 173.6013574, 659.0651018
1714473363687, 2024-04-30T10:36:03.687Z, 187.025827, 641.3530337999999
1714473363719, 2024-04-30T10:36:03.719Z, 201.83547460000003, 622.8744561999999
1714473363765, 2024-04-30T10:36:03.765Z, 216.6868532, 601.2805836
1714473363812, 2024-04-30T10:36:03.812Z, 221.916225, 594.0562682000001
1714473363853, 2024-04-30T10:36:03.853Z, 229.0096516, 599.8537756000001
1714473363898, 2024-04-30T10:36:03.898Z, 228.7131836, 612.7088374000001
1714473364079, 2024-04-30T10:36:04.079Z, 423.1504428, 623.753618
1714473364091, 2024-04-30T10:36:04.091Z, 611.3951304, 618.9328590000001
1714473364140, 2024-04-30T10:36:04.140Z, 793.3245073999999, 610.9053587999999
1714473364171, 2024-04-30T10:36:04.171Z, 968.8461795999999, 582.3204877999999
1714473364181, 2024-04-30T10:36:04.181Z, 1148.6783627999998, 560.2822177999999
1714473364213, 2024-04-30T10:36:04.213Z, 1146.542868, 552.6475754
1714473364227, 2024-04-30T10:36:04.227Z, 1153.4633886, 563.3386616
1714473364244, 2024-04-30T10:36:04.244Z, 1166.3053152, 576.4869428
1714473364259, 2024-04-30T10:36:04.259Z, 1175.7116893999998, 594.4206558
1714473364290, 2024-04-30T10:36:04.290Z, 1181.0660148000002, 603.2550239999999
1714473364306, 2024-04-30T10:36:04.306Z, 1171.6351694, 599.0341093999999
1714473364322, 2024-04-30T10:36:04.322Z, 1160.6531762, 592.6157241999999
1714473364337, 2024-04-30T10:36:04.337Z, 1147.894356, 583.3865982
1714473364352, 2024-04-30T10:36:04.352Z, 1140.4840072000002, 573.1431049999999
1714473364367, 2024-04-30T10:36:04.367Z, 1137.1308569999999, 567.3000382
1714473364398, 2024-04-30T10:36:04.398Z, 1136.7734218, 561.3157042
1714473364414, 2024-04-30T10:36:04.414Z, 1136.6966803999999, 556.4744848
1714473364439, 2024-04-30T10:36:04.439Z, 1136.1314716000002, 555.7482682
1714473364451, 2024-04-30T10:36:04.451Z, 1133.810881, 555.0022256
1714473364484, 2024-04-30T10:36:04.484Z, 1127.2063560000001, 552.0475882000001
1714473364496, 2024-04-30T10:36:04.496Z, 1115.2352326, 548.1071898
1714473364528, 2024-04-30T10:36:04.528Z, 1103.9845668, 562.7620069999999
1714473364542, 2024-04-30T10:36:04.542Z, 1103.6195672, 589.0092868
1714473364587, 2024-04-30T10:36:04.587Z, 1102.4554222, 620.3956362
1714473364620, 2024-04-30T10:36:04.620Z, 1116.5201193999999, 650.6658446
1714473364665, 2024-04-30T10:36:04.665Z, 1137.6703868, 687.5137224
1714473364708, 2024-04-30T10:36:04.708Z, 1166.641635, 706.2360874
1714473364724, 2024-04-30T10:36:04.724Z, 1186.2404588, 712.7296506
1714473364742, 2024-04-30T10:36:04.742Z, 1217.9984831999998, 715.9668748
1714473364756, 2024-04-30T10:36:04.756Z, 1239.0957047999998, 722.0170962
1714473364771, 2024-04-30T10:36:04.771Z, 1254.3513794, 723.4488101999999
1714473364787, 2024-04-30T10:36:04.787Z, 1253.102034, 726.2725662
1714473364802, 2024-04-30T10:36:04.802Z, 1252.4701516, 729.2091848000001
1714473364818, 2024-04-30T10:36:04.818Z, 1240.7119048, 729.7596102
1714473364834, 2024-04-30T10:36:04.834Z, 1227.6953861999998, 729.2462284
1714473364849, 2024-04-30T10:36:04.849Z, 1219.2738308, 728.7673392
1714473364864, 2024-04-30T10:36:04.864Z, 1219.4882129999999, 726.8782882
1714473364892, 2024-04-30T10:36:04.892Z, 1222.0761487999998, 723.4906509999998
1714473364903, 2024-04-30T10:36:04.903Z, 1225.1872082, 721.0775074000001
1714473364921, 2024-04-30T10:36:04.921Z, 1225.872497, 721.4780777999999
1714473364936, 2024-04-30T10:36:04.936Z, 1222.8507228, 723.1096962
1714473364948, 2024-04-30T10:36:04.948Z, 1219.9441898, 724.7498356
1714473364966, 2024-04-30T10:36:04.966Z, 1215.8023016000002, 727.293402
1714473364980, 2024-04-30T10:36:04.980Z, 1214.9185054000002, 728.9079004
1714473364993, 2024-04-30T10:36:04.993Z, 1216.3224384, 728.8968218
1714473365011, 2024-04-30T10:36:05.011Z, 1220.909466, 727.3890594000001
1714473365039, 2024-04-30T10:36:05.039Z, 1224.7276756, 725.4292277999999
1714473365218, 2024-04-30T10:36:05.218Z, 1198.6755755999998, 712.6310477999999
1714473365250, 2024-04-30T10:36:05.250Z, 1202.2728094, 703.925692
1714473365270, 2024-04-30T10:36:05.270Z, 1206.4008204, 694.9864000000001
1714473365286, 2024-04-30T10:36:05.286Z, 1200.6349224, 680.9293600000001
1714473365301, 2024-04-30T10:36:05.301Z, 1194.1042750000001, 667.0603884
1714473365318, 2024-04-30T10:36:05.318Z, 1215.4391564000002, 663.7254664
1714473365341, 2024-04-30T10:36:05.341Z, 1197.6541143999998, 659.0583116
1714473365351, 2024-04-30T10:36:05.351Z, 1179.7719806, 654.9397572
1714473365381, 2024-04-30T10:36:05.381Z, 1170.0294319999998, 657.7697918000001
1714473365397, 2024-04-30T10:36:05.397Z, 1161.3622786, 661.3916058
1714473365414, 2024-04-30T10:36:05.414Z, 1153.3468687999998, 665.4858687999999
1714473365431, 2024-04-30T10:36:05.431Z, 1152.5997964, 667.3526678
1714473365444, 2024-04-30T10:36:05.444Z, 1151.0344651999999, 668.3103193999999
1714473365460, 2024-04-30T10:36:05.460Z, 1148.8000690000001, 666.0599212
1714473365488, 2024-04-30T10:36:05.488Z, 1148.6611659999999, 663.0409953999999
1714473365504, 2024-04-30T10:36:05.504Z, 1154.8026974, 663.0133668
1714473365521, 2024-04-30T10:36:05.521Z, 1156.8571232, 660.5908904
1714473365532, 2024-04-30T10:36:05.532Z, 1162.2661484, 659.1340534000001
1714473365564, 2024-04-30T10:36:05.564Z, 1178.2934228, 663.8956016
1714473365576, 2024-04-30T10:36:05.576Z, 1197.7577906, 672.950067
1714473365594, 2024-04-30T10:36:05.594Z, 1214.4107622, 679.5668296000001
1714473365609, 2024-04-30T10:36:05.609Z, 1237.2163337999998, 689.2767232
1714473365640, 2024-04-30T10:36:05.640Z, 1250.6452874000001, 701.6022258
1714473365653, 2024-04-30T10:36:05.653Z, 1253.0114922, 709.7977546000001
1714473365666, 2024-04-30T10:36:05.666Z, 1249.9535198, 712.9516316
1714473365684, 2024-04-30T10:36:05.684Z, 1240.4305086, 713.0970724
1714473365699, 2024-04-30T10:36:05.699Z, 1227.2044322000002, 711.8932384
1714473365712, 2024-04-30T10:36:05.712Z, 1220.8637059999999, 707.5229093999999
1714473365729, 2024-04-30T10:36:05.729Z, 1215.6056504, 702.6462206
1714473365743, 2024-04-30T10:36:05.743Z, 1209.4969714, 697.669478
1714473365758, 2024-04-30T10:36:05.758Z, 1211.9668322, 693.1437142
1714473365792, 2024-04-30T10:36:05.792Z, 1217.7151092, 689.1121575999999
1714473365803, 2024-04-30T10:36:05.803Z, 1225.8153407999998, 686.1361199999999
1714473365835, 2024-04-30T10:36:05.835Z, 1237.4858186, 683.9978662000001
1714473365851, 2024-04-30T10:36:05.851Z, 1250.0769386, 683.6722812
1714473365868, 2024-04-30T10:36:05.868Z, 1260.6994982, 685.9437306
1714473365883, 2024-04-30T10:36:05.883Z, 1271.0556196, 688.3807394
1714473365899, 2024-04-30T10:36:05.899Z, 1280.3181976, 687.1758306
1714473365914, 2024-04-30T10:36:05.914Z, 1285.4198262, 687.0812146000001
1714473365937, 2024-04-30T10:36:05.937Z, 1288.5900517999999, 682.0720140000001
1714473365954, 2024-04-30T10:36:05.954Z, 1288.630083, 677.127746
1714473365968, 2024-04-30T10:36:05.968Z, 1287.123836, 671.9923580000001
1714473365981, 2024-04-30T10:36:05.981Z, 1284.1521594, 668.7293578000001
1714473365998, 2024-04-30T10:36:05.998Z, 1279.491439, 663.495119
1714473366014, 2024-04-30T10:36:06.014Z, 1273.9414238000002, 663.505441
1714473366026, 2024-04-30T10:36:06.026Z, 1268.6504454, 661.9699978000001
1714473366043, 2024-04-30T10:36:06.043Z, 1263.638991, 659.8377712
1714473366058, 2024-04-30T10:36:06.058Z, 1257.446755, 657.6289340000001
1714473366090, 2024-04-30T10:36:06.090Z, 1254.724101, 656.1434248
1714473366103, 2024-04-30T10:36:06.103Z, 1254.6469458, 653.8262996
1714473366118, 2024-04-30T10:36:06.118Z, 1254.8814488, 651.8449566
1714473366135, 2024-04-30T10:36:06.135Z, 1254.7057492, 652.6307168000001
1714473366148, 2024-04-30T10:36:06.148Z, 1255.8298006, 654.3869302
1714473366161, 2024-04-30T10:36:06.161Z, 1255.5749306000002, 657.097141
1714473366178, 2024-04-30T10:36:06.178Z, 1255.4122766, 659.5889814
1714473366193, 2024-04-30T10:36:06.193Z, 1255.0016508, 662.8196292
1714473366207, 2024-04-30T10:36:06.207Z, 1255.2225594, 663.4064308
1714473366239, 2024-04-30T10:36:06.239Z, 1255.3968856, 661.3718418000001
1714473366253, 2024-04-30T10:36:06.253Z, 1256.2387418, 658.5759938
1714473366269, 2024-04-30T10:36:06.269Z, 1255.343376, 657.7759608
1714473366285, 2024-04-30T10:36:06.285Z, 1253.7570316000001, 656.2805808
1714473366300, 2024-04-30T10:36:06.300Z, 1248.5666156000002, 656.4637102
1714473366316, 2024-04-30T10:36:06.316Z, 1231.0858682, 661.7649318000001
1714473366332, 2024-04-30T10:36:06.332Z, 1213.5260372, 666.6427436000001
1714473366347, 2024-04-30T10:36:06.347Z, 1197.1361016, 669.4026062
1714473366555, 2024-04-30T10:36:06.555Z, 1193.9824842, 682.6078326
1714473366567, 2024-04-30T10:36:06.567Z, 1174.4896692, 693.0910616000001
1714473366585, 2024-04-30T10:36:06.585Z, 1165.8988124000002, 701.6145754000001
1714473366599, 2024-04-30T10:36:06.599Z, 1152.448459, 711.7916894
1714473366626, 2024-04-30T10:36:06.626Z, 1139.2405832, 723.4062554
1714473366642, 2024-04-30T10:36:06.642Z, 1109.6003741999998, 726.75679
1714473366657, 2024-04-30T10:36:06.657Z, 1098.8716098, 732.2623268
1714473366673, 2024-04-30T10:36:06.673Z, 1091.2079330000001, 736.737695
1714473366691, 2024-04-30T10:36:06.691Z, 1089.9056402, 739.9135816
1714473366705, 2024-04-30T10:36:06.705Z, 1088.5733196, 741.7845698
1714473366721, 2024-04-30T10:36:06.721Z, 1091.0385999999999, 742.1909079999999
1714473366736, 2024-04-30T10:36:06.736Z, 1094.2477887999999, 742.6307988000001
1714473366752, 2024-04-30T10:36:06.752Z, 1095.629261, 743.8702470000001
1714473366767, 2024-04-30T10:36:06.767Z, 1094.9072350000001, 744.7121428
1714473366782, 2024-04-30T10:36:06.782Z, 1094.3069977999999, 744.4394100000001
1714473366797, 2024-04-30T10:36:06.797Z, 1093.5549034, 741.5359968
1714473366813, 2024-04-30T10:36:06.813Z, 1091.1526262, 734.3098486
1714473366838, 2024-04-30T10:36:06.838Z, 1088.5849524, 723.8860122
1714473366855, 2024-04-30T10:36:06.855Z, 1088.6126304000002, 713.708576
1714473366870, 2024-04-30T10:36:06.870Z, 1089.1341094, 704.7826355999999
1714473366883, 2024-04-30T10:36:06.883Z, 1090.1031414000001, 698.2217717999999
1714473366900, 2024-04-30T10:36:06.900Z, 1092.1664236000001, 694.7527194
1714473366916, 2024-04-30T10:36:06.916Z, 1095.5247545999998, 692.3020218
1714473366927, 2024-04-30T10:36:06.927Z, 1096.7998746, 689.5928250000001
1714473366946, 2024-04-30T10:36:06.946Z, 1098.3329174, 687.341239
1714473366961, 2024-04-30T10:36:06.961Z, 1100.5767418, 686.309855
1714473366998, 2024-04-30T10:36:06.998Z, 1101.8022168, 685.955252
1714473367009, 2024-04-30T10:36:07.009Z, 1101.9946046, 686.6394270000001
1714473367020, 2024-04-30T10:36:07.020Z, 1101.9816274, 686.386902
1714473367041, 2024-04-30T10:36:07.041Z, 1101.3288194, 685.446452
1714473367053, 2024-04-30T10:36:07.053Z, 1099.5014747999999, 683.5371418000001
1714473367065, 2024-04-30T10:36:07.065Z, 1098.3675274000002, 682.6738853999999
1714473367084, 2024-04-30T10:36:07.084Z, 1096.9427572, 682.7293682000001
1714473367097, 2024-04-30T10:36:07.097Z, 1094.645097, 683.6313812000001
1714473367112, 2024-04-30T10:36:07.112Z, 1092.2422112, 684.8090606
1714473367140, 2024-04-30T10:36:07.140Z, 1088.3760854, 686.1318518
1714473367153, 2024-04-30T10:36:07.153Z, 1084.3445962, 686.8517933999999
1714473367173, 2024-04-30T10:36:07.173Z, 1087.1511264, 698.0208428
1714473367185, 2024-04-30T10:36:07.185Z, 1094.059529, 727.4068394
1714473367201, 2024-04-30T10:36:07.201Z, 1101.5376212, 757.1738356
1714473367224, 2024-04-30T10:36:07.224Z, 1111.8653788, 788.3308282
1714473367238, 2024-04-30T10:36:07.238Z, 1122.701578, 819.6239442
1714473367253, 2024-04-30T10:36:07.253Z, 1127.1394165999998, 839.9700720000001
1714473367269, 2024-04-30T10:36:07.269Z, 1128.6735537999998, 840.3291222
1714473367289, 2024-04-30T10:36:07.289Z, 1129.980512, 837.891799
1714473367308, 2024-04-30T10:36:07.308Z, 1130.7758856, 832.2528282
1714473367319, 2024-04-30T10:36:07.319Z, 1132.4330949999999, 825.474259
1714473367333, 2024-04-30T10:36:07.333Z, 1134.6890884, 818.514428
1714473367353, 2024-04-30T10:36:07.353Z, 1137.0495614000001, 812.557143
1714473367364, 2024-04-30T10:36:07.364Z, 1138.7748660000002, 808.294931
1714473367379, 2024-04-30T10:36:07.379Z, 1139.9104548, 805.0377384
1714473367398, 2024-04-30T10:36:07.398Z, 1141.3289798, 802.2498023999999
1714473367411, 2024-04-30T10:36:07.411Z, 1142.72095, 799.7967606
1714473367444, 2024-04-30T10:36:07.444Z, 1143.0686232, 798.1639914
1714473367458, 2024-04-30T10:36:07.458Z, 1144.298054, 796.7011966000001
1714473367473, 2024-04-30T10:36:07.473Z, 1145.3025124, 795.853416
1714473367489, 2024-04-30T10:36:07.489Z, 1145.8801132, 795.3719375999999
1714473367505, 2024-04-30T10:36:07.505Z, 1145.9805866000002, 795.1419688
1714473367521, 2024-04-30T10:36:07.521Z, 1146.3138316, 795.0482092
1714473367536, 2024-04-30T10:36:07.536Z, 1145.9530374, 795.3657604
1714473367551, 2024-04-30T10:36:07.551Z, 1145.624646, 795.2220293999999
1714473367567, 2024-04-30T10:36:07.567Z, 1145.2488502, 795.1120048
1714473367590, 2024-04-30T10:36:07.590Z, 1143.7021486, 793.6619934
1714473367606, 2024-04-30T10:36:07.606Z, 1142.7081635999998, 792.4672674
1714473367630, 2024-04-30T10:36:07.630Z, 1141.46802, 791.213098
1714473367645, 2024-04-30T10:36:07.645Z, 1139.4985442, 790.7243980000001
1714473367660, 2024-04-30T10:36:07.660Z, 1134.7325606, 788.361434
1714473367676, 2024-04-30T10:36:07.676Z, 1129.6053384, 785.919773
1714473367692, 2024-04-30T10:36:07.692Z, 1124.1977868, 782.8051274000002
1714473367708, 2024-04-30T10:36:07.708Z, 1118.28036, 778.7174074000002
1714473367723, 2024-04-30T10:36:07.723Z, 1111.484232, 772.4613410000001
1714473367739, 2024-04-30T10:36:07.739Z, 1108.4110157999999, 767.2425562000001
1714473367758, 2024-04-30T10:36:07.758Z, 1104.8329006, 762.2647468
1714473367770, 2024-04-30T10:36:07.770Z, 1103.7199984, 760.1409482
1714473367786, 2024-04-30T10:36:07.786Z, 1101.8537609999998, 760.1478354000001
1714473367803, 2024-04-30T10:36:07.803Z, 1101.034965, 764.2989570000001
1714473367817, 2024-04-30T10:36:07.817Z, 1098.5688354000001, 770.0442381999999
1714473367833, 2024-04-30T10:36:07.833Z, 1098.3993572, 777.3185811999999
1714473367849, 2024-04-30T10:36:07.849Z, 1096.5586848, 782.9140821999999
1714473367864, 2024-04-30T10:36:07.864Z, 1097.0916004, 787.7316963999999
1714473367901, 2024-04-30T10:36:07.901Z, 1099.7912818, 792.1339498
1714473367912, 2024-04-30T10:36:07.912Z, 1103.8836041999998, 795.1763062
1714473367928, 2024-04-30T10:36:07.928Z, 1107.6852279999998, 797.4404548
1714473367945, 2024-04-30T10:36:07.945Z, 1106.9352135999998, 798.6276208000002
1714473367959, 2024-04-30T10:36:07.959Z, 1105.0908713999997, 799.6065639999999
1714473367974, 2024-04-30T10:36:07.974Z, 1101.2493413999998, 798.684825
1714473367990, 2024-04-30T10:36:07.990Z, 1095.3413924000001, 796.6340146
1714473368005, 2024-04-30T10:36:08.005Z, 1090.0518072, 795.274945
1714473368020, 2024-04-30T10:36:08.020Z, 1087.6957957999998, 791.8231103999999
1714473368043, 2024-04-30T10:36:08.043Z, 1085.8593356, 785.6608672
1714473368052, 2024-04-30T10:36:08.052Z, 1084.2103036, 777.0623307999999
1714473368073, 2024-04-30T10:36:08.073Z, 1083.1440858, 765.1074839999999
1714473368084, 2024-04-30T10:36:08.084Z, 1083.2428054000002, 748.712679
1714473368099, 2024-04-30T10:36:08.099Z, 1087.5108794, 730.8072708000001
1714473368119, 2024-04-30T10:36:08.119Z, 1094.5379748, 711.357804
1714473368131, 2024-04-30T10:36:08.131Z, 1101.9317990000002, 694.1128461999999
1714473368147, 2024-04-30T10:36:08.147Z, 1108.5141596, 682.7909642000001
1714473368162, 2024-04-30T10:36:08.162Z, 1113.1532670000001, 674.878329
1714473368187, 2024-04-30T10:36:08.187Z, 1113.5487337999998, 670.3080972
1714473368206, 2024-04-30T10:36:08.206Z, 1109.1838146000002, 671.152556
1714473368222, 2024-04-30T10:36:08.222Z, 1105.0283378, 672.3672656
1714473368231, 2024-04-30T10:36:08.231Z, 1102.3299954000001, 672.8140854000001
1714473368252, 2024-04-30T10:36:08.252Z, 1100.2595076000002, 673.9791682
1714473368264, 2024-04-30T10:36:08.264Z, 1101.3255214, 676.7545316
1714473368276, 2024-04-30T10:36:08.276Z, 1103.9888384, 678.2685528
1714473368296, 2024-04-30T10:36:08.296Z, 1108.8851961999999, 680.777315
1714473368309, 2024-04-30T10:36:08.309Z, 1114.6485621999998, 682.2170038
1714473368343, 2024-04-30T10:36:08.343Z, 1120.4375668, 684.0665359999999
1714473368354, 2024-04-30T10:36:08.354Z, 1123.5952710000001, 684.2653913999999
1714473368367, 2024-04-30T10:36:08.367Z, 1123.9458046, 684.5129358
1714473368387, 2024-04-30T10:36:08.387Z, 1120.3072246, 683.4099745999999
1714473368399, 2024-04-30T10:36:08.399Z, 1112.1130538, 683.7784244
1714473368413, 2024-04-30T10:36:08.413Z, 1103.302996, 681.9540506000001
1714473368440, 2024-04-30T10:36:08.440Z, 1095.2463986, 681.6290834
1714473368448, 2024-04-30T10:36:08.448Z, 1091.7276154, 681.2087414
1714473368460, 2024-04-30T10:36:08.460Z, 1090.1137716, 680.9033266
1714473368493, 2024-04-30T10:36:08.493Z, 1092.3891641999999, 680.4063610000001
1714473368507, 2024-04-30T10:36:08.507Z, 1094.6503539999999, 684.1501512
1714473368530, 2024-04-30T10:36:08.530Z, 1096.8924344, 686.5381302
1714473368539, 2024-04-30T10:36:08.539Z, 1096.6480126000001, 688.0397656
1714473368554, 2024-04-30T10:36:08.554Z, 1095.8999024, 688.4387162
1714473368573, 2024-04-30T10:36:08.573Z, 1094.0172422, 689.0498344
1714473368585, 2024-04-30T10:36:08.585Z, 1091.8352758, 686.4846162
1714473368601, 2024-04-30T10:36:08.601Z, 1088.8064094, 684.5339415999999
1714473368616, 2024-04-30T10:36:08.616Z, 1087.1527134, 683.3693585999999
1714473368639, 2024-04-30T10:36:08.639Z, 1086.0635436, 682.5480775999999
1714473368658, 2024-04-30T10:36:08.658Z, 1086.0061446, 680.8203384000001
1714473368669, 2024-04-30T10:36:08.669Z, 1086.5439268, 679.695348
1714473368686, 2024-04-30T10:36:08.686Z, 1089.6295354, 676.3534248
1714473368703, 2024-04-30T10:36:08.703Z, 1097.576785, 673.1305596
1714473368728, 2024-04-30T10:36:08.728Z, 1106.1830122, 670.7358132
1714473368748, 2024-04-30T10:36:08.748Z, 1117.6160083999998, 669.6186454
1714473368801, 2024-04-30T10:36:08.801Z, 1140.4850058, 670.8498618
1714473368819, 2024-04-30T10:36:08.819Z, 1162.7617932, 674.5571876
1714473368836, 2024-04-30T10:36:08.836Z, 1185.3790438, 680.0283913999999
1714473368851, 2024-04-30T10:36:08.851Z, 1205.8542436, 686.5096384000001
1714473368866, 2024-04-30T10:36:08.866Z, 1222.9419368, 691.1941542000001
1714473368882, 2024-04-30T10:36:08.882Z, 1223.8855737999997, 693.3323168
1714473368897, 2024-04-30T10:36:08.897Z, 1221.4047640000001, 694.932921
1714473368912, 2024-04-30T10:36:08.912Z, 1214.5015331999998, 695.4005205999999
1714473368940, 2024-04-30T10:36:08.940Z, 1204.1641329999998, 693.479303
1714473368951, 2024-04-30T10:36:08.951Z, 1194.4614601999997, 693.9911266
1714473368971, 2024-04-30T10:36:08.971Z, 1189.5396246, 694.0428016
1714473368983, 2024-04-30T10:36:08.983Z, 1187.9363898000001, 694.0892008
1714473368996, 2024-04-30T10:36:08.996Z, 1185.8176582, 691.9348284
1714473369016, 2024-04-30T10:36:09.016Z, 1188.8478304, 690.3085514
1714473369029, 2024-04-30T10:36:09.029Z, 1189.5717520000003, 687.2997766000001
1714473369041, 2024-04-30T10:36:09.041Z, 1190.4053458, 684.5365884
1714473369061, 2024-04-30T10:36:09.061Z, 1191.1928533999999, 681.8668644
1714473369087, 2024-04-30T10:36:09.087Z, 1190.2608322, 680.8182352000001
1714473369106, 2024-04-30T10:36:09.106Z, 1190.7577174000003, 681.8713384
1714473369118, 2024-04-30T10:36:09.118Z, 1195.5038980000002, 683.9663754000001
1714473369135, 2024-04-30T10:36:09.135Z, 1202.3442135999999, 687.3738264
1714473369151, 2024-04-30T10:36:09.151Z, 1214.0425562, 690.0425085999999
1714473369163, 2024-04-30T10:36:09.163Z, 1226.7475481999998, 692.611185
1714473369176, 2024-04-30T10:36:09.176Z, 1238.456979, 693.7670558
1714473369196, 2024-04-30T10:36:09.196Z, 1251.315686, 693.1118162
1714473369213, 2024-04-30T10:36:09.213Z, 1270.1782998, 688.6146986
1714473369246, 2024-04-30T10:36:09.246Z, 1281.8173577999999, 686.867397
1714473369481, 2024-04-30T10:36:09.481Z, 1248.5528062, 695.5436904000001
1714473369491, 2024-04-30T10:36:09.491Z, 1217.131895, 696.6341941999999
1714473369510, 2024-04-30T10:36:09.510Z, 1182.58507, 697.5187635999999
1714473369538, 2024-04-30T10:36:09.538Z, 1139.3602698, 701.234947
1714473369565, 2024-04-30T10:36:09.565Z, 1095.9881529999998, 703.2523708
1714473369572, 2024-04-30T10:36:09.572Z, 1098.7890533999998, 695.0453255999998
1714473369581, 2024-04-30T10:36:09.581Z, 1099.1339272, 693.7539864
1714473369601, 2024-04-30T10:36:09.601Z, 1102.4074252000003, 691.7325123999999
1714473369618, 2024-04-30T10:36:09.618Z, 1105.772864, 689.6915712
1714473369626, 2024-04-30T10:36:09.626Z, 1110.0601516000002, 687.4346568000001
1714473369652, 2024-04-30T10:36:09.652Z, 1113.4367044, 684.9689983999999
1714473369663, 2024-04-30T10:36:09.663Z, 1114.8322242, 682.420271
1714473369694, 2024-04-30T10:36:09.694Z, 1113.9368932000002, 682.9384081999999
1714473369704, 2024-04-30T10:36:09.704Z, 1114.1543781999999, 684.6443184
1714473369719, 2024-04-30T10:36:09.719Z, 1114.7100688, 686.4918759999998
1714473369738, 2024-04-30T10:36:09.738Z, 1114.4714021999998, 690.6380767999999
1714473369751, 2024-04-30T10:36:09.751Z, 1116.3279574, 696.175222
1714473369766, 2024-04-30T10:36:09.766Z, 1117.8079771999999, 699.5039257999999
1714473369783, 2024-04-30T10:36:09.783Z, 1118.0745929999998, 702.2604924
1714473369797, 2024-04-30T10:36:09.797Z, 1117.0485207999998, 703.9451251999999
1714473369812, 2024-04-30T10:36:09.812Z, 1116.421861, 703.1758004000001
1714473369840, 2024-04-30T10:36:09.840Z, 1112.2567646, 701.6969452000001
1714473369870, 2024-04-30T10:36:09.870Z, 1107.1516116, 700.8945398
1714473369884, 2024-04-30T10:36:09.884Z, 1093.4722546, 698.035249
1714473369896, 2024-04-30T10:36:09.896Z, 972.3045829999999, 675.140609
1714473369914, 2024-04-30T10:36:09.914Z, 807.6322484, 644.2289238000001
1714473369928, 2024-04-30T10:36:09.928Z, 645.0853992, 612.6976038
1714473369941, 2024-04-30T10:36:09.941Z, 483.4542428, 582.4062066
1714473369960, 2024-04-30T10:36:09.960Z, 331.80564319999996, 554.5049174
1714473369988, 2024-04-30T10:36:09.988Z, 288.2682564, 546.5948758
1714473370006, 2024-04-30T10:36:10.006Z, 290.4632186, 546.0384167999999
1714473370018, 2024-04-30T10:36:10.018Z, 294.7782104, 546.5751290000001
1714473370031, 2024-04-30T10:36:10.031Z, 300.0053574, 546.0362136000001
1714473370050, 2024-04-30T10:36:10.050Z, 303.1535272, 543.3995674
1714473370063, 2024-04-30T10:36:10.063Z, 306.74190020000003, 542.3935338000001
1714473370076, 2024-04-30T10:36:10.076Z, 303.750227, 542.3971794
1714473370096, 2024-04-30T10:36:10.096Z, 300.9344346, 542.4315458
1714473370108, 2024-04-30T10:36:10.108Z, 294.6066014, 541.5319888
1714473370141, 2024-04-30T10:36:10.141Z, 285.769689, 539.5281412
1714473370155, 2024-04-30T10:36:10.155Z, 277.1503956, 537.6651042
1714473370170, 2024-04-30T10:36:10.170Z, 272.31876220000004, 536.7015824
1714473370186, 2024-04-30T10:36:10.186Z, 265.7101126, 537.7554471999999
1714473370201, 2024-04-30T10:36:10.201Z, 263.12726299999997, 543.1322204
1714473370217, 2024-04-30T10:36:10.217Z, 263.54284880000006, 549.7657518
1714473370529, 2024-04-30T10:36:10.529Z, 451.0997578, 592.9867332
1714473370546, 2024-04-30T10:36:10.546Z, 637.05727, 635.7454106
1714473370561, 2024-04-30T10:36:10.561Z, 822.439443, 675.7541058
1714473370590, 2024-04-30T10:36:10.590Z, 1004.9196938000001, 709.4539134
1714473370603, 2024-04-30T10:36:10.603Z, 1185.549148, 744.9146532000001
1714473370623, 2024-04-30T10:36:10.623Z, 1176.8533525999999, 748.9815154
1714473370638, 2024-04-30T10:36:10.638Z, 1170.063616, 751.6449735999998
1714473370654, 2024-04-30T10:36:10.654Z, 1165.7374014000002, 756.0286004
1714473370669, 2024-04-30T10:36:10.669Z, 1163.4877766, 764.3675179999999
1714473370684, 2024-04-30T10:36:10.684Z, 1163.9540094, 772.1258684
1714473370699, 2024-04-30T10:36:10.699Z, 1166.6221214, 773.7658698
1714473370716, 2024-04-30T10:36:10.716Z, 1171.1187994, 776.1012916000001
1714473370740, 2024-04-30T10:36:10.740Z, 1174.0930551999998, 774.8992152000001
1714473370753, 2024-04-30T10:36:10.753Z, 1175.6767154, 772.4659778
1714473370780, 2024-04-30T10:36:10.780Z, 1175.4538295999998, 769.5890516000001
1714473370796, 2024-04-30T10:36:10.796Z, 1175.7388480000002, 767.0721209999999
1714473370811, 2024-04-30T10:36:10.811Z, 1176.7284908, 764.7451324
1714473370828, 2024-04-30T10:36:10.828Z, 1178.7440782, 765.0149284
1714473370843, 2024-04-30T10:36:10.843Z, 1179.5428299999999, 766.1373506
1714473370859, 2024-04-30T10:36:10.859Z, 1178.8426896, 767.2180256
1714473370890, 2024-04-30T10:36:10.890Z, 1173.6933342, 767.4199150000001
1714473370906, 2024-04-30T10:36:10.906Z, 1165.7828162, 767.732693
1714473370921, 2024-04-30T10:36:10.921Z, 1156.6807288, 767.89508
1714473370937, 2024-04-30T10:36:10.937Z, 1150.7578826000001, 767.4056112000001
1714473370953, 2024-04-30T10:36:10.953Z, 1148.4124298000002, 767.1867258
1714473370968, 2024-04-30T10:36:10.968Z, 1150.1793686, 767.6536894
1714473370985, 2024-04-30T10:36:10.985Z, 1150.6419154, 767.3216116000001
1714473370999, 2024-04-30T10:36:10.999Z, 1150.8145154, 766.8142038
1714473371015, 2024-04-30T10:36:11.015Z, 1150.8061166000002, 766.6619266
1714473371040, 2024-04-30T10:36:11.040Z, 1147.6349504, 765.4157152
1714473371053, 2024-04-30T10:36:11.053Z, 1145.1905929999998, 764.6369162000001
1714473371066, 2024-04-30T10:36:11.066Z, 1144.4509739999999, 764.580479
1714473371084, 2024-04-30T10:36:11.084Z, 1146.8390136, 766.4142832
1714473371099, 2024-04-30T10:36:11.099Z, 1146.1281672, 767.1511984
1714473371123, 2024-04-30T10:36:11.123Z, 1146.2754046, 769.6328952
1714473371138, 2024-04-30T10:36:11.138Z, 1145.4214802000001, 773.5371835999999
1714473371153, 2024-04-30T10:36:11.153Z, 1144.8876071999998, 778.0023553999999
1714473371169, 2024-04-30T10:36:11.169Z, 1138.6436754000001, 779.3430401999999
1714473371190, 2024-04-30T10:36:11.190Z, 1131.5515997999998, 780.5717999999999
1714473371201, 2024-04-30T10:36:11.201Z, 1127.857804, 782.7260546
1714473371218, 2024-04-30T10:36:11.218Z, 1123.0108385999997, 781.8849666
1714473371235, 2024-04-30T10:36:11.235Z, 1118.4494611999999, 780.6832166
1714473371246, 2024-04-30T10:36:11.246Z, 1115.2801824, 779.5673677999999
1714473371263, 2024-04-30T10:36:11.263Z, 1114.5829408000002, 778.3299208
1714473371278, 2024-04-30T10:36:11.278Z, 1111.9793687999997, 775.3629454
1714473371293, 2024-04-30T10:36:11.293Z, 1109.320413, 773.0264616000001
1714473371310, 2024-04-30T10:36:11.310Z, 1106.0105224, 770.5527098
1714473371340, 2024-04-30T10:36:11.340Z, 1105.5271672, 767.4631452
1714473371359, 2024-04-30T10:36:11.359Z, 1103.3172804, 765.9675159999999
1714473371373, 2024-04-30T10:36:11.373Z, 1100.4103312, 763.5227400000001
1714473371387, 2024-04-30T10:36:11.387Z, 1096.7127369999998, 757.384509
1714473371404, 2024-04-30T10:36:11.404Z, 1093.8792059999998, 751.0742444
1714473371418, 2024-04-30T10:36:11.418Z, 1093.1632028, 749.3128383999999
1714473371434, 2024-04-30T10:36:11.434Z, 1094.4615552, 747.8229009999999
1714473371449, 2024-04-30T10:36:11.449Z, 1096.6183023999997, 747.7346100000001
1714473371464, 2024-04-30T10:36:11.464Z, 1100.4484206000002, 752.1681574
1714473371496, 2024-04-30T10:36:11.496Z, 1102.7511438, 757.8188456
1714473371511, 2024-04-30T10:36:11.511Z, 1101.8092564, 759.7590172
1714473371527, 2024-04-30T10:36:11.527Z, 1100.6037254, 760.3950714
1714473371543, 2024-04-30T10:36:11.543Z, 1099.241114, 759.8328116
1714473371558, 2024-04-30T10:36:11.558Z, 1098.7224176, 757.3067094
1714473371574, 2024-04-30T10:36:11.574Z, 1099.0514726, 753.3159572
1714473371589, 2024-04-30T10:36:11.589Z, 1099.3074567999997, 750.4273582
1714473371605, 2024-04-30T10:36:11.605Z, 1099.4268023999998, 748.0502091999999
1714473371620, 2024-04-30T10:36:11.620Z, 1099.4340710000001, 747.0379553999999
1714473371641, 2024-04-30T10:36:11.641Z, 1098.1534364, 749.8195089999999
1714473371653, 2024-04-30T10:36:11.653Z, 1097.4425444, 752.3828472
1714473371674, 2024-04-30T10:36:11.674Z, 1096.9773030000001, 757.6841453999999
1714473371685, 2024-04-30T10:36:11.685Z, 1096.9929528, 762.7631358
1714473371698, 2024-04-30T10:36:11.698Z, 1100.816913, 766.494765
1714473371719, 2024-04-30T10:36:11.719Z, 1104.0613134, 767.0956594
1714473371730, 2024-04-30T10:36:11.730Z, 1106.558098, 768.3950742
1714473371745, 2024-04-30T10:36:11.745Z, 1108.0559192, 766.5527488
1714473371761, 2024-04-30T10:36:11.761Z, 1109.1170564, 764.802331
1714473371788, 2024-04-30T10:36:11.788Z, 1105.8503503999998, 763.8549032
1714473371806, 2024-04-30T10:36:11.806Z, 1103.3173706, 763.4537292
1714473371818, 2024-04-30T10:36:11.818Z, 1100.8482754, 762.6697796000001
1714473371831, 2024-04-30T10:36:11.831Z, 1098.7386222, 763.1261964
1714473371852, 2024-04-30T10:36:11.852Z, 1096.7492734, 763.397961
1714473371866, 2024-04-30T10:36:11.866Z, 1095.6426946, 763.9756818
1714473371876, 2024-04-30T10:36:11.876Z, 1095.1281756, 764.5810309999999
1714473371893, 2024-04-30T10:36:11.893Z, 1095.219524, 765.198312
1714473371914, 2024-04-30T10:36:11.914Z, 1095.6270674000002, 764.7437946
1714473371943, 2024-04-30T10:36:11.943Z, 1094.8209642000002, 764.9473196
1714473371954, 2024-04-30T10:36:11.954Z, 1092.4855784, 765.2072758
1714473371966, 2024-04-30T10:36:11.966Z, 1090.1126226000001, 765.1984640000001
1714473371986, 2024-04-30T10:36:11.986Z, 1087.2753372, 765.4001094000001
1714473371998, 2024-04-30T10:36:11.998Z, 1084.2680654, 764.8282034000001
1714473372011, 2024-04-30T10:36:12.011Z, 1082.3145579999998, 762.9964922
1714473372032, 2024-04-30T10:36:12.032Z, 1081.8553224, 760.9626306
1714473372043, 2024-04-30T10:36:12.043Z, 1081.5600817999998, 759.5872626
1714473372056, 2024-04-30T10:36:12.056Z, 1081.519922, 758.112307
1714473372089, 2024-04-30T10:36:12.089Z, 1082.8805688, 757.4041382
1714473372103, 2024-04-30T10:36:12.103Z, 1086.3190156, 757.319951
1714473372121, 2024-04-30T10:36:12.121Z, 1089.3871602, 757.4400368
1714473372134, 2024-04-30T10:36:12.134Z, 1092.4616696, 757.487723
1714473372150, 2024-04-30T10:36:12.150Z, 1096.5431416, 757.1859132000001
1714473372166, 2024-04-30T10:36:12.166Z, 1100.3757976, 757.0709727999999
1714473372182, 2024-04-30T10:36:12.182Z, 1101.8247127999998, 757.7572729999999
1714473372197, 2024-04-30T10:36:12.197Z, 1103.0225878, 759.7857492
1714473372213, 2024-04-30T10:36:12.213Z, 1102.7360574000002, 763.4683044000001
1714473372237, 2024-04-30T10:36:12.237Z, 1099.9246426, 768.3408766
1714473372256, 2024-04-30T10:36:12.256Z, 1095.3387842, 772.430068
1714473372268, 2024-04-30T10:36:12.268Z, 1092.0037636000002, 775.8225184
1714473372281, 2024-04-30T10:36:12.281Z, 1089.0850702, 776.8262732000001
1714473372300, 2024-04-30T10:36:12.300Z, 1087.0404902, 775.0939179999999
1714473372313, 2024-04-30T10:36:12.313Z, 1087.0277746, 772.2133514000001
1714473372326, 2024-04-30T10:36:12.326Z, 1087.5374791999998, 769.6774818
1714473372347, 2024-04-30T10:36:12.347Z, 1086.8996581999997, 767.15341
1714473372359, 2024-04-30T10:36:12.359Z, 1086.3243036, 765.5861253999999
1714473372400, 2024-04-30T10:36:12.400Z, 1086.6083332, 765.4256595999999
1714473372416, 2024-04-30T10:36:12.416Z, 1088.6528986, 766.6130064000001
1714473372435, 2024-04-30T10:36:12.435Z, 1103.9609764000002, 770.1121066000001
1714473372636, 2024-04-30T10:36:12.636Z, 1175.6961308000002, 792.308332
1714473372651, 2024-04-30T10:36:12.651Z, 1241.2077777999998, 813.3298500000001
1714473372690, 2024-04-30T10:36:12.690Z, 1307.6720196, 835.6153312
1714473372713, 2024-04-30T10:36:12.713Z, 1375.4696562, 855.7528962
1714473372728, 2024-04-30T10:36:12.728Z, 1433.9440229999998, 873.9643612
1714473372744, 2024-04-30T10:36:12.744Z, 1436.4083606, 873.3652436
1714473372759, 2024-04-30T10:36:12.759Z, 1446.0571592000001, 873.4064158000001
1714473372790, 2024-04-30T10:36:12.790Z, 1454.353541, 871.8377422
1714473372805, 2024-04-30T10:36:12.805Z, 1460.4525324, 870.8071292000001
1714473372821, 2024-04-30T10:36:12.821Z, 1462.0909553999998, 869.4071392
1714473372846, 2024-04-30T10:36:12.846Z, 1463.087516, 868.5469956
1714473372856, 2024-04-30T10:36:12.856Z, 1463.2204284, 868.9373228000001
1714473372868, 2024-04-30T10:36:12.868Z, 1463.8913423999998, 868.760909
1714473372890, 2024-04-30T10:36:12.890Z, 1463.3099336, 869.0192537999999
1714473372914, 2024-04-30T10:36:12.914Z, 1463.1149846, 868.707186
1714473372946, 2024-04-30T10:36:12.946Z, 1431.2294180000001, 857.3728142
1714473372964, 2024-04-30T10:36:12.964Z, 1397.9991166000002, 844.7355890000001
1714473372990, 2024-04-30T10:36:12.990Z, 1342.5401968, 830.694374
1714473373002, 2024-04-30T10:36:13.002Z, 1285.2788071999998, 816.7911868
1714473373034, 2024-04-30T10:36:13.034Z, 1223.161115, 802.7262126
1714473373047, 2024-04-30T10:36:13.047Z, 1194.7164538, 795.5096042
1714473373079, 2024-04-30T10:36:13.079Z, 1170.49198, 791.2859262
1714473373091, 2024-04-30T10:36:13.091Z, 1169.0620933999999, 789.5969632
1714473373109, 2024-04-30T10:36:13.109Z, 1169.8383325999998, 787.9250003999999
1714473373138, 2024-04-30T10:36:13.138Z, 1176.1448865999998, 789.2885444000001
1714473373153, 2024-04-30T10:36:13.153Z, 1180.60703, 794.0452445999999
1714473373168, 2024-04-30T10:36:13.168Z, 1184.0701026, 794.715229
1714473373180, 2024-04-30T10:36:13.180Z, 1187.5615462, 793.6551254
1714473373198, 2024-04-30T10:36:13.198Z, 1189.1611458, 794.0751152
1714473373213, 2024-04-30T10:36:13.213Z, 1191.5456866, 790.403003
1714473373225, 2024-04-30T10:36:13.225Z, 1194.7230902, 787.5993808000001
1714473373243, 2024-04-30T10:36:13.243Z, 1196.1939836, 786.5383888
1714473373258, 2024-04-30T10:36:13.258Z, 1196.7464164, 786.6278478
1714473373289, 2024-04-30T10:36:13.289Z, 1198.6240306, 786.3527224
1714473373302, 2024-04-30T10:36:13.302Z, 1199.7746405999999, 788.7583424000001
1714473373315, 2024-04-30T10:36:13.315Z, 1199.3518818, 790.9744184000001
1714473373332, 2024-04-30T10:36:13.332Z, 1198.8433072, 792.9952854
1714473373347, 2024-04-30T10:36:13.347Z, 1198.2254558, 794.3767293999999
1714473373361, 2024-04-30T10:36:13.361Z, 1197.3988875999999, 794.8326718
1714473373377, 2024-04-30T10:36:13.377Z, 1196.8846672, 792.7421879999999
1714473373392, 2024-04-30T10:36:13.392Z, 1198.3880204000002, 789.6181418
1714473373408, 2024-04-30T10:36:13.408Z, 1199.7434779999999, 786.2877798
1714473373439, 2024-04-30T10:36:13.439Z, 1203.1437006, 784.0098985999999
1714473373455, 2024-04-30T10:36:13.455Z, 1206.8958043999999, 781.4094792
1714473373470, 2024-04-30T10:36:13.470Z, 1231.8683741999998, 785.5964277999999
1714473373501, 2024-04-30T10:36:13.501Z, 1264.689664, 792.8134163999999
1714473373517, 2024-04-30T10:36:13.517Z, 1314.5160924, 804.5415378
1714473373547, 2024-04-30T10:36:13.547Z, 1361.0148352, 815.9916892
1714473373563, 2024-04-30T10:36:13.563Z, 1406.4693697999999, 827.8098838
1714473373586, 2024-04-30T10:36:13.586Z, 1430.8647532, 834.9009652000001
1714473373603, 2024-04-30T10:36:13.603Z, 1449.177004, 838.5608239999999
1714473373630, 2024-04-30T10:36:13.630Z, 1452.1825234, 836.8141288
1714473373647, 2024-04-30T10:36:13.647Z, 1456.9806164000001, 834.7612354
1714473373675, 2024-04-30T10:36:13.675Z, 1429.0186188, 822.538099