1714473754384, 2024-04-30T10:42:34.384Z, 431.833341, 104.018254
1714473757908, 2024-04-30T10:42:37.908Z, 233.66468450000002, 338.8972025
1714473758492, 2024-04-30T10:42:38.492Z, 155.62605166666668, 422.9047293333333
1714473758732, 2024-04-30T10:42:38.732Z, 134.187927, 472.35700975
1714473758807, 2024-04-30T10:42:38.807Z, 110.3403858, 519.7600688
1714473758852, 2024-04-30T10:42:38.852Z, 28.305600600000002, 636.6505516
1714473758882, 2024-04-30T10:42:38.882Z, 31.524760800000003, 663.4633894000001
1714473758897, 2024-04-30T10:42:38.897Z, 54.798464, 693.9119662
1714473758942, 2024-04-30T10:42:38.942Z, 70.6805742, 721.6560792
1714473758987, 2024-04-30T10:42:38.987Z, 99.9407908, 734.9922974000001
1714473759032, 2024-04-30T10:42:39.032Z, 128.4022616, 753.0636396000001
1714473759078, 2024-04-30T10:42:39.078Z, 176.3170836, 743.6916143999999
1714473759122, 2024-04-30T10:42:39.122Z, 211.366811, 727.2551238000001
1714473759168, 2024-04-30T10:42:39.168Z, 264.5433544, 726.6561636
1714473760205, 2024-04-30T10:42:40.205Z, 236.014817, 730.9902628
1714473760249, 2024-04-30T10:42:40.249Z, 210.702063, 734.3544102
1714473761509, 2024-04-30T10:42:41.509Z, 193.5713944, 731.9761629999999
1714473762844, 2024-04-30T10:42:42.844Z, 395.5761416, 663.554082
1714473762859, 2024-04-30T10:42:42.859Z, 562.59771, 586.6798947999999
1714473762905, 2024-04-30T10:42:42.905Z, 807.3024664000001, 502.9407396
1714473762915, 2024-04-30T10:42:42.915Z, 1048.1176148, 420.1486269999999
1714473762934, 2024-04-30T10:42:42.934Z, 1250.3200531999998, 372.2510398
1714473762946, 2024-04-30T10:42:42.946Z, 1226.5122026, 397.47200499999997
1714473762993, 2024-04-30T10:42:42.993Z, 1210.8065258, 416.5292576
1714473763024, 2024-04-30T10:42:43.024Z, 1196.7100809999997, 435.9398704
1714473763070, 2024-04-30T10:42:43.070Z, 1184.3251070000001, 453.71764299999995
1714473763101, 2024-04-30T10:42:43.101Z, 1177.3452819999998, 465.59006680000005
1714473763202, 2024-04-30T10:42:43.202Z, 1199.6326012, 450.9150146
1714473763294, 2024-04-30T10:42:43.294Z, 1233.593692, 428.30453520000003
1714473763382, 2024-04-30T10:42:43.382Z, 1270.9376952, 399.9029528
1714473763427, 2024-04-30T10:42:43.427Z, 1308.8134468, 370.83794420000004
1714473763474, 2024-04-30T10:42:43.474Z, 1345.0333465999997, 342.3384088
1714473763520, 2024-04-30T10:42:43.520Z, 1357.444198, 334.96098440000003
1714473763606, 2024-04-30T10:42:43.606Z, 1359.8953396, 331.0311888
1714473763651, 2024-04-30T10:42:43.651Z, 1356.825118, 329.6405972
1714473763678, 2024-04-30T10:42:43.678Z, 1351.6424087999999, 330.01438459999997
1714473763696, 2024-04-30T10:42:43.696Z, 1336.6347262, 321.922289
1714473763726, 2024-04-30T10:42:43.726Z, 1323.67025, 317.76985040000005
1714473763741, 2024-04-30T10:42:43.741Z, 1309.6944204, 312.840794
1714473763787, 2024-04-30T10:42:43.787Z, 1298.8428048, 309.39292059999997
1714473763818, 2024-04-30T10:42:43.818Z, 1292.8923684, 275.4325868
1714473763834, 2024-04-30T10:42:43.834Z, 1295.6237876, 245.43671280000004
1714473763877, 2024-04-30T10:42:43.877Z, 1297.8866266, 208.4815912
1714473763904, 2024-04-30T10:42:43.904Z, 1306.9666676000002, 180.2695672
1714473763922, 2024-04-30T10:42:43.922Z, 1318.4998006, 152.4506658
1714473763949, 2024-04-30T10:42:43.949Z, 1325.8214538, 155.53805759999997
1714473763966, 2024-04-30T10:42:43.966Z, 1335.7430752, 161.95864579999997
1714473763994, 2024-04-30T10:42:43.994Z, 1346.6096765999998, 170.3609406
1714473764039, 2024-04-30T10:42:44.039Z, 1347.0180394000001, 172.3588346
1714473764056, 2024-04-30T10:42:44.056Z, 1343.9643356000001, 174.3159662
1714473764086, 2024-04-30T10:42:44.086Z, 1339.9924714, 177.1619146
1714473764101, 2024-04-30T10:42:44.101Z, 1334.1166044, 185.87029139999999
1714473764129, 2024-04-30T10:42:44.129Z, 1327.5682826, 192.00932459999999
1714473764150, 2024-04-30T10:42:44.150Z, 1325.9749235999998, 194.2661336
1714473764177, 2024-04-30T10:42:44.177Z, 1324.3940632, 195.3915344
1714473764194, 2024-04-30T10:42:44.194Z, 1323.3601326, 192.82917780000002
1714473764223, 2024-04-30T10:42:44.223Z, 1324.7444476, 186.0370194
1714473764239, 2024-04-30T10:42:44.239Z, 1325.9850265999999, 181.2350368
1714473764270, 2024-04-30T10:42:44.270Z, 1327.2812509999999, 179.4866572
1714473764285, 2024-04-30T10:42:44.285Z, 1328.7342548000001, 178.4827626
1714473764330, 2024-04-30T10:42:44.330Z, 1329.3313744, 179.19821779999998
1714473764362, 2024-04-30T10:42:44.362Z, 1332.1239988000002, 176.6840498
1714473764378, 2024-04-30T10:42:44.378Z, 1334.6394587999998, 174.05217839999997
1714473764409, 2024-04-30T10:42:44.409Z, 1334.6846775999998, 171.85746020000002
1714473764424, 2024-04-30T10:42:44.424Z, 1334.2538404, 169.78772239999998
1714473764454, 2024-04-30T10:42:44.454Z, 1333.2684244, 169.31408059999998
1714473764957, 2024-04-30T10:42:44.957Z, 1387.169564, 181.7949262
1714473764986, 2024-04-30T10:42:44.986Z, 1441.171736, 204.824737
1714473765002, 2024-04-30T10:42:45.002Z, 1496.5714894, 226.136913
1714473765034, 2024-04-30T10:42:45.034Z, 1551.1869472000003, 242.8405836
1714473765049, 2024-04-30T10:42:45.049Z, 1602.7399682, 249.429235
1714473765075, 2024-04-30T10:42:45.075Z, 1594.3700832, 248.4196444
1714473765092, 2024-04-30T10:42:45.092Z, 1586.575944, 237.39201459999998
1714473765136, 2024-04-30T10:42:45.136Z, 1580.1420931999999, 229.17956639999997
1714473765164, 2024-04-30T10:42:45.164Z, 1573.3889608000002, 226.92717979999998
1714473765181, 2024-04-30T10:42:45.181Z, 1572.3248772, 231.3459954
1714473765227, 2024-04-30T10:42:45.227Z, 1571.3111104, 225.7358604
1714473765409, 2024-04-30T10:42:45.409Z, 1521.0957641999998, 228.006538
1714473765456, 2024-04-30T10:42:45.456Z, 1469.3450091999998, 242.6203572
1714473765502, 2024-04-30T10:42:45.502Z, 1426.4375204, 250.5861352
1714473765548, 2024-04-30T10:42:45.548Z, 1383.0213736, 264.21528939999996
1714473765564, 2024-04-30T10:42:45.564Z, 1341.3535035999998, 287.4503194
1714473765580, 2024-04-30T10:42:45.580Z, 1344.3406114, 316.9494576
1714473765611, 2024-04-30T10:42:45.611Z, 1347.3625602, 327.7856246
1714473765643, 2024-04-30T10:42:45.643Z, 1340.2960116, 338.1464524
1714473765658, 2024-04-30T10:42:45.658Z, 1329.3425976, 335.2892308
1714473765705, 2024-04-30T10:42:45.705Z, 1319.3072932, 328.2534448
1714473765720, 2024-04-30T10:42:45.720Z, 1320.4296870000003, 326.8984434
1714473765736, 2024-04-30T10:42:45.736Z, 1322.3392942000003, 326.9407258
1714473765751, 2024-04-30T10:42:45.751Z, 1327.0569686, 324.79888339999997
1714473765783, 2024-04-30T10:42:45.783Z, 1340.2483102, 338.42596560000004
1714473765798, 2024-04-30T10:42:45.798Z, 1353.4013532000001, 356.1184892
1714473765828, 2024-04-30T10:42:45.828Z, 1360.8589251999997, 359.201426
1714473765839, 2024-04-30T10:42:45.839Z, 1368.2343424, 362.87734
1714473765872, 2024-04-30T10:42:45.872Z, 1367.462564, 360.93015
1714473765884, 2024-04-30T10:42:45.884Z, 1361.5429356, 354.9623652000001
1714473765918, 2024-04-30T10:42:45.918Z, 1354.1514828, 350.21100200000006
1714473765929, 2024-04-30T10:42:45.929Z, 1344.633714, 335.786961
1714473765946, 2024-04-30T10:42:45.946Z, 1338.4955992, 331.0955254
1714473766143, 2024-04-30T10:42:46.143Z, 1355.7136326, 339.6965288
1714473766155, 2024-04-30T10:42:46.155Z, 1359.5429644, 344.57206560000003
1714473766174, 2024-04-30T10:42:46.174Z, 1365.9343262, 345.17975400000006
1714473766186, 2024-04-30T10:42:46.186Z, 1373.7217418, 349.57153160000007
1714473766201, 2024-04-30T10:42:46.201Z, 1382.6549498, 343.3823274
1714473766217, 2024-04-30T10:42:46.217Z, 1375.641408, 338.10214460000003
1714473766233, 2024-04-30T10:42:46.233Z, 1385.2502848, 338.2887278
1714473766248, 2024-04-30T10:42:46.248Z, 1392.7327473999999, 339.0969166
1714473766278, 2024-04-30T10:42:46.278Z, 1399.1712584000002, 340.7941346
1714473766307, 2024-04-30T10:42:46.307Z, 1406.6783654, 345.2117768
1714473766358, 2024-04-30T10:42:46.358Z, 1416.8084478, 348.14763819999996
1714473766405, 2024-04-30T10:42:46.405Z, 1423.1021186000003, 347.55326279999997
1714473766442, 2024-04-30T10:42:46.442Z, 1470.5367118, 351.90647659999996
1714473766470, 2024-04-30T10:42:46.470Z, 1511.7151726, 355.2535002
1714473766486, 2024-04-30T10:42:46.486Z, 1544.4909726, 358.6881656
1714473766502, 2024-04-30T10:42:46.502Z, 1577.6762649999998, 365.6851324
1714473766531, 2024-04-30T10:42:46.531Z, 1608.462392, 371.7215104
1714473766546, 2024-04-30T10:42:46.546Z, 1597.6179064, 372.3744332
1714473766576, 2024-04-30T10:42:46.576Z, 1588.307863, 372.125771
1714473766592, 2024-04-30T10:42:46.592Z, 1570.2836320000001, 375.45412519999996
1714473766607, 2024-04-30T10:42:46.607Z, 1526.745608, 382.10859300000004
1714473766623, 2024-04-30T10:42:46.623Z, 1481.476597, 391.34400500000004
1714473766638, 2024-04-30T10:42:46.638Z, 1429.0865022, 403.5061518
1714473766654, 2024-04-30T10:42:46.654Z, 1377.5512285999998, 416.8937028
1714473766669, 2024-04-30T10:42:46.669Z, 1324.9350075999998, 428.9763044
1714473766685, 2024-04-30T10:42:46.685Z, 1294.3611968, 435.43695640000004
1714473766701, 2024-04-30T10:42:46.701Z, 1266.8326121999999, 440.8688162
1714473766728, 2024-04-30T10:42:46.728Z, 1246.9922662, 444.10873499999997
1714473766739, 2024-04-30T10:42:46.739Z, 1231.7785516, 446.8321022
1714473766772, 2024-04-30T10:42:46.772Z, 1222.713405, 449.05058959999997
1714473766784, 2024-04-30T10:42:46.784Z, 1213.6728416, 450.72129839999997
1714473766817, 2024-04-30T10:42:46.817Z, 1195.0921892000001, 453.0336082
1714473766829, 2024-04-30T10:42:46.829Z, 1176.4668840000002, 454.504517
1714473766875, 2024-04-30T10:42:46.875Z, 1158.3768640000003, 456.8676114
1714473766895, 2024-04-30T10:42:46.895Z, 1147.0581976, 456.19213499999995
1714473766921, 2024-04-30T10:42:46.921Z, 1137.2112816000001, 454.6131076
1714473766937, 2024-04-30T10:42:46.937Z, 1139.7095448000002, 452.7160366
1714473766968, 2024-04-30T10:42:46.968Z, 1139.3418178, 447.736049
1714473767027, 2024-04-30T10:42:47.027Z, 1141.1579497999999, 452.3419162
1714473767041, 2024-04-30T10:42:47.041Z, 1143.0880174, 457.8078726
1714473767071, 2024-04-30T10:42:47.071Z, 1141.6940998, 455.2270428
1714473767086, 2024-04-30T10:42:47.086Z, 1142.692297, 454.0398601999999
1714473767116, 2024-04-30T10:42:47.116Z, 1148.828406, 456.2074664
1714473767131, 2024-04-30T10:42:47.131Z, 1156.1309767999999, 452.67633700000005
1714473767326, 2024-04-30T10:42:47.326Z, 1140.046157, 422.78657039999996
1714473767343, 2024-04-30T10:42:47.343Z, 1178.1700408, 394.3497242
1714473767360, 2024-04-30T10:42:47.360Z, 1214.3531079999998, 370.4915814
1714473767405, 2024-04-30T10:42:47.405Z, 1250.204339, 351.78433700000005
1714473767437, 2024-04-30T10:42:47.437Z, 1289.2551444, 345.2202618
1714473767453, 2024-04-30T10:42:47.453Z, 1350.975353, 365.2031976
1714473767479, 2024-04-30T10:42:47.479Z, 1361.2279654, 399.8227758
1714473767493, 2024-04-30T10:42:47.493Z, 1372.9265851999999, 430.0771398
1714473767546, 2024-04-30T10:42:47.546Z, 1372.9118382000001, 455.2257004
1714473767578, 2024-04-30T10:42:47.578Z, 1361.4019354000002, 461.55084239999996
1714473767594, 2024-04-30T10:42:47.594Z, 1345.0297018, 465.45779039999996
1714473767609, 2024-04-30T10:42:47.609Z, 1325.2870864000001, 461.9204644
1714473767630, 2024-04-30T10:42:47.630Z, 1295.4823926000001, 454.4225216000001
1714473767640, 2024-04-30T10:42:47.640Z, 1256.2511628, 449.146302
1714473767687, 2024-04-30T10:42:47.687Z, 1216.5626772, 446.78171000000003
1714473767719, 2024-04-30T10:42:47.719Z, 1162.9683262, 454.5889811999999
1714473767733, 2024-04-30T10:42:47.733Z, 1109.6743732, 460.6364181999999
1714473767776, 2024-04-30T10:42:47.776Z, 1063.1218454, 467.0612782
1714473767793, 2024-04-30T10:42:47.793Z, 1039.8956792000001, 468.9675876
1714473767810, 2024-04-30T10:42:47.810Z, 1047.9550992, 461.1041512
1714473767841, 2024-04-30T10:42:47.841Z, 1074.6983642, 451.723755
1714473767856, 2024-04-30T10:42:47.856Z, 1109.3734514, 449.7424838
1714473767872, 2024-04-30T10:42:47.872Z, 1144.1612066, 448.95885319999996
1714473767903, 2024-04-30T10:42:47.903Z, 1172.6616835999998, 451.1910608
1714473768286, 2024-04-30T10:42:48.286Z, 1212.9344741999998, 457.9517568
1714473768301, 2024-04-30T10:42:48.301Z, 1248.3763353999998, 464.1341886
1714473768331, 2024-04-30T10:42:48.331Z, 1282.6005911999998, 462.8000552
1714473768347, 2024-04-30T10:42:48.347Z, 1320.0000026, 459.11381220000004
1714473768378, 2024-04-30T10:42:48.378Z, 1363.335721, 452.5288286
1714473768392, 2024-04-30T10:42:48.392Z, 1369.8276692000002, 450.81518259999996
1714473768437, 2024-04-30T10:42:48.437Z, 1380.9440066, 445.08515500000004
1714473768449, 2024-04-30T10:42:48.449Z, 1389.3699646, 441.40137880000003
1714473768470, 2024-04-30T10:42:48.470Z, 1389.0473754, 444.98399579999995
1714473768483, 2024-04-30T10:42:48.483Z, 1382.2095936, 459.5816957999999
1714473768531, 2024-04-30T10:42:48.531Z, 1360.5553986, 470.5717046
1714473768558, 2024-04-30T10:42:48.558Z, 1337.2308592, 479.4687666
1714473768573, 2024-04-30T10:42:48.573Z, 1310.354117, 486.7705532
1714473768604, 2024-04-30T10:42:48.604Z, 1319.0623620000001, 492.09051900000003
1714473768619, 2024-04-30T10:42:48.619Z, 1330.69022, 489.1675856
1714473768635, 2024-04-30T10:42:48.635Z, 1349.6443144, 488.89639879999993
1714473768650, 2024-04-30T10:42:48.650Z, 1367.7361912000001, 489.4232648
1714473768674, 2024-04-30T10:42:48.674Z, 1386.0192697999998, 493.31009000000006
1714473768691, 2024-04-30T10:42:48.691Z, 1356.1906404, 492.42668460000004
1714473768706, 2024-04-30T10:42:48.706Z, 1324.3283476, 490.6923938
1714473768719, 2024-04-30T10:42:48.719Z, 1291.5311386, 487.78926620000004
1714473768736, 2024-04-30T10:42:48.736Z, 1265.7028844, 484.3733622
1714473768751, 2024-04-30T10:42:48.751Z, 1242.2579638, 479.4059144
1714473768767, 2024-04-30T10:42:48.767Z, 1235.8809956, 475.4003586
1714473768782, 2024-04-30T10:42:48.782Z, 1231.5603515999999, 472.7045912
1714473768797, 2024-04-30T10:42:48.797Z, 1234.988307, 473.25444179999994
1714473768827, 2024-04-30T10:42:48.827Z, 1237.5330704, 473.7236834
1714473768841, 2024-04-30T10:42:48.841Z, 1234.7413169999998, 476.2465808
1714473768853, 2024-04-30T10:42:48.853Z, 1234.2115458, 477.2969354
1714473768871, 2024-04-30T10:42:48.871Z, 1235.0916899999997, 474.8297234
1714473768889, 2024-04-30T10:42:48.889Z, 1219.5887998, 473.16811419999993
1714473768899, 2024-04-30T10:42:48.899Z, 1198.5719213999998, 466.9292848
1714473768916, 2024-04-30T10:42:48.916Z, 1182.3929844, 459.00332719999994
1714473768931, 2024-04-30T10:42:48.931Z, 1163.8144666000003, 451.78336479999996
1714473768946, 2024-04-30T10:42:48.946Z, 1142.7292410000002, 445.08813399999997
1714473768977, 2024-04-30T10:42:48.977Z, 1132.2124912000004, 435.98295820000004
1714473769009, 2024-04-30T10:42:49.009Z, 1128.2556676, 432.869708
1714473769024, 2024-04-30T10:42:49.024Z, 1131.2911482000002, 438.8568834000001
1714473769055, 2024-04-30T10:42:49.055Z, 1136.6284858000001, 448.435632
1714473769071, 2024-04-30T10:42:49.071Z, 1142.9229596, 459.38397240000006
1714473769087, 2024-04-30T10:42:49.087Z, 1151.2827814, 469.70074380000005
1714473769101, 2024-04-30T10:42:49.101Z, 1155.1539798, 478.27570620000006
1714473769124, 2024-04-30T10:42:49.124Z, 1152.2944284, 475.20874840000005
1714473769145, 2024-04-30T10:42:49.145Z, 1145.7981138, 469.5744816
1714473769156, 2024-04-30T10:42:49.156Z, 1139.4266896, 466.16871879999997
1714473769168, 2024-04-30T10:42:49.168Z, 1136.2453752, 464.8147338
1714473769186, 2024-04-30T10:42:49.186Z, 1131.8301562000001, 464.7513972
1714473769201, 2024-04-30T10:42:49.201Z, 1124.7977758, 468.954016
1714473769213, 2024-04-30T10:42:49.213Z, 1119.3804515999998, 473.90367960000003
1714473769231, 2024-04-30T10:42:49.231Z, 1114.9372956, 477.76334779999996
1714473769248, 2024-04-30T10:42:49.248Z, 1110.886103, 481.082528
1714473769427, 2024-04-30T10:42:49.427Z, 1136.3521806, 488.604485
1714473769438, 2024-04-30T10:42:49.438Z, 1155.1555826, 490.10481360000006
1714473769471, 2024-04-30T10:42:49.471Z, 1175.0170401999999, 490.20313559999994
1714473769483, 2024-04-30T10:42:49.483Z, 1189.3026382, 492.262605
1714473769501, 2024-04-30T10:42:49.501Z, 1202.7858206, 494.15716140000006
1714473769516, 2024-04-30T10:42:49.516Z, 1196.5020745999998, 490.75175900000005
1714473769528, 2024-04-30T10:42:49.528Z, 1198.8342436, 491.59119739999994
1714473769547, 2024-04-30T10:42:49.547Z, 1211.3698650000001, 493.2270904
1714473769727, 2024-04-30T10:42:49.727Z, 1234.4157034, 491.54732640000003
1714473769742, 2024-04-30T10:42:49.742Z, 1257.8871020000001, 491.26837700000004
1714473769759, 2024-04-30T10:42:49.759Z, 1273.8267522, 491.70565939999994
1714473769774, 2024-04-30T10:42:49.774Z, 1290.3546522000001, 491.25168319999995
1714473769789, 2024-04-30T10:42:49.789Z, 1295.9121394000001, 486.1757656
1714473769804, 2024-04-30T10:42:49.804Z, 1294.4175036000001, 481.1756248
1714473769820, 2024-04-30T10:42:49.820Z, 1291.7512208, 474.4852704
1714473769836, 2024-04-30T10:42:49.836Z, 1288.1244806, 468.49149980000004
1714473769852, 2024-04-30T10:42:49.852Z, 1283.288773, 465.1811286
1714473769877, 2024-04-30T10:42:49.877Z, 1277.9985918, 466.9009072
1714473769888, 2024-04-30T10:42:49.888Z, 1267.9285114, 469.1976476
1714473769906, 2024-04-30T10:42:49.906Z, 1249.7958365999998, 471.98863220000004
1714473769921, 2024-04-30T10:42:49.921Z, 1230.074885, 474.729835
1714473769933, 2024-04-30T10:42:49.933Z, 1210.0285288, 475.7328198
1714473769951, 2024-04-30T10:42:49.951Z, 1183.063854, 477.2420908
1714473769966, 2024-04-30T10:42:49.966Z, 1154.0133570000003, 479.8378028
1714473769978, 2024-04-30T10:42:49.978Z, 1133.447497, 482.1934904
1714473769996, 2024-04-30T10:42:49.996Z, 1111.4810824, 483.07302180000005
1714473770026, 2024-04-30T10:42:50.026Z, 1086.3777338, 482.0195602
1714473770058, 2024-04-30T10:42:50.058Z, 1066.6188141999999, 480.10768399999995
1714473770070, 2024-04-30T10:42:50.070Z, 1054.366033, 476.97212800000005
1714473770088, 2024-04-30T10:42:50.088Z, 1041.697267, 473.0899698
1714473770103, 2024-04-30T10:42:50.103Z, 1035.6494026, 471.66305859999994
1714473770117, 2024-04-30T10:42:50.117Z, 1041.2334586000002, 472.7107422
1714473770249, 2024-04-30T10:42:50.249Z, 1047.0463756, 482.70942779999996
1714473770267, 2024-04-30T10:42:50.267Z, 1081.4413405999999, 482.6050342
1714473770281, 2024-04-30T10:42:50.281Z, 1131.2266758, 479.1339722000001
1714473770293, 2024-04-30T10:42:50.293Z, 1179.2363598, 472.93987739999994
1714473770474, 2024-04-30T10:42:50.474Z, 1201.8149084000001, 468.1248922
1714473770506, 2024-04-30T10:42:50.506Z, 1236.437728, 457.18588739999996
1714473770522, 2024-04-30T10:42:50.522Z, 1243.1478002, 453.9118614
1714473770694, 2024-04-30T10:42:50.694Z, 1234.6493452, 466.0834718
1714473770709, 2024-04-30T10:42:50.709Z, 1209.4442516, 480.08641719999997
1714473770725, 2024-04-30T10:42:50.725Z, 1205.3454418, 489.56441459999996
1714473770740, 2024-04-30T10:42:50.740Z, 1194.8868936, 494.81480740000006
1714473770756, 2024-04-30T10:42:50.756Z, 1185.3813274, 502.73092940000004
1714473770791, 2024-04-30T10:42:50.791Z, 1176.1133934, 499.03487700000005
1714473770808, 2024-04-30T10:42:50.808Z, 1185.8394512, 496.59812679999993
1714473770823, 2024-04-30T10:42:50.823Z, 1192.7331646, 495.728482
1714473770835, 2024-04-30T10:42:50.835Z, 1193.4359872, 496.89247639999996
1714473770854, 2024-04-30T10:42:50.854Z, 1190.9172515999999, 498.79464879999995
1714473770869, 2024-04-30T10:42:50.869Z, 1189.2565666, 504.01707079999994
1714473770880, 2024-04-30T10:42:50.880Z, 1184.0360206, 507.144067
1714473770898, 2024-04-30T10:42:50.898Z, 1179.265654, 511.5151028
1714473770944, 2024-04-30T10:42:50.944Z, 1180.2691984, 516.5149472
1714473770958, 2024-04-30T10:42:50.958Z, 1181.3639834, 520.8435794000001
1714473771004, 2024-04-30T10:42:51.004Z, 1185.0978002, 521.5043957999999
1714473771035, 2024-04-30T10:42:51.035Z, 1190.9512544, 523.4237714000001
1714473771050, 2024-04-30T10:42:51.050Z, 1196.8888736000001, 524.7618176000001
1714473771079, 2024-04-30T10:42:51.079Z, 1198.9631164, 524.5523786
1714473771092, 2024-04-30T10:42:51.092Z, 1203.8537695999999, 522.5529131999999
1714473771121, 2024-04-30T10:42:51.121Z, 1206.3551466000001, 521.211825
1714473771136, 2024-04-30T10:42:51.136Z, 1207.9315566, 519.3028224
1714473771166, 2024-04-30T10:42:51.166Z, 1210.4179646, 518.5871950000001
1714473771181, 2024-04-30T10:42:51.181Z, 1212.2695706, 519.0216308
1714473771227, 2024-04-30T10:42:51.227Z, 1212.6815444, 524.9868982
1714473771256, 2024-04-30T10:42:51.256Z, 1210.4195341999998, 532.0084273999998
1714473771273, 2024-04-30T10:42:51.273Z, 1207.2134522000001, 537.5064580000001
1714473771316, 2024-04-30T10:42:51.316Z, 1194.9288766, 540.7596523999999
1714473771347, 2024-04-30T10:42:51.347Z, 1178.4229555999998, 539.5117576
1714473771391, 2024-04-30T10:42:51.391Z, 1165.9874053999997, 541.0879526000001
1714473771405, 2024-04-30T10:42:51.405Z, 1155.5612564, 541.2211227999999
1714473771435, 2024-04-30T10:42:51.435Z, 1147.0740538000002, 536.8494993999999
1714473771450, 2024-04-30T10:42:51.450Z, 1145.2679976000002, 533.7472676
1714473771481, 2024-04-30T10:42:51.481Z, 1149.1149078, 534.6928867999999
1714473771496, 2024-04-30T10:42:51.496Z, 1149.7970824, 530.039452
1714473771540, 2024-04-30T10:42:51.540Z, 1166.0188632, 527.9580187999999
1714473771570, 2024-04-30T10:42:51.570Z, 1182.3158986, 529.7252138
1714473771585, 2024-04-30T10:42:51.585Z, 1191.5853208, 531.0416404
1714473771618, 2024-04-30T10:42:51.618Z, 1200.4582872, 538.3519966
1714473771630, 2024-04-30T10:42:51.630Z, 1211.4876484000001, 543.282915
1714473771676, 2024-04-30T10:42:51.676Z, 1205.1975202, 549.7349139999999
1714473771706, 2024-04-30T10:42:51.706Z, 1197.3626952, 556.816774
1714473771722, 2024-04-30T10:42:51.722Z, 1201.0605437999998, 563.7115178
1714473771753, 2024-04-30T10:42:51.753Z, 1219.6891, 561.668711
1714473771768, 2024-04-30T10:42:51.768Z, 1237.6880944, 560.97484
1714473771799, 2024-04-30T10:42:51.799Z, 1264.3212357999998, 547.7513428
1714473771856, 2024-04-30T10:42:51.856Z, 1291.8790979999999, 535.1081048
1714473771901, 2024-04-30T10:42:51.901Z, 1315.7187958, 526.4295136
1714473771931, 2024-04-30T10:42:51.931Z, 1322.2282867999998, 526.4807314
1714473771949, 2024-04-30T10:42:51.949Z, 1326.5187925999999, 528.3548476
1714473772157, 2024-04-30T10:42:52.157Z, 1284.8002689999998, 537.1498153999999
1714473772173, 2024-04-30T10:42:52.173Z, 1241.9307216, 542.1885279999999
1714473772204, 2024-04-30T10:42:52.204Z, 1198.222717, 539.45349
1714473772219, 2024-04-30T10:42:52.219Z, 1156.9582236, 529.844922
1714473772251, 2024-04-30T10:42:52.251Z, 1116.9586448, 521.735214
1714473772275, 2024-04-30T10:42:52.275Z, 1110.0643064, 532.8020246
1714473772319, 2024-04-30T10:42:52.319Z, 1101.9434661999999, 557.6091592
1714473772337, 2024-04-30T10:42:52.337Z, 1097.3878141999999, 593.0979036
1714473772365, 2024-04-30T10:42:52.365Z, 1092.3813066, 629.177492
1714473772382, 2024-04-30T10:42:52.382Z, 1087.4733312, 663.190963
1714473772427, 2024-04-30T10:42:52.427Z, 1098.028603, 680.3201418
1714473772453, 2024-04-30T10:42:52.453Z, 1111.1870178000001, 686.9832288
1714473772471, 2024-04-30T10:42:52.471Z, 1122.8001428, 687.8503919999999
1714473772486, 2024-04-30T10:42:52.486Z, 1133.7852547999998, 692.8190189999999
1714473772499, 2024-04-30T10:42:52.499Z, 1145.384101, 698.8508124
1714473772516, 2024-04-30T10:42:52.516Z, 1145.0107315999999, 704.5428681999999
1714473772546, 2024-04-30T10:42:52.546Z, 1138.6030678, 708.3447106
1714473772577, 2024-04-30T10:42:52.577Z, 1124.1698312, 707.803587
1714473772593, 2024-04-30T10:42:52.593Z, 1113.9659546, 704.1038746
1714473772609, 2024-04-30T10:42:52.609Z, 1102.2488614, 698.7259111999999
1714473772625, 2024-04-30T10:42:52.625Z, 1099.0692126, 695.8097634
1714473772640, 2024-04-30T10:42:52.640Z, 1099.7746754, 696.0665474
1714473772655, 2024-04-30T10:42:52.655Z, 1108.686778, 701.5646378
1714473772670, 2024-04-30T10:42:52.670Z, 1116.7017885999999, 708.7657561999999
1714473772685, 2024-04-30T10:42:52.685Z, 1126.431407, 717.6317756000001
1714473772701, 2024-04-30T10:42:52.701Z, 1131.0179908, 724.6007264000001
1714473772724, 2024-04-30T10:42:52.724Z, 1137.4749942, 731.597622
1714473772741, 2024-04-30T10:42:52.741Z, 1144.6508456, 736.3465786
1714473772758, 2024-04-30T10:42:52.758Z, 1150.5243050000001, 739.4407644
1714473772768, 2024-04-30T10:42:52.768Z, 1155.477782, 740.7699623999999
1714473772786, 2024-04-30T10:42:52.786Z, 1160.2002797999999, 740.9672178000001
1714473772802, 2024-04-30T10:42:52.802Z, 1164.586101, 741.5071532
1714473772813, 2024-04-30T10:42:52.813Z, 1166.4987254, 744.2029429999999
1714473772983, 2024-04-30T10:42:52.983Z, 1174.4641592, 751.8365056
1714473772998, 2024-04-30T10:42:52.998Z, 1170.3858453999999, 759.2638144
1714473773027, 2024-04-30T10:42:53.027Z, 1166.2403116, 766.2787838
1714473773038, 2024-04-30T10:42:53.038Z, 1162.640362, 766.3864044
1714473773056, 2024-04-30T10:42:53.056Z, 1162.5716651999999, 765.8143288
1714473773071, 2024-04-30T10:42:53.071Z, 1157.2628738, 759.4345012
1714473773083, 2024-04-30T10:42:53.083Z, 1164.8619150000002, 753.2592142
1714473773102, 2024-04-30T10:42:53.102Z, 1171.8199774, 747.2769480000001
1714473773116, 2024-04-30T10:42:53.116Z, 1178.484062, 747.714228
1714473773128, 2024-04-30T10:42:53.128Z, 1183.8000710000001, 747.8064878
1714473773146, 2024-04-30T10:42:53.146Z, 1184.6247354000002, 751.1972942
1714473773177, 2024-04-30T10:42:53.177Z, 1185.2899438, 752.8588768
1714473773193, 2024-04-30T10:42:53.193Z, 1183.1777975999998, 755.6391988
1714473773208, 2024-04-30T10:42:53.208Z, 1174.7094511999999, 758.7896358
1714473773219, 2024-04-30T10:42:53.219Z, 1163.906206, 762.5070608
1714473773235, 2024-04-30T10:42:53.235Z, 1156.061352, 763.6661723999999
1714473773253, 2024-04-30T10:42:53.253Z, 1146.8504442, 766.726949
1714473773265, 2024-04-30T10:42:53.265Z, 1138.4190021999998, 768.7771349999999
1714473773296, 2024-04-30T10:42:53.296Z, 1134.817416, 770.113623
1714473773642, 2024-04-30T10:42:53.642Z, 1146.066709, 757.2822024
1714473773655, 2024-04-30T10:42:53.655Z, 1152.6125996, 746.2590742
1714473773667, 2024-04-30T10:42:53.667Z, 1157.5183172000002, 735.4465950000001
1714473773685, 2024-04-30T10:42:53.685Z, 1161.0689822000002, 726.0581142
1714473773700, 2024-04-30T10:42:53.700Z, 1165.3408126, 715.9474653999999
1714473773712, 2024-04-30T10:42:53.712Z, 1155.1127940000001, 717.6132762
1714473773730, 2024-04-30T10:42:53.730Z, 1149.6836724, 716.5538221999999
1714473773745, 2024-04-30T10:42:53.745Z, 1146.3954702, 715.746377
1714473773777, 2024-04-30T10:42:53.777Z, 1147.120441, 713.2680582
1714473773790, 2024-04-30T10:42:53.790Z, 1149.3604006, 712.0461487999999
1714473773806, 2024-04-30T10:42:53.806Z, 1153.8989572, 712.5664878
1714473773821, 2024-04-30T10:42:53.821Z, 1158.2291271999998, 713.6791744
1714473773837, 2024-04-30T10:42:53.837Z, 1161.3431048, 712.2439246000001
1714473773854, 2024-04-30T10:42:53.854Z, 1162.539391, 710.3255496
1714473773870, 2024-04-30T10:42:53.870Z, 1161.6564789999998, 706.1224018
1714473773885, 2024-04-30T10:42:53.885Z, 1159.0350536, 701.2909576
1714473773901, 2024-04-30T10:42:53.901Z, 1155.8386446, 695.1460302
1714473774093, 2024-04-30T10:42:54.093Z, 1159.1818776, 684.815417
1714473774108, 2024-04-30T10:42:54.108Z, 1162.2149338, 679.161217
1714473774119, 2024-04-30T10:42:54.119Z, 1163.465805, 676.8397918
1714473774138, 2024-04-30T10:42:54.138Z, 1166.2401946000002, 674.9730602
1714473774166, 2024-04-30T10:42:54.166Z, 1171.7362452000002, 675.8687752000001
1714473774183, 2024-04-30T10:42:54.183Z, 1173.6975044, 682.3732178
1714473774212, 2024-04-30T10:42:54.212Z, 1176.6488734, 685.112172
1714473774378, 2024-04-30T10:42:54.378Z, 1164.2941141999997, 689.852686
1714473774402, 2024-04-30T10:42:54.402Z, 1149.2817846, 691.5139069999999
1714473774417, 2024-04-30T10:42:54.417Z, 1132.0561896, 690.4056453999999
1714473774432, 2024-04-30T10:42:54.432Z, 1112.966851, 688.7729751999999
1714473774448, 2024-04-30T10:42:54.448Z, 1093.674109, 687.692965
1714473774463, 2024-04-30T10:42:54.463Z, 1091.6554555999999, 682.9097882
1714473774479, 2024-04-30T10:42:54.479Z, 1089.7487669999998, 681.7022484
1714473774494, 2024-04-30T10:42:54.494Z, 1086.9843372, 681.6881149999999
1714473774510, 2024-04-30T10:42:54.510Z, 1081.8716494, 682.0929739999999
1714473774527, 2024-04-30T10:42:54.527Z, 1076.2927201999998, 682.019444
1714473774543, 2024-04-30T10:42:54.543Z, 1070.593463, 681.9485806
1714473774558, 2024-04-30T10:42:54.558Z, 1066.275201, 681.549845
1714473774572, 2024-04-30T10:42:54.572Z, 1064.0270328, 679.5349496000001
1714473774588, 2024-04-30T10:42:54.588Z, 1063.991806, 677.305796
1714473774605, 2024-04-30T10:42:54.605Z, 1064.5652408, 675.0315624
1714473774621, 2024-04-30T10:42:54.621Z, 1065.1024596, 672.8090156000001
1714473774635, 2024-04-30T10:42:54.635Z, 1065.8952974000001, 670.3126754
1714473774650, 2024-04-30T10:42:54.650Z, 1065.898706, 669.4011103999999
1714473774679, 2024-04-30T10:42:54.679Z, 1065.9374628, 670.82656
1714473774693, 2024-04-30T10:42:54.693Z, 1067.4227808, 672.7479834
1714473774705, 2024-04-30T10:42:54.705Z, 1069.0528691999998, 674.377089
1714473774722, 2024-04-30T10:42:54.722Z, 1070.5044752, 675.3627383999999
1714473774736, 2024-04-30T10:42:54.736Z, 1071.212919, 675.3431826
1714473774748, 2024-04-30T10:42:54.748Z, 1071.7628664, 673.9083172
1714473774767, 2024-04-30T10:42:54.767Z, 1071.5916376, 671.8072392000001
1714473774781, 2024-04-30T10:42:54.781Z, 1072.1915662, 668.178263
1714473774793, 2024-04-30T10:42:54.793Z, 1072.5143256000001, 664.7460012
1714473774826, 2024-04-30T10:42:54.826Z, 1072.9497804, 662.5627726
1714473774837, 2024-04-30T10:42:54.837Z, 1073.4685852, 660.0691104
1714473774855, 2024-04-30T10:42:54.855Z, 1071.4345266, 660.7677696000001
1714473774870, 2024-04-30T10:42:54.870Z, 1068.2845678, 663.9539030000001
1714473774883, 2024-04-30T10:42:54.883Z, 1065.5555936, 667.9817734000001
1714473774900, 2024-04-30T10:42:54.900Z, 1064.3973478, 672.6492198000001
1714473774916, 2024-04-30T10:42:54.916Z, 1063.9007728, 677.4422097999999
1714473774928, 2024-04-30T10:42:54.928Z, 1065.8269896, 678.8003894000001
1714473774949, 2024-04-30T10:42:54.949Z, 1068.8971114, 679.4787728
1714473774978, 2024-04-30T10:42:54.978Z, 1071.7235372, 679.521297
1714473774994, 2024-04-30T10:42:54.994Z, 1073.1370606, 678.062091
1714473775021, 2024-04-30T10:42:55.021Z, 1072.7238246000002, 675.7680194000001
1714473775039, 2024-04-30T10:42:55.039Z, 1072.6808242, 673.8741160000001
1714473775054, 2024-04-30T10:42:55.054Z, 1071.8420402, 672.1130924
1714473775068, 2024-04-30T10:42:55.068Z, 1071.1263898, 670.9379692
1714473775084, 2024-04-30T10:42:55.084Z, 1070.1442688000002, 670.3865736
1714473775100, 2024-04-30T10:42:55.100Z, 1070.3983722, 672.6667388
1714473775129, 2024-04-30T10:42:55.129Z, 1069.7293318, 674.3427646
1714473775143, 2024-04-30T10:42:55.143Z, 1068.8657876000002, 675.6388301999999
1714473775155, 2024-04-30T10:42:55.155Z, 1067.9826502, 676.4882958000001
1714473775173, 2024-04-30T10:42:55.173Z, 1067.7297744, 677.8925972
1714473775188, 2024-04-30T10:42:55.188Z, 1067.106028, 678.5984228
1714473775200, 2024-04-30T10:42:55.200Z, 1067.4492152, 679.8427006
1714473775218, 2024-04-30T10:42:55.218Z, 1068.4015372, 681.54506
1714473775232, 2024-04-30T10:42:55.232Z, 1069.7449107999998, 682.9635546
1714473775243, 2024-04-30T10:42:55.243Z, 1072.0596082, 681.6932228
1714473775277, 2024-04-30T10:42:55.277Z, 1076.6265088, 677.9771246
1714473775290, 2024-04-30T10:42:55.290Z, 1080.8285368000002, 674.9027778
1714473775306, 2024-04-30T10:42:55.306Z, 1084.1486846, 672.1802329999999
1714473775321, 2024-04-30T10:42:55.321Z, 1086.9495998, 669.9687348
1714473775333, 2024-04-30T10:42:55.333Z, 1087.9994412, 670.5864578
1714473775351, 2024-04-30T10:42:55.351Z, 1087.1829883999999, 673.2829404
1714473775379, 2024-04-30T10:42:55.379Z, 1086.656305, 675.6219962
1714473775395, 2024-04-30T10:42:55.395Z, 1088.7899321999998, 679.3575290000001
1714473775427, 2024-04-30T10:42:55.427Z, 1090.4351726, 682.4902634
1714473775442, 2024-04-30T10:42:55.442Z, 1091.0798346, 684.3816328
1714473775458, 2024-04-30T10:42:55.458Z, 1087.3196229999999, 682.2688135999999
1714473775474, 2024-04-30T10:42:55.474Z, 1082.4567124, 679.3625736
1714473775489, 2024-04-30T10:42:55.489Z, 1075.81698, 673.9319135999999
1714473775505, 2024-04-30T10:42:55.505Z, 1069.93913, 668.8628134
1714473775520, 2024-04-30T10:42:55.520Z, 1065.7528889999999, 664.8388742
1714473775552, 2024-04-30T10:42:55.552Z, 1065.6542960000002, 664.1249598
1714473775599, 2024-04-30T10:42:55.599Z, 1065.1934236000002, 663.911117
1714473775614, 2024-04-30T10:42:55.614Z, 1060.8622162000001, 662.3520294
1714473775645, 2024-04-30T10:42:55.645Z, 1115.7942098, 693.1890738
1714473775661, 2024-04-30T10:42:55.661Z, 1187.266029, 730.7665652
1714473775677, 2024-04-30T10:42:55.677Z, 1270.1609712000002, 773.6123826
1714473775692, 2024-04-30T10:42:55.692Z, 1351.9382302000001, 815.1016586
1714473775708, 2024-04-30T10:42:55.708Z, 1438.6957955999999, 860.6834784
1714473775730, 2024-04-30T10:42:55.730Z, 1465.702294, 871.9505750000001
1714473775755, 2024-04-30T10:42:55.755Z, 1475.0482716000001, 875.7580201999999
1714473775770, 2024-04-30T10:42:55.770Z, 1472.0433295999999, 874.2765638000001
1714473775786, 2024-04-30T10:42:55.786Z, 1468.327245, 876.5698994
1714473775801, 2024-04-30T10:42:55.801Z, 1465.0725246000002, 876.2090682000002
1714473775816, 2024-04-30T10:42:55.816Z, 1461.0770644, 877.8094295999999
1714473775832, 2024-04-30T10:42:55.832Z, 1441.769042, 867.5871134000001