1714473781760, 2024-04-30T10:43:01.760Z, 226.830541, 441.373531
1714473781767, 2024-04-30T10:43:01.767Z, 220.9414795, 432.028118
1714473781804, 2024-04-30T10:43:01.804Z, 220.504113, 424.694224
1714473781849, 2024-04-30T10:43:01.849Z, 220.88265525, 420.8796825
1714473785225, 2024-04-30T10:43:05.225Z, 427.34042680000005, 426.5544702
1714473785270, 2024-04-30T10:43:05.270Z, 652.2092145999999, 443.6586704
1714473785364, 2024-04-30T10:43:05.364Z, 849.7461444, 469.19650679999995
1714473785477, 2024-04-30T10:43:05.477Z, 1063.9284804, 470.2350162000001
1714473785551, 2024-04-30T10:43:05.551Z, 1271.8293498, 441.83165879999996
1714473786289, 2024-04-30T10:43:06.289Z, 1301.1726682, 413.27215079999996
1714473786337, 2024-04-30T10:43:06.337Z, 1309.9599898000001, 362.915498
1714473786348, 2024-04-30T10:43:06.348Z, 1348.434794, 307.8633742
1714473786394, 2024-04-30T10:43:06.394Z, 1350.9547804000001, 292.0746686
1714473786441, 2024-04-30T10:43:06.441Z, 1359.0391012, 308.198329
1714473786472, 2024-04-30T10:43:06.472Z, 1339.9439628, 319.06839479999996
1714473786487, 2024-04-30T10:43:06.487Z, 1322.4446964, 336.8422108000001
1714473786691, 2024-04-30T10:43:06.691Z, 1371.7105324, 340.98532200000005
1714473786708, 2024-04-30T10:43:06.708Z, 1422.088335, 344.88190840000004
1714473786737, 2024-04-30T10:43:06.737Z, 1470.8111278000001, 349.07855
1714473786753, 2024-04-30T10:43:06.753Z, 1526.7393014000002, 345.8227898
1714473786784, 2024-04-30T10:43:06.784Z, 1580.972249, 333.67366499999997
1714473786799, 2024-04-30T10:43:06.799Z, 1563.6427185999999, 335.92407860000003
1714473786841, 2024-04-30T10:43:06.841Z, 1544.7182516, 317.90716299999997
1714473786887, 2024-04-30T10:43:06.887Z, 1506.9320368, 292.9749878
1714473786931, 2024-04-30T10:43:06.931Z, 1459.0058522, 272.5938518
1714473789994, 2024-04-30T10:43:09.994Z, 1435.6648252, 285.61512980000003
1714473790023, 2024-04-30T10:43:10.023Z, 1406.8887178, 296.541159
1714473790053, 2024-04-30T10:43:10.053Z, 1394.821642, 317.8395446
1714473790069, 2024-04-30T10:43:10.069Z, 1414.1203548, 342.11444259999996
1714473790085, 2024-04-30T10:43:10.085Z, 1463.6548176000001, 360.61283160000005
1714473790126, 2024-04-30T10:43:10.126Z, 1521.0700192000002, 348.1865322
1714473790155, 2024-04-30T10:43:10.155Z, 1588.7500128, 336.9021718
1714473790170, 2024-04-30T10:43:10.170Z, 1615.010566, 332.72959000000003
1714473790201, 2024-04-30T10:43:10.201Z, 1618.2143846, 331.79708200000005
1714473790215, 2024-04-30T10:43:10.215Z, 1588.9111156000001, 335.8555638
1714473790245, 2024-04-30T10:43:10.245Z, 1531.2971816000002, 346.3582462
1714473790301, 2024-04-30T10:43:10.301Z, 1468.2794912000002, 356.1000158
1714473790317, 2024-04-30T10:43:10.317Z, 1447.322215, 356.19997520000004
1714473790348, 2024-04-30T10:43:10.348Z, 1432.2857718, 352.7315676
1714473790364, 2024-04-30T10:43:10.364Z, 1422.9757934000002, 351.5288174
1714473790411, 2024-04-30T10:43:10.411Z, 1409.9701892, 350.1641022
1714473790442, 2024-04-30T10:43:10.442Z, 1401.6589772, 349.1228836
1714473790489, 2024-04-30T10:43:10.489Z, 1398.9969833999999, 352.18888899999996
1714473790520, 2024-04-30T10:43:10.520Z, 1406.7156704, 355.5341234
1714473790535, 2024-04-30T10:43:10.535Z, 1415.1852537999998, 354.48290639999993
1714473790577, 2024-04-30T10:43:10.577Z, 1431.4043956, 339.52787579999995
1714473790622, 2024-04-30T10:43:10.622Z, 1451.9868185999999, 316.3511288
1714473790651, 2024-04-30T10:43:10.651Z, 1468.1037666, 289.3299274
1714473790666, 2024-04-30T10:43:10.666Z, 1476.0679153999997, 275.83460219999995
1714473790697, 2024-04-30T10:43:10.697Z, 1468.2050456, 280.00307979999997
1714473790759, 2024-04-30T10:43:10.759Z, 1456.3504284, 296.5919424
1714473790802, 2024-04-30T10:43:10.802Z, 1438.0933784000001, 319.38101919999997
1714473790835, 2024-04-30T10:43:10.835Z, 1424.9527913999998, 341.43840520000003
1714473790847, 2024-04-30T10:43:10.847Z, 1416.5514441999999, 351.77798300000006
1714473791026, 2024-04-30T10:43:11.026Z, 1471.6677698, 356.794384
1714473791039, 2024-04-30T10:43:11.039Z, 1488.9101984000001, 309.753161
1714473791055, 2024-04-30T10:43:11.055Z, 1523.0717514, 285.81250280000006
1714473791070, 2024-04-30T10:43:11.070Z, 1567.6444358, 282.83396200000004
1714473791083, 2024-04-30T10:43:11.083Z, 1615.973504, 284.7095012
1714473791103, 2024-04-30T10:43:11.103Z, 1621.0708018, 279.0709352
1714473791115, 2024-04-30T10:43:11.115Z, 1662.1877676, 327.1485526
1714473791128, 2024-04-30T10:43:11.128Z, 1690.7073047999997, 355.11845059999996
1714473791160, 2024-04-30T10:43:11.160Z, 1703.4441247999998, 363.78479619999996
1714473791177, 2024-04-30T10:43:11.177Z, 1710.5978668000002, 364.7702162
1714473791193, 2024-04-30T10:43:11.193Z, 1708.3801597999998, 362.96077
1714473791207, 2024-04-30T10:43:11.207Z, 1701.2775726, 359.3241286
1714473791238, 2024-04-30T10:43:11.238Z, 1690.7389946000003, 354.4402254
1714473791254, 2024-04-30T10:43:11.254Z, 1687.0733206, 351.082787
1714473791270, 2024-04-30T10:43:11.270Z, 1687.1647662, 353.0919496
1714473791285, 2024-04-30T10:43:11.285Z, 1693.440409, 358.78878640000005
1714473791300, 2024-04-30T10:43:11.300Z, 1701.8735912, 361.1450694
1714473791329, 2024-04-30T10:43:11.329Z, 1707.0710244000002, 374.87307139999996
1714473791343, 2024-04-30T10:43:11.343Z, 1704.3699158, 386.8388994
1714473791373, 2024-04-30T10:43:11.373Z, 1696.3912263999998, 395.1752654
1714473791388, 2024-04-30T10:43:11.388Z, 1691.1835675999998, 403.8727108
1714473791418, 2024-04-30T10:43:11.418Z, 1686.7584889999998, 417.672166
1714473791443, 2024-04-30T10:43:11.443Z, 1684.5977742, 423.09252660000004
1714473791478, 2024-04-30T10:43:11.478Z, 1679.8454624, 424.51692980000007
1714473791490, 2024-04-30T10:43:11.490Z, 1679.4331182, 426.9662124
1714473791508, 2024-04-30T10:43:11.508Z, 1671.9784703999999, 427.28860620000006
1714473791523, 2024-04-30T10:43:11.523Z, 1660.9331244, 421.5902134
1714473791534, 2024-04-30T10:43:11.534Z, 1654.6681027999998, 414.824769
1714473791565, 2024-04-30T10:43:11.565Z, 1652.5249691999998, 409.92075420000003
1714473791581, 2024-04-30T10:43:11.581Z, 1645.8875046, 400.609535
1714473791597, 2024-04-30T10:43:11.597Z, 1637.6930084, 389.4911712
1714473791627, 2024-04-30T10:43:11.627Z, 1633.4683736, 382.7774262
1714473791642, 2024-04-30T10:43:11.642Z, 1627.0752312, 374.8773584
1714473791659, 2024-04-30T10:43:11.659Z, 1620.5995360000002, 368.0163908
1714473791675, 2024-04-30T10:43:11.675Z, 1617.1824098, 365.5205172
1714473791691, 2024-04-30T10:43:11.691Z, 1616.7692557999999, 365.5351314
1714473791722, 2024-04-30T10:43:11.722Z, 1615.3320076, 371.1070868
1714473791835, 2024-04-30T10:43:11.835Z, 1578.2461518000002, 372.622743
1714473791847, 2024-04-30T10:43:11.847Z, 1515.3444182, 366.219195
1714473791880, 2024-04-30T10:43:11.880Z, 1466.3830696, 361.2960824
1714473792110, 2024-04-30T10:43:12.110Z, 1380.3677058, 370.55850219999996
1714473792126, 2024-04-30T10:43:12.126Z, 1293.0123580000002, 377.909165
1714473792142, 2024-04-30T10:43:12.142Z, 1242.0765127999998, 390.5456544
1714473792158, 2024-04-30T10:43:12.158Z, 1216.2928598, 412.6472347999999
1714473792410, 2024-04-30T10:43:12.410Z, 1194.043921, 428.22332479999994
1714473792456, 2024-04-30T10:43:12.456Z, 1203.5686996, 424.092221
1714473792472, 2024-04-30T10:43:12.472Z, 1215.7147236, 417.320925
1714473792548, 2024-04-30T10:43:12.548Z, 1237.4129988, 419.5588256
1714473792564, 2024-04-30T10:43:12.564Z, 1252.7886852, 416.7823564
1714473792596, 2024-04-30T10:43:12.596Z, 1244.3349216000001, 413.8046406
1714473792613, 2024-04-30T10:43:12.613Z, 1239.7586412, 414.3261584
1714473792643, 2024-04-30T10:43:12.643Z, 1238.914182, 421.7532198
1714473792659, 2024-04-30T10:43:12.659Z, 1227.7199332, 419.4372096
1714473792678, 2024-04-30T10:43:12.678Z, 1221.2112335999998, 419.3671972
1714473792692, 2024-04-30T10:43:12.692Z, 1222.2515015999998, 425.24051199999997
1714473792722, 2024-04-30T10:43:12.722Z, 1225.0439516000001, 435.19467160000005
1714473792751, 2024-04-30T10:43:12.751Z, 1223.3683138000001, 438.05117900000005
1714473792766, 2024-04-30T10:43:12.766Z, 1218.290119, 440.29548320000004
1714473792782, 2024-04-30T10:43:12.782Z, 1216.3803157999998, 444.3331254000001
1714473792827, 2024-04-30T10:43:12.827Z, 1219.959195, 448.6137444
1714473792838, 2024-04-30T10:43:12.838Z, 1225.6169254000001, 449.94621459999996
1714473792856, 2024-04-30T10:43:12.856Z, 1232.1549995999999, 449.7032366
1714473792871, 2024-04-30T10:43:12.871Z, 1241.2708752, 450.0421464
1714473792900, 2024-04-30T10:43:12.900Z, 1246.4476356, 449.3376172
1714473792915, 2024-04-30T10:43:12.915Z, 1243.8126172, 447.355007
1714473792927, 2024-04-30T10:43:12.927Z, 1239.0334696, 444.8960972
1714473792945, 2024-04-30T10:43:12.945Z, 1231.5007541999998, 444.5394404
1714473793685, 2024-04-30T10:43:13.685Z, 1241.8598138, 441.3191248
1714473793731, 2024-04-30T10:43:13.731Z, 1253.005513, 443.25308759999996
1714473793759, 2024-04-30T10:43:13.759Z, 1263.2349266, 441.2125406
1714473793775, 2024-04-30T10:43:13.775Z, 1268.2683252, 435.00488260000003
1714473793804, 2024-04-30T10:43:13.804Z, 1270.1141751999999, 426.3290538
1714473793820, 2024-04-30T10:43:13.820Z, 1251.3793082, 419.52130580000005
1714473793849, 2024-04-30T10:43:13.849Z, 1234.8696392, 413.41167220000005
1714473793894, 2024-04-30T10:43:13.894Z, 1227.2958402, 419.8571688
1714473793909, 2024-04-30T10:43:13.909Z, 1221.0397566, 429.88859679999996
1714473793954, 2024-04-30T10:43:13.954Z, 1236.4291042, 449.098124
1714473793999, 2024-04-30T10:43:13.999Z, 1261.9450648, 476.87543760000005
1714473794044, 2024-04-30T10:43:14.044Z, 1288.7201817999999, 499.9416688
1714473794075, 2024-04-30T10:43:14.075Z, 1314.2220544, 511.8815858
1714473794091, 2024-04-30T10:43:14.091Z, 1346.699685, 523.3356222
1714473794137, 2024-04-30T10:43:14.137Z, 1367.2432766, 526.4265136
1714473794177, 2024-04-30T10:43:14.177Z, 1390.1799972000001, 519.6370322
1714473794188, 2024-04-30T10:43:14.188Z, 1412.0483443999997, 512.8325114
1714473794221, 2024-04-30T10:43:14.221Z, 1381.0643910000001, 509.4294612
1714473794232, 2024-04-30T10:43:14.232Z, 1345.131761, 506.933535
1714473794265, 2024-04-30T10:43:14.265Z, 1333.4436428000001, 509.1009532
1714473794293, 2024-04-30T10:43:14.293Z, 1311.8126375999998, 513.3984382
1714473794309, 2024-04-30T10:43:14.309Z, 1296.1753068000003, 509.30754260000003
1714473794324, 2024-04-30T10:43:14.324Z, 1326.9369422, 504.05834380000005
1714473794355, 2024-04-30T10:43:14.355Z, 1348.2709235999998, 497.65779919999994
1714473794370, 2024-04-30T10:43:14.370Z, 1341.9724102, 487.007949
1714473794386, 2024-04-30T10:43:14.386Z, 1332.9995162, 475.798985
1714473794402, 2024-04-30T10:43:14.402Z, 1317.3398871999998, 472.38408319999996
1714473794417, 2024-04-30T10:43:14.417Z, 1299.491165, 466.68709479999995
1714473794448, 2024-04-30T10:43:14.448Z, 1291.8092662, 461.12412780000005
1714473794490, 2024-04-30T10:43:14.490Z, 1290.8966432000002, 455.7436656
1714473794536, 2024-04-30T10:43:14.536Z, 1285.8660408, 455.67880239999994
1714473794579, 2024-04-30T10:43:14.579Z, 1287.9184198, 463.14310320000004
1714473794593, 2024-04-30T10:43:14.593Z, 1290.7384082, 472.23644399999995
1714473794626, 2024-04-30T10:43:14.626Z, 1284.4025522, 476.96492559999996
1714473794637, 2024-04-30T10:43:14.637Z, 1270.319629, 483.8028302000001
1714473794670, 2024-04-30T10:43:14.670Z, 1249.7699102000001, 488.6375992
1714473794715, 2024-04-30T10:43:14.715Z, 1220.7208500000002, 487.9284627999999
1714473794794, 2024-04-30T10:43:14.794Z, 1240.12041, 483.12190599999997
1714473794821, 2024-04-30T10:43:14.821Z, 1267.3749346, 483.53985320000004
1714473794839, 2024-04-30T10:43:14.839Z, 1290.5430225999999, 481.57207020000004
1714473794853, 2024-04-30T10:43:14.853Z, 1326.4033932, 477.229781
1714473794869, 2024-04-30T10:43:14.869Z, 1353.2356596, 473.01882539999997
1714473794884, 2024-04-30T10:43:14.884Z, 1325.9729732, 474.3643246
1714473794900, 2024-04-30T10:43:14.900Z, 1301.7506412, 475.9537458
1714473794929, 2024-04-30T10:43:14.929Z, 1272.2765528, 475.17433680000005
1714473794944, 2024-04-30T10:43:14.944Z, 1241.1304144, 472.27591240000004
1714473794973, 2024-04-30T10:43:14.973Z, 1217.1009114, 467.6947314
1714473794989, 2024-04-30T10:43:14.989Z, 1200.602857, 463.0281236000001
1714473795001, 2024-04-30T10:43:15.001Z, 1176.4455112, 462.164246
1714473795019, 2024-04-30T10:43:15.019Z, 1162.5505878, 462.38827059999994
1714473795041, 2024-04-30T10:43:15.041Z, 1154.7150096, 461.202491
1714473795079, 2024-04-30T10:43:15.079Z, 1151.3110187999998, 459.25193820000004
1714473795091, 2024-04-30T10:43:15.091Z, 1149.8970268, 455.82984480000005
1714473795118, 2024-04-30T10:43:15.118Z, 1156.738246, 450.50028080000004
1714473795133, 2024-04-30T10:43:15.133Z, 1162.3086292, 448.21690580000006
1714473795149, 2024-04-30T10:43:15.149Z, 1164.0926936, 450.35514679999994
1714473795165, 2024-04-30T10:43:15.165Z, 1164.1265338, 452.3944908
1714473795180, 2024-04-30T10:43:15.180Z, 1158.9067268, 455.544389
1714473795196, 2024-04-30T10:43:15.196Z, 1151.627541, 457.01177019999994
1714473795211, 2024-04-30T10:43:15.211Z, 1144.9059016, 458.5329476
1714473795228, 2024-04-30T10:43:15.228Z, 1137.8213624, 461.2192632
1714473795259, 2024-04-30T10:43:15.259Z, 1129.9324424000001, 468.47347819999993
1714473795274, 2024-04-30T10:43:15.274Z, 1125.5936546, 476.397494
1714473795290, 2024-04-30T10:43:15.290Z, 1121.9203812, 485.83804359999993
1714473795305, 2024-04-30T10:43:15.305Z, 1118.532469, 494.77457620000007
1714473795320, 2024-04-30T10:43:15.320Z, 1117.9903868000001, 506.580083
1714473795336, 2024-04-30T10:43:15.336Z, 1118.6096184, 514.7410318
1714473795352, 2024-04-30T10:43:15.352Z, 1119.6483964000001, 522.2296309999999
1714473795403, 2024-04-30T10:43:15.403Z, 1120.6528114, 528.4663424
1714473795525, 2024-04-30T10:43:15.525Z, 1126.746294, 538.8334424
1714473795539, 2024-04-30T10:43:15.539Z, 1126.2336428, 535.6429326
1714473795554, 2024-04-30T10:43:15.554Z, 1129.426757, 532.3954068
1714473795570, 2024-04-30T10:43:15.570Z, 1138.9631388, 530.4121522
1714473795586, 2024-04-30T10:43:15.586Z, 1146.9857612, 527.5169902
1714473795602, 2024-04-30T10:43:15.602Z, 1149.9371522, 517.4988254
1714473795617, 2024-04-30T10:43:15.617Z, 1160.0633056000001, 515.083576
1714473795633, 2024-04-30T10:43:15.633Z, 1167.9834152, 512.5025992
1714473795649, 2024-04-30T10:43:15.649Z, 1171.5208364000002, 511.0148882
1714473795673, 2024-04-30T10:43:15.673Z, 1172.9743492000002, 510.08782940000003
1714473795689, 2024-04-30T10:43:15.689Z, 1172.6660022, 512.7184166
1714473795704, 2024-04-30T10:43:15.704Z, 1169.8043506, 515.8230256
1714473795717, 2024-04-30T10:43:15.717Z, 1166.8393614000001, 519.1805898
1714473795735, 2024-04-30T10:43:15.735Z, 1162.3318208, 519.7217432
1714473795749, 2024-04-30T10:43:15.749Z, 1159.2056956000001, 515.1565926000001
1714473795765, 2024-04-30T10:43:15.765Z, 1159.9765837999998, 510.0622044
1714473795780, 2024-04-30T10:43:15.780Z, 1161.6442543999997, 506.10672919999996
1714473795795, 2024-04-30T10:43:15.795Z, 1162.4724654000001, 502.5209768000001
1714473795826, 2024-04-30T10:43:15.826Z, 1160.0155654000002, 498.97687779999995
1714473795840, 2024-04-30T10:43:15.840Z, 1157.5980432000001, 500.9182624
1714473795856, 2024-04-30T10:43:15.856Z, 1152.3474431999998, 502.42162440000004
1714473795870, 2024-04-30T10:43:15.871Z, 1146.0614444, 502.7189722000001
1714473795885, 2024-04-30T10:43:15.885Z, 1138.2197184000001, 501.64557560000003
1714473795897, 2024-04-30T10:43:15.897Z, 1131.7914216, 500.02325920000004
1714473795919, 2024-04-30T10:43:15.919Z, 1125.5854912, 496.17907720000005
1714473795930, 2024-04-30T10:43:15.930Z, 1118.8282771999998, 484.98572240000004
1714473795943, 2024-04-30T10:43:15.943Z, 1112.630798, 473.5810564
1714473795976, 2024-04-30T10:43:15.976Z, 1108.59833, 463.01905480000005
1714473795990, 2024-04-30T10:43:15.990Z, 1106.1213872000003, 454.06141820000005
1714473796006, 2024-04-30T10:43:16.006Z, 1105.2526962, 446.32753940000003
1714473796022, 2024-04-30T10:43:16.022Z, 1112.3835174, 455.2022068
1714473796037, 2024-04-30T10:43:16.037Z, 1120.4648462, 465.37853780000006
1714473796054, 2024-04-30T10:43:16.054Z, 1127.4156004000001, 475.929451
1714473796068, 2024-04-30T10:43:16.068Z, 1128.9009102, 484.4919922
1714473796083, 2024-04-30T10:43:16.083Z, 1127.9814864, 492.9731806
1714473796099, 2024-04-30T10:43:16.099Z, 1113.5400638, 490.6275506
1714473796122, 2024-04-30T10:43:16.122Z, 1106.1618088, 487.7700734
1714473796139, 2024-04-30T10:43:16.139Z, 1102.7685460000002, 484.936016
1714473796167, 2024-04-30T10:43:16.167Z, 1105.4839112, 483.3110318
1714473796184, 2024-04-30T10:43:16.184Z, 1119.994577, 481.4991346
1714473796212, 2024-04-30T10:43:16.212Z, 1141.9255902, 480.33452719999997
1714473796229, 2024-04-30T10:43:16.229Z, 1164.2665954, 470.279416
1714473796442, 2024-04-30T10:43:16.442Z, 1157.4855962, 470.99748259999996
1714473796457, 2024-04-30T10:43:16.457Z, 1149.2207729999998, 475.291754
1714473796473, 2024-04-30T10:43:16.473Z, 1132.4676413999998, 482.490258
1714473796488, 2024-04-30T10:43:16.488Z, 1114.6542646, 492.8607453999999
1714473796504, 2024-04-30T10:43:16.504Z, 1089.4956382, 513.5667406
1714473796520, 2024-04-30T10:43:16.520Z, 1092.0549722, 523.9239382
1714473796535, 2024-04-30T10:43:16.535Z, 1094.9326822, 530.8148334
1714473796551, 2024-04-30T10:43:16.551Z, 1100.5217794, 535.5302343999999
1714473796576, 2024-04-30T10:43:16.576Z, 1107.049863, 537.9509366
1714473796592, 2024-04-30T10:43:16.592Z, 1112.4868933999999, 535.4574138
1714473796607, 2024-04-30T10:43:16.607Z, 1117.4477026, 532.6595605999998
1714473796637, 2024-04-30T10:43:16.637Z, 1125.4355016, 530.387704
1714473796652, 2024-04-30T10:43:16.652Z, 1131.7662805999998, 529.4100557999999
1714473796664, 2024-04-30T10:43:16.664Z, 1138.1022529999998, 529.0062666
1714473796682, 2024-04-30T10:43:16.682Z, 1145.0814992, 533.3548877999999
1714473796695, 2024-04-30T10:43:16.695Z, 1148.1593865999998, 535.9990044
1714473796726, 2024-04-30T10:43:16.726Z, 1146.6705714, 538.51786
1714473796740, 2024-04-30T10:43:16.740Z, 1141.1260364, 539.3835876
1714473796752, 2024-04-30T10:43:16.752Z, 1133.7228514, 539.1438158
1714473796770, 2024-04-30T10:43:16.770Z, 1121.4945862, 535.8657942000001
1714473796785, 2024-04-30T10:43:16.785Z, 1111.1247793999999, 533.6987352
1714473796815, 2024-04-30T10:43:16.815Z, 1097.8239257999999, 529.8416824000001
1714473796830, 2024-04-30T10:43:16.830Z, 1086.4808209999999, 526.3148566
1714473796843, 2024-04-30T10:43:16.843Z, 1077.2967708, 522.608165
1714473797039, 2024-04-30T10:43:17.039Z, 1082.7908872, 531.9580562000001
1714473797054, 2024-04-30T10:43:17.054Z, 1091.1407404000001, 538.2290535999999
1714473797067, 2024-04-30T10:43:17.067Z, 1104.0496088, 545.7382621999999
1714473797084, 2024-04-30T10:43:17.084Z, 1116.2828614000002, 552.3167041999999
1714473797100, 2024-04-30T10:43:17.100Z, 1123.3738849999997, 557.9588486
1714473797114, 2024-04-30T10:43:17.114Z, 1120.0595348, 551.8168250000001
1714473797130, 2024-04-30T10:43:17.130Z, 1113.8231586, 546.3437964
1714473797144, 2024-04-30T10:43:17.144Z, 1108.8262644000001, 542.9601422
1714473797189, 2024-04-30T10:43:17.189Z, 1099.861176, 540.9938966
1714473797203, 2024-04-30T10:43:17.203Z, 1091.4256026, 542.5539167999999
1714473797219, 2024-04-30T10:43:17.219Z, 1085.1697532, 544.4905212
1714473797234, 2024-04-30T10:43:17.234Z, 1083.3268324, 545.6444789999999
1714473797264, 2024-04-30T10:43:17.264Z, 1082.0574152000002, 543.3059008
1714473797280, 2024-04-30T10:43:17.280Z, 1085.4467886, 541.1333554
1714473797295, 2024-04-30T10:43:17.295Z, 1092.4723554, 537.3144564
1714473797325, 2024-04-30T10:43:17.325Z, 1097.8288791999998, 534.9551254
1714473797342, 2024-04-30T10:43:17.342Z, 1100.9749689999999, 539.0379958000001
1714473797358, 2024-04-30T10:43:17.358Z, 1102.8775686, 548.7115432
1714473797373, 2024-04-30T10:43:17.373Z, 1105.7470045999999, 566.6374199999999
1714473797389, 2024-04-30T10:43:17.389Z, 1108.1205565999999, 587.7431578
1714473797405, 2024-04-30T10:43:17.405Z, 1110.3316364000002, 615.4065803999999
1714473797420, 2024-04-30T10:43:17.420Z, 1112.1040893999998, 640.4429577999999
1714473797436, 2024-04-30T10:43:17.436Z, 1113.1704134, 661.2620993999999
1714473797452, 2024-04-30T10:43:17.452Z, 1112.701158, 675.4093046
1714473797473, 2024-04-30T10:43:17.473Z, 1111.612327, 685.3267476
1714473797499, 2024-04-30T10:43:17.499Z, 1111.0108824000001, 685.5162366000001
1714473797515, 2024-04-30T10:43:17.515Z, 1109.019955, 685.22123
1714473797531, 2024-04-30T10:43:17.531Z, 1107.2755519999998, 683.9387306000001
1714473797546, 2024-04-30T10:43:17.546Z, 1105.5391743999999, 679.3718112
1714473797561, 2024-04-30T10:43:17.561Z, 1104.5248596, 675.8981287999999
1714473797577, 2024-04-30T10:43:17.577Z, 1102.7953294, 673.9441985999999
1714473797592, 2024-04-30T10:43:17.592Z, 1102.1039403999998, 675.5785832
1714473797607, 2024-04-30T10:43:17.607Z, 1102.0207518, 678.4132018
1714473797625, 2024-04-30T10:43:17.625Z, 1103.4065070000001, 682.6994106
1714473797639, 2024-04-30T10:43:17.639Z, 1107.2654438, 686.2708296
1714473797653, 2024-04-30T10:43:17.653Z, 1113.5243266, 688.7161062000001
1714473797670, 2024-04-30T10:43:17.670Z, 1120.6877392000001, 687.685776
1714473797684, 2024-04-30T10:43:17.684Z, 1128.8591932000002, 686.7760259999999
1714473797700, 2024-04-30T10:43:17.700Z, 1136.6452934000001, 685.4008879999999
1714473797716, 2024-04-30T10:43:17.716Z, 1143.0432418, 684.4580112000001
1714473797732, 2024-04-30T10:43:17.732Z, 1148.8578118, 683.8241866000001
1714473797747, 2024-04-30T10:43:17.747Z, 1153.3117227999999, 683.3572580000001
1714473797776, 2024-04-30T10:43:17.776Z, 1153.8337568000002, 685.1476518000001
1714473797787, 2024-04-30T10:43:17.787Z, 1153.8555674, 687.0835444
1714473797805, 2024-04-30T10:43:17.805Z, 1152.8464654, 689.4296412
1714473797819, 2024-04-30T10:43:17.819Z, 1152.2789724, 690.780088
1714473797832, 2024-04-30T10:43:17.832Z, 1150.2131156, 693.0638512
1714473797850, 2024-04-30T10:43:17.850Z, 1151.730806, 691.0761838
1714473797864, 2024-04-30T10:43:17.864Z, 1141.0031720000002, 687.7028404
1714473797877, 2024-04-30T10:43:17.877Z, 1130.9742523999998, 683.999852
1714473797898, 2024-04-30T10:43:17.898Z, 1120.3148572, 682.512358
1714473797923, 2024-04-30T10:43:17.923Z, 1111.3810456, 680.065602
1714473797954, 2024-04-30T10:43:17.954Z, 1098.204244, 681.8473432
1714473797967, 2024-04-30T10:43:17.967Z, 1098.4334882, 684.4746666
1714473797985, 2024-04-30T10:43:17.985Z, 1098.5570010000001, 685.7489878
1714473798000, 2024-04-30T10:43:18.000Z, 1096.8967401999998, 686.461932
1714473798014, 2024-04-30T10:43:18.014Z, 1094.480363, 686.2763366000001
1714473798032, 2024-04-30T10:43:18.032Z, 1094.8211906000001, 683.5276804
1714473798047, 2024-04-30T10:43:18.047Z, 1094.719062, 681.7330886
1714473798078, 2024-04-30T10:43:18.078Z, 1094.348481, 680.9074118000001
1714473798092, 2024-04-30T10:43:18.092Z, 1095.007435, 680.4257232
1714473798103, 2024-04-30T10:43:18.103Z, 1096.9974772, 680.8831604000001
1714473798120, 2024-04-30T10:43:18.120Z, 1099.1243326, 681.1218042
1714473798150, 2024-04-30T10:43:18.150Z, 1099.9254844, 680.691237
1714473798166, 2024-04-30T10:43:18.166Z, 1101.0800516, 681.4170994
1714473798181, 2024-04-30T10:43:18.181Z, 1101.6479074, 684.0438012
1714473798197, 2024-04-30T10:43:18.197Z, 1102.9706582, 692.6705330000001
1714473798226, 2024-04-30T10:43:18.226Z, 1103.8204208, 701.1817244
1714473798237, 2024-04-30T10:43:18.237Z, 1103.8353322, 712.0398984000001
1714473798255, 2024-04-30T10:43:18.255Z, 1103.6934398, 723.0008738
1714473798270, 2024-04-30T10:43:18.270Z, 1103.1778224, 731.0990363999999
1714473798282, 2024-04-30T10:43:18.282Z, 1100.8564006000001, 732.5266718
1714473798300, 2024-04-30T10:43:18.300Z, 1097.847784, 732.4196144
1714473798315, 2024-04-30T10:43:18.315Z, 1095.7966138, 730.5219850000001
1714473798327, 2024-04-30T10:43:18.327Z, 1093.703188, 728.2774922000001
1714473798345, 2024-04-30T10:43:18.345Z, 1091.9890388, 727.6047953999998
1714473798373, 2024-04-30T10:43:18.373Z, 1090.6079184, 727.2236144000001
1714473798390, 2024-04-30T10:43:18.390Z, 1090.1208594, 728.8586774
1714473798417, 2024-04-30T10:43:18.417Z, 1091.0640552, 729.7908184
1714473798435, 2024-04-30T10:43:18.435Z, 1092.4465477999997, 729.6839400000001
1714473798462, 2024-04-30T10:43:18.462Z, 1091.3713452, 727.7325506
1714473798480, 2024-04-30T10:43:18.480Z, 1090.7758055999998, 726.4073845999999
1714473798527, 2024-04-30T10:43:18.527Z, 1089.2986987999998, 726.3479314
1714473798547, 2024-04-30T10:43:18.547Z, 1087.2159097999997, 726.796415
1714473798558, 2024-04-30T10:43:18.558Z, 1088.3127949999998, 729.9246184000001
1714473798570, 2024-04-30T10:43:18.570Z, 1094.2567544, 735.1577732000001
1714473798593, 2024-04-30T10:43:18.593Z, 1099.8993366, 739.9105456
1714473798599, 2024-04-30T10:43:18.599Z, 1107.464261, 744.2273336000001
1714473798618, 2024-04-30T10:43:18.618Z, 1114.4311739999998, 748.9024604
1714473798647, 2024-04-30T10:43:18.647Z, 1117.8309332000001, 751.726613
1714473798662, 2024-04-30T10:43:18.662Z, 1118.8498318, 753.4984608
1714473798683, 2024-04-30T10:43:18.683Z, 1119.6120105999998, 755.8833536
1714473798693, 2024-04-30T10:43:18.693Z, 1119.7995296, 757.5346298000001
1714473798710, 2024-04-30T10:43:18.710Z, 1121.05802, 758.883071
1714473798726, 2024-04-30T10:43:18.726Z, 1118.516515, 756.9956935999999
1714473798741, 2024-04-30T10:43:18.741Z, 1114.1776504, 752.7086238
1714473798757, 2024-04-30T10:43:18.757Z, 1110.7393233999999, 744.4909682
1714473798773, 2024-04-30T10:43:18.773Z, 1106.634151, 737.0039612
1714473798788, 2024-04-30T10:43:18.788Z, 1102.2717572, 729.567866
1714473798804, 2024-04-30T10:43:18.804Z, 1103.3958322, 723.9303485999999
1714473798823, 2024-04-30T10:43:18.823Z, 1106.8949468, 719.1378498
1714473798840, 2024-04-30T10:43:18.840Z, 1109.9293072, 716.1953818
1714473798855, 2024-04-30T10:43:18.855Z, 1113.3926444, 712.1149154
1714473798867, 2024-04-30T10:43:18.867Z, 1116.2059546, 707.9519216
1714473798888, 2024-04-30T10:43:18.888Z, 1116.8504102000002, 704.8156286
1714473798903, 2024-04-30T10:43:18.903Z, 1116.658042, 702.8992943999999
1714473798914, 2024-04-30T10:43:18.914Z, 1116.3916738, 702.6057588
1714473798933, 2024-04-30T10:43:18.933Z, 1116.4014763999999, 702.6558626
1714473798947, 2024-04-30T10:43:18.947Z, 1117.4098238, 702.8401822
1714473798979, 2024-04-30T10:43:18.979Z, 1119.0196955999997, 702.7207934
1714473798993, 2024-04-30T10:43:18.993Z, 1120.4828372, 702.8653066
1714473799006, 2024-04-30T10:43:19.006Z, 1121.3444599999998, 703.1134953999999
1714473799023, 2024-04-30T10:43:19.023Z, 1121.4170424000001, 703.6677846
1714473799037, 2024-04-30T10:43:19.037Z, 1119.83574, 704.182612
1714473799053, 2024-04-30T10:43:19.053Z, 1117.935758, 705.174381
1714473799068, 2024-04-30T10:43:19.068Z, 1115.777912, 706.048406
1714473799084, 2024-04-30T10:43:19.084Z, 1114.4035696, 706.3759164
1714473799100, 2024-04-30T10:43:19.100Z, 1113.750791, 706.2297632
1714473799128, 2024-04-30T10:43:19.128Z, 1114.1198200000001, 705.2826124000001
1714473799139, 2024-04-30T10:43:19.139Z, 1114.5461788, 704.4263840000001
1714473799156, 2024-04-30T10:43:19.156Z, 1115.0546132000002, 703.0584150000001
1714473799171, 2024-04-30T10:43:19.171Z, 1113.6488552, 702.0346332
1714473799186, 2024-04-30T10:43:19.186Z, 1111.324854, 701.397029
1714473799211, 2024-04-30T10:43:19.211Z, 1106.4484848, 701.331384
1714473799227, 2024-04-30T10:43:19.227Z, 1100.2349108, 701.1683923999999
1714473799243, 2024-04-30T10:43:19.243Z, 1093.8875702, 701.2330651999999
1714473799260, 2024-04-30T10:43:19.260Z, 1088.7272708, 701.1395432
1714473799274, 2024-04-30T10:43:19.274Z, 1086.1960868, 700.2871702
1714473799289, 2024-04-30T10:43:19.289Z, 1086.1341478, 699.3993542000001
1714473799305, 2024-04-30T10:43:19.305Z, 1087.6479634000002, 698.3116742
1714473799321, 2024-04-30T10:43:19.321Z, 1088.954447, 697.6743587999999
1714473799353, 2024-04-30T10:43:19.353Z, 1093.9462668, 699.4346814
1714473799368, 2024-04-30T10:43:19.368Z, 1100.1623902000001, 702.1338499999999
1714473799399, 2024-04-30T10:43:19.399Z, 1107.5887962000002, 705.3084042
1714473799442, 2024-04-30T10:43:19.442Z, 1123.7959826, 712.9375032
1714473799453, 2024-04-30T10:43:19.453Z, 1140.7469146, 719.3873236
1714473799470, 2024-04-30T10:43:19.470Z, 1158.0282684, 721.37545
1714473799486, 2024-04-30T10:43:19.486Z, 1172.7434719999999, 722.51453
1714473799497, 2024-04-30T10:43:19.497Z, 1186.5908834, 723.1912130000001
1714473799515, 2024-04-30T10:43:19.515Z, 1192.680992, 718.5690284
1714473799531, 2024-04-30T10:43:19.531Z, 1199.078605, 715.7017194
1714473799542, 2024-04-30T10:43:19.542Z, 1203.019865, 715.9621056
1714473799578, 2024-04-30T10:43:19.578Z, 1205.9212467999998, 716.8685536
1714473799587, 2024-04-30T10:43:19.587Z, 1201.9375268000001, 717.252574
1714473799605, 2024-04-30T10:43:19.605Z, 1188.0842725999998, 716.679506
1714473799621, 2024-04-30T10:43:19.621Z, 1177.0192978, 716.2979606
1714473799633, 2024-04-30T10:43:19.633Z, 1161.8947776, 714.6507512000001
1714473799651, 2024-04-30T10:43:19.651Z, 1132.9070732, 710.1501698000001
1714473799667, 2024-04-30T10:43:19.667Z, 1110.2639304, 706.3575276
1714473799679, 2024-04-30T10:43:19.679Z, 1096.2273989999999, 705.1369522000001
1714473799695, 2024-04-30T10:43:19.695Z, 1079.0276463999999, 703.1671268
1714473799724, 2024-04-30T10:43:19.724Z, 1065.386281, 701.5558214
1714473799740, 2024-04-30T10:43:19.740Z, 1067.93369, 702.1524524
1714473799756, 2024-04-30T10:43:19.756Z, 1070.4724568, 702.396076
1714473799772, 2024-04-30T10:43:19.772Z, 1072.9483396, 702.3887726
1714473799787, 2024-04-30T10:43:19.787Z, 1076.1746176000001, 702.3598016
1714473799803, 2024-04-30T10:43:19.803Z, 1079.3027172, 702.1058301999999
1714473799819, 2024-04-30T10:43:19.819Z, 1080.7427407999999, 701.8259224
1714473799834, 2024-04-30T10:43:19.834Z, 1082.1245961999998, 701.6608669999999
1714473799850, 2024-04-30T10:43:19.850Z, 1083.4372796, 701.0008621999999
1714473799881, 2024-04-30T10:43:19.881Z, 1083.2675688, 699.7531876
1714473799897, 2024-04-30T10:43:19.897Z, 1081.6294284, 699.2667009999999
1714473799913, 2024-04-30T10:43:19.913Z, 1079.2590612, 699.2165755999999
1714473799929, 2024-04-30T10:43:19.929Z, 1076.37667, 699.2234774
1714473799945, 2024-04-30T10:43:19.945Z, 1073.5151778, 699.0246182000001
1714473799960, 2024-04-30T10:43:19.960Z, 1071.1857762, 698.7238834
1714473799976, 2024-04-30T10:43:19.976Z, 1069.6790371999998, 698.2783191999999
1714473799991, 2024-04-30T10:43:19.991Z, 1069.706746, 698.1997126
1714473800007, 2024-04-30T10:43:20.007Z, 1077.9097305999999, 701.7620205999999
1714473800028, 2024-04-30T10:43:20.028Z, 1108.0830932, 714.4538906
1714473800056, 2024-04-30T10:43:20.056Z, 1189.8445956, 748.1686794
1714473800072, 2024-04-30T10:43:20.072Z, 1273.1611404, 781.9603004
1714473800101, 2024-04-30T10:43:20.101Z, 1360.3749644, 815.254897
1714473800117, 2024-04-30T10:43:20.117Z, 1440.7358172, 844.8499938000001
1714473800147, 2024-04-30T10:43:20.147Z, 1499.7956078, 865.7854748
1714473800191, 2024-04-30T10:43:20.191Z, 1510.919447, 865.4848298
1714473800206, 2024-04-30T10:43:20.206Z, 1518.9773952, 864.2108504
1714473800235, 2024-04-30T10:43:20.235Z, 1517.556701, 862.4601193999999
1714473800252, 2024-04-30T10:43:20.252Z, 1518.5674642000001, 862.3502396
1714473800280, 2024-04-30T10:43:20.280Z, 1524.274868, 864.7706691999999
1714473800296, 2024-04-30T10:43:20.296Z, 1525.9219588, 867.6582801999999