1715408276882, 2024-05-11T06:17:56.882Z, 264.8995, 317.114025
1715408276911, 2024-05-11T06:17:56.911Z, 250.1538465, 302.506355
1715408276958, 2024-05-11T06:17:56.958Z, 242.70471433333333, 294.99248666666665
1715408276975, 2024-05-11T06:17:56.975Z, 238.88046275, 291.15680799999996
1715408277018, 2024-05-11T06:17:57.018Z, 222.96590120000002, 273.50062879999996
1715408277032, 2024-05-11T06:17:57.032Z, 206.16060420000002, 255.16459959999997
1715408277048, 2024-05-11T06:17:57.048Z, 202.28635880000002, 253.7199516
1715408277064, 2024-05-11T06:17:57.064Z, 201.9342284, 255.694625
1715408277080, 2024-05-11T06:17:57.080Z, 198.05451420000003, 247.9981012
1715408277096, 2024-05-11T06:17:57.096Z, 204.234599, 259.89141600000005
1715408277111, 2024-05-11T06:17:57.111Z, 204.5793078, 269.218408
1715408277127, 2024-05-11T06:17:57.127Z, 196.7755864, 262.42119
1715408277142, 2024-05-11T06:17:57.142Z, 187.3213182, 254.01136160000001
1715408277168, 2024-05-11T06:17:57.168Z, 177.0785654, 252.28784660000002
1715408277186, 2024-05-11T06:17:57.186Z, 173.6385186, 240.06865699999997
1715408277205, 2024-05-11T06:17:57.205Z, 172.922872, 223.3726258
1715408277220, 2024-05-11T06:17:57.220Z, 197.09864499999998, 218.73820979999996
1715408277236, 2024-05-11T06:17:57.236Z, 303.8414562, 225.82363759999998
1715408277252, 2024-05-11T06:17:57.252Z, 422.820204, 237.809946
1715408277268, 2024-05-11T06:17:57.268Z, 511.77267620000003, 252.0298058
1715408277284, 2024-05-11T06:17:57.284Z, 624.9680824000001, 273.0863776
1715408277299, 2024-05-11T06:17:57.299Z, 750.2048688000001, 287.5988576
1715408277322, 2024-05-11T06:17:57.322Z, 829.5440032, 285.7079992
1715408277336, 2024-05-11T06:17:57.336Z, 904.8725338, 280.8412016
1715408277352, 2024-05-11T06:17:57.352Z, 1002.9807666, 259.4400424
1715408277366, 2024-05-11T06:17:57.366Z, 1077.509575, 237.10058239999998
1715408277380, 2024-05-11T06:17:57.380Z, 1121.8792566, 216.2613094
1715408277394, 2024-05-11T06:17:57.394Z, 1127.5364254, 204.8582778
1715408277410, 2024-05-11T06:17:57.410Z, 1129.3574086, 193.62155479999998
1715408277425, 2024-05-11T06:17:57.425Z, 1135.7448167999999, 202.683174
1715408277440, 2024-05-11T06:17:57.440Z, 1140.7045608, 207.9156316
1715408277471, 2024-05-11T06:17:57.471Z, 1138.0038748000002, 213.40436280000003
1715408277487, 2024-05-11T06:17:57.487Z, 1136.693034, 214.3438658
1715408277502, 2024-05-11T06:17:57.502Z, 1135.6669948, 215.63131560000002
1715408277518, 2024-05-11T06:17:57.518Z, 1133.7175422, 216.95520299999998
1715408277533, 2024-05-11T06:17:57.533Z, 1132.0703438, 215.17734259999997
1715408277549, 2024-05-11T06:17:57.549Z, 1132.0505678000002, 206.83485260000003
1715408277564, 2024-05-11T06:17:57.564Z, 1135.4210880000003, 196.75486899999999
1715408277579, 2024-05-11T06:17:57.579Z, 1138.3527784, 187.03169699999998
1715408277595, 2024-05-11T06:17:57.595Z, 1140.5854688000002, 176.8323548
1715408277622, 2024-05-11T06:17:57.622Z, 1143.2082746, 167.58640839999998
1715408277635, 2024-05-11T06:17:57.635Z, 1147.0436088000001, 162.93007239999997
1715408277657, 2024-05-11T06:17:57.657Z, 1146.1768086, 161.61671440000003
1715408277689, 2024-05-11T06:17:57.689Z, 1145.3076968, 160.525748
1715408277704, 2024-05-11T06:17:57.704Z, 1146.3186382, 160.4029854
1715408277735, 2024-05-11T06:17:57.735Z, 1146.5979462, 161.050317
1715408277750, 2024-05-11T06:17:57.750Z, 1145.8195354000002, 160.99802960000002
1715408277769, 2024-05-11T06:17:57.769Z, 1146.597281, 159.3456584
1715408277787, 2024-05-11T06:17:57.787Z, 1161.1410144000001, 158.30999920000002
1715408277814, 2024-05-11T06:17:57.814Z, 1179.4516208, 157.7247536
1715408277828, 2024-05-11T06:17:57.828Z, 1202.7736322, 158.82445620000001
1715408277844, 2024-05-11T06:17:57.844Z, 1232.3661186, 161.67186120000002
1715408277860, 2024-05-11T06:17:57.860Z, 1277.6464204, 165.3110672
1715408277891, 2024-05-11T06:17:57.891Z, 1307.5467353999998, 167.6852386
1715408277919, 2024-05-11T06:17:57.919Z, 1329.56133, 170.9592852
1715408277948, 2024-05-11T06:17:57.948Z, 1316.2487658, 189.642796
1715408277963, 2024-05-11T06:17:57.963Z, 1186.5429924, 236.8698046
1715408277978, 2024-05-11T06:17:57.978Z, 1002.7010388000001, 295.93961260000003
1715408277993, 2024-05-11T06:17:57.993Z, 814.7833026, 356.573132
1715408278008, 2024-05-11T06:17:58.008Z, 574.0975288, 428.42348419999996
1715408278023, 2024-05-11T06:17:58.023Z, 362.54995180000003, 484.1463216
1715408278042, 2024-05-11T06:17:58.042Z, 260.1160374, 508.9183094
1715408278069, 2024-05-11T06:17:58.069Z, 195.3859418, 520.6362895999999
1715408278083, 2024-05-11T06:17:58.083Z, 139.5250622, 543.1942422
1715408278098, 2024-05-11T06:17:58.098Z, 138.30425920000002, 548.1303226
1715408278113, 2024-05-11T06:17:58.113Z, 137.40434839999998, 553.6795764000001
1715408278132, 2024-05-11T06:17:58.132Z, 137.0956576, 556.586283
1715408278154, 2024-05-11T06:17:58.154Z, 135.90820200000002, 557.8528320000001
1715408278169, 2024-05-11T06:17:58.169Z, 127.6595898, 539.7182846
1715408278185, 2024-05-11T06:17:58.185Z, 120.18073080000002, 525.2609904
1715408278200, 2024-05-11T06:17:58.200Z, 115.3062328, 513.7294158
1715408278219, 2024-05-11T06:17:58.219Z, 109.96635380000001, 502.8148274
1715408278234, 2024-05-11T06:17:58.234Z, 107.8927416, 495.175346
1715408278248, 2024-05-11T06:17:58.248Z, 112.456683, 497.00203300000004
1715408278264, 2024-05-11T06:17:58.264Z, 117.01651339999998, 500.24419040000004
1715408278280, 2024-05-11T06:17:58.280Z, 119.53022080000001, 501.057066
1715408278311, 2024-05-11T06:17:58.311Z, 123.1904518, 505.343561
1715408278327, 2024-05-11T06:17:58.327Z, 125.200533, 508.19086980000003
1715408278342, 2024-05-11T06:17:58.342Z, 125.1326724, 510.80807139999996
1715408278369, 2024-05-11T06:17:58.369Z, 126.21026200000001, 512.8312652
1715408278383, 2024-05-11T06:17:58.383Z, 125.25085340000001, 508.2682232
1715408278398, 2024-05-11T06:17:58.398Z, 126.01724899999999, 506.12085419999994
1715408278413, 2024-05-11T06:17:58.413Z, 130.5187084, 499.83583639999995
1715408278428, 2024-05-11T06:17:58.428Z, 133.03425180000002, 491.0851228
1715408278443, 2024-05-11T06:17:58.443Z, 133.3084008, 480.82122419999996
1715408278459, 2024-05-11T06:17:58.459Z, 136.50401340000002, 478.9603026
1715408278473, 2024-05-11T06:17:58.473Z, 138.4115542, 474.97339359999995
1715408278492, 2024-05-11T06:17:58.492Z, 137.02734019999997, 475.4915010000001
1715408278522, 2024-05-11T06:17:58.522Z, 140.05780339999998, 482.17474440000007
1715408278546, 2024-05-11T06:17:58.546Z, 146.4696582, 491.63306300000005
1715408278561, 2024-05-11T06:17:58.561Z, 151.38702039999998, 499.34742420000003
1715408278577, 2024-05-11T06:17:58.577Z, 158.5307296, 509.5272052
1715408278594, 2024-05-11T06:17:58.594Z, 163.5309988, 514.8133374
1715408278609, 2024-05-11T06:17:58.609Z, 167.53357, 514.0464824
1715408278627, 2024-05-11T06:17:58.627Z, 171.4399022, 508.53141059999996
1715408278656, 2024-05-11T06:17:58.656Z, 176.8654228, 489.88292540000003
1715408278672, 2024-05-11T06:17:58.672Z, 180.9604588, 461.02671019999997
1715408278688, 2024-05-11T06:17:58.688Z, 194.3323486, 439.2213554
1715408278703, 2024-05-11T06:17:58.703Z, 204.7955522, 415.15886620000003
1715408278718, 2024-05-11T06:17:58.718Z, 210.48015299999997, 393.2550668
1715408278734, 2024-05-11T06:17:58.734Z, 219.2590268, 386.1507382
1715408278749, 2024-05-11T06:17:58.749Z, 224.9923296, 383.729157
1715408278764, 2024-05-11T06:17:58.764Z, 222.85848479999999, 378.27463359999996
1715408278780, 2024-05-11T06:17:58.780Z, 220.434247, 371.7479458
1715408278796, 2024-05-11T06:17:58.796Z, 219.7341864, 363.37990560000003
1715408278844, 2024-05-11T06:17:58.844Z, 214.00314519999998, 354.0941524
1715408278859, 2024-05-11T06:17:58.859Z, 210.78427699999997, 346.1746704
1715408278874, 2024-05-11T06:17:58.874Z, 216.38734320000003, 342.3527846
1715408278890, 2024-05-11T06:17:58.890Z, 225.029784, 340.5164514
1715408278905, 2024-05-11T06:17:58.905Z, 230.0076586, 332.075257
1715408278937, 2024-05-11T06:17:58.937Z, 234.88668900000002, 320.02078120000004
1715408278952, 2024-05-11T06:17:58.952Z, 238.35879319999998, 307.5228022
1715408278969, 2024-05-11T06:17:58.969Z, 237.26137040000003, 295.9836596
1715408278984, 2024-05-11T06:17:58.984Z, 235.5639552, 290.6746962
1715408279000, 2024-05-11T06:17:59.000Z, 239.28597639999998, 298.48670660000005
1715408279016, 2024-05-11T06:17:59.016Z, 243.66247579999998, 317.0076112
1715408279031, 2024-05-11T06:17:59.031Z, 248.86159100000003, 344.6249412
1715408279046, 2024-05-11T06:17:59.046Z, 252.2702936, 389.3663166
1715408279062, 2024-05-11T06:17:59.062Z, 255.34474799999998, 433.28261059999994
1715408279078, 2024-05-11T06:17:59.078Z, 257.9862822, 472.67296139999996
1715408279093, 2024-05-11T06:17:59.093Z, 261.68273660000006, 513.4883166
1715408279119, 2024-05-11T06:17:59.119Z, 268.1693752, 553.656887
1715408279133, 2024-05-11T06:17:59.133Z, 272.05269519999996, 570.0068160000001
1715408279148, 2024-05-11T06:17:59.148Z, 278.4739122, 578.3497528
1715408279163, 2024-05-11T06:17:59.163Z, 284.4623114, 583.7949078
1715408279178, 2024-05-11T06:17:59.178Z, 289.3396424, 579.6815382000001
1715408279193, 2024-05-11T06:17:59.193Z, 287.3736454, 561.3137687999999
1715408279208, 2024-05-11T06:17:59.208Z, 287.13975500000004, 547.0376688
1715408279223, 2024-05-11T06:17:59.223Z, 282.5123496, 536.4114544
1715408279242, 2024-05-11T06:17:59.242Z, 279.3319176, 528.2304494
1715408279269, 2024-05-11T06:17:59.269Z, 272.2769144, 518.5984828
1715408279283, 2024-05-11T06:17:59.283Z, 271.5382324, 519.8757466
1715408279298, 2024-05-11T06:17:59.298Z, 270.1205786, 520.143727
1715408279315, 2024-05-11T06:17:59.315Z, 269.6458938, 518.7564203999999
1715408279328, 2024-05-11T06:17:59.328Z, 266.97720799999996, 519.3803162
1715408279344, 2024-05-11T06:17:59.344Z, 269.1071518, 520.6263538000001
1715408279360, 2024-05-11T06:17:59.360Z, 269.39341079999997, 517.4730248000001
1715408279375, 2024-05-11T06:17:59.375Z, 271.111316, 512.8118200000001
1715408279391, 2024-05-11T06:17:59.391Z, 272.229469, 510.1540724
1715408279419, 2024-05-11T06:17:59.419Z, 280.5822346, 508.85416460000005
1715408279433, 2024-05-11T06:17:59.433Z, 300.3781956, 511.52124160000005
1715408279448, 2024-05-11T06:17:59.448Z, 323.1594634, 515.6662096
1715408279463, 2024-05-11T06:17:59.463Z, 342.6561396, 518.2561472
1715408279478, 2024-05-11T06:17:59.478Z, 362.756579, 522.8779606
1715408279493, 2024-05-11T06:17:59.493Z, 376.7022578, 526.2592798
1715408279508, 2024-05-11T06:17:59.508Z, 379.0448572, 525.5824948
1715408279523, 2024-05-11T06:17:59.523Z, 377.3634758, 522.9141318
1715408279538, 2024-05-11T06:17:59.538Z, 376.294992, 521.9137026
1715408279569, 2024-05-11T06:17:59.569Z, 375.1085236, 518.6616474
1715408279586, 2024-05-11T06:17:59.586Z, 374.28591140000003, 515.140171
1715408279598, 2024-05-11T06:17:59.598Z, 373.47524000000004, 514.8725608000001
1715408279616, 2024-05-11T06:17:59.616Z, 373.5108554, 521.2926798000001
1715408279628, 2024-05-11T06:17:59.628Z, 379.3453134, 526.0007264
1715408279643, 2024-05-11T06:17:59.643Z, 391.4612108, 529.5226512000002
1715408279673, 2024-05-11T06:17:59.673Z, 405.30450659999997, 532.858085
1715408279689, 2024-05-11T06:17:59.689Z, 424.16332299999993, 533.9397838
1715408279723, 2024-05-11T06:17:59.723Z, 447.12782100000004, 527.3350704
1715408279737, 2024-05-11T06:17:59.737Z, 464.6348962, 521.4358234
1715408279751, 2024-05-11T06:17:59.751Z, 477.59425439999995, 509.7070796
1715408279767, 2024-05-11T06:17:59.767Z, 488.85741740000003, 498.9377878
1715408279782, 2024-05-11T06:17:59.782Z, 495.3907201999999, 487.8779956
1715408279797, 2024-05-11T06:17:59.797Z, 497.0534016, 480.4142226
1715408279813, 2024-05-11T06:17:59.813Z, 499.1609724, 474.57104300000003
1715408279829, 2024-05-11T06:17:59.829Z, 499.6223094, 473.7051444
1715408279845, 2024-05-11T06:17:59.845Z, 499.8601108, 473.86324300000007
1715408279869, 2024-05-11T06:17:59.869Z, 499.61541180000006, 475.6637184
1715408279884, 2024-05-11T06:17:59.884Z, 500.35414019999996, 482.29688999999996
1715408279898, 2024-05-11T06:17:59.898Z, 505.23823400000003, 485.5800612
1715408279913, 2024-05-11T06:17:59.913Z, 516.2059902, 488.91844740000005
1715408279928, 2024-05-11T06:17:59.928Z, 553.5315899999999, 489.74191820000004
1715408279943, 2024-05-11T06:17:59.943Z, 640.1523254, 479.59659739999995
1715408279961, 2024-05-11T06:17:59.961Z, 726.1381168, 459.7519314
1715408279973, 2024-05-11T06:17:59.973Z, 826.299143, 434.58307640000004
1715408279990, 2024-05-11T06:17:59.990Z, 945.8117053999998, 405.0467
1715408280018, 2024-05-11T06:18:00.018Z, 1066.002267, 366.6604062
1715408280034, 2024-05-11T06:18:00.034Z, 1133.7167723999999, 339.32770280000005
1715408280050, 2024-05-11T06:18:00.050Z, 1208.2181234, 315.9827754
1715408280066, 2024-05-11T06:18:00.066Z, 1264.6188226, 296.777375
1715408280096, 2024-05-11T06:18:00.096Z, 1295.9074728, 284.24387279999996
1715408280112, 2024-05-11T06:18:00.112Z, 1302.2697734, 282.3765692
1715408280127, 2024-05-11T06:18:00.127Z, 1311.933098, 278.78558539999995
1715408280142, 2024-05-11T06:18:00.142Z, 1315.1249762000002, 273.57922820000005
1715408280168, 2024-05-11T06:18:00.168Z, 1318.4763560000001, 272.0560798
1715408280183, 2024-05-11T06:18:00.183Z, 1327.348551, 266.5551258
1715408280199, 2024-05-11T06:18:00.199Z, 1339.992837, 256.21002039999996
1715408280212, 2024-05-11T06:18:00.212Z, 1353.4117919999999, 245.4003832
1715408280226, 2024-05-11T06:18:00.226Z, 1371.0269898, 231.04090699999998
1715408280242, 2024-05-11T06:18:00.242Z, 1389.0602606, 216.3616162
1715408280257, 2024-05-11T06:18:00.257Z, 1401.788539, 205.86289440000002
1715408280271, 2024-05-11T06:18:00.271Z, 1410.7349086, 198.07147700000002
1715408280291, 2024-05-11T06:18:00.291Z, 1422.1572074, 193.032634
1715408280319, 2024-05-11T06:18:00.319Z, 1429.8002128000003, 193.0956686
1715408280333, 2024-05-11T06:18:00.333Z, 1436.6457602, 193.94237479999998
1715408280347, 2024-05-11T06:18:00.347Z, 1442.745171, 195.2696072
1715408280363, 2024-05-11T06:18:00.363Z, 1446.0132986, 198.1116172
1715408280379, 2024-05-11T06:18:00.379Z, 1445.9366412, 198.28296799999998
1715408280395, 2024-05-11T06:18:00.395Z, 1441.6397109999998, 197.97175040000002
1715408280410, 2024-05-11T06:18:00.410Z, 1373.7141628000002, 196.69324160000002
1715408280497, 2024-05-11T06:18:00.497Z, 1220.6734944, 198.85968359999998
1715408280512, 2024-05-11T06:18:00.512Z, 1010.2523942, 222.75671039999997
1715408280556, 2024-05-11T06:18:00.556Z, 806.3643775999999, 248.07610240000002
1715408280571, 2024-05-11T06:18:00.571Z, 605.7525347999999, 267.20429099999996
1715408280586, 2024-05-11T06:18:00.586Z, 468.39016780000003, 284.6346792
1715408280631, 2024-05-11T06:18:00.631Z, 416.42556219999994, 294.9560218
1715408280646, 2024-05-11T06:18:00.646Z, 425.14616839999997, 287.198107
1715408280680, 2024-05-11T06:18:00.680Z, 431.31870760000004, 284.7786856
1715408280695, 2024-05-11T06:18:00.695Z, 438.98243659999997, 290.9378526
1715408280725, 2024-05-11T06:18:00.725Z, 450.6602068, 292.779205
1715408280739, 2024-05-11T06:18:00.739Z, 463.0848274, 297.70110999999997
1715408280771, 2024-05-11T06:18:00.771Z, 472.66504259999994, 298.5683948
1715408280785, 2024-05-11T06:18:00.785Z, 477.1034774, 295.41076860000004
1715408280800, 2024-05-11T06:18:00.800Z, 480.87688820000005, 290.3561744
1715408280817, 2024-05-11T06:18:00.817Z, 482.2461244, 292.60547699999995
1715408280845, 2024-05-11T06:18:00.845Z, 480.54848760000004, 291.62126079999996
1715408280861, 2024-05-11T06:18:00.861Z, 478.92127740000006, 291.35618280000006
1715408280877, 2024-05-11T06:18:00.877Z, 477.5829756, 287.7046312
1715408280892, 2024-05-11T06:18:00.892Z, 474.7168573999999, 280.0558892
1715408280938, 2024-05-11T06:18:00.938Z, 467.2003902, 272.19536400000004
1715408280955, 2024-05-11T06:18:00.955Z, 462.03686260000006, 264.503063
1715408280985, 2024-05-11T06:18:00.985Z, 461.75846379999996, 264.262195
1715408281000, 2024-05-11T06:18:01.000Z, 461.663757, 262.2487662
1715408281016, 2024-05-11T06:18:01.016Z, 488.4785672, 267.0788976
1715408281032, 2024-05-11T06:18:01.032Z, 633.4185774, 256.4187544
1715408281047, 2024-05-11T06:18:01.047Z, 778.8055626, 249.6043242
1715408281069, 2024-05-11T06:18:01.069Z, 955.9336116000001, 229.667
1715408281086, 2024-05-11T06:18:01.086Z, 1153.6750662, 210.49815619999998
1715408281108, 2024-05-11T06:18:01.108Z, 1327.2541368, 190.6053324
1715408281125, 2024-05-11T06:18:01.125Z, 1386.3708234, 186.6712828
1715408281139, 2024-05-11T06:18:01.139Z, 1445.3058544, 182.5119306
1715408281155, 2024-05-11T06:18:01.155Z, 1467.0635864, 186.4010154
1715408281171, 2024-05-11T06:18:01.171Z, 1468.8171264, 192.77983920000003
1715408281187, 2024-05-11T06:18:01.187Z, 1469.0998794, 196.83643179999999
1715408281202, 2024-05-11T06:18:01.202Z, 1469.4854779999998, 201.9021068
1715408281219, 2024-05-11T06:18:01.219Z, 1470.0584933999999, 207.40599840000004
1715408281233, 2024-05-11T06:18:01.233Z, 1471.5001797999998, 209.85489320000002
1715408281249, 2024-05-11T06:18:01.249Z, 1474.9188378, 209.52702420000006
1715408281267, 2024-05-11T06:18:01.267Z, 1494.5001848, 206.6942008
1715408281295, 2024-05-11T06:18:01.295Z, 1514.8851046000002, 202.2975682
1715408281310, 2024-05-11T06:18:01.310Z, 1538.9216570000003, 199.75834279999998
1715408281325, 2024-05-11T06:18:01.325Z, 1566.8304084000001, 196.27119480000002
1715408281341, 2024-05-11T06:18:01.341Z, 1597.401899, 193.9789248
1715408281370, 2024-05-11T06:18:01.370Z, 1616.4641174, 193.8717264
1715408281386, 2024-05-11T06:18:01.386Z, 1634.6074442000001, 193.41138840000002
1715408281402, 2024-05-11T06:18:01.402Z, 1648.9240726, 189.94513160000002
1715408281418, 2024-05-11T06:18:01.418Z, 1658.5774238, 184.6181862
1715408281434, 2024-05-11T06:18:01.434Z, 1664.711176, 180.46691260000003
1715408281450, 2024-05-11T06:18:01.450Z, 1665.4907295999997, 176.8779648
1715408281466, 2024-05-11T06:18:01.466Z, 1666.3505216, 173.0119722
1715408281480, 2024-05-11T06:18:01.480Z, 1667.240418, 170.6088552
1715408281496, 2024-05-11T06:18:01.496Z, 1668.8867899999998, 170.5299242
1715408281524, 2024-05-11T06:18:01.524Z, 1671.35066, 172.744462
1715408281534, 2024-05-11T06:18:01.534Z, 1676.0632738, 174.4704418
1715408281548, 2024-05-11T06:18:01.548Z, 1680.4179037999997, 176.69779720000002
1715408281563, 2024-05-11T06:18:01.563Z, 1683.9971312000002, 178.5901714
1715408281578, 2024-05-11T06:18:01.578Z, 1685.8715906000002, 184.38644240000002
1715408281594, 2024-05-11T06:18:01.594Z, 1683.9942983999997, 190.4988844
1715408281612, 2024-05-11T06:18:01.612Z, 1680.0890828, 196.96558080000003
1715408281627, 2024-05-11T06:18:01.627Z, 1676.1476286000002, 203.57829080000002
1715408281638, 2024-05-11T06:18:01.638Z, 1673.0281850000003, 207.15418240000002
1715408281669, 2024-05-11T06:18:01.669Z, 1670.7088766000002, 205.63312580000002
1715408281683, 2024-05-11T06:18:01.683Z, 1670.5399744000001, 201.1157138
1715408281698, 2024-05-11T06:18:01.698Z, 1672.5605306000002, 199.775881
1715408281714, 2024-05-11T06:18:01.714Z, 1676.0415934, 197.1677522
1715408281729, 2024-05-11T06:18:01.729Z, 1679.2171878000001, 197.5138082
1715408281745, 2024-05-11T06:18:01.745Z, 1684.391891, 197.4747042
1715408281761, 2024-05-11T06:18:01.761Z, 1688.6508148, 199.55646740000003
1715408281776, 2024-05-11T06:18:01.776Z, 1691.6783504000002, 197.7191188
1715408281791, 2024-05-11T06:18:01.791Z, 1693.9381574, 195.6349492
1715408281819, 2024-05-11T06:18:01.819Z, 1697.1730194, 191.53649160000003
1715408281833, 2024-05-11T06:18:01.833Z, 1699.5822876000002, 188.4049664
1715408281848, 2024-05-11T06:18:01.848Z, 1702.582288, 184.4021958
1715408281867, 2024-05-11T06:18:01.867Z, 1703.2072366, 183.20126420000003
1715408281882, 2024-05-11T06:18:01.882Z, 1702.701386, 184.01650639999997
1715408281893, 2024-05-11T06:18:01.893Z, 1700.9032826000002, 186.80023939999995
1715408281908, 2024-05-11T06:18:01.908Z, 1698.638972, 191.73080579999998
1715408281923, 2024-05-11T06:18:01.923Z, 1696.8221933999998, 194.5617048
1715408281938, 2024-05-11T06:18:01.938Z, 1696.3516424000002, 195.12506860000002
1715408281969, 2024-05-11T06:18:01.969Z, 1696.8104663999998, 193.7670888
1715408281985, 2024-05-11T06:18:01.985Z, 1698.3162714000002, 192.76866479999998
1715408282010, 2024-05-11T06:18:02.010Z, 1699.4743486, 190.9264496
1715408282025, 2024-05-11T06:18:02.025Z, 1698.9520458, 192.2478628
1715408282041, 2024-05-11T06:18:02.041Z, 1698.0214944, 193.5652602
1715408282057, 2024-05-11T06:18:02.057Z, 1696.333814, 196.208327
1715408282072, 2024-05-11T06:18:02.072Z, 1693.8574412000003, 197.7497142
1715408282088, 2024-05-11T06:18:02.088Z, 1692.4115227999998, 198.49886699999996
1715408282118, 2024-05-11T06:18:02.118Z, 1691.3761628, 197.6350616
1715408282132, 2024-05-11T06:18:02.132Z, 1691.0989374, 196.80896819999998
1715408282147, 2024-05-11T06:18:02.147Z, 1691.1450416, 196.0838536
1715408282162, 2024-05-11T06:18:02.162Z, 1691.5782877999998, 195.4874484
1715408282177, 2024-05-11T06:18:02.177Z, 1691.7673854, 195.172599
1715408282191, 2024-05-11T06:18:02.191Z, 1692.1130025999998, 193.5536098
1715408282207, 2024-05-11T06:18:02.207Z, 1691.6713275999998, 191.9619658
1715408282221, 2024-05-11T06:18:02.221Z, 1690.897214, 190.3675676
1715408282236, 2024-05-11T06:18:02.236Z, 1689.2878747999998, 191.90598800000004
1715408282268, 2024-05-11T06:18:02.268Z, 1688.7441574, 197.23440220000003
1715408282282, 2024-05-11T06:18:02.282Z, 1687.5999544, 203.81634739999998
1715408282296, 2024-05-11T06:18:02.296Z, 1686.5153014, 221.94403039999997
1715408282312, 2024-05-11T06:18:02.312Z, 1687.0411491999998, 243.4133686
1715408282327, 2024-05-11T06:18:02.327Z, 1687.949685, 262.80282139999997
1715408282346, 2024-05-11T06:18:02.346Z, 1687.3176912, 277.78361
1715408282368, 2024-05-11T06:18:02.368Z, 1685.42922, 295.294602
1715408282384, 2024-05-11T06:18:02.384Z, 1681.6830814, 303.4799174
1715408282398, 2024-05-11T06:18:02.398Z, 1674.2638154, 312.177752
1715408282418, 2024-05-11T06:18:02.418Z, 1664.8037782, 322.2412322
1715408282431, 2024-05-11T06:18:02.431Z, 1657.3919832, 332.0391916
1715408282447, 2024-05-11T06:18:02.447Z, 1653.3365079999999, 339.100585
1715408282462, 2024-05-11T06:18:02.462Z, 1652.4776152, 342.26267499999994
1715408282477, 2024-05-11T06:18:02.477Z, 1654.9232757999998, 339.652198
1715408282493, 2024-05-11T06:18:02.493Z, 1658.4651654000002, 331.56474
1715408282509, 2024-05-11T06:18:02.509Z, 1661.4700396, 327.47702960000004
1715408282525, 2024-05-11T06:18:02.525Z, 1664.4906818, 324.86849859999995
1715408282541, 2024-05-11T06:18:02.541Z, 1667.0186626, 324.61615739999996
1715408282568, 2024-05-11T06:18:02.568Z, 1669.0501081999998, 329.3525018
1715408282582, 2024-05-11T06:18:02.582Z, 1672.2000887999998, 334.11302140000004
1715408282602, 2024-05-11T06:18:02.602Z, 1673.0520000000001, 335.36229
1715408282611, 2024-05-11T06:18:02.611Z, 1673.2666782000001, 333.47999500000003
1715408282627, 2024-05-11T06:18:02.627Z, 1673.9256292000002, 329.84487160000003
1715408282646, 2024-05-11T06:18:02.646Z, 1674.619342, 323.76729
1715408282657, 2024-05-11T06:18:02.657Z, 1675.295236, 319.6856846
1715408282672, 2024-05-11T06:18:02.672Z, 1677.6971672, 316.9900526
1715408282687, 2024-05-11T06:18:02.687Z, 1678.556051, 316.98358900000005
1715408282718, 2024-05-11T06:18:02.718Z, 1679.4933772, 317.86753600000003
1715408282732, 2024-05-11T06:18:02.732Z, 1680.7010071999998, 319.02230959999997
1715408282747, 2024-05-11T06:18:02.747Z, 1681.9609708, 322.4522806
1715408282762, 2024-05-11T06:18:02.762Z, 1681.3458319999997, 325.57838019999997
1715408282777, 2024-05-11T06:18:02.777Z, 1679.0226814000002, 328.99622220000003
1715408282791, 2024-05-11T06:18:02.791Z, 1675.1669736, 331.08704819999997
1715408282811, 2024-05-11T06:18:02.811Z, 1668.4912194, 332.2513414
1715408282835, 2024-05-11T06:18:02.835Z, 1660.4497768, 333.4897958
1715408282850, 2024-05-11T06:18:02.850Z, 1644.5998800000002, 336.69831719999996
1715408282872, 2024-05-11T06:18:02.872Z, 1593.4755326, 352.3506154
1715408282885, 2024-05-11T06:18:02.885Z, 1533.5136974000002, 368.8633956
1715408282900, 2024-05-11T06:18:02.900Z, 1465.7478302, 388.651436
1715408282912, 2024-05-11T06:18:02.912Z, 1396.1826494000002, 408.454252
1715408282928, 2024-05-11T06:18:02.928Z, 1334.1200978, 427.01467560000003
1715408282944, 2024-05-11T06:18:02.944Z, 1304.016569, 437.1203358000001
1715408282960, 2024-05-11T06:18:02.960Z, 1280.2863178, 449.62563339999997
1715408282976, 2024-05-11T06:18:02.976Z, 1266.3511616, 458.61225699999994
1715408282991, 2024-05-11T06:18:02.991Z, 1255.2471475999998, 466.14463159999997
1715408283018, 2024-05-11T06:18:03.018Z, 1245.9209782000003, 471.883383
1715408283031, 2024-05-11T06:18:03.031Z, 1242.988125, 471.6193222
1715408283047, 2024-05-11T06:18:03.047Z, 1242.7032616000001, 466.73137499999996
1715408283061, 2024-05-11T06:18:03.061Z, 1242.1638725999999, 462.0929194
1715408283081, 2024-05-11T06:18:03.081Z, 1241.739225, 457.5777978
1715408283100, 2024-05-11T06:18:03.100Z, 1240.3791614, 453.2786064
1715408283116, 2024-05-11T06:18:03.116Z, 1229.5859376, 448.7341172
1715408283132, 2024-05-11T06:18:03.132Z, 1216.1654552, 448.7335948000001
1715408283147, 2024-05-11T06:18:03.147Z, 1203.2542194, 448.0239096
1715408283168, 2024-05-11T06:18:03.168Z, 1184.6852792000002, 449.10644119999995
1715408283187, 2024-05-11T06:18:03.187Z, 1166.4242074000001, 450.1803862
1715408283225, 2024-05-11T06:18:03.225Z, 1155.9439933999997, 454.43529679999995
1715408283241, 2024-05-11T06:18:03.241Z, 1148.6267582, 457.2381902
1715408283257, 2024-05-11T06:18:03.257Z, 1142.6338058000001, 464.22014019999995
1715408283272, 2024-05-11T06:18:03.272Z, 1142.7917292, 470.8574992
1715408283288, 2024-05-11T06:18:03.288Z, 1142.3831684000002, 477.5297718
1715408283318, 2024-05-11T06:18:03.318Z, 1140.6506575999997, 478.26189899999997
1715408283334, 2024-05-11T06:18:03.334Z, 1135.0053349999998, 478.2023612
1715408283349, 2024-05-11T06:18:03.349Z, 1126.4604588, 475.064823
1715408283365, 2024-05-11T06:18:03.365Z, 1118.4628892, 470.34685479999996
1715408283381, 2024-05-11T06:18:03.381Z, 1111.4660204, 465.42393400000003
1715408283397, 2024-05-11T06:18:03.397Z, 1107.3784025999998, 464.2096336000001
1715408283413, 2024-05-11T06:18:03.413Z, 1107.0169357999998, 463.45415220000007
1715408283428, 2024-05-11T06:18:03.428Z, 1108.446, 461.95607559999996
1715408283444, 2024-05-11T06:18:03.444Z, 1109.3155763999998, 460.77193020000004
1715408283472, 2024-05-11T06:18:03.472Z, 1105.1976298000002, 463.4776078000001
1715408283491, 2024-05-11T06:18:03.491Z, 1101.1240476, 467.0372536
1715408283507, 2024-05-11T06:18:03.507Z, 1097.2149347999998, 470.59143159999996
1715408283523, 2024-05-11T06:18:03.523Z, 1093.1200886, 472.32227699999993
1715408283539, 2024-05-11T06:18:03.539Z, 1088.9049909999999, 472.1615124
1715408283554, 2024-05-11T06:18:03.554Z, 1090.1169954, 468.64164359999995
1715408283569, 2024-05-11T06:18:03.569Z, 1091.8288646, 463.2609972
1715408283585, 2024-05-11T06:18:03.585Z, 1093.3678806, 458.4261702
1715408283600, 2024-05-11T06:18:03.600Z, 1096.6155938, 456.3099534
1715408283620, 2024-05-11T06:18:03.620Z, 1100.5315642, 455.01446020000003
1715408283634, 2024-05-11T06:18:03.634Z, 1102.9014353999999, 454.2650472
1715408283678, 2024-05-11T06:18:03.678Z, 1103.9482068000002, 455.8990438000001
1715408283694, 2024-05-11T06:18:03.694Z, 1105.0139446, 456.9660774
1715408283710, 2024-05-11T06:18:03.710Z, 1103.5869238, 457.62948639999996
1715408283726, 2024-05-11T06:18:03.726Z, 1105.0719984, 461.7341052
1715408283742, 2024-05-11T06:18:03.742Z, 1108.141828, 464.1952348000001
1715408283770, 2024-05-11T06:18:03.770Z, 1112.0456338, 465.4909316
1715408283787, 2024-05-11T06:18:03.787Z, 1115.7643982, 464.24989459999995
1715408283805, 2024-05-11T06:18:03.805Z, 1119.5060286000003, 460.30352000000005
1715408283820, 2024-05-11T06:18:03.820Z, 1120.3196892, 450.3067927999999
1715408283836, 2024-05-11T06:18:03.836Z, 1119.4851498, 441.56749919999993
1715408283852, 2024-05-11T06:18:03.852Z, 1119.483169, 434.7872808
1715408283868, 2024-05-11T06:18:03.868Z, 1119.4106551999998, 430.887421
1715408283883, 2024-05-11T06:18:03.883Z, 1119.7114666000002, 427.2130386
1715408283899, 2024-05-11T06:18:03.899Z, 1119.1854502, 424.580563
1715408283920, 2024-05-11T06:18:03.920Z, 1120.4413298, 424.8304574
1715408283934, 2024-05-11T06:18:03.934Z, 1121.1189769999999, 420.99896179999996
1715408283949, 2024-05-11T06:18:03.949Z, 1142.0027654, 424.2450284
1715408283964, 2024-05-11T06:18:03.964Z, 1164.6353564, 430.4132197999999
1715408283979, 2024-05-11T06:18:03.979Z, 1185.6340124000003, 438.86308099999997
1715408284009, 2024-05-11T06:18:04.009Z, 1206.2869430000003, 443.613047
1715408284026, 2024-05-11T06:18:04.026Z, 1226.0068598000003, 451.3566538
1715408284056, 2024-05-11T06:18:04.056Z, 1224.2783482, 453.5458894
1715408284087, 2024-05-11T06:18:04.087Z, 1221.1602982, 455.7657548
1715408284102, 2024-05-11T06:18:04.102Z, 1221.3881164, 460.73877000000005
1715408284117, 2024-05-11T06:18:04.117Z, 1220.622085, 463.63285859999996
1715408284133, 2024-05-11T06:18:04.133Z, 1217.963667, 464.4600212
1715408284163, 2024-05-11T06:18:04.163Z, 1212.9757435999998, 462.60253339999997
1715408284179, 2024-05-11T06:18:04.179Z, 1202.3961682000001, 461.38203880000003
1715408284194, 2024-05-11T06:18:04.194Z, 1180.8983130000001, 461.0196834
1715408284220, 2024-05-11T06:18:04.220Z, 1157.1198568, 462.55677779999996
1715408284234, 2024-05-11T06:18:04.234Z, 1133.9384916000001, 463.694221
1715408284249, 2024-05-11T06:18:04.249Z, 1114.141713, 465.62867059999996
1715408284264, 2024-05-11T06:18:04.264Z, 1099.0655728000002, 465.2258398
1715408284279, 2024-05-11T06:18:04.279Z, 1092.6433220000001, 455.725135
1715408284296, 2024-05-11T06:18:04.296Z, 1090.4780073999998, 449.4832138
1715408284311, 2024-05-11T06:18:04.311Z, 1089.984013, 444.07297179999995
1715408284324, 2024-05-11T06:18:04.324Z, 1089.8413232, 434.90659700000003
1715408284339, 2024-05-11T06:18:04.339Z, 1091.141384, 427.4628543999999
1715408284384, 2024-05-11T06:18:04.384Z, 1092.0278435999999, 424.7420366
1715408284401, 2024-05-11T06:18:04.401Z, 1093.7030129999998, 420.5771088
1715408284414, 2024-05-11T06:18:04.414Z, 1094.0964855999998, 418.1082434
1715408284429, 2024-05-11T06:18:04.429Z, 1095.5463968, 420.21956179999995
1715408284444, 2024-05-11T06:18:04.444Z, 1096.2857616, 425.8406036
1715408284459, 2024-05-11T06:18:04.459Z, 1098.903917, 441.68692280000005
1715408284475, 2024-05-11T06:18:04.475Z, 1099.3905922, 458.6296450000001
1715408284490, 2024-05-11T06:18:04.490Z, 1102.5240114, 473.73768600000005
1715408284518, 2024-05-11T06:18:04.518Z, 1104.5223364, 490.666993
1715408284532, 2024-05-11T06:18:04.532Z, 1106.7015987999998, 499.5940246
1715408284568, 2024-05-11T06:18:04.568Z, 1107.9359516, 494.06599019999993
1715408284583, 2024-05-11T06:18:04.583Z, 1109.462231, 483.48647580000005
1715408284599, 2024-05-11T06:18:04.599Z, 1106.5531258, 470.5010518
1715408284614, 2024-05-11T06:18:04.614Z, 1103.5838124, 454.29489759999996
1715408284630, 2024-05-11T06:18:04.630Z, 1102.8620839999999, 445.8755132
1715408284645, 2024-05-11T06:18:04.645Z, 1103.3103228, 444.87631
1715408284668, 2024-05-11T06:18:04.668Z, 1103.5784754000001, 445.24493659999996
1715408284682, 2024-05-11T06:18:04.682Z, 1107.1315156, 446.5153072
1715408284702, 2024-05-11T06:18:04.702Z, 1113.5362362, 448.09682360000005
1715408284712, 2024-05-11T06:18:04.712Z, 1117.3854672, 445.97351100000003
1715408284727, 2024-05-11T06:18:04.727Z, 1120.9206972, 439.99127439999995
1715408284741, 2024-05-11T06:18:04.741Z, 1127.0042798, 432.7204433999999
1715408284757, 2024-05-11T06:18:04.757Z, 1131.602169, 428.38349159999996
1715408284787, 2024-05-11T06:18:04.787Z, 1130.9339456, 429.84443539999995
1715408284818, 2024-05-11T06:18:04.818Z, 1127.7925412, 438.85127620000003
1715408284833, 2024-05-11T06:18:04.833Z, 1123.7700313999999, 450.3227742
1715408284849, 2024-05-11T06:18:04.849Z, 1117.4883175999998, 463.72310619999996
1715408284864, 2024-05-11T06:18:04.864Z, 1113.072808, 477.122768
1715408284880, 2024-05-11T06:18:04.880Z, 1111.2928108, 487.20846520000003
1715408284896, 2024-05-11T06:18:04.896Z, 1112.0270718, 490.178299
1715408284911, 2024-05-11T06:18:04.911Z, 1114.8236872000002, 495.08356140000006
1715408284926, 2024-05-11T06:18:04.926Z, 1116.7975326, 499.0587434
1715408284943, 2024-05-11T06:18:04.943Z, 1117.9700486, 503.3251846
1715408284968, 2024-05-11T06:18:04.968Z, 1118.0470716, 505.3380450000001
1715408284981, 2024-05-11T06:18:04.981Z, 1118.450897, 507.26388280000003
1715408285001, 2024-05-11T06:18:05.001Z, 1116.3769896, 506.03228400000006
1715408285012, 2024-05-11T06:18:05.012Z, 1115.3176392, 505.3005226
1715408285027, 2024-05-11T06:18:05.027Z, 1115.6472474, 503.64016200000003
1715408285046, 2024-05-11T06:18:05.046Z, 1115.4476754, 499.11615
1715408285056, 2024-05-11T06:18:05.056Z, 1114.4944965999998, 495.0348468
1715408285072, 2024-05-11T06:18:05.072Z, 1113.0134822, 492.1866438
1715408285087, 2024-05-11T06:18:05.087Z, 1112.2042668, 491.67764539999996
1715408285118, 2024-05-11T06:18:05.118Z, 1109.6492142, 491.2395518
1715408285147, 2024-05-11T06:18:05.147Z, 1108.5983419999998, 494.78391799999997
1715408285161, 2024-05-11T06:18:05.161Z, 1110.367581, 499.2253418
1715408285177, 2024-05-11T06:18:05.177Z, 1113.1575469999998, 503.9855127999999
1715408285196, 2024-05-11T06:18:05.196Z, 1114.5708117999998, 510.87427700000006
1715408285207, 2024-05-11T06:18:05.207Z, 1116.4259034, 515.3683002
1715408285223, 2024-05-11T06:18:05.223Z, 1118.272841, 512.7162778
1715408285242, 2024-05-11T06:18:05.242Z, 1118.1940788, 510.61573819999995
1715408285272, 2024-05-11T06:18:05.272Z, 1117.4299048, 506.6836504
1715408285286, 2024-05-11T06:18:05.286Z, 1117.3911851999999, 497.5670051999999
1715408285302, 2024-05-11T06:18:05.302Z, 1117.2859082, 490.9368228
1715408285318, 2024-05-11T06:18:05.318Z, 1113.3500769999998, 490.0089092
1715408285333, 2024-05-11T06:18:05.333Z, 1108.6474958000001, 487.1719732
1715408285349, 2024-05-11T06:18:05.349Z, 1105.3288604, 485.7332418
1715408285364, 2024-05-11T06:18:05.364Z, 1103.5423794, 483.9793606
1715408285379, 2024-05-11T06:18:05.379Z, 1101.6636388, 481.27319520000003
1715408285395, 2024-05-11T06:18:05.395Z, 1103.755628, 477.89123499999994
1715408285421, 2024-05-11T06:18:05.421Z, 1107.4842708, 473.0378466
1715408285435, 2024-05-11T06:18:05.435Z, 1110.0984658000002, 466.773759
1715408285451, 2024-05-11T06:18:05.451Z, 1111.7154428, 461.15218059999995
1715408285473, 2024-05-11T06:18:05.473Z, 1112.6895438, 458.93541700000003
1715408285488, 2024-05-11T06:18:05.488Z, 1111.8650622, 464.7569034
1715408285504, 2024-05-11T06:18:05.504Z, 1109.4311869999997, 472.31728039999996
1715408285519, 2024-05-11T06:18:05.519Z, 1107.916323, 481.75953839999994
1715408285534, 2024-05-11T06:18:05.534Z, 1106.9520779999998, 490.1468484
1715408285549, 2024-05-11T06:18:05.549Z, 1111.6671188, 499.3074614
1715408285573, 2024-05-11T06:18:05.573Z, 1143.7594816, 504.59781940000005
1715408285596, 2024-05-11T06:18:05.596Z, 1181.375714, 511.51991280000004
1715408285612, 2024-05-11T06:18:05.612Z, 1221.3025406000002, 518.4559078
1715408285628, 2024-05-11T06:18:05.628Z, 1259.7205838, 529.1699544
1715408285644, 2024-05-11T06:18:05.644Z, 1293.3472614, 536.4208588
1715408285659, 2024-05-11T06:18:05.659Z, 1301.6144669999999, 543.8841558
1715408285674, 2024-05-11T06:18:05.674Z, 1305.2081168, 549.950302
1715408285690, 2024-05-11T06:18:05.690Z, 1305.5509425999999, 556.0607248
1715408285717, 2024-05-11T06:18:05.717Z, 1305.3475092, 561.6246772000001
1715408285731, 2024-05-11T06:18:05.731Z, 1307.6680102000003, 564.8346752
1715408285747, 2024-05-11T06:18:05.747Z, 1311.0838104, 563.0794178
1715408285769, 2024-05-11T06:18:05.769Z, 1312.913385, 559.4301121999999
1715408285785, 2024-05-11T06:18:05.785Z, 1318.385306, 552.5935686
1715408285800, 2024-05-11T06:18:05.800Z, 1324.9145964000002, 544.1967894000001
1715408285816, 2024-05-11T06:18:05.816Z, 1328.8384336, 536.9653513999999
1715408285832, 2024-05-11T06:18:05.832Z, 1324.3831526, 535.6788236
1715408285847, 2024-05-11T06:18:05.847Z, 1320.8701012, 536.5086236
1715408285868, 2024-05-11T06:18:05.868Z, 1302.8190358, 538.7152086
1715408285882, 2024-05-11T06:18:05.882Z, 1272.5933958, 543.7147302000001
1715408285901, 2024-05-11T06:18:05.901Z, 1241.4017218, 550.234211
1715408285924, 2024-05-11T06:18:05.924Z, 1208.8903822, 547.5707
1715408285939, 2024-05-11T06:18:05.939Z, 1178.2272674, 543.903351
1715408285955, 2024-05-11T06:18:05.955Z, 1155.8651832, 541.162288
1715408285971, 2024-05-11T06:18:05.971Z, 1149.2966164, 538.2170921999999
1715408285987, 2024-05-11T06:18:05.987Z, 1144.5270483999998, 535.2448198000001
1715408286002, 2024-05-11T06:18:06.002Z, 1147.2281852, 536.4330796
1715408286018, 2024-05-11T06:18:06.018Z, 1152.0579188, 537.9911522
1715408286034, 2024-05-11T06:18:06.034Z, 1159.2810988, 539.703321
1715408286049, 2024-05-11T06:18:06.049Z, 1161.9422958, 540.281474
1715408286066, 2024-05-11T06:18:06.066Z, 1161.4344680000002, 543.0188145999999
1715408286096, 2024-05-11T06:18:06.096Z, 1158.8196982000002, 541.8051755999999
1715408286112, 2024-05-11T06:18:06.112Z, 1150.2423134, 543.6181451999998
1715408286128, 2024-05-11T06:18:06.128Z, 1138.8243024, 546.4181254
1715408286144, 2024-05-11T06:18:06.144Z, 1128.7433714, 547.498223
1715408286168, 2024-05-11T06:18:06.168Z, 1118.2339835999999, 546.6391462
1715408286186, 2024-05-11T06:18:06.186Z, 1108.361295, 544.9549998
1715408286197, 2024-05-11T06:18:06.197Z, 1098.304218, 539.2920322000001
1715408286211, 2024-05-11T06:18:06.211Z, 1091.3549306, 533.1492418
1715408286227, 2024-05-11T06:18:06.227Z, 1083.5103912, 527.7241656
1715408286246, 2024-05-11T06:18:06.246Z, 1080.5324894, 524.5820972
1715408286256, 2024-05-11T06:18:06.256Z, 1080.8732341999998, 527.2139968
1715408286272, 2024-05-11T06:18:06.272Z, 1083.2056493999999, 528.4293626000001
1715408286287, 2024-05-11T06:18:06.287Z, 1088.0246974, 532.5022154
1715408286318, 2024-05-11T06:18:06.318Z, 1097.2454014, 540.2529956000001
1715408286332, 2024-05-11T06:18:06.332Z, 1106.3499828, 542.3579309999999
1715408286346, 2024-05-11T06:18:06.346Z, 1114.650991, 545.2643936000001
1715408286363, 2024-05-11T06:18:06.363Z, 1122.3400972000002, 552.2417148000001
1715408286379, 2024-05-11T06:18:06.379Z, 1126.9213353999999, 557.249637
1715408286395, 2024-05-11T06:18:06.395Z, 1126.6323100000002, 558.2614776
1715408286410, 2024-05-11T06:18:06.410Z, 1126.420261, 563.0325334
1715408286425, 2024-05-11T06:18:06.425Z, 1125.6306848, 566.647127
1715408286441, 2024-05-11T06:18:06.441Z, 1125.521923, 567.5058056
1715408286468, 2024-05-11T06:18:06.468Z, 1127.4993214, 566.6615484
1715408286481, 2024-05-11T06:18:06.481Z, 1137.5628742000001, 567.717804
1715408286497, 2024-05-11T06:18:06.497Z, 1159.4996376000001, 567.3706930000001
1715408286512, 2024-05-11T06:18:06.512Z, 1191.8192824000002, 566.1373659999999
1715408286527, 2024-05-11T06:18:06.527Z, 1226.8793878, 564.0221458000001
1715408286542, 2024-05-11T06:18:06.542Z, 1275.6820596000002, 559.7990895999999
1715408286557, 2024-05-11T06:18:06.557Z, 1316.251196, 554.0305851999999
1715408286571, 2024-05-11T06:18:06.571Z, 1342.4940106, 548.0830966
1715408286595, 2024-05-11T06:18:06.595Z, 1359.0082771999998, 542.7959166
1715408286618, 2024-05-11T06:18:06.618Z, 1376.1224828, 537.9534968
1715408286643, 2024-05-11T06:18:06.643Z, 1379.5487601999998, 535.3678325999999
1715408286658, 2024-05-11T06:18:06.658Z, 1383.9669558, 532.7936474
1715408286675, 2024-05-11T06:18:06.675Z, 1389.3047192, 531.8992988
1715408286690, 2024-05-11T06:18:06.690Z, 1394.2553496, 530.7508660000001
1715408286706, 2024-05-11T06:18:06.706Z, 1395.9241021999999, 536.521836
1715408286720, 2024-05-11T06:18:06.720Z, 1396.5290181999999, 540.9743366
1715408286737, 2024-05-11T06:18:06.737Z, 1395.0627087999999, 544.6116268
1715408286752, 2024-05-11T06:18:06.752Z, 1394.8577116000001, 547.1114449999999
1715408286768, 2024-05-11T06:18:06.768Z, 1394.8578108, 549.8767547999998
1715408286784, 2024-05-11T06:18:06.784Z, 1395.0745881999999, 546.7065586
1715408286802, 2024-05-11T06:18:06.802Z, 1394.872727, 544.1841435999999
1715408286815, 2024-05-11T06:18:06.815Z, 1395.932619, 543.2929368000001
1715408286830, 2024-05-11T06:18:06.830Z, 1393.4118422, 542.3618415999999
1715408286846, 2024-05-11T06:18:06.846Z, 1390.3382817999998, 541.0680022
1715408286862, 2024-05-11T06:18:06.862Z, 1386.9756588, 539.5561405999999
1715408286877, 2024-05-11T06:18:06.877Z, 1384.3540914, 542.75815
1715408286918, 2024-05-11T06:18:06.918Z, 1377.4040076, 552.89991
1715408286931, 2024-05-11T06:18:06.931Z, 1367.9953274000002, 566.5805714
1715408286946, 2024-05-11T06:18:06.946Z, 1358.1031851999999, 581.0895822
1715408286962, 2024-05-11T06:18:06.962Z, 1347.5212999999999, 594.3916994
1715408286976, 2024-05-11T06:18:06.976Z, 1329.3647428, 600.2278922
1715408286992, 2024-05-11T06:18:06.992Z, 1315.4851476000001, 597.8337414
1715408287011, 2024-05-11T06:18:07.011Z, 1306.031487, 590.5030750000001
1715408287026, 2024-05-11T06:18:07.026Z, 1298.9230872, 581.468092
1715408287050, 2024-05-11T06:18:07.050Z, 1295.0857052, 573.4730872
1715408287068, 2024-05-11T06:18:07.068Z, 1298.4098024, 568.6613381999999
1715408287082, 2024-05-11T06:18:07.082Z, 1302.462874, 565.6461612
1715408287098, 2024-05-11T06:18:07.098Z, 1293.8087646, 564.2660592
1715408287114, 2024-05-11T06:18:07.114Z, 1274.1438754, 565.6265913999999
1715408287129, 2024-05-11T06:18:07.129Z, 1236.3243096, 568.067637
1715408287144, 2024-05-11T06:18:07.144Z, 1196.4342648, 569.9251240000001
1715408287160, 2024-05-11T06:18:07.160Z, 1154.5252708, 572.6682154
1715408287175, 2024-05-11T06:18:07.175Z, 1125.1991659999999, 571.0230224
1715408287191, 2024-05-11T06:18:07.191Z, 1105.8603523999998, 570.5936472000001
1715408287217, 2024-05-11T06:18:07.217Z, 1107.8857114, 569.7665939999999
1715408287232, 2024-05-11T06:18:07.232Z, 1114.1274579999997, 568.0210782
1715408287247, 2024-05-11T06:18:07.247Z, 1120.4480503999998, 558.2958926
1715408287262, 2024-05-11T06:18:07.262Z, 1127.0500508, 553.55681
1715408287277, 2024-05-11T06:18:07.277Z, 1133.4874366, 546.6089522
1715408287292, 2024-05-11T06:18:07.292Z, 1133.5274546, 539.3305112
1715408287307, 2024-05-11T06:18:07.307Z, 1131.6618862, 533.9895549999999
1715408287322, 2024-05-11T06:18:07.322Z, 1128.7813676, 535.8160363999999
1715408287337, 2024-05-11T06:18:07.337Z, 1126.1928030000001, 537.4365091999999
1715408287368, 2024-05-11T06:18:07.368Z, 1123.6944776, 538.2664572
1715408287389, 2024-05-11T06:18:07.389Z, 1122.5256294000003, 536.8776207999999
1715408287397, 2024-05-11T06:18:07.397Z, 1120.1228988, 536.159283
1715408287411, 2024-05-11T06:18:07.411Z, 1119.3214252000002, 534.8439822
1715408287426, 2024-05-11T06:18:07.426Z, 1116.202601, 532.4554797999999
1715408287441, 2024-05-11T06:18:07.441Z, 1116.0530938, 530.7575866000001
1715408287459, 2024-05-11T06:18:07.459Z, 1114.5736696, 532.2134602
1715408287474, 2024-05-11T06:18:07.475Z, 1112.4480867999998, 534.8718972
1715408287490, 2024-05-11T06:18:07.490Z, 1109.8617546, 538.0792376
1715408287520, 2024-05-11T06:18:07.520Z, 1108.1650126, 543.1134199999999
1715408287535, 2024-05-11T06:18:07.535Z, 1102.3185662, 548.2535042
1715408287551, 2024-05-11T06:18:07.551Z, 1097.4214994, 551.7627593999999
1715408287567, 2024-05-11T06:18:07.567Z, 1087.3694056, 553.7877946000001
1715408287582, 2024-05-11T06:18:07.582Z, 1069.382067, 557.1730386
1715408287613, 2024-05-11T06:18:07.613Z, 1007.5582023999999, 569.9143064000001
1715408287628, 2024-05-11T06:18:07.628Z, 953.6111658, 581.7521984000001
1715408287644, 2024-05-11T06:18:07.644Z, 832.8908406, 608.4284282000001
1715408287668, 2024-05-11T06:18:07.668Z, 661.6450668, 646.9855654
1715408287681, 2024-05-11T06:18:07.681Z, 500.5175888, 684.0274326
1715408287711, 2024-05-11T06:18:07.711Z, 394.22505220000005, 712.4519226
1715408287727, 2024-05-11T06:18:07.727Z, 272.3047994, 741.8429674
1715408287741, 2024-05-11T06:18:07.741Z, 201.03356760000003, 765.2617966
1715408287757, 2024-05-11T06:18:07.757Z, 180.1002942, 778.9145718
1715408287775, 2024-05-11T06:18:07.775Z, 171.16691440000002, 792.7890392
1715408287790, 2024-05-11T06:18:07.790Z, 153.0898082, 804.9118872
1715408287823, 2024-05-11T06:18:07.823Z, 145.0861536, 816.6139129999999
1715408287835, 2024-05-11T06:18:07.835Z, 154.8951498, 820.3432256
1715408287850, 2024-05-11T06:18:07.850Z, 177.2080236, 820.0852228
1715408287866, 2024-05-11T06:18:07.866Z, 188.483853, 817.415226
1715408287880, 2024-05-11T06:18:07.880Z, 201.5390624, 814.1050874
1715408287895, 2024-05-11T06:18:07.895Z, 212.94939639999998, 810.4731404000001
1715408287911, 2024-05-11T06:18:07.911Z, 220.55697699999996, 805.5116634
1715408287926, 2024-05-11T06:18:07.926Z, 215.47618319999998, 799.5079708000001
1715408287942, 2024-05-11T06:18:07.942Z, 206.7491148, 795.914633
1715408287973, 2024-05-11T06:18:07.973Z, 192.880666, 791.9947273999999
1715408287988, 2024-05-11T06:18:07.988Z, 180.5251984, 790.9162056
1715408288004, 2024-05-11T06:18:08.004Z, 171.63698540000001, 792.0615092
1715408288019, 2024-05-11T06:18:08.019Z, 173.447723, 801.301012
1715408288034, 2024-05-11T06:18:08.034Z, 178.16823440000002, 809.1153228000001
1715408288270, 2024-05-11T06:18:08.270Z, 424.8140044, 773.4341928
1715408288300, 2024-05-11T06:18:08.300Z, 654.491472, 739.7152341999999
1715408288316, 2024-05-11T06:18:08.316Z, 879.0728738, 707.6244290000001
1715408288332, 2024-05-11T06:18:08.332Z, 1095.5723684, 671.8626009999999
1715408288347, 2024-05-11T06:18:08.347Z, 1312.1294434000001, 636.5454714
1715408288363, 2024-05-11T06:18:08.363Z, 1288.8332812, 645.8419256
1715408288394, 2024-05-11T06:18:08.394Z, 1277.189688, 652.4453348
1715408288440, 2024-05-11T06:18:08.440Z, 1258.5820752, 655.116606
1715408288456, 2024-05-11T06:18:08.456Z, 1243.9024544, 656.4252074
1715408288472, 2024-05-11T06:18:08.472Z, 1221.2943122, 664.5120694000001
1715408288487, 2024-05-11T06:18:08.487Z, 1193.9456364, 674.2684606
1715408288502, 2024-05-11T06:18:08.502Z, 1172.7813062, 681.1536888
1715408288517, 2024-05-11T06:18:08.517Z, 1163.5205334, 688.701505
1715408288533, 2024-05-11T06:18:08.533Z, 1155.2903934, 697.4152416000001
1715408288548, 2024-05-11T06:18:08.548Z, 1154.1336290000002, 700.087833
1715408288570, 2024-05-11T06:18:08.570Z, 1158.5968582, 702.2366347999999
1715408288586, 2024-05-11T06:18:08.586Z, 1160.9219389999998, 704.581765
1715408288626, 2024-05-11T06:18:08.626Z, 1159.824505, 709.0320554
1715408288641, 2024-05-11T06:18:08.641Z, 1158.0337458000001, 712.1440312000001
1715408288657, 2024-05-11T06:18:08.657Z, 1155.7069786, 715.8616614
1715408288673, 2024-05-11T06:18:08.673Z, 1151.323605, 716.4410434
1715408288690, 2024-05-11T06:18:08.690Z, 1142.5144960000002, 718.321249
1715408288736, 2024-05-11T06:18:08.736Z, 1134.008836, 720.061507
1715408288751, 2024-05-11T06:18:08.751Z, 1125.6243346, 722.1183968
1715408288767, 2024-05-11T06:18:08.767Z, 1118.575002, 722.863566
1715408288798, 2024-05-11T06:18:08.798Z, 1112.991834, 725.1390064
1715408288814, 2024-05-11T06:18:08.814Z, 1112.2474128000001, 728.1348622
1715408288845, 2024-05-11T06:18:08.845Z, 1112.966761, 728.6813020000001
1715408288884, 2024-05-11T06:18:08.884Z, 1120.680916, 731.3539948
1715408288899, 2024-05-11T06:18:08.899Z, 1127.8776549999998, 733.901641
1715408288913, 2024-05-11T06:18:08.913Z, 1137.1649008, 734.0311528
1715408288931, 2024-05-11T06:18:08.931Z, 1146.2874153999999, 733.8213582000001
1715408288956, 2024-05-11T06:18:08.956Z, 1156.1708026, 734.5609042
1715408288971, 2024-05-11T06:18:08.971Z, 1159.7238994, 730.7689656
1715408288987, 2024-05-11T06:18:08.987Z, 1162.5031532, 728.5967752
1715408289002, 2024-05-11T06:18:09.002Z, 1163.4123777999998, 728.5602146
1715408289020, 2024-05-11T06:18:09.020Z, 1158.8403316, 728.0448374
1715408289050, 2024-05-11T06:18:09.050Z, 1152.3464422000002, 727.2937826
1715408289066, 2024-05-11T06:18:09.066Z, 1144.9522374, 729.6126772
1715408289082, 2024-05-11T06:18:09.082Z, 1140.2391996000001, 731.002643
1715408289097, 2024-05-11T06:18:09.097Z, 1134.335336, 732.4768464
1715408289112, 2024-05-11T06:18:09.112Z, 1134.7645631999999, 735.5255136
1715408289128, 2024-05-11T06:18:09.128Z, 1139.3646448000002, 740.3433594
1715408289170, 2024-05-11T06:18:09.170Z, 1145.0160612, 748.2197324000001
1715408289183, 2024-05-11T06:18:09.183Z, 1147.6743894, 755.5058544000001
1715408289198, 2024-05-11T06:18:09.198Z, 1150.6137317999999, 762.8491342
1715408289214, 2024-05-11T06:18:09.214Z, 1151.4174808, 767.814779
1715408289244, 2024-05-11T06:18:09.244Z, 1143.2792818, 769.5589388000001
1715408289259, 2024-05-11T06:18:09.259Z, 1134.437265, 768.1035688
1715408289285, 2024-05-11T06:18:09.285Z, 1125.9729198, 768.9902076
1715408289300, 2024-05-11T06:18:09.300Z, 1119.1963518, 771.6834434
1715408289323, 2024-05-11T06:18:09.323Z, 1114.4718668, 775.1591281999999
1715408289333, 2024-05-11T06:18:09.333Z, 1115.1482176000002, 777.155902
1715408289349, 2024-05-11T06:18:09.349Z, 1115.6199678, 779.4459226
1715408289363, 2024-05-11T06:18:09.363Z, 1116.1398706, 780.1477808
1715408289379, 2024-05-11T06:18:09.379Z, 1114.7315408, 778.5883624
1715408289395, 2024-05-11T06:18:09.395Z, 1112.6538658, 776.3790884
1715408289410, 2024-05-11T06:18:09.410Z, 1110.1493847999998, 777.1256286
1715408289426, 2024-05-11T06:18:09.426Z, 1107.5681, 775.6650436
1715408289441, 2024-05-11T06:18:09.441Z, 1107.6738768, 773.4800606
1715408289468, 2024-05-11T06:18:09.468Z, 1108.167561, 772.1053433999999
1715408289481, 2024-05-11T06:18:09.481Z, 1111.6711688, 770.7629277999999
1715408289501, 2024-05-11T06:18:09.501Z, 1114.5738852, 768.9448366
1715408289519, 2024-05-11T06:18:09.519Z, 1122.4100432, 764.6367154
1715408289535, 2024-05-11T06:18:09.535Z, 1125.2295648, 760.1266621999999
1715408289550, 2024-05-11T06:18:09.550Z, 1128.3183282, 755.7869008
1715408289566, 2024-05-11T06:18:09.566Z, 1131.0325624, 754.8607856
1715408289581, 2024-05-11T06:18:09.581Z, 1136.1398002, 754.2312576
1715408289617, 2024-05-11T06:18:09.617Z, 1139.4958056, 757.3902286
1715408289631, 2024-05-11T06:18:09.631Z, 1148.3712758, 763.1658868000001
1715408289646, 2024-05-11T06:18:09.646Z, 1163.6281156, 772.6290206000001
1715408289661, 2024-05-11T06:18:09.661Z, 1177.7147862, 778.1768604
1715408289691, 2024-05-11T06:18:09.691Z, 1193.7323084, 784.162752
1715408289707, 2024-05-11T06:18:09.707Z, 1206.9991874000002, 789.975814
1715408289739, 2024-05-11T06:18:09.739Z, 1215.7759237999999, 792.3246524
1715408289767, 2024-05-11T06:18:09.767Z, 1217.7293848000002, 790.8275265999999
1715408289802, 2024-05-11T06:18:09.802Z, 1218.6800025999999, 793.1008519999999
1715408289818, 2024-05-11T06:18:09.818Z, 1217.994971, 790.8918884
1715408289833, 2024-05-11T06:18:09.833Z, 1214.7558746, 790.4001708
1715408289849, 2024-05-11T06:18:09.849Z, 1213.6214104000003, 791.264884
1715408289864, 2024-05-11T06:18:09.864Z, 1208.2323418, 791.4677474
1715408289879, 2024-05-11T06:18:09.879Z, 1198.1751838, 788.1063988
1715408289895, 2024-05-11T06:18:09.895Z, 1181.1300136000002, 790.8480646
1715408289920, 2024-05-11T06:18:09.920Z, 1161.7714854, 790.6172764
1715408289931, 2024-05-11T06:18:09.931Z, 1142.1587364000002, 789.6301444
1715408289962, 2024-05-11T06:18:09.962Z, 1130.2451626, 793.3049712
1715408289981, 2024-05-11T06:18:09.981Z, 1121.6394986, 796.4362804
1715408289991, 2024-05-11T06:18:09.991Z, 1120.2716284, 799.5531114
1715408290009, 2024-05-11T06:18:10.009Z, 1122.7084294, 802.1661726
1715408290026, 2024-05-11T06:18:10.026Z, 1123.626151, 803.825334
1715408290040, 2024-05-11T06:18:10.040Z, 1121.3630896, 800.3161166
1715408290074, 2024-05-11T06:18:10.074Z, 1118.2286411999999, 796.8203728000001
1715408290100, 2024-05-11T06:18:10.100Z, 1111.1597548, 792.1407404
1715408290115, 2024-05-11T06:18:10.115Z, 1104.84996, 788.7555524
1715408290131, 2024-05-11T06:18:10.131Z, 1100.2900397999997, 787.0163554
1715408290147, 2024-05-11T06:18:10.147Z, 1096.3276394, 785.5152482
1715408290163, 2024-05-11T06:18:10.163Z, 1099.5659446, 786.4443978
1715408290178, 2024-05-11T06:18:10.178Z, 1108.8145055999998, 788.2080166
1715408290193, 2024-05-11T06:18:10.193Z, 1120.5317716, 791.4058471999999
1715408290220, 2024-05-11T06:18:10.220Z, 1132.5673534000002, 795.5440993999999
1715408290235, 2024-05-11T06:18:10.235Z, 1145.6872464, 800.172609
1715408290250, 2024-05-11T06:18:10.250Z, 1152.7497614, 802.8978764
1715408290264, 2024-05-11T06:18:10.264Z, 1157.7313088, 805.6441972
1715408290279, 2024-05-11T06:18:10.279Z, 1156.1572918000002, 808.3962829999999
1715408290295, 2024-05-11T06:18:10.295Z, 1154.1829614, 808.0531561999999
1715408290311, 2024-05-11T06:18:10.311Z, 1153.1026538, 803.9782244
1715408290326, 2024-05-11T06:18:10.326Z, 1154.5800462, 798.3155414
1715408290341, 2024-05-11T06:18:10.341Z, 1158.0247876, 787.8267412
1715408290372, 2024-05-11T06:18:10.372Z, 1166.2327844, 774.7213564
1715408290382, 2024-05-11T06:18:10.382Z, 1174.9941266, 764.5987763999999
1715408290396, 2024-05-11T06:18:10.396Z, 1179.9438204, 772.7606082
1715408290427, 2024-05-11T06:18:10.427Z, 1180.6020602, 778.5125444000001
1715408290443, 2024-05-11T06:18:10.443Z, 1182.9004380000001, 782.8389887999999
1715408290459, 2024-05-11T06:18:10.459Z, 1183.2689301999999, 789.8403472
1715408290474, 2024-05-11T06:18:10.474Z, 1182.7263005999998, 795.766398
1715408290519, 2024-05-11T06:18:10.519Z, 1180.9318847999998, 790.327386
1715408290531, 2024-05-11T06:18:10.531Z, 1180.351463, 789.6960019999999
1715408290546, 2024-05-11T06:18:10.546Z, 1174.945151, 792.6305570000001
1715408290562, 2024-05-11T06:18:10.562Z, 1170.790076, 794.2740034
1715408290576, 2024-05-11T06:18:10.576Z, 1167.1123622, 798.3310484000001
1715408290591, 2024-05-11T06:18:10.591Z, 1166.141392, 808.2015898000001
1715408290607, 2024-05-11T06:18:10.607Z, 1166.1757952000003, 818.2649954000001
1715408290636, 2024-05-11T06:18:10.636Z, 1166.3136962, 828.7340880000002
1715408290667, 2024-05-11T06:18:10.667Z, 1166.5144884000001, 836.1673241999999
1715408290682, 2024-05-11T06:18:10.682Z, 1165.6378804, 837.3813561999999
1715408290696, 2024-05-11T06:18:10.696Z, 1166.8012422, 821.8644822
1715408290711, 2024-05-11T06:18:10.711Z, 1169.7795792, 806.0373542
1715408290727, 2024-05-11T06:18:10.727Z, 1183.2631848, 797.0934513999999
1715408290754, 2024-05-11T06:18:10.754Z, 1208.9546506, 796.0364059999999
1715408290785, 2024-05-11T06:18:10.785Z, 1237.2883262, 800.0077026000001
1715408290818, 2024-05-11T06:18:10.818Z, 1288.3585066, 822.7826461999999
1715408290834, 2024-05-11T06:18:10.834Z, 1337.9446194, 846.5767548
1715408290848, 2024-05-11T06:18:10.848Z, 1380.8546252, 870.013278
1715408290864, 2024-05-11T06:18:10.864Z, 1411.2245478, 887.6182642
1715408290881, 2024-05-11T06:18:10.881Z, 1439.2409928000002, 903.5386386000002
1715408290911, 2024-05-11T06:18:10.911Z, 1447.3640948, 905.7034522
1715408290927, 2024-05-11T06:18:10.927Z, 1456.6278516, 905.4784299999999
1715408290942, 2024-05-11T06:18:10.942Z, 1462.253285, 898.9841393999999
1715408290968, 2024-05-11T06:18:10.968Z, 1473.6941124, 891.702954
1715408290982, 2024-05-11T06:18:10.982Z, 1488.2388858, 885.1374642000001
1715408291003, 2024-05-11T06:18:11.003Z, 1490.8906634, 888.0681284
1715408291012, 2024-05-11T06:18:11.012Z, 1490.747856, 892.8754362
1715408291026, 2024-05-11T06:18:11.026Z, 1483.9456025999998, 898.3262916
1715408291042, 2024-05-11T06:18:11.042Z, 1468.9279847999999, 905.6862666
1715408291057, 2024-05-11T06:18:11.057Z, 1449.4682061999997, 913.515439