1715408174333, 2024-05-11T06:16:14.333Z, 174.096314, 394.348003
1715408174348, 2024-05-11T06:16:14.348Z, 174.096314, 394.348003
1715408174379, 2024-05-11T06:16:14.379Z, 175.883721, 395.77386133333334
1715408174394, 2024-05-11T06:16:14.394Z, 178.694302, 396.81505775
1715408174426, 2024-05-11T06:16:14.426Z, 183.294589, 398.05537519999996
1715408174441, 2024-05-11T06:16:14.441Z, 193.840228, 400.3269926
1715408174488, 2024-05-11T06:16:14.488Z, 200.149351, 397.5568554
1715408174503, 2024-05-11T06:16:14.503Z, 197.2384722, 387.9109046
1715408174519, 2024-05-11T06:16:14.519Z, 191.60381139999998, 377.2977268
1715408174534, 2024-05-11T06:16:14.534Z, 185.2242466, 367.2507732
1715408174550, 2024-05-11T06:16:14.550Z, 175.43469179999997, 357.98450199999996
1715408174576, 2024-05-11T06:16:14.576Z, 173.96653320000001, 357.03732520000005
1715408174589, 2024-05-11T06:16:14.589Z, 182.050587, 362.8709838
1715408174604, 2024-05-11T06:16:14.604Z, 192.3626804, 369.8951964
1715408174628, 2024-05-11T06:16:14.628Z, 202.7248638, 377.240956
1715408174644, 2024-05-11T06:16:14.644Z, 209.24714679999997, 380.8267274
1715408174660, 2024-05-11T06:16:14.660Z, 209.27410560000004, 380.1041188
1715408174676, 2024-05-11T06:16:14.676Z, 206.7807972, 378.9184236
1715408174692, 2024-05-11T06:16:14.692Z, 203.04850459999997, 376.6268368
1715408174707, 2024-05-11T06:16:14.707Z, 196.8724824, 372.7695928
1715408174727, 2024-05-11T06:16:14.727Z, 191.34409440000002, 371.0883802
1715408174739, 2024-05-11T06:16:14.739Z, 188.6502282, 371.1957038
1715408174768, 2024-05-11T06:16:14.768Z, 187.5063184, 370.85705279999996
1715408174784, 2024-05-11T06:16:14.784Z, 186.8133056, 368.13846099999995
1715408174799, 2024-05-11T06:16:14.799Z, 190.96180120000002, 370.2407008
1715408174815, 2024-05-11T06:16:14.815Z, 198.2062456, 371.3170976
1715408174831, 2024-05-11T06:16:14.831Z, 206.882489, 373.1419318
1715408174846, 2024-05-11T06:16:14.846Z, 218.25372959999999, 378.097127
1715408174875, 2024-05-11T06:16:14.875Z, 242.41058579999998, 392.2373756
1715408174892, 2024-05-11T06:16:14.892Z, 269.04456339999996, 418.9571006
1715408174908, 2024-05-11T06:16:14.908Z, 298.67254719999994, 452.98461
1715408174926, 2024-05-11T06:16:14.926Z, 327.1083364, 488.0539734
1715408174940, 2024-05-11T06:16:14.940Z, 352.56803479999996, 518.8754912
1715408174956, 2024-05-11T06:16:14.956Z, 368.6860374, 542.2257776
1715408174972, 2024-05-11T06:16:14.972Z, 377.9197932, 549.3489059999999
1715408174988, 2024-05-11T06:16:14.988Z, 382.993944, 550.1144668
1715408175003, 2024-05-11T06:16:15.003Z, 387.8869016, 546.6230134
1715408175026, 2024-05-11T06:16:15.026Z, 390.3868612, 540.439688
1715408175040, 2024-05-11T06:16:15.040Z, 390.689093, 533.1854644
1715408175054, 2024-05-11T06:16:15.054Z, 391.87718040000004, 523.1673664
1715408175083, 2024-05-11T06:16:15.083Z, 390.08134140000004, 516.1342398
1715408175114, 2024-05-11T06:16:15.114Z, 398.56827699999997, 504.31880199999995
1715408175130, 2024-05-11T06:16:15.130Z, 481.88874159999995, 484.0322714
1715408175145, 2024-05-11T06:16:15.145Z, 553.674227, 467.940285
1715408175175, 2024-05-11T06:16:15.175Z, 697.73143, 439.0534438000001
1715408175192, 2024-05-11T06:16:15.192Z, 844.2452606, 404.8257156
1715408175208, 2024-05-11T06:16:15.208Z, 979.711053, 377.0940232
1715408175224, 2024-05-11T06:16:15.224Z, 1042.9974692, 353.8987918
1715408175239, 2024-05-11T06:16:15.239Z, 1117.6018442, 329.27149380000003
1715408175255, 2024-05-11T06:16:15.255Z, 1121.794633, 319.18018820000003
1715408175271, 2024-05-11T06:16:15.271Z, 1126.5449646000002, 311.19412520000003
1715408175286, 2024-05-11T06:16:15.286Z, 1132.2388058000001, 301.7437274
1715408175301, 2024-05-11T06:16:15.301Z, 1137.5443910000001, 299.3299942
1715408175327, 2024-05-11T06:16:15.327Z, 1141.358079, 296.8519048
1715408175337, 2024-05-11T06:16:15.337Z, 1140.6335898000002, 296.1194498
1715408175352, 2024-05-11T06:16:15.352Z, 1139.3864896, 295.87416240000005
1715408175367, 2024-05-11T06:16:15.367Z, 1136.9584448, 296.4386118
1715408175382, 2024-05-11T06:16:15.382Z, 1134.5212294, 297.27811940000004
1715408175397, 2024-05-11T06:16:15.397Z, 1132.6740770000001, 297.85936060000006
1715408175415, 2024-05-11T06:16:15.415Z, 1139.2959600000002, 298.3975786
1715408175427, 2024-05-11T06:16:15.427Z, 1148.2273676, 299.5412004
1715408175443, 2024-05-11T06:16:15.443Z, 1166.0032569999998, 294.9004568
1715408175474, 2024-05-11T06:16:15.474Z, 1187.6031613999999, 288.7198542
1715408175487, 2024-05-11T06:16:15.487Z, 1204.6413404, 283.48823359999994
1715408175502, 2024-05-11T06:16:15.502Z, 1209.5120282, 282.97893799999997
1715408175517, 2024-05-11T06:16:15.517Z, 1202.9092157999999, 285.5262112
1715408175532, 2024-05-11T06:16:15.532Z, 1186.7155877999999, 298.7133262
1715408175546, 2024-05-11T06:16:15.546Z, 1162.9758643999999, 318.4358386
1715408175564, 2024-05-11T06:16:15.564Z, 1140.6037898, 337.4250592
1715408175577, 2024-05-11T06:16:15.577Z, 1122.0696864, 352.3827258
1715408175594, 2024-05-11T06:16:15.594Z, 1112.349009, 366.00729480000007
1715408175626, 2024-05-11T06:16:15.626Z, 1102.7027492000002, 376.7691366
1715408175637, 2024-05-11T06:16:15.637Z, 1096.8501868, 382.4402588
1715408175651, 2024-05-11T06:16:15.651Z, 1094.5620218, 389.37892899999997
1715408175667, 2024-05-11T06:16:15.667Z, 1093.3527758, 392.32692480000003
1715408175682, 2024-05-11T06:16:15.682Z, 1092.1229066, 393.5154754
1715408175701, 2024-05-11T06:16:15.701Z, 1091.1141376, 392.0075348
1715408175715, 2024-05-11T06:16:15.715Z, 1089.6703712, 392.5774432
1715408175738, 2024-05-11T06:16:15.738Z, 1086.5370742, 393.4225344
1715408175776, 2024-05-11T06:16:15.776Z, 1054.7279439999998, 400.4760404
1715408175802, 2024-05-11T06:16:15.802Z, 994.6630496, 409.0123296
1715408175818, 2024-05-11T06:16:15.818Z, 857.8010542, 420.0005956
1715408175832, 2024-05-11T06:16:15.832Z, 712.6078679999999, 429.53111099999995
1715408175850, 2024-05-11T06:16:15.850Z, 534.1642346, 437.65193
1715408175864, 2024-05-11T06:16:15.864Z, 386.67413079999994, 444.98895400000004
1715408175876, 2024-05-11T06:16:15.876Z, 267.31496419999996, 449.8261676
1715408175893, 2024-05-11T06:16:15.893Z, 225.5692436, 453.36374480000006
1715408175923, 2024-05-11T06:16:15.923Z, 192.1628386, 458.62722060000004
1715408175939, 2024-05-11T06:16:15.939Z, 188.6077244, 464.1325194
1715408175955, 2024-05-11T06:16:15.955Z, 181.98607220000002, 465.1671486
1715408175970, 2024-05-11T06:16:15.970Z, 172.7511742, 461.55201020000004
1715408175986, 2024-05-11T06:16:15.986Z, 165.04193800000002, 457.0727043999999
1715408176002, 2024-05-11T06:16:16.002Z, 160.27565220000002, 451.943684
1715408176017, 2024-05-11T06:16:16.017Z, 162.5714438, 447.6865672
1715408176033, 2024-05-11T06:16:16.033Z, 167.2423352, 444.89561560000004
1715408176048, 2024-05-11T06:16:16.048Z, 176.51722460000002, 447.818478
1715408176073, 2024-05-11T06:16:16.073Z, 187.29627499999998, 454.731766
1715408176087, 2024-05-11T06:16:16.087Z, 196.31786519999997, 460.14095799999996
1715408176101, 2024-05-11T06:16:16.101Z, 202.2678414, 464.31525780000004
1715408176117, 2024-05-11T06:16:16.117Z, 205.94578719999998, 467.20060380000007
1715408176134, 2024-05-11T06:16:16.134Z, 208.2046468, 469.2494008
1715408176150, 2024-05-11T06:16:16.150Z, 208.9923358, 469.4378938
1715408176165, 2024-05-11T06:16:16.165Z, 208.443876, 468.28762479999995
1715408176177, 2024-05-11T06:16:16.177Z, 208.7526616, 468.630636
1715408176192, 2024-05-11T06:16:16.192Z, 211.2465862, 473.2391374
1715408176223, 2024-05-11T06:16:16.223Z, 214.33755259999998, 474.46053580000006
1715408176237, 2024-05-11T06:16:16.237Z, 215.9819896, 478.5130266
1715408176253, 2024-05-11T06:16:16.253Z, 232.98677400000003, 480.3169746
1715408176269, 2024-05-11T06:16:16.269Z, 261.8342232, 478.89708440000004
1715408176284, 2024-05-11T06:16:16.284Z, 292.5681522, 474.69688780000007
1715408176300, 2024-05-11T06:16:16.300Z, 326.1260152, 473.55762319999997
1715408176316, 2024-05-11T06:16:16.316Z, 363.10949899999997, 469.63074939999996
1715408176331, 2024-05-11T06:16:16.331Z, 393.141416, 469.35569999999996
1715408176346, 2024-05-11T06:16:16.346Z, 413.6165396, 471.136974
1715408176371, 2024-05-11T06:16:16.371Z, 434.46087380000006, 474.98608779999995
1715408176385, 2024-05-11T06:16:16.385Z, 452.11514139999997, 479.62856280000005
1715408176400, 2024-05-11T06:16:16.400Z, 467.84337959999993, 484.9394238
1715408176415, 2024-05-11T06:16:16.415Z, 475.22249600000004, 490.72614880000003
1715408176430, 2024-05-11T06:16:16.430Z, 479.96753179999996, 495.8650532
1715408176445, 2024-05-11T06:16:16.445Z, 481.664799, 496.8145042
1715408176460, 2024-05-11T06:16:16.460Z, 482.9906374, 497.19714440000007
1715408176480, 2024-05-11T06:16:16.480Z, 482.86163639999995, 496.2888222
1715408176521, 2024-05-11T06:16:16.521Z, 483.81034639999996, 496.17981360000005
1715408176535, 2024-05-11T06:16:16.535Z, 486.8113002, 495.9485606
1715408176550, 2024-05-11T06:16:16.550Z, 488.68025880000005, 497.8722169999999
1715408176567, 2024-05-11T06:16:16.567Z, 491.44093060000006, 499.80409360000004
1715408176580, 2024-05-11T06:16:16.580Z, 490.01485160000004, 497.451103
1715408176595, 2024-05-11T06:16:16.595Z, 487.9534674, 494.80640999999997
1715408176611, 2024-05-11T06:16:16.611Z, 484.02451, 492.45521019999995
1715408176627, 2024-05-11T06:16:16.627Z, 478.84972619999996, 489.95672620000005
1715408176643, 2024-05-11T06:16:16.643Z, 469.2002282, 488.7077012
1715408176671, 2024-05-11T06:16:16.671Z, 451.5023688, 490.5499508
1715408176685, 2024-05-11T06:16:16.685Z, 419.81253720000007, 488.63664800000004
1715408176700, 2024-05-11T06:16:16.700Z, 385.77600100000006, 487.85211659999993
1715408176715, 2024-05-11T06:16:16.715Z, 337.97668080000005, 482.84129279999996
1715408176730, 2024-05-11T06:16:16.730Z, 283.66240500000004, 475.5365272
1715408176745, 2024-05-11T06:16:16.745Z, 234.45003320000006, 469.1871442
1715408176760, 2024-05-11T06:16:16.760Z, 191.49502999999999, 470.6293444
1715408176775, 2024-05-11T06:16:16.775Z, 147.55979059999999, 471.070882
1715408176790, 2024-05-11T06:16:16.790Z, 118.73890879999999, 475.8357975999999
1715408176821, 2024-05-11T06:16:16.821Z, 104.006368, 487.18035820000006
1715408176835, 2024-05-11T06:16:16.835Z, 100.4015748, 503.45336699999996
1715408176851, 2024-05-11T06:16:16.851Z, 106.29256219999999, 516.1761128
1715408176865, 2024-05-11T06:16:16.865Z, 115.2175434, 527.8859151999999
1715408176880, 2024-05-11T06:16:16.880Z, 127.2017996, 539.3319872
1715408176895, 2024-05-11T06:16:16.895Z, 134.92469, 544.5831546000001
1715408176915, 2024-05-11T06:16:16.915Z, 138.89068519999998, 545.3836206
1715408176939, 2024-05-11T06:16:16.939Z, 140.2935884, 544.6740774
1715408176954, 2024-05-11T06:16:16.954Z, 141.19364319999997, 545.1130310000001
1715408176978, 2024-05-11T06:16:16.978Z, 142.88308840000002, 545.1515708
1715408176992, 2024-05-11T06:16:16.992Z, 150.3522268, 547.0907205999999
1715408177005, 2024-05-11T06:16:17.005Z, 161.75827280000004, 548.3360544
1715408177020, 2024-05-11T06:16:17.020Z, 175.6325704, 549.5865701999999
1715408177035, 2024-05-11T06:16:17.035Z, 193.54605560000002, 548.7640504000001
1715408177062, 2024-05-11T06:16:17.062Z, 211.69315500000002, 546.5912893999999
1715408177078, 2024-05-11T06:16:17.078Z, 229.2326238, 538.8500778
1715408177094, 2024-05-11T06:16:17.094Z, 242.56043100000002, 530.8859852
1715408177109, 2024-05-11T06:16:17.109Z, 254.28350959999997, 523.6088063999999
1715408177125, 2024-05-11T06:16:17.125Z, 263.4073816, 520.4811234
1715408177140, 2024-05-11T06:16:17.140Z, 267.927232, 520.1637518
1715408177155, 2024-05-11T06:16:17.155Z, 267.0378086, 524.3891694
1715408177171, 2024-05-11T06:16:17.171Z, 262.7506588, 527.4847024
1715408177186, 2024-05-11T06:16:17.186Z, 258.6643044, 527.1795436
1715408177201, 2024-05-11T06:16:17.201Z, 254.3340862, 524.5968516
1715408177216, 2024-05-11T06:16:17.216Z, 251.13022, 519.9252506
1715408177232, 2024-05-11T06:16:17.232Z, 249.11633679999994, 516.4522186
1715408177247, 2024-05-11T06:16:17.247Z, 250.74522859999996, 514.8032524
1715408177291, 2024-05-11T06:16:17.291Z, 251.73883979999997, 516.3280988
1715408177302, 2024-05-11T06:16:17.302Z, 252.25847240000002, 518.2779404
1715408177317, 2024-05-11T06:16:17.317Z, 416.4537176, 479.5603058
1715408177332, 2024-05-11T06:16:17.332Z, 575.8293056, 442.42878060000004
1715408177348, 2024-05-11T06:16:17.348Z, 742.8800926, 403.0928607999999
1715408177365, 2024-05-11T06:16:17.365Z, 919.2662452000001, 362.0192028
1715408177377, 2024-05-11T06:16:17.377Z, 1094.7208872, 314.589432
1715408177393, 2024-05-11T06:16:17.393Z, 1105.5011154, 310.05331680000006
1715408177424, 2024-05-11T06:16:17.424Z, 1119.9272052000001, 302.673684
1715408177452, 2024-05-11T06:16:17.452Z, 1133.8171028000002, 292.86464600000005
1715408177467, 2024-05-11T06:16:17.467Z, 1141.086948, 285.53436320000003
1715408177499, 2024-05-11T06:16:17.499Z, 1155.2854792, 282.818788
1715408177515, 2024-05-11T06:16:17.515Z, 1174.9301162, 271.7274192
1715408177529, 2024-05-11T06:16:17.529Z, 1195.2908848000002, 260.7800428
1715408177545, 2024-05-11T06:16:17.545Z, 1208.9062872, 253.55684839999998
1715408177573, 2024-05-11T06:16:17.573Z, 1220.2342838, 243.26072320000003
1715408177587, 2024-05-11T06:16:17.587Z, 1224.6392006, 234.3246972
1715408177602, 2024-05-11T06:16:17.602Z, 1223.9513468, 231.6370868
1715408177617, 2024-05-11T06:16:17.617Z, 1215.2803950000002, 221.93110339999998
1715408177632, 2024-05-11T06:16:17.632Z, 1204.7515769999998, 213.055789
1715408177650, 2024-05-11T06:16:17.650Z, 1195.1486839999998, 205.68300800000003
1715408177665, 2024-05-11T06:16:17.665Z, 1186.1777796000001, 198.000187
1715408177677, 2024-05-11T06:16:17.677Z, 1177.8482377999999, 191.1314082
1715408177692, 2024-05-11T06:16:17.692Z, 1177.4673074, 190.92673760000002
1715408177723, 2024-05-11T06:16:17.723Z, 1177.7001366, 193.795703
1715408177740, 2024-05-11T06:16:17.740Z, 1176.9260076000003, 196.6755534
1715408177752, 2024-05-11T06:16:17.752Z, 1175.4343012, 198.8864984
1715408177769, 2024-05-11T06:16:17.769Z, 1173.5782134, 200.0111742
1715408177785, 2024-05-11T06:16:17.785Z, 1170.4902245999997, 199.79717960000002
1715408177800, 2024-05-11T06:16:17.800Z, 1167.8677228000001, 195.2639338
1715408177815, 2024-05-11T06:16:17.815Z, 1165.0374972, 190.4516
1715408177830, 2024-05-11T06:16:17.830Z, 1163.6130454, 186.92149520000004
1715408177843, 2024-05-11T06:16:17.843Z, 1162.818344, 183.42355380000004
1715408177874, 2024-05-11T06:16:17.874Z, 1165.2640358, 179.60403880000004
1715408177887, 2024-05-11T06:16:17.887Z, 1168.5012882, 177.79930380000002
1715408177902, 2024-05-11T06:16:17.902Z, 1172.1595772, 177.471347
1715408177918, 2024-05-11T06:16:17.918Z, 1175.6444506, 175.0100062
1715408177934, 2024-05-11T06:16:17.934Z, 1179.2600774, 170.2713498
1715408177950, 2024-05-11T06:16:17.950Z, 1178.6564084, 169.853302
1715408177965, 2024-05-11T06:16:17.965Z, 1177.6426544, 168.7838058
1715408177981, 2024-05-11T06:16:17.981Z, 1178.0778924, 169.7958842
1715408177996, 2024-05-11T06:16:17.996Z, 1178.3101246, 174.1324564
1715408178024, 2024-05-11T06:16:18.024Z, 1178.0344866, 180.7329696
1715408178042, 2024-05-11T06:16:18.042Z, 1180.1804230000002, 184.9736064
1715408178058, 2024-05-11T06:16:18.058Z, 1181.7396325999998, 188.7246618
1715408178074, 2024-05-11T06:16:18.074Z, 1180.4772906, 187.0054444
1715408178091, 2024-05-11T06:16:18.091Z, 1178.2206274, 183.3469644
1715408178105, 2024-05-11T06:16:18.105Z, 1175.5231716, 180.2693298
1715408178120, 2024-05-11T06:16:18.120Z, 1172.0930312, 177.88737419999998
1715408178136, 2024-05-11T06:16:18.136Z, 1169.776233, 178.0923034
1715408178151, 2024-05-11T06:16:18.151Z, 1168.7219024, 181.73669439999998
1715408178176, 2024-05-11T06:16:18.176Z, 1167.4724328, 186.2430364
1715408178185, 2024-05-11T06:16:18.185Z, 1166.9550434, 191.1737548
1715408178213, 2024-05-11T06:16:18.213Z, 1167.3588028, 195.25600860000003
1715408178229, 2024-05-11T06:16:18.229Z, 1167.6475065999998, 196.5160032
1715408178245, 2024-05-11T06:16:18.245Z, 1169.0054143999998, 196.99905520000002
1715408178260, 2024-05-11T06:16:18.260Z, 1170.6881504, 197.49873540000004
1715408178276, 2024-05-11T06:16:18.276Z, 1172.3555246, 197.24711960000002
1715408178292, 2024-05-11T06:16:18.292Z, 1174.0257148, 192.0841572
1715408178321, 2024-05-11T06:16:18.321Z, 1172.397866, 187.6869796
1715408178338, 2024-05-11T06:16:18.338Z, 1167.2210102000001, 184.24646280000002
1715408178355, 2024-05-11T06:16:18.355Z, 1166.5647312, 177.47662880000001
1715408178369, 2024-05-11T06:16:18.369Z, 1168.4451293999998, 169.5650286
1715408178384, 2024-05-11T06:16:18.384Z, 1171.4920856000003, 172.727853
1715408178400, 2024-05-11T06:16:18.400Z, 1181.5367962, 180.29645680000002
1715408178416, 2024-05-11T06:16:18.416Z, 1197.0141288, 188.00237520000002
1715408178431, 2024-05-11T06:16:18.431Z, 1209.826696, 199.5635112
1715408178472, 2024-05-11T06:16:18.472Z, 1231.0630792, 214.9626558
1715408178485, 2024-05-11T06:16:18.485Z, 1250.9258194000001, 227.43945999999997
1715408178501, 2024-05-11T06:16:18.501Z, 1280.1748668, 241.55906139999996
1715408178515, 2024-05-11T06:16:18.515Z, 1304.6850748, 258.7942888
1715408178530, 2024-05-11T06:16:18.530Z, 1327.864892, 280.89688839999997
1715408178549, 2024-05-11T06:16:18.549Z, 1338.5375508, 300.05209279999997
1715408178565, 2024-05-11T06:16:18.565Z, 1345.1280339999998, 313.59081119999996
1715408178575, 2024-05-11T06:16:18.575Z, 1329.0661168, 315.4250424
1715408178590, 2024-05-11T06:16:18.590Z, 1311.1821274, 310.95760340000004
1715408178621, 2024-05-11T06:16:18.621Z, 1276.4883347999998, 290.035813
1715408178640, 2024-05-11T06:16:18.640Z, 1244.1842492, 269.96919160000004
1715408178655, 2024-05-11T06:16:18.655Z, 1208.9431490000002, 249.89917340000002
1715408178666, 2024-05-11T06:16:18.666Z, 1183.4209422, 236.6169938
1715408178681, 2024-05-11T06:16:18.681Z, 1161.8933184000002, 226.2108404
1715408178698, 2024-05-11T06:16:18.698Z, 1158.0820152000001, 222.6220414
1715408178710, 2024-05-11T06:16:18.710Z, 1153.3766758000002, 218.632798
1715408178727, 2024-05-11T06:16:18.727Z, 1155.2934930000001, 218.35289139999995
1715408178743, 2024-05-11T06:16:18.743Z, 1156.2252033999998, 218.018721
1715408178775, 2024-05-11T06:16:18.775Z, 1156.9707966, 216.95967919999998
1715408178789, 2024-05-11T06:16:18.789Z, 1157.1658358, 219.535365
1715408178804, 2024-05-11T06:16:18.804Z, 1157.7699725999998, 222.2968406
1715408178834, 2024-05-11T06:16:18.834Z, 1160.2612589999999, 224.4794598
1715408178849, 2024-05-11T06:16:18.849Z, 1162.5950533999999, 224.8401394
1715408178865, 2024-05-11T06:16:18.865Z, 1163.6543434, 225.9724208
1715408178884, 2024-05-11T06:16:18.884Z, 1163.9311238, 227.6530272
1715408178895, 2024-05-11T06:16:18.895Z, 1162.7396142000002, 230.15703599999998
1715408178925, 2024-05-11T06:16:18.925Z, 1156.9503202, 232.64093259999999
1715408178939, 2024-05-11T06:16:18.939Z, 1150.7692104, 233.6488572
1715408178958, 2024-05-11T06:16:18.958Z, 1144.9586492, 233.976775
1715408178973, 2024-05-11T06:16:18.973Z, 1139.5159171999999, 230.0269284
1715408178989, 2024-05-11T06:16:18.989Z, 1131.1620492000002, 220.2097978
1715408179004, 2024-05-11T06:16:19.004Z, 1129.5404502, 208.1245238
1715408179019, 2024-05-11T06:16:19.019Z, 1128.8848516, 197.560732
1715408179035, 2024-05-11T06:16:19.035Z, 1128.0163784000001, 187.6665268
1715408179050, 2024-05-11T06:16:19.050Z, 1127.1505542, 181.90641060000002
1715408179075, 2024-05-11T06:16:19.075Z, 1130.9133752, 182.9369512
1715408179097, 2024-05-11T06:16:19.097Z, 1130.478619, 186.0150122
1715408179113, 2024-05-11T06:16:19.113Z, 1131.5163978, 190.67446040000002
1715408179128, 2024-05-11T06:16:19.128Z, 1131.9640916, 194.8260562
1715408179144, 2024-05-11T06:16:19.144Z, 1132.8174522, 198.3857974
1715408179160, 2024-05-11T06:16:19.160Z, 1131.7790369999998, 200.21387800000002
1715408179192, 2024-05-11T06:16:19.192Z, 1130.0844316, 201.9635488
1715408179207, 2024-05-11T06:16:19.207Z, 1124.9405413999998, 201.67548699999998
1715408179223, 2024-05-11T06:16:19.223Z, 1122.3947454000001, 201.527566
1715408179239, 2024-05-11T06:16:19.239Z, 1119.777666, 201.13223799999997
1715408179254, 2024-05-11T06:16:19.254Z, 1118.4077122, 198.85055540000002
1715408179269, 2024-05-11T06:16:19.269Z, 1115.8348982, 194.1461344
1715408179284, 2024-05-11T06:16:19.284Z, 1115.7708832, 190.7663474
1715408179300, 2024-05-11T06:16:19.300Z, 1114.1044482000002, 186.9112774
1715408179315, 2024-05-11T06:16:19.315Z, 1112.2700792, 183.39865279999998
1715408179332, 2024-05-11T06:16:19.332Z, 1109.2758021999998, 181.552771
1715408179346, 2024-05-11T06:16:19.346Z, 1107.9425866, 181.7761378
1715408179373, 2024-05-11T06:16:19.373Z, 1106.9697876, 181.7069106
1715408179402, 2024-05-11T06:16:19.402Z, 1106.5644138, 183.79280780000002
1715408179417, 2024-05-11T06:16:19.417Z, 1105.9281127999998, 186.265718
1715408179445, 2024-05-11T06:16:19.445Z, 1106.5393024, 188.806623
1715408179460, 2024-05-11T06:16:19.460Z, 1108.1280012, 191.67409119999996
1715408179475, 2024-05-11T06:16:19.475Z, 1108.7648766, 193.68826919999998
1715408179490, 2024-05-11T06:16:19.490Z, 1109.6091528000002, 192.78320300000001
1715408179539, 2024-05-11T06:16:19.539Z, 1111.4566116, 190.71073499999997
1715408179562, 2024-05-11T06:16:19.562Z, 1113.726638, 189.29248199999998
1715408179579, 2024-05-11T06:16:19.579Z, 1115.8713254, 188.64512779999998
1715408179610, 2024-05-11T06:16:19.610Z, 1118.2346510000002, 191.7768382
1715408179626, 2024-05-11T06:16:19.626Z, 1121.1288060000002, 201.4616658
1715408179642, 2024-05-11T06:16:19.642Z, 1136.7197882, 220.19051999999996
1715408179690, 2024-05-11T06:16:19.690Z, 1201.898932, 266.99746719999996
1715408179735, 2024-05-11T06:16:19.735Z, 1265.5331222, 314.782089
1715408179767, 2024-05-11T06:16:19.767Z, 1327.6886956000003, 359.6459836
1715408179783, 2024-05-11T06:16:19.783Z, 1417.4269192, 363.6037878
1715408179822, 2024-05-11T06:16:19.822Z, 1486.5615739999998, 365.41186180000005
1715408179850, 2024-05-11T06:16:19.850Z, 1501.4171582, 338.86733480000004
1715408179866, 2024-05-11T06:16:19.866Z, 1515.0170828, 313.0700436
1715408179895, 2024-05-11T06:16:19.895Z, 1527.1498718, 284.3085822
1715408179915, 2024-05-11T06:16:19.915Z, 1511.8799824, 293.110896
1715408179940, 2024-05-11T06:16:19.940Z, 1502.099021, 297.72706960000005
1715408179955, 2024-05-11T06:16:19.955Z, 1496.223727, 302.975456
1715408179987, 2024-05-11T06:16:19.987Z, 1493.0592334, 304.36362599999995
1715408180001, 2024-05-11T06:16:20.001Z, 1491.961505, 307.6600032
1715408180016, 2024-05-11T06:16:20.016Z, 1491.6736534, 309.35753239999997
1715408180032, 2024-05-11T06:16:20.032Z, 1492.6399577999998, 311.8388032
1715408180048, 2024-05-11T06:16:20.048Z, 1491.365871, 318.54760319999997
1715408180063, 2024-05-11T06:16:20.063Z, 1489.1656221999997, 324.13011900000004
1715408180079, 2024-05-11T06:16:20.079Z, 1487.3658345999997, 331.14234339999996
1715408180095, 2024-05-11T06:16:20.095Z, 1483.7046871999999, 338.9272052
1715408180122, 2024-05-11T06:16:20.122Z, 1481.316817, 349.41799839999993
1715408180135, 2024-05-11T06:16:20.135Z, 1481.0814529999998, 354.05099859999996
1715408180174, 2024-05-11T06:16:20.174Z, 1483.4017331999999, 359.06635560000007
1715408180190, 2024-05-11T06:16:20.190Z, 1485.824915, 361.6079394
1715408180205, 2024-05-11T06:16:20.205Z, 1488.2943636, 362.71915759999996
1715408180221, 2024-05-11T06:16:20.221Z, 1490.0325962000002, 357.0395046
1715408180237, 2024-05-11T06:16:20.237Z, 1493.1523022000001, 349.8327216
1715408180253, 2024-05-11T06:16:20.253Z, 1494.0507158, 344.71367619999995
1715408180277, 2024-05-11T06:16:20.277Z, 1497.2423196, 339.660168
1715408180291, 2024-05-11T06:16:20.291Z, 1502.8558659999999, 335.065583
1715408180315, 2024-05-11T06:16:20.315Z, 1515.0683884, 330.57824
1715408180331, 2024-05-11T06:16:20.331Z, 1527.2486767999999, 327.876873
1715408180347, 2024-05-11T06:16:20.347Z, 1540.252983, 324.7563876
1715408180362, 2024-05-11T06:16:20.362Z, 1550.2978714, 324.5213976
1715408180378, 2024-05-11T06:16:20.378Z, 1558.2047628, 323.64904359999997
1715408180393, 2024-05-11T06:16:20.393Z, 1560.0398672, 323.1463086
1715408180408, 2024-05-11T06:16:20.408Z, 1560.9876706, 321.7329344
1715408180426, 2024-05-11T06:16:20.426Z, 1563.408095, 320.390804
1715408180439, 2024-05-11T06:16:20.439Z, 1567.0606788, 317.0143438
1715408180455, 2024-05-11T06:16:20.455Z, 1571.0919344, 313.88977839999995
1715408180471, 2024-05-11T06:16:20.471Z, 1574.9663634, 311.5810524
1715408180487, 2024-05-11T06:16:20.487Z, 1578.3978966, 310.7603934
1715408180502, 2024-05-11T06:16:20.502Z, 1579.7157820000002, 310.89188
1715408180518, 2024-05-11T06:16:20.518Z, 1579.989354, 312.6090496
1715408180534, 2024-05-11T06:16:20.534Z, 1579.685591, 314.7985964
1715408180549, 2024-05-11T06:16:20.549Z, 1571.4663262000001, 319.3702588
1715408180573, 2024-05-11T06:16:20.573Z, 1517.5769305999997, 339.74279740000003
1715408180587, 2024-05-11T06:16:20.587Z, 1466.1530323999998, 358.31975620000003
1715408180602, 2024-05-11T06:16:20.602Z, 1423.4385986000002, 371.8988988
1715408180620, 2024-05-11T06:16:20.620Z, 1378.2155372, 386.2560012
1715408180632, 2024-05-11T06:16:20.632Z, 1326.0334788, 404.10006519999996
1715408180647, 2024-05-11T06:16:20.647Z, 1316.9023538, 403.78246619999993
1715408180662, 2024-05-11T06:16:20.662Z, 1299.9554469999998, 406.08960319999994
1715408180677, 2024-05-11T06:16:20.677Z, 1273.9945732, 412.0449936
1715408180692, 2024-05-11T06:16:20.692Z, 1249.2886297999999, 417.7296614
1715408180721, 2024-05-11T06:16:20.721Z, 1238.647301, 416.58556740000006
1715408180735, 2024-05-11T06:16:20.735Z, 1230.6346608, 417.69517800000006
1715408180750, 2024-05-11T06:16:20.750Z, 1226.5876774, 418.735501
1715408180765, 2024-05-11T06:16:20.765Z, 1223.3047392, 420.6568808
1715408180780, 2024-05-11T06:16:20.780Z, 1221.2630916, 421.3405374
1715408180801, 2024-05-11T06:16:20.801Z, 1219.7428196, 423.03474560000006
1715408180817, 2024-05-11T06:16:20.817Z, 1218.5141687999999, 425.042634
1715408180832, 2024-05-11T06:16:20.832Z, 1219.2606351999998, 425.91927219999997
1715408180848, 2024-05-11T06:16:20.848Z, 1220.4178606, 427.5414936
1715408180872, 2024-05-11T06:16:20.872Z, 1221.6031764, 428.86393799999996
1715408180886, 2024-05-11T06:16:20.886Z, 1222.2813906, 430.4233312
1715408180901, 2024-05-11T06:16:20.901Z, 1223.4350749999999, 431.8804334
1715408180916, 2024-05-11T06:16:20.916Z, 1222.5662012, 433.4735742
1715408180931, 2024-05-11T06:16:20.931Z, 1220.292388, 434.2310416
1715408180946, 2024-05-11T06:16:20.946Z, 1213.6682988, 432.65005340000005
1715408180965, 2024-05-11T06:16:20.965Z, 1203.2364372, 431.84786160000004
1715408180975, 2024-05-11T06:16:20.975Z, 1186.2836924, 433.0715202
1715408180990, 2024-05-11T06:16:20.990Z, 1169.9039452000002, 434.950194
1715408181026, 2024-05-11T06:16:21.026Z, 1149.539514, 438.3242122
1715408181036, 2024-05-11T06:16:21.036Z, 1133.3977454, 444.7983952000001
1715408181052, 2024-05-11T06:16:21.052Z, 1121.2832472, 451.59614700000003
1715408181068, 2024-05-11T06:16:21.068Z, 1114.807313, 456.6895394
1715408181084, 2024-05-11T06:16:21.084Z, 1109.3164246000001, 460.6207876
1715408181099, 2024-05-11T06:16:21.099Z, 1108.615901, 461.6059198
1715408181115, 2024-05-11T06:16:21.115Z, 1104.5336498, 462.3303078
1715408181130, 2024-05-11T06:16:21.130Z, 1100.1307514000002, 461.6710812
1715408181145, 2024-05-11T06:16:21.145Z, 1096.6532256, 459.40823119999993
1715408181172, 2024-05-11T06:16:21.172Z, 1091.9067306000002, 460.92218940000004
1715408181185, 2024-05-11T06:16:21.185Z, 1086.4308369999999, 461.94964819999996
1715408181200, 2024-05-11T06:16:21.200Z, 1084.8318364000002, 464.02644899999996
1715408181216, 2024-05-11T06:16:21.216Z, 1084.4715662, 465.7252118
1715408181230, 2024-05-11T06:16:21.230Z, 1085.5821899999999, 467.57663119999995
1715408181249, 2024-05-11T06:16:21.249Z, 1089.1036342000002, 465.13178120000003
1715408181260, 2024-05-11T06:16:21.260Z, 1094.1590638000002, 463.30919240000003
1715408181275, 2024-05-11T06:16:21.275Z, 1098.9099892, 460.538627
1715408181290, 2024-05-11T06:16:21.290Z, 1102.8772064, 455.9022254
1715408181321, 2024-05-11T06:16:21.321Z, 1104.708077, 450.9872745999999
1715408181340, 2024-05-11T06:16:21.340Z, 1105.107862, 442.7959594
1715408181351, 2024-05-11T06:16:21.351Z, 1106.9602886, 437.84096279999994
1715408181366, 2024-05-11T06:16:21.366Z, 1110.3610332, 434.60302920000004
1715408181381, 2024-05-11T06:16:21.381Z, 1113.485043, 433.3190392
1715408181397, 2024-05-11T06:16:21.397Z, 1116.0572639999998, 432.8134602
1715408181426, 2024-05-11T06:16:21.426Z, 1116.3832462, 436.2798860000001
1715408181441, 2024-05-11T06:16:21.441Z, 1114.0497449999998, 438.3058016
1715408181471, 2024-05-11T06:16:21.471Z, 1108.1928080000002, 438.37090119999993
1715408181487, 2024-05-11T06:16:21.487Z, 1102.0143799999998, 438.7608905999999
1715408181503, 2024-05-11T06:16:21.503Z, 1096.07986, 437.8286252
1715408181518, 2024-05-11T06:16:21.518Z, 1093.1289988, 435.1997026
1715408181534, 2024-05-11T06:16:21.534Z, 1091.4547078, 430.70224799999994
1715408181549, 2024-05-11T06:16:21.550Z, 1091.2684913999997, 427.9553912
1715408181565, 2024-05-11T06:16:21.565Z, 1092.4552372, 425.81212479999994
1715408181580, 2024-05-11T06:16:21.580Z, 1094.1947776000002, 429.19785500000006
1715408181596, 2024-05-11T06:16:21.596Z, 1095.5914046, 435.0789944
1715408181621, 2024-05-11T06:16:21.621Z, 1096.2196304000001, 446.2654072
1715408181635, 2024-05-11T06:16:21.635Z, 1096.8835718, 455.19979920000003
1715408181650, 2024-05-11T06:16:21.650Z, 1096.5841832, 463.366586
1715408181665, 2024-05-11T06:16:21.665Z, 1094.652571, 463.4040546
1715408181680, 2024-05-11T06:16:21.680Z, 1090.7772874, 461.1866302
1715408181695, 2024-05-11T06:16:21.695Z, 1085.2733894, 454.33854499999995
1715408181715, 2024-05-11T06:16:21.715Z, 1081.7562184, 449.8404334
1715408181752, 2024-05-11T06:16:21.752Z, 1080.2642092, 446.2288192
1715408181774, 2024-05-11T06:16:21.774Z, 1080.3544298000002, 445.87647260000006
1715408181797, 2024-05-11T06:16:21.797Z, 1082.3644724, 447.6768076
1715408181813, 2024-05-11T06:16:21.813Z, 1087.4532858, 448.0740496
1715408181829, 2024-05-11T06:16:21.829Z, 1091.5614984, 446.678042
1715408181845, 2024-05-11T06:16:21.845Z, 1097.114077, 444.42614599999996
1715408181861, 2024-05-11T06:16:21.861Z, 1102.9488476000001, 442.99503060000006
1715408181877, 2024-05-11T06:16:21.877Z, 1108.790951, 440.7125564
1715408181896, 2024-05-11T06:16:21.896Z, 1112.0759151999998, 440.7548718
1715408181909, 2024-05-11T06:16:21.909Z, 1114.3507484, 441.68630140000005
1715408181925, 2024-05-11T06:16:21.925Z, 1113.5592372, 443.30702759999997
1715408181940, 2024-05-11T06:16:21.940Z, 1124.8025143999998, 439.4620478
1715408181955, 2024-05-11T06:16:21.955Z, 1139.7363736, 437.4192335999999
1715408181971, 2024-05-11T06:16:21.971Z, 1158.9900584000002, 436.2903388000001
1715408181986, 2024-05-11T06:16:21.986Z, 1188.2721622000001, 439.4447394
1715408182001, 2024-05-11T06:16:22.001Z, 1217.1298618, 442.13220179999996
1715408182017, 2024-05-11T06:16:22.017Z, 1248.026367, 458.075961
1715408182033, 2024-05-11T06:16:22.033Z, 1275.7982486, 472.60677960000004
1715408182049, 2024-05-11T06:16:22.049Z, 1300.8584696, 485.7641808
1715408182071, 2024-05-11T06:16:22.071Z, 1317.764048, 494.25427500000006
1715408182085, 2024-05-11T06:16:22.085Z, 1334.9440112, 503.45515439999997
1715408182100, 2024-05-11T06:16:22.100Z, 1336.0545916, 507.06966760000006
1715408182115, 2024-05-11T06:16:22.115Z, 1335.9594722000002, 510.80642099999994
1715408182133, 2024-05-11T06:16:22.133Z, 1335.7387634000002, 514.0017078
1715408182150, 2024-05-11T06:16:22.150Z, 1335.3213836, 518.1059468
1715408182161, 2024-05-11T06:16:22.161Z, 1335.0011218, 521.4852026
1715408182176, 2024-05-11T06:16:22.176Z, 1336.30072, 522.1987925999999
1715408182192, 2024-05-11T06:16:22.192Z, 1338.1124450000002, 522.5123278
1715408182221, 2024-05-11T06:16:22.221Z, 1339.7668426, 523.2898974
1715408182236, 2024-05-11T06:16:22.236Z, 1335.4697784, 523.0225566
1715408182252, 2024-05-11T06:16:22.252Z, 1323.0890252000002, 523.4757281999999
1715408182267, 2024-05-11T06:16:22.267Z, 1306.8389182, 525.5191315999999
1715408182283, 2024-05-11T06:16:22.283Z, 1286.2368506, 526.9282326
1715408182298, 2024-05-11T06:16:22.298Z, 1264.3205388000001, 529.3066622
1715408182316, 2024-05-11T06:16:22.316Z, 1246.9848069999998, 529.1575716
1715408182330, 2024-05-11T06:16:22.330Z, 1236.9747876, 527.6225942000001
1715408182345, 2024-05-11T06:16:22.345Z, 1226.30732, 523.7371838
1715408182371, 2024-05-11T06:16:22.371Z, 1220.261624, 519.805522
1715408182386, 2024-05-11T06:16:22.386Z, 1216.1962036, 513.928682
1715408182400, 2024-05-11T06:16:22.400Z, 1212.4152004, 513.8124716
1715408182415, 2024-05-11T06:16:22.415Z, 1209.0072984000003, 514.1838074
1715408182430, 2024-05-11T06:16:22.430Z, 1210.0402098, 514.6746204000001
1715408182445, 2024-05-11T06:16:22.445Z, 1210.8852276, 514.4057754
1715408182460, 2024-05-11T06:16:22.460Z, 1209.9468462, 514.6153806
1715408182475, 2024-05-11T06:16:22.475Z, 1209.0935992, 512.1344822
1715408182490, 2024-05-11T06:16:22.490Z, 1206.193563, 511.88983740000003
1715408182522, 2024-05-11T06:16:22.522Z, 1195.6353356, 514.605742
1715408182541, 2024-05-11T06:16:22.541Z, 1184.9842406, 519.274381
1715408182563, 2024-05-11T06:16:22.563Z, 1172.4971272, 522.3142072
1715408182578, 2024-05-11T06:16:22.578Z, 1155.7921636, 524.1964042
1715408182610, 2024-05-11T06:16:22.610Z, 1139.7785500000002, 523.3923597999999
1715408182625, 2024-05-11T06:16:22.625Z, 1131.2195942000003, 525.715091
1715408182643, 2024-05-11T06:16:22.643Z, 1120.1641112000002, 526.4838596
1715408182688, 2024-05-11T06:16:22.688Z, 1110.3789172000002, 523.52408
1715408182704, 2024-05-11T06:16:22.704Z, 1108.1290322, 519.935392
1715408182735, 2024-05-11T06:16:22.735Z, 1106.143583, 515.2772438
1715408182751, 2024-05-11T06:16:22.751Z, 1104.0634926, 505.79353000000003
1715408182782, 2024-05-11T06:16:22.782Z, 1103.5492522, 499.452038
1715408182797, 2024-05-11T06:16:22.797Z, 1102.5689222, 496.85759459999997
1715408182824, 2024-05-11T06:16:22.824Z, 1099.3648662, 496.5009502
1715408182839, 2024-05-11T06:16:22.839Z, 1098.5135432, 498.9214854
1715408182854, 2024-05-11T06:16:22.854Z, 1096.9208867999998, 500.15089179999995
1715408182868, 2024-05-11T06:16:22.868Z, 1094.8548008000002, 500.1461346
1715408182883, 2024-05-11T06:16:22.883Z, 1095.999481, 501.6610238
1715408182899, 2024-05-11T06:16:22.899Z, 1096.3994306, 502.6891858
1715408182914, 2024-05-11T06:16:22.914Z, 1097.3682178000001, 503.14015659999995
1715408182928, 2024-05-11T06:16:22.928Z, 1099.5838514, 504.790306
1715408182945, 2024-05-11T06:16:22.945Z, 1104.0687166000002, 507.67062540000006
1715408182974, 2024-05-11T06:16:22.974Z, 1109.7612256, 514.5773782
1715408182999, 2024-05-11T06:16:22.999Z, 1115.3253567999998, 521.6820322
1715408183015, 2024-05-11T06:16:23.015Z, 1119.1734674, 529.0473216
1715408183032, 2024-05-11T06:16:23.032Z, 1120.6651881999999, 534.5406380000001
1715408183047, 2024-05-11T06:16:23.047Z, 1121.4053377999999, 537.8378014
1715408183063, 2024-05-11T06:16:23.063Z, 1111.9582104, 533.2973128
1715408183078, 2024-05-11T06:16:23.078Z, 1015.0252349999998, 538.5221738000001
1715408183124, 2024-05-11T06:16:23.124Z, 873.2158832000001, 542.1654553999999
1715408183140, 2024-05-11T06:16:23.140Z, 710.9289308, 538.1170298000001
1715408183155, 2024-05-11T06:16:23.155Z, 535.3660064, 524.5205745999999
1715408183170, 2024-05-11T06:16:23.170Z, 373.6234078, 516.4687236
1715408183186, 2024-05-11T06:16:23.186Z, 286.5689096, 485.0809346
1715408183201, 2024-05-11T06:16:23.201Z, 244.5302432, 455.38219319999996
1715408183217, 2024-05-11T06:16:23.217Z, 226.9989728, 437.5041682
1715408183232, 2024-05-11T06:16:23.232Z, 224.3290684, 432.246041
1715408183248, 2024-05-11T06:16:23.248Z, 219.0311638, 430.2727682
1715408183272, 2024-05-11T06:16:23.272Z, 226.0782264, 442.0429528000001
1715408183285, 2024-05-11T06:16:23.285Z, 229.4885142, 452.7902594
1715408183300, 2024-05-11T06:16:23.300Z, 231.394938, 461.9792406
1715408183315, 2024-05-11T06:16:23.315Z, 233.3433962, 471.05480520000003
1715408183331, 2024-05-11T06:16:23.331Z, 230.24077039999997, 476.8515588
1715408183345, 2024-05-11T06:16:23.345Z, 226.2417034, 482.66519900000003
1715408183360, 2024-05-11T06:16:23.360Z, 225.72525860000002, 487.5671956
1715408183375, 2024-05-11T06:16:23.375Z, 227.8131298, 491.2538486
1715408183395, 2024-05-11T06:16:23.395Z, 235.4929744, 494.1117326
1715408183426, 2024-05-11T06:16:23.426Z, 252.52116100000003, 495.5630066
1715408183439, 2024-05-11T06:16:23.439Z, 273.0016674, 496.53946859999996
1715408183455, 2024-05-11T06:16:23.455Z, 299.55136359999995, 497.7951312
1715408183470, 2024-05-11T06:16:23.470Z, 325.43692580000004, 499.3141146
1715408183485, 2024-05-11T06:16:23.485Z, 344.328613, 497.82835700000004
1715408183500, 2024-05-11T06:16:23.500Z, 352.57094479999995, 494.8518142
1715408183515, 2024-05-11T06:16:23.515Z, 350.77526939999996, 486.6063584
1715408183530, 2024-05-11T06:16:23.530Z, 337.6921502, 477.4265558
1715408183560, 2024-05-11T06:16:23.560Z, 317.90772380000004, 465.76542099999995
1715408183577, 2024-05-11T06:16:23.577Z, 294.0752882, 456.51875960000007
1715408183591, 2024-05-11T06:16:23.591Z, 272.76873859999995, 449.3752478
1715408183607, 2024-05-11T06:16:23.607Z, 255.42764440000002, 446.5179978
1715408183622, 2024-05-11T06:16:23.622Z, 240.6887342, 446.26124419999996
1715408183638, 2024-05-11T06:16:23.638Z, 228.93200259999998, 450.2713556
1715408183653, 2024-05-11T06:16:23.653Z, 215.43892639999999, 452.35995699999995
1715408183669, 2024-05-11T06:16:23.669Z, 202.1503882, 455.40740139999997
1715408183684, 2024-05-11T06:16:23.684Z, 192.34836620000002, 459.153888
1715408183699, 2024-05-11T06:16:23.699Z, 186.0223424, 464.8286832
1715408183721, 2024-05-11T06:16:23.721Z, 182.01140019999997, 471.94215379999997
1715408183735, 2024-05-11T06:16:23.735Z, 180.4557992, 480.063991
1715408183750, 2024-05-11T06:16:23.750Z, 178.6966596, 487.5909472
1715408183765, 2024-05-11T06:16:23.765Z, 179.8550856, 495.057017
1715408183780, 2024-05-11T06:16:23.780Z, 178.61754919999998, 498.87000259999996
1715408183795, 2024-05-11T06:16:23.795Z, 176.630698, 499.20748860000003
1715408183815, 2024-05-11T06:16:23.815Z, 183.66191039999998, 499.067651
1715408183825, 2024-05-11T06:16:23.825Z, 194.5313216, 499.0009964000001
1715408183842, 2024-05-11T06:16:23.842Z, 204.40496960000002, 497.7860286
1715408183875, 2024-05-11T06:16:23.875Z, 218.41525819999998, 498.36616979999997
1715408183888, 2024-05-11T06:16:23.888Z, 232.455846, 500.4207724
1715408183904, 2024-05-11T06:16:23.904Z, 243.309256, 502.576056
1715408183919, 2024-05-11T06:16:23.919Z, 252.0152548, 501.72594820000006
1715408183949, 2024-05-11T06:16:23.949Z, 257.7962746, 501.03859740000007
1715408183964, 2024-05-11T06:16:23.964Z, 261.60939840000003, 501.6140171999999
1715408183980, 2024-05-11T06:16:23.980Z, 265.9631486, 499.97359420000004
1715408183995, 2024-05-11T06:16:23.995Z, 267.62429480000003, 497.55808959999996
1715408184021, 2024-05-11T06:16:24.021Z, 266.4422532, 496.7439782
1715408184035, 2024-05-11T06:16:24.035Z, 267.0350484, 496.40251920000003
1715408184050, 2024-05-11T06:16:24.050Z, 285.7532298, 495.535037
1715408184065, 2024-05-11T06:16:24.065Z, 338.2196152, 487.32724040000005
1715408184080, 2024-05-11T06:16:24.080Z, 391.95518400000003, 479.7157862
1715408184095, 2024-05-11T06:16:24.095Z, 448.036503, 472.91033819999996
1715408184110, 2024-05-11T06:16:24.110Z, 505.32963420000004, 469.0934512
1715408184125, 2024-05-11T06:16:24.125Z, 543.8062706000001, 463.4986188
1715408184140, 2024-05-11T06:16:24.140Z, 549.214969, 471.7121452
1715408184171, 2024-05-11T06:16:24.171Z, 551.140984, 479.021306
1715408184185, 2024-05-11T06:16:24.185Z, 551.9799284, 486.2456206
1715408184200, 2024-05-11T06:16:24.200Z, 550.0335674, 491.8135328
1715408184219, 2024-05-11T06:16:24.219Z, 549.106593, 497.30623180000003
1715408184235, 2024-05-11T06:16:24.235Z, 547.0607236, 497.6466512
1715408184248, 2024-05-11T06:16:24.248Z, 546.2160166, 497.50459440000003
1715408184263, 2024-05-11T06:16:24.263Z, 545.4522838, 496.8158214
1715408184293, 2024-05-11T06:16:24.293Z, 545.3042485999999, 494.6882676
1715408184326, 2024-05-11T06:16:24.326Z, 537.3097166, 490.84529039999995
1715408184338, 2024-05-11T06:16:24.338Z, 528.4308693999999, 489.3535628000001
1715408184368, 2024-05-11T06:16:24.368Z, 520.0457928, 489.3043496
1715408184384, 2024-05-11T06:16:24.384Z, 502.79944539999997, 489.76766680000003
1715408184399, 2024-05-11T06:16:24.399Z, 483.86708259999995, 489.99188940000005
1715408184415, 2024-05-11T06:16:24.415Z, 470.59778900000003, 491.49410860000006
1715408184430, 2024-05-11T06:16:24.430Z, 455.53354360000003, 493.1899296
1715408184446, 2024-05-11T06:16:24.446Z, 441.107719, 494.2650004
1715408184471, 2024-05-11T06:16:24.471Z, 435.11774019999996, 494.3487724
1715408184485, 2024-05-11T06:16:24.485Z, 431.537156, 494.55047240000005
1715408184501, 2024-05-11T06:16:24.501Z, 429.8102832000001, 493.59225019999997
1715408184515, 2024-05-11T06:16:24.515Z, 434.87214760000006, 490.6232744
1715408184530, 2024-05-11T06:16:24.530Z, 439.44953580000004, 488.5095874
1715408184869, 2024-05-11T06:16:24.869Z, 570.0643734, 524.2017702
1715408184901, 2024-05-11T06:16:24.901Z, 702.8219182, 564.4384124000001
1715408184922, 2024-05-11T06:16:24.922Z, 834.4033904, 605.9018573999999
1715408184936, 2024-05-11T06:16:24.936Z, 962.4686066, 646.4288452
1715408184951, 2024-05-11T06:16:24.951Z, 1095.368117, 684.3527952000001
1715408184969, 2024-05-11T06:16:24.969Z, 1097.0625292, 694.6652682
1715408184984, 2024-05-11T06:16:24.984Z, 1094.5621832000002, 704.4742566000001
1715408184996, 2024-05-11T06:16:24.996Z, 1093.2634163999999, 714.7348382
1715408185014, 2024-05-11T06:16:25.014Z, 1091.9951667999999, 725.0466676
1715408185027, 2024-05-11T06:16:25.027Z, 1086.5568882, 738.6398114
1715408185042, 2024-05-11T06:16:25.042Z, 1085.177297, 744.7223182
1715408185073, 2024-05-11T06:16:25.073Z, 1086.7356293999999, 746.7752566
1715408185090, 2024-05-11T06:16:25.090Z, 1087.153974, 749.2507852000001
1715408185103, 2024-05-11T06:16:25.103Z, 1088.9339922, 757.4642562
1715408185119, 2024-05-11T06:16:25.119Z, 1090.9285684000001, 764.8345766
1715408185135, 2024-05-11T06:16:25.135Z, 1095.8362104, 767.8371624
1715408185151, 2024-05-11T06:16:25.151Z, 1099.0837803999998, 770.2044626
1715408185166, 2024-05-11T06:16:25.166Z, 1104.2425746, 772.0513776
1715408185182, 2024-05-11T06:16:25.182Z, 1107.6770665999998, 768.4253648
1715408185198, 2024-05-11T06:16:25.198Z, 1121.8140521999999, 766.6240611999999
1715408185226, 2024-05-11T06:16:25.226Z, 1138.7005324, 767.0519371999999
1715408185251, 2024-05-11T06:16:25.251Z, 1163.2780841999997, 764.6016374000001
1715408185267, 2024-05-11T06:16:25.267Z, 1190.5126963999999, 760.3865820000001
1715408185281, 2024-05-11T06:16:25.281Z, 1220.0772489999997, 758.5326104000001
1715408185296, 2024-05-11T06:16:25.296Z, 1243.7896672, 753.7805694000001
1715408185315, 2024-05-11T06:16:25.315Z, 1263.6024778, 746.0796476
1715408185338, 2024-05-11T06:16:25.338Z, 1274.2557605999998, 744.557594
1715408185352, 2024-05-11T06:16:25.352Z, 1280.8760582, 745.8141572000001
1715408185375, 2024-05-11T06:16:25.375Z, 1287.8489688, 738.95811
1715408185386, 2024-05-11T06:16:25.386Z, 1289.199056, 731.7452378
1715408185402, 2024-05-11T06:16:25.402Z, 1290.2915674, 728.827427
1715408185435, 2024-05-11T06:16:25.435Z, 1282.5467712, 725.7915098000001
1715408185447, 2024-05-11T06:16:25.447Z, 1260.9847292, 723.6397924
1715408185479, 2024-05-11T06:16:25.479Z, 1233.5527104, 735.4685106
1715408185495, 2024-05-11T06:16:25.495Z, 1205.9540864, 747.7206118
1715408185523, 2024-05-11T06:16:25.523Z, 1175.3957838000001, 758.1014688
1715408185536, 2024-05-11T06:16:25.536Z, 1154.5680232, 763.08336
1715408185551, 2024-05-11T06:16:25.551Z, 1146.4006098, 763.9144226000001
1715408185566, 2024-05-11T06:16:25.566Z, 1138.0443249999998, 754.3373570000001
1715408185581, 2024-05-11T06:16:25.581Z, 1130.4595305999999, 746.2139554
1715408185597, 2024-05-11T06:16:25.597Z, 1127.767152, 740.7992378
1715408185614, 2024-05-11T06:16:25.614Z, 1126.6446772, 739.388039
1715408185632, 2024-05-11T06:16:25.632Z, 1125.4297746, 739.5638734
1715408185641, 2024-05-11T06:16:25.641Z, 1125.4607442000001, 741.3530784
1715408185672, 2024-05-11T06:16:25.672Z, 1124.0453750000001, 742.8650566
1715408185686, 2024-05-11T06:16:25.686Z, 1124.1150002, 745.3307159999999
1715408185701, 2024-05-11T06:16:25.701Z, 1122.7850727999999, 745.957436
1715408185720, 2024-05-11T06:16:25.720Z, 1123.606918, 747.8565484000001
1715408185731, 2024-05-11T06:16:25.731Z, 1127.7602344, 752.6475336
1715408185746, 2024-05-11T06:16:25.746Z, 1133.5404936, 758.5853176
1715408185761, 2024-05-11T06:16:25.761Z, 1134.1735153999998, 758.6524302
1715408185776, 2024-05-11T06:16:25.776Z, 1133.6800018, 758.9146726
1715408185792, 2024-05-11T06:16:25.792Z, 1129.6417820000001, 763.372958
1715408185837, 2024-05-11T06:16:25.837Z, 1123.4927739999998, 761.3729646
1715408185852, 2024-05-11T06:16:25.852Z, 1114.3253702, 760.7141834
1715408185866, 2024-05-11T06:16:25.866Z, 1108.2264122, 766.9362248
1715408185882, 2024-05-11T06:16:25.882Z, 1104.4775328, 766.5840294000001
1715408185897, 2024-05-11T06:16:25.897Z, 1108.5169146, 759.210182
1715408185914, 2024-05-11T06:16:25.914Z, 1114.1885536, 755.5231802000001
1715408185927, 2024-05-11T06:16:25.927Z, 1121.9765544, 748.9689368
1715408185942, 2024-05-11T06:16:25.942Z, 1126.6581928, 738.8820932
1715408185973, 2024-05-11T06:16:25.973Z, 1129.0922398, 737.0085726
1715408185987, 2024-05-11T06:16:25.987Z, 1128.4776424, 737.9111798000001
1715408186016, 2024-05-11T06:16:26.016Z, 1126.7754074, 739.0246836
1715408186035, 2024-05-11T06:16:26.035Z, 1125.2690826000003, 738.7569488
1715408186046, 2024-05-11T06:16:26.046Z, 1126.3350796, 738.8135587999999
1715408186061, 2024-05-11T06:16:26.061Z, 1129.2277688000001, 738.2295652
1715408186076, 2024-05-11T06:16:26.076Z, 1129.6332226, 736.8971652
1715408186091, 2024-05-11T06:16:26.091Z, 1128.7048446000001, 735.1489495999999
1715408186123, 2024-05-11T06:16:26.123Z, 1128.0758022, 738.3892188
1715408186153, 2024-05-11T06:16:26.153Z, 1127.5535974, 742.6275346
1715408186169, 2024-05-11T06:16:26.169Z, 1126.9231962000001, 752.8115578
1715408186185, 2024-05-11T06:16:26.185Z, 1126.8686286, 768.2155306000001
1715408186200, 2024-05-11T06:16:26.200Z, 1128.9919728, 784.8930318
1715408186216, 2024-05-11T06:16:26.216Z, 1129.9108562000001, 798.0793936
1715408186231, 2024-05-11T06:16:26.231Z, 1129.0437140000001, 811.4427306
1715408186247, 2024-05-11T06:16:26.247Z, 1127.7659938000002, 819.1625128
1715408186272, 2024-05-11T06:16:26.272Z, 1126.1903236, 822.1100063999999
1715408186290, 2024-05-11T06:16:26.290Z, 1123.8974954, 826.4563415999999
1715408186302, 2024-05-11T06:16:26.302Z, 1122.7569226, 831.3388338000001
1715408186316, 2024-05-11T06:16:26.316Z, 1121.9829598000001, 836.6320926000001
1715408186331, 2024-05-11T06:16:26.331Z, 1121.2856416, 841.883439
1715408186347, 2024-05-11T06:16:26.347Z, 1120.9056314, 847.5978085999999
1715408186361, 2024-05-11T06:16:26.361Z, 1120.8541186, 851.1262952000001
1715408186377, 2024-05-11T06:16:26.377Z, 1120.3903142, 854.0391788000001
1715408186395, 2024-05-11T06:16:26.395Z, 1118.1203712, 852.1413864
1715408186426, 2024-05-11T06:16:26.426Z, 1118.8386554, 847.4447895999999
1715408186449, 2024-05-11T06:16:26.449Z, 1119.240084, 841.6828503999999
1715408186465, 2024-05-11T06:16:26.465Z, 1119.1356336000001, 834.0439386
1715408186482, 2024-05-11T06:16:26.482Z, 1118.9216252, 826.1446056000001
1715408186497, 2024-05-11T06:16:26.497Z, 1121.5956246, 821.2428820000001
1715408186515, 2024-05-11T06:16:26.515Z, 1120.429876, 817.8087954
1715408186529, 2024-05-11T06:16:26.529Z, 1119.0304113999998, 815.7307672000001
1715408186544, 2024-05-11T06:16:26.544Z, 1115.8958254000001, 816.5498879999999
1715408186573, 2024-05-11T06:16:26.573Z, 1113.2902954, 817.1136666
1715408186586, 2024-05-11T06:16:26.586Z, 1110.3012222000002, 817.761938
1715408186602, 2024-05-11T06:16:26.602Z, 1109.6275289999999, 819.2918296
1715408186617, 2024-05-11T06:16:26.617Z, 1108.7492981999999, 818.1766238
1715408186631, 2024-05-11T06:16:26.631Z, 1108.3643595999997, 815.0240076
1715408186650, 2024-05-11T06:16:26.650Z, 1107.0062096000001, 811.9972879999999
1715408186665, 2024-05-11T06:16:26.665Z, 1105.6713123999998, 808.1298863999999
1715408186677, 2024-05-11T06:16:26.677Z, 1102.7101252, 804.1469877999999
1715408186692, 2024-05-11T06:16:26.692Z, 1100.1290643999998, 801.95418
1715408186722, 2024-05-11T06:16:26.722Z, 1101.3502516, 808.4384686000001
1715408186736, 2024-05-11T06:16:26.736Z, 1104.1519311999998, 817.553589
1715408186751, 2024-05-11T06:16:26.751Z, 1104.8127262, 825.3804092
1715408186766, 2024-05-11T06:16:26.766Z, 1105.189847, 833.889336
1715408186782, 2024-05-11T06:16:26.782Z, 1105.5613564, 842.8578014000001
1715408186796, 2024-05-11T06:16:26.796Z, 1103.369084, 844.1739108000002
1715408186811, 2024-05-11T06:16:26.811Z, 1099.0784682, 840.744756
1715408186827, 2024-05-11T06:16:26.827Z, 1098.2366124, 837.980018
1715408186843, 2024-05-11T06:16:26.843Z, 1097.1105706, 833.6628278000001
1715408186873, 2024-05-11T06:16:26.873Z, 1095.9569014, 827.6916418000001
1715408186886, 2024-05-11T06:16:26.886Z, 1095.7603512, 820.7716801999999
1715408186916, 2024-05-11T06:16:26.916Z, 1099.3423684000002, 815.1477066
1715408186931, 2024-05-11T06:16:26.931Z, 1103.4938138000002, 810.6459275999999
1715408186946, 2024-05-11T06:16:26.946Z, 1108.7680945999998, 811.2171982
1715408186960, 2024-05-11T06:16:26.960Z, 1111.8842572, 812.0802707999999
1715408186974, 2024-05-11T06:16:26.974Z, 1110.1286048, 813.4276742
1715408186989, 2024-05-11T06:16:26.989Z, 1105.0905084, 816.0951257999999
1715408187021, 2024-05-11T06:16:27.021Z, 1096.7347359999999, 819.8024276
1715408187034, 2024-05-11T06:16:27.034Z, 1087.9002998, 823.9033936
1715408187055, 2024-05-11T06:16:27.055Z, 1081.01349, 828.4285051999999
1715408187065, 2024-05-11T06:16:27.065Z, 1078.0831086, 833.5246486
1715408187080, 2024-05-11T06:16:27.080Z, 1077.9819172, 832.3848022
1715408187095, 2024-05-11T06:16:27.095Z, 1080.3899844, 830.9123088
1715408187115, 2024-05-11T06:16:27.115Z, 1083.7181050000002, 827.5066300000001
1715408187127, 2024-05-11T06:16:27.127Z, 1086.8259882, 824.3178851999999
1715408187144, 2024-05-11T06:16:27.144Z, 1087.1401942, 821.5646724000001
1715408187174, 2024-05-11T06:16:27.174Z, 1084.3402184000001, 821.9797694000001
1715408187190, 2024-05-11T06:16:27.190Z, 1081.3414352, 819.9286612
1715408187206, 2024-05-11T06:16:27.206Z, 1077.8169022, 813.9331874000001
1715408187223, 2024-05-11T06:16:27.223Z, 1074.2943528, 809.0760104000001
1715408187238, 2024-05-11T06:16:27.238Z, 1073.7795988, 803.5331732
1715408187253, 2024-05-11T06:16:27.253Z, 1077.5477546, 805.2004458
1715408187269, 2024-05-11T06:16:27.269Z, 1083.701096, 810.5175514
1715408187286, 2024-05-11T06:16:27.286Z, 1089.9752868, 817.650394
1715408187301, 2024-05-11T06:16:27.301Z, 1096.93417, 822.5269554
1715408187325, 2024-05-11T06:16:27.325Z, 1103.9665986, 827.6148356
1715408187340, 2024-05-11T06:16:27.340Z, 1106.9005886, 828.1142133999999
1715408187354, 2024-05-11T06:16:27.354Z, 1106.5448477999998, 824.9016928000001
1715408187370, 2024-05-11T06:16:27.370Z, 1105.5869587999998, 821.4394784
1715408187384, 2024-05-11T06:16:27.384Z, 1106.2853314, 819.4397516000001
1715408187398, 2024-05-11T06:16:27.398Z, 1107.9439298000002, 817.7015592
1715408187415, 2024-05-11T06:16:27.415Z, 1109.9701476, 815.8209562
1715408187428, 2024-05-11T06:16:27.428Z, 1111.5031438, 815.3622363999999
1715408187443, 2024-05-11T06:16:27.443Z, 1113.4983492, 815.3275973999998
1715408187475, 2024-05-11T06:16:27.475Z, 1108.0515182, 814.2131534
1715408187506, 2024-05-11T06:16:27.506Z, 1098.5060727999999, 813.8451146
1715408187521, 2024-05-11T06:16:27.521Z, 1092.9454697999997, 813.5377212
1715408187537, 2024-05-11T06:16:27.537Z, 1088.1526134, 816.4337692
1715408187552, 2024-05-11T06:16:27.552Z, 1083.9838604000001, 817.6911948000001
1715408187567, 2024-05-11T06:16:27.567Z, 1085.5496202, 818.0149538000001
1715408187583, 2024-05-11T06:16:27.583Z, 1089.9336598000002, 816.6807166
1715408187598, 2024-05-11T06:16:27.598Z, 1091.3309502, 815.4832972
1715408187623, 2024-05-11T06:16:27.623Z, 1094.0129484000001, 813.5636274000001
1715408187645, 2024-05-11T06:16:27.645Z, 1096.142823, 813.5142921999999
1715408187661, 2024-05-11T06:16:27.661Z, 1098.5122661999999, 816.183691
1715408187677, 2024-05-11T06:16:27.677Z, 1096.947853, 818.55267
1715408187693, 2024-05-11T06:16:27.693Z, 1094.3817791999998, 822.0249796
1715408187709, 2024-05-11T06:16:27.709Z, 1089.2638932, 823.0020817999999
1715408187725, 2024-05-11T06:16:27.725Z, 1084.4012318, 824.5334058000001
1715408187741, 2024-05-11T06:16:27.741Z, 1080.0843386000001, 823.8680882000001
1715408187757, 2024-05-11T06:16:27.757Z, 1079.2435151999998, 825.6525736
1715408187775, 2024-05-11T06:16:27.775Z, 1079.8717062, 825.6260156000001
1715408187789, 2024-05-11T06:16:27.789Z, 1083.3617598, 823.5994386
1715408187804, 2024-05-11T06:16:27.804Z, 1085.6401092, 821.6330198000002
1715408187820, 2024-05-11T06:16:27.820Z, 1088.324494, 817.8433852000001
1715408187836, 2024-05-11T06:16:27.836Z, 1093.9807282, 813.4098606
1715408187868, 2024-05-11T06:16:27.868Z, 1099.1411512, 808.4028496
1715408187883, 2024-05-11T06:16:27.883Z, 1100.5418066, 804.5214358
1715408187898, 2024-05-11T06:16:27.898Z, 1102.002935, 801.3649138000001
1715408187922, 2024-05-11T06:16:27.922Z, 1100.8627494, 797.910221
1715408187939, 2024-05-11T06:16:27.939Z, 1097.3128558, 795.5105676
1715408187960, 2024-05-11T06:16:27.960Z, 1093.5627098, 795.1524632
1715408187977, 2024-05-11T06:16:27.977Z, 1095.2305608000001, 794.6585078
1715408187992, 2024-05-11T06:16:27.992Z, 1096.2539228, 793.0660974
1715408188008, 2024-05-11T06:16:28.008Z, 1099.8829283999999, 794.259123
1715408188024, 2024-05-11T06:16:28.024Z, 1103.7795185999998, 793.2792483999999
1715408188040, 2024-05-11T06:16:28.040Z, 1106.5556698, 792.344966
1715408188087, 2024-05-11T06:16:28.087Z, 1104.7082586000001, 792.918255
1715408188103, 2024-05-11T06:16:28.103Z, 1103.9949763999998, 794.3262332
1715408188118, 2024-05-11T06:16:28.118Z, 1101.3875786, 796.0874974000001
1715408188133, 2024-05-11T06:16:28.133Z, 1101.9411204, 800.4682734
1715408188149, 2024-05-11T06:16:28.149Z, 1096.5406688, 801.999466
1715408188165, 2024-05-11T06:16:28.165Z, 1093.020463, 803.8816706
1715408188181, 2024-05-11T06:16:28.181Z, 1093.9276342, 804.280552
1715408188197, 2024-05-11T06:16:28.197Z, 1097.304867, 805.4249573999999
1715408188226, 2024-05-11T06:16:28.226Z, 1100.3026808, 810.207593
1715408188245, 2024-05-11T06:16:28.245Z, 1113.0783096, 819.6960732
1715408188260, 2024-05-11T06:16:28.260Z, 1125.0279114, 827.8951634000001
1715408188276, 2024-05-11T06:16:28.276Z, 1134.9618427999999, 839.7944846
1715408188292, 2024-05-11T06:16:28.292Z, 1141.7425196, 853.3152116000001
1715408188308, 2024-05-11T06:16:28.308Z, 1144.1046658, 863.3626867999999
1715408188324, 2024-05-11T06:16:28.324Z, 1143.2195457999999, 872.9305676
1715408188340, 2024-05-11T06:16:28.340Z, 1142.6098456, 883.3173817999999
1715408188371, 2024-05-11T06:16:28.371Z, 1138.8877198, 892.7299312000001
1715408188387, 2024-05-11T06:16:28.387Z, 1137.1807344000001, 897.2559778000001
1715408188449, 2024-05-11T06:16:28.449Z, 1158.7823256000001, 901.1555431999999
1715408188465, 2024-05-11T06:16:28.465Z, 1215.2082744, 906.6024290000001
1715408188481, 2024-05-11T06:16:28.481Z, 1276.0447046000002, 909.0618382
1715408188497, 2024-05-11T06:16:28.497Z, 1340.3210512, 906.4952406
1715408188524, 2024-05-11T06:16:28.524Z, 1403.8192637999998, 907.5461954
1715408188543, 2024-05-11T06:16:28.543Z, 1451.7784980000001, 905.0975684000001
1715408188559, 2024-05-11T06:16:28.559Z, 1466.4780157999999, 899.8328005999999
1715408188575, 2024-05-11T06:16:28.575Z, 1475.5136262, 898.2429046
1715408188590, 2024-05-11T06:16:28.590Z, 1481.085004, 899.4398270000002
1715408188606, 2024-05-11T06:16:28.606Z, 1483.405049, 902.0339953999999
1715408188622, 2024-05-11T06:16:28.622Z, 1478.4960826, 906.3922597999999
1715408188637, 2024-05-11T06:16:28.637Z, 1471.6284309999999, 909.8228978
1715408188652, 2024-05-11T06:16:28.652Z, 1463.1683944000001, 912.4616527999999
1715408188676, 2024-05-11T06:16:28.676Z, 1453.9155323999998, 914.8573622
1715408188690, 2024-05-11T06:16:28.690Z, 1447.1033168, 915.2727228