1715408204619, 2024-05-11T06:16:44.619Z, 214.084205, 409.191634
1715408204635, 2024-05-11T06:16:44.635Z, 213.952406, 403.52389800000003
1715408204650, 2024-05-11T06:16:44.650Z, 214.874626, 400.284876
1715408204665, 2024-05-11T06:16:44.665Z, 217.975131, 398.0505155
1715408204681, 2024-05-11T06:16:44.681Z, 220.7947666, 398.7025278
1715408204696, 2024-05-11T06:16:44.696Z, 225.2037594, 398.1052698
1715408204721, 2024-05-11T06:16:44.721Z, 229.0426362, 399.5064122
1715408204735, 2024-05-11T06:16:44.735Z, 230.6720872, 400.14312659999996
1715408204750, 2024-05-11T06:16:44.750Z, 230.52391279999998, 401.8354546
1715408204764, 2024-05-11T06:16:44.764Z, 229.52071719999998, 402.2999906
1715408204780, 2024-05-11T06:16:44.780Z, 226.67387799999997, 400.33942160000004
1715408204795, 2024-05-11T06:16:44.795Z, 226.6217512, 403.8016686
1715408204814, 2024-05-11T06:16:44.814Z, 229.01425640000002, 410.68214980000005
1715408204826, 2024-05-11T06:16:44.826Z, 229.2959476, 414.3280986
1715408204843, 2024-05-11T06:16:44.843Z, 227.2886082, 412.0483824
1715408204871, 2024-05-11T06:16:44.871Z, 227.20649360000002, 410.34725740000005
1715408204885, 2024-05-11T06:16:44.885Z, 225.9484512, 404.84875600000004
1715408204900, 2024-05-11T06:16:44.900Z, 226.0840732, 406.5045576
1715408204916, 2024-05-11T06:16:44.916Z, 228.1730108, 411.6657526
1715408204931, 2024-05-11T06:16:44.931Z, 230.9980728, 425.9052974
1715408204947, 2024-05-11T06:16:44.947Z, 233.24980639999998, 441.13168479999996
1715408204965, 2024-05-11T06:16:44.965Z, 233.92282140000003, 456.0400686
1715408204978, 2024-05-11T06:16:44.978Z, 231.56082859999998, 458.8814746
1715408204994, 2024-05-11T06:16:44.994Z, 229.0424462, 460.3551842
1715408205026, 2024-05-11T06:16:45.026Z, 228.2350512, 456.4379612000001
1715408205041, 2024-05-11T06:16:45.041Z, 231.8171218, 457.7698584000001
1715408205056, 2024-05-11T06:16:45.056Z, 235.929602, 461.89860719999996
1715408205072, 2024-05-11T06:16:45.072Z, 234.5082278, 467.222775
1715408205088, 2024-05-11T06:16:45.088Z, 221.8840932, 470.7769386
1715408205103, 2024-05-11T06:16:45.103Z, 210.23678180000002, 477.2085972
1715408205118, 2024-05-11T06:16:45.118Z, 192.46004, 481.4940342
1715408205133, 2024-05-11T06:16:45.133Z, 171.18047080000002, 480.40965399999993
1715408205149, 2024-05-11T06:16:45.149Z, 151.8798302, 480.09506279999994
1715408205173, 2024-05-11T06:16:45.173Z, 142.098408, 480.62348380000003
1715408205189, 2024-05-11T06:16:45.189Z, 130.9185966, 479.07905280000006
1715408205201, 2024-05-11T06:16:45.201Z, 122.51138879999999, 470.1507294
1715408205216, 2024-05-11T06:16:45.216Z, 117.796479, 462.52867260000005
1715408205231, 2024-05-11T06:16:45.231Z, 122.55872, 461.92422160000007
1715408205246, 2024-05-11T06:16:45.246Z, 132.7660198, 467.50986300000005
1715408205264, 2024-05-11T06:16:45.264Z, 134.93651119999998, 467.66248419999994
1715408205276, 2024-05-11T06:16:45.276Z, 138.5107968, 473.77565880000003
1715408205291, 2024-05-11T06:16:45.291Z, 140.8220978, 479.549374
1715408205323, 2024-05-11T06:16:45.323Z, 132.4299378, 472.8627264
1715408205339, 2024-05-11T06:16:45.339Z, 124.27342879999999, 461.8369914
1715408205355, 2024-05-11T06:16:45.355Z, 126.29101820000001, 458.7329524
1715408205370, 2024-05-11T06:16:45.370Z, 125.15671640000001, 452.954398
1715408205386, 2024-05-11T06:16:45.386Z, 125.97106579999999, 447.92642859999995
1715408205401, 2024-05-11T06:16:45.401Z, 134.7501932, 449.30812159999994
1715408205417, 2024-05-11T06:16:45.417Z, 155.53807980000002, 456.44030119999996
1715408205433, 2024-05-11T06:16:45.433Z, 173.6301528, 461.7394104
1715408205448, 2024-05-11T06:16:45.448Z, 196.8014366, 466.43133800000004
1715408205472, 2024-05-11T06:16:45.472Z, 219.67553859999998, 471.35970639999994
1715408205486, 2024-05-11T06:16:45.486Z, 239.8519726, 474.977141
1715408205501, 2024-05-11T06:16:45.501Z, 243.7159478, 470.5102174
1715408205516, 2024-05-11T06:16:45.516Z, 248.89751260000003, 466.87573199999997
1715408205531, 2024-05-11T06:16:45.531Z, 250.45141560000002, 466.5191776
1715408205557, 2024-05-11T06:16:45.557Z, 249.0317786, 464.47404500000005
1715408205573, 2024-05-11T06:16:45.573Z, 251.4986886, 467.61807260000006
1715408205588, 2024-05-11T06:16:45.588Z, 253.25486420000001, 470.7901766
1715408205604, 2024-05-11T06:16:45.604Z, 254.10752460000003, 472.7105434
1715408205622, 2024-05-11T06:16:45.622Z, 257.75555840000004, 474.300955
1715408205636, 2024-05-11T06:16:45.636Z, 262.57463859999996, 476.6180824
1715408205651, 2024-05-11T06:16:45.651Z, 272.206353, 472.6970526
1715408205666, 2024-05-11T06:16:45.666Z, 289.9440644, 469.72383
1715408205682, 2024-05-11T06:16:45.682Z, 310.48598219999997, 466.87545279999995
1715408205698, 2024-05-11T06:16:45.698Z, 331.92429200000004, 461.3696914
1715408205714, 2024-05-11T06:16:45.714Z, 354.7361818, 457.0081932
1715408205730, 2024-05-11T06:16:45.730Z, 368.9495498, 454.5439864
1715408205745, 2024-05-11T06:16:45.745Z, 377.261604, 453.62183459999994
1715408205772, 2024-05-11T06:16:45.772Z, 383.5555422, 453.20706499999994
1715408205786, 2024-05-11T06:16:45.786Z, 384.0478224, 453.039516
1715408205800, 2024-05-11T06:16:45.800Z, 384.29068079999996, 446.496618
1715408205819, 2024-05-11T06:16:45.819Z, 387.67471880000005, 439.20521880000007
1715408205839, 2024-05-11T06:16:45.839Z, 389.86138680000005, 431.7261176
1715408205855, 2024-05-11T06:16:45.855Z, 395.07505660000004, 434.8108332
1715408205870, 2024-05-11T06:16:45.870Z, 401.3788694, 439.0922286
1715408205885, 2024-05-11T06:16:45.885Z, 408.2620456, 449.4155026
1715408205900, 2024-05-11T06:16:45.900Z, 415.45269019999995, 466.34852220000005
1715408205923, 2024-05-11T06:16:45.923Z, 422.41961680000003, 481.5613248000001
1715408205939, 2024-05-11T06:16:45.939Z, 426.6691672, 487.9465384
1715408205964, 2024-05-11T06:16:45.964Z, 433.3112666, 490.4190178
1715408205980, 2024-05-11T06:16:45.980Z, 439.03572640000004, 496.79193460000005
1715408205996, 2024-05-11T06:16:45.996Z, 436.36030120000004, 498.3556758
1715408206011, 2024-05-11T06:16:46.011Z, 433.92268140000004, 502.59614980000003
1715408206027, 2024-05-11T06:16:46.027Z, 433.58891320000004, 501.8458366
1715408206042, 2024-05-11T06:16:46.042Z, 432.124161, 505.17590820000004
1715408206072, 2024-05-11T06:16:46.072Z, 435.24200600000006, 504.53944220000005
1715408206088, 2024-05-11T06:16:46.088Z, 442.52026000000006, 503.3493286
1715408206104, 2024-05-11T06:16:46.104Z, 451.0832832, 501.2511224
1715408206119, 2024-05-11T06:16:46.119Z, 455.46303800000004, 501.9621406
1715408206134, 2024-05-11T06:16:46.134Z, 460.73506719999995, 497.18214
1715408206151, 2024-05-11T06:16:46.151Z, 468.57594819999997, 485.0588614
1715408206166, 2024-05-11T06:16:46.166Z, 481.1328528, 475.9080836
1715408206181, 2024-05-11T06:16:46.181Z, 498.79233899999997, 468.32548180000003
1715408206197, 2024-05-11T06:16:46.197Z, 526.0192205999999, 460.223134
1715408206225, 2024-05-11T06:16:46.225Z, 599.6118624, 448.56318739999995
1715408206236, 2024-05-11T06:16:46.236Z, 677.1780794, 440.2548772
1715408206250, 2024-05-11T06:16:46.250Z, 777.4418969999999, 426.16858940000003
1715408206275, 2024-05-11T06:16:46.275Z, 898.4301247999999, 398.44889539999997
1715408206290, 2024-05-11T06:16:46.290Z, 1011.0237744000002, 370.2147406
1715408206305, 2024-05-11T06:16:46.305Z, 1077.3686886, 350.4768738
1715408206321, 2024-05-11T06:16:46.321Z, 1133.0219612, 331.91679439999996
1715408206337, 2024-05-11T06:16:46.337Z, 1161.3120282, 316.4290586
1715408206352, 2024-05-11T06:16:46.352Z, 1162.1940434, 311.6895148
1715408206375, 2024-05-11T06:16:46.375Z, 1162.1716988, 308.6601538
1715408206389, 2024-05-11T06:16:46.389Z, 1160.0447684000003, 305.1356872
1715408206404, 2024-05-11T06:16:46.404Z, 1160.7024196, 303.548277
1715408206420, 2024-05-11T06:16:46.420Z, 1162.0343992, 302.2360242
1715408206450, 2024-05-11T06:16:46.450Z, 1161.0959719999998, 300.2758426
1715408206464, 2024-05-11T06:16:46.464Z, 1161.8159064, 297.6777892
1715408206479, 2024-05-11T06:16:46.479Z, 1163.8042707999998, 294.802902
1715408206495, 2024-05-11T06:16:46.495Z, 1164.1105762, 293.1019892
1715408206524, 2024-05-11T06:16:46.524Z, 1165.3504245999998, 293.6927294
1715408206536, 2024-05-11T06:16:46.536Z, 1168.3329615999999, 298.4976976
1715408206552, 2024-05-11T06:16:46.552Z, 1169.9453374, 302.77574999999996
1715408206566, 2024-05-11T06:16:46.566Z, 1168.7251437999998, 307.9634488
1715408206581, 2024-05-11T06:16:46.581Z, 1166.7575292, 312.46049
1715408206596, 2024-05-11T06:16:46.596Z, 1164.3878992, 321.8885546
1715408206614, 2024-05-11T06:16:46.614Z, 1161.1625384, 341.5036756
1715408206627, 2024-05-11T06:16:46.627Z, 1158.8604424, 361.68072659999996
1715408206645, 2024-05-11T06:16:46.645Z, 1158.9377086, 380.28397920000003
1715408206672, 2024-05-11T06:16:46.672Z, 1159.761274, 399.186744
1715408206686, 2024-05-11T06:16:46.686Z, 1160.372391, 410.7087426
1715408206701, 2024-05-11T06:16:46.701Z, 1164.9468556, 408.84356220000006
1715408206716, 2024-05-11T06:16:46.716Z, 1169.3263242, 404.84147040000005
1715408206732, 2024-05-11T06:16:46.732Z, 1173.987632, 402.2102748
1715408206747, 2024-05-11T06:16:46.747Z, 1176.6309628000001, 401.0648044
1715408206764, 2024-05-11T06:16:46.764Z, 1179.6066134, 398.8728538
1715408206779, 2024-05-11T06:16:46.779Z, 1181.6197524000002, 398.6806304
1715408206795, 2024-05-11T06:16:46.795Z, 1185.8928642, 402.18065779999995
1715408206823, 2024-05-11T06:16:46.823Z, 1199.0236768, 404.1914594
1715408206837, 2024-05-11T06:16:46.837Z, 1216.6510366, 401.0016996
1715408206851, 2024-05-11T06:16:46.851Z, 1242.3843418, 388.5989252
1715408206867, 2024-05-11T06:16:46.867Z, 1268.767308, 373.98775839999996
1715408206897, 2024-05-11T06:16:46.897Z, 1302.5297884, 346.9780124
1715408206915, 2024-05-11T06:16:46.915Z, 1333.4386444, 316.1668628
1715408206936, 2024-05-11T06:16:46.937Z, 1362.2715598, 290.45178219999997
1715408206952, 2024-05-11T06:16:46.952Z, 1383.1396704, 274.73121619999995
1715408206976, 2024-05-11T06:16:46.976Z, 1402.306849, 257.9417072
1715408206987, 2024-05-11T06:16:46.987Z, 1412.6216946, 251.67927339999997
1715408207014, 2024-05-11T06:16:47.014Z, 1415.422086, 251.5716754
1715408207029, 2024-05-11T06:16:47.029Z, 1419.0716349999998, 246.27028179999996
1715408207045, 2024-05-11T06:16:47.045Z, 1426.0659119999998, 237.31806120000002
1715408207060, 2024-05-11T06:16:47.060Z, 1433.9342324, 232.33433619999997
1715408207076, 2024-05-11T06:16:47.076Z, 1440.143676, 226.620233
1715408207092, 2024-05-11T06:16:47.092Z, 1446.8553585999998, 220.54519259999998
1715408207123, 2024-05-11T06:16:47.123Z, 1453.6009476, 216.35404240000003
1715408207139, 2024-05-11T06:16:47.139Z, 1456.2158332, 215.3248228
1715408207155, 2024-05-11T06:16:47.155Z, 1457.5638494, 211.19665480000003
1715408207170, 2024-05-11T06:16:47.170Z, 1460.0670232, 206.1305282
1715408207185, 2024-05-11T06:16:47.185Z, 1462.0037896, 200.5410686
1715408207201, 2024-05-11T06:16:47.201Z, 1462.1509225999998, 198.18932479999998
1715408207217, 2024-05-11T06:16:47.217Z, 1461.6587432, 196.26402620000002
1715408207233, 2024-05-11T06:16:47.233Z, 1463.2898632000001, 194.25259440000002
1715408207248, 2024-05-11T06:16:47.248Z, 1484.5230924, 193.122163
1715408207272, 2024-05-11T06:16:47.272Z, 1510.2037472, 192.499979
1715408207286, 2024-05-11T06:16:47.286Z, 1535.1013806, 191.4807648
1715408207301, 2024-05-11T06:16:47.301Z, 1567.4448198, 191.32685199999997
1715408207319, 2024-05-11T06:16:47.319Z, 1598.9114898, 193.7257058
1715408207331, 2024-05-11T06:16:47.331Z, 1610.7509151999998, 196.8492318
1715408207346, 2024-05-11T06:16:47.346Z, 1619.8996224, 198.97553479999996
1715408207363, 2024-05-11T06:16:47.363Z, 1633.3866647999998, 197.92239019999997
1715408207376, 2024-05-11T06:16:47.376Z, 1646.9508913999998, 195.9643112
1715408207391, 2024-05-11T06:16:47.391Z, 1656.4209028, 192.8752164
1715408207422, 2024-05-11T06:16:47.422Z, 1665.9865447999996, 190.845853
1715408207437, 2024-05-11T06:16:47.437Z, 1676.8507006, 188.6940186
1715408207453, 2024-05-11T06:16:47.453Z, 1680.1016524, 188.25046500000002
1715408207469, 2024-05-11T06:16:47.469Z, 1675.8021776, 187.7522554
1715408207484, 2024-05-11T06:16:47.484Z, 1671.6514702, 186.6314478
1715408207499, 2024-05-11T06:16:47.499Z, 1667.5453264, 185.0966988
1715408207515, 2024-05-11T06:16:47.515Z, 1659.2471854, 185.31382219999998
1715408207531, 2024-05-11T06:16:47.531Z, 1651.8605476, 187.08355179999998
1715408207547, 2024-05-11T06:16:47.547Z, 1642.245467, 189.395946
1715408207573, 2024-05-11T06:16:47.573Z, 1627.0306896, 191.413712
1715408207587, 2024-05-11T06:16:47.587Z, 1602.5557388000002, 193.44581739999998
1715408207608, 2024-05-11T06:16:47.608Z, 1576.7493172, 198.04400880000003
1715408207624, 2024-05-11T06:16:47.624Z, 1547.6641759999998, 201.73561260000002
1715408207640, 2024-05-11T06:16:47.640Z, 1521.3603200000002, 203.777073
1715408207670, 2024-05-11T06:16:47.670Z, 1503.1800686, 206.75176619999996
1715408207686, 2024-05-11T06:16:47.686Z, 1494.4017615999999, 209.5933132
1715408207702, 2024-05-11T06:16:47.702Z, 1486.8052514, 203.82442120000002
1715408207725, 2024-05-11T06:16:47.725Z, 1485.727427, 199.4741206
1715408207737, 2024-05-11T06:16:47.737Z, 1484.8043476, 195.6816468
1715408207754, 2024-05-11T06:16:47.754Z, 1483.9722854, 190.4820434
1715408207766, 2024-05-11T06:16:47.766Z, 1483.1025424000004, 184.569683
1715408207781, 2024-05-11T06:16:47.781Z, 1482.2035048000002, 188.206994
1715408207796, 2024-05-11T06:16:47.796Z, 1480.9273021999998, 189.9810966
1715408207814, 2024-05-11T06:16:47.814Z, 1480.4419576, 191.738262
1715408207829, 2024-05-11T06:16:47.829Z, 1479.4265722, 198.0121124
1715408207844, 2024-05-11T06:16:47.844Z, 1479.0473702, 202.3403224
1715408207872, 2024-05-11T06:16:47.872Z, 1479.2913318, 193.8404442
1715408207886, 2024-05-11T06:16:47.886Z, 1479.052462, 184.6520916
1715408207904, 2024-05-11T06:16:47.904Z, 1478.4437398, 176.5283022
1715408207917, 2024-05-11T06:16:47.917Z, 1478.5428378, 167.0992458
1715408207931, 2024-05-11T06:16:47.931Z, 1476.5287431999998, 160.6147706
1715408207954, 2024-05-11T06:16:47.954Z, 1467.0765334, 160.4878536
1715408207970, 2024-05-11T06:16:47.970Z, 1459.3478077999998, 164.17552799999999
1715408207985, 2024-05-11T06:16:47.985Z, 1450.7500384, 167.63849580000002
1715408208001, 2024-05-11T06:16:48.001Z, 1441.241657, 171.7517836
1715408208023, 2024-05-11T06:16:48.023Z, 1431.3744694000002, 176.20949739999998
1715408208036, 2024-05-11T06:16:48.036Z, 1430.0822498, 190.74156920000001
1715408208051, 2024-05-11T06:16:48.051Z, 1427.6610386, 212.9098174
1715408208079, 2024-05-11T06:16:48.079Z, 1422.8554884, 232.4937214
1715408208094, 2024-05-11T06:16:48.094Z, 1419.1226457999999, 252.54164720000003
1715408208110, 2024-05-11T06:16:48.110Z, 1416.651111, 272.5448168
1715408208126, 2024-05-11T06:16:48.126Z, 1413.027638, 281.7228902
1715408208141, 2024-05-11T06:16:48.141Z, 1409.1396531999999, 282.7078806
1715408208173, 2024-05-11T06:16:48.173Z, 1409.3008754, 295.6301042
1715408208187, 2024-05-11T06:16:48.187Z, 1409.950542, 304.89848739999996
1715408208204, 2024-05-11T06:16:48.204Z, 1413.0645534, 312.8363816
1715408208219, 2024-05-11T06:16:48.219Z, 1417.1927392000002, 324.2893114
1715408208234, 2024-05-11T06:16:48.234Z, 1421.0141793999999, 334.2748534
1715408208250, 2024-05-11T06:16:48.250Z, 1422.6417709999998, 335.7555486
1715408208265, 2024-05-11T06:16:48.265Z, 1424.2358462, 337.9296554
1715408208281, 2024-05-11T06:16:48.281Z, 1426.780215, 339.92506779999997
1715408208296, 2024-05-11T06:16:48.296Z, 1433.4181875999998, 339.6494086
1715408208323, 2024-05-11T06:16:48.323Z, 1446.7682776000001, 336.7471986
1715408208339, 2024-05-11T06:16:48.339Z, 1465.9123577999999, 332.9884542
1715408208357, 2024-05-11T06:16:48.357Z, 1488.0810172, 328.5164956
1715408208373, 2024-05-11T06:16:48.373Z, 1508.4419646000001, 325.59921019999996
1715408208388, 2024-05-11T06:16:48.388Z, 1524.9670850000002, 324.41804999999994
1715408208404, 2024-05-11T06:16:48.404Z, 1535.2806322000001, 325.1621676
1715408208421, 2024-05-11T06:16:48.421Z, 1541.7046936000002, 324.4728762
1715408208435, 2024-05-11T06:16:48.435Z, 1544.2314968, 324.62685
1715408208451, 2024-05-11T06:16:48.451Z, 1545.0149954, 324.7789212
1715408208472, 2024-05-11T06:16:48.472Z, 1547.3706294, 324.7836544
1715408208489, 2024-05-11T06:16:48.489Z, 1550.4381686000002, 324.9440684
1715408208504, 2024-05-11T06:16:48.504Z, 1555.2607156, 324.5034892
1715408208517, 2024-05-11T06:16:48.517Z, 1559.5443728, 322.051442
1715408208531, 2024-05-11T06:16:48.531Z, 1564.9173304, 322.06301160000004
1715408208559, 2024-05-11T06:16:48.559Z, 1564.7015452, 320.4007778
1715408208574, 2024-05-11T06:16:48.574Z, 1561.5814652000001, 320.7691706
1715408208590, 2024-05-11T06:16:48.590Z, 1555.4640476, 322.96767339999997
1715408208605, 2024-05-11T06:16:48.605Z, 1546.4101436, 324.9933942
1715408208627, 2024-05-11T06:16:48.627Z, 1537.9033308, 327.7117658
1715408208652, 2024-05-11T06:16:48.652Z, 1534.3535858, 332.837787
1715408208669, 2024-05-11T06:16:48.669Z, 1532.4455037999999, 334.1402278
1715408208684, 2024-05-11T06:16:48.684Z, 1533.4640292, 330.96567079999994
1715408208699, 2024-05-11T06:16:48.699Z, 1538.1224328, 329.2484522
1715408208715, 2024-05-11T06:16:48.715Z, 1541.0637928, 324.8242726
1715408208730, 2024-05-11T06:16:48.730Z, 1542.1176436, 320.4238818
1715408208745, 2024-05-11T06:16:48.745Z, 1543.2585772, 317.5740476
1715408208772, 2024-05-11T06:16:48.772Z, 1539.6004426000002, 322.846454
1715408208786, 2024-05-11T06:16:48.786Z, 1535.4497714000001, 332.71291140000005
1715408208802, 2024-05-11T06:16:48.802Z, 1532.228481, 340.7470876
1715408208816, 2024-05-11T06:16:48.816Z, 1529.0060816, 347.524446
1715408208831, 2024-05-11T06:16:48.831Z, 1525.1250427999998, 354.73549199999997
1715408208846, 2024-05-11T06:16:48.846Z, 1516.5467244, 360.18399519999997
1715408208859, 2024-05-11T06:16:48.859Z, 1492.3462910000003, 365.6761908
1715408208874, 2024-05-11T06:16:48.874Z, 1457.3026788000002, 376.2187516
1715408208889, 2024-05-11T06:16:48.889Z, 1416.1059224, 390.01203760000004
1715408208920, 2024-05-11T06:16:48.920Z, 1358.9330286, 409.56726119999996
1715408208939, 2024-05-11T06:16:48.939Z, 1309.14296, 427.0071814
1715408208949, 2024-05-11T06:16:48.949Z, 1275.9877806, 439.6566618
1715408208968, 2024-05-11T06:16:48.968Z, 1253.6078752, 447.62472879999996
1715408208984, 2024-05-11T06:16:48.984Z, 1238.4168682, 453.0820307999999
1715408208994, 2024-05-11T06:16:48.994Z, 1245.761626, 452.5278118
1715408209010, 2024-05-11T06:16:49.010Z, 1252.3133382, 451.455321
1715408209024, 2024-05-11T06:16:49.024Z, 1257.8917322, 451.49462079999995
1715408209040, 2024-05-11T06:16:49.040Z, 1258.9876984, 451.97031239999995
1715408209071, 2024-05-11T06:16:49.071Z, 1263.7298642, 448.06452580000007
1715408209085, 2024-05-11T06:16:49.085Z, 1265.5577832000001, 441.6007524
1715408209100, 2024-05-11T06:16:49.100Z, 1297.1050238, 422.5739504
1715408209115, 2024-05-11T06:16:49.115Z, 1335.4744504, 400.38374519999996
1715408209132, 2024-05-11T06:16:49.132Z, 1381.5752539999999, 377.32797960000005
1715408209147, 2024-05-11T06:16:49.147Z, 1425.0043242, 358.51528320000006
1715408209164, 2024-05-11T06:16:49.164Z, 1468.602421, 341.40573340000003
1715408209178, 2024-05-11T06:16:49.178Z, 1483.9331441999998, 338.4733232
1715408209194, 2024-05-11T06:16:49.194Z, 1495.321323, 338.9909442
1715408209220, 2024-05-11T06:16:49.220Z, 1502.8290917999998, 340.6905114
1715408209235, 2024-05-11T06:16:49.235Z, 1509.4010708, 341.102354
1715408209250, 2024-05-11T06:16:49.250Z, 1513.1016868000002, 341.77637580000004
1715408209265, 2024-05-11T06:16:49.265Z, 1515.8509598, 341.6978204
1715408209279, 2024-05-11T06:16:49.279Z, 1515.6907343999997, 341.05261200000007
1715408209294, 2024-05-11T06:16:49.294Z, 1517.333468, 340.2016468
1715408209309, 2024-05-11T06:16:49.309Z, 1520.1243504, 340.6014052
1715408209324, 2024-05-11T06:16:49.324Z, 1522.6832762, 345.5875482
1715408209340, 2024-05-11T06:16:49.340Z, 1528.3180602, 351.0015906
1715408209371, 2024-05-11T06:16:49.371Z, 1534.8122071999999, 353.81235239999995
1715408209384, 2024-05-11T06:16:49.384Z, 1539.9288756, 356.25769840000004
1715408209399, 2024-05-11T06:16:49.399Z, 1544.411075, 358.4386608
1715408209419, 2024-05-11T06:16:49.419Z, 1552.0252618, 351.58015320000004
1715408209435, 2024-05-11T06:16:49.435Z, 1557.0723922000002, 340.16804979999995
1715408209449, 2024-05-11T06:16:49.449Z, 1563.5041504, 330.16478020000005
1715408209464, 2024-05-11T06:16:49.464Z, 1571.2470804, 320.661972
1715408209479, 2024-05-11T06:16:49.479Z, 1579.7782505999999, 312.71651679999997
1715408209497, 2024-05-11T06:16:49.497Z, 1585.0380896, 309.08632140000003
1715408209525, 2024-05-11T06:16:49.525Z, 1589.8150885999999, 310.6747982
1715408209539, 2024-05-11T06:16:49.539Z, 1592.1883224, 314.71197920000003
1715408209554, 2024-05-11T06:16:49.554Z, 1592.9629946, 318.3912772
1715408209569, 2024-05-11T06:16:49.569Z, 1587.8282242, 322.98664240000005
1715408209597, 2024-05-11T06:16:49.597Z, 1583.3971569999999, 328.12072980000005
1715408209613, 2024-05-11T06:16:49.613Z, 1578.6103808, 332.0943502
1715408209628, 2024-05-11T06:16:49.628Z, 1564.9066404, 336.55843020000003
1715408209644, 2024-05-11T06:16:49.644Z, 1517.1636511999998, 346.71941799999996
1715408209670, 2024-05-11T06:16:49.670Z, 1466.8570424000002, 358.4168868
1715408209685, 2024-05-11T06:16:49.685Z, 1413.3142554, 372.5606738
1715408209700, 2024-05-11T06:16:49.700Z, 1361.046355, 386.08027039999996
1715408209714, 2024-05-11T06:16:49.714Z, 1318.4694623999999, 398.08309599999995
1715408209730, 2024-05-11T06:16:49.730Z, 1307.979745, 406.45899399999996
1715408209745, 2024-05-11T06:16:49.745Z, 1302.5943956, 411.52369259999995
1715408209764, 2024-05-11T06:16:49.764Z, 1298.9058996, 414.2835306
1715408209774, 2024-05-11T06:16:49.774Z, 1293.7425546, 418.0217626
1715408209790, 2024-05-11T06:16:49.790Z, 1290.1210732000002, 419.1849932
1715408209822, 2024-05-11T06:16:49.822Z, 1290.172651, 417.1955296
1715408209835, 2024-05-11T06:16:49.835Z, 1290.3460552000001, 416.84854099999995
1715408209850, 2024-05-11T06:16:49.850Z, 1295.580449, 411.69933499999996
1715408209864, 2024-05-11T06:16:49.864Z, 1300.31066, 407.08176779999997
1715408209884, 2024-05-11T06:16:49.884Z, 1303.922105, 404.67842140000005
1715408209899, 2024-05-11T06:16:49.899Z, 1305.8999784, 404.3104422
1715408209923, 2024-05-11T06:16:49.923Z, 1306.554895, 404.7310716
1715408209938, 2024-05-11T06:16:49.938Z, 1303.1798880000001, 409.58213800000004
1715408209953, 2024-05-11T06:16:49.953Z, 1301.969396, 413.3411434000001
1715408209975, 2024-05-11T06:16:49.975Z, 1299.6089398000001, 415.57920220000005
1715408209987, 2024-05-11T06:16:49.987Z, 1297.0014916, 416.9269518
1715408210015, 2024-05-11T06:16:50.015Z, 1297.0091686, 412.6292942
1715408210030, 2024-05-11T06:16:50.030Z, 1294.177661, 407.10720200000003
1715408210048, 2024-05-11T06:16:50.048Z, 1279.3737047999998, 405.6027962
1715408210062, 2024-05-11T06:16:50.062Z, 1264.7787727999998, 405.43476560000005
1715408210078, 2024-05-11T06:16:50.078Z, 1246.6574732, 406.110662
1715408210093, 2024-05-11T06:16:50.093Z, 1222.0223431999998, 414.5888956
1715408210124, 2024-05-11T06:16:50.124Z, 1198.2452011999999, 422.1638148
1715408210139, 2024-05-11T06:16:50.139Z, 1184.9249996, 425.0135926
1715408210156, 2024-05-11T06:16:50.156Z, 1173.2754458, 429.2508394
1715408210170, 2024-05-11T06:16:50.170Z, 1165.4102062, 432.60712219999994
1715408210186, 2024-05-11T06:16:50.186Z, 1165.1513624, 429.79907560000004
1715408210202, 2024-05-11T06:16:50.202Z, 1167.1395816, 429.32599740000006
1715408210217, 2024-05-11T06:16:50.217Z, 1170.4620415999998, 431.46373140000003
1715408210233, 2024-05-11T06:16:50.233Z, 1171.5491806, 431.38923780000005
1715408210248, 2024-05-11T06:16:50.248Z, 1169.240777, 431.506227
1715408210273, 2024-05-11T06:16:50.273Z, 1157.4915634000001, 431.6696072
1715408210288, 2024-05-11T06:16:50.288Z, 1146.3854644, 432.1255066
1715408210318, 2024-05-11T06:16:50.318Z, 1134.3627786000002, 431.084592
1715408210332, 2024-05-11T06:16:50.332Z, 1122.035668, 430.2551856
1715408210348, 2024-05-11T06:16:50.348Z, 1113.2728796000001, 429.84712840000003
1715408210364, 2024-05-11T06:16:50.364Z, 1115.2477463999999, 431.038378
1715408210378, 2024-05-11T06:16:50.378Z, 1119.3115856, 430.3245994
1715408210395, 2024-05-11T06:16:50.395Z, 1123.5293004, 426.92533779999997
1715408210425, 2024-05-11T06:16:50.425Z, 1128.7691084000003, 424.16399520000004
1715408210438, 2024-05-11T06:16:50.438Z, 1132.2423248, 422.741752
1715408210453, 2024-05-11T06:16:50.453Z, 1133.1914586, 419.18029160000003
1715408210468, 2024-05-11T06:16:50.468Z, 1130.0672688, 416.9118074
1715408210498, 2024-05-11T06:16:50.498Z, 1127.6056648, 419.1013452
1715408210512, 2024-05-11T06:16:50.512Z, 1125.409736, 423.2158022
1715408210528, 2024-05-11T06:16:50.528Z, 1123.3334866, 424.39689200000004
1715408210543, 2024-05-11T06:16:50.543Z, 1122.8105653999999, 426.29034679999995
1715408210573, 2024-05-11T06:16:50.573Z, 1123.863596, 428.8480426
1715408210588, 2024-05-11T06:16:50.588Z, 1123.9676940000002, 432.3078882
1715408210603, 2024-05-11T06:16:50.603Z, 1123.6586968, 433.7747544
1715408210617, 2024-05-11T06:16:50.617Z, 1122.6613544, 435.7202652
1715408210633, 2024-05-11T06:16:50.633Z, 1121.6144704, 434.7428868
1715408210648, 2024-05-11T06:16:50.648Z, 1120.1267481999998, 434.20014060000005
1715408210664, 2024-05-11T06:16:50.664Z, 1118.6020039999999, 431.05848619999995
1715408210678, 2024-05-11T06:16:50.678Z, 1116.9263704, 427.0844848
1715408210693, 2024-05-11T06:16:50.693Z, 1117.2620258, 424.0212302
1715408210724, 2024-05-11T06:16:50.724Z, 1115.4443715999998, 427.72287400000005
1715408210744, 2024-05-11T06:16:50.744Z, 1114.8542224, 432.83483640000003
1715408210759, 2024-05-11T06:16:50.759Z, 1115.0472406000001, 440.6422058
1715408210776, 2024-05-11T06:16:50.776Z, 1118.1721766, 448.40686100000005
1715408210792, 2024-05-11T06:16:50.792Z, 1122.6238868, 455.58209999999997
1715408210807, 2024-05-11T06:16:50.807Z, 1138.8090026000002, 459.60444459999997
1715408210823, 2024-05-11T06:16:50.823Z, 1165.2637448, 459.6276548000001
1715408210838, 2024-05-11T06:16:50.838Z, 1190.8168444, 456.5203636
1715408210853, 2024-05-11T06:16:50.853Z, 1220.433345, 453.43796440000006
1715408210870, 2024-05-11T06:16:50.870Z, 1252.2498018, 455.63030820000006
1715408210884, 2024-05-11T06:16:50.884Z, 1273.5142404000003, 457.74332319999996
1715408210900, 2024-05-11T06:16:50.900Z, 1284.1114084, 461.2797494
1715408210916, 2024-05-11T06:16:50.916Z, 1295.6645518, 464.0771
1715408210932, 2024-05-11T06:16:50.932Z, 1301.134725, 468.37270900000004
1715408210947, 2024-05-11T06:16:50.947Z, 1304.6086902, 467.06742859999997
1715408210979, 2024-05-11T06:16:50.979Z, 1308.1392838, 463.95432220000004
1715408210994, 2024-05-11T06:16:50.994Z, 1312.1915794000001, 460.99872880000004
1715408211020, 2024-05-11T06:16:51.020Z, 1316.9679638, 458.9376807999999
1715408211034, 2024-05-11T06:16:51.034Z, 1321.3598729999999, 455.8593278
1715408211050, 2024-05-11T06:16:51.050Z, 1323.3291571999998, 451.35789079999995
1715408211064, 2024-05-11T06:16:51.064Z, 1325.5909109999998, 449.02301539999996
1715408211084, 2024-05-11T06:16:51.084Z, 1326.4086978, 446.73327580000006
1715408211099, 2024-05-11T06:16:51.099Z, 1325.3781216, 444.5060346
1715408211118, 2024-05-11T06:16:51.118Z, 1323.9205008000001, 443.06925520000004
1715408211135, 2024-05-11T06:16:51.135Z, 1322.9745719999999, 446.443868
1715408211150, 2024-05-11T06:16:51.150Z, 1320.7335194000002, 451.32981580000006
1715408211171, 2024-05-11T06:16:51.171Z, 1315.9331758, 460.5926684
1715408211184, 2024-05-11T06:16:51.184Z, 1310.2949056000002, 471.1664554
1715408211203, 2024-05-11T06:16:51.203Z, 1302.6796778, 482.9772354
1715408211227, 2024-05-11T06:16:51.227Z, 1293.4327904000002, 490.8205916
1715408211243, 2024-05-11T06:16:51.243Z, 1284.2669852000001, 496.29077720000004
1715408211258, 2024-05-11T06:16:51.258Z, 1279.7306750000002, 497.8730036
1715408211274, 2024-05-11T06:16:51.274Z, 1276.5873394, 496.80656659999994
1715408211290, 2024-05-11T06:16:51.290Z, 1278.6734438, 492.92067280000003
1715408211321, 2024-05-11T06:16:51.321Z, 1281.8209272, 494.6059932
1715408211352, 2024-05-11T06:16:51.352Z, 1282.7474666, 499.83730299999996
1715408211367, 2024-05-11T06:16:51.367Z, 1283.1194867999998, 505.9095628
1715408211382, 2024-05-11T06:16:51.382Z, 1284.9380144, 512.0856775999999
1715408211398, 2024-05-11T06:16:51.398Z, 1284.7878349999999, 516.3488738
1715408211415, 2024-05-11T06:16:51.415Z, 1284.3385852000001, 519.2497178
1715408211429, 2024-05-11T06:16:51.430Z, 1288.113942, 518.3727001999999
1715408211445, 2024-05-11T06:16:51.445Z, 1292.4238265999998, 516.1595594
1715408211470, 2024-05-11T06:16:51.470Z, 1291.5644333999999, 518.1562436
1715408211485, 2024-05-11T06:16:51.485Z, 1286.8023534, 522.8703984
1715408211499, 2024-05-11T06:16:51.499Z, 1282.9032448, 524.5839765999999
1715408211530, 2024-05-11T06:16:51.530Z, 1278.1752092000002, 528.2182098000001
1715408211544, 2024-05-11T06:16:51.544Z, 1273.4997148, 534.6788944
1715408211563, 2024-05-11T06:16:51.563Z, 1271.4285358000002, 536.8257318
1715408211585, 2024-05-11T06:16:51.585Z, 1270.8416734, 537.6764857999999
1715408211600, 2024-05-11T06:16:51.600Z, 1251.831381, 534.8428202
1715408211621, 2024-05-11T06:16:51.621Z, 1225.4647149999998, 536.6734908000001
1715408211639, 2024-05-11T06:16:51.639Z, 1200.2016016, 541.0784514
1715408211650, 2024-05-11T06:16:51.650Z, 1177.1357614, 543.4805656
1715408211664, 2024-05-11T06:16:51.664Z, 1155.0910059999999, 547.3053602
1715408211680, 2024-05-11T06:16:51.680Z, 1152.0727736000001, 557.1012162
1715408211694, 2024-05-11T06:16:51.694Z, 1154.2437516, 557.8096808
1715408211710, 2024-05-11T06:16:51.710Z, 1152.7831268000002, 553.9744988
1715408211725, 2024-05-11T06:16:51.725Z, 1145.7880666, 553.8162632000001
1715408211770, 2024-05-11T06:16:51.770Z, 1139.1234796, 558.408119
1715408211784, 2024-05-11T06:16:51.784Z, 1131.3483266, 559.2161452
1715408211799, 2024-05-11T06:16:51.799Z, 1124.0131437999999, 563.2198716
1715408211814, 2024-05-11T06:16:51.814Z, 1114.816539, 565.2930345999999
1715408211829, 2024-05-11T06:16:51.829Z, 1110.2520636, 566.7857686
1715408211844, 2024-05-11T06:16:51.844Z, 1105.2999396, 564.0825219999999
1715408211859, 2024-05-11T06:16:51.859Z, 1102.44041, 562.6407412000001
1715408211874, 2024-05-11T06:16:51.874Z, 1101.3185576, 561.9150004
1715408211889, 2024-05-11T06:16:51.889Z, 1102.3923802, 562.2522200000001
1715408211935, 2024-05-11T06:16:51.935Z, 1104.4355572, 564.6176454
1715408211950, 2024-05-11T06:16:51.950Z, 1106.8606726, 567.8443354
1715408211964, 2024-05-11T06:16:51.964Z, 1107.7453083999999, 571.3319668
1715408211979, 2024-05-11T06:16:51.979Z, 1105.8154884, 572.8256036
1715408211999, 2024-05-11T06:16:51.999Z, 1103.3316339999997, 573.2763836
1715408212012, 2024-05-11T06:16:52.012Z, 1100.8425126, 570.6776511999999
1715408212037, 2024-05-11T06:16:52.037Z, 1099.0730924, 566.0951182
1715408212052, 2024-05-11T06:16:52.052Z, 1096.6714326, 561.5382233999999
1715408212070, 2024-05-11T06:16:52.070Z, 1097.1506318, 558.9274097999999
1715408212086, 2024-05-11T06:16:52.086Z, 1099.9320852, 559.4454054
1715408212099, 2024-05-11T06:16:52.099Z, 1102.129679, 562.4180336000001
1715408212115, 2024-05-11T06:16:52.115Z, 1110.0225971999998, 586.0713058
1715408212131, 2024-05-11T06:16:52.131Z, 1117.6385817999999, 611.8183846
1715408212146, 2024-05-11T06:16:52.146Z, 1124.9561426, 641.1548712
1715408212162, 2024-05-11T06:16:52.162Z, 1130.4581146, 673.9368396000001
1715408212178, 2024-05-11T06:16:52.178Z, 1135.5240116, 705.3204212
1715408212193, 2024-05-11T06:16:52.193Z, 1136.837971, 721.7382242
1715408212220, 2024-05-11T06:16:52.220Z, 1138.5495822, 733.9626949999999
1715408212234, 2024-05-11T06:16:52.234Z, 1138.3581032, 742.1015144
1715408212256, 2024-05-11T06:16:52.256Z, 1139.3418838, 745.3845732
1715408212272, 2024-05-11T06:16:52.272Z, 1141.1474296000001, 748.8403344
1715408212303, 2024-05-11T06:16:52.303Z, 1140.6602428, 746.6066573999999
1715408212318, 2024-05-11T06:16:52.318Z, 1144.2869322000001, 750.6744481999999
1715408212334, 2024-05-11T06:16:52.334Z, 1148.6213586000001, 755.0011124
1715408212350, 2024-05-11T06:16:52.350Z, 1152.9425506000002, 757.9201542000001
1715408212370, 2024-05-11T06:16:52.370Z, 1158.6718336000001, 760.6976246
1715408212385, 2024-05-11T06:16:52.385Z, 1164.6382406, 763.0089928
1715408212399, 2024-05-11T06:16:52.399Z, 1176.1815236, 762.8951258
1715408212419, 2024-05-11T06:16:52.419Z, 1260.2043758, 774.7528524000002
1715408212443, 2024-05-11T06:16:52.443Z, 1359.1902562, 794.2008738000002
1715408212459, 2024-05-11T06:16:52.459Z, 1458.1362268, 813.5542594000001
1715408212475, 2024-05-11T06:16:52.475Z, 1559.5025096000002, 834.0840874000002
1715408212490, 2024-05-11T06:16:52.490Z, 1653.2474804, 853.1538896
1715408212506, 2024-05-11T06:16:52.506Z, 1680.0088824000002, 859.1653816
1715408212527, 2024-05-11T06:16:52.527Z, 1701.1502819999998, 861.1967620000001
1715408212540, 2024-05-11T06:16:52.540Z, 1749.9402052, 869.6304459999999
1715408212851, 2024-05-11T06:16:52.851Z, 1640.6298682000001, 835.7242008000001
1715408212898, 2024-05-11T06:16:52.898Z, 1516.035676, 807.6924581999999
1715408212944, 2024-05-11T06:16:52.944Z, 1388.7987117999999, 782.7067973999999
1715408212992, 2024-05-11T06:16:52.992Z, 1259.685704, 756.9755678
1715408213007, 2024-05-11T06:16:53.007Z, 1103.5423748, 724.5310721999999
1715408213023, 2024-05-11T06:16:53.023Z, 1105.772251, 731.7329693999999
1715408213038, 2024-05-11T06:16:53.038Z, 1121.9728322, 733.0885192
1715408213053, 2024-05-11T06:16:53.053Z, 1136.9325168, 731.7899374000001
1715408213069, 2024-05-11T06:16:53.069Z, 1144.7451612, 734.537052
1715408213085, 2024-05-11T06:16:53.085Z, 1149.7780572, 738.9978674000001
1715408213125, 2024-05-11T06:16:53.125Z, 1152.073833, 747.0101922
1715408213181, 2024-05-11T06:16:53.181Z, 1155.7826135999999, 757.0680586
1715408213198, 2024-05-11T06:16:53.198Z, 1157.8897976, 770.7087128000001
1715408213213, 2024-05-11T06:16:53.213Z, 1156.8459748, 778.4021722
1715408213229, 2024-05-11T06:16:53.229Z, 1157.1512016000001, 784.332236
1715408213245, 2024-05-11T06:16:53.245Z, 1154.8455296, 789.9794414
1715408213272, 2024-05-11T06:16:53.272Z, 1154.4747208, 789.4177438
1715408213286, 2024-05-11T06:16:53.286Z, 1155.4972458, 784.4865464000001
1715408213301, 2024-05-11T06:16:53.301Z, 1158.3934432, 776.9905906
1715408213316, 2024-05-11T06:16:53.316Z, 1160.0360262000002, 771.8300277999999
1715408213331, 2024-05-11T06:16:53.331Z, 1164.6259764000001, 767.1356568
1715408213346, 2024-05-11T06:16:53.346Z, 1166.16498, 764.3599942
1715408213361, 2024-05-11T06:16:53.361Z, 1166.9972144, 763.1821172
1715408213379, 2024-05-11T06:16:53.379Z, 1168.3112026000001, 761.1757276
1715408213400, 2024-05-11T06:16:53.400Z, 1168.2903832, 756.8976031999999
1715408213423, 2024-05-11T06:16:53.423Z, 1164.6150058, 749.213773
1715408213440, 2024-05-11T06:16:53.440Z, 1161.21848, 744.2558462
1715408213453, 2024-05-11T06:16:53.453Z, 1156.0373258, 737.5391607999999
1715408213469, 2024-05-11T06:16:53.469Z, 1149.9568636000001, 736.2693391999999
1715408213482, 2024-05-11T06:16:53.482Z, 1141.5417831999998, 738.4633598
1715408213501, 2024-05-11T06:16:53.501Z, 1134.6930702, 744.0226135999999
1715408213514, 2024-05-11T06:16:53.514Z, 1127.0102081999999, 748.7913476
1715408213541, 2024-05-11T06:16:53.541Z, 1121.0138052, 755.2598
1715408213574, 2024-05-11T06:16:53.574Z, 1114.0548702, 759.5697864
1715408213588, 2024-05-11T06:16:53.588Z, 1110.1290122, 758.3966226
1715408213604, 2024-05-11T06:16:53.604Z, 1107.1101706, 753.9576126
1715408213620, 2024-05-11T06:16:53.620Z, 1105.7812856, 750.6425231999999
1715408213652, 2024-05-11T06:16:53.652Z, 1109.4594235999998, 748.5917681999999
1715408213667, 2024-05-11T06:16:53.667Z, 1114.1992108, 748.0203127999999
1715408213683, 2024-05-11T06:16:53.683Z, 1119.2491786, 750.0398078000001
1715408213699, 2024-05-11T06:16:53.699Z, 1125.5700056, 762.4594124
1715408213723, 2024-05-11T06:16:53.723Z, 1129.079107, 774.3582414
1715408213736, 2024-05-11T06:16:53.736Z, 1128.5070124000001, 784.8664718
1715408213752, 2024-05-11T06:16:53.752Z, 1129.7857056, 794.5906838000001
1715408213766, 2024-05-11T06:16:53.766Z, 1135.2020642, 804.298036
1715408213784, 2024-05-11T06:16:53.784Z, 1138.4182367999997, 805.853148
1715408213796, 2024-05-11T06:16:53.796Z, 1142.846449, 806.2538066
1715408213813, 2024-05-11T06:16:53.813Z, 1145.7506005999999, 805.2742661999999
1715408213829, 2024-05-11T06:16:53.829Z, 1145.9621565999998, 803.0433639999999
1715408213841, 2024-05-11T06:16:53.841Z, 1139.7328462, 799.4520166
1715408213873, 2024-05-11T06:16:53.873Z, 1133.1479024, 794.7401916
1715408213887, 2024-05-11T06:16:53.887Z, 1128.3730314, 788.0976708
1715408213917, 2024-05-11T06:16:53.917Z, 1123.484425, 782.8440171999999
1715408213932, 2024-05-11T06:16:53.932Z, 1119.2137584, 776.19308
1715408213948, 2024-05-11T06:16:53.948Z, 1117.9100910000002, 771.3349634
1715408213963, 2024-05-11T06:16:53.963Z, 1119.7744492, 769.2213583999999
1715408213979, 2024-05-11T06:16:53.979Z, 1120.1596166, 770.8509343999999
1715408213994, 2024-05-11T06:16:53.994Z, 1121.1845238, 773.6488176
1715408214021, 2024-05-11T06:16:54.021Z, 1121.765947, 780.0387188000001
1715408214034, 2024-05-11T06:16:54.034Z, 1120.3572934, 783.6580124000001
1715408214049, 2024-05-11T06:16:54.049Z, 1117.6197754, 786.7916132
1715408214064, 2024-05-11T06:16:54.064Z, 1114.5907044, 788.8357496000001
1715408214095, 2024-05-11T06:16:54.095Z, 1111.64068, 790.1230398
1715408214109, 2024-05-11T06:16:54.109Z, 1111.2664642, 790.2128232
1715408214124, 2024-05-11T06:16:54.124Z, 1112.2329514, 792.1126908
1715408214139, 2024-05-11T06:16:54.139Z, 1113.1252313999998, 792.41134
1715408214170, 2024-05-11T06:16:54.170Z, 1114.7401578, 792.5408442
1715408214184, 2024-05-11T06:16:54.184Z, 1118.1145026, 792.4075386
1715408214199, 2024-05-11T06:16:54.199Z, 1119.8741686, 792.0089274
1715408214229, 2024-05-11T06:16:54.229Z, 1122.1102492, 792.8657929999999
1715408214244, 2024-05-11T06:16:54.244Z, 1124.5221338, 794.2398894
1715408214275, 2024-05-11T06:16:54.275Z, 1127.3526356, 794.4076713999999
1715408214291, 2024-05-11T06:16:54.291Z, 1129.0641971999999, 794.1340465999999
1715408214321, 2024-05-11T06:16:54.321Z, 1133.3783046, 794.6763932000001
1715408214334, 2024-05-11T06:16:54.334Z, 1141.6923259999999, 798.3337218
1715408214349, 2024-05-11T06:16:54.349Z, 1150.2448514, 806.4387985999999
1715408214364, 2024-05-11T06:16:54.364Z, 1157.7950466000002, 815.860109
1715408214379, 2024-05-11T06:16:54.379Z, 1164.009272, 824.2507320000001
1715408214394, 2024-05-11T06:16:54.394Z, 1168.0260463999998, 831.3441662000001
1715408214409, 2024-05-11T06:16:54.409Z, 1165.983764, 833.332827
1715408214424, 2024-05-11T06:16:54.424Z, 1163.581706, 831.2587718000001
1715408214439, 2024-05-11T06:16:54.439Z, 1161.21875, 828.5569956000002
1715408214470, 2024-05-11T06:16:54.470Z, 1161.6622562, 825.069424
1715408214484, 2024-05-11T06:16:54.484Z, 1161.2380986, 823.3686504000001
1715408214499, 2024-05-11T06:16:54.499Z, 1162.4065464, 822.5057813999999
1715408214514, 2024-05-11T06:16:54.514Z, 1163.2124816, 821.4515450000001
1715408214529, 2024-05-11T06:16:54.529Z, 1162.471259, 822.1988171999999
1715408214544, 2024-05-11T06:16:54.544Z, 1160.7915372, 826.0658604
1715408214560, 2024-05-11T06:16:54.560Z, 1160.2239678, 827.9164048
1715408214574, 2024-05-11T06:16:54.574Z, 1159.9300332, 829.6309971999999
1715408214593, 2024-05-11T06:16:54.593Z, 1159.346007, 831.437644
1715408214624, 2024-05-11T06:16:54.624Z, 1163.1485720000003, 827.7846294000001
1715408214638, 2024-05-11T06:16:54.638Z, 1166.7510814, 819.5180716000001
1715408214653, 2024-05-11T06:16:54.653Z, 1169.9675086, 813.8267956
1715408214667, 2024-05-11T06:16:54.667Z, 1177.178101, 809.4424493999999
1715408214683, 2024-05-11T06:16:54.683Z, 1182.7102618, 803.5439708000001
1715408214698, 2024-05-11T06:16:54.698Z, 1183.6305232, 803.9686260000001
1715408214713, 2024-05-11T06:16:54.713Z, 1182.2047910000001, 809.2638888
1715408214728, 2024-05-11T06:16:54.728Z, 1179.6708033999998, 812.6265682000001
1715408214744, 2024-05-11T06:16:54.744Z, 1174.2141716, 812.2520350000001
1715408214771, 2024-05-11T06:16:54.771Z, 1169.71422, 813.5967576
1715408214784, 2024-05-11T06:16:54.784Z, 1166.5595124, 811.9780688000001
1715408214815, 2024-05-11T06:16:54.815Z, 1165.1055531999998, 808.2649436
1715408214830, 2024-05-11T06:16:54.830Z, 1163.5242872, 805.1024622000001
1715408214844, 2024-05-11T06:16:54.844Z, 1159.485408, 805.1465752
1715408214860, 2024-05-11T06:16:54.860Z, 1154.5298438, 805.0253414000001
1715408214874, 2024-05-11T06:16:54.874Z, 1148.9903666, 805.9783572
1715408214889, 2024-05-11T06:16:54.889Z, 1141.3948180000002, 808.7522404
1715408214920, 2024-05-11T06:16:54.920Z, 1130.908727, 809.7331586
1715408214939, 2024-05-11T06:16:54.939Z, 1120.8606634000002, 811.4332902
1715408214951, 2024-05-11T06:16:54.951Z, 1115.333808, 813.2768916
1715408214969, 2024-05-11T06:16:54.969Z, 1113.1485888, 815.3666863999999
1715408214981, 2024-05-11T06:16:54.981Z, 1116.8164394, 816.9213087999999
1715408214998, 2024-05-11T06:16:54.998Z, 1123.6178262, 818.5885206
1715408215013, 2024-05-11T06:16:55.013Z, 1131.8162952, 819.7166066
1715408215027, 2024-05-11T06:16:55.027Z, 1134.3825424000001, 820.7800126
1715408215043, 2024-05-11T06:16:55.043Z, 1136.1209778, 821.5319008
1715408215071, 2024-05-11T06:16:55.071Z, 1136.7114288, 823.4132264
1715408215086, 2024-05-11T06:16:55.086Z, 1138.3924801999997, 826.6019858000002
1715408215102, 2024-05-11T06:16:55.102Z, 1138.7753306, 831.6699548
1715408215117, 2024-05-11T06:16:55.117Z, 1142.1860142, 836.9154093999999
1715408215133, 2024-05-11T06:16:55.133Z, 1145.9256022, 842.5080832
1715408215148, 2024-05-11T06:16:55.148Z, 1146.4906972, 845.6466076
1715408215164, 2024-05-11T06:16:55.164Z, 1146.5163613999998, 848.3016316000001
1715408215179, 2024-05-11T06:16:55.179Z, 1146.4888818, 848.2176868
1715408215194, 2024-05-11T06:16:55.194Z, 1146.068458, 846.5580332
1715408215220, 2024-05-11T06:16:55.220Z, 1143.8217006, 844.334231
1715408215234, 2024-05-11T06:16:55.234Z, 1142.2868242, 843.8827204000002
1715408215249, 2024-05-11T06:16:55.249Z, 1140.8476799999999, 843.7690364
1715408215265, 2024-05-11T06:16:55.265Z, 1139.3551069999999, 843.9286472
1715408215279, 2024-05-11T06:16:55.279Z, 1137.009233, 845.2940208
1715408215294, 2024-05-11T06:16:55.294Z, 1136.2459377999999, 849.1595895999999
1715408215320, 2024-05-11T06:16:55.320Z, 1133.6083106, 849.8854142
1715408215336, 2024-05-11T06:16:55.336Z, 1131.57674, 851.3227397999999
1715408215351, 2024-05-11T06:16:55.351Z, 1130.0529074, 849.3266534
1715408215374, 2024-05-11T06:16:55.374Z, 1130.9524293999998, 847.9081173999999
1715408215415, 2024-05-11T06:16:55.415Z, 1130.0578588, 846.6560820000001
1715408215430, 2024-05-11T06:16:55.430Z, 1130.8788527999998, 847.5515436
1715408215446, 2024-05-11T06:16:55.446Z, 1131.8070002, 848.1985288
1715408215462, 2024-05-11T06:16:55.462Z, 1130.87153, 848.4337818
1715408215477, 2024-05-11T06:16:55.477Z, 1132.9513875999999, 849.6699456
1715408215493, 2024-05-11T06:16:55.493Z, 1135.1381528, 849.1405506000001
1715408215521, 2024-05-11T06:16:55.521Z, 1141.7125368000002, 847.4552874000001
1715408215539, 2024-05-11T06:16:55.539Z, 1148.5486981999998, 845.2451836
1715408215554, 2024-05-11T06:16:55.554Z, 1160.4421248000003, 846.7947733999999
1715408215585, 2024-05-11T06:16:55.585Z, 1169.785146, 845.5220179999999
1715408215600, 2024-05-11T06:16:55.600Z, 1179.890337, 843.7637248000001
1715408215617, 2024-05-11T06:16:55.617Z, 1187.4114883999998, 843.319854
1715408215632, 2024-05-11T06:16:55.632Z, 1198.9250762, 843.7334189999999
1715408215648, 2024-05-11T06:16:55.648Z, 1208.6509425999998, 844.2694474
1715408215672, 2024-05-11T06:16:55.672Z, 1217.8458712, 844.6948123999998
1715408215685, 2024-05-11T06:16:55.685Z, 1224.9733698, 841.9775831999999
1715408215700, 2024-05-11T06:16:55.700Z, 1230.7077866, 840.4062965999999
1715408215715, 2024-05-11T06:16:55.715Z, 1230.3522785999999, 838.7195024
1715408215731, 2024-05-11T06:16:55.731Z, 1229.1494105999998, 838.8503269999999
1715408215745, 2024-05-11T06:16:55.745Z, 1226.2610278, 841.0560174
1715408215760, 2024-05-11T06:16:55.760Z, 1218.9527131999998, 848.6102524
1715408215789, 2024-05-11T06:16:55.789Z, 1206.8476343999998, 854.2038584
1715408215836, 2024-05-11T06:16:55.836Z, 1188.15341, 856.7019844
1715408215850, 2024-05-11T06:16:55.850Z, 1168.5585654000001, 858.0649917999999
1715408215882, 2024-05-11T06:16:55.882Z, 1145.3910388, 856.1230250000001
1715408215898, 2024-05-11T06:16:55.898Z, 1126.2730962, 853.7582358
1715408215929, 2024-05-11T06:16:55.929Z, 1111.4479952000002, 851.4784716
1715408215945, 2024-05-11T06:16:55.945Z, 1107.793333, 851.37254
1715408215971, 2024-05-11T06:16:55.971Z, 1101.9447438, 849.2819986000001
1715408215986, 2024-05-11T06:16:55.986Z, 1102.258413, 849.6212481999999
1715408216000, 2024-05-11T06:16:56.000Z, 1105.136054, 846.6604688000001
1715408216030, 2024-05-11T06:16:56.030Z, 1109.0500634000002, 841.2884484
1715408216046, 2024-05-11T06:16:56.046Z, 1110.515818, 834.704767
1715408216060, 2024-05-11T06:16:56.060Z, 1114.2667288, 829.9262546
1715408216075, 2024-05-11T06:16:56.075Z, 1116.4716796, 825.4034042000001
1715408216090, 2024-05-11T06:16:56.090Z, 1116.0765423999999, 822.2691336
1715408216123, 2024-05-11T06:16:56.123Z, 1109.711618, 822.0350966
1715408216140, 2024-05-11T06:16:56.140Z, 1102.4840316, 824.1633684000001
1715408216160, 2024-05-11T06:16:56.160Z, 1095.3459612, 826.5507012
1715408216176, 2024-05-11T06:16:56.176Z, 1087.9436703999997, 828.358442
1715408216191, 2024-05-11T06:16:56.191Z, 1082.5363336, 829.478703
1715408216206, 2024-05-11T06:16:56.206Z, 1085.9183662, 826.9176798000001
1715408216223, 2024-05-11T06:16:56.223Z, 1091.3360449999998, 822.6535792000001
1715408216238, 2024-05-11T06:16:56.238Z, 1097.9337702, 816.9621638
1715408216271, 2024-05-11T06:16:56.271Z, 1108.3893864, 810.2295398
1715408216285, 2024-05-11T06:16:56.285Z, 1119.4626126, 803.869643
1715408216301, 2024-05-11T06:16:56.301Z, 1126.4203934000002, 801.3381984
1715408216317, 2024-05-11T06:16:56.317Z, 1130.5957746, 799.9648520000001
1715408216332, 2024-05-11T06:16:56.332Z, 1133.4400636, 799.7089592
1715408216348, 2024-05-11T06:16:56.348Z, 1132.2817444, 801.215909
1715408216365, 2024-05-11T06:16:56.365Z, 1130.7436376, 803.2466516
1715408216395, 2024-05-11T06:16:56.395Z, 1130.3265844000002, 805.7438857999999
1715408216441, 2024-05-11T06:16:56.441Z, 1133.8326178000002, 805.4417566
1715408216456, 2024-05-11T06:16:56.456Z, 1137.549814, 805.1945910000001
1715408216472, 2024-05-11T06:16:56.472Z, 1141.6010090000002, 804.179176
1715408216488, 2024-05-11T06:16:56.488Z, 1144.2368568, 800.3065569999999
1715408216503, 2024-05-11T06:16:56.503Z, 1147.586371, 801.4684933999999
1715408216518, 2024-05-11T06:16:56.518Z, 1147.4601983999999, 805.9736858
1715408216534, 2024-05-11T06:16:56.534Z, 1146.8414861999997, 810.0840666
1715408216550, 2024-05-11T06:16:56.550Z, 1146.4828694, 813.5502008000001
1715408216570, 2024-05-11T06:16:56.570Z, 1147.7657498, 821.5244043999999
1715408216584, 2024-05-11T06:16:56.584Z, 1144.0522607999999, 822.1433118000001
1715408216619, 2024-05-11T06:16:56.619Z, 1138.2082127999997, 820.2011546
1715408216645, 2024-05-11T06:16:56.645Z, 1130.5415742, 818.8529744
1715408216660, 2024-05-11T06:16:56.660Z, 1118.7628081999999, 821.5478578
1715408216676, 2024-05-11T06:16:56.676Z, 1105.7817356, 821.2709016000001
1715408216692, 2024-05-11T06:16:56.692Z, 1097.0677034, 822.2882953999999
1715408216707, 2024-05-11T06:16:56.707Z, 1092.4964558, 822.5541598
1715408216725, 2024-05-11T06:16:56.725Z, 1090.2447281999998, 820.5526494
1715408216754, 2024-05-11T06:16:56.754Z, 1091.6462252000001, 814.3402108
1715408216770, 2024-05-11T06:16:56.770Z, 1096.4967252000001, 808.483384
1715408216801, 2024-05-11T06:16:56.801Z, 1099.8210138, 800.3799642
1715408216817, 2024-05-11T06:16:56.817Z, 1102.1614020000002, 794.1389202
1715408216832, 2024-05-11T06:16:56.832Z, 1105.8778194000001, 789.0919980000001
1715408216848, 2024-05-11T06:16:56.848Z, 1109.7438276, 785.8593450000001
1715408216888, 2024-05-11T06:16:56.888Z, 1110.732153, 783.9648056
1715408216903, 2024-05-11T06:16:56.903Z, 1110.5093904, 789.1654248
1715408216917, 2024-05-11T06:16:56.917Z, 1108.895815, 797.4133411999999
1715408216933, 2024-05-11T06:16:56.933Z, 1106.2919768, 806.1667592
1715408216950, 2024-05-11T06:16:56.950Z, 1103.9269146000001, 813.4792402
1715408216963, 2024-05-11T06:16:56.963Z, 1103.0777292, 819.2352404000001
1715408216978, 2024-05-11T06:16:56.978Z, 1105.8948712000001, 819.8306372000001
1715408216993, 2024-05-11T06:16:56.993Z, 1107.4808878000001, 816.6606932000001
1715408217024, 2024-05-11T06:16:57.024Z, 1108.6074714000001, 813.8488488
1715408217038, 2024-05-11T06:16:57.038Z, 1112.7667102, 810.1328028
1715408217068, 2024-05-11T06:16:57.068Z, 1112.3204188, 806.7550691999999
1715408217083, 2024-05-11T06:16:57.083Z, 1112.1426396000002, 804.6180850000001
1715408217099, 2024-05-11T06:16:57.099Z, 1112.9155916, 804.5278078
1715408217115, 2024-05-11T06:16:57.115Z, 1117.8727448, 808.2519964
1715408217131, 2024-05-11T06:16:57.131Z, 1120.0307304, 815.1553051999999
1715408217171, 2024-05-11T06:16:57.171Z, 1124.9636956, 825.1166506
1715408217184, 2024-05-11T06:16:57.184Z, 1128.8043958, 834.7837038
1715408217200, 2024-05-11T06:16:57.200Z, 1144.512123, 850.7467798
1715408217215, 2024-05-11T06:16:57.215Z, 1159.9024590000001, 862.7108919999998
1715408217245, 2024-05-11T06:16:57.245Z, 1176.5640116000002, 874.1592029999999
1715408217260, 2024-05-11T06:16:57.260Z, 1189.8421620000001, 884.4916498
1715408217294, 2024-05-11T06:16:57.294Z, 1203.4149650000002, 892.9418739999999
1715408217335, 2024-05-11T06:16:57.335Z, 1195.8927872, 892.9755955999999
1715408217350, 2024-05-11T06:16:57.350Z, 1184.3994772, 890.6520412
1715408217364, 2024-05-11T06:16:57.364Z, 1171.5388222000001, 888.2108371999999
1715408217380, 2024-05-11T06:16:57.380Z, 1163.8120062, 888.2053962
1715408217395, 2024-05-11T06:16:57.395Z, 1154.8758086, 886.3528536
1715408217425, 2024-05-11T06:16:57.425Z, 1155.1999944, 884.3281414
1715408217441, 2024-05-11T06:16:57.441Z, 1152.6136616, 881.1054468
1715408217471, 2024-05-11T06:16:57.471Z, 1145.1278164, 871.2952605999999
1715408217485, 2024-05-11T06:16:57.485Z, 1133.7353758, 857.45393
1715408217500, 2024-05-11T06:16:57.500Z, 1121.9174337999998, 847.0200466
1715408217515, 2024-05-11T06:16:57.515Z, 1106.6247019999998, 834.9296598000001
1715408217530, 2024-05-11T06:16:57.530Z, 1096.7589254, 824.754002
1715408217544, 2024-05-11T06:16:57.544Z, 1091.1619148, 820.3215990000001
1715408217564, 2024-05-11T06:16:57.564Z, 1088.2390604, 816.9649231999999
1715408217580, 2024-05-11T06:16:57.580Z, 1086.0394277999999, 814.8902594000001
1715408217621, 2024-05-11T06:16:57.621Z, 1087.7032686, 815.577075
1715408217634, 2024-05-11T06:16:57.634Z, 1087.3804759999998, 817.639005
1715408217650, 2024-05-11T06:16:57.650Z, 1088.8285506, 817.3250432
1715408217665, 2024-05-11T06:16:57.665Z, 1091.1418589999998, 815.2553606
1715408217684, 2024-05-11T06:16:57.684Z, 1095.1366436, 811.719819
1715408217695, 2024-05-11T06:16:57.695Z, 1100.9858368, 806.5038402
1715408217710, 2024-05-11T06:16:57.710Z, 1107.1523304, 798.618005
1715408217724, 2024-05-11T06:16:57.724Z, 1111.1000428, 792.6586744
1715408217740, 2024-05-11T06:16:57.740Z, 1113.2301492000001, 786.9945974
1715408217784, 2024-05-11T06:16:57.784Z, 1112.1711484, 780.7284532000001
1715408217799, 2024-05-11T06:16:57.799Z, 1108.3325824, 777.4424466
1715408217813, 2024-05-11T06:16:57.813Z, 1103.5277346, 778.0643378000001
1715408217834, 2024-05-11T06:16:57.834Z, 1101.2795424, 780.1617868000001
1715408217859, 2024-05-11T06:16:57.859Z, 1099.6523864000003, 782.9289342
1715408217875, 2024-05-11T06:16:57.875Z, 1099.3807072, 786.7579837999999
1715408217891, 2024-05-11T06:16:57.891Z, 1103.1736656, 787.2786607999999
1715408217906, 2024-05-11T06:16:57.906Z, 1122.7028168, 776.4963542
1715408217923, 2024-05-11T06:16:57.923Z, 1140.720247, 764.4029533999999
1715408217937, 2024-05-11T06:16:57.937Z, 1158.043634, 750.1555076
1715408217954, 2024-05-11T06:16:57.954Z, 1175.6813838, 737.5454652000001
1715408217970, 2024-05-11T06:16:57.970Z, 1189.6308912, 726.485992
1715408217985, 2024-05-11T06:16:57.985Z, 1186.1878894, 733.9710843999999
1715408218001, 2024-05-11T06:16:58.001Z, 1182.158747, 741.9956718
1715408218016, 2024-05-11T06:16:58.016Z, 1178.8266554, 751.9142938
1715408218032, 2024-05-11T06:16:58.032Z, 1174.8693779999999, 760.2778652
1715408218076, 2024-05-11T06:16:58.076Z, 1169.624982, 771.0684699999999
1715408218095, 2024-05-11T06:16:58.095Z, 1166.4249851999998, 773.8633628
1715408218111, 2024-05-11T06:16:58.111Z, 1163.5570388, 775.4985101999999
1715408218126, 2024-05-11T06:16:58.126Z, 1162.0923572000002, 774.7700607999999
1715408218142, 2024-05-11T06:16:58.142Z, 1160.4732948, 774.4125590000001
1715408218158, 2024-05-11T06:16:58.158Z, 1153.1727084, 774.5967586
1715408218174, 2024-05-11T06:16:58.174Z, 1152.0610596, 773.8277536
1715408218190, 2024-05-11T06:16:58.190Z, 1177.5463029999999, 786.4085324
1715408218206, 2024-05-11T06:16:58.206Z, 1213.5546802, 805.6945942
1715408218223, 2024-05-11T06:16:58.223Z, 1272.1184588, 830.7322042
1715408218239, 2024-05-11T06:16:58.239Z, 1347.8015752, 859.3863719999999
1715408218253, 2024-05-11T06:16:58.253Z, 1418.8352247999999, 888.4056197999998
1715408218269, 2024-05-11T06:16:58.269Z, 1470.7156478000002, 904.1919766000001
1715408218285, 2024-05-11T06:16:58.285Z, 1510.4410504, 915.9798042
1715408218301, 2024-05-11T06:16:58.301Z, 1525.3767842000002, 921.5076612
1715408218317, 2024-05-11T06:16:58.317Z, 1528.1874931999998, 924.0612234
1715408218333, 2024-05-11T06:16:58.333Z, 1529.8184328, 926.3923871999999
1715408218349, 2024-05-11T06:16:58.349Z, 1524.8731223999998, 929.180752
1715408218371, 2024-05-11T06:16:58.371Z, 1518.964874, 928.8714573999999
1715408218385, 2024-05-11T06:16:58.385Z, 1513.9851358, 926.7358448000001
1715408218400, 2024-05-11T06:16:58.400Z, 1511.1093306, 921.3982497999999
1715408218415, 2024-05-11T06:16:58.415Z, 1504.7952444, 917.2869473999999
1715408218434, 2024-05-11T06:16:58.434Z, 1499.428316, 914.8712648000001
1715408218464, 2024-05-11T06:16:58.464Z, 1496.1391984000002, 915.2806484
1715408218480, 2024-05-11T06:16:58.480Z, 1494.1664836, 915.361868
1715408218490, 2024-05-11T06:16:58.490Z, 1492.1163794000001, 915.6444374
1715408218521, 2024-05-11T06:16:58.521Z, 1492.6708972, 915.6614312000002
1715408218535, 2024-05-11T06:16:58.535Z, 1488.0519184, 914.8291290000001
1715408218552, 2024-05-11T06:16:58.552Z, 1482.797846, 914.4261024
1715408218567, 2024-05-11T06:16:58.567Z, 1476.7205399999998, 917.8693566
1715408218583, 2024-05-11T06:16:58.583Z, 1473.067197, 921.4393521999998
1715408218598, 2024-05-11T06:16:58.598Z, 1470.3583606, 924.5988450000001
1715408218630, 2024-05-11T06:16:58.630Z, 1470.0038982, 927.3132153999999
1715408218645, 2024-05-11T06:16:58.645Z, 1470.1614754, 928.727967
1715408218676, 2024-05-11T06:16:58.676Z, 1470.8331686000001, 928.1385084
1715408218691, 2024-05-11T06:16:58.691Z, 1468.939119, 929.3411570000001
1715408218708, 2024-05-11T06:16:58.708Z, 1468.2782719999998, 928.3134501999999
1715408218723, 2024-05-11T06:16:58.723Z, 1471.2070105999999, 925.5121661999999
1715408218739, 2024-05-11T06:16:58.739Z, 1473.041062, 922.1889658
1715408218755, 2024-05-11T06:16:58.755Z, 1475.4182759999999, 918.7809922
1715408218771, 2024-05-11T06:16:58.771Z, 1478.0235062, 913.8144636
1715408218786, 2024-05-11T06:16:58.786Z, 1478.8914719999998, 911.0401404
1715408218802, 2024-05-11T06:16:58.802Z, 1477.9769108, 909.589875
1715408218823, 2024-05-11T06:16:58.823Z, 1479.9547234, 911.8926062
1715408218836, 2024-05-11T06:16:58.836Z, 1480.6577978, 913.4504490000002
1715408218850, 2024-05-11T06:16:58.850Z, 1481.7405634000002, 915.7032122
1715408218865, 2024-05-11T06:16:58.865Z, 1480.5440318, 919.6435549999999
1715408218880, 2024-05-11T06:16:58.880Z, 1481.7545136, 921.811007
1715408223558, 2024-05-11T06:17:03.558Z, 1480.6643482000002, 921.232193
1715408223560, 2024-05-11T06:17:03.560Z, 1481.2746788, 921.5366692
1715408223560, 2024-05-11T06:17:03.560Z, 1481.3239924000002, 920.4870768000001
1715408223560, 2024-05-11T06:17:03.560Z, 1478.6748732, 915.3428883999999
1715408223560, 2024-05-11T06:17:03.560Z, 1462.8211688000001, 907.6449814
1715408223560, 2024-05-11T06:17:03.560Z, 1409.0806336, 882.0371591999999
1715408223560, 2024-05-11T06:17:03.560Z, 1338.8994281999999, 847.7394081999998
1715408223560, 2024-05-11T06:17:03.560Z, 1223.9816388, 794.533232
1715408223560, 2024-05-11T06:17:03.560Z, 1101.9888736, 739.0010128
1715408223560, 2024-05-11T06:17:03.560Z, 967.7518934000002, 677.7011114
1715408223560, 2024-05-11T06:17:03.560Z, 869.5501854, 634.035668
1715408223560, 2024-05-11T06:17:03.560Z, 749.424947, 585.6610846
1715408223560, 2024-05-11T06:17:03.560Z, 673.5117170000001, 556.7442264
1715408223560, 2024-05-11T06:17:03.560Z, 614.7224835999999, 537.1465393999999
1715408223560, 2024-05-11T06:17:03.560Z, 572.903846, 524.3944617999999
1715408223560, 2024-05-11T06:17:03.560Z, 531.5646246, 511.15228959999996
1715408223560, 2024-05-11T06:17:03.560Z, 528.2498388, 511.66218560000004
1715408223561, 2024-05-11T06:17:03.561Z, 526.0082881999999, 511.1311694000001
1715408223561, 2024-05-11T06:17:03.561Z, 520.3736534, 506.63108059999996
1715408223561, 2024-05-11T06:17:03.561Z, 520.1272946000001, 505.2061598
1715408223561, 2024-05-11T06:17:03.561Z, 525.3561050000001, 493.6777932000001
1715408223561, 2024-05-11T06:17:03.561Z, 530.2472362000001, 482.972897
1715408223561, 2024-05-11T06:17:03.561Z, 577.5594811999999, 426.99404840000005
1715408223561, 2024-05-11T06:17:03.561Z, 630.617019, 361.3170916
1715408223561, 2024-05-11T06:17:03.561Z, 689.4777533999999, 288.9502956
1715408223561, 2024-05-11T06:17:03.561Z, 754.3737447999999, 217.15324719999998
1715408223561, 2024-05-11T06:17:03.561Z, 820.1531931999998, 164.0589054
1715408223561, 2024-05-11T06:17:03.561Z, 850.1043992000001, 154.1808206
1715408223561, 2024-05-11T06:17:03.561Z, 867.1574242, 152.23224379999996
1715408223561, 2024-05-11T06:17:03.561Z, 878.3633672, 151.83896620000002
1715408223561, 2024-05-11T06:17:03.561Z, 877.7635081999999, 156.2717938
1715408223561, 2024-05-11T06:17:03.561Z, 874.3997028, 135.9291344
1715408223561, 2024-05-11T06:17:03.561Z, 864.3557508, 117.273969
1715408223561, 2024-05-11T06:17:03.561Z, 858.9089816, 98.5797258
1715408223561, 2024-05-11T06:17:03.561Z, 850.6442145999999, 83.74526560000001
1715408223561, 2024-05-11T06:17:03.561Z, 844.2688762, 72.0259874
1715408223562, 2024-05-11T06:17:03.562Z, 839.1583584, 68.6937314
1715408223562, 2024-05-11T06:17:03.562Z, 835.8568187999999, 66.2926858
1715408223562, 2024-05-11T06:17:03.562Z, 835.7641544, 67.4745214
1715408223562, 2024-05-11T06:17:03.562Z, 837.7162866000001, 71.83362600000001
1715408223562, 2024-05-11T06:17:03.562Z, 839.592977, 72.604986
1715408223562, 2024-05-11T06:17:03.562Z, 843.2219822, 73.23409840000001
1715408223562, 2024-05-11T06:17:03.562Z, 845.626109, 72.3751702
1715408223562, 2024-05-11T06:17:03.562Z, 846.3941066, 71.0859528
1715408223562, 2024-05-11T06:17:03.562Z, 839.573173, 59.9445358
1715408223562, 2024-05-11T06:17:03.562Z, 835.2575934, 58.639246400000005
1715408223562, 2024-05-11T06:17:03.562Z, 828.2645130000001, 51.0449688
1715408223562, 2024-05-11T06:17:03.562Z, 824.5173068, 49.0518146
1715408223562, 2024-05-11T06:17:03.562Z, 822.4533676000001, 43.59047360000001
1715408223562, 2024-05-11T06:17:03.562Z, 827.5781068, 41.650391000000006
1715408223562, 2024-05-11T06:17:03.562Z, 830.073377, 39.8064734
1715408223562, 2024-05-11T06:17:03.562Z, 835.6094788, 47.2526256
1715408223562, 2024-05-11T06:17:03.562Z, 837.1983816, 46.9354642
1715408223562, 2024-05-11T06:17:03.562Z, 833.1276215999999, 46.514642599999995
1715408223562, 2024-05-11T06:17:03.562Z, 829.6595264, 49.239183
1715408223563, 2024-05-11T06:17:03.563Z, 827.9208597999999, 46.6108194
1715408223563, 2024-05-11T06:17:03.563Z, 826.2376128, 35.6803138
1715408223563, 2024-05-11T06:17:03.563Z, 826.0144816, 29.207629000000004
1715408223563, 2024-05-11T06:17:03.563Z, 832.3908064, 23.8066912
1715408223563, 2024-05-11T06:17:03.563Z, 841.4731286, 20.1133478
1715408223563, 2024-05-11T06:17:03.563Z, 848.6172776, 15.688448600000005
1715408223563, 2024-05-11T06:17:03.563Z, 855.5619795999999, 18.7123664
1715408223563, 2024-05-11T06:17:03.563Z, 860.7682162000001, 23.1390556
1715408223563, 2024-05-11T06:17:03.563Z, 861.4306042000001, 29.1052716
1715408223563, 2024-05-11T06:17:03.563Z, 861.2878412, 36.0543694
1715408223563, 2024-05-11T06:17:03.563Z, 864.6384306, 47.09478420000001
1715408223563, 2024-05-11T06:17:03.563Z, 867.4502044000001, 53.86103740000001
1715408223563, 2024-05-11T06:17:03.563Z, 872.5583215999999, 52.82512979999999
1715408223563, 2024-05-11T06:17:03.563Z, 879.3120780000002, 53.090105199999996
1715408223563, 2024-05-11T06:17:03.563Z, 880.4031914, 51.611526000000005
1715408223563, 2024-05-11T06:17:03.563Z, 873.4986352, 42.530553
1715408223563, 2024-05-11T06:17:03.563Z, 864.4699234, 34.9758944
1715408223563, 2024-05-11T06:17:03.563Z, 853.2295135999999, 30.267661799999996
1715408223563, 2024-05-11T06:17:03.563Z, 839.2971627999999, 26.5783384
1715408223564, 2024-05-11T06:17:03.564Z, 827.6106612, 25.1170552
1715408223564, 2024-05-11T06:17:03.564Z, 821.4105874, 31.8916948
1715408223564, 2024-05-11T06:17:03.564Z, 816.7306134, 37.045839799999996
1715408223564, 2024-05-11T06:17:03.564Z, 812.7418548, 43.5972986
1715408223564, 2024-05-11T06:17:03.564Z, 810.0169050000001, 46.367284600000005
1715408223564, 2024-05-11T06:17:03.564Z, 809.97261, 50.65958020000001
1715408223564, 2024-05-11T06:17:03.564Z, 809.0830997999999, 53.800674400000005
1715408223564, 2024-05-11T06:17:03.564Z, 807.5101746, 51.2268962
1715408223564, 2024-05-11T06:17:03.564Z, 805.8892998, 48.780672
1715408223564, 2024-05-11T06:17:03.564Z, 805.6541258, 45.985564000000004
1715408223564, 2024-05-11T06:17:03.564Z, 805.248011, 41.275009600000004
1715408223564, 2024-05-11T06:17:03.564Z, 804.9699912000001, 32.664049999999996
1715408223564, 2024-05-11T06:17:03.564Z, 807.4927540000001, 35.091661599999995
1715408223564, 2024-05-11T06:17:03.564Z, 859.8541238, 48.5222664
1715408223564, 2024-05-11T06:17:03.564Z, 925.3940104, 71.03322519999999
1715408223564, 2024-05-11T06:17:03.564Z, 991.6332339999999, 90.24599359999999
1715408223564, 2024-05-11T06:17:03.564Z, 1057.2453288000002, 111.782701
1715408223564, 2024-05-11T06:17:03.564Z, 1120.6639722, 128.04649799999999
1715408223564, 2024-05-11T06:17:03.564Z, 1135.1452946, 137.9647968
1715408223564, 2024-05-11T06:17:03.564Z, 1136.1231968, 143.27287400000003
1715408223565, 2024-05-11T06:17:03.565Z, 1136.2773354, 151.1394468
1715408223565, 2024-05-11T06:17:03.565Z, 1137.9604797999998, 159.5865536
1715408223565, 2024-05-11T06:17:03.565Z, 1137.6635576, 157.9510936
1715408223565, 2024-05-11T06:17:03.565Z, 1134.1892160000002, 147.4129028
1715408223565, 2024-05-11T06:17:03.565Z, 1130.6474634, 133.1474322
1715408223565, 2024-05-11T06:17:03.565Z, 1127.4335398, 122.3486162
1715408223565, 2024-05-11T06:17:03.565Z, 1121.2167320000003, 113.50428339999999
1715408223565, 2024-05-11T06:17:03.565Z, 1116.4523276, 114.0526734
1715408223565, 2024-05-11T06:17:03.565Z, 1115.2994476, 128.37228480000002
1715408223565, 2024-05-11T06:17:03.565Z, 1114.927181, 131.07006640000003
1715408223565, 2024-05-11T06:17:03.565Z, 1106.6321714, 130.3000302
1715408223565, 2024-05-11T06:17:03.565Z, 1094.7819275999998, 126.64111
1715408223565, 2024-05-11T06:17:03.565Z, 1077.520519, 123.6998082
1715408223565, 2024-05-11T06:17:03.565Z, 1049.4817702, 115.686951
1715408223565, 2024-05-11T06:17:03.565Z, 1017.2273551999999, 120.93437439999998
1715408223565, 2024-05-11T06:17:03.565Z, 966.5471684, 130.086572
1715408223565, 2024-05-11T06:17:03.565Z, 917.8149612, 143.774379
1715408223565, 2024-05-11T06:17:03.565Z, 869.6690204, 167.8101368
1715408223565, 2024-05-11T06:17:03.565Z, 830.0593253999999, 187.8022246
1715408223565, 2024-05-11T06:17:03.565Z, 791.8585360000001, 202.50506239999999
1715408223566, 2024-05-11T06:17:03.566Z, 781.2019678, 216.91355
1715408223566, 2024-05-11T06:17:03.566Z, 780.4371588, 233.0478728
1715408223566, 2024-05-11T06:17:03.566Z, 845.2454656, 256.34472939999995
1715408223566, 2024-05-11T06:17:03.566Z, 921.2016465999999, 282.31590859999994
1715408223566, 2024-05-11T06:17:03.566Z, 1021.1517312, 314.6754434
1715408223566, 2024-05-11T06:17:03.566Z, 1121.3953002, 341.5701318
1715408223566, 2024-05-11T06:17:03.566Z, 1215.383035, 363.009633
1715408223566, 2024-05-11T06:17:03.566Z, 1249.7868735999998, 366.3428296
1715408223566, 2024-05-11T06:17:03.566Z, 1270.1640634, 374.20538500000004
1715408223566, 2024-05-11T06:17:03.566Z, 1270.2850768, 378.91939579999996
1715408223566, 2024-05-11T06:17:03.566Z, 1269.2896268, 384.5009808
1715408223566, 2024-05-11T06:17:03.566Z, 1264.3677722, 391.031624
1715408223566, 2024-05-11T06:17:03.566Z, 1259.6696324, 397.019923
1715408223566, 2024-05-11T06:17:03.566Z, 1259.8788774, 396.1365162
1715408223566, 2024-05-11T06:17:03.566Z, 1261.8648342000001, 393.1266792
1715408223566, 2024-05-11T06:17:03.566Z, 1262.5670458, 389.5480376
1715408223566, 2024-05-11T06:17:03.566Z, 1253.9914886000001, 390.477708
1715408223566, 2024-05-11T06:17:03.566Z, 1237.1110118000001, 395.0689934
1715408223566, 2024-05-11T06:17:03.566Z, 1218.6115484, 401.1545498
1715408223566, 2024-05-11T06:17:03.566Z, 1195.893283, 410.700241
1715408223567, 2024-05-11T06:17:03.567Z, 1167.8257166, 425.9519666
1715408223567, 2024-05-11T06:17:03.567Z, 1151.0539388, 436.30382579999997
1715408223567, 2024-05-11T06:17:03.567Z, 1142.8574508, 443.13443420000004
1715408223567, 2024-05-11T06:17:03.567Z, 1135.3675968, 449.47001119999993
1715408223568, 2024-05-11T06:17:03.568Z, 1129.1912858, 452.3367464
1715408223568, 2024-05-11T06:17:03.568Z, 1127.0865078000002, 450.078493
1715408223568, 2024-05-11T06:17:03.568Z, 1125.620836, 448.21861579999995
1715408223568, 2024-05-11T06:17:03.568Z, 1122.692037, 447.64434760000006
1715408223568, 2024-05-11T06:17:03.568Z, 1120.7263308, 448.5396574
1715408223568, 2024-05-11T06:17:03.568Z, 1117.4598732, 452.44494140000006
1715408223568, 2024-05-11T06:17:03.568Z, 1117.4545714, 458.4023375999999
1715408223568, 2024-05-11T06:17:03.568Z, 1119.5363466, 463.73840600000005
1715408223568, 2024-05-11T06:17:03.568Z, 1120.1575156, 467.2397542
1715408223568, 2024-05-11T06:17:03.568Z, 1114.0711062, 470.95968899999997
1715408223568, 2024-05-11T06:17:03.568Z, 1104.88023, 475.7629118
1715408223568, 2024-05-11T06:17:03.568Z, 1011.0448112, 478.96268
1715408223568, 2024-05-11T06:17:03.568Z, 900.9541593999999, 483.92769
1715408223568, 2024-05-11T06:17:03.568Z, 767.1728796, 491.67726700000003
1715408223568, 2024-05-11T06:17:03.568Z, 638.3158791999999, 499.83980040000006
1715408223568, 2024-05-11T06:17:03.568Z, 511.67215980000003, 503.693207
1715408223568, 2024-05-11T06:17:03.568Z, 467.64086180000004, 507.5499980000001
1715408223568, 2024-05-11T06:17:03.568Z, 434.5573434, 503.5799808
1715408223568, 2024-05-11T06:17:03.568Z, 424.27816759999996, 495.728641
1715408223568, 2024-05-11T06:17:03.568Z, 414.1949016, 485.43245559999997
1715408223569, 2024-05-11T06:17:03.569Z, 404.6599126, 476.7703514
1715408223569, 2024-05-11T06:17:03.569Z, 394.50998599999997, 468.7745036
1715408223569, 2024-05-11T06:17:03.569Z, 387.90669360000004, 466.9173444
1715408223569, 2024-05-11T06:17:03.569Z, 383.6130552, 469.3724712
1715408223569, 2024-05-11T06:17:03.569Z, 380.69952240000003, 477.5135996
1715408223569, 2024-05-11T06:17:03.569Z, 379.2547428, 487.1054316
1715408223569, 2024-05-11T06:17:03.569Z, 379.16939959999996, 496.253445
1715408223569, 2024-05-11T06:17:03.569Z, 380.0830782, 505.65360200000003
1715408223569, 2024-05-11T06:17:03.569Z, 382.3878414, 513.4018386
1715408223569, 2024-05-11T06:17:03.569Z, 386.730213, 515.8075451999999
1715408223569, 2024-05-11T06:17:03.569Z, 403.0918224, 514.4426082000001
1715408223569, 2024-05-11T06:17:03.569Z, 437.14444560000004, 507.92214520000005
1715408223569, 2024-05-11T06:17:03.569Z, 540.0609866, 458.70658919999994
1715408223569, 2024-05-11T06:17:03.569Z, 645.7089864000001, 406.6563196
1715408223569, 2024-05-11T06:17:03.569Z, 773.2884526, 351.1340626
1715408223569, 2024-05-11T06:17:03.569Z, 884.7354502000001, 301.21260359999997
1715408223569, 2024-05-11T06:17:03.569Z, 1003.0832456, 255.77280660000002
1715408223569, 2024-05-11T06:17:03.569Z, 1052.7292426, 249.7182292
1715408223569, 2024-05-11T06:17:03.569Z, 1098.9568940000001, 241.0056924
1715408223569, 2024-05-11T06:17:03.569Z, 1124.0320625999998, 233.7812624
1715408223569, 2024-05-11T06:17:03.569Z, 1153.0540888, 223.9550334
1715408223570, 2024-05-11T06:17:03.570Z, 1156.9251928, 214.96201680000004
1715408223570, 2024-05-11T06:17:03.570Z, 1159.6779205999999, 206.95218599999998
1715408223570, 2024-05-11T06:17:03.570Z, 1162.0165308, 201.21003260000003
1715408223570, 2024-05-11T06:17:03.570Z, 1159.7416732, 191.24468099999999
1715408223570, 2024-05-11T06:17:03.570Z, 1157.1655512000002, 180.6035268
1715408223570, 2024-05-11T06:17:03.570Z, 1154.8602584, 170.1679674
1715408223570, 2024-05-11T06:17:03.570Z, 1154.9029436, 161.7038262
1715408223570, 2024-05-11T06:17:03.570Z, 1154.6282376, 154.85317019999997
1715408223570, 2024-05-11T06:17:03.570Z, 1152.5611418, 153.70677519999998
1715408223570, 2024-05-11T06:17:03.570Z, 1149.6695886, 151.90403759999998
1715408223570, 2024-05-11T06:17:03.570Z, 1145.6057816, 149.59968980000002
1715408223570, 2024-05-11T06:17:03.570Z, 1140.8580014, 146.6448058
1715408223570, 2024-05-11T06:17:03.570Z, 1137.5145532000001, 144.24445
1715408223570, 2024-05-11T06:17:03.570Z, 1140.8192416, 142.778285
1715408223570, 2024-05-11T06:17:03.570Z, 1145.4085408, 143.709799
1715408223570, 2024-05-11T06:17:03.570Z, 1167.6213218, 147.07034099999998
1715408223570, 2024-05-11T06:17:03.570Z, 1212.1278400000003, 154.5996156
1715408223570, 2024-05-11T06:17:03.570Z, 1260.689384, 160.4670414
1715408223570, 2024-05-11T06:17:03.570Z, 1307.2761844000001, 164.54496039999998
1715408223570, 2024-05-11T06:17:03.570Z, 1354.76869, 167.5903228
1715408223570, 2024-05-11T06:17:03.570Z, 1387.1000932, 167.8576612
1715408223571, 2024-05-11T06:17:03.571Z, 1396.1940814000002, 165.35968400000002
1715408223571, 2024-05-11T06:17:03.571Z, 1399.2715668, 171.1631268
1715408223571, 2024-05-11T06:17:03.571Z, 1399.8735664, 178.7489642
1715408223571, 2024-05-11T06:17:03.571Z, 1399.0728199999999, 185.02301119999998
1715408223571, 2024-05-11T06:17:03.571Z, 1398.2030542, 189.99095259999999
1715408223571, 2024-05-11T06:17:03.571Z, 1397.2576558, 193.15740920000002
1715408223571, 2024-05-11T06:17:03.571Z, 1397.2847218, 189.57691680000002
1715408223571, 2024-05-11T06:17:03.571Z, 1395.698338, 185.34393200000002
1715408223571, 2024-05-11T06:17:03.571Z, 1379.865314, 181.91556780000002
1715408223571, 2024-05-11T06:17:03.571Z, 1356.6851042, 179.748595
1715408223571, 2024-05-11T06:17:03.571Z, 1307.6652602, 167.53075059999998
1715408223571, 2024-05-11T06:17:03.571Z, 1253.669179, 162.2221554
1715408223571, 2024-05-11T06:17:03.571Z, 1195.4185312, 155.1091066
1715408223571, 2024-05-11T06:17:03.571Z, 1149.4682102000002, 147.8892784
1715408223571, 2024-05-11T06:17:03.571Z, 1115.1563272, 142.83561319999998
1715408223571, 2024-05-11T06:17:03.571Z, 1106.1320834000003, 147.4372728
1715408223571, 2024-05-11T06:17:03.571Z, 1104.4182856, 138.56098519999998
1715408223571, 2024-05-11T06:17:03.571Z, 1111.2817585999999, 128.9011368
1715408223571, 2024-05-11T06:17:03.571Z, 1121.6244846000002, 121.06669400000001
1715408223572, 2024-05-11T06:17:03.572Z, 1124.2021384, 108.81606180000001
1715408223572, 2024-05-11T06:17:03.572Z, 1127.5472065999998, 96.62638799999999
1715408223572, 2024-05-11T06:17:03.572Z, 1129.0364328, 95.3192758
1715408223572, 2024-05-11T06:17:03.572Z, 1120.1466937999999, 94.9057662
1715408223572, 2024-05-11T06:17:03.572Z, 1101.2098482000001, 91.9438626
1715408223572, 2024-05-11T06:17:03.572Z, 1073.0290932, 88.3059022
1715408223572, 2024-05-11T06:17:03.572Z, 1047.9872744000002, 87.7527916
1715408223572, 2024-05-11T06:17:03.572Z, 999.3631254000002, 87.8793392
1715408223572, 2024-05-11T06:17:03.572Z, 954.6815848, 89.160114
1715408223572, 2024-05-11T06:17:03.572Z, 914.7510052, 91.01610819999999
1715408223572, 2024-05-11T06:17:03.572Z, 883.7925388, 94.6105132
1715408223572, 2024-05-11T06:17:03.572Z, 848.6866717999999, 96.0787842
1715408223572, 2024-05-11T06:17:03.572Z, 836.3970968, 91.7973026
1715408223572, 2024-05-11T06:17:03.572Z, 827.1360953999999, 87.58811979999999
1715408223572, 2024-05-11T06:17:03.572Z, 821.4583806, 84.754464
1715408223572, 2024-05-11T06:17:03.572Z, 818.4375567999999, 82.9310738
1715408223573, 2024-05-11T06:17:03.573Z, 816.7523659999999, 80.3088104
1715408223573, 2024-05-11T06:17:03.573Z, 814.7673521999999, 78.4468502
1715408223573, 2024-05-11T06:17:03.573Z, 814.721693, 77.8467216
1715408223573, 2024-05-11T06:17:03.573Z, 815.7796406, 77.5540224
1715408223574, 2024-05-11T06:17:03.574Z, 817.0986955999999, 79.8294374
1715408223590, 2024-05-11T06:17:03.590Z, 817.8967352, 81.18832979999999
1715408223620, 2024-05-11T06:17:03.620Z, 820.6092613999999, 82.759174
1715408223634, 2024-05-11T06:17:03.634Z, 825.1093222, 84.8646932
1715408223649, 2024-05-11T06:17:03.649Z, 831.9596009999999, 86.786175
1715408223664, 2024-05-11T06:17:03.664Z, 836.5417728, 85.0780156
1715408223679, 2024-05-11T06:17:03.679Z, 846.6148668000002, 86.338926
1715408223699, 2024-05-11T06:17:03.699Z, 855.5712086, 87.6689544
1715408223710, 2024-05-11T06:17:03.710Z, 863.9050574, 85.71645439999999
1715408223724, 2024-05-11T06:17:03.724Z, 871.4091845999999, 79.9427808
1715408223739, 2024-05-11T06:17:03.739Z, 880.8015911999998, 75.62184419999998
1715408223771, 2024-05-11T06:17:03.771Z, 884.8987936, 68.81901780000001
1715408223784, 2024-05-11T06:17:03.784Z, 890.0925818, 61.8947424
1715408223799, 2024-05-11T06:17:03.799Z, 892.550661, 56.228312800000005
1715408223814, 2024-05-11T06:17:03.814Z, 891.1196426, 52.077939400000005
1715408223834, 2024-05-11T06:17:03.834Z, 889.1221155999999, 47.5669882
1715408223844, 2024-05-11T06:17:03.844Z, 888.2323646000001, 45.925017600000004
1715408223864, 2024-05-11T06:17:03.864Z, 899.0120623999999, 50.5311558
1715408223876, 2024-05-11T06:17:03.876Z, 931.1675864000001, 60.455576799999996
1715408223892, 2024-05-11T06:17:03.892Z, 971.8264286, 75.94053360000001
1715408223921, 2024-05-11T06:17:03.921Z, 1034.8165483999999, 97.9535146
1715408223934, 2024-05-11T06:17:03.934Z, 1102.935051, 129.51204
1715408223954, 2024-05-11T06:17:03.954Z, 1155.4693487999998, 146.83268280000001
1715408223971, 2024-05-11T06:17:03.971Z, 1189.5741584, 164.74397760000002
1715408223986, 2024-05-11T06:17:03.986Z, 1221.867647, 179.85372080000002
1715408224001, 2024-05-11T06:17:04.001Z, 1237.9403871999998, 178.4554632
1715408224017, 2024-05-11T06:17:04.017Z, 1248.6175441999999, 165.0379608
1715408224048, 2024-05-11T06:17:04.048Z, 1262.2460654000001, 160.1644066
1715408224075, 2024-05-11T06:17:04.075Z, 1273.614065, 154.64488579999997
1715408224085, 2024-05-11T06:17:04.085Z, 1275.8028, 149.9227854
1715408224099, 2024-05-11T06:17:04.099Z, 1258.2455418000002, 164.74365919999997
1715408224114, 2024-05-11T06:17:04.114Z, 1238.7357994, 178.05018479999998
1715408224129, 2024-05-11T06:17:04.129Z, 1216.9952601999998, 188.82888599999998
1715408224144, 2024-05-11T06:17:04.144Z, 1195.1176144, 195.5159218
1715408224164, 2024-05-11T06:17:04.164Z, 1174.9433126, 199.753669
1715408224178, 2024-05-11T06:17:04.178Z, 1168.5732102, 194.8058796
1715408224192, 2024-05-11T06:17:04.192Z, 1163.0336628, 193.818482
1715408224224, 2024-05-11T06:17:04.224Z, 1157.6467528, 192.6824514
1715408224252, 2024-05-11T06:17:04.252Z, 1153.5633726, 192.6090796
1715408224268, 2024-05-11T06:17:04.268Z, 1150.9787078000002, 198.6299536
1715408224284, 2024-05-11T06:17:04.284Z, 1147.7040327999998, 204.1657266
1715408224300, 2024-05-11T06:17:04.300Z, 1143.374781, 201.7826212
1715408224315, 2024-05-11T06:17:04.315Z, 1138.8651378, 198.3391934
1715408224331, 2024-05-11T06:17:04.331Z, 1134.4890461999998, 192.8816932
1715408224346, 2024-05-11T06:17:04.346Z, 1131.6668758, 182.64698979999997
1715408224374, 2024-05-11T06:17:04.374Z, 1130.3291376, 172.3475672
1715408224387, 2024-05-11T06:17:04.387Z, 1130.6182476, 167.99894419999998
1715408224409, 2024-05-11T06:17:04.409Z, 1134.5828437999999, 166.6104886
1715408224425, 2024-05-11T06:17:04.425Z, 1138.1133738, 165.1699932
1715408224440, 2024-05-11T06:17:04.440Z, 1140.716785, 162.73550060000002
1715408224455, 2024-05-11T06:17:04.455Z, 1145.539397, 160.2370066
1715408224471, 2024-05-11T06:17:04.471Z, 1156.5331316, 158.3932468
1715408224486, 2024-05-11T06:17:04.486Z, 1175.1222057999998, 157.913459
1715408224501, 2024-05-11T06:17:04.501Z, 1216.6264068, 164.94485479999997
1715408224524, 2024-05-11T06:17:04.524Z, 1265.4389104, 168.79190859999997
1715408224539, 2024-05-11T06:17:04.539Z, 1320.4689973999998, 176.92046779999995
1715408224554, 2024-05-11T06:17:04.554Z, 1365.2351191999999, 182.98455859999999
1715408224569, 2024-05-11T06:17:04.569Z, 1398.9653368000002, 187.352729
1715408224584, 2024-05-11T06:17:04.584Z, 1414.4986632, 186.8896464
1715408224598, 2024-05-11T06:17:04.598Z, 1430.5743748, 194.7048108
1715408224613, 2024-05-11T06:17:04.613Z, 1437.9795848, 197.162193
1715408224642, 2024-05-11T06:17:04.642Z, 1449.4091654, 200.4663186
1715408224658, 2024-05-11T06:17:04.658Z, 1461.0788806, 206.0418632
1715408224675, 2024-05-11T06:17:04.675Z, 1465.4539138, 209.87220199999996
1715408224689, 2024-05-11T06:17:04.689Z, 1461.7521658, 209.29866940000002
1715408224705, 2024-05-11T06:17:04.705Z, 1457.2142554000002, 210.96594439999998
1715408224721, 2024-05-11T06:17:04.721Z, 1451.4411401999998, 213.21345019999998
1715408224737, 2024-05-11T06:17:04.737Z, 1446.2982547999998, 214.7639036
1715408224753, 2024-05-11T06:17:04.753Z, 1443.0621527999997, 215.74742619999998
1715408224768, 2024-05-11T06:17:04.768Z, 1440.1887734, 215.5561918
1715408224784, 2024-05-11T06:17:04.784Z, 1437.7528846, 215.08409220000004
1715408224800, 2024-05-11T06:17:04.800Z, 1436.0710824, 214.57173900000004
1715408224826, 2024-05-11T06:17:04.826Z, 1436.8350274, 211.18553699999998
1715408224840, 2024-05-11T06:17:04.840Z, 1437.7784814000001, 206.2231276
1715408224854, 2024-05-11T06:17:04.854Z, 1438.6919042, 201.203238
1715408224869, 2024-05-11T06:17:04.869Z, 1440.1658806, 197.6727658
1715408224885, 2024-05-11T06:17:04.885Z, 1442.4107252, 194.948506
1715408224898, 2024-05-11T06:17:04.898Z, 1445.0131432, 196.116248
1715408224924, 2024-05-11T06:17:04.924Z, 1446.9959113999998, 200.7374448
1715408224940, 2024-05-11T06:17:04.940Z, 1447.8079306, 203.96948160000002
1715408224956, 2024-05-11T06:17:04.956Z, 1449.3503698, 206.08492280000002
1715408224976, 2024-05-11T06:17:04.976Z, 1449.0387675999998, 209.47433719999998
1715408224990, 2024-05-11T06:17:04.990Z, 1446.7625453999997, 211.53810980000003
1715408225002, 2024-05-11T06:17:05.002Z, 1445.0156404, 211.76995200000002
1715408225018, 2024-05-11T06:17:05.018Z, 1451.1641558, 208.17613799999998
1715408225034, 2024-05-11T06:17:05.034Z, 1456.7370667999999, 203.88240299999998
1715408225049, 2024-05-11T06:17:05.049Z, 1462.7683699999998, 198.9804292
1715408225065, 2024-05-11T06:17:05.065Z, 1469.0160634, 193.4479184
1715408225081, 2024-05-11T06:17:05.081Z, 1475.317687, 189.95595020000002
1715408225096, 2024-05-11T06:17:05.096Z, 1475.3362692000003, 191.93461140000002
1715408225124, 2024-05-11T06:17:05.124Z, 1473.6427264000001, 192.06873880000003
1715408225136, 2024-05-11T06:17:05.136Z, 1473.2301518, 193.05625200000003
1715408225152, 2024-05-11T06:17:05.152Z, 1471.8469784000001, 194.4311398
1715408225166, 2024-05-11T06:17:05.166Z, 1470.5767793999999, 193.265383
1715408225181, 2024-05-11T06:17:05.181Z, 1469.7880374000001, 191.35384820000002
1715408225196, 2024-05-11T06:17:05.196Z, 1470.3115794, 191.4295672
1715408225219, 2024-05-11T06:17:05.219Z, 1470.0188752, 186.48901180000001
1715408225234, 2024-05-11T06:17:05.234Z, 1470.677564, 181.1232718
1715408225250, 2024-05-11T06:17:05.250Z, 1471.4390366, 177.5028374
1715408225274, 2024-05-11T06:17:05.274Z, 1470.9218488, 176.65685100000002
1715408225284, 2024-05-11T06:17:05.284Z, 1470.002758, 175.2241042
1715408225303, 2024-05-11T06:17:05.303Z, 1469.1167110000001, 175.8325822
1715408225319, 2024-05-11T06:17:05.319Z, 1468.0903990000002, 172.37342459999996
1715408225335, 2024-05-11T06:17:05.335Z, 1465.6019138, 167.4386444
1715408225348, 2024-05-11T06:17:05.348Z, 1464.0091242, 162.02391859999997
1715408225363, 2024-05-11T06:17:05.363Z, 1464.3385119999998, 159.6245356
1715408225390, 2024-05-11T06:17:05.390Z, 1465.6160882, 159.24815819999998
1715408225406, 2024-05-11T06:17:05.406Z, 1468.1876994, 163.29114420000002
1715408225426, 2024-05-11T06:17:05.426Z, 1472.9513472, 170.2149158
1715408225453, 2024-05-11T06:17:05.453Z, 1477.8928694, 176.84371419999997
1715408225468, 2024-05-11T06:17:05.468Z, 1482.0464897999998, 179.6392166
1715408225546, 2024-05-11T06:17:05.546Z, 1494.891041, 180.3036426
1715408225573, 2024-05-11T06:17:05.573Z, 1505.3049722, 178.9523358
1715408225587, 2024-05-11T06:17:05.587Z, 1514.8252828, 175.1515956
1715408225608, 2024-05-11T06:17:05.608Z, 1517.98449, 281.1689182
1715408225623, 2024-05-11T06:17:05.623Z, 1508.4597503999998, 406.60689520000005
1715408225638, 2024-05-11T06:17:05.638Z, 1485.854559, 539.9459942
1715408225669, 2024-05-11T06:17:05.669Z, 1466.4202166, 682.2683022
1715408225684, 2024-05-11T06:17:05.684Z, 1448.8104999999998, 824.5942484
1715408225699, 2024-05-11T06:17:05.699Z, 1436.2873471999999, 858.392545
1715408225723, 2024-05-11T06:17:05.723Z, 1445.3329912000002, 871.5089908
1715408225747, 2024-05-11T06:17:05.747Z, 1456.3064508, 878.8125552000001
1715408225762, 2024-05-11T06:17:05.762Z, 1466.6746038, 876.1567216
1715408225777, 2024-05-11T06:17:05.777Z, 1483.726627, 872.2400644000002
1715408225793, 2024-05-11T06:17:05.793Z, 1493.8863068000003, 870.1999143999999
1715408225809, 2024-05-11T06:17:05.809Z, 1493.6862528000001, 871.3483561999999
1715408225824, 2024-05-11T06:17:05.824Z, 1495.3589224, 871.0025389999998
1715408225840, 2024-05-11T06:17:05.840Z, 1495.1586062, 871.9521871999999
1715408225856, 2024-05-11T06:17:05.856Z, 1479.4510870000001, 873.1476242000001
1715408225877, 2024-05-11T06:17:05.877Z, 1470.1371640000002, 872.6127936
1715408225903, 2024-05-11T06:17:05.903Z, 1461.7831714, 870.9647865999999
1715408225919, 2024-05-11T06:17:05.919Z, 1451.265452, 868.8691854000001
1715408225935, 2024-05-11T06:17:05.935Z, 1442.8779274, 869.3086104
1715408225951, 2024-05-11T06:17:05.951Z, 1445.1017768, 870.4658106
1715408225967, 2024-05-11T06:17:05.967Z, 1449.3371848, 868.9012762
1715408225982, 2024-05-11T06:17:05.982Z, 1455.4181138, 866.9527264000001
1715408225998, 2024-05-11T06:17:05.998Z, 1464.6881223999999, 865.3707028000001
1715408226024, 2024-05-11T06:17:06.024Z, 1473.0167377999999, 861.7585171999999
1715408226046, 2024-05-11T06:17:06.046Z, 1475.315005, 858.1384862000001
1715408226061, 2024-05-11T06:17:06.061Z, 1473.8776447999999, 857.6290524
1715408226077, 2024-05-11T06:17:06.077Z, 1470.2285491999999, 858.6274971999999
1715408226092, 2024-05-11T06:17:06.092Z, 1464.7159233999998, 861.044246
1715408226108, 2024-05-11T06:17:06.108Z, 1457.6909953999998, 864.3748877999999
1715408226125, 2024-05-11T06:17:06.125Z, 1451.4588921999998, 867.7769593999999
1715408226140, 2024-05-11T06:17:06.140Z, 1448.9500522, 869.30655
1715408226155, 2024-05-11T06:17:06.155Z, 1448.7735509999998, 872.1543195999999
1715408226174, 2024-05-11T06:17:06.174Z, 1445.8907682, 875.4998114
1715408226203, 2024-05-11T06:17:06.203Z, 1441.3784506, 880.2637074
1715408226219, 2024-05-11T06:17:06.219Z, 1437.7688688, 885.6045956
1715408226234, 2024-05-11T06:17:06.234Z, 1434.6458866, 890.0104220000001
1715408226250, 2024-05-11T06:17:06.250Z, 1431.9017792, 893.7913676000001
1715408226265, 2024-05-11T06:17:06.265Z, 1433.6302819999999, 896.410835
1715408226281, 2024-05-11T06:17:06.281Z, 1437.3602978000001, 897.5338685999999
1715408226296, 2024-05-11T06:17:06.296Z, 1443.9884286000001, 897.8706193999999
1715408226324, 2024-05-11T06:17:06.324Z, 1452.769648, 898.668496
1715408226340, 2024-05-11T06:17:06.340Z, 1461.2427302, 899.2930624
1715408226360, 2024-05-11T06:17:06.360Z, 1470.5385478000003, 899.0134468
1715408226376, 2024-05-11T06:17:06.376Z, 1479.3331576, 899.7900598
1715408226391, 2024-05-11T06:17:06.391Z, 1485.7872902000001, 901.831504
1715408226406, 2024-05-11T06:17:06.406Z, 1488.8932858, 904.2811687999999
1715408226421, 2024-05-11T06:17:06.421Z, 1487.6770932, 905.5399514000001
1715408226437, 2024-05-11T06:17:06.437Z, 1482.2650680000002, 908.6142162