1715408072082, 2024-05-11T06:14:32.082Z, 146.848313, 472.215903
1715408072098, 2024-05-11T06:14:32.098Z, 150.5789115, 476.30797600000005
1715408072126, 2024-05-11T06:14:32.126Z, 184.17681033333335, 507.676276
1715408072146, 2024-05-11T06:14:32.146Z, 205.45277900000002, 526.11577375
1715408072162, 2024-05-11T06:14:32.162Z, 216.0814566, 533.0521616
1715408072178, 2024-05-11T06:14:32.178Z, 236.5195828, 551.1695217999999
1715408072193, 2024-05-11T06:14:32.193Z, 253.49673319999997, 568.3154121999999
1715408072208, 2024-05-11T06:14:32.208Z, 250.9700422, 567.3682466
1715408072224, 2024-05-11T06:14:32.224Z, 244.81566800000002, 564.2494004
1715408072239, 2024-05-11T06:14:32.239Z, 240.80521979999997, 565.6246450000001
1715408072254, 2024-05-11T06:14:32.254Z, 237.9088774, 566.6509534
1715408072276, 2024-05-11T06:14:32.276Z, 236.43955300000002, 568.2550322
1715408072293, 2024-05-11T06:14:32.293Z, 235.44231879999998, 569.4232938
1715408072305, 2024-05-11T06:14:32.305Z, 230.52065499999998, 565.7666976
1715408072320, 2024-05-11T06:14:32.320Z, 220.6506336, 558.514029
1715408072364, 2024-05-11T06:14:32.364Z, 209.53238019999998, 550.0912076
1715408072379, 2024-05-11T06:14:32.379Z, 198.704587, 540.4794042
1715408072395, 2024-05-11T06:14:32.395Z, 188.107045, 532.5748615999998
1715408072426, 2024-05-11T06:14:32.426Z, 180.717004, 530.1085328
1715408072442, 2024-05-11T06:14:32.442Z, 177.188638, 527.535359
1715408072458, 2024-05-11T06:14:32.458Z, 175.35799120000001, 525.9563752
1715408072474, 2024-05-11T06:14:32.474Z, 176.7829952, 528.6154936
1715408072490, 2024-05-11T06:14:32.490Z, 176.5457174, 528.9744806
1715408072506, 2024-05-11T06:14:32.506Z, 179.8310666, 529.2305084
1715408072521, 2024-05-11T06:14:32.521Z, 182.928903, 532.7837092
1715408072536, 2024-05-11T06:14:32.536Z, 186.6250102, 536.5308894
1715408072552, 2024-05-11T06:14:32.552Z, 187.72816419999998, 536.3359066
1715408072576, 2024-05-11T06:14:32.576Z, 189.06461359999997, 536.2074334
1715408072590, 2024-05-11T06:14:32.590Z, 188.7984474, 535.9481278000001
1715408072604, 2024-05-11T06:14:32.604Z, 186.9171126, 537.200413
1715408072620, 2024-05-11T06:14:32.620Z, 182.9191684, 538.8509684
1715408072638, 2024-05-11T06:14:32.638Z, 173.3120286, 536.2019834
1715408072652, 2024-05-11T06:14:32.652Z, 164.1180708, 535.7543984000001
1715408072668, 2024-05-11T06:14:32.668Z, 153.54599079999997, 534.2009478
1715408072680, 2024-05-11T06:14:32.680Z, 145.6689188, 531.4822224
1715408072694, 2024-05-11T06:14:32.694Z, 139.7985756, 527.9359526000001
1715408072726, 2024-05-11T06:14:32.726Z, 142.4065114, 532.1906052
1715408072739, 2024-05-11T06:14:32.739Z, 147.07926059999997, 539.1992878
1715408072755, 2024-05-11T06:14:32.755Z, 151.769713, 549.826093
1715408072771, 2024-05-11T06:14:32.771Z, 145.0509422, 553.762641
1715408072787, 2024-05-11T06:14:32.787Z, 140.0153272, 559.9507662
1715408072802, 2024-05-11T06:14:32.802Z, 130.6317654, 562.0146634
1715408072819, 2024-05-11T06:14:32.819Z, 118.4190624, 560.1474231999999
1715408072834, 2024-05-11T06:14:32.834Z, 109.16705219999999, 558.2914193999999
1715408072850, 2024-05-11T06:14:32.850Z, 111.3613288, 562.901872
1715408072877, 2024-05-11T06:14:32.877Z, 109.39637359999999, 563.39292
1715408072890, 2024-05-11T06:14:32.890Z, 101.800795, 549.042062
1715408072905, 2024-05-11T06:14:32.905Z, 95.95139200000001, 536.4210836
1715408072919, 2024-05-11T06:14:32.919Z, 86.91759680000001, 523.3121306
1715408072934, 2024-05-11T06:14:32.934Z, 77.46032340000001, 508.76055400000007
1715408072950, 2024-05-11T06:14:32.950Z, 67.7448846, 497.3888112000001
1715408072964, 2024-05-11T06:14:32.964Z, 66.61598919999999, 500.84174279999996
1715408072982, 2024-05-11T06:14:32.982Z, 58.09277920000001, 501.73079799999994
1715408072995, 2024-05-11T06:14:32.995Z, 50.6449172, 502.4709748
1715408073025, 2024-05-11T06:14:33.025Z, 42.103845, 503.94831880000004
1715408073039, 2024-05-11T06:14:33.039Z, 39.093836, 505.86979219999995
1715408073057, 2024-05-11T06:14:33.057Z, 42.1609496, 511.77761840000005
1715408073070, 2024-05-11T06:14:33.070Z, 52.891497400000006, 518.6389036
1715408073088, 2024-05-11T06:14:33.088Z, 63.91030880000001, 523.9128668000001
1715408073103, 2024-05-11T06:14:33.103Z, 76.47404639999999, 529.9945080000001
1715408073117, 2024-05-11T06:14:33.117Z, 83.354263, 530.926026
1715408073133, 2024-05-11T06:14:33.133Z, 81.0705336, 526.8601234
1715408073148, 2024-05-11T06:14:33.148Z, 80.0469736, 525.5685058000001
1715408073179, 2024-05-11T06:14:33.179Z, 77.33490119999999, 524.224867
1715408073191, 2024-05-11T06:14:33.191Z, 76.40854399999999, 523.5468202
1715408073206, 2024-05-11T06:14:33.206Z, 81.89241539999999, 529.2473400000001
1715408073222, 2024-05-11T06:14:33.222Z, 87.773127, 536.1621471999999
1715408073238, 2024-05-11T06:14:33.238Z, 91.836016, 539.4155209999999
1715408073253, 2024-05-11T06:14:33.253Z, 98.4669942, 544.3640238
1715408073271, 2024-05-11T06:14:33.271Z, 103.68738600000002, 548.1757714
1715408073285, 2024-05-11T06:14:33.285Z, 107.60141680000001, 552.6793538
1715408073301, 2024-05-11T06:14:33.301Z, 110.50934339999999, 554.0783586
1715408073326, 2024-05-11T06:14:33.326Z, 112.72014099999998, 555.9028007999999
1715408073348, 2024-05-11T06:14:33.348Z, 111.9478384, 554.2033045999999
1715408073364, 2024-05-11T06:14:33.364Z, 110.69270960000001, 552.083159
1715408073380, 2024-05-11T06:14:33.380Z, 108.36331399999999, 546.8801446
1715408073396, 2024-05-11T06:14:33.396Z, 108.2321686, 544.724143
1715408073412, 2024-05-11T06:14:33.412Z, 123.0784224, 546.4559768000001
1715408073428, 2024-05-11T06:14:33.428Z, 140.90014739999998, 549.9742421999999
1715408073443, 2024-05-11T06:14:33.443Z, 156.896956, 554.1748912
1715408073459, 2024-05-11T06:14:33.459Z, 174.521533, 559.4167347999999
1715408073477, 2024-05-11T06:14:33.477Z, 191.5288716, 565.6333916
1715408073507, 2024-05-11T06:14:33.507Z, 194.38072879999999, 568.1071890000001
1715408073507, 2024-05-11T06:14:33.507Z, 190.4218986, 565.8116182
1715408073522, 2024-05-11T06:14:33.522Z, 189.66073, 564.8120349999999
1715408073538, 2024-05-11T06:14:33.538Z, 186.0291928, 562.5004854
1715408073552, 2024-05-11T06:14:33.552Z, 182.7645238, 559.9428534
1715408073568, 2024-05-11T06:14:33.568Z, 179.78616759999997, 559.0047508
1715408073583, 2024-05-11T06:14:33.583Z, 182.16012379999998, 561.9950891999999
1715408073598, 2024-05-11T06:14:33.598Z, 185.29672259999998, 565.8053238
1715408073627, 2024-05-11T06:14:33.627Z, 186.45539760000003, 572.0198560000001
1715408073640, 2024-05-11T06:14:33.640Z, 187.0504906, 577.6602456
1715408073661, 2024-05-11T06:14:33.661Z, 189.8512136, 582.0068816
1715408073677, 2024-05-11T06:14:33.677Z, 194.68468579999995, 587.0658968
1715408073693, 2024-05-11T06:14:33.693Z, 205.5529498, 590.462229
1715408073709, 2024-05-11T06:14:33.709Z, 218.4754224, 591.8425674
1715408073725, 2024-05-11T06:14:33.725Z, 235.13172500000002, 596.8618154000001
1715408073741, 2024-05-11T06:14:33.741Z, 249.02123620000003, 602.2514411999999
1715408073756, 2024-05-11T06:14:33.756Z, 260.89264199999997, 606.0113674
1715408073780, 2024-05-11T06:14:33.780Z, 264.743595, 609.607164
1715408073790, 2024-05-11T06:14:33.790Z, 269.73051300000003, 609.80643
1715408073805, 2024-05-11T06:14:33.805Z, 271.0524492, 603.5731054
1715408073821, 2024-05-11T06:14:33.821Z, 272.01638940000004, 596.1165598
1715408073836, 2024-05-11T06:14:33.836Z, 273.350951, 589.7825648
1715408073851, 2024-05-11T06:14:33.851Z, 276.8390388, 586.7608026
1715408073867, 2024-05-11T06:14:33.867Z, 279.57167100000004, 586.6437936
1715408073883, 2024-05-11T06:14:33.883Z, 285.91540180000004, 587.7039728
1715408073899, 2024-05-11T06:14:33.899Z, 297.9592588, 589.6396268
1715408073926, 2024-05-11T06:14:33.926Z, 310.4945414, 592.2431488
1715408073941, 2024-05-11T06:14:33.941Z, 329.1579718, 588.9559292
1715408073958, 2024-05-11T06:14:33.958Z, 345.7633696, 587.6372382000001
1715408073971, 2024-05-11T06:14:33.971Z, 360.505784, 588.2221040000001
1715408073988, 2024-05-11T06:14:33.988Z, 372.00351179999996, 586.9171078000002
1715408074000, 2024-05-11T06:14:34.000Z, 382.03363040000005, 584.9579282
1715408074015, 2024-05-11T06:14:34.015Z, 386.7669528, 586.026635
1715408074032, 2024-05-11T06:14:34.032Z, 392.0467828, 587.9859840000001
1715408074045, 2024-05-11T06:14:34.045Z, 396.487747, 588.7729298
1715408074076, 2024-05-11T06:14:34.076Z, 396.552372, 591.6839986000001
1715408074093, 2024-05-11T06:14:34.093Z, 399.2532212, 595.5302175999999
1715408074106, 2024-05-11T06:14:34.106Z, 404.8836148, 601.8151514
1715408074120, 2024-05-11T06:14:34.120Z, 411.1236645999999, 604.2156216
1715408074135, 2024-05-11T06:14:34.135Z, 414.99662019999994, 607.5651058
1715408074151, 2024-05-11T06:14:34.151Z, 418.06273600000003, 610.5487043999999
1715408074165, 2024-05-11T06:14:34.165Z, 409.630529, 610.0312268
1715408074183, 2024-05-11T06:14:34.183Z, 370.4772614, 609.064522
1715408074196, 2024-05-11T06:14:34.196Z, 329.9829424, 608.8088302
1715408074227, 2024-05-11T06:14:34.227Z, 286.1085184, 609.457584
1715408074256, 2024-05-11T06:14:34.256Z, 235.059249, 607.443843
1715408074271, 2024-05-11T06:14:34.271Z, 188.08348940000002, 608.3716858
1715408074287, 2024-05-11T06:14:34.287Z, 162.47039719999998, 607.3995458
1715408074303, 2024-05-11T06:14:34.303Z, 138.1585092, 606.414916
1715408074318, 2024-05-11T06:14:34.318Z, 118.9678394, 604.1916924
1715408074334, 2024-05-11T06:14:34.334Z, 110.40396419999999, 605.1789574000001
1715408074350, 2024-05-11T06:14:34.350Z, 104.4056938, 604.5541232
1715408074376, 2024-05-11T06:14:34.376Z, 102.76109019999998, 603.4418024
1715408074390, 2024-05-11T06:14:34.390Z, 102.0371746, 601.3091646
1715408074405, 2024-05-11T06:14:34.405Z, 99.44020760000001, 594.6802934000001
1715408074420, 2024-05-11T06:14:34.420Z, 96.97125100000001, 589.5688726000001
1715408074435, 2024-05-11T06:14:34.435Z, 96.45199040000001, 583.5486374
1715408074450, 2024-05-11T06:14:34.450Z, 94.3913172, 579.9894873999999
1715408074475, 2024-05-11T06:14:34.475Z, 93.40906220000001, 577.887367
1715408074490, 2024-05-11T06:14:34.490Z, 93.73218440000001, 579.5464006
1715408074506, 2024-05-11T06:14:34.506Z, 92.98094060000001, 576.1206679999999
1715408074530, 2024-05-11T06:14:34.530Z, 105.0833638, 575.6003827999999
1715408074540, 2024-05-11T06:14:34.540Z, 126.03207520000001, 575.5684507999999
1715408074555, 2024-05-11T06:14:34.555Z, 152.84480920000001, 579.5275242
1715408074570, 2024-05-11T06:14:34.570Z, 182.7138418, 586.285963
1715408074585, 2024-05-11T06:14:34.585Z, 210.31331, 593.6283756
1715408074601, 2024-05-11T06:14:34.601Z, 228.4281686, 603.2981014
1715408074615, 2024-05-11T06:14:34.615Z, 237.9668702, 608.997144
1715408074630, 2024-05-11T06:14:34.630Z, 244.7413524, 609.52763
1715408074645, 2024-05-11T06:14:34.645Z, 251.0240714, 609.141222
1715408074676, 2024-05-11T06:14:34.676Z, 261.3342454, 608.3721648
1715408074692, 2024-05-11T06:14:34.692Z, 266.98896840000003, 601.4785184
1715408074707, 2024-05-11T06:14:34.707Z, 271.71330720000003, 596.0379512000001
1715408074723, 2024-05-11T06:14:34.723Z, 271.6328782, 591.4271056
1715408074738, 2024-05-11T06:14:34.738Z, 267.7069902, 583.7103288000001
1715408074754, 2024-05-11T06:14:34.754Z, 264.1402158, 583.063631
1715408074770, 2024-05-11T06:14:34.770Z, 262.7652948, 589.3527086
1715408074785, 2024-05-11T06:14:34.785Z, 262.9421848, 595.3558776
1715408074801, 2024-05-11T06:14:34.801Z, 263.1596614, 601.9545768
1715408074826, 2024-05-11T06:14:34.826Z, 264.6715158, 609.4861778
1715408074843, 2024-05-11T06:14:34.843Z, 263.8627338, 610.7273626
1715408074863, 2024-05-11T06:14:34.863Z, 261.506438, 605.9979288
1715408074879, 2024-05-11T06:14:34.879Z, 259.8418158, 601.4785201999999
1715408074896, 2024-05-11T06:14:34.896Z, 257.49044139999995, 593.3899228
1715408074911, 2024-05-11T06:14:34.911Z, 256.1621718, 586.6472172
1715408074927, 2024-05-11T06:14:34.927Z, 255.3295542, 581.5248509999999
1715408074944, 2024-05-11T06:14:34.944Z, 254.74873039999997, 576.9952716
1715408074958, 2024-05-11T06:14:34.958Z, 255.3337714, 573.5264588
1715408074977, 2024-05-11T06:14:34.977Z, 256.59838840000003, 572.8390986
1715408074990, 2024-05-11T06:14:34.990Z, 257.210959, 574.8885494
1715408075005, 2024-05-11T06:14:35.005Z, 258.26783340000003, 579.1725567999999
1715408075020, 2024-05-11T06:14:35.020Z, 260.1608538, 586.0644179999999
1715408075036, 2024-05-11T06:14:35.036Z, 260.4151516, 595.7713874000001
1715408075052, 2024-05-11T06:14:35.052Z, 269.4927242, 603.8640281999999
1715408075067, 2024-05-11T06:14:35.067Z, 286.20726840000003, 608.8116620000001
1715408075083, 2024-05-11T06:14:35.083Z, 304.2317054, 610.3842912000001
1715408075099, 2024-05-11T06:14:35.099Z, 323.04115140000005, 610.0754850000001
1715408075126, 2024-05-11T06:14:35.126Z, 350.2065394, 603.8588942
1715408075146, 2024-05-11T06:14:35.146Z, 369.30380019999996, 601.4417960000001
1715408075162, 2024-05-11T06:14:35.162Z, 381.47278300000005, 599.8621452
1715408075176, 2024-05-11T06:14:35.176Z, 392.6717722, 599.1435106000001
1715408075192, 2024-05-11T06:14:35.192Z, 404.0276182, 599.2312978
1715408075207, 2024-05-11T06:14:35.207Z, 408.1177214, 600.7338527999999
1715408075222, 2024-05-11T06:14:35.222Z, 413.047941, 600.2822136
1715408075238, 2024-05-11T06:14:35.238Z, 417.003924, 598.9207576000001
1715408075254, 2024-05-11T06:14:35.254Z, 420.7587126, 597.8836724
1715408075276, 2024-05-11T06:14:35.276Z, 422.1706478, 596.2696806000001
1715408075290, 2024-05-11T06:14:35.290Z, 423.06502680000006, 593.7964742
1715408075316, 2024-05-11T06:14:35.316Z, 420.86221439999997, 590.9711881999999
1715408075332, 2024-05-11T06:14:35.332Z, 414.02208979999995, 588.1989339999999
1715408075347, 2024-05-11T06:14:35.347Z, 405.0444652, 591.8042352
1715408075363, 2024-05-11T06:14:35.363Z, 395.3090102, 590.5270532
1715408075379, 2024-05-11T06:14:35.379Z, 385.160645, 592.2180932
1715408075427, 2024-05-11T06:14:35.427Z, 371.3027224, 590.5421853999999
1715408075441, 2024-05-11T06:14:35.441Z, 363.0551994, 590.3278184
1715408075472, 2024-05-11T06:14:35.472Z, 356.5569864, 585.9542650000001
1715408075488, 2024-05-11T06:14:35.488Z, 352.3232946, 590.4679562
1715408075518, 2024-05-11T06:14:35.518Z, 497.04586, 561.9162206000001
1715408075534, 2024-05-11T06:14:35.534Z, 649.1461112, 533.069469
1715408075576, 2024-05-11T06:14:35.576Z, 796.3479416, 494.8358158
1715408075605, 2024-05-11T06:14:35.605Z, 946.8887198, 465.7257474
1715408075619, 2024-05-11T06:14:35.619Z, 1101.0300358, 423.37084139999996
1715408075635, 2024-05-11T06:14:35.635Z, 1123.978395, 410.479618
1715408075659, 2024-05-11T06:14:35.659Z, 1143.2777348000002, 402.94345400000003
1715408075674, 2024-05-11T06:14:35.674Z, 1166.8048210000002, 403.66556879999996
1715408075689, 2024-05-11T06:14:35.689Z, 1184.7066055999999, 395.2398824
1715408075705, 2024-05-11T06:14:35.705Z, 1202.6825494, 393.99196199999994
1715408075730, 2024-05-11T06:14:35.730Z, 1201.798436, 395.07329259999995
1715408075742, 2024-05-11T06:14:35.742Z, 1203.0590029999998, 395.40939979999996
1715408075765, 2024-05-11T06:14:35.765Z, 1204.1952214, 395.88664120000004
1715408075781, 2024-05-11T06:14:35.781Z, 1205.6108992, 396.012826
1715408075796, 2024-05-11T06:14:35.796Z, 1207.0018216, 388.9365154
1715408075811, 2024-05-11T06:14:35.811Z, 1209.7210314, 379.35934660000004
1715408075827, 2024-05-11T06:14:35.827Z, 1216.4652692, 361.91290019999997
1715408075842, 2024-05-11T06:14:35.842Z, 1223.5976660000001, 344.5017746
1715408075858, 2024-05-11T06:14:35.858Z, 1237.5024252, 321.094828
1715408075876, 2024-05-11T06:14:35.876Z, 1250.0588862, 304.6085704
1715408075890, 2024-05-11T06:14:35.890Z, 1265.3466902, 284.8356628
1715408075905, 2024-05-11T06:14:35.905Z, 1276.2884451999998, 274.0669626
1715408075920, 2024-05-11T06:14:35.920Z, 1285.6538494000001, 264.4176994
1715408075937, 2024-05-11T06:14:35.937Z, 1289.0779742, 260.351802
1715408075966, 2024-05-11T06:14:35.966Z, 1291.1226192, 255.76934780000002
1715408075973, 2024-05-11T06:14:35.973Z, 1289.8203991999999, 254.6181306
1715408075983, 2024-05-11T06:14:35.983Z, 1289.4843551999998, 251.3454532
1715408075998, 2024-05-11T06:14:35.998Z, 1292.7178126, 249.6999726
1715408076045, 2024-05-11T06:14:36.045Z, 1301.1394312, 246.49777440000003
1715408076060, 2024-05-11T06:14:36.060Z, 1309.6948201999999, 246.22362560000002
1715408076076, 2024-05-11T06:14:36.076Z, 1327.147436, 244.6107598
1715408076091, 2024-05-11T06:14:36.091Z, 1365.5393448, 230.03363180000002
1715408076106, 2024-05-11T06:14:36.106Z, 1401.3113817999997, 213.11467520000002
1715408076122, 2024-05-11T06:14:36.122Z, 1432.3267098000001, 198.9345008
1715408076138, 2024-05-11T06:14:36.138Z, 1462.560616, 186.4615252
1715408076152, 2024-05-11T06:14:36.152Z, 1484.1930473999998, 178.28971919999998
1715408076176, 2024-05-11T06:14:36.176Z, 1485.2705514, 184.3551046
1715408076190, 2024-05-11T06:14:36.190Z, 1489.7712972000002, 188.7668716
1715408076205, 2024-05-11T06:14:36.205Z, 1502.0519428, 187.34834659999999
1715408076220, 2024-05-11T06:14:36.220Z, 1516.6835311999998, 184.1075624
1715408076237, 2024-05-11T06:14:36.237Z, 1538.0600055999998, 177.7537386
1715408076252, 2024-05-11T06:14:36.252Z, 1564.6874506, 171.02430700000002
1715408076265, 2024-05-11T06:14:36.265Z, 1585.9074234000002, 165.15292540000002
1715408076280, 2024-05-11T06:14:36.280Z, 1607.6107284000002, 162.63944940000002
1715408076298, 2024-05-11T06:14:36.298Z, 1631.9902822, 157.7863468
1715408076330, 2024-05-11T06:14:36.330Z, 1653.5606361999999, 154.786825
1715408076340, 2024-05-11T06:14:36.340Z, 1669.8480024, 149.4280522
1715408076355, 2024-05-11T06:14:36.355Z, 1687.8564762, 146.383015
1715408076374, 2024-05-11T06:14:36.374Z, 1696.9307355999997, 145.63614339999998
1715408076387, 2024-05-11T06:14:36.387Z, 1701.0472976, 147.6910226
1715408076403, 2024-05-11T06:14:36.403Z, 1694.4854356, 152.093684
1715408076418, 2024-05-11T06:14:36.418Z, 1685.6364065999999, 158.8212316
1715408076434, 2024-05-11T06:14:36.434Z, 1678.7653511999997, 163.9504012
1715408076450, 2024-05-11T06:14:36.450Z, 1674.8602232, 167.08986199999998
1715408076476, 2024-05-11T06:14:36.476Z, 1670.6567402, 170.06616119999998
1715408076490, 2024-05-11T06:14:36.490Z, 1672.772449, 170.5896008
1715408076513, 2024-05-11T06:14:36.513Z, 1676.8088032, 170.25383240000002
1715408076528, 2024-05-11T06:14:36.528Z, 1680.062928, 169.9051958
1715408076543, 2024-05-11T06:14:36.543Z, 1681.0729228, 170.82500180000002
1715408076561, 2024-05-11T06:14:36.561Z, 1679.4730854000002, 174.3515832
1715408076574, 2024-05-11T06:14:36.574Z, 1677.3872554000002, 177.247647
1715408076590, 2024-05-11T06:14:36.590Z, 1674.7580942, 181.32284140000002
1715408076605, 2024-05-11T06:14:36.605Z, 1672.2391454, 187.64786879999997
1715408076629, 2024-05-11T06:14:36.629Z, 1671.5755526, 189.93324560000002
1715408076642, 2024-05-11T06:14:36.642Z, 1673.930096, 189.77992879999996
1715408076655, 2024-05-11T06:14:36.655Z, 1676.5675658, 189.8147194
1715408076670, 2024-05-11T06:14:36.670Z, 1678.2009057999999, 190.0160466
1715408076685, 2024-05-11T06:14:36.685Z, 1678.4441508, 187.7297496
1715408076699, 2024-05-11T06:14:36.699Z, 1676.8181312000002, 188.33603899999997
1715408076714, 2024-05-11T06:14:36.714Z, 1675.0972761999997, 189.1168346
1715408076730, 2024-05-11T06:14:36.730Z, 1672.9264552, 191.05277260000003
1715408076746, 2024-05-11T06:14:36.746Z, 1671.110763, 194.0364092
1715408076774, 2024-05-11T06:14:36.774Z, 1670.1847453999999, 197.672729
1715408076788, 2024-05-11T06:14:36.788Z, 1668.1226212000001, 200.7546902
1715408076804, 2024-05-11T06:14:36.804Z, 1665.6706258000002, 203.1409188
1715408076818, 2024-05-11T06:14:36.818Z, 1663.9489976, 204.3334974
1715408076838, 2024-05-11T06:14:36.838Z, 1663.1641480000003, 202.595357
1715408076853, 2024-05-11T06:14:36.853Z, 1662.8663688000001, 198.93310119999998
1715408076869, 2024-05-11T06:14:36.869Z, 1663.8125291999997, 196.0442086
1715408076885, 2024-05-11T06:14:36.885Z, 1666.1459756, 191.4308672
1715408076901, 2024-05-11T06:14:36.901Z, 1669.3846396000001, 186.0964878
1715408076924, 2024-05-11T06:14:36.924Z, 1670.4205682, 184.5282348
1715408076938, 2024-05-11T06:14:36.938Z, 1670.7000158000003, 188.7561898
1715408076953, 2024-05-11T06:14:36.953Z, 1670.15222, 194.3247632
1715408076968, 2024-05-11T06:14:36.968Z, 1664.0930392000002, 213.61246179999998
1715408076983, 2024-05-11T06:14:36.983Z, 1655.5944927999997, 239.25161040000003
1715408076998, 2024-05-11T06:14:36.998Z, 1651.6318216, 265.7400442
1715408077013, 2024-05-11T06:14:37.013Z, 1646.910659, 290.95142240000007
1715408077033, 2024-05-11T06:14:37.033Z, 1645.1082695999999, 314.1524068
1715408077043, 2024-05-11T06:14:37.043Z, 1644.6961906000001, 326.7231702
1715408077075, 2024-05-11T06:14:37.075Z, 1649.3494992, 333.10821940000005
1715408077089, 2024-05-11T06:14:37.089Z, 1651.487377, 335.03127120000005
1715408077103, 2024-05-11T06:14:37.103Z, 1651.5918993999999, 335.0202186
1715408077119, 2024-05-11T06:14:37.119Z, 1649.5857195999997, 335.579928
1715408077137, 2024-05-11T06:14:37.137Z, 1654.643729, 333.49664939999997
1715408077150, 2024-05-11T06:14:37.150Z, 1653.7838471999999, 331.1168882
1715408077166, 2024-05-11T06:14:37.166Z, 1650.5149836, 330.749632
1715408077182, 2024-05-11T06:14:37.182Z, 1650.6881064000002, 328.9258816
1715408077197, 2024-05-11T06:14:37.197Z, 1653.4404739999998, 326.87423520000004
1715408077227, 2024-05-11T06:14:37.227Z, 1652.2687197999999, 327.394018
1715408077244, 2024-05-11T06:14:37.244Z, 1654.5811697999998, 327.80906880000003
1715408077260, 2024-05-11T06:14:37.260Z, 1658.8722354000001, 327.81311100000005
1715408077275, 2024-05-11T06:14:37.275Z, 1665.2184380000003, 327.51531020000004
1715408077291, 2024-05-11T06:14:37.291Z, 1670.3754332, 326.10414060000005
1715408077306, 2024-05-11T06:14:37.306Z, 1674.7815862000002, 323.0704744
1715408077322, 2024-05-11T06:14:37.322Z, 1669.6819262000001, 322.0648218
1715408077337, 2024-05-11T06:14:37.337Z, 1631.3899002, 307.76412519999997
1715408077352, 2024-05-11T06:14:37.352Z, 1587.6765546000001, 292.2069774
1715408077376, 2024-05-11T06:14:37.376Z, 1539.6037746, 276.5588694
1715408077399, 2024-05-11T06:14:37.399Z, 1482.354885, 256.155438
1715408077414, 2024-05-11T06:14:37.414Z, 1434.2597349999999, 235.01044240000002
1715408077430, 2024-05-11T06:14:37.430Z, 1419.5405702, 226.0006616
1715408077445, 2024-05-11T06:14:37.445Z, 1407.5843414, 216.4720084
1715408077461, 2024-05-11T06:14:37.461Z, 1395.9905056000002, 205.3055298
1715408077477, 2024-05-11T06:14:37.477Z, 1393.9035992000001, 199.9703716
1715408077493, 2024-05-11T06:14:37.493Z, 1390.0789356, 194.6993148
1715408077509, 2024-05-11T06:14:37.509Z, 1385.1848323999998, 189.3686952
1715408077527, 2024-05-11T06:14:37.527Z, 1377.3717454, 184.8578804
1715408077541, 2024-05-11T06:14:37.541Z, 1367.3554967999999, 180.488092
1715408077572, 2024-05-11T06:14:37.572Z, 1341.2915681999998, 173.9276664
1715408077587, 2024-05-11T06:14:37.587Z, 1310.4607538, 168.37152200000003
1715408077603, 2024-05-11T06:14:37.603Z, 1275.3636602000001, 163.707101
1715408077619, 2024-05-11T06:14:37.619Z, 1243.400664, 160.095377
1715408077635, 2024-05-11T06:14:37.635Z, 1217.2319872, 159.8080616
1715408077650, 2024-05-11T06:14:37.650Z, 1207.8355571999998, 164.7815502
1715408077677, 2024-05-11T06:14:37.677Z, 1204.6598866, 168.6930362
1715408077690, 2024-05-11T06:14:37.690Z, 1206.2579139999998, 172.81591279999998
1715408077706, 2024-05-11T06:14:37.706Z, 1207.0173932, 176.8348116
1715408077721, 2024-05-11T06:14:37.721Z, 1207.4148914, 178.9012496
1715408077737, 2024-05-11T06:14:37.737Z, 1207.30892, 177.6085062
1715408077751, 2024-05-11T06:14:37.751Z, 1208.2044828, 175.9525342
1715408077766, 2024-05-11T06:14:37.766Z, 1208.6011136000002, 173.7266874
1715408077782, 2024-05-11T06:14:37.782Z, 1209.3017286, 172.29837060000003
1715408077795, 2024-05-11T06:14:37.795Z, 1209.1624058, 172.5456766
1715408077829, 2024-05-11T06:14:37.829Z, 1204.9378638000003, 170.16002640000002
1715408077851, 2024-05-11T06:14:37.851Z, 1198.406357, 170.1568648
1715408077867, 2024-05-11T06:14:37.867Z, 1190.1002902, 170.1199824
1715408077883, 2024-05-11T06:14:37.883Z, 1180.3967354000001, 172.3432588
1715408077899, 2024-05-11T06:14:37.899Z, 1170.5742756, 173.51838800000002
1715408077915, 2024-05-11T06:14:37.915Z, 1164.7893344, 177.5578142
1715408077933, 2024-05-11T06:14:37.933Z, 1162.3662049999998, 181.35217559999998
1715408077946, 2024-05-11T06:14:37.946Z, 1163.7073512, 189.15461220000003
1715408077977, 2024-05-11T06:14:37.977Z, 1167.1244695999999, 195.5664424
1715408077993, 2024-05-11T06:14:37.993Z, 1170.9634762, 202.48470479999997
1715408078009, 2024-05-11T06:14:38.009Z, 1174.0323554000001, 209.4786298
1715408078025, 2024-05-11T06:14:38.025Z, 1174.1328162000002, 215.3867406
1715408078040, 2024-05-11T06:14:38.040Z, 1172.5030134, 217.3119028
1715408078055, 2024-05-11T06:14:38.055Z, 1172.5736652, 217.327793
1715408078070, 2024-05-11T06:14:38.070Z, 1172.8343446, 215.97080340000002
1715408078086, 2024-05-11T06:14:38.086Z, 1173.3342992, 214.57995259999998
1715408078101, 2024-05-11T06:14:38.101Z, 1174.6537750000002, 212.1203608
1715408078127, 2024-05-11T06:14:38.127Z, 1175.7692966, 210.10288440000005
1715408078141, 2024-05-11T06:14:38.141Z, 1174.671346, 210.1928932
1715408078156, 2024-05-11T06:14:38.156Z, 1173.2707042, 211.54853240000003
1715408078171, 2024-05-11T06:14:38.171Z, 1172.028426, 208.589948
1715408078186, 2024-05-11T06:14:38.186Z, 1170.2868488, 204.9433264
1715408078202, 2024-05-11T06:14:38.202Z, 1168.6183314, 201.679561
1715408078216, 2024-05-11T06:14:38.216Z, 1167.140895, 196.566959
1715408078231, 2024-05-11T06:14:38.231Z, 1165.1922892, 190.05834779999998
1715408078244, 2024-05-11T06:14:38.244Z, 1163.2583915999999, 187.44174919999998
1715408078274, 2024-05-11T06:14:38.274Z, 1161.0770208000001, 187.48752919999998
1715408078289, 2024-05-11T06:14:38.289Z, 1159.2963058, 186.130702
1715408078304, 2024-05-11T06:14:38.304Z, 1159.3293048, 184.3791908
1715408078320, 2024-05-11T06:14:38.320Z, 1161.6969805999997, 184.618893
1715408078335, 2024-05-11T06:14:38.335Z, 1166.0468198, 187.630072
1715408078350, 2024-05-11T06:14:38.350Z, 1171.5695216, 189.6789152
1715408078366, 2024-05-11T06:14:38.366Z, 1176.1151344000002, 192.67016360000002
1715408078381, 2024-05-11T06:14:38.381Z, 1179.4366878, 195.417885
1715408078397, 2024-05-11T06:14:38.397Z, 1180.4750822, 195.528714
1715408078425, 2024-05-11T06:14:38.425Z, 1178.7995912, 192.47910359999997
1715408078438, 2024-05-11T06:14:38.438Z, 1173.0581822, 188.0764222
1715408078453, 2024-05-11T06:14:38.453Z, 1169.8278422, 181.72595859999998
1715408078483, 2024-05-11T06:14:38.483Z, 1167.757786, 176.44605559999997
1715408078498, 2024-05-11T06:14:38.498Z, 1170.8981210000002, 174.65728539999998
1715408078513, 2024-05-11T06:14:38.513Z, 1188.4738216, 182.21792339999996
1715408078528, 2024-05-11T06:14:38.528Z, 1237.2951386, 205.35597980000003
1715408078543, 2024-05-11T06:14:38.543Z, 1288.1734356000002, 232.13619720000003
1715408078574, 2024-05-11T06:14:38.574Z, 1343.7164826, 261.5279874
1715408078588, 2024-05-11T06:14:38.588Z, 1396.5164932, 291.4631002
1715408078603, 2024-05-11T06:14:38.603Z, 1433.9449382, 315.31495739999997
1715408078618, 2024-05-11T06:14:38.618Z, 1444.5158392, 324.4771886
1715408078637, 2024-05-11T06:14:38.637Z, 1453.2305648000001, 338.0123634
1715408078648, 2024-05-11T06:14:38.648Z, 1455.5807064, 345.1765914
1715408078663, 2024-05-11T06:14:38.663Z, 1456.5688672, 350.7761976
1715408078678, 2024-05-11T06:14:38.678Z, 1462.8072648000002, 346.60618719999997
1715408078693, 2024-05-11T06:14:38.693Z, 1467.7571528, 342.8910758
1715408078730, 2024-05-11T06:14:38.730Z, 1469.8609682000001, 337.4189084
1715408078754, 2024-05-11T06:14:38.754Z, 1475.4543248, 338.1544358
1715408078770, 2024-05-11T06:14:38.770Z, 1481.533947, 338.3747754
1715408078786, 2024-05-11T06:14:38.786Z, 1503.8606074, 346.4703326
1715408078801, 2024-05-11T06:14:38.801Z, 1528.7598608, 354.4091196
1715408078817, 2024-05-11T06:14:38.817Z, 1569.8996428000003, 352.6324106
1715408078833, 2024-05-11T06:14:38.833Z, 1608.9759830000003, 346.5675416
1715408078848, 2024-05-11T06:14:38.848Z, 1648.4221306000004, 340.33773
1715408078874, 2024-05-11T06:14:38.874Z, 1667.944265, 332.190872
1715408078888, 2024-05-11T06:14:38.888Z, 1687.2103622, 322.28802939999997
1715408078903, 2024-05-11T06:14:38.903Z, 1692.4724627999997, 318.5777174
1715408078918, 2024-05-11T06:14:38.918Z, 1697.1042714000002, 317.3420728
1715408078933, 2024-05-11T06:14:38.933Z, 1699.5306206, 318.6273122
1715408078948, 2024-05-11T06:14:38.948Z, 1700.7836320000001, 322.31626939999995
1715408078967, 2024-05-11T06:14:38.967Z, 1698.5865010000002, 327.82579139999996
1715408078982, 2024-05-11T06:14:38.982Z, 1695.2150649999999, 332.207407
1715408078993, 2024-05-11T06:14:38.993Z, 1692.8657366, 335.3773978
1715408079025, 2024-05-11T06:14:39.025Z, 1689.9932347999998, 336.8917444
1715408079050, 2024-05-11T06:14:39.050Z, 1686.8917198, 335.0997776
1715408079065, 2024-05-11T06:14:39.065Z, 1684.874092, 332.8541218
1715408079080, 2024-05-11T06:14:39.080Z, 1683.2216789999998, 332.242523
1715408079095, 2024-05-11T06:14:39.095Z, 1681.2745728000002, 331.5391532
1715408079110, 2024-05-11T06:14:39.110Z, 1678.966303, 329.7049302
1715408079126, 2024-05-11T06:14:39.126Z, 1678.0617218, 329.808981
1715408079142, 2024-05-11T06:14:39.142Z, 1677.7153638, 329.9352426
1715408079157, 2024-05-11T06:14:39.157Z, 1678.1120842, 329.39258440000003
1715408079179, 2024-05-11T06:14:39.179Z, 1674.3464262000002, 328.3055958
1715408079192, 2024-05-11T06:14:39.192Z, 1673.8109366, 327.8729948
1715408079208, 2024-05-11T06:14:39.208Z, 1672.7392724000001, 327.9570056
1715408079223, 2024-05-11T06:14:39.223Z, 1670.0657933999998, 329.0867848
1715408079235, 2024-05-11T06:14:39.235Z, 1666.3028038, 329.69875379999996
1715408079251, 2024-05-11T06:14:39.251Z, 1665.8202918, 331.457405
1715408079283, 2024-05-11T06:14:39.283Z, 1664.9344766, 333.5548358
1715408079299, 2024-05-11T06:14:39.299Z, 1667.5347436, 334.26146
1715408079325, 2024-05-11T06:14:39.325Z, 1671.4629982, 333.6128074
1715408079339, 2024-05-11T06:14:39.339Z, 1676.0275265999996, 332.01184920000003
1715408079355, 2024-05-11T06:14:39.355Z, 1680.8919999999998, 329.4323398
1715408079373, 2024-05-11T06:14:39.373Z, 1685.3407732, 327.079151
1715408079384, 2024-05-11T06:14:39.384Z, 1685.8335118, 328.4876532
1715408079399, 2024-05-11T06:14:39.399Z, 1685.4154999999998, 331.1461408
1715408079414, 2024-05-11T06:14:39.414Z, 1684.3389049999998, 335.2585614
1715408079432, 2024-05-11T06:14:39.432Z, 1681.1642948, 341.7670824
1715408079455, 2024-05-11T06:14:39.455Z, 1675.3821283999998, 349.5864176
1715408079477, 2024-05-11T06:14:39.477Z, 1671.4243540000002, 355.06953899999996
1715408079489, 2024-05-11T06:14:39.489Z, 1642.4057871999998, 369.87021859999993
1715408079504, 2024-05-11T06:14:39.504Z, 1592.0311646, 389.3871456
1715408079522, 2024-05-11T06:14:39.522Z, 1538.8174804, 407.5743832
1715408079534, 2024-05-11T06:14:39.534Z, 1484.7667503999999, 424.05445599999996
1715408079550, 2024-05-11T06:14:39.550Z, 1410.6888705999997, 432.9735332
1715408079565, 2024-05-11T06:14:39.565Z, 1361.4584964, 432.6729322
1715408079581, 2024-05-11T06:14:39.581Z, 1333.8100292, 426.70958899999994
1715408079596, 2024-05-11T06:14:39.596Z, 1311.8508743999998, 421.118519
1715408079624, 2024-05-11T06:14:39.624Z, 1293.6048124, 414.48474719999996
1715408079638, 2024-05-11T06:14:39.638Z, 1294.6008172, 416.75651600000003
1715408079658, 2024-05-11T06:14:39.658Z, 1296.9342322, 417.8206206
1715408079668, 2024-05-11T06:14:39.668Z, 1299.5092422, 424.27888139999993
1715408079683, 2024-05-11T06:14:39.683Z, 1299.2468534, 432.17080160000006
1715408079698, 2024-05-11T06:14:39.698Z, 1296.9191052, 437.98586779999994
1715408079713, 2024-05-11T06:14:39.713Z, 1291.5175214, 443.7699838
1715408079728, 2024-05-11T06:14:39.728Z, 1286.4461150000002, 449.540103
1715408079743, 2024-05-11T06:14:39.743Z, 1282.3138852, 447.6068378
1715408079774, 2024-05-11T06:14:39.774Z, 1276.0250632, 445.02313160000006
1715408079793, 2024-05-11T06:14:39.793Z, 1270.5221940000001, 445.6138178
1715408079803, 2024-05-11T06:14:39.803Z, 1264.5169372, 443.14220379999995
1715408079823, 2024-05-11T06:14:39.823Z, 1254.7422212000001, 439.90212
1715408079837, 2024-05-11T06:14:39.837Z, 1235.8252705999998, 441.92543220000005
1715408079848, 2024-05-11T06:14:39.848Z, 1217.9957709999999, 440.5312578
1715408079864, 2024-05-11T06:14:39.864Z, 1200.4669348, 439.0524894
1715408079884, 2024-05-11T06:14:39.884Z, 1186.8208296, 438.33082379999996
1715408079894, 2024-05-11T06:14:39.894Z, 1176.5956092000001, 437.817762
1715408079924, 2024-05-11T06:14:39.924Z, 1172.907345, 438.14047300000004
1715408079940, 2024-05-11T06:14:39.940Z, 1172.389022, 441.5172758
1715408079956, 2024-05-11T06:14:39.956Z, 1172.5125242, 445.40681539999997
1715408079972, 2024-05-11T06:14:39.972Z, 1172.3740721999998, 451.2395592000001
1715408079988, 2024-05-11T06:14:39.988Z, 1172.5902752000002, 458.344225
1715408080003, 2024-05-11T06:14:40.003Z, 1173.8643028, 460.32239319999996
1715408080019, 2024-05-11T06:14:40.019Z, 1173.567066, 459.6095596
1715408080034, 2024-05-11T06:14:40.034Z, 1171.6522412000002, 456.5697
1715408080050, 2024-05-11T06:14:40.050Z, 1169.527738, 452.3146559999999
1715408080074, 2024-05-11T06:14:40.074Z, 1165.7953149999998, 442.86460580000005
1715408080088, 2024-05-11T06:14:40.088Z, 1164.81679, 429.477855
1715408080103, 2024-05-11T06:14:40.103Z, 1174.0373337999997, 415.61140919999997
1715408080118, 2024-05-11T06:14:40.118Z, 1191.4621528, 405.25983299999996
1715408080137, 2024-05-11T06:14:40.137Z, 1212.6641162, 399.5131756
1715408080148, 2024-05-11T06:14:40.148Z, 1237.6756622, 400.12458319999996
1715408080163, 2024-05-11T06:14:40.163Z, 1258.8031598000002, 407.5242502
1715408080183, 2024-05-11T06:14:40.183Z, 1269.5490853999997, 417.80843059999995
1715408080193, 2024-05-11T06:14:40.193Z, 1273.5541397999998, 427.80519480000004
1715408080224, 2024-05-11T06:14:40.224Z, 1268.6786034000002, 434.2769596
1715408080238, 2024-05-11T06:14:40.238Z, 1253.6516901999998, 439.4720586
1715408080258, 2024-05-11T06:14:40.258Z, 1233.7229024, 442.7205062
1715408080268, 2024-05-11T06:14:40.268Z, 1202.2470128, 443.6719254000001
1715408080284, 2024-05-11T06:14:40.284Z, 1171.0579026, 442.92325839999995
1715408080300, 2024-05-11T06:14:40.300Z, 1143.1614474, 441.27037199999995
1715408080316, 2024-05-11T06:14:40.316Z, 1121.0527306, 437.2802978000001
1715408080333, 2024-05-11T06:14:40.333Z, 1104.6918156, 433.631309
1715408080347, 2024-05-11T06:14:40.347Z, 1100.5375328, 431.7205588
1715408080374, 2024-05-11T06:14:40.374Z, 1101.4942936000002, 426.902697
1715408080388, 2024-05-11T06:14:40.388Z, 1104.1122030000001, 422.68388919999995
1715408080403, 2024-05-11T06:14:40.403Z, 1109.5447774, 419.4636326
1715408080418, 2024-05-11T06:14:40.418Z, 1116.2479808, 416.2034856
1715408080448, 2024-05-11T06:14:40.448Z, 1122.9402548, 413.44096460000003
1715408080463, 2024-05-11T06:14:40.463Z, 1122.5420058000002, 416.816623
1715408080497, 2024-05-11T06:14:40.497Z, 1121.2781516, 420.54325499999993
1715408080530, 2024-05-11T06:14:40.530Z, 1117.5599256, 425.4976842
1715408080540, 2024-05-11T06:14:40.540Z, 1113.4570982, 430.90932840000005
1715408080553, 2024-05-11T06:14:40.553Z, 1110.2708146, 435.1151980000001
1715408080568, 2024-05-11T06:14:40.568Z, 1108.2554248000001, 436.0519276
1715408080585, 2024-05-11T06:14:40.585Z, 1108.3380244, 434.56464100000005
1715408080598, 2024-05-11T06:14:40.598Z, 1110.0963729999999, 432.68668360000004
1715408080613, 2024-05-11T06:14:40.613Z, 1110.5721959999998, 430.2368994
1715408080634, 2024-05-11T06:14:40.634Z, 1110.5912264, 428.0549846
1715408080647, 2024-05-11T06:14:40.647Z, 1110.4251755999999, 426.2146159999999
1715408080678, 2024-05-11T06:14:40.678Z, 1109.2928464000001, 425.9810026
1715408080692, 2024-05-11T06:14:40.692Z, 1108.0879876, 425.9592112
1715408080707, 2024-05-11T06:14:40.707Z, 1106.9754773999998, 427.30202959999997
1715408080722, 2024-05-11T06:14:40.722Z, 1103.7789566, 432.4050085999999
1715408080738, 2024-05-11T06:14:40.738Z, 1099.1653238000001, 441.67161180000005
1715408080753, 2024-05-11T06:14:40.753Z, 1094.6095796, 451.2223424
1715408080770, 2024-05-11T06:14:40.770Z, 1091.7633164, 461.0394444
1715408080785, 2024-05-11T06:14:40.785Z, 1091.5122768, 470.78057060000003
1715408080801, 2024-05-11T06:14:40.801Z, 1093.7422696, 477.0423842
1715408080826, 2024-05-11T06:14:40.826Z, 1087.1387449999997, 476.419146
1715408080855, 2024-05-11T06:14:40.855Z, 1070.8398578000001, 473.11900719999994
1715408080869, 2024-05-11T06:14:40.869Z, 1041.5479894, 468.71969559999997
1715408080884, 2024-05-11T06:14:40.884Z, 932.132978, 450.020168
1715408080899, 2024-05-11T06:14:40.899Z, 818.3107623999999, 430.66166080000005
1715408080917, 2024-05-11T06:14:40.917Z, 682.2682779999999, 421.3464468
1715408080942, 2024-05-11T06:14:40.942Z, 554.3079166, 410.8569566
1715408080958, 2024-05-11T06:14:40.958Z, 438.2495548, 398.4259102
1715408080975, 2024-05-11T06:14:40.975Z, 387.8176458, 390.0769862
1715408080990, 2024-05-11T06:14:40.990Z, 335.7855882, 382.3882032
1715408081004, 2024-05-11T06:14:41.004Z, 317.3584436, 369.96059560000003
1715408081020, 2024-05-11T06:14:41.020Z, 300.75138680000003, 361.1630798
1715408081036, 2024-05-11T06:14:41.036Z, 281.9283468, 353.6188714
1715408081052, 2024-05-11T06:14:41.052Z, 275.61708780000004, 355.2887258
1715408081068, 2024-05-11T06:14:41.068Z, 273.4881978, 356.88793580000004
1715408081083, 2024-05-11T06:14:41.083Z, 269.5209080000001, 356.112525
1715408081099, 2024-05-11T06:14:41.099Z, 264.07389079999996, 355.9329862000001
1715408081126, 2024-05-11T06:14:41.126Z, 247.3493986, 355.8749436
1715408081146, 2024-05-11T06:14:41.146Z, 228.6241368, 355.530849
1715408081161, 2024-05-11T06:14:41.161Z, 209.69754859999998, 355.9155488
1715408081177, 2024-05-11T06:14:41.177Z, 187.46279640000003, 356.0445336
1715408081192, 2024-05-11T06:14:41.192Z, 166.300505, 355.9031346
1715408081207, 2024-05-11T06:14:41.207Z, 162.8982568, 363.1451154
1715408081223, 2024-05-11T06:14:41.223Z, 162.742966, 370.9432038
1715408081238, 2024-05-11T06:14:41.238Z, 162.2100316, 377.05021659999994
1715408081254, 2024-05-11T06:14:41.254Z, 166.36696460000002, 378.61664199999996
1715408081278, 2024-05-11T06:14:41.278Z, 172.8444772, 371.915291
1715408081288, 2024-05-11T06:14:41.288Z, 176.5340916, 359.1093494
1715408081308, 2024-05-11T06:14:41.308Z, 187.98605860000004, 354.2046404000001
1715408081338, 2024-05-11T06:14:41.338Z, 221.7959566, 355.2396624
1715408081348, 2024-05-11T06:14:41.348Z, 261.7541392, 361.005591
1715408081363, 2024-05-11T06:14:41.363Z, 302.87020859999996, 376.0155312
1715408081378, 2024-05-11T06:14:41.378Z, 341.4856618, 392.18093179999994
1715408081393, 2024-05-11T06:14:41.393Z, 370.25989200000004, 403.13316399999997
1715408081424, 2024-05-11T06:14:41.424Z, 374.9307548, 405.7694816
1715408081440, 2024-05-11T06:14:41.440Z, 374.88158, 409.35136239999997
1715408081456, 2024-05-11T06:14:41.456Z, 371.3707202, 410.0329057999999
1715408081471, 2024-05-11T06:14:41.471Z, 368.6574238, 408.50957359999995
1715408081486, 2024-05-11T06:14:41.486Z, 368.70477919999996, 401.5427232
1715408081502, 2024-05-11T06:14:41.502Z, 370.2176424, 398.45920020000005
1715408081534, 2024-05-11T06:14:41.534Z, 377.55483879999997, 393.81832420000006
1715408081549, 2024-05-11T06:14:41.549Z, 388.6380962, 390.29651720000004
1715408081574, 2024-05-11T06:14:41.574Z, 406.3113176, 388.833613
1715408081588, 2024-05-11T06:14:41.588Z, 438.3963368, 392.5145578
1715408081602, 2024-05-11T06:14:41.602Z, 506.585865, 407.1232314
1715408081618, 2024-05-11T06:14:41.618Z, 572.0623666, 421.8780548
1715408081632, 2024-05-11T06:14:41.632Z, 652.099172, 428.66263
1715408081647, 2024-05-11T06:14:41.647Z, 725.6967304000001, 429.2281413999999
1715408081663, 2024-05-11T06:14:41.663Z, 786.2873950000001, 427.56411879999996
1715408081682, 2024-05-11T06:14:41.682Z, 830.4896912, 421.58934260000007
1715408081693, 2024-05-11T06:14:41.693Z, 869.0461760000001, 411.23646039999994
1715408081725, 2024-05-11T06:14:41.725Z, 901.6138687999999, 410.5385187999999
1715408081742, 2024-05-11T06:14:41.742Z, 943.3723459999999, 418.3710774
1715408081757, 2024-05-11T06:14:41.757Z, 986.0529995999999, 421.7283584
1715408081772, 2024-05-11T06:14:41.772Z, 1006.6458166, 424.20284139999995
1715408081798, 2024-05-11T06:14:41.798Z, 1033.0511768000001, 426.27911320000004
1715408081813, 2024-05-11T06:14:41.813Z, 1048.5703466, 426.95439099999993
1715408081828, 2024-05-11T06:14:41.828Z, 1052.9094956, 426.8163906000001
1715408081844, 2024-05-11T06:14:41.844Z, 1054.2067869999998, 429.9433634
1715408081874, 2024-05-11T06:14:41.874Z, 1061.8018253999999, 422.68548919999995
1715408081888, 2024-05-11T06:14:41.888Z, 1064.2225258, 422.13973560000005
1715408081903, 2024-05-11T06:14:41.903Z, 1069.5570506, 422.97664139999995
1715408081918, 2024-05-11T06:14:41.918Z, 1080.152468, 421.4300992
1715408081938, 2024-05-11T06:14:41.938Z, 1091.117066, 422.1676982
1715408081953, 2024-05-11T06:14:41.953Z, 1101.9455902, 428.409141
1715408081968, 2024-05-11T06:14:41.968Z, 1113.1634582000002, 435.8519574
1715408081984, 2024-05-11T06:14:41.984Z, 1120.5963174, 441.9635482
1715408082000, 2024-05-11T06:14:42.000Z, 1125.5535046, 450.22955820000004
1715408082024, 2024-05-11T06:14:42.024Z, 1130.2396194, 458.9410784
1715408082038, 2024-05-11T06:14:42.038Z, 1133.8573285999998, 466.78666499999997
1715408082053, 2024-05-11T06:14:42.053Z, 1138.6609284, 469.74614579999997
1715408082068, 2024-05-11T06:14:42.068Z, 1144.1832168, 473.93455400000005
1715408082083, 2024-05-11T06:14:42.083Z, 1147.695862, 475.7258932000001
1715408082098, 2024-05-11T06:14:42.098Z, 1150.382031, 474.73227779999996
1715408082113, 2024-05-11T06:14:42.113Z, 1151.9981132, 472.35581940000003
1715408082133, 2024-05-11T06:14:42.133Z, 1152.987481, 468.8211944000001
1715408082147, 2024-05-11T06:14:42.147Z, 1153.409408, 463.94763320000004
1715408082179, 2024-05-11T06:14:42.179Z, 1159.4283552000002, 459.61296600000003
1715408082192, 2024-05-11T06:14:42.192Z, 1167.3852378, 457.17407199999997
1715408082206, 2024-05-11T06:14:42.206Z, 1182.0984418, 457.59706019999993
1715408082222, 2024-05-11T06:14:42.222Z, 1209.1138378, 462.92219839999996
1715408082237, 2024-05-11T06:14:42.237Z, 1236.9779830000002, 468.10964540000003
1715408082251, 2024-05-11T06:14:42.251Z, 1267.9111418, 473.54830839999994
1715408082281, 2024-05-11T06:14:42.281Z, 1297.033343, 477.7734714
1715408082297, 2024-05-11T06:14:42.297Z, 1320.1969418, 479.803042
1715408082329, 2024-05-11T06:14:42.329Z, 1333.2534719999999, 480.22291299999995
1715408082344, 2024-05-11T06:14:42.344Z, 1345.130005, 481.6353708
1715408082360, 2024-05-11T06:14:42.360Z, 1348.5315186, 482.163012
1715408082376, 2024-05-11T06:14:42.376Z, 1351.3005934, 481.9370718
1715408082392, 2024-05-11T06:14:42.392Z, 1353.2042518, 480.9806848
1715408082407, 2024-05-11T06:14:42.407Z, 1352.7372632000001, 479.45923379999994
1715408082423, 2024-05-11T06:14:42.423Z, 1354.6526402, 474.707509
1715408082439, 2024-05-11T06:14:42.439Z, 1356.6166971999999, 470.4845028000001
1715408082454, 2024-05-11T06:14:42.454Z, 1359.4107622, 467.88994759999997
1715408082475, 2024-05-11T06:14:42.475Z, 1360.0063191999998, 469.90978379999996
1715408082493, 2024-05-11T06:14:42.493Z, 1362.6923412, 468.197984
1715408082504, 2024-05-11T06:14:42.504Z, 1348.1061794, 471.62649300000004
1715408082523, 2024-05-11T06:14:42.523Z, 1318.1213682, 471.9831198
1715408082535, 2024-05-11T06:14:42.535Z, 1283.2641227999998, 471.65729
1715408082550, 2024-05-11T06:14:42.550Z, 1236.7327228, 466.5958898
1715408082564, 2024-05-11T06:14:42.564Z, 1187.746934, 468.7992866000001
1715408082579, 2024-05-11T06:14:42.579Z, 1154.0076792, 469.753442
1715408082594, 2024-05-11T06:14:42.594Z, 1138.8300021999999, 472.0438740000001
1715408082625, 2024-05-11T06:14:42.625Z, 1124.7528664000001, 476.81604179999994
1715408082641, 2024-05-11T06:14:42.641Z, 1125.7824814, 482.4388516
1715408082656, 2024-05-11T06:14:42.656Z, 1126.7915441999999, 484.10655660000003
1715408082672, 2024-05-11T06:14:42.672Z, 1127.558422, 482.77954040000003
1715408082687, 2024-05-11T06:14:42.687Z, 1122.5987209999998, 481.480089
1715408082702, 2024-05-11T06:14:42.702Z, 1115.690548, 488.12793360000006
1715408082718, 2024-05-11T06:14:42.718Z, 1109.6378764, 489.8370354
1715408082733, 2024-05-11T06:14:42.733Z, 1104.1564136, 489.82686479999995
1715408082748, 2024-05-11T06:14:42.748Z, 1098.5176704, 490.98135659999997
1715408082775, 2024-05-11T06:14:42.775Z, 1094.9709693999998, 494.03088339999994
1715408082788, 2024-05-11T06:14:42.788Z, 1098.1615172, 481.63334999999995
1715408082804, 2024-05-11T06:14:42.804Z, 1104.7181910000002, 471.5488213999999
1715408082819, 2024-05-11T06:14:42.819Z, 1109.9937724000001, 469.40967739999996
1715408082853, 2024-05-11T06:14:42.853Z, 1126.6036454, 465.8698195999999
1715408082864, 2024-05-11T06:14:42.864Z, 1144.791457, 461.8666992
1715408082894, 2024-05-11T06:14:42.894Z, 1175.0815886, 463.59416600000003
1715408082925, 2024-05-11T06:14:42.925Z, 1205.8925578, 467.83209999999997
1715408082938, 2024-05-11T06:14:42.938Z, 1243.8055502, 466.9019399999999
1715408082957, 2024-05-11T06:14:42.957Z, 1275.6034844, 468.9901678
1715408082969, 2024-05-11T06:14:42.969Z, 1315.1212094, 466.9403085999999
1715408082984, 2024-05-11T06:14:42.984Z, 1337.7459039999999, 463.8775634
1715408082998, 2024-05-11T06:14:42.998Z, 1354.5220892, 463.0259182
1715408083014, 2024-05-11T06:14:43.014Z, 1363.3218597999999, 463.2282668
1715408083033, 2024-05-11T06:14:43.033Z, 1366.4707752, 462.75820860000005
1715408083045, 2024-05-11T06:14:43.045Z, 1361.4879742, 465.0268824000001
1715408083076, 2024-05-11T06:14:43.076Z, 1359.6288192, 467.14681500000006
1715408083107, 2024-05-11T06:14:43.107Z, 1360.9753748, 463.8362644
1715408083122, 2024-05-11T06:14:43.122Z, 1320.5759042, 458.9348980000001
1715408083137, 2024-05-11T06:14:43.137Z, 1208.7243694000001, 442.2957442
1715408083152, 2024-05-11T06:14:43.152Z, 1064.5231784, 424.1779850000001
1715408083168, 2024-05-11T06:14:43.168Z, 895.0364039999998, 403.82963140000004
1715408083184, 2024-05-11T06:14:43.184Z, 693.5424794, 375.8791194
1715408083199, 2024-05-11T06:14:43.199Z, 494.24791400000004, 338.917073
1715408083224, 2024-05-11T06:14:43.224Z, 369.56527400000004, 318.5015062
1715408083238, 2024-05-11T06:14:43.238Z, 274.40823580000006, 298.3138718
1715408083253, 2024-05-11T06:14:43.253Z, 204.32239859999999, 279.9127658
1715408083268, 2024-05-11T06:14:43.268Z, 164.9263712, 275.5013034
1715408083283, 2024-05-11T06:14:43.283Z, 167.3973308, 281.69614060000004
1715408083298, 2024-05-11T06:14:43.298Z, 165.601419, 277.67768020000005
1715408083317, 2024-05-11T06:14:43.317Z, 165.76716779999998, 275.32888
1715408083328, 2024-05-11T06:14:43.328Z, 166.42537099999998, 274.3069216
1715408083343, 2024-05-11T06:14:43.343Z, 164.9294684, 272.0877492
1715408083374, 2024-05-11T06:14:43.374Z, 161.7302648, 266.985889
1715408083392, 2024-05-11T06:14:43.392Z, 160.5709552, 265.3156106
1715408083407, 2024-05-11T06:14:43.407Z, 159.100006, 265.789389
1715408083422, 2024-05-11T06:14:43.422Z, 157.8733004, 271.3805994
1715408083434, 2024-05-11T06:14:43.434Z, 155.59350980000002, 273.1519434
1715408083449, 2024-05-11T06:14:43.449Z, 157.3325352, 281.11695960000003
1715408083465, 2024-05-11T06:14:43.465Z, 157.9632922, 292.32490479999996
1715408083482, 2024-05-11T06:14:43.482Z, 157.97735340000003, 301.7763624
1715408083495, 2024-05-11T06:14:43.495Z, 153.76809, 302.22195619999997
1715408083525, 2024-05-11T06:14:43.525Z, 151.54621360000002, 307.108614
1715408083542, 2024-05-11T06:14:43.542Z, 147.02439880000003, 308.8122566
1715408083558, 2024-05-11T06:14:43.558Z, 141.70499539999997, 304.9388392
1715408083574, 2024-05-11T06:14:43.574Z, 135.6385026, 301.0273588
1715408083589, 2024-05-11T06:14:43.589Z, 132.594485, 305.26326180000007
1715408083605, 2024-05-11T06:14:43.605Z, 129.7137376, 309.194923
1715408083621, 2024-05-11T06:14:43.621Z, 126.30786700000002, 312.2350366
1715408083653, 2024-05-11T06:14:43.653Z, 126.53395659999998, 320.813639
1715408083689, 2024-05-11T06:14:43.689Z, 140.2866448, 341.2981288
1715408083704, 2024-05-11T06:14:43.704Z, 154.551827, 357.0556656
1715408083730, 2024-05-11T06:14:43.730Z, 170.8297374, 369.7144718
1715408083745, 2024-05-11T06:14:43.745Z, 185.95166720000003, 383.6008868
1715408083792, 2024-05-11T06:14:43.792Z, 204.1456526, 391.8041354
1715408083828, 2024-05-11T06:14:43.828Z, 211.96856859999997, 385.59774899999996
1715408083841, 2024-05-11T06:14:43.841Z, 219.28821820000002, 379.0887668
1715408083857, 2024-05-11T06:14:43.857Z, 228.76872600000002, 344.94474460000004
1715408083887, 2024-05-11T06:14:43.887Z, 247.2631626, 323.69714039999997
1715408083902, 2024-05-11T06:14:43.902Z, 261.1404582, 306.77938340000003
1715408083918, 2024-05-11T06:14:43.918Z, 272.5955674, 283.47125139999997
1715408083934, 2024-05-11T06:14:43.934Z, 285.82732580000004, 267.16146879999997
1715408083949, 2024-05-11T06:14:43.949Z, 299.4601584, 279.3889866
1715408083987, 2024-05-11T06:14:43.987Z, 302.15660340000005, 271.7786266
1715408084003, 2024-05-11T06:14:44.003Z, 302.8771862, 268.9441892
1715408084032, 2024-05-11T06:14:44.032Z, 290.24114019999996, 244.91605719999998
1715408084048, 2024-05-11T06:14:44.048Z, 280.3907506, 225.59667340000001
1715408084077, 2024-05-11T06:14:44.077Z, 267.0911096, 200.84375340000003
1715408084092, 2024-05-11T06:14:44.092Z, 259.30895599999997, 192.9623666
1715408084124, 2024-05-11T06:14:44.124Z, 256.6662202, 188.3641932
1715408084141, 2024-05-11T06:14:44.141Z, 273.3964318, 219.540046
1715408084171, 2024-05-11T06:14:44.171Z, 289.95285500000006, 231.17743359999994
1715408084182, 2024-05-11T06:14:44.182Z, 307.0875492, 246.49006939999998
1715408084199, 2024-05-11T06:14:44.199Z, 318.30705900000004, 242.03848539999998
1715408084213, 2024-05-11T06:14:44.213Z, 329.0090584, 228.8507732
1715408084229, 2024-05-11T06:14:44.229Z, 336.25736059999997, 211.0673902
1715408084273, 2024-05-11T06:14:44.273Z, 338.22054399999996, 196.38453420000002
1715408084303, 2024-05-11T06:14:44.303Z, 338.48146180000003, 187.9733258
1715408084317, 2024-05-11T06:14:44.317Z, 342.14412799999997, 190.7420372
1715408084347, 2024-05-11T06:14:44.347Z, 351.3071446, 197.7537674
1715408084363, 2024-05-11T06:14:44.363Z, 356.9097742, 209.9998758
1715408084392, 2024-05-11T06:14:44.392Z, 363.1835598, 227.61548919999996
1715408084681, 2024-05-11T06:14:44.681Z, 525.34843, 293.66115460000003
1715408084696, 2024-05-11T06:14:44.696Z, 694.8178722, 351.87997839999997
1715408084724, 2024-05-11T06:14:44.724Z, 854.0346096, 403.52060480000006
1715408084738, 2024-05-11T06:14:44.738Z, 1014.5502042, 447.0269012
1715408084753, 2024-05-11T06:14:44.753Z, 1176.793169, 493.7392976
1715408084768, 2024-05-11T06:14:44.768Z, 1179.6692858, 490.18304500000005
1715408084783, 2024-05-11T06:14:44.783Z, 1173.708359, 492.5725466
1715408084798, 2024-05-11T06:14:44.798Z, 1166.6252565999998, 496.39633119999996
1715408084818, 2024-05-11T06:14:44.818Z, 1158.7062196, 501.47238100000004
1715408084828, 2024-05-11T06:14:44.828Z, 1149.6289113999999, 502.3798414000001
1715408084843, 2024-05-11T06:14:44.843Z, 1142.356061, 500.678668
1715408084875, 2024-05-11T06:14:44.875Z, 1134.1665056000002, 495.9923838000001
1715408084892, 2024-05-11T06:14:44.892Z, 1127.7972348, 492.76706679999995
1715408084916, 2024-05-11T06:14:44.916Z, 1122.9725352, 489.849258
1715408084932, 2024-05-11T06:14:44.932Z, 1118.7852103999999, 487.6888016
1715408084964, 2024-05-11T06:14:44.964Z, 1115.6353812000002, 487.53349760000003
1715408084980, 2024-05-11T06:14:44.980Z, 1112.5080481999998, 489.76227040000003
1715408084996, 2024-05-11T06:14:44.996Z, 1109.4298523999998, 491.37081820000003
1715408085024, 2024-05-11T06:14:45.024Z, 1105.1469164, 494.4773634
1715408085038, 2024-05-11T06:14:45.038Z, 1105.7174934, 499.05661399999997
1715408085057, 2024-05-11T06:14:45.057Z, 1108.3146166000001, 501.4198468000001
1715408085072, 2024-05-11T06:14:45.072Z, 1113.8907392, 502.51471899999996
1715408085087, 2024-05-11T06:14:45.087Z, 1120.5615252, 502.947934
1715408085099, 2024-05-11T06:14:45.099Z, 1128.0395881999998, 502.32223539999995
1715408085114, 2024-05-11T06:14:45.114Z, 1128.4872804000001, 497.99621800000006
1715408085129, 2024-05-11T06:14:45.129Z, 1126.220141, 495.233467
1715408085143, 2024-05-11T06:14:45.143Z, 1123.0801178, 493.16257559999997
1715408085178, 2024-05-11T06:14:45.178Z, 1118.7040662, 491.03500620000005
1715408085204, 2024-05-11T06:14:45.204Z, 1116.1584902, 490.46842219999996
1715408085220, 2024-05-11T06:14:45.220Z, 1116.257135, 492.4443948
1715408085235, 2024-05-11T06:14:45.235Z, 1117.3727393999998, 493.2715494
1715408085250, 2024-05-11T06:14:45.250Z, 1117.9388787999999, 491.7168444
1715408085266, 2024-05-11T06:14:45.266Z, 1118.6741355999998, 491.625638
1715408085282, 2024-05-11T06:14:45.282Z, 1117.7347308, 489.56855299999995
1715408085298, 2024-05-11T06:14:45.298Z, 1114.7793396000002, 484.89377260000003
1715408085324, 2024-05-11T06:14:45.324Z, 1109.1860671999998, 477.74684479999996
1715408085341, 2024-05-11T06:14:45.341Z, 1105.6328720000001, 472.789662
1715408085352, 2024-05-11T06:14:45.352Z, 1103.4416814, 464.57985099999996
1715408085367, 2024-05-11T06:14:45.367Z, 1100.0247094, 456.64931559999997
1715408085383, 2024-05-11T06:14:45.383Z, 1098.3970544, 451.16927179999993
1715408085417, 2024-05-11T06:14:45.417Z, 1100.9102742, 448.0107194
1715408085442, 2024-05-11T06:14:45.442Z, 1111.3304735999998, 445.878557
1715408085479, 2024-05-11T06:14:45.479Z, 1141.5014154, 446.95504680000005
1715408085506, 2024-05-11T06:14:45.506Z, 1203.8166308, 446.8978862
1715408085523, 2024-05-11T06:14:45.523Z, 1264.5800622, 446.9068962
1715408085538, 2024-05-11T06:14:45.538Z, 1324.2856152, 444.1175982
1715408085554, 2024-05-11T06:14:45.554Z, 1374.6866174, 440.712795
1715408085570, 2024-05-11T06:14:45.570Z, 1401.3649474, 438.421029
1715408085585, 2024-05-11T06:14:45.585Z, 1397.5409744, 437.8681992
1715408085601, 2024-05-11T06:14:45.601Z, 1393.7593790000003, 437.7356632
1715408085630, 2024-05-11T06:14:45.630Z, 1389.4727636000002, 440.2996642
1715408085642, 2024-05-11T06:14:45.642Z, 1386.851685, 443.399445
1715408085656, 2024-05-11T06:14:45.656Z, 1388.5311254, 444.6347186
1715408085669, 2024-05-11T06:14:45.669Z, 1391.7192089999999, 446.540176
1715408085683, 2024-05-11T06:14:45.683Z, 1398.2202364, 446.9379966
1715408085698, 2024-05-11T06:14:45.698Z, 1405.8472041999999, 445.9940342000001
1715408085713, 2024-05-11T06:14:45.713Z, 1415.5575807999999, 444.1552722
1715408085729, 2024-05-11T06:14:45.729Z, 1413.8489624, 442.98683660000006
1715408085745, 2024-05-11T06:14:45.745Z, 1388.1066694, 442.99199639999995
1715408085774, 2024-05-11T06:14:45.774Z, 1340.9660532, 445.22891419999996
1715408085788, 2024-05-11T06:14:45.788Z, 1290.339146, 448.19620640000005
1715408085803, 2024-05-11T06:14:45.803Z, 1231.5558402000001, 451.51123859999996
1715408085818, 2024-05-11T06:14:45.818Z, 1182.6386206000002, 453.80616580000003
1715408085852, 2024-05-11T06:14:45.852Z, 1153.993827, 455.5896356
1715408085862, 2024-05-11T06:14:45.862Z, 1143.6963344, 455.6000068
1715408085889, 2024-05-11T06:14:45.889Z, 1135.3337066, 455.1410124
1715408085905, 2024-05-11T06:14:45.905Z, 1131.6372056, 452.50092400000005
1715408085924, 2024-05-11T06:14:45.924Z, 1129.2919224, 448.71305680000006
1715408085938, 2024-05-11T06:14:45.938Z, 1127.3791829999998, 444.55931300000003
1715408085957, 2024-05-11T06:14:45.957Z, 1125.2349642, 445.57664320000003
1715408085985, 2024-05-11T06:14:45.985Z, 1123.1877869999998, 449.2313932
1715408086001, 2024-05-11T06:14:46.001Z, 1121.7625658000002, 451.0987646
1715408086016, 2024-05-11T06:14:46.016Z, 1121.3273222, 451.93414219999994
1715408086032, 2024-05-11T06:14:46.032Z, 1122.5104496, 452.24841
1715408086048, 2024-05-11T06:14:46.048Z, 1126.0957614, 446.861099
1715408086074, 2024-05-11T06:14:46.074Z, 1130.0200186, 440.0415898
1715408086087, 2024-05-11T06:14:46.087Z, 1132.8458166, 438.40101919999995
1715408086107, 2024-05-11T06:14:46.107Z, 1132.1585083999998, 448.777711
1715408086122, 2024-05-11T06:14:46.122Z, 1134.006615, 460.12372099999993
1715408086134, 2024-05-11T06:14:46.134Z, 1136.6199752, 471.87024940000003
1715408086149, 2024-05-11T06:14:46.149Z, 1139.8629696000003, 483.7482562
1715408086162, 2024-05-11T06:14:46.162Z, 1143.7731198, 493.81243059999997
1715408086183, 2024-05-11T06:14:46.183Z, 1149.8250090000001, 494.4902424
1715408086208, 2024-05-11T06:14:46.208Z, 1153.4379436, 493.3625126
1715408086240, 2024-05-11T06:14:46.240Z, 1156.7790651999999, 493.903946
1715408086256, 2024-05-11T06:14:46.256Z, 1160.8838964, 497.13633259999995
1715408086271, 2024-05-11T06:14:46.271Z, 1164.6950392, 498.1959086
1715408086306, 2024-05-11T06:14:46.306Z, 1166.1939218, 498.5426966
1715408086318, 2024-05-11T06:14:46.318Z, 1168.316154, 499.75896600000004
1715408086333, 2024-05-11T06:14:46.333Z, 1168.4547856, 499.810603
1715408086348, 2024-05-11T06:14:46.348Z, 1167.291411, 500.48803879999997
1715408086374, 2024-05-11T06:14:46.374Z, 1183.4678344, 505.90427980000004
1715408086388, 2024-05-11T06:14:46.388Z, 1206.4274454, 511.9986754
1715408086403, 2024-05-11T06:14:46.403Z, 1230.3794044, 517.6428418
1715408086418, 2024-05-11T06:14:46.418Z, 1260.7440838, 522.4660154000001
1715408086433, 2024-05-11T06:14:46.433Z, 1291.476709, 525.6531846
1715408086448, 2024-05-11T06:14:46.448Z, 1304.7463321999999, 525.2915032000001
1715408086463, 2024-05-11T06:14:46.463Z, 1315.0227399999999, 524.296732
1715408086478, 2024-05-11T06:14:46.478Z, 1324.795189, 521.6733879999999
1715408086493, 2024-05-11T06:14:46.493Z, 1328.630668, 519.2682602
1715408086524, 2024-05-11T06:14:46.524Z, 1332.0227579999998, 514.375527
1715408086538, 2024-05-11T06:14:46.538Z, 1335.5788486, 512.2312704
1715408086558, 2024-05-11T06:14:46.558Z, 1331.6156256, 512.6450038
1715408086573, 2024-05-11T06:14:46.573Z, 1328.4326008, 514.7676918
1715408086583, 2024-05-11T06:14:46.583Z, 1325.5507526, 519.2603799999999
1715408086598, 2024-05-11T06:14:46.598Z, 1322.8905215999998, 524.7292524
1715408086613, 2024-05-11T06:14:46.613Z, 1320.8871106000001, 529.2572812
1715408086629, 2024-05-11T06:14:46.629Z, 1327.1015186, 530.8821318
1715408086644, 2024-05-11T06:14:46.644Z, 1332.1431492, 532.2213934000001
1715408086674, 2024-05-11T06:14:46.674Z, 1335.7033392, 533.2069186000001
1715408086688, 2024-05-11T06:14:46.688Z, 1339.0337574, 533.6592506
1715408086708, 2024-05-11T06:14:46.708Z, 1342.2614236, 531.4515924
1715408086724, 2024-05-11T06:14:46.724Z, 1341.9083666000001, 529.707041
1715408086739, 2024-05-11T06:14:46.739Z, 1337.0700917999998, 528.9287701999999
1715408086754, 2024-05-11T06:14:46.754Z, 1323.0574748, 528.1933638
1715408086770, 2024-05-11T06:14:46.770Z, 1303.1669142, 527.545795
1715408086801, 2024-05-11T06:14:46.801Z, 1259.1618118, 528.9169794000002
1715408086824, 2024-05-11T06:14:46.824Z, 1202.0404551999998, 530.3029848
1715408086838, 2024-05-11T06:14:46.838Z, 1146.9500878, 530.9432064
1715408086853, 2024-05-11T06:14:46.853Z, 1103.2298655999998, 536.0065726
1715408086868, 2024-05-11T06:14:46.868Z, 1068.3329168, 546.6056614
1715408086883, 2024-05-11T06:14:46.883Z, 1057.1812644, 557.4361098
1715408086898, 2024-05-11T06:14:46.898Z, 1062.2978896, 565.4623788
1715408086913, 2024-05-11T06:14:46.913Z, 1069.2105127999998, 572.6773364
1715408086928, 2024-05-11T06:14:46.928Z, 1074.662939, 573.2006931999999
1715408086943, 2024-05-11T06:14:46.943Z, 1076.8358724, 565.8407252
1715408086974, 2024-05-11T06:14:46.974Z, 1074.805381, 555.2840232000001
1715408086989, 2024-05-11T06:14:46.989Z, 1063.303176, 548.8300671999999
1715408087005, 2024-05-11T06:14:47.005Z, 1023.4571446, 546.9010048
1715408087020, 2024-05-11T06:14:47.020Z, 908.3235202, 560.9328245999999
1715408087036, 2024-05-11T06:14:47.036Z, 790.3865096, 577.7240341999999
1715408087051, 2024-05-11T06:14:47.051Z, 667.293782, 597.1049268
1715408087082, 2024-05-11T06:14:47.082Z, 550.2099848, 616.2575568
1715408087097, 2024-05-11T06:14:47.097Z, 455.37119139999993, 630.35311
1715408087124, 2024-05-11T06:14:47.124Z, 438.4551308, 630.018162
1715408087138, 2024-05-11T06:14:47.138Z, 425.2861237999999, 628.5939559999999
1715408087168, 2024-05-11T06:14:47.168Z, 420.7908314, 627.2389472
1715408087183, 2024-05-11T06:14:47.183Z, 416.465951, 624.7905902
1715408087198, 2024-05-11T06:14:47.198Z, 414.1887124, 621.8856078
1715408087213, 2024-05-11T06:14:47.213Z, 407.2101586, 614.07084
1715408087232, 2024-05-11T06:14:47.232Z, 399.7212172, 605.9330047999999
1715408087243, 2024-05-11T06:14:47.243Z, 392.99933319999997, 599.7960628
1715408087274, 2024-05-11T06:14:47.274Z, 388.31451239999996, 597.7403586
1715408087288, 2024-05-11T06:14:47.288Z, 389.1513806, 598.3209008
1715408087303, 2024-05-11T06:14:47.303Z, 392.71075759999997, 604.6435576
1715408087323, 2024-05-11T06:14:47.323Z, 395.4266102, 612.5506680000001
1715408087333, 2024-05-11T06:14:47.333Z, 397.83426339999994, 618.9678762
1715408087348, 2024-05-11T06:14:47.348Z, 403.0415006, 626.1543294
1715408087366, 2024-05-11T06:14:47.366Z, 406.39703160000005, 631.9948858
1715408087383, 2024-05-11T06:14:47.383Z, 408.8571392, 635.5190220000001
1715408087396, 2024-05-11T06:14:47.396Z, 411.0868842, 636.1958084
1715408087427, 2024-05-11T06:14:47.427Z, 413.729634, 636.3184284
1715408087457, 2024-05-11T06:14:47.457Z, 413.6049726, 631.5016562
1715408087473, 2024-05-11T06:14:47.473Z, 422.0723680000001, 628.5687369999999
1715408087489, 2024-05-11T06:14:47.489Z, 435.56047040000004, 627.7363755999999
1715408087504, 2024-05-11T06:14:47.504Z, 451.07899660000004, 626.0091679999999
1715408087519, 2024-05-11T06:14:47.519Z, 466.39471480000003, 624.6802739999999
1715408087535, 2024-05-11T06:14:47.535Z, 481.88883020000003, 623.6161912
1715408087551, 2024-05-11T06:14:47.551Z, 490.50160500000004, 620.5207244
1715408087577, 2024-05-11T06:14:47.577Z, 494.60689540000004, 616.0390592
1715408087591, 2024-05-11T06:14:47.591Z, 495.36594859999997, 617.4299349999999
1715408087606, 2024-05-11T06:14:47.606Z, 496.8674184, 619.8439058
1715408087621, 2024-05-11T06:14:47.621Z, 497.5445428, 622.6050916
1715408087635, 2024-05-11T06:14:47.635Z, 500.39326359999995, 627.4917278
1715408087651, 2024-05-11T06:14:47.651Z, 510.42407119999996, 631.6562398
1715408087680, 2024-05-11T06:14:47.680Z, 611.0140096, 619.9371754
1715408087696, 2024-05-11T06:14:47.696Z, 706.426944, 606.8868598
1715408087725, 2024-05-11T06:14:47.725Z, 815.308441, 594.8536112
1715408087743, 2024-05-11T06:14:47.743Z, 922.4941058, 579.3631408
1715408087769, 2024-05-11T06:14:47.769Z, 1028.9290934, 569.4624094
1715408087785, 2024-05-11T06:14:47.785Z, 1053.3340452, 573.3091036
1715408087816, 2024-05-11T06:14:47.816Z, 1085.6067444, 581.4264265999999
1715408087832, 2024-05-11T06:14:47.832Z, 1104.4763764, 587.075019
1715408087847, 2024-05-11T06:14:47.847Z, 1121.1704895999999, 588.7632304
1715408087874, 2024-05-11T06:14:47.874Z, 1130.6203440000002, 586.7663070000001
1715408087887, 2024-05-11T06:14:47.887Z, 1134.1490386, 580.3836284
1715408087902, 2024-05-11T06:14:47.902Z, 1133.600175, 571.2205280000001
1715408087918, 2024-05-11T06:14:47.918Z, 1131.480429, 567.2434168
1715408087933, 2024-05-11T06:14:47.933Z, 1129.5251567999999, 568.036419
1715408087948, 2024-05-11T06:14:47.948Z, 1129.1402653999999, 564.7922017999999
1715408087978, 2024-05-11T06:14:47.978Z, 1129.7749912, 566.483289
1715408087997, 2024-05-11T06:14:47.997Z, 1134.7409765999998, 568.3745065999999
1715408088024, 2024-05-11T06:14:48.024Z, 1165.4154774, 570.6412162
1715408088038, 2024-05-11T06:14:48.038Z, 1222.6996248, 573.6015142
1715408088067, 2024-05-11T06:14:48.067Z, 1288.5936494000002, 576.233778
1715408088082, 2024-05-11T06:14:48.082Z, 1354.4232798, 579.6882704000001
1715408088115, 2024-05-11T06:14:48.115Z, 1418.1659386000001, 584.1804036000001
1715408088127, 2024-05-11T06:14:48.127Z, 1456.87185, 583.3145496
1715408088142, 2024-05-11T06:14:48.142Z, 1465.4434379999998, 579.9301808
1715408088173, 2024-05-11T06:14:48.173Z, 1462.8370292000002, 578.1809298000001
1715408088188, 2024-05-11T06:14:48.188Z, 1454.5277531999998, 576.0211142
1715408088220, 2024-05-11T06:14:48.220Z, 1441.8922066, 570.7972772
1715408088235, 2024-05-11T06:14:48.235Z, 1426.8363966000002, 566.2853588
1715408088267, 2024-05-11T06:14:48.267Z, 1365.0988664000001, 549.8165454
1715408088282, 2024-05-11T06:14:48.282Z, 1308.5766930000002, 536.3592076
1715408088324, 2024-05-11T06:14:48.324Z, 1246.9459514000002, 521.7119393999999
1715408088338, 2024-05-11T06:14:48.338Z, 1188.2853014, 512.052732
1715408088353, 2024-05-11T06:14:48.353Z, 1130.3420632000002, 508.21083600000003
1715408088368, 2024-05-11T06:14:48.368Z, 1122.2767858000002, 519.6175428
1715408088382, 2024-05-11T06:14:48.382Z, 1110.449819, 530.3963152
1715408088398, 2024-05-11T06:14:48.398Z, 1108.0360242000002, 545.2416934
1715408088413, 2024-05-11T06:14:48.413Z, 1105.9984718, 555.6877778
1715408088428, 2024-05-11T06:14:48.428Z, 1108.1939218, 559.9112058
1715408088474, 2024-05-11T06:14:48.474Z, 1112.7287744, 563.544093
1715408088488, 2024-05-11T06:14:48.488Z, 1117.202405, 564.3372222
1715408088503, 2024-05-11T06:14:48.503Z, 1124.7820121999998, 557.8839168000001
1715408088518, 2024-05-11T06:14:48.518Z, 1133.6008206, 549.5770046
1715408088532, 2024-05-11T06:14:48.532Z, 1145.8835758, 543.9214102
1715408088552, 2024-05-11T06:14:48.552Z, 1157.3450592000002, 537.9868432000001
1715408088563, 2024-05-11T06:14:48.563Z, 1168.6727472, 533.4216318000001
1715408088582, 2024-05-11T06:14:48.582Z, 1179.901499, 530.1368738
1715408088593, 2024-05-11T06:14:48.593Z, 1189.76959, 528.4395946000001
1715408088624, 2024-05-11T06:14:48.624Z, 1196.7682198, 525.7989466000001
1715408088639, 2024-05-11T06:14:48.639Z, 1203.6082947999998, 524.2302458
1715408088658, 2024-05-11T06:14:48.658Z, 1214.084069, 523.4923552
1715408088671, 2024-05-11T06:14:48.671Z, 1222.4302069999999, 522.2888839999999
1715408088687, 2024-05-11T06:14:48.687Z, 1228.5085794, 520.396711
1715408088702, 2024-05-11T06:14:48.702Z, 1233.4995020000001, 517.9077400000001
1715408088718, 2024-05-11T06:14:48.718Z, 1238.9303062000001, 514.1668906000001
1715408088733, 2024-05-11T06:14:48.733Z, 1243.5339766000002, 510.24027879999994
1715408088749, 2024-05-11T06:14:48.749Z, 1253.082587, 509.44118820000006
1715408088774, 2024-05-11T06:14:48.774Z, 1267.6177848, 510.0146184
1715408088788, 2024-05-11T06:14:48.788Z, 1282.8744582, 513.4198630000001
1715408088803, 2024-05-11T06:14:48.803Z, 1299.8305060000002, 516.938915
1715408088818, 2024-05-11T06:14:48.818Z, 1314.9734090000002, 519.2715857999999
1715408088833, 2024-05-11T06:14:48.833Z, 1326.624211, 517.8050063999999
1715408088847, 2024-05-11T06:14:48.847Z, 1335.5913172, 515.1464422
1715408088863, 2024-05-11T06:14:48.863Z, 1342.290236, 509.4805134
1715408088878, 2024-05-11T06:14:48.878Z, 1344.4939448, 505.80868979999997
1715408088892, 2024-05-11T06:14:48.892Z, 1346.0901694, 503.493448
1715408088923, 2024-05-11T06:14:48.923Z, 1345.5819724, 505.29651759999996
1715408088937, 2024-05-11T06:14:48.937Z, 1344.6174800000001, 507.08117919999995
1715408088957, 2024-05-11T06:14:48.957Z, 1341.9958247999998, 506.1789588
1715408088981, 2024-05-11T06:14:48.981Z, 1340.3047432, 502.00301360000003
1715408088997, 2024-05-11T06:14:48.997Z, 1338.5276304, 497.74927560000003
1715408089013, 2024-05-11T06:14:49.013Z, 1336.5626588, 501.0726742
1715408089029, 2024-05-11T06:14:49.029Z, 1331.2902878, 505.2843086
1715408089045, 2024-05-11T06:14:49.045Z, 1300.7964304000002, 512.7334402
1715408089074, 2024-05-11T06:14:49.074Z, 1263.8914942, 523.5810452000001
1715408089090, 2024-05-11T06:14:49.090Z, 1223.1500597999998, 533.1078712
1715408089106, 2024-05-11T06:14:49.106Z, 1177.6068704000002, 535.0216812
1715408089123, 2024-05-11T06:14:49.123Z, 1133.8566944, 538.2716158000001
1715408089138, 2024-05-11T06:14:49.138Z, 1118.1111022, 542.3848792
1715408089153, 2024-05-11T06:14:49.153Z, 1109.5342096, 545.1512992
1715408089169, 2024-05-11T06:14:49.169Z, 1105.1545414, 548.9357688
1715408089184, 2024-05-11T06:14:49.184Z, 1105.693886, 551.6442066
1715408089200, 2024-05-11T06:14:49.200Z, 1106.2745036, 552.7030508
1715408089227, 2024-05-11T06:14:49.227Z, 1105.4151886, 552.5092298
1715408089247, 2024-05-11T06:14:49.247Z, 1104.0136756, 551.8659001999999
1715408089263, 2024-05-11T06:14:49.263Z, 1102.2386208, 551.666226
1715408089278, 2024-05-11T06:14:49.278Z, 1101.0753823999999, 552.176796
1715408089293, 2024-05-11T06:14:49.293Z, 1101.7150522, 552.916727
1715408089309, 2024-05-11T06:14:49.309Z, 1103.1024858, 553.4136848
1715408089325, 2024-05-11T06:14:49.325Z, 1105.050511, 553.8554914
1715408089340, 2024-05-11T06:14:49.340Z, 1107.4674184, 553.6132692
1715408089355, 2024-05-11T06:14:49.355Z, 1109.6354786, 555.3506288
1715408089380, 2024-05-11T06:14:49.380Z, 1111.8324404, 557.7284442
1715408089395, 2024-05-11T06:14:49.395Z, 1114.0322552000002, 557.0183994
1715408089418, 2024-05-11T06:14:49.418Z, 1116.0381394, 556.2181376
1715408089434, 2024-05-11T06:14:49.434Z, 1117.5386252, 556.3623633999999
1715408089450, 2024-05-11T06:14:49.450Z, 1117.2997632000001, 556.4062518
1715408089466, 2024-05-11T06:14:49.466Z, 1116.1000602, 556.6387596000001
1715408089482, 2024-05-11T06:14:49.482Z, 1114.1420256000001, 560.841013
1715408089497, 2024-05-11T06:14:49.497Z, 1111.2601316000002, 564.455654
1715408089527, 2024-05-11T06:14:49.527Z, 1108.4980962000002, 561.9240152
1715408089543, 2024-05-11T06:14:49.543Z, 1106.8967838, 556.285876
1715408089558, 2024-05-11T06:14:49.558Z, 1105.2907668000003, 550.287423
1715408089574, 2024-05-11T06:14:49.574Z, 1103.5559044000001, 544.2211752000001
1715408089590, 2024-05-11T06:14:49.590Z, 1102.732373, 537.8659844
1715408089605, 2024-05-11T06:14:49.605Z, 1101.9806474000002, 537.4880404000002
1715408089639, 2024-05-11T06:14:49.639Z, 1101.180639, 538.8025792
1715408089651, 2024-05-11T06:14:49.651Z, 1103.290372, 537.913372
1715408089679, 2024-05-11T06:14:49.679Z, 1108.2168602, 537.8120489999999
1715408089691, 2024-05-11T06:14:49.691Z, 1114.6859055999998, 538.1707976
1715408089713, 2024-05-11T06:14:49.713Z, 1122.9619538, 538.0152914
1715408089728, 2024-05-11T06:14:49.728Z, 1146.7677354, 537.9387468000001
1715408089744, 2024-05-11T06:14:49.744Z, 1179.0353988000002, 544.0283262
1715408089760, 2024-05-11T06:14:49.760Z, 1211.6905928, 549.3196312
1715408089775, 2024-05-11T06:14:49.775Z, 1245.0414744, 555.8106422
1715408089791, 2024-05-11T06:14:49.791Z, 1276.4348408, 563.1476322000001
1715408089806, 2024-05-11T06:14:49.806Z, 1295.4734156000002, 573.7203206
1715408089825, 2024-05-11T06:14:49.825Z, 1301.3088674, 579.5603901999999
1715408089853, 2024-05-11T06:14:49.853Z, 1304.7685906000002, 583.3467665999999
1715408089869, 2024-05-11T06:14:49.869Z, 1309.2942034, 584.7774498
1715408089885, 2024-05-11T06:14:49.885Z, 1312.8511058, 586.4648818
1715408089900, 2024-05-11T06:14:49.900Z, 1313.5586812, 584.1918492
1715408089916, 2024-05-11T06:14:49.916Z, 1316.637008, 581.0920391999999
1715408089932, 2024-05-11T06:14:49.932Z, 1310.443285, 583.2464069999999
1715408089948, 2024-05-11T06:14:49.948Z, 1292.7947682, 590.7918708
1715408089977, 2024-05-11T06:14:49.977Z, 1263.9847874000002, 604.046938
1715408089988, 2024-05-11T06:14:49.988Z, 1235.0243414000001, 615.9857886
1715408090003, 2024-05-11T06:14:50.003Z, 1205.18016, 629.5403211999999
1715408090017, 2024-05-11T06:14:50.017Z, 1182.2008, 642.0818608
1715408090033, 2024-05-11T06:14:50.033Z, 1164.875875, 656.8822108
1715408090048, 2024-05-11T06:14:50.048Z, 1156.6781349999999, 670.4314291999999
1715408090067, 2024-05-11T06:14:50.067Z, 1147.245849, 688.6740024000001
1715408090091, 2024-05-11T06:14:50.091Z, 1137.6224408, 709.2763956000001
1715408090106, 2024-05-11T06:14:50.106Z, 1132.2642376, 729.3462883999999
1715408090124, 2024-05-11T06:14:50.124Z, 1128.1895428, 741.1426806
1715408090138, 2024-05-11T06:14:50.138Z, 1126.7698546, 749.087541
1715408090154, 2024-05-11T06:14:50.154Z, 1128.1349544, 754.1493862
1715408090170, 2024-05-11T06:14:50.170Z, 1130.221214, 757.9454238000001
1715408090185, 2024-05-11T06:14:50.185Z, 1130.0794979999998, 759.0820316
1715408090215, 2024-05-11T06:14:50.215Z, 1130.5145144, 762.0782164
1715408090231, 2024-05-11T06:14:50.231Z, 1131.8664727999999, 764.1164925999999
1715408090246, 2024-05-11T06:14:50.246Z, 1131.3081004, 763.857814
1715408090274, 2024-05-11T06:14:50.274Z, 1127.2092994, 756.5102641999999
1715408090288, 2024-05-11T06:14:50.288Z, 1125.1811420000001, 752.1761314
1715408090303, 2024-05-11T06:14:50.303Z, 1121.568105, 745.5280088000001
1715408090318, 2024-05-11T06:14:50.318Z, 1117.913711, 738.8096039999999
1715408090332, 2024-05-11T06:14:50.332Z, 1115.4795272, 734.2694863999999
1715408090348, 2024-05-11T06:14:50.348Z, 1117.3802786, 735.036674
1715408090363, 2024-05-11T06:14:50.363Z, 1116.571752, 731.6342386
1715408090378, 2024-05-11T06:14:50.378Z, 1112.8321054, 731.0019850000001
1715408090393, 2024-05-11T06:14:50.393Z, 1108.8483285999998, 729.8541314000001
1715408090423, 2024-05-11T06:14:50.423Z, 1105.1534799999997, 727.0046684000001
1715408090438, 2024-05-11T06:14:50.438Z, 1101.8204454000002, 725.242125
1715408090453, 2024-05-11T06:14:50.453Z, 1099.4399310000001, 725.5241126
1715408090483, 2024-05-11T06:14:50.483Z, 1101.9323802000001, 728.6252544
1715408090498, 2024-05-11T06:14:50.498Z, 1105.5603288, 733.2454598
1715408090513, 2024-05-11T06:14:50.513Z, 1107.4155739999999, 739.3796702
1715408090528, 2024-05-11T06:14:50.528Z, 1108.699759, 744.5957453999999
1715408090543, 2024-05-11T06:14:50.543Z, 1112.4653812000001, 747.2575707999999
1715408090590, 2024-05-11T06:14:50.590Z, 1119.0090366, 743.0087626000001
1715408090606, 2024-05-11T06:14:50.606Z, 1123.7616825999999, 738.0845457999999
1715408090636, 2024-05-11T06:14:50.636Z, 1129.3720589999998, 732.0449955999999
1715408090636, 2024-05-11T06:14:50.636Z, 1133.8275603999998, 725.2425526
1715408090651, 2024-05-11T06:14:50.651Z, 1133.347097, 719.9619035999999
1715408090668, 2024-05-11T06:14:50.668Z, 1130.22308, 719.8490018
1715408090684, 2024-05-11T06:14:50.684Z, 1126.8845412, 719.0443723999999
1715408090699, 2024-05-11T06:14:50.699Z, 1120.4914322, 720.0960087999999
1715408090731, 2024-05-11T06:14:50.731Z, 1113.5143396, 722.7763176
1715408090746, 2024-05-11T06:14:50.746Z, 1108.0932037999999, 726.0251135999999
1715408090761, 2024-05-11T06:14:50.761Z, 1100.8482546, 727.1187092
1715408090777, 2024-05-11T06:14:50.777Z, 1095.0213775999998, 729.5337814000001
1715408090793, 2024-05-11T06:14:50.793Z, 1091.5408694, 730.1981199999999
1715408090809, 2024-05-11T06:14:50.809Z, 1089.3457454, 730.7652328
1715408090825, 2024-05-11T06:14:50.825Z, 1089.7825826, 736.7167958
1715408090841, 2024-05-11T06:14:50.841Z, 1093.6061576, 750.0783964
1715408090856, 2024-05-11T06:14:50.856Z, 1101.3018452, 766.1535314
1715408090874, 2024-05-11T06:14:50.874Z, 1108.5633943999999, 783.9339904000001
1715408090903, 2024-05-11T06:14:50.903Z, 1115.8378136, 801.4294966
1715408090918, 2024-05-11T06:14:50.918Z, 1122.480527, 815.2138058
1715408090934, 2024-05-11T06:14:50.934Z, 1126.0383832, 823.2956814000001
1715408090949, 2024-05-11T06:14:50.949Z, 1125.8067824, 829.0047099999999
1715408090965, 2024-05-11T06:14:50.965Z, 1124.0935448, 833.4536118
1715408090980, 2024-05-11T06:14:50.980Z, 1122.2862455999998, 836.7384402000001
1715408090996, 2024-05-11T06:14:50.996Z, 1120.0858936, 837.8320738
1715408091024, 2024-05-11T06:14:51.024Z, 1120.6957478, 838.4442245999999
1715408091043, 2024-05-11T06:14:51.043Z, 1122.4604127999999, 836.1988056
1715408091076, 2024-05-11T06:14:51.076Z, 1126.1693624, 830.6522646
1715408091091, 2024-05-11T06:14:51.091Z, 1129.3933752, 825.7666256
1715408091107, 2024-05-11T06:14:51.107Z, 1130.6278762, 820.5955470000001
1715408091123, 2024-05-11T06:14:51.123Z, 1130.4874404, 816.6337092000001
1715408091139, 2024-05-11T06:14:51.139Z, 1128.0515031999998, 814.4273772
1715408091154, 2024-05-11T06:14:51.154Z, 1125.0206620000001, 816.7331207999999
1715408091174, 2024-05-11T06:14:51.174Z, 1123.3942412000001, 818.4948018000001
1715408091218, 2024-05-11T06:14:51.218Z, 1123.7875405999998, 820.6050644000001
1715408091233, 2024-05-11T06:14:51.233Z, 1124.1564362, 821.6953422
1715408091249, 2024-05-11T06:14:51.249Z, 1123.8207011999998, 821.7126059999998
1715408091265, 2024-05-11T06:14:51.265Z, 1124.4768116, 816.3702504
1715408091281, 2024-05-11T06:14:51.281Z, 1124.3914632, 811.3919195999999
1715408091297, 2024-05-11T06:14:51.297Z, 1123.5571765999998, 807.321573
1715408091323, 2024-05-11T06:14:51.323Z, 1123.2931512, 804.9596583999999
1715408091337, 2024-05-11T06:14:51.337Z, 1124.3664116, 808.2857734
1715408091360, 2024-05-11T06:14:51.360Z, 1125.4493582, 815.5452143999998
1715408091376, 2024-05-11T06:14:51.376Z, 1126.4626911999999, 819.0983130000001
1715408091392, 2024-05-11T06:14:51.392Z, 1127.3647832000001, 823.161068
1715408091408, 2024-05-11T06:14:51.408Z, 1125.4848152, 825.0201795999999
1715408091424, 2024-05-11T06:14:51.424Z, 1123.2271163999999, 821.9413214
1715408091440, 2024-05-11T06:14:51.440Z, 1120.4146454, 819.6337824
1715408091456, 2024-05-11T06:14:51.456Z, 1116.2949101999998, 820.3866026
1715408091473, 2024-05-11T06:14:51.473Z, 1111.1512348, 821.3031158
1715408091488, 2024-05-11T06:14:51.488Z, 1103.364267, 821.3154543999999
1715408091520, 2024-05-11T06:14:51.520Z, 1098.6976295999998, 816.6591325999999
1715408091536, 2024-05-11T06:14:51.536Z, 1093.1638182000002, 813.0288447999999
1715408091567, 2024-05-11T06:14:51.567Z, 1089.7917149999998, 810.5157984
1715408091584, 2024-05-11T06:14:51.584Z, 1090.6448096, 805.5431274
1715408091600, 2024-05-11T06:14:51.600Z, 1099.3448148, 801.0103275999999
1715408091623, 2024-05-11T06:14:51.623Z, 1105.412388, 804.5107728
1715408091637, 2024-05-11T06:14:51.637Z, 1112.0892078, 807.3886358
1715408091664, 2024-05-11T06:14:51.664Z, 1117.0867426, 809.9693224
1715408091679, 2024-05-11T06:14:51.679Z, 1118.6247263999999, 812.4913955999999
1715408091695, 2024-05-11T06:14:51.695Z, 1116.3917692, 816.8918464
1715408091710, 2024-05-11T06:14:51.710Z, 1116.4132478000001, 818.177331
1715408091726, 2024-05-11T06:14:51.726Z, 1116.9780838000001, 817.78932
1715408091743, 2024-05-11T06:14:51.743Z, 1118.1312955999997, 817.4599074
1715408091787, 2024-05-11T06:14:51.787Z, 1123.0888748, 824.7258758
1715408091802, 2024-05-11T06:14:51.802Z, 1129.8691319999998, 831.0356048
1715408091821, 2024-05-11T06:14:51.821Z, 1135.286022, 837.0468209999999
1715408091837, 2024-05-11T06:14:51.837Z, 1140.325354, 842.2542891999999
1715408091853, 2024-05-11T06:14:51.853Z, 1145.8408492, 847.9633938
1715408091869, 2024-05-11T06:14:51.869Z, 1147.1632723999999, 846.0485964
1715408091885, 2024-05-11T06:14:51.885Z, 1147.0489736, 842.5833466
1715408091901, 2024-05-11T06:14:51.901Z, 1144.7275186000002, 840.7500543999998
1715408091923, 2024-05-11T06:14:51.923Z, 1142.1273772, 841.4845964
1715408091937, 2024-05-11T06:14:51.937Z, 1140.2821222, 837.4059063999999
1715408091980, 2024-05-11T06:14:51.980Z, 1138.6157124, 835.5992202
1715408091996, 2024-05-11T06:14:51.996Z, 1136.940402, 835.2497198000001
1715408092012, 2024-05-11T06:14:52.012Z, 1135.2049722, 831.924266
1715408092042, 2024-05-11T06:14:52.042Z, 1132.91241, 826.3880588
1715408092073, 2024-05-11T06:14:52.073Z, 1133.8924114, 828.3959273999999
1715408092087, 2024-05-11T06:14:52.087Z, 1133.1469974, 829.6896154
1715408092105, 2024-05-11T06:14:52.105Z, 1132.6287428, 831.8894109999999
1715408092120, 2024-05-11T06:14:52.120Z, 1131.3836856, 836.430603
1715408092136, 2024-05-11T06:14:52.136Z, 1131.0658310000001, 844.3961648000001
1715408092152, 2024-05-11T06:14:52.152Z, 1126.5649492, 848.6997842000001
1715408092168, 2024-05-11T06:14:52.168Z, 1124.9036694000001, 851.4128183999999
1715408092184, 2024-05-11T06:14:52.184Z, 1123.1645314, 853.8992355999999
1715408092199, 2024-05-11T06:14:52.199Z, 1124.8730125999998, 856.3337422000001
1715408092223, 2024-05-11T06:14:52.223Z, 1129.9007742, 855.8081542
1715408092237, 2024-05-11T06:14:52.237Z, 1134.7959558, 854.4218154
1715408092252, 2024-05-11T06:14:52.252Z, 1137.5988066000002, 853.7789084
1715408092279, 2024-05-11T06:14:52.279Z, 1137.5142304000003, 850.2791021999999
1715408092295, 2024-05-11T06:14:52.295Z, 1134.780783, 846.1434237999999
1715408092311, 2024-05-11T06:14:52.311Z, 1130.4423430000002, 843.6212767999999
1715408092327, 2024-05-11T06:14:52.327Z, 1126.2476398000001, 842.9264008
1715408092342, 2024-05-11T06:14:52.342Z, 1122.6695718000003, 843.3887896
1715408092373, 2024-05-11T06:14:52.373Z, 1119.2279934, 846.5974741999999
1715408092390, 2024-05-11T06:14:52.390Z, 1116.4873446000001, 849.3532955999999
1715408092419, 2024-05-11T06:14:52.419Z, 1118.5972006, 836.9245359999999
1715408092435, 2024-05-11T06:14:52.435Z, 1122.0480122000001, 821.5966866000001
1715408092451, 2024-05-11T06:14:52.451Z, 1132.9579689999998, 802.3604178
1715408092466, 2024-05-11T06:14:52.466Z, 1144.4887118000001, 778.0978818
1715408092481, 2024-05-11T06:14:52.481Z, 1154.5320112, 754.815617
1715408092523, 2024-05-11T06:14:52.523Z, 1159.5544294, 746.4366392
1715408092552, 2024-05-11T06:14:52.552Z, 1152.8418268, 725.8463952
1715408092567, 2024-05-11T06:14:52.567Z, 1138.1327498, 706.1718502
1715408092597, 2024-05-11T06:14:52.597Z, 1126.6011948, 691.8275872
1715408092612, 2024-05-11T06:14:52.612Z, 1119.3997560000003, 680.9959981999999
1715408092630, 2024-05-11T06:14:52.630Z, 1111.2873415999998, 680.5059251999999
1715408092647, 2024-05-11T06:14:52.647Z, 1114.4749906000002, 697.2773562
1715408092684, 2024-05-11T06:14:52.684Z, 1121.2056186000002, 718.2770141999999
1715408092701, 2024-05-11T06:14:52.701Z, 1127.3086844, 739.5022614
1715408092717, 2024-05-11T06:14:52.717Z, 1131.3687029999999, 757.1939762
1715408092733, 2024-05-11T06:14:52.733Z, 1135.6846228, 763.5389802000001
1715408092749, 2024-05-11T06:14:52.749Z, 1139.1969447999998, 767.5055092
1715408092765, 2024-05-11T06:14:52.765Z, 1137.8824056, 767.4814204
1715408092780, 2024-05-11T06:14:52.780Z, 1137.4043662, 765.290297
1715408092796, 2024-05-11T06:14:52.796Z, 1136.7280352000002, 762.1826444000001
1715408092824, 2024-05-11T06:14:52.824Z, 1136.5407428, 761.1241734
1715408092842, 2024-05-11T06:14:52.842Z, 1135.7163441999999, 761.5868558
1715408092859, 2024-05-11T06:14:52.859Z, 1136.926605, 765.2577186000001
1715408092875, 2024-05-11T06:14:52.875Z, 1137.6637483999998, 770.0536108
1715408092891, 2024-05-11T06:14:52.891Z, 1140.8730328, 775.9411045999999
1715408092906, 2024-05-11T06:14:52.906Z, 1145.0805062, 780.0323070000001
1715408092922, 2024-05-11T06:14:52.922Z, 1150.608419, 781.5213913999999
1715408092939, 2024-05-11T06:14:52.939Z, 1157.283508, 782.6403711999999
1715408092955, 2024-05-11T06:14:52.955Z, 1165.3976595999998, 785.7085838
1715408092980, 2024-05-11T06:14:52.980Z, 1170.440402, 786.7547769999999
1715408092989, 2024-05-11T06:14:52.989Z, 1171.0510823999998, 784.9451124
1715408093018, 2024-05-11T06:14:53.018Z, 1168.9571822, 782.655541
1715408093033, 2024-05-11T06:14:53.033Z, 1164.2100435999998, 778.0122076
1715408093049, 2024-05-11T06:14:53.049Z, 1155.2240387999998, 769.5259272
1715408093066, 2024-05-11T06:14:53.066Z, 1145.5511394, 762.066638
1715408093081, 2024-05-11T06:14:53.081Z, 1139.647348, 757.42086
1715408093112, 2024-05-11T06:14:53.112Z, 1133.3227292000001, 753.2037574
1715408093128, 2024-05-11T06:14:53.128Z, 1126.5305592, 752.2705983999999
1715408093143, 2024-05-11T06:14:53.143Z, 1125.2750672000002, 760.5354248
1715408093159, 2024-05-11T06:14:53.159Z, 1125.3762149999998, 767.1663431999999
1715408093174, 2024-05-11T06:14:53.174Z, 1126.8085188, 772.8452334
1715408093191, 2024-05-11T06:14:53.191Z, 1130.9964049999999, 778.069721
1715408093207, 2024-05-11T06:14:53.207Z, 1137.5319052, 781.4995322
1715408093237, 2024-05-11T06:14:53.237Z, 1140.8118169999998, 776.9906636
1715408093253, 2024-05-11T06:14:53.253Z, 1140.4696374, 770.3186023999999
1715408093273, 2024-05-11T06:14:53.273Z, 1139.2022974, 765.4794767999999
1715408093301, 2024-05-11T06:14:53.301Z, 1137.0015176000002, 759.4873956
1715408093317, 2024-05-11T06:14:53.317Z, 1133.9503318, 750.7503856000001
1715408093332, 2024-05-11T06:14:53.332Z, 1129.3738262, 742.0068212
1715408093349, 2024-05-11T06:14:53.349Z, 1127.2714342, 738.2242362
1715408093364, 2024-05-11T06:14:53.364Z, 1124.8289478000002, 738.2793428
1715408093380, 2024-05-11T06:14:53.380Z, 1122.7746442, 740.675468
1715408093396, 2024-05-11T06:14:53.396Z, 1121.7461408, 745.6771022
1715408093452, 2024-05-11T06:14:53.452Z, 1116.5202998, 752.6424185999999
1715408093467, 2024-05-11T06:14:53.467Z, 1110.3022156, 758.2878538
1715408093512, 2024-05-11T06:14:53.512Z, 1102.6679344, 761.5106678
1715408093527, 2024-05-11T06:14:53.527Z, 1095.5982112, 766.192755
1715408093542, 2024-05-11T06:14:53.542Z, 1091.0689864, 774.7925326000001
1715408093574, 2024-05-11T06:14:53.574Z, 1094.4957386, 784.3053852
1715408093601, 2024-05-11T06:14:53.601Z, 1102.2522044000002, 794.9425652
1715408093617, 2024-05-11T06:14:53.617Z, 1108.4732356000002, 804.5000672
1715408093633, 2024-05-11T06:14:53.633Z, 1110.0391124000002, 815.3318615999999
1715408093649, 2024-05-11T06:14:53.649Z, 1108.4897434, 822.9416274000001
1715408093665, 2024-05-11T06:14:53.665Z, 1104.3332996, 828.6844014000001
1715408093681, 2024-05-11T06:14:53.681Z, 1099.5308016, 834.618649
1715408093697, 2024-05-11T06:14:53.697Z, 1096.7562128000002, 839.4784380000001
1715408093723, 2024-05-11T06:14:53.723Z, 1099.1001472, 841.8977468
1715408093737, 2024-05-11T06:14:53.737Z, 1105.247321, 841.6185914
1715408093761, 2024-05-11T06:14:53.761Z, 1112.371121, 840.0644936000001
1715408093777, 2024-05-11T06:14:53.777Z, 1117.4827628, 836.4384776
1715408093793, 2024-05-11T06:14:53.793Z, 1122.8579876, 833.4044158
1715408093809, 2024-05-11T06:14:53.809Z, 1128.5821202000002, 827.9852718
1715408093825, 2024-05-11T06:14:53.825Z, 1134.0900508, 829.3240818
1715408093841, 2024-05-11T06:14:53.841Z, 1138.8507697999999, 831.7161825999999
1715408093857, 2024-05-11T06:14:53.857Z, 1145.1162565999998, 831.6266099999999
1715408093873, 2024-05-11T06:14:53.873Z, 1151.6585872, 829.6195636
1715408093905, 2024-05-11T06:14:53.905Z, 1157.2174626, 824.9415104
1715408093920, 2024-05-11T06:14:53.920Z, 1160.0854838, 814.7145168
1715408093935, 2024-05-11T06:14:53.935Z, 1164.0205934, 801.9681892000001
1715408093951, 2024-05-11T06:14:53.951Z, 1164.9679386, 790.324635
1715408093967, 2024-05-11T06:14:53.967Z, 1164.9735856, 779.4162256
1715408093998, 2024-05-11T06:14:53.998Z, 1164.2914014, 767.1528676
1715408094023, 2024-05-11T06:14:54.023Z, 1162.7081034, 758.1499416
1715408094037, 2024-05-11T06:14:54.037Z, 1159.5243094, 752.9440050000001
1715408094052, 2024-05-11T06:14:54.052Z, 1156.3247165999999, 757.4422328
1715408094067, 2024-05-11T06:14:54.067Z, 1154.6261596, 771.0661302000001
1715408094082, 2024-05-11T06:14:54.082Z, 1151.5981855999999, 788.8703156
1715408094097, 2024-05-11T06:14:54.097Z, 1149.3324049999999, 804.4687272
1715408094133, 2024-05-11T06:14:54.133Z, 1147.6410019999998, 818.6928168000001
1715408094143, 2024-05-11T06:14:54.143Z, 1147.8445916, 828.2104072
1715408094173, 2024-05-11T06:14:54.173Z, 1146.6829176, 831.5560247999999
1715408094189, 2024-05-11T06:14:54.189Z, 1147.9034331999999, 835.9227426
1715408094220, 2024-05-11T06:14:54.220Z, 1151.438726, 839.767398
1715408094236, 2024-05-11T06:14:54.236Z, 1154.6496834000002, 844.0242620000001
1715408094267, 2024-05-11T06:14:54.267Z, 1158.6579788000001, 845.0565102
1715408094283, 2024-05-11T06:14:54.283Z, 1161.7774980000002, 844.4126258
1715408094299, 2024-05-11T06:14:54.299Z, 1165.9983614, 844.410029
1715408094324, 2024-05-11T06:14:54.324Z, 1166.912891, 844.8884572
1715408094336, 2024-05-11T06:14:54.336Z, 1167.645349, 844.041281
1715408094352, 2024-05-11T06:14:54.352Z, 1166.8831598000002, 843.4993326
1715408094367, 2024-05-11T06:14:54.367Z, 1167.9037174, 842.3562224
1715408094382, 2024-05-11T06:14:54.382Z, 1165.8554760000002, 842.4365564
1715408094397, 2024-05-11T06:14:54.397Z, 1164.6569588, 842.6841336
1715408094412, 2024-05-11T06:14:54.412Z, 1164.0729922000003, 843.3846063999999
1715408094442, 2024-05-11T06:14:54.442Z, 1164.1017646, 844.1347502000001
1715408094473, 2024-05-11T06:14:54.473Z, 1165.0654846, 845.6263044
1715408094487, 2024-05-11T06:14:54.487Z, 1171.7369712, 847.9953142
1715408094503, 2024-05-11T06:14:54.503Z, 1182.1944044, 852.7102957999999
1715408094535, 2024-05-11T06:14:54.535Z, 1195.497406, 857.1630683999999
1715408094550, 2024-05-11T06:14:54.550Z, 1209.0977636, 861.4253375999999
1715408094566, 2024-05-11T06:14:54.566Z, 1219.874325, 865.010196
1715408094583, 2024-05-11T06:14:54.583Z, 1227.7800278, 867.9997884
1715408094599, 2024-05-11T06:14:54.599Z, 1230.6297338, 867.9133554
1715408094624, 2024-05-11T06:14:54.624Z, 1230.9580256000002, 868.0851480000001
1715408094637, 2024-05-11T06:14:54.637Z, 1232.3776500000001, 869.1595649999999
1715408094652, 2024-05-11T06:14:54.652Z, 1237.6806308, 868.1182054000001
1715408094667, 2024-05-11T06:14:54.667Z, 1254.038337, 866.6929479999999
1715408094726, 2024-05-11T06:14:54.726Z, 1276.2303040000002, 866.2609094
1715408094790, 2024-05-11T06:14:54.790Z, 1322.0188686, 869.9517054
1715408094805, 2024-05-11T06:14:54.805Z, 1367.1951073999999, 875.7184775999998
1715408094821, 2024-05-11T06:14:54.821Z, 1409.9579517999998, 886.2840676
1715408094837, 2024-05-11T06:14:54.837Z, 1441.148321, 895.2102084
1715408094853, 2024-05-11T06:14:54.853Z, 1471.8214614, 904.4710754
1715408094870, 2024-05-11T06:14:54.870Z, 1480.6326114, 909.9211014
1715408094885, 2024-05-11T06:14:54.885Z, 1486.4670793999999, 912.3413232
1715408094901, 2024-05-11T06:14:54.901Z, 1487.8820074, 911.46937
1715408094923, 2024-05-11T06:14:54.923Z, 1487.2517314000002, 912.8548257999998
1715408094942, 2024-05-11T06:14:54.942Z, 1479.3687476, 914.2669456
1715408094956, 2024-05-11T06:14:54.956Z, 1464.4406262, 912.7209116
1715408094972, 2024-05-11T06:14:54.972Z, 1451.1830512000001, 910.5439638
1715408094982, 2024-05-11T06:14:54.982Z, 1441.7354983999999, 908.6215216