1715408190100, 2024-05-11T06:16:30.100Z, 1466.807353, 834.990558
1715408190113, 2024-05-11T06:16:30.113Z, 1459.882257, 855.7473225
1715408190128, 2024-05-11T06:16:30.128Z, 1454.2883756666668, 864.5840863333333
1715408190143, 2024-05-11T06:16:30.143Z, 1449.98689075, 869.5380285
1715408190171, 2024-05-11T06:16:30.171Z, 1442.5109705999998, 873.7561484
1715408190185, 2024-05-11T06:16:30.185Z, 1429.4692776, 887.5842808
1715408190200, 2024-05-11T06:16:30.200Z, 1418.1780943999997, 894.3940054000001
1715408190215, 2024-05-11T06:16:30.215Z, 1408.8113101999998, 900.2266493999999
1715408190229, 2024-05-11T06:16:30.229Z, 1363.6400986, 895.7477446
1715408190249, 2024-05-11T06:16:30.249Z, 1308.287583, 885.0150778
1715408190264, 2024-05-11T06:16:30.264Z, 1223.5036406, 855.0940951999999
1715408190275, 2024-05-11T06:16:30.275Z, 1081.2867456, 797.361851
1715408190290, 2024-05-11T06:16:30.290Z, 904.6443348, 725.8562026000001
1715408190321, 2024-05-11T06:16:30.321Z, 754.3726368000001, 659.6682468
1715408190335, 2024-05-11T06:16:30.335Z, 615.0888871999999, 598.5933752
1715408190354, 2024-05-11T06:16:30.354Z, 483.69734180000006, 547.1805658000001
1715408190380, 2024-05-11T06:16:30.380Z, 402.1324686, 522.1172362
1715408190396, 2024-05-11T06:16:30.396Z, 344.03294239999997, 498.22413939999996
1715408190414, 2024-05-11T06:16:30.414Z, 309.94445740000003, 487.92653679999995
1715408190427, 2024-05-11T06:16:30.427Z, 278.0707422, 475.8308704
1715408190443, 2024-05-11T06:16:30.443Z, 265.670502, 467.9750773999999
1715408190471, 2024-05-11T06:16:30.471Z, 255.33245200000002, 453.2968164
1715408190485, 2024-05-11T06:16:30.485Z, 251.21516000000003, 444.454266
1715408190499, 2024-05-11T06:16:30.499Z, 229.43585579999998, 425.63872119999996
1715408190515, 2024-05-11T06:16:30.515Z, 211.94644340000005, 411.1948102
1715408190530, 2024-05-11T06:16:30.530Z, 198.09750200000002, 397.99440480000004
1715408190563, 2024-05-11T06:16:30.563Z, 185.1934496, 388.4723432
1715408190582, 2024-05-11T06:16:30.582Z, 178.767985, 388.0138176
1715408190597, 2024-05-11T06:16:30.597Z, 180.50939639999999, 393.2705096
1715408190625, 2024-05-11T06:16:30.625Z, 181.99191919999998, 395.6909028
1715408190665, 2024-05-11T06:16:30.665Z, 180.6592026, 393.1371024
1715408190679, 2024-05-11T06:16:30.679Z, 171.07051180000002, 372.8683582
1715408190788, 2024-05-11T06:16:30.788Z, 169.6299764, 387.6382192
1715408190804, 2024-05-11T06:16:30.804Z, 154.2951328, 415.5347272
1715408190833, 2024-05-11T06:16:30.833Z, 136.568995, 444.15478659999997
1715408190848, 2024-05-11T06:16:30.848Z, 124.76006419999999, 468.8480152
1715408190864, 2024-05-11T06:16:30.864Z, 126.23051999999998, 515.638733
1715408190879, 2024-05-11T06:16:30.879Z, 117.5469328, 525.2713981999999
1715408190895, 2024-05-11T06:16:30.895Z, 119.8525996, 518.9908676
1715408190924, 2024-05-11T06:16:30.924Z, 122.77954159999999, 513.8467373999999
1715408190942, 2024-05-11T06:16:30.942Z, 124.5719654, 520.704479
1715408190974, 2024-05-11T06:16:30.974Z, 126.79347520000002, 523.2786743999999
1715408190990, 2024-05-11T06:16:30.990Z, 125.38551240000001, 515.6798308
1715408191022, 2024-05-11T06:16:31.022Z, 123.07159340000001, 504.88124759999994
1715408191037, 2024-05-11T06:16:31.037Z, 121.633116, 492.835454
1715408191053, 2024-05-11T06:16:31.053Z, 135.402031, 497.5963968
1715408191074, 2024-05-11T06:16:31.074Z, 152.6990996, 508.58005319999995
1715408191102, 2024-05-11T06:16:31.102Z, 164.9019026, 511.61932779999995
1715408191149, 2024-05-11T06:16:31.149Z, 190.530212, 533.706042
1715408191165, 2024-05-11T06:16:31.165Z, 204.7651804, 540.7225672
1715408191196, 2024-05-11T06:16:31.196Z, 211.743134, 543.6854126000001
1715408191237, 2024-05-11T06:16:31.237Z, 199.99605459999998, 506.2635164
1715408191252, 2024-05-11T06:16:31.252Z, 200.9605394, 496.76869239999996
1715408191266, 2024-05-11T06:16:31.266Z, 231.08218019999998, 495.9224306
1715408191292, 2024-05-11T06:16:31.292Z, 271.0276268, 495.58871179999994
1715408191308, 2024-05-11T06:16:31.308Z, 316.2674034, 488.0778738
1715408191324, 2024-05-11T06:16:31.324Z, 370.6552346, 513.3342178
1715408191340, 2024-05-11T06:16:31.340Z, 425.269667, 527.7349056
1715408191355, 2024-05-11T06:16:31.355Z, 457.5176394, 520.8778714
1715408191373, 2024-05-11T06:16:31.373Z, 512.5091546, 533.9069063999999
1715408191387, 2024-05-11T06:16:31.387Z, 543.7799516, 535.6167502
1715408191403, 2024-05-11T06:16:31.403Z, 581.773899, 539.1975961999999
1715408191418, 2024-05-11T06:16:31.418Z, 616.824151, 541.3421569999999
1715408191434, 2024-05-11T06:16:31.434Z, 632.4311352, 543.3022342
1715408191450, 2024-05-11T06:16:31.450Z, 625.8845468000001, 540.1224466
1715408191465, 2024-05-11T06:16:31.465Z, 628.0766806, 540.4389134
1715408191481, 2024-05-11T06:16:31.481Z, 629.1185644000001, 542.6719095999999
1715408191496, 2024-05-11T06:16:31.496Z, 625.8768646000001, 545.3432352
1715408191523, 2024-05-11T06:16:31.523Z, 624.4218584, 545.5776228
1715408191537, 2024-05-11T06:16:31.537Z, 622.8886604, 545.5224454
1715408191571, 2024-05-11T06:16:31.571Z, 620.0849452, 542.0866864
1715408191571, 2024-05-11T06:16:31.571Z, 618.1035356, 540.3193540000001
1715408191582, 2024-05-11T06:16:31.582Z, 621.3157209999999, 541.1703516
1715408191597, 2024-05-11T06:16:31.597Z, 618.6684108, 534.755379
1715408191614, 2024-05-11T06:16:31.614Z, 621.4736295999999, 529.8350156
1715408191629, 2024-05-11T06:16:31.629Z, 631.9052721999999, 532.5214526
1715408191642, 2024-05-11T06:16:31.642Z, 642.3194683999999, 531.8761027999999
1715408191673, 2024-05-11T06:16:31.673Z, 654.2297876, 531.5980568000001
1715408191690, 2024-05-11T06:16:31.690Z, 670.4034654, 535.5943816000001
1715408191702, 2024-05-11T06:16:31.702Z, 680.9857666, 537.546029
1715408191717, 2024-05-11T06:16:31.717Z, 688.8695486, 532.2709437999999
1715408191748, 2024-05-11T06:16:31.748Z, 695.4502582, 525.584289
1715408191764, 2024-05-11T06:16:31.764Z, 696.8970126, 515.8579722000001
1715408191779, 2024-05-11T06:16:31.779Z, 698.4804106, 509.05198600000006
1715408191795, 2024-05-11T06:16:31.795Z, 700.7528592, 502.19855500000006
1715408191823, 2024-05-11T06:16:31.823Z, 699.3860128, 498.86542119999996
1715408191837, 2024-05-11T06:16:31.837Z, 698.992504, 498.856748
1715408191852, 2024-05-11T06:16:31.852Z, 701.6981062, 501.29558099999997
1715408191867, 2024-05-11T06:16:31.867Z, 704.500456, 501.3975902
1715408191882, 2024-05-11T06:16:31.882Z, 708.0127602, 501.0910408000001
1715408191896, 2024-05-11T06:16:31.896Z, 712.4260628, 501.1419976
1715408191912, 2024-05-11T06:16:31.912Z, 718.9278624000001, 505.0280692
1715408191927, 2024-05-11T06:16:31.927Z, 718.3836859999999, 507.0506112
1715408191944, 2024-05-11T06:16:31.944Z, 702.2073974000001, 509.88805119999995
1715408191975, 2024-05-11T06:16:31.975Z, 665.4893906, 515.853728
1715408191988, 2024-05-11T06:16:31.988Z, 590.5676878, 525.9372486
1715408192015, 2024-05-11T06:16:32.015Z, 498.3004356, 532.0034192
1715408192046, 2024-05-11T06:16:32.046Z, 377.49935220000003, 530.8867206
1715408192061, 2024-05-11T06:16:32.061Z, 261.41042120000003, 526.6636654
1715408192077, 2024-05-11T06:16:32.077Z, 172.11708819999998, 527.618005
1715408192093, 2024-05-11T06:16:32.093Z, 116.488518, 519.0067672
1715408192124, 2024-05-11T06:16:32.124Z, 77.10323020000001, 511.19173200000006
1715408192140, 2024-05-11T06:16:32.140Z, 73.84198980000001, 513.810417
1715408192156, 2024-05-11T06:16:32.156Z, 81.14809000000001, 519.433719
1715408192172, 2024-05-11T06:16:32.172Z, 80.6403014, 516.6910334
1715408192187, 2024-05-11T06:16:32.187Z, 84.59544380000001, 519.2435692
1715408192203, 2024-05-11T06:16:32.203Z, 89.3296316, 524.3251212
1715408192218, 2024-05-11T06:16:32.218Z, 101.93183860000002, 536.5312422
1715408192233, 2024-05-11T06:16:32.233Z, 112.753724, 546.5877820000001
1715408192249, 2024-05-11T06:16:32.249Z, 123.64021539999999, 557.4061448
1715408192271, 2024-05-11T06:16:32.271Z, 136.6925764, 570.9236734
1715408192285, 2024-05-11T06:16:32.285Z, 149.6376432, 584.4638578
1715408192300, 2024-05-11T06:16:32.300Z, 152.2390384, 588.781026
1715408192315, 2024-05-11T06:16:32.315Z, 154.9597302, 597.4020552
1715408192330, 2024-05-11T06:16:32.330Z, 156.9434882, 606.0887338
1715408192350, 2024-05-11T06:16:32.350Z, 150.2123448, 609.8773308
1715408192364, 2024-05-11T06:16:32.364Z, 142.3112494, 610.6658202000001
1715408192376, 2024-05-11T06:16:32.376Z, 133.8691754, 608.6341296
1715408192390, 2024-05-11T06:16:32.390Z, 125.18170620000001, 604.6425006000001
1715408192421, 2024-05-11T06:16:32.421Z, 123.4884686, 601.88323
1715408192437, 2024-05-11T06:16:32.437Z, 124.605907, 601.187886
1715408192452, 2024-05-11T06:16:32.452Z, 124.6579408, 600.6857956
1715408192468, 2024-05-11T06:16:32.468Z, 123.71743920000002, 597.8368464000001
1715408192483, 2024-05-11T06:16:32.483Z, 118.7070326, 580.5877576
1715408192499, 2024-05-11T06:16:32.499Z, 110.5773116, 566.0631446000001
1715408192514, 2024-05-11T06:16:32.514Z, 122.0303314, 555.0628788000001
1715408192530, 2024-05-11T06:16:32.530Z, 145.49772779999998, 546.2837026
1715408192545, 2024-05-11T06:16:32.545Z, 174.8580046, 544.1312664000001
1715408192571, 2024-05-11T06:16:32.571Z, 215.7727918, 556.100095
1715408192585, 2024-05-11T06:16:32.585Z, 260.050157, 566.317439
1715408192600, 2024-05-11T06:16:32.600Z, 289.68881539999995, 565.511196
1715408192615, 2024-05-11T06:16:32.615Z, 310.0683886, 564.283452
1715408192630, 2024-05-11T06:16:32.630Z, 326.6833204, 563.710297
1715408192644, 2024-05-11T06:16:32.644Z, 344.952819, 570.377736
1715408192660, 2024-05-11T06:16:32.660Z, 356.08984019999997, 574.0055067999999
1715408192675, 2024-05-11T06:16:32.675Z, 364.5080544, 583.5616281999999
1715408192689, 2024-05-11T06:16:32.689Z, 371.0259184, 591.6970582
1715408192726, 2024-05-11T06:16:32.726Z, 378.7253554, 597.5948908
1715408192738, 2024-05-11T06:16:32.738Z, 379.87148379999996, 595.4663292
1715408192752, 2024-05-11T06:16:32.752Z, 381.44316779999997, 593.9939242
1715408192768, 2024-05-11T06:16:32.768Z, 383.58472759999995, 593.4727826000001
1715408192783, 2024-05-11T06:16:32.783Z, 384.6413474, 592.4327094
1715408192798, 2024-05-11T06:16:32.798Z, 381.81064580000003, 590.9780402
1715408192813, 2024-05-11T06:16:32.813Z, 372.02977799999996, 589.6921206
1715408192828, 2024-05-11T06:16:32.828Z, 361.9916102, 589.3331857999999
1715408192844, 2024-05-11T06:16:32.844Z, 349.5117238, 588.5513815999999
1715408192874, 2024-05-11T06:16:32.874Z, 336.4053432, 590.2576818
1715408192890, 2024-05-11T06:16:32.890Z, 321.7832946, 587.4384328
1715408192906, 2024-05-11T06:16:32.906Z, 312.7727336, 585.2069268
1715408192921, 2024-05-11T06:16:32.921Z, 304.4448796, 581.56342
1715408192937, 2024-05-11T06:16:32.937Z, 299.35643500000003, 578.5621021999999
1715408192953, 2024-05-11T06:16:32.953Z, 295.97986440000005, 573.580095
1715408192968, 2024-05-11T06:16:32.968Z, 297.1230112, 574.3559101999999
1715408192983, 2024-05-11T06:16:32.983Z, 298.14883799999996, 574.3913926
1715408192998, 2024-05-11T06:16:32.998Z, 298.807332, 574.7906238
1715408193025, 2024-05-11T06:16:33.025Z, 284.3547346, 573.6536766
1715408193038, 2024-05-11T06:16:33.038Z, 267.5606694, 571.8125552
1715408193052, 2024-05-11T06:16:33.052Z, 252.91969220000001, 569.966207
1715408193068, 2024-05-11T06:16:33.068Z, 238.46174919999999, 568.4081246
1715408193083, 2024-05-11T06:16:33.083Z, 224.51647899999998, 569.0877544
1715408193115, 2024-05-11T06:16:33.115Z, 225.9534504, 572.1830588
1715408193130, 2024-05-11T06:16:33.130Z, 229.58858700000002, 575.756826
1715408193177, 2024-05-11T06:16:33.177Z, 230.09501880000002, 578.4163501999999
1715408193190, 2024-05-11T06:16:33.190Z, 231.97496280000001, 581.031585
1715408193205, 2024-05-11T06:16:33.205Z, 231.0058806, 583.1025492
1715408193219, 2024-05-11T06:16:33.219Z, 224.6360004, 583.715786
1715408193234, 2024-05-11T06:16:33.234Z, 219.3750212, 583.71994
1715408193249, 2024-05-11T06:16:33.249Z, 215.4308576, 581.90715
1715408193264, 2024-05-11T06:16:33.264Z, 209.2393206, 578.6828134
1715408193279, 2024-05-11T06:16:33.279Z, 206.4261184, 575.4677216
1715408193294, 2024-05-11T06:16:33.294Z, 210.14085680000002, 574.0731308
1715408193323, 2024-05-11T06:16:33.323Z, 217.9474052, 578.6820132
1715408193337, 2024-05-11T06:16:33.337Z, 225.0573448, 584.9425303999999
1715408193352, 2024-05-11T06:16:33.352Z, 233.42353859999997, 591.7040944
1715408193367, 2024-05-11T06:16:33.367Z, 238.91006040000002, 593.8121422
1715408193381, 2024-05-11T06:16:33.381Z, 238.23893900000002, 589.8668844
1715408193397, 2024-05-11T06:16:33.397Z, 236.2980336, 581.7162228
1715408193412, 2024-05-11T06:16:33.412Z, 234.2618728, 573.797483
1715408193427, 2024-05-11T06:16:33.427Z, 229.2697452, 565.399118
1715408193451, 2024-05-11T06:16:33.451Z, 225.18786799999998, 559.5302489999999
1715408193472, 2024-05-11T06:16:33.472Z, 220.82711680000003, 554.6494596
1715408193487, 2024-05-11T06:16:33.487Z, 212.75427419999997, 549.5705464
1715408193505, 2024-05-11T06:16:33.505Z, 199.7326102, 540.9314552
1715408193519, 2024-05-11T06:16:33.519Z, 187.55507219999998, 533.5850362
1715408193535, 2024-05-11T06:16:33.535Z, 176.63426679999998, 526.9710208
1715408193550, 2024-05-11T06:16:33.550Z, 173.1444492, 527.4159538000001
1715408193564, 2024-05-11T06:16:33.564Z, 169.67995420000003, 527.4407942
1715408193579, 2024-05-11T06:16:33.579Z, 169.039019, 528.4478392000001
1715408193594, 2024-05-11T06:16:33.594Z, 169.504593, 526.8660974000001
1715408193626, 2024-05-11T06:16:33.626Z, 168.9877732, 523.9105198
1715408193639, 2024-05-11T06:16:33.639Z, 164.839673, 517.7973358
1715408193654, 2024-05-11T06:16:33.654Z, 155.0395058, 502.0214748
1715408193670, 2024-05-11T06:16:33.670Z, 151.097887, 484.60862280000003
1715408193685, 2024-05-11T06:16:33.685Z, 148.486086, 468.24912240000003
1715408193701, 2024-05-11T06:16:33.701Z, 148.0718112, 451.39656299999996
1715408193716, 2024-05-11T06:16:33.716Z, 150.9719732, 430.60713920000006
1715408193732, 2024-05-11T06:16:33.732Z, 163.6104462, 417.4692438
1715408193747, 2024-05-11T06:16:33.747Z, 174.50578320000002, 406.4484802
1715408193772, 2024-05-11T06:16:33.772Z, 185.09971060000004, 389.5807704
1715408193786, 2024-05-11T06:16:33.786Z, 192.501258, 368.38045679999993
1715408193801, 2024-05-11T06:16:33.801Z, 198.15395420000002, 352.1772622
1715408193816, 2024-05-11T06:16:33.816Z, 199.1621448, 336.5909302
1715408193831, 2024-05-11T06:16:33.831Z, 197.57760019999998, 322.8032428
1715408193849, 2024-05-11T06:16:33.849Z, 195.644279, 318.2754176
1715408193860, 2024-05-11T06:16:33.860Z, 194.0656504, 328.070441
1715408193879, 2024-05-11T06:16:33.879Z, 192.1977374, 337.0786536
1715408193891, 2024-05-11T06:16:33.891Z, 191.0121198, 347.37886799999995
1715408193922, 2024-05-11T06:16:33.922Z, 193.7015954, 358.01320940000005
1715408193936, 2024-05-11T06:16:33.936Z, 196.18673059999998, 367.57218
1715408193951, 2024-05-11T06:16:33.951Z, 203.5996638, 370.224983
1715408193966, 2024-05-11T06:16:33.966Z, 211.5652324, 373.334256
1715408193982, 2024-05-11T06:16:33.982Z, 215.3017176, 374.59320019999996
1715408193999, 2024-05-11T06:16:33.999Z, 218.1987474, 376.7735806
1715408194015, 2024-05-11T06:16:34.015Z, 219.32465940000003, 376.44869239999997
1715408194029, 2024-05-11T06:16:34.029Z, 218.24210900000003, 375.3533414
1715408194071, 2024-05-11T06:16:34.071Z, 209.4626886, 370.3561188
1715408194085, 2024-05-11T06:16:34.085Z, 209.8353806, 376.20955599999996
1715408194100, 2024-05-11T06:16:34.100Z, 209.79440979999998, 383.2065192
1715408194115, 2024-05-11T06:16:34.115Z, 210.630249, 390.7024712
1715408194130, 2024-05-11T06:16:34.130Z, 211.178786, 398.9991036
1715408194145, 2024-05-11T06:16:34.145Z, 209.52869579999998, 400.17484279999996
1715408194164, 2024-05-11T06:16:34.164Z, 204.91391760000002, 394.69298760000004
1715408194175, 2024-05-11T06:16:34.175Z, 205.59917020000003, 397.5766782
1715408194190, 2024-05-11T06:16:34.190Z, 204.78278600000004, 397.43981040000006
1715408194221, 2024-05-11T06:16:34.221Z, 205.68621, 400.2534106
1715408194235, 2024-05-11T06:16:34.235Z, 213.5190986, 407.2259416
1715408194250, 2024-05-11T06:16:34.250Z, 219.0962982, 410.9203246
1715408194264, 2024-05-11T06:16:34.264Z, 218.52350900000002, 407.6013164
1715408194279, 2024-05-11T06:16:34.279Z, 220.023457, 408.4835412
1715408194295, 2024-05-11T06:16:34.295Z, 219.43349840000002, 408.99089560000004
1715408194314, 2024-05-11T06:16:34.314Z, 220.9084636, 415.85829759999996
1715408194325, 2024-05-11T06:16:34.325Z, 223.5013512, 420.0469174
1715408194341, 2024-05-11T06:16:34.341Z, 227.891026, 415.5553214
1715408194371, 2024-05-11T06:16:34.371Z, 235.4273044, 409.46119319999997
1715408194386, 2024-05-11T06:16:34.386Z, 248.1460356, 397.0700038
1715408194417, 2024-05-11T06:16:34.417Z, 260.70004040000003, 377.1962184
1715408194432, 2024-05-11T06:16:34.432Z, 271.0014998, 354.4244702
1715408194464, 2024-05-11T06:16:34.464Z, 279.9147356, 335.73685779999994
1715408194479, 2024-05-11T06:16:34.479Z, 289.516506, 322.96345319999995
1715408194521, 2024-05-11T06:16:34.521Z, 295.9030036, 309.5011082
1715408194535, 2024-05-11T06:16:34.535Z, 303.2622614, 304.46143639999997
1715408194553, 2024-05-11T06:16:34.553Z, 311.6560004, 297.1008792
1715408194565, 2024-05-11T06:16:34.565Z, 323.4188486, 297.1924974
1715408194580, 2024-05-11T06:16:34.580Z, 335.31914700000004, 291.28825959999995
1715408194595, 2024-05-11T06:16:34.595Z, 339.2066406, 279.66707699999995
1715408194615, 2024-05-11T06:16:34.615Z, 341.53924600000005, 268.257502
1715408194640, 2024-05-11T06:16:34.640Z, 342.68999420000006, 265.9811816
1715408194671, 2024-05-11T06:16:34.671Z, 335.98445660000004, 256.15674520000005
1715408194685, 2024-05-11T06:16:34.685Z, 323.2564378, 244.66335059999997
1715408194700, 2024-05-11T06:16:34.700Z, 315.91655879999996, 242.4021512
1715408194715, 2024-05-11T06:16:34.715Z, 308.8042974, 244.70094319999998
1715408194730, 2024-05-11T06:16:34.730Z, 299.2592814, 250.78445499999998
1715408194764, 2024-05-11T06:16:34.764Z, 292.7824826, 254.47830119999998
1715408194779, 2024-05-11T06:16:34.779Z, 286.759109, 261.83719859999997
1715408194790, 2024-05-11T06:16:34.790Z, 282.4980318, 264.0394246
1715408194824, 2024-05-11T06:16:34.824Z, 283.7717122, 250.0712128
1715408194835, 2024-05-11T06:16:34.835Z, 289.2569786, 231.01858100000004
1715408194864, 2024-05-11T06:16:34.864Z, 301.331878, 208.36957859999998
1715408194880, 2024-05-11T06:16:34.880Z, 313.9009708, 184.7298974
1715408194913, 2024-05-11T06:16:34.913Z, 328.29127200000005, 167.7877026
1715408194927, 2024-05-11T06:16:34.927Z, 337.37228860000005, 170.57891279999998
1715408194974, 2024-05-11T06:16:34.974Z, 351.36237120000004, 190.1989106
1715408195004, 2024-05-11T06:16:35.004Z, 358.7224154, 212.1579668
1715408195020, 2024-05-11T06:16:35.020Z, 367.793638, 226.7390314
1715408195051, 2024-05-11T06:16:35.051Z, 373.28759219999995, 235.97635760000003
1715408195067, 2024-05-11T06:16:35.067Z, 380.61500400000006, 240.478994
1715408195097, 2024-05-11T06:16:35.097Z, 385.8022946, 225.1762916
1715408195121, 2024-05-11T06:16:35.121Z, 390.5754712, 224.9167856
1715408195134, 2024-05-11T06:16:35.134Z, 393.31889380000007, 234.5762352
1715408195150, 2024-05-11T06:16:35.150Z, 398.28070740000004, 253.87827320000002
1715408195179, 2024-05-11T06:16:35.179Z, 402.1489602, 272.1916578
1715408195194, 2024-05-11T06:16:35.194Z, 400.38341919999993, 293.2486986
1715408195229, 2024-05-11T06:16:35.229Z, 395.3428722, 304.0194348
1715408195244, 2024-05-11T06:16:35.244Z, 385.5894214, 311.963353
1715408195274, 2024-05-11T06:16:35.274Z, 354.8473764, 307.1192742
1715408195299, 2024-05-11T06:16:35.299Z, 321.83214000000004, 298.9801012
1715408195314, 2024-05-11T06:16:35.314Z, 289.4734808, 290.73040299999997
1715408195330, 2024-05-11T06:16:35.330Z, 260.87014680000004, 286.6060602
1715408195361, 2024-05-11T06:16:35.361Z, 236.22258040000003, 284.79194939999996
1715408195376, 2024-05-11T06:16:35.376Z, 229.7749174, 288.0225298
1715408195394, 2024-05-11T06:16:35.394Z, 223.11861599999997, 291.49344080000003
1715408195424, 2024-05-11T06:16:35.424Z, 214.22993259999998, 288.29577600000005
1715408195455, 2024-05-11T06:16:35.455Z, 204.4463084, 281.0738098
1715408195470, 2024-05-11T06:16:35.470Z, 196.27865780000002, 271.94087780000007
1715408195486, 2024-05-11T06:16:35.486Z, 187.19505980000002, 264.81150420000006
1715408195501, 2024-05-11T06:16:35.501Z, 180.1996388, 257.3013716
1715408195517, 2024-05-11T06:16:35.517Z, 177.1306164, 259.47852919999997
1715408195533, 2024-05-11T06:16:35.533Z, 173.73617480000001, 260.2569702
1715408195549, 2024-05-11T06:16:35.549Z, 172.5073492, 263.96460400000007
1715408195737, 2024-05-11T06:16:35.737Z, 365.086455, 257.607363
1715408195768, 2024-05-11T06:16:35.768Z, 560.8990698, 246.67239460000002
1715408195784, 2024-05-11T06:16:35.784Z, 758.1467324, 236.6731348
1715408195800, 2024-05-11T06:16:35.800Z, 957.0339788000001, 227.9964512
1715408195815, 2024-05-11T06:16:35.815Z, 1154.1783162, 216.15655099999998
1715408195830, 2024-05-11T06:16:35.830Z, 1158.5045526, 209.99160159999997
1715408195845, 2024-05-11T06:16:35.845Z, 1157.2444014, 205.4232856
1715408195874, 2024-05-11T06:16:35.874Z, 1157.254066, 193.85182419999998
1715408195893, 2024-05-11T06:16:35.893Z, 1157.9362168, 181.4237846
1715408195908, 2024-05-11T06:16:35.908Z, 1158.8745656, 169.78490000000002
1715408195924, 2024-05-11T06:16:35.924Z, 1162.965449, 162.63168720000002
1715408195940, 2024-05-11T06:16:35.940Z, 1171.8192246000003, 158.7035734
1715408195956, 2024-05-11T06:16:35.956Z, 1177.9790046, 160.3989946
1715408195971, 2024-05-11T06:16:35.971Z, 1182.3768976, 165.2215438
1715408195987, 2024-05-11T06:16:35.987Z, 1185.7931982, 170.8638032
1715408196002, 2024-05-11T06:16:36.002Z, 1183.652461, 176.70267280000002
1715408196025, 2024-05-11T06:16:36.025Z, 1176.9006433999998, 184.0318996
1715408196040, 2024-05-11T06:16:36.040Z, 1169.2565184, 187.69015940000003
1715408196054, 2024-05-11T06:16:36.054Z, 1161.4251102, 191.3906418
1715408196069, 2024-05-11T06:16:36.069Z, 1155.5054364, 193.8276958
1715408196084, 2024-05-11T06:16:36.084Z, 1153.5992008, 195.90199420000002
1715408196099, 2024-05-11T06:16:36.099Z, 1152.5197618, 193.50186200000002
1715408196115, 2024-05-11T06:16:36.115Z, 1152.8492377999999, 192.92818400000002
1715408196129, 2024-05-11T06:16:36.129Z, 1154.1363216, 187.6752914
1715408196144, 2024-05-11T06:16:36.144Z, 1155.0971003999998, 181.88163260000002
1715408196175, 2024-05-11T06:16:36.175Z, 1153.6087916000001, 175.084137
1715408196191, 2024-05-11T06:16:36.191Z, 1153.2526217999998, 169.9821466
1715408196207, 2024-05-11T06:16:36.207Z, 1152.4074376, 162.5688212
1715408196223, 2024-05-11T06:16:36.223Z, 1150.4062912000002, 156.8026576
1715408196238, 2024-05-11T06:16:36.238Z, 1147.2503068, 151.7706378
1715408196254, 2024-05-11T06:16:36.254Z, 1141.2786457999998, 147.9738162
1715408196270, 2024-05-11T06:16:36.270Z, 1135.3764956, 144.7520016
1715408196285, 2024-05-11T06:16:36.285Z, 1129.8912974, 145.22564559999998
1715408196301, 2024-05-11T06:16:36.301Z, 1125.2704701999999, 149.6896988
1715408196323, 2024-05-11T06:16:36.323Z, 1120.7503794, 155.1304012
1715408196337, 2024-05-11T06:16:36.337Z, 1119.3049912000001, 159.4700368
1715408196352, 2024-05-11T06:16:36.352Z, 1118.1272244, 165.27741659999998
1715408196367, 2024-05-11T06:16:36.367Z, 1115.9469556, 173.6295384
1715408196382, 2024-05-11T06:16:36.382Z, 1114.5745884, 178.860705
1715408196412, 2024-05-11T06:16:36.412Z, 1115.0528796, 180.1164498
1715408196428, 2024-05-11T06:16:36.428Z, 1116.1957966, 180.8032026
1715408196443, 2024-05-11T06:16:36.443Z, 1117.4174892, 179.00107939999998
1715408196473, 2024-05-11T06:16:36.473Z, 1119.085866, 171.17977
1715408196487, 2024-05-11T06:16:36.487Z, 1120.0972414, 162.36700739999998
1715408196505, 2024-05-11T06:16:36.505Z, 1119.9926678, 156.6594098
1715408196517, 2024-05-11T06:16:36.517Z, 1120.7264547999998, 152.53397019999997
1715408196532, 2024-05-11T06:16:36.532Z, 1120.4836976, 150.2243116
1715408196547, 2024-05-11T06:16:36.547Z, 1116.9714121999998, 153.43774259999998
1715408196562, 2024-05-11T06:16:36.562Z, 1113.7735522, 160.35311940000003
1715408196577, 2024-05-11T06:16:36.577Z, 1109.7476668, 168.0152356
1715408196592, 2024-05-11T06:16:36.592Z, 1105.653597, 176.54876439999998
1715408196623, 2024-05-11T06:16:36.623Z, 1102.0533218, 186.3144012
1715408196636, 2024-05-11T06:16:36.636Z, 1101.2256949999999, 191.64568319999998
1715408196655, 2024-05-11T06:16:36.655Z, 1101.0161560000001, 195.59050280000002
1715408196678, 2024-05-11T06:16:36.678Z, 1102.0239234, 197.93078640000004
1715408196694, 2024-05-11T06:16:36.694Z, 1104.0682514, 201.59599020000002
1715408196710, 2024-05-11T06:16:36.710Z, 1107.1739598, 204.0217904
1715408196725, 2024-05-11T06:16:36.725Z, 1110.9203902, 207.11487259999998
1715408196741, 2024-05-11T06:16:36.741Z, 1113.8483376, 208.5544034
1715408196771, 2024-05-11T06:16:36.771Z, 1118.1030395999999, 210.37826639999997
1715408196787, 2024-05-11T06:16:36.787Z, 1120.9234646, 209.13688820000002
1715408196802, 2024-05-11T06:16:36.802Z, 1123.9168798, 205.30918839999998
1715408196818, 2024-05-11T06:16:36.818Z, 1125.885168, 206.9432154
1715408196835, 2024-05-11T06:16:36.835Z, 1123.5753076, 206.3035388
1715408196848, 2024-05-11T06:16:36.848Z, 1119.3906493999998, 205.51180159999998
1715408196864, 2024-05-11T06:16:36.864Z, 1115.4993318, 204.4460606
1715408196880, 2024-05-11T06:16:36.880Z, 1110.8760212000002, 204.1098446
1715408196895, 2024-05-11T06:16:36.895Z, 1107.4313754, 198.8042954
1715408196922, 2024-05-11T06:16:36.922Z, 1111.5864606, 195.507405
1715408196939, 2024-05-11T06:16:36.939Z, 1119.7145344, 197.8935418
1715408196973, 2024-05-11T06:16:36.973Z, 1145.6063654, 205.10320899999996
1715408196989, 2024-05-11T06:16:36.989Z, 1180.5771048000001, 213.7852218
1715408197005, 2024-05-11T06:16:37.005Z, 1230.809076, 222.44461180000002
1715408197020, 2024-05-11T06:16:37.020Z, 1284.6217614000002, 237.7399758
1715408197036, 2024-05-11T06:16:37.036Z, 1333.0862332, 249.9468234
1715408197052, 2024-05-11T06:16:37.052Z, 1373.8611613999997, 260.6694408
1715408197071, 2024-05-11T06:16:37.071Z, 1408.9874142, 272.5978606
1715408197085, 2024-05-11T06:16:37.085Z, 1428.7133935999998, 283.7409196
1715408197100, 2024-05-11T06:16:37.100Z, 1439.6110442, 295.8316644
1715408197116, 2024-05-11T06:16:37.116Z, 1453.6716536000001, 298.935161
1715408197131, 2024-05-11T06:16:37.131Z, 1458.5499486, 300.3898104
1715408197147, 2024-05-11T06:16:37.147Z, 1460.324588, 298.7312988
1715408197164, 2024-05-11T06:16:37.164Z, 1462.161002, 299.21411980000005
1715408197178, 2024-05-11T06:16:37.178Z, 1465.4147668, 292.90150159999996
1715408197194, 2024-05-11T06:16:37.194Z, 1466.2344008, 294.4255126
1715408197223, 2024-05-11T06:16:37.223Z, 1465.861404, 295.8506641999999
1715408197238, 2024-05-11T06:16:37.238Z, 1466.540135, 304.23107280000005
1715408197253, 2024-05-11T06:16:37.253Z, 1467.0678956000002, 311.73657099999997
1715408197268, 2024-05-11T06:16:37.268Z, 1467.8641062000002, 317.6497014
1715408197284, 2024-05-11T06:16:37.284Z, 1469.2687148, 321.3522226
1715408197298, 2024-05-11T06:16:37.298Z, 1469.7790344, 323.42566560000006
1715408197315, 2024-05-11T06:16:37.315Z, 1467.7389072, 321.3947884
1715408197328, 2024-05-11T06:16:37.328Z, 1465.9345134, 319.49652239999995
1715408197343, 2024-05-11T06:16:37.343Z, 1463.9762256, 319.60590659999997
1715408197372, 2024-05-11T06:16:37.372Z, 1459.9366528, 323.01600659999997
1715408197386, 2024-05-11T06:16:37.386Z, 1457.5066514, 327.1357654
1715408197401, 2024-05-11T06:16:37.401Z, 1457.0974700000002, 329.6033842
1715408197416, 2024-05-11T06:16:37.416Z, 1458.2303528, 328.9732722
1715408197431, 2024-05-11T06:16:37.431Z, 1461.245328, 327.9264836
1715408197446, 2024-05-11T06:16:37.446Z, 1468.3343486, 326.0428628
1715408197462, 2024-05-11T06:16:37.462Z, 1477.9590392, 323.74844160000004
1715408197476, 2024-05-11T06:16:37.476Z, 1486.4330544, 323.36264059999996
1715408197492, 2024-05-11T06:16:37.492Z, 1496.5127924, 325.20067720000003
1715408197522, 2024-05-11T06:16:37.522Z, 1508.5933228000001, 326.94984519999997
1715408197539, 2024-05-11T06:16:37.539Z, 1518.4243116, 328.64078120000005
1715408197555, 2024-05-11T06:16:37.555Z, 1523.913361, 330.66930959999996
1715408197569, 2024-05-11T06:16:37.569Z, 1528.929611, 332.07068
1715408197585, 2024-05-11T06:16:37.585Z, 1531.610959, 333.121517
1715408197600, 2024-05-11T06:16:37.600Z, 1531.0203168, 334.9447278
1715408197615, 2024-05-11T06:16:37.615Z, 1530.2986188, 336.6351836
1715408197631, 2024-05-11T06:16:37.631Z, 1530.5076353999998, 338.46335639999995
1715408197647, 2024-05-11T06:16:37.647Z, 1530.699117, 340.9266818
1715408197672, 2024-05-11T06:16:37.672Z, 1529.6722154, 344.7002074
1715408197686, 2024-05-11T06:16:37.686Z, 1526.943437, 348.46201940000003
1715408197703, 2024-05-11T06:16:37.703Z, 1520.7101255999999, 352.7660637999999
1715408197720, 2024-05-11T06:16:37.720Z, 1468.0646839999997, 376.5136242
1715408197741, 2024-05-11T06:16:37.741Z, 1412.6830174, 399.5927846000001
1715408197756, 2024-05-11T06:16:37.756Z, 1355.0556654, 420.186655
1715408197787, 2024-05-11T06:16:37.787Z, 1294.9973278000002, 443.16103060000006
1715408197803, 2024-05-11T06:16:37.803Z, 1236.0889048000001, 464.61556199999995
1715408197821, 2024-05-11T06:16:37.821Z, 1220.2036462, 471.0951524
1715408197835, 2024-05-11T06:16:37.835Z, 1212.9856902, 478.49348360000005
1715408197866, 2024-05-11T06:16:37.866Z, 1207.7266856, 486.9682318
1715408197882, 2024-05-11T06:16:37.882Z, 1205.0466106, 490.1305082
1715408197898, 2024-05-11T06:16:37.898Z, 1203.8453668, 491.8451288
1715408197913, 2024-05-11T06:16:37.913Z, 1206.4741616, 485.67896520000005
1715408197928, 2024-05-11T06:16:37.928Z, 1203.1112064, 479.3370906
1715408197944, 2024-05-11T06:16:37.944Z, 1195.8269025999998, 473.093827
1715408197971, 2024-05-11T06:16:37.971Z, 1190.135965, 466.13607
1715408197991, 2024-05-11T06:16:37.991Z, 1182.6455686000002, 461.3484848
1715408198006, 2024-05-11T06:16:38.006Z, 1172.173173, 461.5634812
1715408198022, 2024-05-11T06:16:38.022Z, 1162.801839, 460.617075
1715408198038, 2024-05-11T06:16:38.038Z, 1156.9282886, 461.3169623999999
1715408198053, 2024-05-11T06:16:38.053Z, 1147.1978506, 466.4653122000001
1715408198069, 2024-05-11T06:16:38.069Z, 1141.7182096000001, 470.89076019999993
1715408198084, 2024-05-11T06:16:38.084Z, 1139.0743494, 473.6511422
1715408198100, 2024-05-11T06:16:38.100Z, 1135.903201, 477.124241
1715408198120, 2024-05-11T06:16:38.120Z, 1134.3255000000001, 479.7514728
1715408198136, 2024-05-11T06:16:38.136Z, 1136.7988384, 480.4595808
1715408198150, 2024-05-11T06:16:38.150Z, 1137.3290298, 479.9188934
1715408198170, 2024-05-11T06:16:38.170Z, 1137.9516101999998, 477.986086
1715408198183, 2024-05-11T06:16:38.183Z, 1138.5045494, 474.994759
1715408198195, 2024-05-11T06:16:38.195Z, 1137.3669048, 471.49061299999994
1715408198211, 2024-05-11T06:16:38.211Z, 1135.4081212, 468.70329979999997
1715408198228, 2024-05-11T06:16:38.228Z, 1133.9193588, 467.21482679999997
1715408198243, 2024-05-11T06:16:38.243Z, 1130.9033028, 465.9348506
1715408198286, 2024-05-11T06:16:38.286Z, 1126.6885712, 467.142159
1715408198301, 2024-05-11T06:16:38.301Z, 1123.3886552, 467.68923000000007
1715408198317, 2024-05-11T06:16:38.317Z, 1120.02837, 467.4437234
1715408198333, 2024-05-11T06:16:38.333Z, 1115.8354884, 467.4689608
1715408198348, 2024-05-11T06:16:38.348Z, 1111.3756544, 468.5723126
1715408198363, 2024-05-11T06:16:38.363Z, 1108.0122654, 466.2903636
1715408198379, 2024-05-11T06:16:38.379Z, 1104.748394, 465.40961559999994
1715408198395, 2024-05-11T06:16:38.395Z, 1103.1354774, 464.42799679999996
1715408198424, 2024-05-11T06:16:38.424Z, 1104.0114099999998, 462.0025664
1715408198441, 2024-05-11T06:16:38.441Z, 1106.3123492, 460.11978120000003
1715408198457, 2024-05-11T06:16:38.457Z, 1106.8523018, 461.259725
1715408198472, 2024-05-11T06:16:38.472Z, 1107.2174014, 462.4231398
1715408198488, 2024-05-11T06:16:38.488Z, 1106.0698636000002, 462.3801668
1715408198503, 2024-05-11T06:16:38.503Z, 1104.0841002, 462.18600699999996
1715408198519, 2024-05-11T06:16:38.519Z, 1103.0849801999998, 460.60789619999997
1715408198535, 2024-05-11T06:16:38.535Z, 1103.7203124, 457.31096719999994
1715408198550, 2024-05-11T06:16:38.550Z, 1105.1561342, 452.1399166
1715408198571, 2024-05-11T06:16:38.571Z, 1107.7948218000001, 447.67734500000006
1715408198584, 2024-05-11T06:16:38.584Z, 1109.3823034000002, 444.85658459999996
1715408198599, 2024-05-11T06:16:38.599Z, 1110.0366454, 442.6245444
1715408198615, 2024-05-11T06:16:38.615Z, 1111.7447794, 439.3495832
1715408198630, 2024-05-11T06:16:38.630Z, 1113.2808238, 437.08732019999997
1715408198645, 2024-05-11T06:16:38.645Z, 1113.0572492000001, 436.9499184
1715408198660, 2024-05-11T06:16:38.660Z, 1111.9689246, 435.5927250000001
1715408198676, 2024-05-11T06:16:38.676Z, 1111.3183530000001, 434.21654959999995
1715408198692, 2024-05-11T06:16:38.692Z, 1109.8239939999999, 433.4093945999999
1715408198721, 2024-05-11T06:16:38.721Z, 1108.0208774, 433.9517502
1715408198739, 2024-05-11T06:16:38.739Z, 1106.5606232, 436.72195819999996
1715408198754, 2024-05-11T06:16:38.754Z, 1106.4960334, 436.0249596
1715408198769, 2024-05-11T06:16:38.769Z, 1106.0830211999998, 434.5315528
1715408198784, 2024-05-11T06:16:38.784Z, 1106.0306415999999, 432.64358359999994
1715408198801, 2024-05-11T06:16:38.801Z, 1106.3790768, 429.58003040000006
1715408198817, 2024-05-11T06:16:38.817Z, 1108.1324686, 422.13127679999997
1715408198832, 2024-05-11T06:16:38.832Z, 1109.0550336, 420.1069681999999
1715408198848, 2024-05-11T06:16:38.848Z, 1111.8361312000002, 423.86894199999995
1715408198871, 2024-05-11T06:16:38.871Z, 1114.4049854, 429.62387500000006
1715408198885, 2024-05-11T06:16:38.885Z, 1116.0927390000002, 437.06610500000005
1715408198900, 2024-05-11T06:16:38.900Z, 1116.7163144, 448.4317272
1715408198914, 2024-05-11T06:16:38.914Z, 1120.7184979999997, 465.36204699999996
1715408198930, 2024-05-11T06:16:38.930Z, 1123.6181351999999, 477.8856884
1715408198957, 2024-05-11T06:16:38.957Z, 1127.4322342, 492.4712168
1715408198973, 2024-05-11T06:16:38.973Z, 1130.8227365999999, 507.2572642
1715408198989, 2024-05-11T06:16:38.989Z, 1134.588886, 518.7068924
1715408199005, 2024-05-11T06:16:39.005Z, 1135.4523986, 524.7479104
1715408199021, 2024-05-11T06:16:39.021Z, 1135.3613248, 529.4582222
1715408199037, 2024-05-11T06:16:39.037Z, 1134.1050558, 531.5963872
1715408199052, 2024-05-11T06:16:39.052Z, 1136.8033316, 527.8091312
1715408199068, 2024-05-11T06:16:39.068Z, 1139.7830534, 523.5616784
1715408199084, 2024-05-11T06:16:39.084Z, 1144.1453208, 517.5953626
1715408199116, 2024-05-11T06:16:39.116Z, 1147.4972426, 509.2722328
1715408199131, 2024-05-11T06:16:39.131Z, 1150.4391668000003, 499.79632780000003
1715408199147, 2024-05-11T06:16:39.147Z, 1149.0544746, 494.60918219999996
1715408199171, 2024-05-11T06:16:39.171Z, 1147.9552518, 489.9092198
1715408199185, 2024-05-11T06:16:39.185Z, 1150.0110061999999, 487.4921756
1715408199200, 2024-05-11T06:16:39.200Z, 1159.376806, 490.7094483999999
1715408199215, 2024-05-11T06:16:39.215Z, 1179.0557268, 497.4779174
1715408199229, 2024-05-11T06:16:39.229Z, 1199.6308374, 505.5586842000001
1715408199244, 2024-05-11T06:16:39.244Z, 1227.3989388, 522.9282788
1715408199265, 2024-05-11T06:16:39.265Z, 1251.7163836, 537.0310026000001
1715408199275, 2024-05-11T06:16:39.275Z, 1273.0386368, 545.317376
1715408199290, 2024-05-11T06:16:39.290Z, 1287.2966958, 550.4284748
1715408199320, 2024-05-11T06:16:39.320Z, 1301.3243808, 555.5079184
1715408199335, 2024-05-11T06:16:39.335Z, 1305.7793186000001, 549.8029712
1715408199350, 2024-05-11T06:16:39.350Z, 1309.9502088, 544.9705408
1715408199369, 2024-05-11T06:16:39.369Z, 1312.0143088, 541.7203578000001
1715408199380, 2024-05-11T06:16:39.380Z, 1311.1849512000001, 540.3562408
1715408199395, 2024-05-11T06:16:39.395Z, 1310.7684892000002, 538.0590628
1715408199415, 2024-05-11T06:16:39.415Z, 1309.253802, 539.2520524
1715408199425, 2024-05-11T06:16:39.425Z, 1306.3796717999999, 541.9302764
1715408199441, 2024-05-11T06:16:39.441Z, 1302.4366286, 547.0689068
1715408199471, 2024-05-11T06:16:39.471Z, 1293.9786518, 547.1870106
1715408199487, 2024-05-11T06:16:39.487Z, 1285.12643, 546.730281
1715408199502, 2024-05-11T06:16:39.502Z, 1274.5431076, 541.5710814
1715408199517, 2024-05-11T06:16:39.517Z, 1263.3622744, 536.8402532
1715408199533, 2024-05-11T06:16:39.533Z, 1251.9957956, 531.2611564
1715408199549, 2024-05-11T06:16:39.549Z, 1244.0963319999998, 529.4910164
1715408199564, 2024-05-11T06:16:39.564Z, 1236.2883652, 528.3985283999999
1715408199580, 2024-05-11T06:16:39.580Z, 1233.004875, 530.5747056
1715408199596, 2024-05-11T06:16:39.596Z, 1231.0616602000002, 532.9260378
1715408199621, 2024-05-11T06:16:39.621Z, 1229.987032, 536.1960084
1715408199635, 2024-05-11T06:16:39.635Z, 1231.7216882, 542.8159922
1715408199650, 2024-05-11T06:16:39.650Z, 1233.7226257999998, 549.646562
1715408199665, 2024-05-11T06:16:39.665Z, 1229.2142988, 556.8622253999999
1715408199679, 2024-05-11T06:16:39.679Z, 1219.9009728, 561.2968938
1715408199695, 2024-05-11T06:16:39.695Z, 1206.5520941999998, 564.4413342
1715408199710, 2024-05-11T06:16:39.710Z, 1190.7349668, 563.439547
1715408199724, 2024-05-11T06:16:39.724Z, 1175.2978446, 561.7166948
1715408199740, 2024-05-11T06:16:39.740Z, 1163.8568579999999, 559.3019568
1715408199775, 2024-05-11T06:16:39.775Z, 1155.136872, 557.7494638
1715408199785, 2024-05-11T06:16:39.785Z, 1150.0482354, 556.9184464
1715408199802, 2024-05-11T06:16:39.802Z, 1146.3321332, 556.3231956
1715408199819, 2024-05-11T06:16:39.819Z, 1142.470251, 555.627848
1715408199829, 2024-05-11T06:16:39.829Z, 1140.9045345999998, 554.2034148
1715408199845, 2024-05-11T06:16:39.845Z, 1140.6911263999998, 551.2641738
1715408199863, 2024-05-11T06:16:39.863Z, 1140.0969174, 546.2715328
1715408199875, 2024-05-11T06:16:39.875Z, 1138.2356004, 540.4223049999999
1715408199891, 2024-05-11T06:16:39.891Z, 1134.18187, 533.1193326
1715408199921, 2024-05-11T06:16:39.921Z, 1127.6984094, 526.7908378
1715408199938, 2024-05-11T06:16:39.938Z, 1122.2793168, 522.2001034
1715408199953, 2024-05-11T06:16:39.953Z, 1117.5133828, 519.3728172
1715408199968, 2024-05-11T06:16:39.968Z, 1113.4272180000003, 517.0897454
1715408199984, 2024-05-11T06:16:39.984Z, 1109.761795, 514.8115673999998
1715408199999, 2024-05-11T06:16:39.999Z, 1108.2890448000003, 514.7329904000001
1715408200015, 2024-05-11T06:16:40.015Z, 1106.6600342, 515.7199892000001
1715408200030, 2024-05-11T06:16:40.030Z, 1106.9816562, 517.523938
1715408200045, 2024-05-11T06:16:40.045Z, 1107.248034, 520.7524185999999
1715408200071, 2024-05-11T06:16:40.071Z, 1108.9516306, 527.348008
1715408200084, 2024-05-11T06:16:40.084Z, 1110.4974776000001, 532.406125
1715408200100, 2024-05-11T06:16:40.100Z, 1109.0839684, 537.2861986
1715408200115, 2024-05-11T06:16:40.115Z, 1104.9245071999999, 541.8402702
1715408200130, 2024-05-11T06:16:40.130Z, 1101.1530346, 545.2031973999999
1715408200145, 2024-05-11T06:16:40.145Z, 1098.0229958, 546.6873432
1715408200165, 2024-05-11T06:16:40.165Z, 1094.1075904, 546.91399
1715408200175, 2024-05-11T06:16:40.175Z, 1092.619502, 547.6757782000001
1715408200190, 2024-05-11T06:16:40.190Z, 1091.3918834, 549.7725688
1715408200220, 2024-05-11T06:16:40.220Z, 1092.586996, 560.5490169999999
1715408200235, 2024-05-11T06:16:40.235Z, 1092.5482314, 586.8773745999999
1715408200261, 2024-05-11T06:16:40.261Z, 1094.2107498, 620.9674257999999
1715408200277, 2024-05-11T06:16:40.277Z, 1098.1437426, 655.8557556000001
1715408200292, 2024-05-11T06:16:40.292Z, 1101.9096218, 690.1481542
1715408200307, 2024-05-11T06:16:40.307Z, 1103.3284408, 717.9437502000001
1715408200323, 2024-05-11T06:16:40.323Z, 1106.9422136, 735.7060042
1715408200340, 2024-05-11T06:16:40.340Z, 1110.966996, 748.0485506000001
1715408200355, 2024-05-11T06:16:40.355Z, 1113.7532866000001, 757.499276
1715408200371, 2024-05-11T06:16:40.371Z, 1118.5471069999999, 767.5518622000001
1715408200386, 2024-05-11T06:16:40.386Z, 1125.1417524, 775.3693423999999
1715408200402, 2024-05-11T06:16:40.402Z, 1131.3811030000002, 777.5376131999999
1715408200417, 2024-05-11T06:16:40.417Z, 1136.8111675999999, 779.4293765999998
1715408200434, 2024-05-11T06:16:40.434Z, 1142.1390595999999, 782.8950546
1715408200448, 2024-05-11T06:16:40.448Z, 1146.3913749999997, 784.3066664
1715408200463, 2024-05-11T06:16:40.463Z, 1148.8163259999997, 785.7801831999999
1715408200478, 2024-05-11T06:16:40.478Z, 1151.3582898, 787.464271
1715408200494, 2024-05-11T06:16:40.494Z, 1154.2416842, 787.6387794
1715408200521, 2024-05-11T06:16:40.521Z, 1157.3039727999999, 785.1181684000001
1715408200534, 2024-05-11T06:16:40.534Z, 1159.7208482, 783.2059342
1715408200554, 2024-05-11T06:16:40.554Z, 1161.5687138, 781.3501702
1715408200571, 2024-05-11T06:16:40.571Z, 1159.8534454, 779.7042512
1715408200602, 2024-05-11T06:16:40.602Z, 1157.1777632, 778.3849631999999
1715408200618, 2024-05-11T06:16:40.618Z, 1154.3965509999998, 781.8612876
1715408200633, 2024-05-11T06:16:40.633Z, 1149.5696768, 785.9945055999999
1715408200649, 2024-05-11T06:16:40.649Z, 1146.15807, 789.4952888
1715408200671, 2024-05-11T06:16:40.671Z, 1144.3361246, 792.568843
1715408200685, 2024-05-11T06:16:40.685Z, 1144.1529252, 792.8748275999999
1715408200700, 2024-05-11T06:16:40.700Z, 1142.8286722, 790.8288145999999
1715408200715, 2024-05-11T06:16:40.715Z, 1143.3186368, 789.0352198
1715408200735, 2024-05-11T06:16:40.735Z, 1145.4929500000003, 787.0469258
1715408200745, 2024-05-11T06:16:40.745Z, 1147.7256144, 784.8016576
1715408200764, 2024-05-11T06:16:40.764Z, 1139.5764346, 792.1053414
1715408200775, 2024-05-11T06:16:40.775Z, 1132.8670444, 798.7765402000001
1715408200795, 2024-05-11T06:16:40.795Z, 1127.5459426000002, 803.3217780000001
1715408200822, 2024-05-11T06:16:40.822Z, 1121.3114912, 807.9513450000001
1715408200837, 2024-05-11T06:16:40.837Z, 1118.5120723999999, 816.922902
1715408200852, 2024-05-11T06:16:40.852Z, 1125.2523326, 819.3304298
1715408200868, 2024-05-11T06:16:40.868Z, 1130.8058758, 822.1542718000001
1715408200884, 2024-05-11T06:16:40.884Z, 1134.2593384, 825.2804796
1715408200900, 2024-05-11T06:16:40.900Z, 1134.2337585999999, 829.3045278
1715408200915, 2024-05-11T06:16:40.915Z, 1130.2501002000001, 827.4093698
1715408200931, 2024-05-11T06:16:40.931Z, 1126.1961556, 824.5184089999999
1715408200946, 2024-05-11T06:16:40.946Z, 1122.1654466, 821.0867246
1715408200971, 2024-05-11T06:16:40.971Z, 1118.9092435999999, 817.55858
1715408200984, 2024-05-11T06:16:40.984Z, 1117.3425526, 813.8116602
1715408201000, 2024-05-11T06:16:41.000Z, 1117.479102, 811.4142764000001
1715408201015, 2024-05-11T06:16:41.015Z, 1115.850656, 810.3087044
1715408201029, 2024-05-11T06:16:41.029Z, 1113.7474486, 808.9111621999999
1715408201045, 2024-05-11T06:16:41.045Z, 1114.1554288, 809.923985
1715408201060, 2024-05-11T06:16:41.060Z, 1119.3577134000002, 814.3145288
1715408201074, 2024-05-11T06:16:41.074Z, 1119.0498198, 817.084343
1715408201090, 2024-05-11T06:16:41.090Z, 1118.4393558, 818.2645974
1715408201121, 2024-05-11T06:16:41.121Z, 1118.246364, 820.7751166
1715408201139, 2024-05-11T06:16:41.139Z, 1113.7161522000001, 820.6097120000001
1715408201149, 2024-05-11T06:16:41.149Z, 1101.6312238, 816.1346819999999
1715408201164, 2024-05-11T06:16:41.164Z, 1094.6165728, 815.7972292
1715408201180, 2024-05-11T06:16:41.180Z, 1088.0762388, 816.7980875999999
1715408201197, 2024-05-11T06:16:41.197Z, 1081.2416056, 816.8921201999999
1715408201214, 2024-05-11T06:16:41.214Z, 1076.6308502, 818.3019236000001
1715408201227, 2024-05-11T06:16:41.227Z, 1074.8127504, 820.5000428000001
1715408201243, 2024-05-11T06:16:41.243Z, 1073.1403135999997, 820.9255713999999
1715408201271, 2024-05-11T06:16:41.271Z, 1074.78836, 820.1690602000001
1715408201285, 2024-05-11T06:16:41.285Z, 1077.2193786000003, 819.2772170000001
1715408201299, 2024-05-11T06:16:41.299Z, 1080.0479366, 817.7405769999999
1715408201315, 2024-05-11T06:16:41.315Z, 1082.0718974000001, 815.1635601999999
1715408201330, 2024-05-11T06:16:41.330Z, 1085.599005, 814.4187507999999
1715408201344, 2024-05-11T06:16:41.344Z, 1086.7095814, 817.1183405999999
1715408201364, 2024-05-11T06:16:41.364Z, 1087.4054004, 818.8382812
1715408201375, 2024-05-11T06:16:41.375Z, 1085.0095064000002, 820.7313637999999
1715408201389, 2024-05-11T06:16:41.389Z, 1082.8161362, 823.2075324
1715408201421, 2024-05-11T06:16:41.421Z, 1080.2798576, 824.9786424
1715408201434, 2024-05-11T06:16:41.434Z, 1077.5582040000002, 823.5188194
1715408201450, 2024-05-11T06:16:41.450Z, 1076.2752642, 823.2249678000001
1715408201465, 2024-05-11T06:16:41.465Z, 1079.7949944, 823.5918464
1715408201479, 2024-05-11T06:16:41.479Z, 1087.1939664, 826.7617136000001
1715408201499, 2024-05-11T06:16:41.499Z, 1092.9152279999998, 827.8813226
1715408201509, 2024-05-11T06:16:41.509Z, 1098.3662920000002, 828.9854310000001
1715408201540, 2024-05-11T06:16:41.540Z, 1101.1783994000002, 829.3506076
1715408201570, 2024-05-11T06:16:41.570Z, 1101.4193008, 828.4632634
1715408201585, 2024-05-11T06:16:41.585Z, 1099.3990986000001, 825.5938198
1715408201602, 2024-05-11T06:16:41.602Z, 1096.522328, 823.5873428000001
1715408201617, 2024-05-11T06:16:41.617Z, 1095.7933232, 819.9521268000001
1715408201632, 2024-05-11T06:16:41.632Z, 1096.3804526, 816.1869478
1715408201647, 2024-05-11T06:16:41.647Z, 1096.654568, 814.3816908000001
1715408201663, 2024-05-11T06:16:41.663Z, 1095.6554656, 812.2821414
1715408201679, 2024-05-11T06:16:41.679Z, 1096.2052066, 810.8479897999999
1715408201694, 2024-05-11T06:16:41.694Z, 1095.2227374, 811.5121615999999
1715408201721, 2024-05-11T06:16:41.721Z, 1093.6921126000002, 813.8315048000001
1715408201735, 2024-05-11T06:16:41.735Z, 1091.8950518, 815.5406412
1715408201750, 2024-05-11T06:16:41.750Z, 1090.2038692, 817.2168636
1715408201765, 2024-05-11T06:16:41.765Z, 1089.03478, 818.0194406
1715408201780, 2024-05-11T06:16:41.780Z, 1088.2594519999998, 818.3840399999999
1715408201795, 2024-05-11T06:16:41.795Z, 1087.6524253999999, 818.0022994
1715408201814, 2024-05-11T06:16:41.815Z, 1087.8572328, 817.1537248
1715408201825, 2024-05-11T06:16:41.825Z, 1088.0456106, 816.1467562
1715408201839, 2024-05-11T06:16:41.839Z, 1087.125341, 815.1808829999999
1715408201870, 2024-05-11T06:16:41.870Z, 1084.9914833999999, 816.0619727999999
1715408201889, 2024-05-11T06:16:41.889Z, 1082.7885234, 817.9209956
1715408201903, 2024-05-11T06:16:41.903Z, 1080.8631974, 819.0665048
1715408201918, 2024-05-11T06:16:41.918Z, 1080.27565, 820.3696047999999
1715408201932, 2024-05-11T06:16:41.932Z, 1084.8322584000002, 822.8331190000001
1715408201948, 2024-05-11T06:16:41.948Z, 1092.2685868, 824.1329910000001
1715408201963, 2024-05-11T06:16:41.963Z, 1099.8151931999998, 825.0828742
1715408201978, 2024-05-11T06:16:41.978Z, 1106.4706092000001, 827.4490806
1715408201994, 2024-05-11T06:16:41.994Z, 1112.804735, 832.0171181999998
1715408202024, 2024-05-11T06:16:42.024Z, 1112.6558172, 836.532895
1715408202039, 2024-05-11T06:16:42.039Z, 1105.4482764, 840.3660390000001
1715408202054, 2024-05-11T06:16:42.054Z, 1098.1988022, 843.4035184
1715408202099, 2024-05-11T06:16:42.099Z, 1090.9093022, 845.1412058
1715408202115, 2024-05-11T06:16:42.115Z, 1084.030186, 842.8911705999999
1715408202129, 2024-05-11T06:16:42.129Z, 1079.9975368, 840.8044625999999
1715408202144, 2024-05-11T06:16:42.144Z, 1084.4439764, 838.0837112000002
1715408202171, 2024-05-11T06:16:42.171Z, 1088.4811584, 836.7731438000001
1715408202192, 2024-05-11T06:16:42.192Z, 1093.8136482, 835.1926704
1715408202208, 2024-05-11T06:16:42.208Z, 1098.1361036, 835.0198062
1715408202224, 2024-05-11T06:16:42.224Z, 1102.2838596000001, 833.9437258
1715408202239, 2024-05-11T06:16:42.239Z, 1101.6710002, 833.5173644
1715408202255, 2024-05-11T06:16:42.255Z, 1097.814922, 833.9477579999999
1715408202270, 2024-05-11T06:16:42.270Z, 1091.7075790000001, 834.9666686
1715408202286, 2024-05-11T06:16:42.286Z, 1086.1076609999998, 835.4613886000001
1715408202302, 2024-05-11T06:16:42.302Z, 1082.1700474, 835.4503472
1715408202325, 2024-05-11T06:16:42.325Z, 1077.8627920000001, 833.5629121999998
1715408202334, 2024-05-11T06:16:42.334Z, 1080.0564252, 829.9691358
1715408202352, 2024-05-11T06:16:42.352Z, 1083.8694084, 825.5106407999999
1715408202365, 2024-05-11T06:16:42.365Z, 1085.7161902000003, 820.1707988000001
1715408202379, 2024-05-11T06:16:42.379Z, 1085.3270078, 814.6274598
1715408202395, 2024-05-11T06:16:42.395Z, 1088.0267974000003, 811.7012724
1715408202414, 2024-05-11T06:16:42.414Z, 1091.8202740000002, 808.3981616
1715408202428, 2024-05-11T06:16:42.428Z, 1095.8550088, 806.2484084
1715408202443, 2024-05-11T06:16:42.443Z, 1101.3375689999998, 807.3264879999999
1715408202485, 2024-05-11T06:16:42.485Z, 1106.5019052, 809.485917
1715408202500, 2024-05-11T06:16:42.500Z, 1110.3429136, 811.6921674
1715408202514, 2024-05-11T06:16:42.514Z, 1109.610845, 817.4977094
1715408202530, 2024-05-11T06:16:42.530Z, 1104.868588, 827.63423
1715408202545, 2024-05-11T06:16:42.545Z, 1100.5204654000001, 835.7718735999999
1715408202559, 2024-05-11T06:16:42.559Z, 1096.3232526, 843.2212572000001
1715408202575, 2024-05-11T06:16:42.575Z, 1092.4795798, 850.1270664
1715408202590, 2024-05-11T06:16:42.590Z, 1091.3794084, 852.4245778000001
1715408202621, 2024-05-11T06:16:42.621Z, 1095.1867702, 849.376094
1715408202636, 2024-05-11T06:16:42.636Z, 1098.6427056, 846.6107334000001
1715408202661, 2024-05-11T06:16:42.661Z, 1100.442716, 843.6785395999999
1715408202677, 2024-05-11T06:16:42.677Z, 1102.0706731999999, 840.9539302
1715408202692, 2024-05-11T06:16:42.692Z, 1102.5413772, 839.0502640000001
1715408202708, 2024-05-11T06:16:42.708Z, 1101.6744858, 838.4439714
1715408202724, 2024-05-11T06:16:42.724Z, 1100.1837864, 837.941389
1715408202739, 2024-05-11T06:16:42.739Z, 1100.5014648000001, 837.5249716000001
1715408202754, 2024-05-11T06:16:42.754Z, 1100.9031879999998, 837.0371778000001
1715408202771, 2024-05-11T06:16:42.771Z, 1098.1239418, 837.4982844
1715408202786, 2024-05-11T06:16:42.786Z, 1095.7460078000001, 837.7069144
1715408202802, 2024-05-11T06:16:42.802Z, 1093.8751026, 838.2124530000001
1715408202818, 2024-05-11T06:16:42.818Z, 1091.0865348000002, 839.2264766000001
1715408202833, 2024-05-11T06:16:42.833Z, 1088.2892708, 840.3214227999999
1715408202848, 2024-05-11T06:16:42.848Z, 1090.5192107999999, 841.6148188
1715408202864, 2024-05-11T06:16:42.864Z, 1093.2291044, 843.1394539999999
1715408202879, 2024-05-11T06:16:42.879Z, 1095.752484, 844.4165194
1715408202895, 2024-05-11T06:16:42.895Z, 1099.1028172, 845.5184474
1715408202921, 2024-05-11T06:16:42.921Z, 1109.9150848, 846.1732838
1715408202934, 2024-05-11T06:16:42.934Z, 1129.3361408, 847.6799008
1715408202949, 2024-05-11T06:16:42.949Z, 1161.2935286, 853.1303382
1715408202964, 2024-05-11T06:16:42.964Z, 1218.624632, 869.3490756000001
1715408202980, 2024-05-11T06:16:42.980Z, 1278.1315648000002, 885.3654816000001
1715408202995, 2024-05-11T06:16:42.995Z, 1332.3525772, 904.143326
1715408203014, 2024-05-11T06:16:43.014Z, 1378.5565944, 922.5316568000001
1715408203025, 2024-05-11T06:16:43.025Z, 1414.1047350000001, 937.8272272
1715408203086, 2024-05-11T06:16:43.086Z, 1428.7729376, 941.891902
1715408203100, 2024-05-11T06:16:43.100Z, 1442.6070906, 945.2555808000001
1715408203116, 2024-05-11T06:16:43.116Z, 1453.6978169999998, 945.246829
1715408203132, 2024-05-11T06:16:43.132Z, 1458.7983368, 944.5358137999999
1715408203147, 2024-05-11T06:16:43.147Z, 1461.1657844000001, 942.4802468
1715408203162, 2024-05-11T06:16:43.162Z, 1460.5282705999998, 939.5916672
1715408203178, 2024-05-11T06:16:43.178Z, 1458.4382654, 937.2686096
1715408203194, 2024-05-11T06:16:43.194Z, 1458.7662198, 935.9067734
1715408203221, 2024-05-11T06:16:43.221Z, 1462.3017346000001, 935.3257111999999
1715408203234, 2024-05-11T06:16:43.234Z, 1464.9828616, 934.8411947999999
1715408203258, 2024-05-11T06:16:43.258Z, 1465.6644484, 935.867406
1715408203270, 2024-05-11T06:16:43.270Z, 1464.8781524, 937.3804778
1715408203279, 2024-05-11T06:16:43.279Z, 1460.9624934000003, 938.6443968