1715407474675, 2024-05-11T06:04:34.675Z, 187.636366, 305.463732
1715407474727, 2024-05-11T06:04:34.727Z, 191.5804165, 310.854171
1715407474752, 2024-05-11T06:04:34.752Z, 179.91764600000002, 313.1131213333333
1715407474768, 2024-05-11T06:04:34.768Z, 171.91845775000002, 314.756147
1715407474799, 2024-05-11T06:04:34.799Z, 167.2242486, 318.2536416
1715407474815, 2024-05-11T06:04:34.815Z, 164.6337308, 326.1103702
1715407474843, 2024-05-11T06:04:34.843Z, 171.3977392, 330.41394060000005
1715407474902, 2024-05-11T06:04:34.902Z, 189.2845154, 331.8612514
1715407476343, 2024-05-11T06:04:36.343Z, 456.375159, 279.9542052
1715407476357, 2024-05-11T06:04:36.357Z, 687.2276341999999, 237.0368186
1715407476376, 2024-05-11T06:04:36.376Z, 843.631588, 211.3353142
1715407476387, 2024-05-11T06:04:36.387Z, 898.4750269999998, 215.15762660000001
1715407476402, 2024-05-11T06:04:36.402Z, 908.3650297999999, 238.2678602
1715407476417, 2024-05-11T06:04:36.417Z, 678.9450274000001, 309.5478062
1715407476432, 2024-05-11T06:04:36.432Z, 484.5777266000001, 368.357129
1715407476447, 2024-05-11T06:04:36.447Z, 350.618336, 406.74198459999997
1715407476466, 2024-05-11T06:04:36.466Z, 288.35426240000004, 419.5636367999999
1715407476493, 2024-05-11T06:04:36.493Z, 251.7830242, 425.1785492
1715407476511, 2024-05-11T06:04:36.511Z, 202.0988572, 439.10613739999997
1715407476527, 2024-05-11T06:04:36.527Z, 154.67345419999998, 453.51996180000003
1715407476538, 2024-05-11T06:04:36.538Z, 116.05409279999999, 467.87411519999995
1715407476553, 2024-05-11T06:04:36.553Z, 100.062358, 485.7074372
1715407476567, 2024-05-11T06:04:36.567Z, 100.46873439999999, 494.66370919999997
1715407476587, 2024-05-11T06:04:36.587Z, 106.4162452, 501.02409719999997
1715407476613, 2024-05-11T06:04:36.613Z, 112.81606780000001, 510.0008958
1715407476643, 2024-05-11T06:04:36.643Z, 126.201802, 518.032069
1715407476659, 2024-05-11T06:04:36.659Z, 137.1652476, 519.2646437999999
1715407476691, 2024-05-11T06:04:36.691Z, 147.9267248, 519.1295758
1715407476706, 2024-05-11T06:04:36.706Z, 152.2852572, 516.4869214
1715407476721, 2024-05-11T06:04:36.721Z, 153.1233748, 511.9682068
1715407476737, 2024-05-11T06:04:36.737Z, 145.8169668, 508.7449479999999
1715407476753, 2024-05-11T06:04:36.753Z, 136.8844544, 506.2360588
1715407476768, 2024-05-11T06:04:36.768Z, 126.00359759999999, 502.84683700000005
1715407476794, 2024-05-11T06:04:36.794Z, 121.0470894, 502.2552568
1715407476808, 2024-05-11T06:04:36.808Z, 117.1199676, 501.0963592
1715407476826, 2024-05-11T06:04:36.826Z, 111.6799186, 498.24487039999997
1715407476838, 2024-05-11T06:04:36.838Z, 107.92810320000001, 494.40422079999996
1715407476853, 2024-05-11T06:04:36.853Z, 106.635689, 491.97854259999997
1715407476867, 2024-05-11T06:04:36.867Z, 104.97524539999999, 487.8257
1715407476883, 2024-05-11T06:04:36.883Z, 102.98599140000002, 482.7701518
1715407476902, 2024-05-11T06:04:36.902Z, 101.8990944, 478.79055900000003
1715407476912, 2024-05-11T06:04:36.912Z, 100.40697599999999, 476.38385800000003
1715407476944, 2024-05-11T06:04:36.944Z, 97.21313099999999, 475.27875839999996
1715407476957, 2024-05-11T06:04:36.957Z, 94.2271208, 474.95027260000006
1715407476988, 2024-05-11T06:04:36.988Z, 90.8972378, 472.332478
1715407477004, 2024-05-11T06:04:37.004Z, 84.81303240000001, 454.86730099999994
1715407477020, 2024-05-11T06:04:37.020Z, 86.652143, 446.9960306
1715407477035, 2024-05-11T06:04:37.035Z, 91.3402694, 440.5922654
1715407477051, 2024-05-11T06:04:37.051Z, 97.3571654, 435.9543041999999
1715407477067, 2024-05-11T06:04:37.067Z, 108.78152259999999, 433.92196759999996
1715407477099, 2024-05-11T06:04:37.099Z, 126.62254659999999, 447.59015179999994
1715407477114, 2024-05-11T06:04:37.114Z, 135.994149, 449.3531218
1715407477129, 2024-05-11T06:04:37.129Z, 147.3661906, 445.738874
1715407477145, 2024-05-11T06:04:37.145Z, 157.4153002, 436.3760294
1715407477161, 2024-05-11T06:04:37.161Z, 165.6599672, 428.1050212
1715407477177, 2024-05-11T06:04:37.177Z, 174.983025, 421.96480919999993
1715407477193, 2024-05-11T06:04:37.193Z, 183.20531839999998, 417.22661739999995
1715407477208, 2024-05-11T06:04:37.208Z, 186.8515902, 414.4978784
1715407477223, 2024-05-11T06:04:37.223Z, 194.4776108, 412.5908848
1715407477244, 2024-05-11T06:04:37.244Z, 202.6113838, 407.96810600000003
1715407477262, 2024-05-11T06:04:37.262Z, 208.46861399999997, 399.85203740000003
1715407477276, 2024-05-11T06:04:37.276Z, 215.720262, 391.767491
1715407477287, 2024-05-11T06:04:37.287Z, 225.2566704, 384.7094778
1715407477307, 2024-05-11T06:04:37.307Z, 232.10241340000002, 382.35866300000004
1715407477317, 2024-05-11T06:04:37.317Z, 238.75300539999998, 383.989009
1715407477332, 2024-05-11T06:04:37.332Z, 241.76905859999997, 383.00698140000003
1715407477364, 2024-05-11T06:04:37.364Z, 232.04544220000002, 358.87851659999995
1715407477394, 2024-05-11T06:04:37.394Z, 225.15165259999998, 342.9592906
1715407477407, 2024-05-11T06:04:37.407Z, 218.18025740000002, 331.90880159999995
1715407477427, 2024-05-11T06:04:37.427Z, 216.05123780000002, 322.7263776
1715407477442, 2024-05-11T06:04:37.442Z, 220.49431180000002, 320.26768860000004
1715407477457, 2024-05-11T06:04:37.457Z, 238.32909840000002, 335.0604872
1715407477472, 2024-05-11T06:04:37.472Z, 253.73340100000001, 342.99773539999995
1715407477488, 2024-05-11T06:04:37.488Z, 268.18892059999996, 342.70794820000003
1715407477503, 2024-05-11T06:04:37.503Z, 275.5082582, 339.3774583999999
1715407477518, 2024-05-11T06:04:37.518Z, 278.4989594, 332.1021008
1715407477543, 2024-05-11T06:04:37.543Z, 275.10312200000004, 328.2566586
1715407477558, 2024-05-11T06:04:37.558Z, 269.8627636, 323.06205140000003
1715407477573, 2024-05-11T06:04:37.573Z, 263.1251852, 320.10852839999995
1715407477588, 2024-05-11T06:04:37.588Z, 256.35538740000004, 317.79792299999997
1715407477602, 2024-05-11T06:04:37.602Z, 247.91766859999998, 312.010989
1715407477617, 2024-05-11T06:04:37.617Z, 245.38138839999996, 311.1811796
1715407477632, 2024-05-11T06:04:37.632Z, 244.31713359999998, 312.27562900000004
1715407477647, 2024-05-11T06:04:37.647Z, 244.454063, 318.98048819999997
1715407477666, 2024-05-11T06:04:37.666Z, 241.81179340000003, 324.5807324
1715407477697, 2024-05-11T06:04:37.697Z, 239.46446260000002, 335.8811256
1715407477711, 2024-05-11T06:04:37.711Z, 234.0917974, 344.95479839999996
1715407477726, 2024-05-11T06:04:37.726Z, 225.93920680000002, 352.45563999999996
1715407477742, 2024-05-11T06:04:37.742Z, 215.10966539999998, 356.870106
1715407477756, 2024-05-11T06:04:37.756Z, 204.0741128, 362.4559318
1715407477771, 2024-05-11T06:04:37.771Z, 194.0695564, 362.53960479999995
1715407477787, 2024-05-11T06:04:37.787Z, 187.5804248, 366.7210742
1715407477801, 2024-05-11T06:04:37.801Z, 183.1515356, 373.1448814
1715407477816, 2024-05-11T06:04:37.816Z, 182.1970444, 377.7779636
1715407477849, 2024-05-11T06:04:37.849Z, 184.92472960000003, 392.4868088
1715407477862, 2024-05-11T06:04:37.862Z, 187.31695200000001, 409.72293559999997
1715407477878, 2024-05-11T06:04:37.878Z, 189.6007118, 419.8799142
1715407477894, 2024-05-11T06:04:37.894Z, 188.5069832, 425.52569000000005
1715407477909, 2024-05-11T06:04:37.909Z, 186.59756620000002, 431.2023494
1715407477925, 2024-05-11T06:04:37.925Z, 184.18212139999997, 424.7641602
1715407477940, 2024-05-11T06:04:37.940Z, 182.8113878, 418.1171284
1715407477956, 2024-05-11T06:04:37.956Z, 180.1650634, 414.1393958
1715407477971, 2024-05-11T06:04:37.971Z, 180.2411366, 412.3172318
1715407477994, 2024-05-11T06:04:37.994Z, 180.7668772, 409.1031084
1715407478008, 2024-05-11T06:04:38.008Z, 181.6304068, 408.39933720000005
1715407478023, 2024-05-11T06:04:38.023Z, 184.61086059999997, 410.6154084
1715407478038, 2024-05-11T06:04:38.038Z, 189.8999674, 414.26886799999994
1715407478053, 2024-05-11T06:04:38.053Z, 197.24781520000002, 417.0812106
1715407478071, 2024-05-11T06:04:38.071Z, 208.296864, 418.27284420000007
1715407478086, 2024-05-11T06:04:38.086Z, 219.4671154, 416.51389259999996
1715407478098, 2024-05-11T06:04:38.098Z, 228.90014380000002, 414.459516
1715407478113, 2024-05-11T06:04:38.113Z, 238.13030639999997, 407.7334804
1715407478146, 2024-05-11T06:04:38.146Z, 246.236355, 398.1049646
1715407478159, 2024-05-11T06:04:38.159Z, 251.33972240000003, 387.622506
1715407478190, 2024-05-11T06:04:38.190Z, 255.13472060000004, 380.7818418
1715407478206, 2024-05-11T06:04:38.206Z, 257.38503360000004, 372.0460268
1715407478221, 2024-05-11T06:04:38.221Z, 257.5413132, 365.4933026
1715407478236, 2024-05-11T06:04:38.236Z, 254.8217268, 362.1911268
1715407478252, 2024-05-11T06:04:38.252Z, 248.46392760000003, 360.667812
1715407478267, 2024-05-11T06:04:38.267Z, 240.9636528, 356.0564344
1715407478294, 2024-05-11T06:04:38.294Z, 239.71382139999997, 359.4873656
1715407478323, 2024-05-11T06:04:38.323Z, 242.527254, 369.4732586
1715407478339, 2024-05-11T06:04:38.339Z, 246.53693119999997, 378.58152160000003
1715407478368, 2024-05-11T06:04:38.368Z, 249.95376679999998, 384.97856240000004
1715407478383, 2024-05-11T06:04:38.383Z, 255.042544, 393.3969244
1715407478398, 2024-05-11T06:04:38.398Z, 254.8931988, 396.4132862
1715407478413, 2024-05-11T06:04:38.413Z, 247.7784318, 397.5940296
1715407478444, 2024-05-11T06:04:38.444Z, 240.28515460000003, 400.6282364
1715407478458, 2024-05-11T06:04:38.458Z, 234.56360640000003, 404.66555400000004
1715407478476, 2024-05-11T06:04:38.476Z, 226.26106259999997, 405.3555186
1715407478488, 2024-05-11T06:04:38.488Z, 218.79111600000002, 410.893192
1715407478507, 2024-05-11T06:04:38.507Z, 213.8828716, 412.284008
1715407478518, 2024-05-11T06:04:38.518Z, 207.16545260000004, 409.5619628
1715407478533, 2024-05-11T06:04:38.533Z, 201.8331136, 408.9697642
1715407478549, 2024-05-11T06:04:38.549Z, 198.8079148, 410.42087920000006
1715407478564, 2024-05-11T06:04:38.564Z, 195.25116479999997, 407.47958099999994
1715407478595, 2024-05-11T06:04:38.595Z, 192.09817519999996, 406.1397132
1715407478610, 2024-05-11T06:04:38.610Z, 192.1640948, 409.0638398
1715407478627, 2024-05-11T06:04:38.627Z, 194.0609716, 415.1236832000001
1715407478641, 2024-05-11T06:04:38.641Z, 195.3479626, 414.7814256
1715407478657, 2024-05-11T06:04:38.657Z, 196.82595859999998, 414.205976
1715407478673, 2024-05-11T06:04:38.673Z, 198.7039304, 409.6965948
1715407478688, 2024-05-11T06:04:38.688Z, 200.1723654, 401.80832699999996
1715407478705, 2024-05-11T06:04:38.705Z, 199.256441, 390.50159379999997
1715407478720, 2024-05-11T06:04:38.720Z, 199.0474434, 384.1012296
1715407478745, 2024-05-11T06:04:38.745Z, 198.6555012, 376.7048664
1715407478758, 2024-05-11T06:04:38.758Z, 197.51452020000002, 373.54582680000004
1715407478789, 2024-05-11T06:04:38.789Z, 202.25839340000002, 372.09696900000006
1715407478807, 2024-05-11T06:04:38.807Z, 209.51820940000002, 369.5098304
1715407478829, 2024-05-11T06:04:38.829Z, 230.3301242, 365.07309879999997
1715407478844, 2024-05-11T06:04:38.844Z, 253.6988068, 362.89435339999994
1715407478859, 2024-05-11T06:04:38.859Z, 276.8665836, 359.32871839999996
1715407478897, 2024-05-11T06:04:38.897Z, 297.668949, 358.28592219999996
1715407478911, 2024-05-11T06:04:38.911Z, 309.932497, 361.5707184
1715407478927, 2024-05-11T06:04:38.927Z, 311.0487554, 368.26313459999994
1715407478939, 2024-05-11T06:04:38.939Z, 310.27035200000006, 374.5519645999999
1715407478968, 2024-05-11T06:04:38.968Z, 310.4343114, 381.34399740000003
1715407478983, 2024-05-11T06:04:38.983Z, 307.4083764, 386.9628116
1715407478999, 2024-05-11T06:04:38.999Z, 309.9459516, 389.17731480000003
1715407479015, 2024-05-11T06:04:39.015Z, 311.16001919999997, 390.9344598
1715407479045, 2024-05-11T06:04:39.045Z, 308.0534438, 387.1645606
1715407479059, 2024-05-11T06:04:39.059Z, 306.04323039999997, 384.6584746
1715407479076, 2024-05-11T06:04:39.076Z, 301.11959160000004, 375.760538
1715407479088, 2024-05-11T06:04:39.088Z, 300.81874300000004, 367.37861239999995
1715407479109, 2024-05-11T06:04:39.109Z, 301.5071358, 360.74301679999996
1715407479124, 2024-05-11T06:04:39.124Z, 305.902072, 357.139744
1715407479139, 2024-05-11T06:04:39.139Z, 308.3031642, 343.2314296
1715407479155, 2024-05-11T06:04:39.155Z, 312.61336919999997, 328.9788146
1715407479172, 2024-05-11T06:04:39.172Z, 316.3309878, 320.8125822
1715407479195, 2024-05-11T06:04:39.195Z, 318.0989108, 310.0742732
1715407479209, 2024-05-11T06:04:39.209Z, 326.6230686, 310.3476928
1715407479227, 2024-05-11T06:04:39.227Z, 339.3313816, 335.18679380000003
1715407479239, 2024-05-11T06:04:39.239Z, 351.90280679999995, 370.29554
1715407479256, 2024-05-11T06:04:39.256Z, 357.11752779999995, 394.38994420000006
1715407479272, 2024-05-11T06:04:39.272Z, 361.78509799999995, 419.23989300000005
1715407479286, 2024-05-11T06:04:39.286Z, 360.08045460000005, 434.747527
1715407479311, 2024-05-11T06:04:39.311Z, 354.78866000000005, 436.2864114
1715407479326, 2024-05-11T06:04:39.326Z, 349.7086866, 438.32473740000006
1715407479344, 2024-05-11T06:04:39.344Z, 350.38640440000006, 452.5194296000001
1715407479358, 2024-05-11T06:04:39.358Z, 353.2976734, 466.0942646
1715407479376, 2024-05-11T06:04:39.376Z, 356.1225856, 480.5339868
1715407479389, 2024-05-11T06:04:39.389Z, 359.0422772, 493.74761960000006
1715407479404, 2024-05-11T06:04:39.404Z, 362.3212614, 502.3130738000001
1715407479419, 2024-05-11T06:04:39.419Z, 363.2854162, 502.8043838
1715407479436, 2024-05-11T06:04:39.436Z, 361.1663944, 503.937834
1715407479451, 2024-05-11T06:04:39.451Z, 358.3782454, 500.7456626
1715407479466, 2024-05-11T06:04:39.466Z, 355.5608232000001, 498.2234512
1715407479508, 2024-05-11T06:04:39.508Z, 351.815765, 495.5511174
1715407479523, 2024-05-11T06:04:39.523Z, 351.15537380000006, 494.59408140000005
1715407479553, 2024-05-11T06:04:39.553Z, 351.1511324, 493.48599300000006
1715407479571, 2024-05-11T06:04:39.571Z, 350.6093634, 493.56998459999994
1715407479599, 2024-05-11T06:04:39.599Z, 339.82747739999996, 489.18085439999993
1715407479613, 2024-05-11T06:04:39.613Z, 318.47246260000003, 482.22293559999997
1715407479644, 2024-05-11T06:04:39.644Z, 291.11755600000004, 472.9606084
1715407479658, 2024-05-11T06:04:39.658Z, 260.9733034, 465.4602954
1715407479676, 2024-05-11T06:04:39.676Z, 230.44577879999997, 459.7826072
1715407479691, 2024-05-11T06:04:39.691Z, 208.9488574, 458.052253
1715407479705, 2024-05-11T06:04:39.705Z, 198.5097298, 458.9156833999999
1715407479718, 2024-05-11T06:04:39.718Z, 191.312624, 460.33423860000005
1715407479737, 2024-05-11T06:04:39.737Z, 188.3142468, 459.45614539999997
1715407479749, 2024-05-11T06:04:39.749Z, 186.0651014, 458.36350839999994
1715407479766, 2024-05-11T06:04:39.766Z, 183.3486892, 458.0779286
1715407479798, 2024-05-11T06:04:39.798Z, 181.06944280000002, 454.3623192
1715407479812, 2024-05-11T06:04:39.812Z, 178.56463960000002, 448.9174768
1715407479836, 2024-05-11T06:04:39.836Z, 180.8742744, 448.18608340000003
1715407479852, 2024-05-11T06:04:39.852Z, 183.8257294, 446.3725876
1715407479866, 2024-05-11T06:04:39.866Z, 192.153965, 444.08076819999997
1715407479882, 2024-05-11T06:04:39.882Z, 200.5391004, 444.86762719999996
1715407479898, 2024-05-11T06:04:39.898Z, 214.874284, 450.3555258
1715407479913, 2024-05-11T06:04:39.913Z, 224.43189939999996, 455.359389
1715407479928, 2024-05-11T06:04:39.928Z, 234.85990900000002, 463.32473360000006
1715407479947, 2024-05-11T06:04:39.947Z, 241.431648, 470.40188739999996
1715407479959, 2024-05-11T06:04:39.959Z, 249.2582176, 478.89626680000003
1715407479976, 2024-05-11T06:04:39.976Z, 252.26161900000002, 484.578842
1715407479990, 2024-05-11T06:04:39.990Z, 254.226984, 486.13235920000005
1715407480006, 2024-05-11T06:04:40.006Z, 255.0246858, 484.10079740000003
1715407480022, 2024-05-11T06:04:40.022Z, 255.0498798, 482.8918396
1715407480038, 2024-05-11T06:04:40.038Z, 253.74974380000003, 481.3761108
1715407480054, 2024-05-11T06:04:40.054Z, 252.4284172, 480.36138200000005
1715407480069, 2024-05-11T06:04:40.069Z, 253.6935806, 481.16451019999994
1715407480095, 2024-05-11T06:04:40.095Z, 255.4804532, 483.1326406
1715407480108, 2024-05-11T06:04:40.108Z, 256.75625279999997, 481.8823334
1715407480126, 2024-05-11T06:04:40.126Z, 259.922333, 469.4829014
1715407480138, 2024-05-11T06:04:40.138Z, 263.0669822, 459.70492279999996
1715407480153, 2024-05-11T06:04:40.153Z, 261.4663314, 443.33184620000003
1715407480168, 2024-05-11T06:04:40.168Z, 258.90657079999994, 426.94883719999996
1715407480187, 2024-05-11T06:04:40.187Z, 259.3596834, 417.59483180000007
1715407480198, 2024-05-11T06:04:40.198Z, 258.1388370000001, 418.8990127999999
1715407480216, 2024-05-11T06:04:40.216Z, 259.101141, 422.87462159999995
1715407480244, 2024-05-11T06:04:40.244Z, 262.5493552, 429.85083640000005
1715407480259, 2024-05-11T06:04:40.259Z, 268.216852, 438.8657088
1715407480277, 2024-05-11T06:04:40.277Z, 273.2377422, 444.24891340000005
1715407480288, 2024-05-11T06:04:40.288Z, 278.32941, 448.5148118
1715407480307, 2024-05-11T06:04:40.307Z, 282.3137146, 452.58929739999996
1715407480318, 2024-05-11T06:04:40.318Z, 286.36872120000004, 459.65597719999994
1715407480334, 2024-05-11T06:04:40.334Z, 288.7747404, 464.30879619999996
1715407480350, 2024-05-11T06:04:40.350Z, 289.8921834, 467.698585
1715407480366, 2024-05-11T06:04:40.366Z, 290.7325844, 471.715873
1715407480394, 2024-05-11T06:04:40.394Z, 288.79770360000003, 468.01309119999996
1715407480408, 2024-05-11T06:04:40.408Z, 279.32870760000003, 449.1112136
1715407480427, 2024-05-11T06:04:40.427Z, 269.4979328, 428.74209559999997
1715407480438, 2024-05-11T06:04:40.438Z, 269.0992516, 413.70744379999996
1715407480453, 2024-05-11T06:04:40.453Z, 275.2124896, 402.35769300000004
1715407480468, 2024-05-11T06:04:40.468Z, 299.6963672, 407.088076
1715407480483, 2024-05-11T06:04:40.483Z, 331.5907808, 427.31367620000003
1715407480498, 2024-05-11T06:04:40.498Z, 363.434114, 448.9582978
1715407480513, 2024-05-11T06:04:40.513Z, 384.711075, 464.1301890000001
1715407480547, 2024-05-11T06:04:40.547Z, 401.045326, 477.3863600000001
1715407480569, 2024-05-11T06:04:40.569Z, 401.5722276, 478.91820900000005
1715407480584, 2024-05-11T06:04:40.584Z, 402.60381120000005, 481.66981560000005
1715407480599, 2024-05-11T06:04:40.599Z, 403.57188560000003, 484.1826908
1715407480614, 2024-05-11T06:04:40.614Z, 405.9091456, 488.1681904
1715407480630, 2024-05-11T06:04:40.630Z, 406.70228080000004, 490.758426
1715407480645, 2024-05-11T06:04:40.645Z, 405.20408480000003, 490.9207434
1715407480661, 2024-05-11T06:04:40.661Z, 402.69192039999996, 487.0266444
1715407480677, 2024-05-11T06:04:40.677Z, 400.4446444, 484.7045706
1715407480694, 2024-05-11T06:04:40.694Z, 423.09993599999996, 489.41611059999997
1715407480708, 2024-05-11T06:04:40.708Z, 450.8143338, 496.40949120000005
1715407480739, 2024-05-11T06:04:40.739Z, 481.4073734, 501.53490739999995
1715407480755, 2024-05-11T06:04:40.755Z, 524.5271074, 507.9368778
1715407480772, 2024-05-11T06:04:40.772Z, 575.4070334, 506.70992700000005
1715407480787, 2024-05-11T06:04:40.787Z, 602.3881616000001, 498.30960699999997
1715407480803, 2024-05-11T06:04:40.803Z, 624.1683778, 488.34817000000004
1715407480859, 2024-05-11T06:04:40.859Z, 643.833516, 482.33363740000004
1715407480877, 2024-05-11T06:04:40.877Z, 653.9650180000001, 479.17189840000003
1715407480903, 2024-05-11T06:04:40.903Z, 660.4353742000001, 487.372592
1715407480918, 2024-05-11T06:04:40.918Z, 666.2116486, 496.2574128
1715407480949, 2024-05-11T06:04:40.949Z, 671.6684098, 506.44934219999993
1715407480964, 2024-05-11T06:04:40.964Z, 677.0677474, 523.5957926
1715407480995, 2024-05-11T06:04:40.995Z, 676.9621314, 524.2531956
1715407481008, 2024-05-11T06:04:41.008Z, 672.0670308, 516.7738496
1715407481037, 2024-05-11T06:04:41.037Z, 659.8719874000001, 506.47482420000006
1715407481053, 2024-05-11T06:04:41.053Z, 647.0855758, 500.30333959999996
1715407481069, 2024-05-11T06:04:41.069Z, 633.48208, 487.1194684
1715407481085, 2024-05-11T06:04:41.085Z, 620.490154, 487.13093
1715407481100, 2024-05-11T06:04:41.100Z, 611.1268210000001, 493.0402394000001
1715407481116, 2024-05-11T06:04:41.116Z, 608.1983435999999, 500.8324678
1715407481144, 2024-05-11T06:04:41.144Z, 605.0318902, 501.06380740000003
1715407481158, 2024-05-11T06:04:41.158Z, 601.8869781999999, 499.4253722
1715407481176, 2024-05-11T06:04:41.176Z, 603.3293394, 501.13276260000004
1715407481188, 2024-05-11T06:04:41.188Z, 601.7060622, 499.76660119999997
1715407481203, 2024-05-11T06:04:41.203Z, 598.7228934000001, 495.890041
1715407481219, 2024-05-11T06:04:41.219Z, 593.7261326, 493.0254828
1715407481233, 2024-05-11T06:04:41.233Z, 588.6419828, 491.0403362
1715407481248, 2024-05-11T06:04:41.248Z, 581.1667372, 487.1901268
1715407481267, 2024-05-11T06:04:41.267Z, 578.8974808, 489.9734286
1715407481295, 2024-05-11T06:04:41.295Z, 574.2741662000001, 491.872534
1715407481308, 2024-05-11T06:04:41.308Z, 573.3322144, 492.8251164
1715407481326, 2024-05-11T06:04:41.326Z, 576.8685242, 493.611162
1715407481341, 2024-05-11T06:04:41.341Z, 584.4024398, 496.31528119999996
1715407481354, 2024-05-11T06:04:41.354Z, 588.1768847999999, 493.1580637999999
1715407481368, 2024-05-11T06:04:41.368Z, 593.2305282, 493.8574694
1715407481383, 2024-05-11T06:04:41.383Z, 593.1083724, 496.83377360000003
1715407481399, 2024-05-11T06:04:41.399Z, 582.9772391999999, 500.44879499999996
1715407481413, 2024-05-11T06:04:41.413Z, 555.091529, 504.05547800000005
1715407481445, 2024-05-11T06:04:41.445Z, 506.52250300000003, 509.436831
1715407481459, 2024-05-11T06:04:41.459Z, 440.0194182, 517.0135544
1715407481477, 2024-05-11T06:04:41.477Z, 377.7827454, 522.8859026
1715407481490, 2024-05-11T06:04:41.490Z, 318.09112039999997, 526.7992750000001
1715407481506, 2024-05-11T06:04:41.506Z, 271.75741239999996, 529.5181708
1715407481521, 2024-05-11T06:04:41.521Z, 247.4740108, 530.936065
1715407481536, 2024-05-11T06:04:41.536Z, 246.55142, 530.2716618000001
1715407481552, 2024-05-11T06:04:41.552Z, 243.58328239999997, 529.2918194
1715407481567, 2024-05-11T06:04:41.567Z, 240.83571360000002, 528.6280138
1715407481594, 2024-05-11T06:04:41.594Z, 240.50767860000002, 528.2673560000001
1715407481611, 2024-05-11T06:04:41.611Z, 236.4444186, 527.7191888
1715407481630, 2024-05-11T06:04:41.630Z, 229.5474706, 529.261304
1715407481646, 2024-05-11T06:04:41.646Z, 225.72195119999998, 530.7981652000001
1715407481662, 2024-05-11T06:04:41.662Z, 226.44285879999998, 530.6041492
1715407481678, 2024-05-11T06:04:41.678Z, 222.9594196, 522.960603
1715407481694, 2024-05-11T06:04:41.694Z, 220.72938100000002, 514.6057218
1715407481710, 2024-05-11T06:04:41.710Z, 219.4149578, 507.14359859999996
1715407481725, 2024-05-11T06:04:41.725Z, 217.5484614, 493.1072182
1715407481748, 2024-05-11T06:04:41.748Z, 212.81960240000004, 480.29678260000003
1715407481771, 2024-05-11T06:04:41.771Z, 212.211764, 475.94850080000003
1715407481786, 2024-05-11T06:04:41.786Z, 214.69489579999998, 474.214584
1715407481801, 2024-05-11T06:04:41.801Z, 217.2413598, 469.55438460000005
1715407481817, 2024-05-11T06:04:41.817Z, 222.8521558, 478.87889140000004
1715407481833, 2024-05-11T06:04:41.833Z, 232.2112326, 490.0837312
1715407481849, 2024-05-11T06:04:41.849Z, 239.1948922, 500.23108080000003
1715407481864, 2024-05-11T06:04:41.864Z, 241.6237526, 509.51715839999997
1715407481895, 2024-05-11T06:04:41.895Z, 242.0671878, 518.6710436
1715407481910, 2024-05-11T06:04:41.910Z, 237.58063299999998, 522.018264
1715407481926, 2024-05-11T06:04:41.926Z, 234.15035199999997, 526.7961894
1715407481941, 2024-05-11T06:04:41.941Z, 230.878233, 531.7496408
1715407481957, 2024-05-11T06:04:41.957Z, 233.72838480000001, 537.5055153999999
1715407481973, 2024-05-11T06:04:41.973Z, 238.0711096, 542.747372
1715407481989, 2024-05-11T06:04:41.989Z, 248.90898239999996, 545.0787516
1715407482004, 2024-05-11T06:04:42.004Z, 257.542313, 547.4163816
1715407482020, 2024-05-11T06:04:42.020Z, 275.19522820000003, 547.4026185999999
1715407482044, 2024-05-11T06:04:42.044Z, 292.1438604, 543.7569114
1715407482058, 2024-05-11T06:04:42.058Z, 307.6745664, 539.2755192
1715407482076, 2024-05-11T06:04:42.076Z, 314.77353320000003, 539.5461945999999
1715407482088, 2024-05-11T06:04:42.088Z, 322.80042, 538.1453482
1715407482106, 2024-05-11T06:04:42.106Z, 324.1433114, 538.3401866
1715407482118, 2024-05-11T06:04:42.118Z, 319.03908839999997, 540.2412946
1715407482133, 2024-05-11T06:04:42.133Z, 320.1453732, 546.3453514
1715407482152, 2024-05-11T06:04:42.152Z, 325.6234758, 549.8391404
1715407482167, 2024-05-11T06:04:42.167Z, 330.58307720000005, 552.9814582
1715407482195, 2024-05-11T06:04:42.195Z, 337.4434662, 555.9061697999999
1715407482208, 2024-05-11T06:04:42.208Z, 347.83128940000006, 559.4851044000001
1715407482226, 2024-05-11T06:04:42.226Z, 355.2068274, 561.9736776
1715407482238, 2024-05-11T06:04:42.238Z, 363.6138088, 564.8342566
1715407482253, 2024-05-11T06:04:42.253Z, 368.7209424, 561.9998404
1715407482268, 2024-05-11T06:04:42.268Z, 369.01471000000004, 555.8962312000001
1715407482284, 2024-05-11T06:04:42.284Z, 368.0201172, 550.1349156
1715407482300, 2024-05-11T06:04:42.300Z, 365.9960056, 543.7602174
1715407482317, 2024-05-11T06:04:42.317Z, 362.5401686, 536.8181790000001
1715407482347, 2024-05-11T06:04:42.347Z, 363.2265072, 538.1068012000001
1715407482362, 2024-05-11T06:04:42.362Z, 365.4116584, 542.561089
1715407482378, 2024-05-11T06:04:42.378Z, 370.1863524, 545.2678912000001
1715407482393, 2024-05-11T06:04:42.393Z, 378.0461096, 548.1736334
1715407482409, 2024-05-11T06:04:42.409Z, 386.54980220000004, 551.1525836
1715407482425, 2024-05-11T06:04:42.425Z, 391.281881, 550.3813565999999
1715407482440, 2024-05-11T06:04:42.440Z, 395.4925864, 547.339348
1715407482456, 2024-05-11T06:04:42.456Z, 397.25178900000003, 544.780543
1715407482471, 2024-05-11T06:04:42.471Z, 394.6772082, 541.0880572
1715407482497, 2024-05-11T06:04:42.497Z, 390.4381058, 537.2082516
1715407482510, 2024-05-11T06:04:42.510Z, 389.56603, 534.8348152000001
1715407482524, 2024-05-11T06:04:42.524Z, 388.8105352, 535.4552096
1715407482540, 2024-05-11T06:04:42.540Z, 390.38909739999997, 537.4157834
1715407482555, 2024-05-11T06:04:42.555Z, 391.902456, 539.4437442000001
1715407482579, 2024-05-11T06:04:42.579Z, 394.4431182, 541.9120532000001
1715407482595, 2024-05-11T06:04:42.595Z, 395.9720492, 543.9703820000001
1715407482611, 2024-05-11T06:04:42.611Z, 397.39078340000003, 545.5096464
1715407482627, 2024-05-11T06:04:42.627Z, 389.404394, 547.3913491999999
1715407482648, 2024-05-11T06:04:42.648Z, 377.1381132, 550.1196167999999
1715407482660, 2024-05-11T06:04:42.660Z, 363.46898120000003, 554.33446
1715407482676, 2024-05-11T06:04:42.676Z, 347.36232119999994, 565.6997564000001
1715407482705, 2024-05-11T06:04:42.705Z, 331.8723858, 574.7336418
1715407482720, 2024-05-11T06:04:42.720Z, 324.0238826, 580.957858
1715407482736, 2024-05-11T06:04:42.736Z, 315.812855, 584.4563392
1715407482752, 2024-05-11T06:04:42.752Z, 309.40474559999996, 587.1402618
1715407482767, 2024-05-11T06:04:42.767Z, 306.74454219999996, 586.3966742
1715407482795, 2024-05-11T06:04:42.795Z, 301.42455979999994, 585.6729386
1715407482808, 2024-05-11T06:04:42.808Z, 292.086887, 583.1959228
1715407482827, 2024-05-11T06:04:42.827Z, 281.274596, 577.4548028
1715407482839, 2024-05-11T06:04:42.839Z, 251.3819216, 572.7550349999999
1715407482853, 2024-05-11T06:04:42.853Z, 211.29798399999999, 561.9450634
1715407482869, 2024-05-11T06:04:42.869Z, 169.67730520000003, 554.2887522
1715407482883, 2024-05-11T06:04:42.883Z, 128.78940340000003, 550.4712438
1715407482899, 2024-05-11T06:04:42.899Z, 90.8966144, 549.8558978
1715407482914, 2024-05-11T06:04:42.914Z, 68.42046160000001, 548.1696331999999
1715407482948, 2024-05-11T06:04:42.948Z, 55.5121216, 549.0326368
1715407482971, 2024-05-11T06:04:42.971Z, 50.363088600000005, 550.1968618
1715407482986, 2024-05-11T06:04:42.986Z, 52.226614, 551.8472426000001
1715407483002, 2024-05-11T06:04:43.002Z, 55.2494428, 553.9323345999999
1715407483018, 2024-05-11T06:04:43.018Z, 64.3307886, 555.8897784
1715407483034, 2024-05-11T06:04:43.034Z, 73.9161946, 556.7048476
1715407483049, 2024-05-11T06:04:43.049Z, 76.95039159999999, 550.6063196
1715407483067, 2024-05-11T06:04:43.067Z, 76.7430568, 548.9720135999999
1715407483097, 2024-05-11T06:04:43.097Z, 79.1310226, 550.4591482
1715407483112, 2024-05-11T06:04:43.112Z, 78.67375840000001, 552.3180976000001
1715407483128, 2024-05-11T06:04:43.128Z, 81.6444482, 561.5717256
1715407483144, 2024-05-11T06:04:43.144Z, 89.444402, 578.565835
1715407483160, 2024-05-11T06:04:43.160Z, 96.4766602, 590.0195504000001
1715407483175, 2024-05-11T06:04:43.175Z, 99.3536526, 598.3278054
1715407483191, 2024-05-11T06:04:43.191Z, 102.961896, 605.715061
1715407483206, 2024-05-11T06:04:43.206Z, 102.2756582, 606.9268396
1715407483223, 2024-05-11T06:04:43.223Z, 99.9968852, 605.5462778
1715407483244, 2024-05-11T06:04:43.244Z, 96.3318268, 601.9318413999999
1715407483256, 2024-05-11T06:04:43.256Z, 98.2554658, 599.5551904000001
1715407483271, 2024-05-11T06:04:43.271Z, 101.28675640000002, 596.488257
1715407483287, 2024-05-11T06:04:43.287Z, 104.21911700000001, 593.6526188
1715407483317, 2024-05-11T06:04:43.317Z, 106.881276, 591.7014753999999
1715407483333, 2024-05-11T06:04:43.333Z, 111.7475838, 592.5626518
1715407483350, 2024-05-11T06:04:43.350Z, 114.8958498, 592.7498376
1715407483365, 2024-05-11T06:04:43.365Z, 115.80771080000002, 590.9692492
1715407483393, 2024-05-11T06:04:43.393Z, 115.4724856, 586.9675122000001
1715407483412, 2024-05-11T06:04:43.412Z, 118.47804099999999, 581.7970148
1715407483428, 2024-05-11T06:04:43.428Z, 124.27121179999999, 576.3739852000001
1715407483443, 2024-05-11T06:04:43.443Z, 136.6604236, 569.9224575999999
1715407483459, 2024-05-11T06:04:43.459Z, 153.624799, 568.1105594
1715407483475, 2024-05-11T06:04:43.475Z, 173.4200926, 569.3250768
1715407483491, 2024-05-11T06:04:43.491Z, 190.10960219999998, 566.7369947999999
1715407483508, 2024-05-11T06:04:43.508Z, 204.41258, 563.102901
1715407483523, 2024-05-11T06:04:43.523Z, 212.94270039999998, 560.4267634
1715407483547, 2024-05-11T06:04:43.547Z, 218.52725339999998, 553.9295970000001
1715407483571, 2024-05-11T06:04:43.571Z, 221.2990358, 544.9276404
1715407483586, 2024-05-11T06:04:43.586Z, 223.85179040000003, 541.4111965999999
1715407483601, 2024-05-11T06:04:43.601Z, 226.45346759999998, 540.3098693999999
1715407483617, 2024-05-11T06:04:43.617Z, 231.04719720000003, 541.6933164
1715407483634, 2024-05-11T06:04:43.634Z, 242.1714748, 551.5155204
1715407483649, 2024-05-11T06:04:43.649Z, 257.2677948, 563.3495834
1715407483665, 2024-05-11T06:04:43.665Z, 285.1898072, 574.7451298
1715407483681, 2024-05-11T06:04:43.681Z, 312.466775, 583.8393331999999
1715407483696, 2024-05-11T06:04:43.696Z, 349.9444734, 591.4306412
1715407483712, 2024-05-11T06:04:43.712Z, 381.9738978, 590.1820174000001
1715407483728, 2024-05-11T06:04:43.728Z, 411.51567400000005, 588.4320912000001
1715407483744, 2024-05-11T06:04:43.744Z, 428.67552919999997, 587.7193152
1715407483759, 2024-05-11T06:04:43.759Z, 444.7193488, 591.2991788
1715407483775, 2024-05-11T06:04:43.775Z, 445.29801799999996, 594.1275018
1715407483791, 2024-05-11T06:04:43.791Z, 443.5806004, 599.1722244
1715407483807, 2024-05-11T06:04:43.807Z, 441.8748004, 604.9135620000001
1715407483823, 2024-05-11T06:04:43.823Z, 440.8604045999999, 609.2850594
1715407483848, 2024-05-11T06:04:43.848Z, 441.6264648, 609.0298403999999
1715407483861, 2024-05-11T06:04:43.861Z, 443.2179454, 609.3091033999999
1715407483886, 2024-05-11T06:04:43.886Z, 447.4246438, 609.2946026
1715407483902, 2024-05-11T06:04:43.902Z, 456.68022120000006, 608.5303764
1715407483917, 2024-05-11T06:04:43.917Z, 464.1182332, 605.1791518
1715407483933, 2024-05-11T06:04:43.933Z, 472.147376, 603.7042374
1715407483952, 2024-05-11T06:04:43.952Z, 483.74796, 602.5567586
1715407483981, 2024-05-11T06:04:43.981Z, 496.9721834, 597.9415492
1715407483996, 2024-05-11T06:04:43.996Z, 508.14377779999995, 594.2525998
1715407484012, 2024-05-11T06:04:44.012Z, 520.885965, 595.4214565999999
1715407484028, 2024-05-11T06:04:44.028Z, 532.4732951999999, 596.5687766000001
1715407484044, 2024-05-11T06:04:44.044Z, 542.3749922, 597.9276726
1715407484060, 2024-05-11T06:04:44.060Z, 547.8689602000001, 603.3961194000001
1715407484075, 2024-05-11T06:04:44.075Z, 549.4164853999999, 608.5557918000001
1715407484091, 2024-05-11T06:04:44.091Z, 546.2584284, 607.6974626
1715407484106, 2024-05-11T06:04:44.106Z, 543.4685594, 603.6440186
1715407484122, 2024-05-11T06:04:44.122Z, 539.3482436, 599.2162706
1715407484143, 2024-05-11T06:04:44.143Z, 537.2809500000001, 593.4649354000001
1715407484156, 2024-05-11T06:04:44.156Z, 537.3592504000001, 588.586407
1715407484172, 2024-05-11T06:04:44.172Z, 547.192851, 586.0797562
1715407484187, 2024-05-11T06:04:44.187Z, 556.9389762, 586.3987442
1715407484202, 2024-05-11T06:04:44.202Z, 569.536624, 588.5033362
1715407484217, 2024-05-11T06:04:44.217Z, 580.4697861999999, 591.7605550000001
1715407484233, 2024-05-11T06:04:44.233Z, 590.8196099999999, 594.319546
1715407484249, 2024-05-11T06:04:44.249Z, 594.7703248, 598.9537588000001
1715407484265, 2024-05-11T06:04:44.265Z, 596.508003, 603.2568871999999
1715407484296, 2024-05-11T06:04:44.296Z, 597.3993990000001, 606.2114434
1715407484312, 2024-05-11T06:04:44.312Z, 597.4011898000001, 608.8803216
1715407484328, 2024-05-11T06:04:44.328Z, 596.4092102000001, 609.490217
1715407484344, 2024-05-11T06:04:44.344Z, 595.9769012, 609.2393704
1715407484359, 2024-05-11T06:04:44.359Z, 596.5559634000001, 608.0794598
1715407484375, 2024-05-11T06:04:44.375Z, 597.652828, 606.8316973999999
1715407484391, 2024-05-11T06:04:44.391Z, 599.1978096, 605.541439
1715407484407, 2024-05-11T06:04:44.407Z, 603.0492208000001, 608.9189435999999
1715407484422, 2024-05-11T06:04:44.422Z, 602.9518284000001, 612.7301896
1715407484443, 2024-05-11T06:04:44.443Z, 561.130539, 618.1039402
1715407484457, 2024-05-11T06:04:44.457Z, 506.9599032, 622.2782776000001
1715407484472, 2024-05-11T06:04:44.472Z, 437.17443219999996, 632.0886714000001
1715407484486, 2024-05-11T06:04:44.486Z, 361.72833920000005, 639.3682184
1715407484506, 2024-05-11T06:04:44.506Z, 288.90678080000004, 646.9345017999999
1715407484517, 2024-05-11T06:04:44.517Z, 260.6275772, 650.8050547999999
1715407484533, 2024-05-11T06:04:44.533Z, 243.2906774, 654.42059
1715407484549, 2024-05-11T06:04:44.549Z, 239.72181339999997, 652.2349698
1715407484593, 2024-05-11T06:04:44.593Z, 239.21440479999995, 649.238463
1715407484607, 2024-05-11T06:04:44.607Z, 237.6230886, 645.1339402
1715407484627, 2024-05-11T06:04:44.627Z, 232.85254699999996, 643.2479892
1715407484637, 2024-05-11T06:04:44.637Z, 227.39127479999996, 642.8329852
1715407484652, 2024-05-11T06:04:44.652Z, 222.96753819999998, 643.7469732000001
1715407484667, 2024-05-11T06:04:44.667Z, 217.7515946, 644.9274554
1715407484691, 2024-05-11T06:04:44.691Z, 211.34707899999998, 645.2876124
1715407484707, 2024-05-11T06:04:44.707Z, 196.9943222, 644.0953944
1715407484722, 2024-05-11T06:04:44.722Z, 182.5527106, 641.7691239999999
1715407484743, 2024-05-11T06:04:44.743Z, 153.71957360000002, 637.0041911999999
1715407484756, 2024-05-11T06:04:44.756Z, 124.5605654, 634.3727912
1715407484777, 2024-05-11T06:04:44.777Z, 101.937519, 636.1444223999999
1715407484790, 2024-05-11T06:04:44.790Z, 87.53541799999999, 639.132532
1715407484805, 2024-05-11T06:04:44.805Z, 73.3239838, 638.1022052000001
1715407484820, 2024-05-11T06:04:44.820Z, 75.1146058, 638.5786784
1715407484849, 2024-05-11T06:04:44.849Z, 79.5365894, 639.8625750000001
1715407484865, 2024-05-11T06:04:44.865Z, 79.3592654, 639.9946798
1715407484880, 2024-05-11T06:04:44.880Z, 79.6463144, 640.492125
1715407484897, 2024-05-11T06:04:44.897Z, 85.9311606, 648.0739448
1715407484912, 2024-05-11T06:04:44.912Z, 91.927357, 656.1713892
1715407484928, 2024-05-11T06:04:44.928Z, 94.1173812, 660.1257518
1715407484943, 2024-05-11T06:04:44.943Z, 100.3083964, 659.1593424
1715407484958, 2024-05-11T06:04:44.958Z, 109.9413544, 659.5752404000001
1715407484974, 2024-05-11T06:04:44.974Z, 113.7903914, 655.2968881999999
1715407484990, 2024-05-11T06:04:44.990Z, 117.6939486, 651.0230154000001
1715407485005, 2024-05-11T06:04:45.005Z, 124.069237, 648.1976748
1715407485021, 2024-05-11T06:04:45.021Z, 130.64534120000002, 651.440104
1715407485046, 2024-05-11T06:04:45.046Z, 132.05435500000002, 651.7399146
1715407485084, 2024-05-11T06:04:45.084Z, 133.1897288, 653.3463698
1715407485099, 2024-05-11T06:04:45.099Z, 134.9895576, 654.8010514
1715407485115, 2024-05-11T06:04:45.115Z, 140.3635782, 656.7384088000001
1715407485131, 2024-05-11T06:04:45.131Z, 143.55904300000003, 655.8378946
1715407485146, 2024-05-11T06:04:45.146Z, 151.9633606, 658.3856036
1715407485162, 2024-05-11T06:04:45.162Z, 164.6946732, 662.1244737999999
1715407485177, 2024-05-11T06:04:45.177Z, 182.43856379999997, 666.6145582000001
1715407485196, 2024-05-11T06:04:45.196Z, 200.09884119999998, 670.7706969999999
1715407485210, 2024-05-11T06:04:45.210Z, 217.86442019999998, 674.9327826000001
1715407485225, 2024-05-11T06:04:45.225Z, 234.31599579999997, 678.7013565999998
1715407485241, 2024-05-11T06:04:45.241Z, 249.6562582, 681.5793756
1715407485256, 2024-05-11T06:04:45.256Z, 258.5135006, 681.1003068
1715407485272, 2024-05-11T06:04:45.272Z, 263.2285702, 678.4839588000001
1715407485288, 2024-05-11T06:04:45.288Z, 267.8599898, 675.8888756
1715407485304, 2024-05-11T06:04:45.304Z, 270.0663604, 670.734866
1715407485320, 2024-05-11T06:04:45.320Z, 269.55726599999997, 665.4230057999999
1715407485347, 2024-05-11T06:04:45.347Z, 270.478415, 661.679769
1715407485366, 2024-05-11T06:04:45.366Z, 270.6833562, 659.8308486
1715407485381, 2024-05-11T06:04:45.381Z, 268.71938660000006, 655.0870328
1715407485397, 2024-05-11T06:04:45.397Z, 267.5900396, 652.0001484000001
1715407485413, 2024-05-11T06:04:45.413Z, 264.2933996, 647.4993162
1715407485431, 2024-05-11T06:04:45.431Z, 264.1162132, 645.3594914
1715407485445, 2024-05-11T06:04:45.445Z, 264.87717000000004, 643.2748002000001
1715407485461, 2024-05-11T06:04:45.461Z, 266.2746294, 643.1958976
1715407485477, 2024-05-11T06:04:45.477Z, 267.2200588, 643.4183052
1715407485496, 2024-05-11T06:04:45.496Z, 267.9292136, 645.4536324
1715407485510, 2024-05-11T06:04:45.510Z, 258.2264142, 645.5354821999999
1715407485526, 2024-05-11T06:04:45.526Z, 238.52809080000003, 648.2066574
1715407485541, 2024-05-11T06:04:45.541Z, 218.0541076, 652.8505576
1715407485556, 2024-05-11T06:04:45.556Z, 197.33387860000002, 656.844799
1715407485572, 2024-05-11T06:04:45.572Z, 178.75658500000003, 661.6461471999999
1715407485587, 2024-05-11T06:04:45.587Z, 165.3380406, 667.2937956
1715407485603, 2024-05-11T06:04:45.603Z, 158.4653548, 669.5403936
1715407485617, 2024-05-11T06:04:45.617Z, 153.5474698, 670.567256
1715407485661, 2024-05-11T06:04:45.661Z, 154.11464740000002, 674.5014263999999
1715407485675, 2024-05-11T06:04:45.675Z, 157.1488442, 678.748566
1715407485695, 2024-05-11T06:04:45.695Z, 156.92294199999998, 679.290233
1715407485711, 2024-05-11T06:04:45.711Z, 154.04731939999996, 672.6771264
1715407485726, 2024-05-11T06:04:45.726Z, 149.23974280000002, 658.4543786
1715407485742, 2024-05-11T06:04:45.742Z, 139.8232294, 642.0364490000001
1715407485757, 2024-05-11T06:04:45.757Z, 128.6185478, 625.7597826000001
1715407485773, 2024-05-11T06:04:45.773Z, 121.2668788, 615.7061262
1715407485796, 2024-05-11T06:04:45.796Z, 120.8605272, 613.9499808
1715407485821, 2024-05-11T06:04:45.821Z, 121.86113999999998, 620.6924574
1715407485837, 2024-05-11T06:04:45.837Z, 122.994578, 627.076465
1715407485852, 2024-05-11T06:04:45.852Z, 124.7890966, 632.6245696
1715407485868, 2024-05-11T06:04:45.868Z, 134.136987, 638.6288794
1715407485884, 2024-05-11T06:04:45.884Z, 145.38235899999998, 644.597264
1715407485900, 2024-05-11T06:04:45.900Z, 155.2837108, 648.684294
1715407485916, 2024-05-11T06:04:45.916Z, 165.8655914, 653.1910906
1715407485946, 2024-05-11T06:04:45.946Z, 171.0439978, 653.4346975999999
1715407485962, 2024-05-11T06:04:45.962Z, 167.7386944, 649.0084297999999
1715407485977, 2024-05-11T06:04:45.977Z, 162.51946900000002, 645.1856312
1715407485993, 2024-05-11T06:04:45.993Z, 159.01639719999997, 643.2354773999999
1715407486009, 2024-05-11T06:04:46.009Z, 153.19005940000002, 640.0352834
1715407486024, 2024-05-11T06:04:46.024Z, 152.0322536, 640.602691
1715407486040, 2024-05-11T06:04:46.040Z, 153.9396262, 643.1558997999999
1715407486071, 2024-05-11T06:04:46.071Z, 151.98387599999998, 646.1238808
1715407486099, 2024-05-11T06:04:46.099Z, 145.71973780000002, 635.6692412
1715407486111, 2024-05-11T06:04:46.111Z, 141.1665426, 626.7845353999999
1715407486127, 2024-05-11T06:04:46.127Z, 137.7093798, 622.1998424
1715407486141, 2024-05-11T06:04:46.141Z, 137.582504, 618.7622144
1715407486156, 2024-05-11T06:04:46.156Z, 146.643503, 616.5289226000001
1715407486171, 2024-05-11T06:04:46.171Z, 159.01845880000002, 626.5726102000001
1715407486213, 2024-05-11T06:04:46.213Z, 171.70704540000003, 636.4657414
1715407486228, 2024-05-11T06:04:46.228Z, 181.4866868, 642.8911636
1715407486246, 2024-05-11T06:04:46.246Z, 174.6020198, 647.689691
1715407486260, 2024-05-11T06:04:46.260Z, 161.0381156, 649.916759
1715407486276, 2024-05-11T06:04:46.276Z, 150.9255116, 655.7131428
1715407486292, 2024-05-11T06:04:46.292Z, 140.8160144, 660.375795
1715407486308, 2024-05-11T06:04:46.308Z, 137.9169662, 663.7807534
1715407486323, 2024-05-11T06:04:46.323Z, 153.0638092, 667.2495855999999
1715407486339, 2024-05-11T06:04:46.339Z, 184.70447, 669.39001
1715407486354, 2024-05-11T06:04:46.354Z, 215.9824142, 669.2145662
1715407486370, 2024-05-11T06:04:46.370Z, 251.97682079999998, 670.5369476
1715407486396, 2024-05-11T06:04:46.396Z, 280.6550412, 671.0933752
1715407486426, 2024-05-11T06:04:46.426Z, 302.445231, 670.7623477999999
1715407486438, 2024-05-11T06:04:46.438Z, 311.6972616, 672.8339016
1715407486452, 2024-05-11T06:04:46.452Z, 320.30053219999996, 673.9941987999998
1715407486478, 2024-05-11T06:04:46.478Z, 322.87794759999997, 673.0229604
1715407486494, 2024-05-11T06:04:46.494Z, 327.5665654, 673.3321558
1715407486510, 2024-05-11T06:04:46.510Z, 333.1513962, 673.8943508
1715407486526, 2024-05-11T06:04:46.526Z, 334.8872816, 670.9336238000001
1715407486558, 2024-05-11T06:04:46.558Z, 334.0733426, 666.2979266
1715407486574, 2024-05-11T06:04:46.574Z, 331.7822394, 662.1499004
1715407486589, 2024-05-11T06:04:46.589Z, 328.863, 658.742441
1715407486605, 2024-05-11T06:04:46.605Z, 318.11604959999994, 647.016066
1715407486621, 2024-05-11T06:04:46.621Z, 308.4119262, 640.2773122
1715407486653, 2024-05-11T06:04:46.653Z, 291.76466519999997, 627.4605444000001
1715407486668, 2024-05-11T06:04:46.668Z, 280.5275994, 619.8467478
1715407486694, 2024-05-11T06:04:46.694Z, 270.8716506, 613.2967603999999
1715407486708, 2024-05-11T06:04:46.708Z, 270.4864306, 616.2061084
1715407486725, 2024-05-11T06:04:46.725Z, 284.4266444, 624.0742568
1715407486738, 2024-05-11T06:04:46.738Z, 303.1095886, 637.0264751999999
1715407486753, 2024-05-11T06:04:46.753Z, 317.9711924, 640.1348488
1715407486768, 2024-05-11T06:04:46.768Z, 337.0528446, 643.3791272000001
1715407486786, 2024-05-11T06:04:46.786Z, 360.9008324, 647.6370279999999
1715407486809, 2024-05-11T06:04:46.809Z, 370.86085599999996, 644.343714
1715407486824, 2024-05-11T06:04:46.824Z, 383.4000756, 645.0533572
1715407486849, 2024-05-11T06:04:46.849Z, 394.595934, 650.36681
1715407486863, 2024-05-11T06:04:46.863Z, 401.0520098, 652.2574918
1715407486873, 2024-05-11T06:04:46.873Z, 402.00193320000005, 650.1284882
1715407486888, 2024-05-11T06:04:46.888Z, 402.79772540000005, 647.7208830000001
1715407486906, 2024-05-11T06:04:46.906Z, 405.0785418, 644.8208636
1715407486918, 2024-05-11T06:04:46.918Z, 411.04963499999997, 646.5454372
1715407486934, 2024-05-11T06:04:46.934Z, 416.047506, 648.8983934
1715407486950, 2024-05-11T06:04:46.950Z, 418.5588152, 652.2884094000001
1715407486965, 2024-05-11T06:04:46.965Z, 420.248856, 655.611791
1715407486994, 2024-05-11T06:04:46.994Z, 418.5886894, 656.2533314
1715407487008, 2024-05-11T06:04:47.008Z, 414.21075, 651.5432364000001
1715407487023, 2024-05-11T06:04:47.023Z, 415.7280668, 651.7577246
1715407487053, 2024-05-11T06:04:47.053Z, 422.34924739999997, 655.26348
1715407487068, 2024-05-11T06:04:47.068Z, 431.84547820000006, 660.7478343999999
1715407487083, 2024-05-11T06:04:47.083Z, 441.1426106, 665.0117636
1715407487097, 2024-05-11T06:04:47.097Z, 451.4057102, 671.3762088
1715407487113, 2024-05-11T06:04:47.113Z, 459.33779400000003, 675.6285895999999
1715407487144, 2024-05-11T06:04:47.144Z, 463.9290244, 678.8733861999999
1715407487158, 2024-05-11T06:04:47.158Z, 466.0435546, 678.5785748
1715407487172, 2024-05-11T06:04:47.172Z, 468.5774186, 680.3248083999999
1715407487188, 2024-05-11T06:04:47.188Z, 471.5072758, 676.5931037999999
1715407487203, 2024-05-11T06:04:47.203Z, 474.85663800000003, 673.2139156
1715407487217, 2024-05-11T06:04:47.217Z, 479.61733540000006, 668.0168022
1715407487233, 2024-05-11T06:04:47.233Z, 484.79578860000004, 664.4940506
1715407487248, 2024-05-11T06:04:47.248Z, 494.74907599999995, 661.782569
1715407487264, 2024-05-11T06:04:47.264Z, 505.6255352, 663.4168346
1715407487298, 2024-05-11T06:04:47.298Z, 529.6606118, 661.4578002000001
1715407487311, 2024-05-11T06:04:47.311Z, 548.1202564000001, 662.2290018000001
1715407487326, 2024-05-11T06:04:47.326Z, 570.46081, 663.6717821999999
1715407487342, 2024-05-11T06:04:47.342Z, 593.808257, 663.6931812
1715407487373, 2024-05-11T06:04:47.373Z, 616.3966338, 663.1422557999999
1715407487389, 2024-05-11T06:04:47.389Z, 626.7334432, 663.9642317999999
1715407487405, 2024-05-11T06:04:47.405Z, 654.9420342, 657.3532994
1715407487420, 2024-05-11T06:04:47.420Z, 677.8298258000001, 650.6950701999999
1715407487443, 2024-05-11T06:04:47.443Z, 696.4940674, 646.5009469999999
1715407487465, 2024-05-11T06:04:47.465Z, 713.6592190000001, 643.0465733999999
1715407487480, 2024-05-11T06:04:47.480Z, 718.0858812, 642.777706
1715407487496, 2024-05-11T06:04:47.496Z, 707.7148744, 647.1316656000001
1715407487511, 2024-05-11T06:04:47.511Z, 696.1677732, 652.2671318
1715407487527, 2024-05-11T06:04:47.527Z, 684.9948644, 655.6662748000001
1715407487542, 2024-05-11T06:04:47.542Z, 671.2626584, 660.5223916000001
1715407487557, 2024-05-11T06:04:47.557Z, 659.5342274, 661.5686579999999
1715407487573, 2024-05-11T06:04:47.573Z, 648.7587960000001, 662.8678831999999
1715407487594, 2024-05-11T06:04:47.594Z, 639.8832602, 662.4294607999999
1715407487611, 2024-05-11T06:04:47.611Z, 632.2322118, 662.3695424
1715407487637, 2024-05-11T06:04:47.637Z, 628.590575, 660.8397024
1715407487653, 2024-05-11T06:04:47.653Z, 631.9373564, 659.9445066000001
1715407487669, 2024-05-11T06:04:47.669Z, 628.3236518, 660.1399657999999
1715407487685, 2024-05-11T06:04:47.685Z, 618.0736924, 661.0576031999999
1715407487701, 2024-05-11T06:04:47.701Z, 596.0604946000001, 664.250306
1715407487716, 2024-05-11T06:04:47.716Z, 492.2326168000001, 664.1553016
1715407487744, 2024-05-11T06:04:47.744Z, 394.41765019999997, 665.3780702
1715407487757, 2024-05-11T06:04:47.757Z, 291.6131444, 664.7267814
1715407487772, 2024-05-11T06:04:47.772Z, 202.1001354, 666.1558603999999
1715407487788, 2024-05-11T06:04:47.788Z, 125.189045, 666.692814
1715407487803, 2024-05-11T06:04:47.803Z, 121.65870439999999, 669.8477242000001
1715407487818, 2024-05-11T06:04:47.818Z, 114.09720899999999, 671.8708100000001
1715407487833, 2024-05-11T06:04:47.833Z, 117.449255, 675.9497708000001
1715407487851, 2024-05-11T06:04:47.851Z, 114.33129159999999, 678.1599674
1715407487866, 2024-05-11T06:04:47.866Z, 108.4017476, 681.4244426
1715407487894, 2024-05-11T06:04:47.894Z, 107.29620300000002, 685.1193547999999
1715407487911, 2024-05-11T06:04:47.911Z, 102.046437, 685.8985286
1715407487923, 2024-05-11T06:04:47.923Z, 96.5265412, 683.4143604000001
1715407487938, 2024-05-11T06:04:47.938Z, 91.3789836, 680.2087614
1715407487953, 2024-05-11T06:04:47.953Z, 87.2123998, 674.9907037999999
1715407487972, 2024-05-11T06:04:47.972Z, 85.9817548, 670.4084962000001
1715407487998, 2024-05-11T06:04:47.998Z, 87.2543764, 668.850434
1715407488014, 2024-05-11T06:04:48.014Z, 94.23292740000001, 670.2142694
1715407488014, 2024-05-11T06:04:48.014Z, 114.03335999999999, 674.1027402
1715407488044, 2024-05-11T06:04:48.044Z, 136.30026379999998, 677.1376629999999
1715407488061, 2024-05-11T06:04:48.061Z, 160.05045379999999, 679.3339902
1715407488077, 2024-05-11T06:04:48.077Z, 182.96622059999999, 679.8101736000001
1715407488093, 2024-05-11T06:04:48.093Z, 203.6042878, 675.8892564
1715407488109, 2024-05-11T06:04:48.109Z, 211.01377300000004, 669.8824134
1715407488125, 2024-05-11T06:04:48.125Z, 218.296407, 665.4041006
1715407488141, 2024-05-11T06:04:48.141Z, 224.21709479999998, 661.4619688
1715407488157, 2024-05-11T06:04:48.157Z, 230.00105120000003, 659.2773522
1715407488172, 2024-05-11T06:04:48.172Z, 233.27240360000002, 660.462801
1715407488194, 2024-05-11T06:04:48.194Z, 236.55617560000002, 660.7727464
1715407488211, 2024-05-11T06:04:48.211Z, 237.551586, 660.6638368
1715407488226, 2024-05-11T06:04:48.226Z, 237.9634716, 660.333223
1715407488241, 2024-05-11T06:04:48.241Z, 237.6692074, 660.5110718
1715407488256, 2024-05-11T06:04:48.256Z, 240.37463279999997, 664.1233794
1715407488271, 2024-05-11T06:04:48.271Z, 243.63566499999996, 669.0629931999999
1715407488286, 2024-05-11T06:04:48.286Z, 248.5795184, 676.9342623999999
1715407488301, 2024-05-11T06:04:48.301Z, 253.10572259999998, 684.6245306000001
1715407488316, 2024-05-11T06:04:48.316Z, 257.9096482, 690.913213
1715407488347, 2024-05-11T06:04:48.347Z, 262.72287960000006, 696.1704248
1715407488361, 2024-05-11T06:04:48.361Z, 266.3267756, 700.4733292000001
1715407488377, 2024-05-11T06:04:48.377Z, 265.8757156, 697.1497996
1715407488393, 2024-05-11T06:04:48.393Z, 263.76289319999995, 691.1927594000001
1715407488408, 2024-05-11T06:04:48.408Z, 261.1413856, 684.8293808000001
1715407488424, 2024-05-11T06:04:48.424Z, 256.2419116, 677.6741772
1715407488439, 2024-05-11T06:04:48.439Z, 248.2912678, 664.1013118
1715407488455, 2024-05-11T06:04:48.455Z, 242.69676200000004, 655.2045128
1715407488471, 2024-05-11T06:04:48.471Z, 241.4608344, 649.7858116
1715407488495, 2024-05-11T06:04:48.495Z, 254.628257, 649.6576234
1715407488509, 2024-05-11T06:04:48.509Z, 269.981597, 646.8515712
1715407488526, 2024-05-11T06:04:48.526Z, 291.6035804, 654.2044665999999
1715407488541, 2024-05-11T06:04:48.541Z, 312.774381, 659.1171942
1715407488554, 2024-05-11T06:04:48.554Z, 331.4427762, 662.235418
1715407488571, 2024-05-11T06:04:48.571Z, 339.6627128, 658.8287798
1715407488583, 2024-05-11T06:04:48.583Z, 344.6837042, 656.3731576
1715407488599, 2024-05-11T06:04:48.599Z, 348.46362639999995, 651.0457582
1715407488614, 2024-05-11T06:04:48.614Z, 350.27228620000005, 649.468946
1715407488645, 2024-05-11T06:04:48.645Z, 351.0622316, 649.3901099999999
1715407488660, 2024-05-11T06:04:48.660Z, 347.2265726, 652.8069054
1715407488676, 2024-05-11T06:04:48.676Z, 344.5950398, 655.1264942
1715407488708, 2024-05-11T06:04:48.708Z, 343.9081704, 655.7954146000001
1715407488723, 2024-05-11T06:04:48.723Z, 346.4463268, 659.5740512
1715407488739, 2024-05-11T06:04:48.739Z, 350.2995786, 664.4451602
1715407488754, 2024-05-11T06:04:48.754Z, 358.63700020000005, 672.8036341999999
1715407488770, 2024-05-11T06:04:48.770Z, 366.71627, 683.0973700000002
1715407488795, 2024-05-11T06:04:48.795Z, 372.571959, 695.2486378000001
1715407488808, 2024-05-11T06:04:48.808Z, 377.57129299999997, 703.2132998
1715407488823, 2024-05-11T06:04:48.823Z, 382.4981012, 705.5073495999999
1715407488839, 2024-05-11T06:04:48.839Z, 382.04920419999996, 701.385117
1715407488854, 2024-05-11T06:04:48.854Z, 381.2885252, 697.5806508000001
1715407488869, 2024-05-11T06:04:48.869Z, 379.3177316, 693.0009316
1715407488886, 2024-05-11T06:04:48.886Z, 377.3581164, 687.4980122
1715407488910, 2024-05-11T06:04:48.910Z, 374.1904134, 686.1097764
1715407488926, 2024-05-11T06:04:48.926Z, 371.60626619999994, 686.1556458000001
1715407488947, 2024-05-11T06:04:48.947Z, 375.989088, 684.0200974
1715407488973, 2024-05-11T06:04:48.973Z, 390.17765339999994, 683.3154768
1715407488989, 2024-05-11T06:04:48.989Z, 416.0816296, 681.8246091999999
1715407489005, 2024-05-11T06:04:49.005Z, 443.6730138, 680.4399796
1715407489021, 2024-05-11T06:04:49.021Z, 481.923675, 679.8032851999999
1715407489037, 2024-05-11T06:04:49.037Z, 516.3536142, 679.8951478
1715407489069, 2024-05-11T06:04:49.069Z, 546.0797912, 679.5534386
1715407489108, 2024-05-11T06:04:49.108Z, 572.6939663999999, 682.2710805999999
1715407489133, 2024-05-11T06:04:49.133Z, 614.8877978, 686.3350369999999
1715407489165, 2024-05-11T06:04:49.165Z, 651.3955272000001, 690.2400912
1715407489181, 2024-05-11T06:04:49.181Z, 690.1695114, 695.2757114
1715407489197, 2024-05-11T06:04:49.197Z, 727.6262868, 699.3659110000001
1715407489213, 2024-05-11T06:04:49.213Z, 754.3648918000001, 695.5769382000001
1715407489228, 2024-05-11T06:04:49.228Z, 763.5119672, 687.7743275999999
1715407489244, 2024-05-11T06:04:49.244Z, 767.733818, 678.0496602
1715407489261, 2024-05-11T06:04:49.261Z, 766.3202484000001, 668.5052892
1715407489276, 2024-05-11T06:04:49.276Z, 764.3936434, 659.7898614000001
1715407489292, 2024-05-11T06:04:49.292Z, 767.3507182000001, 658.6072932
1715407489308, 2024-05-11T06:04:49.308Z, 771.4447572, 659.8172371999999
1715407489324, 2024-05-11T06:04:49.324Z, 774.421829, 662.2706897999999
1715407489339, 2024-05-11T06:04:49.339Z, 777.1384823999999, 664.4834116
1715407489355, 2024-05-11T06:04:49.355Z, 777.2322266, 665.7488410000001
1715407489371, 2024-05-11T06:04:49.371Z, 776.4976038, 664.7778046000001
1715407489395, 2024-05-11T06:04:49.395Z, 799.4351224, 654.5922034
1715407489411, 2024-05-11T06:04:49.411Z, 828.2681829999999, 644.6011208000001
1715407489432, 2024-05-11T06:04:49.432Z, 866.6362150000001, 624.517972
1715407489447, 2024-05-11T06:04:49.447Z, 909.9532122, 597.9700174
1715407489463, 2024-05-11T06:04:49.463Z, 958.6157262, 564.153495
1715407489478, 2024-05-11T06:04:49.478Z, 997.853313, 523.1557376
1715407489494, 2024-05-11T06:04:49.494Z, 1053.7502576000002, 457.283728
1715407489510, 2024-05-11T06:04:49.510Z, 1101.329134, 400.54143419999997
1715407489526, 2024-05-11T06:04:49.526Z, 1144.3907758, 350.3112112
1715407489547, 2024-05-11T06:04:49.547Z, 1179.3439501999999, 311.89239979999996
1715407489559, 2024-05-11T06:04:49.559Z, 1197.9063108, 294.0399552
1715407489574, 2024-05-11T06:04:49.574Z, 1196.9646142, 300.0361744
1715407489603, 2024-05-11T06:04:49.603Z, 1192.4187722000001, 312.2800538
1715407489619, 2024-05-11T06:04:49.619Z, 1189.6870210000002, 319.8079352
1715407489635, 2024-05-11T06:04:49.635Z, 1188.4668486, 322.0948088
1715407489652, 2024-05-11T06:04:49.652Z, 1192.5960812, 316.8324294
1715407489667, 2024-05-11T06:04:49.667Z, 1196.3568436, 311.7598754
1715407489699, 2024-05-11T06:04:49.699Z, 1215.1328139999998, 294.3571364
1715407489714, 2024-05-11T06:04:49.714Z, 1236.644249, 281.3295512
1715407489729, 2024-05-11T06:04:49.729Z, 1257.3674188, 267.3672036
1715407489760, 2024-05-11T06:04:49.760Z, 1290.42409, 257.6143298
1715407489776, 2024-05-11T06:04:49.776Z, 1321.4515577999998, 247.3973336
1715407489791, 2024-05-11T06:04:49.791Z, 1341.0452698, 241.983493
1715407489806, 2024-05-11T06:04:49.806Z, 1357.4598314, 237.9852014
1715407489822, 2024-05-11T06:04:49.822Z, 1377.9251196, 233.9494712
1715407489844, 2024-05-11T06:04:49.844Z, 1384.2266783999999, 225.01032460000002
1715407489861, 2024-05-11T06:04:49.861Z, 1392.8188850000001, 216.8438984
1715407489888, 2024-05-11T06:04:49.888Z, 1399.6288273999999, 210.3479296
1715407489906, 2024-05-11T06:04:49.906Z, 1403.8917012, 201.5190522
1715407489919, 2024-05-11T06:04:49.919Z, 1404.3495718, 193.3517226
1715407489933, 2024-05-11T06:04:49.933Z, 1400.5029971999998, 192.9211962
1715407489949, 2024-05-11T06:04:49.949Z, 1398.756732, 193.00760499999998
1715407489965, 2024-05-11T06:04:49.965Z, 1410.7685990000002, 193.6388374
1715407489995, 2024-05-11T06:04:49.995Z, 1434.3810971999999, 195.46330300000002
1715407490011, 2024-05-11T06:04:50.011Z, 1460.1761094, 198.9710814
1715407490027, 2024-05-11T06:04:50.027Z, 1504.7851134, 198.3718746
1715407490043, 2024-05-11T06:04:50.043Z, 1548.0796726, 197.73669620000004
1715407490058, 2024-05-11T06:04:50.058Z, 1577.5137734000002, 196.644521
1715407490073, 2024-05-11T06:04:50.073Z, 1597.5030854000001, 194.7187768
1715407490089, 2024-05-11T06:04:50.089Z, 1615.3342212, 192.66507099999998
1715407490104, 2024-05-11T06:04:50.104Z, 1619.1701764000002, 191.98498259999997
1715407490120, 2024-05-11T06:04:50.120Z, 1623.6323478, 191.423308
1715407490147, 2024-05-11T06:04:50.147Z, 1626.0014993999998, 190.42740540000003
1715407490167, 2024-05-11T06:04:50.167Z, 1627.5563295999998, 190.801727
1715407490182, 2024-05-11T06:04:50.182Z, 1629.4195169999998, 191.55969960000002
1715407490198, 2024-05-11T06:04:50.198Z, 1629.7726873999998, 192.00421379999997
1715407490213, 2024-05-11T06:04:50.213Z, 1629.3922057999998, 191.28122760000002
1715407490228, 2024-05-11T06:04:50.228Z, 1631.4293999999998, 191.028076
1715407490244, 2024-05-11T06:04:50.244Z, 1634.8193068, 189.3309986
1715407490260, 2024-05-11T06:04:50.260Z, 1637.7199388, 187.2319116
1715407490276, 2024-05-11T06:04:50.276Z, 1641.4298308000002, 184.1029026
1715407490298, 2024-05-11T06:04:50.298Z, 1645.6923431999999, 181.5954726
1715407490315, 2024-05-11T06:04:50.315Z, 1651.6490028, 180.2061896
1715407490328, 2024-05-11T06:04:50.328Z, 1656.426265, 180.802978
1715407490341, 2024-05-11T06:04:50.341Z, 1661.8270782, 179.2804476
1715407490356, 2024-05-11T06:04:50.356Z, 1668.9358502000002, 175.348878
1715407490371, 2024-05-11T06:04:50.371Z, 1673.7766005999997, 172.3116532
1715407490386, 2024-05-11T06:04:50.386Z, 1678.0171396, 166.1072534
1715407490401, 2024-05-11T06:04:50.401Z, 1682.3296144, 157.12911760000003
1715407490417, 2024-05-11T06:04:50.417Z, 1687.8205279999997, 149.5046518
1715407490458, 2024-05-11T06:04:50.458Z, 1690.8943462000002, 151.18618700000002
1715407490473, 2024-05-11T06:04:50.473Z, 1694.055198, 155.4565382
1715407490503, 2024-05-11T06:04:50.503Z, 1698.1310908, 158.2528466
1715407490518, 2024-05-11T06:04:50.518Z, 1699.3597606000003, 162.65926100000001
1715407490548, 2024-05-11T06:04:50.548Z, 1695.3197655999998, 168.0422354
1715407490563, 2024-05-11T06:04:50.563Z, 1691.9357771999998, 166.894279
1715407490594, 2024-05-11T06:04:50.594Z, 1684.110513, 160.97424819999998
1715407490611, 2024-05-11T06:04:50.611Z, 1674.6999196000002, 158.57396540000002
1715407490625, 2024-05-11T06:04:50.625Z, 1667.0411274000003, 158.610478
1715407490640, 2024-05-11T06:04:50.640Z, 1663.1990868, 157.4727142
1715407490655, 2024-05-11T06:04:50.655Z, 1659.8047588000002, 156.9894818
1715407490668, 2024-05-11T06:04:50.668Z, 1661.1772106, 158.48985620000002
1715407490697, 2024-05-11T06:04:50.697Z, 1662.4816944, 160.0582768
1715407490713, 2024-05-11T06:04:50.713Z, 1662.5417483999997, 160.381156
1715407490728, 2024-05-11T06:04:50.728Z, 1662.4318154, 163.21106779999997
1715407490747, 2024-05-11T06:04:50.748Z, 1662.2859510000003, 165.52095079999998
1715407490759, 2024-05-11T06:04:50.759Z, 1662.2096918, 167.9321016
1715407490775, 2024-05-11T06:04:50.775Z, 1660.9652806, 168.7563968
1715407490791, 2024-05-11T06:04:50.791Z, 1661.3761149999998, 170.078403
1715407490807, 2024-05-11T06:04:50.807Z, 1661.0718302, 168.82634860000002
1715407490822, 2024-05-11T06:04:50.822Z, 1659.3174858000002, 166.2584084
1715407490838, 2024-05-11T06:04:50.838Z, 1659.917804, 162.8854114
1715407490853, 2024-05-11T06:04:50.853Z, 1662.4818458000002, 161.1220406
1715407490868, 2024-05-11T06:04:50.868Z, 1664.0019545999999, 158.018665
1715407490894, 2024-05-11T06:04:50.894Z, 1666.0661218, 152.5767458
1715407490908, 2024-05-11T06:04:50.908Z, 1668.3960040000002, 150.4423838
1715407490923, 2024-05-11T06:04:50.923Z, 1668.6553479999998, 148.7271178
1715407490938, 2024-05-11T06:04:50.938Z, 1668.7165768000002, 147.0638652
1715407490953, 2024-05-11T06:04:50.953Z, 1669.7133036, 142.5191458
1715407490968, 2024-05-11T06:04:50.968Z, 1670.6113380000002, 142.2549614
1715407490983, 2024-05-11T06:04:50.983Z, 1672.0602044, 142.3606876
1715407491023, 2024-05-11T06:04:51.023Z, 1674.4963472, 143.610531
1715407491044, 2024-05-11T06:04:51.044Z, 1670.8479482000002, 155.2537244
1715407491059, 2024-05-11T06:04:51.059Z, 1665.2777546000002, 167.8803326
1715407491077, 2024-05-11T06:04:51.077Z, 1658.8525542, 179.91196399999998
1715407491101, 2024-05-11T06:04:51.101Z, 1653.1062952, 191.0999526
1715407491117, 2024-05-11T06:04:51.117Z, 1647.0943284, 192.510232
1715407491132, 2024-05-11T06:04:51.132Z, 1646.6536948, 188.1741982
1715407491149, 2024-05-11T06:04:51.149Z, 1647.8787158000002, 184.8918236
1715407491165, 2024-05-11T06:04:51.165Z, 1652.8018726000003, 178.686965
1715407491193, 2024-05-11T06:04:51.193Z, 1655.8430575999998, 172.3682754
1715407491207, 2024-05-11T06:04:51.207Z, 1658.0759464000002, 174.8972862
1715407491221, 2024-05-11T06:04:51.221Z, 1661.8728847999998, 172.0619796
1715407491236, 2024-05-11T06:04:51.236Z, 1666.380337, 170.5425614
1715407491252, 2024-05-11T06:04:51.252Z, 1668.2496574000002, 171.72089780000002
1715407491266, 2024-05-11T06:04:51.266Z, 1670.5380362, 171.6748882
1715407491282, 2024-05-11T06:04:51.282Z, 1670.4485958, 172.78216300000003
1715407491296, 2024-05-11T06:04:51.296Z, 1667.4847652, 176.06876420000003
1715407491311, 2024-05-11T06:04:51.311Z, 1662.3781596000001, 180.530953
1715407491343, 2024-05-11T06:04:51.343Z, 1655.8184778, 186.2422366
1715407491356, 2024-05-11T06:04:51.356Z, 1649.1282632000002, 192.5242144
1715407491372, 2024-05-11T06:04:51.372Z, 1629.5252718, 207.37474179999998
1715407491387, 2024-05-11T06:04:51.387Z, 1611.3267806, 221.97703040000002
1715407491401, 2024-05-11T06:04:51.401Z, 1590.9538728000002, 237.6770968
1715407491416, 2024-05-11T06:04:51.416Z, 1567.2875244000002, 261.735767
1715407491432, 2024-05-11T06:04:51.432Z, 1543.5606346, 284.6172428
1715407491446, 2024-05-11T06:04:51.446Z, 1534.8415802, 297.94452739999997
1715407491461, 2024-05-11T06:04:51.461Z, 1526.1466661999998, 307.41556860000003
1715407491493, 2024-05-11T06:04:51.493Z, 1522.5683551999998, 313.40163679999995
1715407491507, 2024-05-11T06:04:51.507Z, 1523.6307312000001, 308.40635340000006
1715407491523, 2024-05-11T06:04:51.523Z, 1525.5144169999999, 302.2336498
1715407491539, 2024-05-11T06:04:51.539Z, 1531.5605633999999, 294.5833502
1715407491555, 2024-05-11T06:04:51.555Z, 1548.9893156, 291.11067360000004
1715407491571, 2024-05-11T06:04:51.571Z, 1567.1839312, 288.2683644
1715407491587, 2024-05-11T06:04:51.587Z, 1584.635205, 287.33922140000004
1715407491603, 2024-05-11T06:04:51.603Z, 1602.5503534, 288.4803722
1715407491618, 2024-05-11T06:04:51.618Z, 1617.9283968, 291.5332712
1715407491646, 2024-05-11T06:04:51.646Z, 1619.6231914, 301.3282838
1715407491657, 2024-05-11T06:04:51.657Z, 1618.436687, 310.5729086
1715407491672, 2024-05-11T06:04:51.672Z, 1616.7855244, 318.07554719999996
1715407491687, 2024-05-11T06:04:51.687Z, 1613.5026096, 326.2924054
1715407491702, 2024-05-11T06:04:51.702Z, 1607.7938316, 336.55408079999995
1715407491717, 2024-05-11T06:04:51.717Z, 1605.0510048, 337.690831
1715407491732, 2024-05-11T06:04:51.732Z, 1602.7721404, 339.18740019999996
1715407491756, 2024-05-11T06:04:51.756Z, 1598.5639888, 348.21919679999996
1715407491763, 2024-05-11T06:04:51.763Z, 1595.620547, 355.5762736
1715407491794, 2024-05-11T06:04:51.794Z, 1594.3106122000002, 360.2276816
1715407491807, 2024-05-11T06:04:51.807Z, 1593.4659622000001, 366.2610994
1715407491838, 2024-05-11T06:04:51.838Z, 1592.5802774, 372.3262982
1715407491854, 2024-05-11T06:04:51.854Z, 1600.4403900000002, 362.95846100000006
1715407491870, 2024-05-11T06:04:51.870Z, 1609.1037270000002, 352.84360080000005
1715407491885, 2024-05-11T06:04:51.885Z, 1616.9824072, 343.6014764
1715407491901, 2024-05-11T06:04:51.901Z, 1621.560441, 337.737179
1715407491916, 2024-05-11T06:04:51.916Z, 1626.4944956, 331.7531334
1715407491943, 2024-05-11T06:04:51.943Z, 1626.3444298, 334.25996180000004
1715407491957, 2024-05-11T06:04:51.957Z, 1623.8585764, 338.0025512
1715407491972, 2024-05-11T06:04:51.972Z, 1621.2181496000003, 339.8203328000001
1715407491987, 2024-05-11T06:04:51.987Z, 1621.2791160000002, 336.5831702
1715407492002, 2024-05-11T06:04:52.002Z, 1621.8060560000001, 332.8310846
1715407492018, 2024-05-11T06:04:52.018Z, 1621.6523353999999, 330.99596899999995
1715407492032, 2024-05-11T06:04:52.032Z, 1619.8061546000001, 328.94297480000006
1715407492051, 2024-05-11T06:04:52.051Z, 1610.8217997999998, 327.118187
1715407492062, 2024-05-11T06:04:52.062Z, 1574.483385, 330.766502
1715407492093, 2024-05-11T06:04:52.093Z, 1540.079237, 334.0027436
1715407492106, 2024-05-11T06:04:52.106Z, 1500.4941576, 340.28213100000005
1715407492133, 2024-05-11T06:04:52.133Z, 1452.663392, 354.28863
1715407492148, 2024-05-11T06:04:52.148Z, 1405.5011650000001, 371.6017122
1715407492164, 2024-05-11T06:04:52.164Z, 1385.6280224, 384.6953038
1715407492180, 2024-05-11T06:04:52.180Z, 1359.7814234, 400.2772116
1715407492196, 2024-05-11T06:04:52.196Z, 1338.9011139999998, 412.2146818
1715407492212, 2024-05-11T06:04:52.212Z, 1327.972897, 418.3804944
1715407492242, 2024-05-11T06:04:52.242Z, 1326.6789924, 426.39767900000004
1715407492259, 2024-05-11T06:04:52.259Z, 1325.2207492, 434.99263299999996
1715407492274, 2024-05-11T06:04:52.274Z, 1326.2309772, 440.0613136
1715407492289, 2024-05-11T06:04:52.289Z, 1327.0683616000001, 444.3652884
1715407492304, 2024-05-11T06:04:52.304Z, 1326.7094280000001, 447.5623896
1715407492321, 2024-05-11T06:04:52.321Z, 1325.1095132, 447.02488939999995
1715407492337, 2024-05-11T06:04:52.337Z, 1320.3339713999999, 445.09222260000007
1715407492352, 2024-05-11T06:04:52.352Z, 1307.3943946, 440.57058459999996
1715407492368, 2024-05-11T06:04:52.368Z, 1297.4629542, 437.85992639999995
1715407492406, 2024-05-11T06:04:52.406Z, 1281.197304, 431.2624412
1715407492426, 2024-05-11T06:04:52.426Z, 1261.2603962, 423.21992680000005
1715407492436, 2024-05-11T06:04:52.436Z, 1242.7904002, 415.3050604
1715407492452, 2024-05-11T06:04:52.452Z, 1228.8306189999998, 414.29932859999997
1715407492467, 2024-05-11T06:04:52.467Z, 1210.5951300000002, 415.8764738
1715407492481, 2024-05-11T06:04:52.481Z, 1199.2989969999999, 422.20271599999995
1715407492502, 2024-05-11T06:04:52.502Z, 1190.408462, 428.798272
1715407492512, 2024-05-11T06:04:52.512Z, 1183.2879838000001, 434.54310100000004
1715407492542, 2024-05-11T06:04:52.542Z, 1179.5846318, 438.210637
1715407492561, 2024-05-11T06:04:52.561Z, 1176.3915726, 438.07085539999997
1715407492572, 2024-05-11T06:04:52.572Z, 1172.9980928, 436.57791499999996
1715407492587, 2024-05-11T06:04:52.587Z, 1170.7469288000002, 435.4053312
1715407492603, 2024-05-11T06:04:52.603Z, 1167.2911626, 436.41483619999997
1715407492618, 2024-05-11T06:04:52.618Z, 1162.0695722, 435.22751580000005
1715407492634, 2024-05-11T06:04:52.634Z, 1156.5098302000001, 432.327582
1715407492649, 2024-05-11T06:04:52.649Z, 1150.7383418, 429.6816742
1715407492665, 2024-05-11T06:04:52.665Z, 1141.5703262, 426.2338474
1715407492698, 2024-05-11T06:04:52.698Z, 1134.7886303999999, 422.0842062
1715407492711, 2024-05-11T06:04:52.711Z, 1130.278883, 421.948531
1715407492727, 2024-05-11T06:04:52.727Z, 1128.2570099999998, 423.7565174
1715407492742, 2024-05-11T06:04:52.742Z, 1129.236444, 425.73836439999997
1715407492758, 2024-05-11T06:04:52.758Z, 1132.3070454, 430.04796719999996
1715407492773, 2024-05-11T06:04:52.773Z, 1133.2961094, 434.8619584
1715407492790, 2024-05-11T06:04:52.790Z, 1133.6580154, 438.39536580000004
1715407492806, 2024-05-11T06:04:52.806Z, 1132.3468176, 441.08053960000007
1715407492822, 2024-05-11T06:04:52.822Z, 1129.1690575999999, 442.54878820000005
1715407492860, 2024-05-11T06:04:52.860Z, 1126.2652910000002, 437.53065460000005
1715407492885, 2024-05-11T06:04:52.885Z, 1124.6864286, 430.3463978
1715407492901, 2024-05-11T06:04:52.901Z, 1119.6173076, 425.02262499999995
1715407492917, 2024-05-11T06:04:52.917Z, 1113.7924117999999, 422.58225200000004
1715407492933, 2024-05-11T06:04:52.933Z, 1109.7336486, 420.1811028
1715407492949, 2024-05-11T06:04:52.949Z, 1105.8066000000001, 422.29395519999997
1715407492965, 2024-05-11T06:04:52.965Z, 1102.2881568, 428.7248114
1715407492980, 2024-05-11T06:04:52.980Z, 1102.7784882, 433.5476332
1715407492996, 2024-05-11T06:04:52.996Z, 1105.2866758, 436.38269519999994
1715407493012, 2024-05-11T06:04:53.012Z, 1107.924516, 438.4035018000001
1715407493028, 2024-05-11T06:04:53.028Z, 1109.4720194000001, 441.36093200000005
1715407493043, 2024-05-11T06:04:53.043Z, 1111.0327860000002, 438.83318099999997
1715407493059, 2024-05-11T06:04:53.059Z, 1112.7262206, 434.958875
1715407493074, 2024-05-11T06:04:53.074Z, 1113.5614242, 430.2620244
1715407493090, 2024-05-11T06:04:53.090Z, 1112.2857823999998, 427.04074519999995
1715407493106, 2024-05-11T06:04:53.106Z, 1109.6763061999998, 426.86700279999997
1715407493121, 2024-05-11T06:04:53.121Z, 1103.2527696, 429.62414820000004
1715407493146, 2024-05-11T06:04:53.146Z, 1099.8692502, 435.0398376
1715407493158, 2024-05-11T06:04:53.158Z, 1101.6615132000002, 443.5091824
1715407493175, 2024-05-11T06:04:53.175Z, 1102.0755284, 441.41783180000004
1715407493188, 2024-05-11T06:04:53.188Z, 1103.94652, 436.52281419999997
1715407493206, 2024-05-11T06:04:53.206Z, 1109.5970012000002, 429.72449800000004
1715407493219, 2024-05-11T06:04:53.219Z, 1111.7309289999998, 419.5292576
1715407493233, 2024-05-11T06:04:53.233Z, 1110.5826892, 410.73127539999996
1715407493248, 2024-05-11T06:04:53.248Z, 1112.7934894, 411.2628644
1715407493263, 2024-05-11T06:04:53.263Z, 1114.8753326, 412.43738160000004
1715407493294, 2024-05-11T06:04:53.294Z, 1117.7638434, 413.73819560000004
1715407493325, 2024-05-11T06:04:53.325Z, 1121.8263626, 415.0437418
1715407493341, 2024-05-11T06:04:53.341Z, 1125.521858, 409.7892556
1715407493356, 2024-05-11T06:04:53.356Z, 1126.3242584, 406.711883
1715407493371, 2024-05-11T06:04:53.371Z, 1120.652893, 409.0794794
1715407493387, 2024-05-11T06:04:53.387Z, 1114.4555072, 412.23509780000006
1715407493402, 2024-05-11T06:04:53.402Z, 1111.6997008, 412.78482560000003
1715407493417, 2024-05-11T06:04:53.417Z, 1110.8641327999999, 414.9644714
1715407493444, 2024-05-11T06:04:53.444Z, 1113.4712218, 419.0482126
1715407493458, 2024-05-11T06:04:53.458Z, 1125.8423254, 419.81498419999997
1715407493473, 2024-05-11T06:04:53.473Z, 1138.7129873999997, 424.5367193999999
1715407493488, 2024-05-11T06:04:53.488Z, 1147.3078852, 435.7069084
1715407493502, 2024-05-11T06:04:53.502Z, 1152.9600533999997, 448.9061478
1715407493524, 2024-05-11T06:04:53.524Z, 1156.9101884000002, 459.75309640000006
1715407493541, 2024-05-11T06:04:53.541Z, 1161.3429958000002, 467.9301878
1715407493556, 2024-05-11T06:04:53.556Z, 1163.5252292, 472.79779799999994
1715407493572, 2024-05-11T06:04:53.572Z, 1166.3938102, 475.6443362
1715407493593, 2024-05-11T06:04:53.593Z, 1171.5204934, 477.91488
1715407493611, 2024-05-11T06:04:53.611Z, 1174.1581862, 482.35619779999996
1715407493626, 2024-05-11T06:04:53.626Z, 1175.0132484, 486.1248928
1715407493639, 2024-05-11T06:04:53.639Z, 1175.3247134, 489.9138706
1715407493656, 2024-05-11T06:04:53.656Z, 1175.764124, 492.023841
1715407493669, 2024-05-11T06:04:53.669Z, 1173.1361668000002, 490.87311040000003
1715407493697, 2024-05-11T06:04:53.697Z, 1173.0234640000003, 487.5791808
1715407493728, 2024-05-11T06:04:53.728Z, 1171.658125, 484.9244264
1715407493748, 2024-05-11T06:04:53.748Z, 1169.7380638, 480.02503740000003
1715407493776, 2024-05-11T06:04:53.776Z, 1167.6514882, 475.83321859999995
1715407493807, 2024-05-11T06:04:53.807Z, 1164.758585, 470.987928
1715407493822, 2024-05-11T06:04:53.822Z, 1161.1885822, 467.2113654
1715407493838, 2024-05-11T06:04:53.838Z, 1158.9306104, 464.0558612
1715407493854, 2024-05-11T06:04:53.854Z, 1158.1366982000002, 462.21298379999996
1715407493870, 2024-05-11T06:04:53.870Z, 1166.0238824, 460.54808319999995
1715407493895, 2024-05-11T06:04:53.895Z, 1180.4783958, 462.5516895999999
1715407493910, 2024-05-11T06:04:53.910Z, 1203.033441, 465.1825406
1715407493924, 2024-05-11T06:04:53.924Z, 1243.3019390000002, 466.5929008
1715407493947, 2024-05-11T06:04:53.947Z, 1289.7703548000002, 472.23359419999997
1715407493963, 2024-05-11T06:04:53.963Z, 1326.6397474, 480.49618840000005
1715407493979, 2024-05-11T06:04:53.979Z, 1354.4834154, 491.9680386
1715407493994, 2024-05-11T06:04:53.994Z, 1376.2539567999997, 504.73637199999996
1715407494010, 2024-05-11T06:04:54.010Z, 1376.5588302, 517.8436475999999
1715407494025, 2024-05-11T06:04:54.025Z, 1371.1335116000002, 528.2858976
1715407494048, 2024-05-11T06:04:54.048Z, 1366.7778282000002, 536.47227
1715407494060, 2024-05-11T06:04:54.060Z, 1365.7119924000003, 541.2188484
1715407494074, 2024-05-11T06:04:54.074Z, 1362.271784, 541.9899697999999
1715407494090, 2024-05-11T06:04:54.090Z, 1365.1023579999999, 539.9097968
1715407494104, 2024-05-11T06:04:54.104Z, 1367.11695, 537.2434894
1715407494120, 2024-05-11T06:04:54.120Z, 1367.7540443999999, 528.8759601999999
1715407494135, 2024-05-11T06:04:54.135Z, 1368.331986, 523.4899242
1715407494151, 2024-05-11T06:04:54.151Z, 1369.8710758, 518.2910393999999
1715407494167, 2024-05-11T06:04:54.167Z, 1367.4930344, 514.3144796
1715407494196, 2024-05-11T06:04:54.196Z, 1357.3014257999998, 514.8750322
1715407494212, 2024-05-11T06:04:54.212Z, 1349.930703, 519.6113155999999
1715407494228, 2024-05-11T06:04:54.228Z, 1335.3272164, 522.7933382
1715407494259, 2024-05-11T06:04:54.259Z, 1306.7214416000002, 529.023664
1715407494274, 2024-05-11T06:04:54.274Z, 1268.4486060000002, 540.3572034
1715407494289, 2024-05-11T06:04:54.289Z, 1231.5371134000002, 542.180489
1715407494305, 2024-05-11T06:04:54.305Z, 1194.1142936, 545.8774442
1715407494321, 2024-05-11T06:04:54.321Z, 1163.9740924000002, 548.6203251999999
1715407494345, 2024-05-11T06:04:54.345Z, 1140.2234386, 542.5426153999999
1715407494360, 2024-05-11T06:04:54.360Z, 1127.8018069999998, 532.7395388
1715407494375, 2024-05-11T06:04:54.375Z, 1119.5222402, 527.8941266
1715407494389, 2024-05-11T06:04:54.389Z, 1111.3525286, 521.8366464
1715407494404, 2024-05-11T06:04:54.404Z, 1104.0636656000001, 516.8402351999999
1715407494421, 2024-05-11T06:04:54.421Z, 1105.4118512, 515.7843092
1715407494435, 2024-05-11T06:04:54.435Z, 1105.4333643999998, 516.3765192
1715407494451, 2024-05-11T06:04:54.451Z, 1108.0435816, 518.3878086000001
1715407494464, 2024-05-11T06:04:54.464Z, 1109.1740015999999, 522.5403236
1715407494497, 2024-05-11T06:04:54.497Z, 1108.928567, 525.2789740000001
1715407494509, 2024-05-11T06:04:54.509Z, 1105.7507698, 531.2675928
1715407494539, 2024-05-11T06:04:54.539Z, 1103.7072422, 533.0098174
1715407494555, 2024-05-11T06:04:54.555Z, 1104.6848532, 530.1990923999999
1715407494571, 2024-05-11T06:04:54.571Z, 1107.284105, 526.5763286
1715407494587, 2024-05-11T06:04:54.587Z, 1110.8743608, 521.313544
1715407494603, 2024-05-11T06:04:54.603Z, 1115.6011066, 514.3348698000001
1715407494618, 2024-05-11T06:04:54.618Z, 1117.7676624, 508.62372500000004
1715407494644, 2024-05-11T06:04:54.644Z, 1116.1922458000001, 504.99002199999995
1715407494658, 2024-05-11T06:04:54.658Z, 1113.0322226, 500.592699
1715407494673, 2024-05-11T06:04:54.673Z, 1109.6238812, 497.8868448
1715407494688, 2024-05-11T06:04:54.688Z, 1106.6258704000002, 497.16675399999997
1715407494703, 2024-05-11T06:04:54.703Z, 1103.8572022, 499.073614
1715407494717, 2024-05-11T06:04:54.717Z, 1101.8021046, 501.7893054
1715407494732, 2024-05-11T06:04:54.732Z, 1097.4867536, 505.5772984
1715407494748, 2024-05-11T06:04:54.748Z, 1092.4132000000002, 508.92075860000006
1715407494763, 2024-05-11T06:04:54.763Z, 1088.2540228, 511.8013288
1715407494794, 2024-05-11T06:04:54.794Z, 1088.7511645999998, 514.47081
1715407494807, 2024-05-11T06:04:54.807Z, 1089.4794639999998, 518.0197988
1715407494823, 2024-05-11T06:04:54.823Z, 1093.0976019999998, 520.1362185999999
1715407494838, 2024-05-11T06:04:54.838Z, 1097.496413, 520.6866683999999
1715407494853, 2024-05-11T06:04:54.853Z, 1101.6044906, 520.1896026000001
1715407494868, 2024-05-11T06:04:54.868Z, 1100.6134908, 516.8840714
1715407494883, 2024-05-11T06:04:54.883Z, 1101.0237207999999, 513.3279776
1715407494901, 2024-05-11T06:04:54.901Z, 1101.2994151999999, 510.9382054000001
1715407494914, 2024-05-11T06:04:54.914Z, 1103.7013556, 509.4330704000001
1715407494944, 2024-05-11T06:04:54.944Z, 1106.4503546, 509.6525552
1715407494976, 2024-05-11T06:04:54.976Z, 1104.5864628, 505.37192960000004
1715407494991, 2024-05-11T06:04:54.991Z, 1099.6626220000003, 504.01826299999993
1715407495023, 2024-05-11T06:04:55.023Z, 1095.4333446, 500.2630886
1715407495038, 2024-05-11T06:04:55.038Z, 1093.112914, 496.14455899999996
1715407495053, 2024-05-11T06:04:55.053Z, 1091.4425362, 491.6829924
1715407495069, 2024-05-11T06:04:55.069Z, 1095.7302525999999, 496.54386039999997
1715407495106, 2024-05-11T06:04:55.106Z, 1101.9819095999999, 498.5157432
1715407495121, 2024-05-11T06:04:55.121Z, 1106.9180658, 506.02094580000005
1715407495136, 2024-05-11T06:04:55.136Z, 1108.2504279999998, 513.1211944
1715407495151, 2024-05-11T06:04:55.151Z, 1110.9060584, 517.8429372
1715407495171, 2024-05-11T06:04:55.171Z, 1112.9303528, 519.4402932
1715407495212, 2024-05-11T06:04:55.212Z, 1114.9682090000001, 520.084106
1715407495228, 2024-05-11T06:04:55.228Z, 1116.477347, 517.6114102
1715407495246, 2024-05-11T06:04:55.246Z, 1115.5744136, 516.1798116
1715407495260, 2024-05-11T06:04:55.260Z, 1112.3684224, 515.4471292
1715407495275, 2024-05-11T06:04:55.275Z, 1109.5433328, 512.0411792
1715407495291, 2024-05-11T06:04:55.291Z, 1109.1394812, 507.8388092
1715407495306, 2024-05-11T06:04:55.306Z, 1110.3804806, 502.7366564
1715407495323, 2024-05-11T06:04:55.323Z, 1112.553888, 495.5299298
1715407495338, 2024-05-11T06:04:55.338Z, 1114.1486444000002, 487.26328079999996
1715407495354, 2024-05-11T06:04:55.354Z, 1114.9340998000002, 482.56463279999997
1715407495369, 2024-05-11T06:04:55.369Z, 1112.2835708, 478.74206519999996
1715407495394, 2024-05-11T06:04:55.394Z, 1106.8592554000002, 475.67754540000004
1715407495423, 2024-05-11T06:04:55.423Z, 1102.884578, 476.471802
1715407495438, 2024-05-11T06:04:55.438Z, 1100.0807624000001, 481.1094824
1715407495453, 2024-05-11T06:04:55.453Z, 1098.0462806, 485.56898579999995
1715407495468, 2024-05-11T06:04:55.468Z, 1094.4855122, 496.0959782
1715407495483, 2024-05-11T06:04:55.483Z, 1094.8006831999999, 502.0317686
1715407495498, 2024-05-11T06:04:55.498Z, 1096.9856791999998, 501.84765260000006
1715407495517, 2024-05-11T06:04:55.517Z, 1097.0276185999999, 504.38718719999997
1715407495547, 2024-05-11T06:04:55.547Z, 1094.9235829999998, 512.4035379999999
1715407495557, 2024-05-11T06:04:55.557Z, 1094.9790646, 514.9192766
1715407495573, 2024-05-11T06:04:55.573Z, 1093.9439418, 518.5781176
1715407495588, 2024-05-11T06:04:55.588Z, 1091.0393724, 525.3739466
1715407495603, 2024-05-11T06:04:55.603Z, 1089.4052374, 526.8884572
1715407495618, 2024-05-11T06:04:55.618Z, 1090.7062964, 521.3145336
1715407495649, 2024-05-11T06:04:55.649Z, 1092.1396306, 515.0661116
1715407495665, 2024-05-11T06:04:55.665Z, 1095.5003379999998, 508.51643779999995
1715407495696, 2024-05-11T06:04:55.696Z, 1098.5452363999998, 503.612618
1715407495712, 2024-05-11T06:04:55.712Z, 1101.1646756, 497.7759094
1715407495743, 2024-05-11T06:04:55.743Z, 1103.7522456000002, 490.04475
1715407495758, 2024-05-11T06:04:55.758Z, 1105.1778559999998, 484.38473439999996
1715407495773, 2024-05-11T06:04:55.773Z, 1103.7806871999999, 485.57127920000005
1715407495789, 2024-05-11T06:04:55.789Z, 1102.5039881999999, 486.76524979999994
1715407495805, 2024-05-11T06:04:55.805Z, 1101.8550899999998, 488.5832428
1715407495821, 2024-05-11T06:04:55.821Z, 1100.7402764, 494.3757334
1715407495844, 2024-05-11T06:04:55.844Z, 1099.6650292, 498.2369966
1715407495871, 2024-05-11T06:04:55.871Z, 1099.8183906, 503.2333684
1715407495899, 2024-05-11T06:04:55.899Z, 1099.1389391999999, 510.0918292
1715407495914, 2024-05-11T06:04:55.914Z, 1103.9286776000001, 540.6216568000001
1715407495930, 2024-05-11T06:04:55.930Z, 1109.8587027999997, 575.9698334
1715407495946, 2024-05-11T06:04:55.946Z, 1116.667687, 611.4913652
1715407495977, 2024-05-11T06:04:55.977Z, 1128.3745285999998, 655.726296
1715407496025, 2024-05-11T06:04:56.025Z, 1137.0182826, 691.5965968
1715407496041, 2024-05-11T06:04:56.041Z, 1139.631003, 707.7458348
1715407496057, 2024-05-11T06:04:56.057Z, 1140.1290866000002, 721.9571028
1715407496073, 2024-05-11T06:04:56.073Z, 1141.1206313999999, 735.2544122
1715407496089, 2024-05-11T06:04:56.089Z, 1136.6349278000002, 737.5828096
1715407496105, 2024-05-11T06:04:56.105Z, 1136.8345706, 745.8199522
1715407496120, 2024-05-11T06:04:56.120Z, 1137.9020418, 750.8842568
1715407496144, 2024-05-11T06:04:56.144Z, 1139.1864554, 750.5703006
1715407496158, 2024-05-11T06:04:56.158Z, 1140.7379028, 748.2743414
1715407496188, 2024-05-11T06:04:56.188Z, 1140.8748706000001, 741.292408
1715407496203, 2024-05-11T06:04:56.203Z, 1137.4137180000002, 728.4126743999999
1715407496218, 2024-05-11T06:04:56.218Z, 1130.187374, 707.97174
1715407496233, 2024-05-11T06:04:56.233Z, 1127.6030263999999, 692.9340090000001
1715407496251, 2024-05-11T06:04:56.251Z, 1126.1115002000001, 686.7185686
1715407496276, 2024-05-11T06:04:56.276Z, 1124.7247395999998, 683.8626512
1715407496294, 2024-05-11T06:04:56.294Z, 1127.7323686, 693.4104772000001
1715407496308, 2024-05-11T06:04:56.308Z, 1130.992947, 714.0386513999999
1715407496324, 2024-05-11T06:04:56.324Z, 1129.810325, 731.1041388000001
1715407496340, 2024-05-11T06:04:56.340Z, 1129.3521061999998, 740.9923492
1715407496355, 2024-05-11T06:04:56.355Z, 1131.0204088, 750.7593533999999
1715407496372, 2024-05-11T06:04:56.372Z, 1130.6784024, 754.1725039999999
1715407496387, 2024-05-11T06:04:56.387Z, 1132.2057318000002, 753.953192
1715407496418, 2024-05-11T06:04:56.418Z, 1133.6716314, 752.4174352
1715407496465, 2024-05-11T06:04:56.465Z, 1129.5928182, 748.2375715999999
1715407496480, 2024-05-11T06:04:56.480Z, 1123.6516755999999, 739.1118478000001
1715407496511, 2024-05-11T06:04:56.511Z, 1117.2854032, 729.5021638
1715407496526, 2024-05-11T06:04:56.526Z, 1112.7179843999998, 719.257385
1715407496542, 2024-05-11T06:04:56.542Z, 1109.5779306, 707.1063280000001
1715407496558, 2024-05-11T06:04:56.558Z, 1109.7153016, 699.5399118
1715407496573, 2024-05-11T06:04:56.573Z, 1112.0301894, 697.9631574
1715407496594, 2024-05-11T06:04:56.594Z, 1113.6590292, 695.8010442000001
1715407496611, 2024-05-11T06:04:56.611Z, 1113.9409114000002, 693.413984
1715407496638, 2024-05-11T06:04:56.638Z, 1113.7519352000002, 695.6133298000001
1715407496653, 2024-05-11T06:04:56.653Z, 1113.4014634, 698.9787259999999
1715407496685, 2024-05-11T06:04:56.685Z, 1111.040354, 701.0488785999999
1715407496701, 2024-05-11T06:04:56.701Z, 1109.6064338, 704.725527
1715407496717, 2024-05-11T06:04:56.717Z, 1106.6535042, 708.7569186000001
1715407496744, 2024-05-11T06:04:56.744Z, 1102.5334584, 711.4566525999999
1715407496773, 2024-05-11T06:04:56.773Z, 1098.8165706, 712.7686571999999
1715407496788, 2024-05-11T06:04:56.788Z, 1098.6199468, 711.3053812
1715407496818, 2024-05-11T06:04:56.818Z, 1100.2298627999999, 707.773613
1715407496833, 2024-05-11T06:04:56.833Z, 1104.3941846000002, 704.1028973999998
1715407496848, 2024-05-11T06:04:56.848Z, 1109.4225199999998, 699.7128868
1715407496863, 2024-05-11T06:04:56.863Z, 1112.5865694000001, 696.2681362000001
1715407496894, 2024-05-11T06:04:56.894Z, 1114.2711804, 692.6964863999999
1715407496908, 2024-05-11T06:04:56.908Z, 1113.7840128, 692.0257255999999
1715407496923, 2024-05-11T06:04:56.923Z, 1111.7800359999999, 693.228035
1715407496938, 2024-05-11T06:04:56.938Z, 1107.7661335999999, 693.8340671999999
1715407496953, 2024-05-11T06:04:56.953Z, 1105.399617, 693.0149324
1715407496968, 2024-05-11T06:04:56.968Z, 1101.049654, 694.3245417999999
1715407496983, 2024-05-11T06:04:56.983Z, 1096.7844496000002, 695.9757380000001
1715407496999, 2024-05-11T06:04:56.999Z, 1091.551477, 696.5398216000001
1715407497015, 2024-05-11T06:04:57.015Z, 1087.6464732, 698.1636123999999
1715407497043, 2024-05-11T06:04:57.043Z, 1083.8867208, 699.254375
1715407497061, 2024-05-11T06:04:57.061Z, 1081.3067752, 699.6718294
1715407497077, 2024-05-11T06:04:57.077Z, 1078.9844117999999, 698.3484684
1715407497093, 2024-05-11T06:04:57.093Z, 1079.8011946000001, 696.3783952000001
1715407497109, 2024-05-11T06:04:57.109Z, 1082.425967, 694.8511080000001
1715407497125, 2024-05-11T06:04:57.125Z, 1083.815572, 701.6380336
1715407497141, 2024-05-11T06:04:57.141Z, 1083.2170512, 706.1989310000001
1715407497156, 2024-05-11T06:04:57.156Z, 1083.6915642, 709.9403894000001
1715407497173, 2024-05-11T06:04:57.173Z, 1085.5205064, 710.6906425999999
1715407497193, 2024-05-11T06:04:57.193Z, 1086.4472318, 708.9125364
1715407497206, 2024-05-11T06:04:57.206Z, 1087.0869214, 701.4411496
1715407497222, 2024-05-11T06:04:57.222Z, 1090.7074356, 696.0603914000001
1715407497237, 2024-05-11T06:04:57.237Z, 1095.5064161999999, 695.711301
1715407497253, 2024-05-11T06:04:57.253Z, 1102.2310948, 703.4379054
1715407497269, 2024-05-11T06:04:57.269Z, 1108.189518, 711.1022995999999
1715407497284, 2024-05-11T06:04:57.284Z, 1114.9109878, 714.040889
1715407497300, 2024-05-11T06:04:57.300Z, 1120.484517, 717.7801108
1715407497315, 2024-05-11T06:04:57.315Z, 1126.9203998, 718.2324839999999
1715407497362, 2024-05-11T06:04:57.362Z, 1135.8107613999998, 717.7347391999999
1715407497378, 2024-05-11T06:04:57.378Z, 1166.7163632, 738.6241517999999
1715407497393, 2024-05-11T06:04:57.393Z, 1220.8133212, 773.4888352
1715407497408, 2024-05-11T06:04:57.408Z, 1277.6304882, 807.5908352
1715407497424, 2024-05-11T06:04:57.424Z, 1336.5459376000001, 840.1710764000002
1715407497440, 2024-05-11T06:04:57.440Z, 1395.4369166000001, 867.6373636000001
1715407497456, 2024-05-11T06:04:57.456Z, 1435.5366048, 875.4143008000001
1715407497472, 2024-05-11T06:04:57.472Z, 1453.7517635999998, 872.2767529999999
1715407497493, 2024-05-11T06:04:57.493Z, 1470.4074214, 871.0139888
1715407497511, 2024-05-11T06:04:57.511Z, 1481.3304208, 871.0911356
1715407497522, 2024-05-11T06:04:57.522Z, 1482.5503635999999, 871.0855634
1715407497536, 2024-05-11T06:04:57.536Z, 1481.7392799999998, 871.6002177999999
1715407497551, 2024-05-11T06:04:57.551Z, 1479.638638, 871.066368
1715407497566, 2024-05-11T06:04:57.566Z, 1475.5180124, 871.0528996
1715407497583, 2024-05-11T06:04:57.583Z, 1473.9175436, 871.908792
1715407497599, 2024-05-11T06:04:57.599Z, 1473.7155264, 874.6988186000001
1715407497614, 2024-05-11T06:04:57.614Z, 1471.5234788000002, 877.1362267999999
1715407497643, 2024-05-11T06:04:57.643Z, 1468.3912052, 881.8620188000001
1715407497657, 2024-05-11T06:04:57.657Z, 1464.5051238, 884.9306561999999
1715407497672, 2024-05-11T06:04:57.672Z, 1457.4976956000003, 884.8138911999998
1715407497687, 2024-05-11T06:04:57.687Z, 1451.4587158, 885.7851922000002
1715407497702, 2024-05-11T06:04:57.702Z, 1445.6619500000002, 889.1109766000002
1715407497717, 2024-05-11T06:04:57.717Z, 1441.2551152, 891.7845732
1715407497732, 2024-05-11T06:04:57.732Z, 1439.0998572, 894.1994870000001
1715407497746, 2024-05-11T06:04:57.746Z, 1439.2576598, 898.3646466
1715407497762, 2024-05-11T06:04:57.762Z, 1439.5944508, 899.840383
1715407497792, 2024-05-11T06:04:57.792Z, 1440.5691538, 899.6055624
1715407497807, 2024-05-11T06:04:57.807Z, 1442.0347328, 898.9397101999999