1715407861563, 2024-05-11T06:11:01.563Z, 185.830182, 339.422174
1715407861578, 2024-05-11T06:11:01.578Z, 181.84459900000002, 339.924645
1715407861594, 2024-05-11T06:11:01.594Z, 179.99975100000003, 336.58181033333335
1715407861609, 2024-05-11T06:11:01.609Z, 182.5251035, 343.9927685
1715407861625, 2024-05-11T06:11:01.625Z, 182.7744498, 345.96778340000003
1715407861640, 2024-05-11T06:11:01.640Z, 182.65966300000002, 349.9554396
1715407861656, 2024-05-11T06:11:01.656Z, 193.3286566, 362.4053872
1715407861682, 2024-05-11T06:11:01.682Z, 201.8587294, 381.3726404
1715407861695, 2024-05-11T06:11:01.695Z, 207.87835020000003, 391.5188394
1715407861715, 2024-05-11T06:11:01.715Z, 214.7126834, 405.7242238
1715407861734, 2024-05-11T06:11:01.734Z, 221.67241559999997, 420.5276428
1715407861749, 2024-05-11T06:11:01.749Z, 221.02200539999998, 426.820989
1715407861765, 2024-05-11T06:11:01.765Z, 220.318487, 423.3572456
1715407861782, 2024-05-11T06:11:01.782Z, 219.83681079999997, 423.00862440000003
1715407861797, 2024-05-11T06:11:01.797Z, 219.491381, 420.7730928
1715407861812, 2024-05-11T06:11:01.812Z, 218.813528, 416.0027864
1715407861831, 2024-05-11T06:11:01.831Z, 214.6476664, 410.131416
1715407861845, 2024-05-11T06:11:01.845Z, 211.9720636, 410.216039
1715407861864, 2024-05-11T06:11:01.864Z, 209.99878679999998, 412.15908659999997
1715407861875, 2024-05-11T06:11:01.875Z, 206.8945326, 412.03219500000006
1715407861890, 2024-05-11T06:11:01.890Z, 204.3276684, 411.911521
1715407861905, 2024-05-11T06:11:01.905Z, 203.4020632, 413.02010600000006
1715407861921, 2024-05-11T06:11:01.921Z, 204.761753, 414.69358299999993
1715407861937, 2024-05-11T06:11:01.937Z, 205.0080966, 413.0253304
1715407861953, 2024-05-11T06:11:01.953Z, 205.03105820000002, 411.3364652
1715407861982, 2024-05-11T06:11:01.982Z, 204.16851319999998, 412.33587239999997
1715407861995, 2024-05-11T06:11:01.995Z, 203.0366052, 417.42927039999995
1715407862010, 2024-05-11T06:11:02.010Z, 193.90644939999999, 428.10572520000005
1715407862025, 2024-05-11T06:11:02.025Z, 181.3455204, 438.6438988
1715407862041, 2024-05-11T06:11:02.041Z, 167.4668412, 451.01096979999994
1715407862055, 2024-05-11T06:11:02.055Z, 152.68438300000003, 462.93329400000005
1715407862070, 2024-05-11T06:11:02.070Z, 139.0001566, 470.7185751999999
1715407862085, 2024-05-11T06:11:02.085Z, 132.7236448, 473.81005100000004
1715407862100, 2024-05-11T06:11:02.100Z, 130.33685359999998, 479.2686726
1715407862132, 2024-05-11T06:11:02.132Z, 128.3620094, 479.7789692
1715407862146, 2024-05-11T06:11:02.146Z, 127.3973246, 479.0394394
1715407862160, 2024-05-11T06:11:02.160Z, 125.9547224, 477.9518814
1715407862175, 2024-05-11T06:11:02.175Z, 125.8206496, 477.82480240000007
1715407862190, 2024-05-11T06:11:02.190Z, 125.15563660000001, 474.706656
1715407862210, 2024-05-11T06:11:02.210Z, 124.6075664, 476.36562840000005
1715407862224, 2024-05-11T06:11:02.224Z, 124.15161800000001, 477.94991659999994
1715407862240, 2024-05-11T06:11:02.240Z, 123.9618146, 479.61531720000005
1715407862254, 2024-05-11T06:11:02.254Z, 122.63569499999998, 476.8934366
1715407862285, 2024-05-11T06:11:02.285Z, 122.6289032, 472.612669
1715407862297, 2024-05-11T06:11:02.297Z, 127.5401218, 468.08158679999997
1715407862312, 2024-05-11T06:11:02.312Z, 131.24472960000003, 464.1045714
1715407862328, 2024-05-11T06:11:02.328Z, 138.88978060000002, 470.8556814
1715407862343, 2024-05-11T06:11:02.343Z, 144.9876386, 477.1437994
1715407862358, 2024-05-11T06:11:02.358Z, 149.60533579999998, 483.12351440000003
1715407862374, 2024-05-11T06:11:02.374Z, 150.2911432, 489.75036120000004
1715407862390, 2024-05-11T06:11:02.390Z, 152.395297, 496.4545442
1715407862406, 2024-05-11T06:11:02.406Z, 151.574195, 488.99594559999997
1715407862431, 2024-05-11T06:11:02.431Z, 149.922977, 485.5330488000001
1715407862445, 2024-05-11T06:11:02.445Z, 148.384872, 484.7945146
1715407862460, 2024-05-11T06:11:02.460Z, 148.9310954, 484.11348080000005
1715407862476, 2024-05-11T06:11:02.476Z, 150.14667179999998, 482.9943336
1715407862490, 2024-05-11T06:11:02.490Z, 150.7963216, 491.46851480000004
1715407862505, 2024-05-11T06:11:02.505Z, 152.66826680000003, 497.73068539999997
1715407862520, 2024-05-11T06:11:02.520Z, 152.0899592, 503.4491228
1715407862535, 2024-05-11T06:11:02.535Z, 151.8397958, 510.041784
1715407862550, 2024-05-11T06:11:02.550Z, 152.3104556, 519.1198458
1715407862586, 2024-05-11T06:11:02.586Z, 148.47914859999997, 522.0570754
1715407862599, 2024-05-11T06:11:02.599Z, 145.49190059999998, 526.0739334000001
1715407862612, 2024-05-11T06:11:02.612Z, 144.3796782, 531.3074690000001
1715407862625, 2024-05-11T06:11:02.625Z, 142.8576536, 537.3407134
1715407862640, 2024-05-11T06:11:02.640Z, 141.6258232, 539.560904
1715407862655, 2024-05-11T06:11:02.655Z, 144.0786354, 539.652147
1715407862675, 2024-05-11T06:11:02.675Z, 146.94457400000002, 541.5517728
1715407862687, 2024-05-11T06:11:02.687Z, 150.145433, 541.5753864000001
1715407862703, 2024-05-11T06:11:02.703Z, 153.5487294, 534.9552684
1715407862731, 2024-05-11T06:11:02.731Z, 155.4166216, 527.6976087999999
1715407862746, 2024-05-11T06:11:02.746Z, 157.9920072, 520.036292
1715407862775, 2024-05-11T06:11:02.775Z, 161.65630800000002, 504.13811599999997
1715407862795, 2024-05-11T06:11:02.795Z, 167.3969498, 489.8589024
1715407862805, 2024-05-11T06:11:02.805Z, 173.948652, 481.1273316
1715407862820, 2024-05-11T06:11:02.820Z, 182.910338, 468.7292454
1715407862835, 2024-05-11T06:11:02.835Z, 190.9992928, 457.6588216
1715407862850, 2024-05-11T06:11:02.850Z, 197.57314639999998, 450.75078679999996
1715407862882, 2024-05-11T06:11:02.882Z, 204.053687, 444.180571
1715407862896, 2024-05-11T06:11:02.896Z, 209.07674839999999, 437.91260839999995
1715407862915, 2024-05-11T06:11:02.915Z, 211.62703219999997, 438.75025760000005
1715407862940, 2024-05-11T06:11:02.940Z, 222.8150374, 460.688186
1715407862956, 2024-05-11T06:11:02.956Z, 232.9781308, 482.30836639999995
1715407862971, 2024-05-11T06:11:02.971Z, 238.38205039999997, 498.110242
1715407862987, 2024-05-11T06:11:02.987Z, 243.20595820000003, 512.2986708000001
1715407863003, 2024-05-11T06:11:03.003Z, 248.91577539999997, 526.4742749999999
1715407863031, 2024-05-11T06:11:03.031Z, 246.39824520000002, 524.2261306
1715407863045, 2024-05-11T06:11:03.045Z, 245.44260480000003, 527.7330318
1715407863060, 2024-05-11T06:11:03.060Z, 246.6464556, 533.9699870000001
1715407863075, 2024-05-11T06:11:03.075Z, 248.54481099999998, 541.0796743999999
1715407863105, 2024-05-11T06:11:03.105Z, 248.87629900000002, 542.0810636
1715407863120, 2024-05-11T06:11:03.120Z, 244.91848919999998, 539.4345968
1715407863135, 2024-05-11T06:11:03.135Z, 240.73210279999998, 536.5579368000001
1715407863155, 2024-05-11T06:11:03.155Z, 237.06364719999996, 537.9323612000001
1715407863187, 2024-05-11T06:11:03.187Z, 229.9071022, 537.0841318
1715407863199, 2024-05-11T06:11:03.199Z, 222.6564964, 541.1976626000001
1715407863214, 2024-05-11T06:11:03.214Z, 219.158506, 545.0949152000001
1715407863229, 2024-05-11T06:11:03.229Z, 214.20963159999997, 547.9562450000001
1715407863244, 2024-05-11T06:11:03.244Z, 210.42388739999996, 551.9280998
1715407863270, 2024-05-11T06:11:03.270Z, 209.3319234, 557.6911022
1715407863285, 2024-05-11T06:11:03.285Z, 208.4578932, 560.5814
1715407863302, 2024-05-11T06:11:03.302Z, 207.6678532, 563.5361992
1715407863317, 2024-05-11T06:11:03.317Z, 207.2895492, 563.5561454000001
1715407863336, 2024-05-11T06:11:03.336Z, 205.1156046, 556.2743734
1715407863348, 2024-05-11T06:11:03.348Z, 203.6482266, 553.1065242000001
1715407863364, 2024-05-11T06:11:03.364Z, 202.99244500000003, 556.7579838
1715407863380, 2024-05-11T06:11:03.380Z, 203.030179, 560.9564201999999
1715407863396, 2024-05-11T06:11:03.396Z, 203.6477398, 565.3582038000001
1715407863412, 2024-05-11T06:11:03.412Z, 207.01184899999998, 574.192812
1715407863427, 2024-05-11T06:11:03.427Z, 210.3221696, 579.9913349999999
1715407863442, 2024-05-11T06:11:03.442Z, 215.3200916, 580.9565584
1715407863458, 2024-05-11T06:11:03.458Z, 219.24785380000003, 581.3467843999999
1715407863483, 2024-05-11T06:11:03.483Z, 224.1202382, 580.6532594
1715407863496, 2024-05-11T06:11:03.496Z, 228.28316219999996, 576.5248246
1715407863512, 2024-05-11T06:11:03.512Z, 232.51839460000002, 570.0841484
1715407863527, 2024-05-11T06:11:03.527Z, 234.6953938, 566.053458
1715407863542, 2024-05-11T06:11:03.542Z, 232.845737, 556.2020942
1715407863557, 2024-05-11T06:11:03.557Z, 229.98816619999997, 547.1304692
1715407863572, 2024-05-11T06:11:03.572Z, 225.27585019999998, 546.016343
1715407863586, 2024-05-11T06:11:03.586Z, 220.67258279999996, 547.2637308
1715407863604, 2024-05-11T06:11:03.604Z, 216.3068584, 545.2658072
1715407863633, 2024-05-11T06:11:03.633Z, 210.788715, 547.6200936
1715407863647, 2024-05-11T06:11:03.647Z, 203.3211762, 550.8419324
1715407863662, 2024-05-11T06:11:03.662Z, 196.5298308, 548.8008086
1715407863677, 2024-05-11T06:11:03.677Z, 182.673885, 546.5577404
1715407863692, 2024-05-11T06:11:03.692Z, 170.0624278, 545.4381989999999
1715407863708, 2024-05-11T06:11:03.708Z, 157.0326278, 549.974148
1715407863724, 2024-05-11T06:11:03.724Z, 145.6940404, 553.9658599999999
1715407863740, 2024-05-11T06:11:03.740Z, 134.36000099999998, 558.5751748
1715407863756, 2024-05-11T06:11:03.756Z, 130.36393679999998, 563.3588972
1715407863783, 2024-05-11T06:11:03.783Z, 129.8077812, 570.7007962
1715407863797, 2024-05-11T06:11:03.797Z, 134.6353854, 574.3868806
1715407863811, 2024-05-11T06:11:03.811Z, 137.072337, 573.7051564000001
1715407863827, 2024-05-11T06:11:03.827Z, 139.85810340000003, 572.9565374
1715407863842, 2024-05-11T06:11:03.842Z, 141.457131, 569.0368162000001
1715407863856, 2024-05-11T06:11:03.856Z, 134.2988454, 560.3678492
1715407863871, 2024-05-11T06:11:03.871Z, 128.0058428, 551.8709642
1715407863886, 2024-05-11T06:11:03.886Z, 125.03364319999999, 548.1435346
1715407863901, 2024-05-11T06:11:03.901Z, 122.0964788, 544.3066082
1715407863932, 2024-05-11T06:11:03.932Z, 121.03061539999999, 543.6892396000001
1715407863946, 2024-05-11T06:11:03.946Z, 122.01478459999998, 542.2118744
1715407863961, 2024-05-11T06:11:03.961Z, 121.9248996, 539.7148254000001
1715407863977, 2024-05-11T06:11:03.977Z, 122.37120060000002, 541.9312940000001
1715407863991, 2024-05-11T06:11:03.991Z, 121.6542312, 541.5622876
1715407864007, 2024-05-11T06:11:04.007Z, 120.4528666, 541.0314278
1715407864022, 2024-05-11T06:11:04.022Z, 122.90057879999999, 547.5256535999999
1715407864036, 2024-05-11T06:11:04.036Z, 125.82916919999998, 552.8316616
1715407864115, 2024-05-11T06:11:04.115Z, 168.338729, 558.4909875999999
1715407864127, 2024-05-11T06:11:04.127Z, 224.0459812, 566.2571889999999
1715407864159, 2024-05-11T06:11:04.159Z, 324.773386, 570.6400304
1715407864175, 2024-05-11T06:11:04.175Z, 440.3485488, 585.4824258
1715407864191, 2024-05-11T06:11:04.191Z, 551.0686194, 601.077759
1715407864233, 2024-05-11T06:11:04.233Z, 612.0480808, 606.8006726
1715407864246, 2024-05-11T06:11:04.246Z, 659.1499252000001, 601.8306932
1715407864261, 2024-05-11T06:11:04.261Z, 658.8264854, 595.9540902000001
1715407864277, 2024-05-11T06:11:04.277Z, 638.6688388, 575.486886
1715407864291, 2024-05-11T06:11:04.291Z, 625.3763428, 559.5774136
1715407864307, 2024-05-11T06:11:04.307Z, 620.7457219999999, 547.7527597999999
1715407864322, 2024-05-11T06:11:04.322Z, 617.1882889999999, 545.8153902
1715407864337, 2024-05-11T06:11:04.337Z, 614.4202597999999, 549.7173484000001
1715407864355, 2024-05-11T06:11:04.355Z, 614.5463415999999, 552.9019068
1715407864387, 2024-05-11T06:11:04.387Z, 612.3748749999999, 547.7121628
1715407864400, 2024-05-11T06:11:04.400Z, 610.1238672, 544.6443459999999
1715407864415, 2024-05-11T06:11:04.415Z, 608.6722494, 542.5621878
1715407864430, 2024-05-11T06:11:04.430Z, 606.9921612, 532.9607977999999
1715407864455, 2024-05-11T06:11:04.455Z, 603.860132, 527.341652
1715407864469, 2024-05-11T06:11:04.469Z, 602.2623946, 526.5488536
1715407864485, 2024-05-11T06:11:04.485Z, 605.535662, 523.0242996
1715407864500, 2024-05-11T06:11:04.500Z, 616.4283334, 525.5219436
1715407864516, 2024-05-11T06:11:04.516Z, 627.2157806, 529.369525
1715407864533, 2024-05-11T06:11:04.533Z, 641.3116401999999, 528.9785224
1715407864548, 2024-05-11T06:11:04.548Z, 661.0402178, 527.8390208000001
1715407864563, 2024-05-11T06:11:04.563Z, 688.5158206, 526.718571
1715407864579, 2024-05-11T06:11:04.579Z, 710.667488, 523.1061638
1715407864609, 2024-05-11T06:11:04.609Z, 733.3511212, 525.1125176
1715407864624, 2024-05-11T06:11:04.624Z, 752.8733736, 527.507198
1715407864641, 2024-05-11T06:11:04.641Z, 765.858106, 530.8140639999999
1715407864656, 2024-05-11T06:11:04.656Z, 765.4030116, 533.0841657999999
1715407864683, 2024-05-11T06:11:04.683Z, 762.2431584, 531.2002628
1715407864697, 2024-05-11T06:11:04.697Z, 761.3738528, 527.9726033999999
1715407864711, 2024-05-11T06:11:04.711Z, 761.281087, 525.1828092000001
1715407864727, 2024-05-11T06:11:04.727Z, 762.0568375999999, 522.9615064000001
1715407864742, 2024-05-11T06:11:04.742Z, 763.4188145999999, 522.2700306
1715407864757, 2024-05-11T06:11:04.757Z, 765.7780468, 523.7736204
1715407864772, 2024-05-11T06:11:04.772Z, 767.0611764, 525.5021790000001
1715407864787, 2024-05-11T06:11:04.787Z, 769.9378118, 528.753576
1715407864833, 2024-05-11T06:11:04.833Z, 773.1818246, 542.8376259999999
1715407864864, 2024-05-11T06:11:04.864Z, 773.880946, 554.9685528
1715407864876, 2024-05-11T06:11:04.876Z, 668.4466723999999, 549.5320446
1715407864891, 2024-05-11T06:11:04.891Z, 593.1227665999999, 555.2728172
1715407864907, 2024-05-11T06:11:04.907Z, 493.7098822, 552.3916572
1715407864922, 2024-05-11T06:11:04.922Z, 384.21481980000004, 535.2684750000001
1715407864938, 2024-05-11T06:11:04.938Z, 276.5381954, 520.9986661999999
1715407864955, 2024-05-11T06:11:04.955Z, 272.74074179999997, 525.1115162
1715407864982, 2024-05-11T06:11:04.982Z, 246.4039578, 529.2501082000001
1715407864998, 2024-05-11T06:11:04.998Z, 242.68597959999997, 539.5047076000001
1715407865014, 2024-05-11T06:11:05.014Z, 244.09139640000004, 555.6141262
1715407865030, 2024-05-11T06:11:05.030Z, 244.7379136, 571.0376198
1715407865045, 2024-05-11T06:11:05.045Z, 245.71139080000003, 581.950163
1715407865061, 2024-05-11T06:11:05.061Z, 238.75887640000002, 579.6700824000001
1715407865076, 2024-05-11T06:11:05.076Z, 231.34971380000002, 578.6616792000001
1715407865092, 2024-05-11T06:11:05.092Z, 227.2453718, 574.2986567999999
1715407865107, 2024-05-11T06:11:05.107Z, 225.4515716, 569.9416798
1715407865133, 2024-05-11T06:11:05.133Z, 240.318156, 564.8768399999999
1715407865161, 2024-05-11T06:11:05.161Z, 260.0797348, 562.7273809999999
1715407865176, 2024-05-11T06:11:05.176Z, 281.1220798, 559.6659602
1715407865192, 2024-05-11T06:11:05.192Z, 315.321325, 559.3230977999999
1715407865236, 2024-05-11T06:11:05.236Z, 356.6207404, 560.7240514
1715407865299, 2024-05-11T06:11:05.299Z, 401.2687404, 585.5435401999999
1715407865324, 2024-05-11T06:11:05.324Z, 434.5134944, 600.0494120000001
1715407865340, 2024-05-11T06:11:05.340Z, 464.7308996, 605.2090054
1715407865355, 2024-05-11T06:11:05.355Z, 496.3217614, 605.7493791999999
1715407865371, 2024-05-11T06:11:05.371Z, 520.3518604000001, 602.8901232000001
1715407865387, 2024-05-11T06:11:05.387Z, 526.2689434000001, 579.707793
1715407865401, 2024-05-11T06:11:05.401Z, 541.9869678, 564.6947506
1715407865433, 2024-05-11T06:11:05.433Z, 560.0576791999999, 554.2667588
1715407865448, 2024-05-11T06:11:05.448Z, 565.2077601999999, 544.7100066
1715407865463, 2024-05-11T06:11:05.463Z, 568.654228, 535.0735442
1715407865479, 2024-05-11T06:11:05.479Z, 572.8056780000001, 527.7446028
1715407865494, 2024-05-11T06:11:05.494Z, 572.0830210000001, 520.3749522
1715407865509, 2024-05-11T06:11:05.509Z, 570.2082398, 520.1236040000001
1715407865525, 2024-05-11T06:11:05.525Z, 568.3821232000001, 521.2243752
1715407865541, 2024-05-11T06:11:05.541Z, 569.2137992, 524.1407848000001
1715407865556, 2024-05-11T06:11:05.556Z, 569.0543003999999, 524.6521046
1715407865582, 2024-05-11T06:11:05.582Z, 574.3847958, 529.4744704
1715407865597, 2024-05-11T06:11:05.597Z, 582.9483462000001, 535.6217642
1715407865612, 2024-05-11T06:11:05.612Z, 591.6234400000001, 544.729014
1715407865627, 2024-05-11T06:11:05.627Z, 600.6986488, 554.1273478
1715407865642, 2024-05-11T06:11:05.642Z, 609.36612, 565.1734598
1715407865675, 2024-05-11T06:11:05.675Z, 604.8719791999999, 570.8783764
1715407865694, 2024-05-11T06:11:05.694Z, 594.4304629999999, 572.824197
1715407865710, 2024-05-11T06:11:05.710Z, 580.183914, 574.3279762
1715407865732, 2024-05-11T06:11:05.732Z, 564.1619877999999, 573.3224835999999
1715407865746, 2024-05-11T06:11:05.746Z, 546.2543917999999, 572.043865
1715407865761, 2024-05-11T06:11:05.761Z, 536.3103395999999, 571.4057575999999
1715407865777, 2024-05-11T06:11:05.777Z, 528.9691267999999, 571.412858
1715407865792, 2024-05-11T06:11:05.792Z, 523.768568, 569.5086479999999
1715407865807, 2024-05-11T06:11:05.807Z, 518.427854, 569.543033
1715407865825, 2024-05-11T06:11:05.825Z, 514.6703656, 568.3922606
1715407865839, 2024-05-11T06:11:05.839Z, 512.2974366, 569.2933554
1715407865852, 2024-05-11T06:11:05.852Z, 510.7436318, 570.7233702
1715407865886, 2024-05-11T06:11:05.886Z, 511.1327488, 572.8927937999999
1715407865897, 2024-05-11T06:11:05.897Z, 514.9099552, 576.0586196
1715407865912, 2024-05-11T06:11:05.912Z, 521.6244475999999, 575.5704344
1715407865926, 2024-05-11T06:11:05.926Z, 525.771067, 573.694925
1715407865942, 2024-05-11T06:11:05.942Z, 525.7346886, 565.9214694
1715407865958, 2024-05-11T06:11:05.958Z, 513.7604137999999, 553.0448739999999
1715407865974, 2024-05-11T06:11:05.974Z, 497.205674, 539.4205756
1715407865989, 2024-05-11T06:11:05.989Z, 477.9079346, 530.7256596000001
1715407866004, 2024-05-11T06:11:06.004Z, 458.8369787999999, 522.1578606
1715407866033, 2024-05-11T06:11:06.033Z, 445.17857939999993, 522.125015
1715407866047, 2024-05-11T06:11:06.047Z, 439.7263824, 525.8136362
1715407866061, 2024-05-11T06:11:06.061Z, 436.1971984, 529.4271392
1715407866076, 2024-05-11T06:11:06.076Z, 433.04442259999996, 533.2763746
1715407866091, 2024-05-11T06:11:06.091Z, 431.1059308, 537.7419947999999
1715407866107, 2024-05-11T06:11:06.107Z, 428.1536488, 540.9442212
1715407866125, 2024-05-11T06:11:06.125Z, 426.09983059999996, 544.973315
1715407866137, 2024-05-11T06:11:06.137Z, 424.7525922, 548.0209126000001
1715407866154, 2024-05-11T06:11:06.154Z, 423.78275640000004, 549.0310968000001
1715407866183, 2024-05-11T06:11:06.183Z, 422.96023560000003, 546.0286096
1715407866200, 2024-05-11T06:11:06.200Z, 421.70802380000003, 540.559371
1715407866215, 2024-05-11T06:11:06.215Z, 422.5600780000001, 526.9022792
1715407866230, 2024-05-11T06:11:06.230Z, 422.47486200000003, 514.6908206
1715407866242, 2024-05-11T06:11:06.242Z, 425.51011120000004, 510.355324
1715407866257, 2024-05-11T06:11:06.257Z, 433.5231336, 513.2126242
1715407866272, 2024-05-11T06:11:06.272Z, 443.11871980000006, 515.9709703999999
1715407866287, 2024-05-11T06:11:06.287Z, 452.33107259999997, 527.0214368
1715407866302, 2024-05-11T06:11:06.302Z, 466.98133420000005, 539.8767713999999
1715407866333, 2024-05-11T06:11:06.333Z, 486.8275538, 545.9111988000001
1715407866348, 2024-05-11T06:11:06.348Z, 503.28603860000004, 548.4542147999999
1715407866364, 2024-05-11T06:11:06.364Z, 517.1058924000001, 547.654183
1715407866380, 2024-05-11T06:11:06.380Z, 528.8299032000001, 545.1570448
1715407866396, 2024-05-11T06:11:06.396Z, 535.5517980000002, 541.5548226000001
1715407866412, 2024-05-11T06:11:06.412Z, 534.2274644, 536.6714706
1715407866427, 2024-05-11T06:11:06.427Z, 541.0223434, 536.8896608
1715407866441, 2024-05-11T06:11:06.441Z, 550.6116801999999, 541.3820864
1715407866457, 2024-05-11T06:11:06.457Z, 561.9341296, 546.6240234
1715407866483, 2024-05-11T06:11:06.483Z, 574.9333338, 552.2302342
1715407866497, 2024-05-11T06:11:06.497Z, 587.7569308, 559.180504
1715407866512, 2024-05-11T06:11:06.512Z, 590.5511222000001, 557.519012
1715407866528, 2024-05-11T06:11:06.528Z, 593.6875448, 559.4501528
1715407866542, 2024-05-11T06:11:06.542Z, 593.4097656, 558.8730374
1715407866557, 2024-05-11T06:11:06.557Z, 589.4596414, 555.1997396
1715407866572, 2024-05-11T06:11:06.572Z, 586.6926634, 551.7082104
1715407866587, 2024-05-11T06:11:06.587Z, 585.1507308, 550.7876374
1715407866602, 2024-05-11T06:11:06.602Z, 592.1139378, 548.9521868
1715407866633, 2024-05-11T06:11:06.633Z, 608.4903878, 549.4788866
1715407866647, 2024-05-11T06:11:06.647Z, 624.3604326000001, 545.1431359999999
1715407866661, 2024-05-11T06:11:06.661Z, 639.2716865999998, 538.8108593999999
1715407866677, 2024-05-11T06:11:06.677Z, 655.701777, 532.3048388
1715407866692, 2024-05-11T06:11:06.692Z, 662.7379954, 523.045511
1715407866708, 2024-05-11T06:11:06.708Z, 662.9369662, 514.9558258
1715407866724, 2024-05-11T06:11:06.724Z, 667.9214018, 515.6900545999999
1715407866739, 2024-05-11T06:11:06.739Z, 671.4113302, 519.7394434
1715407866755, 2024-05-11T06:11:06.755Z, 675.0329312000001, 525.0861526000001
1715407866787, 2024-05-11T06:11:06.787Z, 675.7145161999999, 534.828424
1715407866801, 2024-05-11T06:11:06.801Z, 676.4604304, 537.6459808
1715407866817, 2024-05-11T06:11:06.817Z, 676.2921444, 541.0547534
1715407866832, 2024-05-11T06:11:06.832Z, 678.4287158, 539.1937024
1715407866848, 2024-05-11T06:11:06.848Z, 677.9394331999999, 539.4030353999999
1715407866864, 2024-05-11T06:11:06.864Z, 680.127874, 535.4003742000001
1715407866879, 2024-05-11T06:11:06.879Z, 681.7176018, 536.2341303999999
1715407866894, 2024-05-11T06:11:06.894Z, 681.0350712, 533.7599292
1715407866910, 2024-05-11T06:11:06.910Z, 676.8608109999999, 534.9941956
1715407866932, 2024-05-11T06:11:06.932Z, 673.8205198, 533.7570686
1715407866950, 2024-05-11T06:11:06.950Z, 680.5779914000001, 530.6349976
1715407866961, 2024-05-11T06:11:06.961Z, 696.9583220000001, 527.7749662
1715407866976, 2024-05-11T06:11:06.976Z, 761.8840624000001, 519.8512446
1715407866992, 2024-05-11T06:11:06.992Z, 854.3490114, 505.18275779999993
1715407867009, 2024-05-11T06:11:07.009Z, 949.8365647999999, 490.2488598
1715407867025, 2024-05-11T06:11:07.025Z, 1039.2593552, 476.68492260000005
1715407867037, 2024-05-11T06:11:07.037Z, 1119.0076254, 465.17281540000005
1715407867051, 2024-05-11T06:11:07.051Z, 1156.6730676, 464.255066
1715407867085, 2024-05-11T06:11:07.085Z, 1167.9200074000003, 465.0387712
1715407867112, 2024-05-11T06:11:07.112Z, 1176.169353, 464.57546299999996
1715407867127, 2024-05-11T06:11:07.127Z, 1180.1190074, 462.60434539999994
1715407867143, 2024-05-11T06:11:07.143Z, 1185.2334134, 458.37387580000006
1715407867159, 2024-05-11T06:11:07.159Z, 1184.3043708, 449.1727948000001
1715407867175, 2024-05-11T06:11:07.175Z, 1183.9050482, 444.81758219999995
1715407867191, 2024-05-11T06:11:07.191Z, 1179.4743954, 441.314501
1715407867206, 2024-05-11T06:11:07.206Z, 1175.0669078, 441.00904120000007
1715407867232, 2024-05-11T06:11:07.232Z, 1169.0469664, 439.0747402
1715407867247, 2024-05-11T06:11:07.247Z, 1160.2492094, 431.9959855999999
1715407867262, 2024-05-11T06:11:07.262Z, 1151.5765614, 424.1551549999999
1715407867276, 2024-05-11T06:11:07.276Z, 1146.8445034, 417.4239632
1715407867292, 2024-05-11T06:11:07.292Z, 1141.6707092000001, 407.4627832
1715407867307, 2024-05-11T06:11:07.307Z, 1137.1693096000001, 400.32914519999997
1715407867321, 2024-05-11T06:11:07.321Z, 1134.6699906, 396.6051938
1715407867336, 2024-05-11T06:11:07.336Z, 1130.7176182, 396.2088422
1715407867352, 2024-05-11T06:11:07.352Z, 1125.3579224, 398.4556718
1715407867382, 2024-05-11T06:11:07.382Z, 1121.1047512, 404.6543184
1715407867400, 2024-05-11T06:11:07.400Z, 1118.143742, 409.3902084
1715407867415, 2024-05-11T06:11:07.415Z, 1118.0811316, 412.7026954
1715407867427, 2024-05-11T06:11:07.427Z, 1119.5630907999998, 412.64234160000007
1715407867442, 2024-05-11T06:11:07.442Z, 1121.2120071999998, 409.080498
1715407867457, 2024-05-11T06:11:07.457Z, 1121.8113007999998, 402.65909939999995
1715407867472, 2024-05-11T06:11:07.472Z, 1122.2554958, 397.4488446
1715407867487, 2024-05-11T06:11:07.487Z, 1119.4668702, 396.44544899999994
1715407867502, 2024-05-11T06:11:07.502Z, 1117.0565856, 395.40411159999996
1715407867533, 2024-05-11T06:11:07.533Z, 1116.2809928000001, 393.00172000000003
1715407867549, 2024-05-11T06:11:07.549Z, 1115.7033088, 392.58923060000006
1715407867564, 2024-05-11T06:11:07.564Z, 1113.0173988000001, 393.838957
1715407867580, 2024-05-11T06:11:07.580Z, 1111.6009626, 395.3483332
1715407867596, 2024-05-11T06:11:07.596Z, 1110.4399198, 397.8097446
1715407867611, 2024-05-11T06:11:07.611Z, 1111.4710456, 403.99031279999997
1715407867627, 2024-05-11T06:11:07.627Z, 1114.323146, 408.2169224
1715407867642, 2024-05-11T06:11:07.642Z, 1120.1533414, 409.93458660000005
1715407867657, 2024-05-11T06:11:07.657Z, 1127.1288206000002, 408.4892652
1715407867682, 2024-05-11T06:11:07.682Z, 1139.1710879999998, 397.79737839999996
1715407867696, 2024-05-11T06:11:07.696Z, 1147.517043, 378.4166172
1715407867711, 2024-05-11T06:11:07.711Z, 1155.43244, 357.9942548
1715407867725, 2024-05-11T06:11:07.725Z, 1163.321681, 338.6902607999999
1715407867740, 2024-05-11T06:11:07.740Z, 1171.045757, 320.57736719999997
1715407867755, 2024-05-11T06:11:07.755Z, 1172.3728022, 311.5610636
1715407867770, 2024-05-11T06:11:07.770Z, 1173.8457922000002, 309.34418380000005
1715407867785, 2024-05-11T06:11:07.785Z, 1174.4120112, 305.73595680000005
1715407867805, 2024-05-11T06:11:07.805Z, 1173.1157726000001, 301.01448220000003
1715407867834, 2024-05-11T06:11:07.834Z, 1171.4942212, 297.3684452
1715407867847, 2024-05-11T06:11:07.847Z, 1168.7030031999998, 297.87506679999996
1715407867861, 2024-05-11T06:11:07.861Z, 1164.5177352, 301.9584034
1715407867875, 2024-05-11T06:11:07.875Z, 1162.2170237999999, 307.415928
1715407867891, 2024-05-11T06:11:07.891Z, 1161.1365748, 315.61095639999996
1715407867906, 2024-05-11T06:11:07.906Z, 1158.587959, 324.7406476
1715407867922, 2024-05-11T06:11:07.922Z, 1161.0569312, 326.0753328
1715407867938, 2024-05-11T06:11:07.938Z, 1177.731079, 318.912795
1715407867954, 2024-05-11T06:11:07.954Z, 1200.4830956, 311.2507994
1715407867983, 2024-05-11T06:11:07.983Z, 1238.1831834, 294.5725602
1715407867995, 2024-05-11T06:11:07.995Z, 1273.0304108, 278.27538519999996
1715407868010, 2024-05-11T06:11:08.010Z, 1317.2062386, 258.1447828
1715407868025, 2024-05-11T06:11:08.026Z, 1347.460912, 243.49867899999998
1715407868040, 2024-05-11T06:11:08.040Z, 1369.6584056, 231.7078818
1715407868055, 2024-05-11T06:11:08.055Z, 1376.2836828, 227.8844502
1715407868075, 2024-05-11T06:11:08.075Z, 1387.0591995999998, 221.5346176
1715407868094, 2024-05-11T06:11:08.094Z, 1388.3481356000002, 220.5998548
1715407868110, 2024-05-11T06:11:08.110Z, 1391.9685590000001, 217.8230342
1715407868131, 2024-05-11T06:11:08.131Z, 1395.7052632, 215.495251
1715407868145, 2024-05-11T06:11:08.145Z, 1399.6961364, 212.39524179999998
1715407868165, 2024-05-11T06:11:08.165Z, 1401.1900922000002, 210.2659378
1715407868175, 2024-05-11T06:11:08.175Z, 1399.1060972, 209.8787742
1715407868190, 2024-05-11T06:11:08.190Z, 1396.2053575999998, 211.82691919999996
1715407868206, 2024-05-11T06:11:08.206Z, 1392.997434, 213.47087300000004
1715407868220, 2024-05-11T06:11:08.220Z, 1390.6009972, 213.3555996
1715407868236, 2024-05-11T06:11:08.236Z, 1390.3952552, 212.00616159999998
1715407868252, 2024-05-11T06:11:08.252Z, 1389.6706173999999, 209.4696736
1715407868281, 2024-05-11T06:11:08.281Z, 1389.1202079999998, 206.5049368
1715407868296, 2024-05-11T06:11:08.296Z, 1371.0236837999998, 209.971248
1715407868310, 2024-05-11T06:11:08.310Z, 1345.8208388, 217.6203496
1715407868326, 2024-05-11T06:11:08.326Z, 1308.5558072, 216.49552699999998
1715407868341, 2024-05-11T06:11:08.341Z, 1278.1381852, 215.652425
1715407868370, 2024-05-11T06:11:08.370Z, 1246.8983469999998, 213.34791059999998
1715407868385, 2024-05-11T06:11:08.385Z, 1230.4199528000001, 204.09797759999998
1715407868400, 2024-05-11T06:11:08.400Z, 1204.5879234, 198.70717919999998
1715407868436, 2024-05-11T06:11:08.436Z, 1191.7692784000003, 198.7224158
1715407868460, 2024-05-11T06:11:08.460Z, 1167.206059, 199.1791758
1715407868475, 2024-05-11T06:11:08.475Z, 1134.5994058, 203.607355
1715407868490, 2024-05-11T06:11:08.490Z, 1105.4803373999998, 208.35148320000002
1715407868509, 2024-05-11T06:11:08.509Z, 1094.2690614000003, 206.55788080000002
1715407868520, 2024-05-11T06:11:08.520Z, 1090.6468742000002, 201.1185144
1715407868535, 2024-05-11T06:11:08.535Z, 1095.080189, 197.8351538
1715407868554, 2024-05-11T06:11:08.554Z, 1110.5825476, 191.7658032
1715407868586, 2024-05-11T06:11:08.586Z, 1130.0809894000001, 185.0500756
1715407868596, 2024-05-11T06:11:08.596Z, 1146.7767808, 177.3086706
1715407868612, 2024-05-11T06:11:08.612Z, 1158.0439544, 174.20948120000003
1715407868627, 2024-05-11T06:11:08.627Z, 1167.7506804, 168.733547
1715407868643, 2024-05-11T06:11:08.643Z, 1174.079078, 164.200867
1715407868658, 2024-05-11T06:11:08.658Z, 1176.315944, 159.8458154
1715407868673, 2024-05-11T06:11:08.673Z, 1177.2754352, 157.38589000000002
1715407868689, 2024-05-11T06:11:08.689Z, 1173.0908092000002, 158.3331412
1715407868704, 2024-05-11T06:11:08.704Z, 1165.4484788000002, 160.4933448
1715407868732, 2024-05-11T06:11:08.732Z, 1162.4692994000002, 163.6219896
1715407868746, 2024-05-11T06:11:08.746Z, 1158.9768874, 166.69450260000002
1715407868760, 2024-05-11T06:11:08.760Z, 1157.8711772, 169.43507300000002
1715407868775, 2024-05-11T06:11:08.775Z, 1155.1127804, 171.09189380000004
1715407868795, 2024-05-11T06:11:08.795Z, 1154.7589132, 171.1030198
1715407868814, 2024-05-11T06:11:08.814Z, 1150.7945858, 163.66782439999997
1715407868829, 2024-05-11T06:11:08.829Z, 1147.207665, 156.0244578
1715407868846, 2024-05-11T06:11:08.846Z, 1142.3524068, 149.8613882
1715407868861, 2024-05-11T06:11:08.861Z, 1138.9658081999999, 148.9418108
1715407868881, 2024-05-11T06:11:08.881Z, 1134.6872612, 150.72771699999998
1715407868895, 2024-05-11T06:11:08.895Z, 1130.3602054, 157.534805
1715407868914, 2024-05-11T06:11:08.914Z, 1126.5071916, 164.3015104
1715407868925, 2024-05-11T06:11:08.925Z, 1123.61363, 169.46960339999998
1715407868940, 2024-05-11T06:11:08.940Z, 1121.4098900000001, 170.1867328
1715407868956, 2024-05-11T06:11:08.956Z, 1119.2765596000002, 169.1876044
1715407868972, 2024-05-11T06:11:08.972Z, 1118.055622, 169.056388
1715407868988, 2024-05-11T06:11:08.988Z, 1115.3632238000002, 168.4736118
1715407869003, 2024-05-11T06:11:09.003Z, 1112.18871, 167.43896379999998
1715407869031, 2024-05-11T06:11:09.031Z, 1110.4142583999999, 166.3699008
1715407869045, 2024-05-11T06:11:09.045Z, 1111.6905762000001, 163.10367179999997
1715407869060, 2024-05-11T06:11:09.060Z, 1112.0355418, 160.5832538
1715407869090, 2024-05-11T06:11:09.090Z, 1115.3413156000001, 161.7543708
1715407869106, 2024-05-11T06:11:09.106Z, 1117.7895106, 160.33610819999998
1715407869120, 2024-05-11T06:11:09.120Z, 1120.0162036000002, 158.8730764
1715407869135, 2024-05-11T06:11:09.135Z, 1120.7217698000002, 159.7683734
1715407869150, 2024-05-11T06:11:09.150Z, 1122.024981, 160.2397506
1715407869181, 2024-05-11T06:11:09.181Z, 1121.5301632, 155.0859168
1715407869195, 2024-05-11T06:11:09.195Z, 1121.3964056, 152.7475492
1715407869210, 2024-05-11T06:11:09.210Z, 1121.4936696, 150.4678088
1715407869226, 2024-05-11T06:11:09.226Z, 1122.3973792000002, 147.23798019999998
1715407869240, 2024-05-11T06:11:09.240Z, 1123.1404515999998, 143.9136998
1715407869260, 2024-05-11T06:11:09.260Z, 1124.0990608, 142.981482
1715407869270, 2024-05-11T06:11:09.270Z, 1122.4195104, 149.2588508
1715407869286, 2024-05-11T06:11:09.286Z, 1119.2277259999998, 158.3434446
1715407869304, 2024-05-11T06:11:09.304Z, 1114.7418322, 168.4473882
1715407869337, 2024-05-11T06:11:09.337Z, 1110.4903633999998, 176.5774736
1715407869346, 2024-05-11T06:11:09.346Z, 1106.3798093999999, 183.9891032
1715407869360, 2024-05-11T06:11:09.360Z, 1106.121466, 184.26671660000002
1715407869376, 2024-05-11T06:11:09.376Z, 1108.9123868000001, 185.6426996
1715407869392, 2024-05-11T06:11:09.392Z, 1112.1371734, 187.4287904
1715407869407, 2024-05-11T06:11:09.407Z, 1113.980131, 188.6545392
1715407869423, 2024-05-11T06:11:09.423Z, 1115.786867, 190.7766682
1715407869438, 2024-05-11T06:11:09.438Z, 1116.3435866, 192.0170056
1715407869454, 2024-05-11T06:11:09.454Z, 1115.4430337999997, 189.12109900000002
1715407869481, 2024-05-11T06:11:09.481Z, 1115.0199552, 183.56025979999998
1715407869495, 2024-05-11T06:11:09.495Z, 1114.6413238, 181.0475324
1715407869510, 2024-05-11T06:11:09.510Z, 1114.553565, 179.03900299999998
1715407869531, 2024-05-11T06:11:09.531Z, 1114.3281798, 178.48508339999998
1715407869547, 2024-05-11T06:11:09.547Z, 1113.1326254, 177.0714018
1715407869562, 2024-05-11T06:11:09.562Z, 1111.8591464, 177.50725219999998
1715407869578, 2024-05-11T06:11:09.578Z, 1111.0175238000002, 177.2019278
1715407869593, 2024-05-11T06:11:09.593Z, 1109.0407206, 176.200894
1715407869608, 2024-05-11T06:11:09.608Z, 1110.2817056, 174.8617214
1715407869631, 2024-05-11T06:11:09.631Z, 1196.7024788, 198.114064
1715407869645, 2024-05-11T06:11:09.645Z, 1275.1656770000002, 219.5188822
1715407869660, 2024-05-11T06:11:09.660Z, 1345.5472556, 237.9828514
1715407869690, 2024-05-11T06:11:09.690Z, 1435.8728702, 264.4101874
1715407869710, 2024-05-11T06:11:09.710Z, 1522.176187, 289.81007
1715407869720, 2024-05-11T06:11:09.720Z, 1518.0524814, 291.96481719999997
1715407869735, 2024-05-11T06:11:09.735Z, 1524.3096974, 302.7350208
1715407869750, 2024-05-11T06:11:09.750Z, 1541.8403306, 320.30614699999995
1715407869781, 2024-05-11T06:11:09.781Z, 1547.2644068, 324.68641859999997
1715407869796, 2024-05-11T06:11:09.796Z, 1555.9158444, 329.966315
1715407869811, 2024-05-11T06:11:09.811Z, 1568.882342, 336.4820002
1715407869827, 2024-05-11T06:11:09.827Z, 1590.4918819999998, 334.7160924
1715407869843, 2024-05-11T06:11:09.843Z, 1618.9216430000001, 331.599989
1715407869858, 2024-05-11T06:11:09.858Z, 1641.7294132000002, 331.35240639999995
1715407869873, 2024-05-11T06:11:09.873Z, 1663.8071804000003, 330.9034408
1715407869889, 2024-05-11T06:11:09.889Z, 1687.5002683999999, 330.15196599999996
1715407869904, 2024-05-11T06:11:09.904Z, 1699.0319501999998, 330.6462619999999
1715407869931, 2024-05-11T06:11:09.931Z, 1698.8653921999999, 326.92531199999996
1715407869945, 2024-05-11T06:11:09.945Z, 1698.6839798, 325.1231884
1715407869960, 2024-05-11T06:11:09.960Z, 1699.7928692, 321.6763982
1715407869975, 2024-05-11T06:11:09.975Z, 1700.7153480000002, 317.69313739999996
1715407869995, 2024-05-11T06:11:09.995Z, 1701.1005602, 317.2256542
1715407870005, 2024-05-11T06:11:10.005Z, 1703.9796296, 317.11619759999996
1715407870020, 2024-05-11T06:11:10.020Z, 1705.1756922, 318.2641318
1715407870035, 2024-05-11T06:11:10.035Z, 1704.8686424, 321.81744960000003
1715407870050, 2024-05-11T06:11:10.050Z, 1704.990538, 324.95739119999996
1715407870082, 2024-05-11T06:11:10.082Z, 1705.6626136, 328.8813374
1715407870100, 2024-05-11T06:11:10.100Z, 1706.1686384, 335.2354066
1715407870115, 2024-05-11T06:11:10.115Z, 1706.6733976, 340.6185248
1715407870130, 2024-05-11T06:11:10.130Z, 1707.0492218, 343.2162466
1715407870143, 2024-05-11T06:11:10.143Z, 1706.0479759999998, 343.77754020000003
1715407870160, 2024-05-11T06:11:10.160Z, 1705.0835720000002, 341.5545098
1715407870173, 2024-05-11T06:11:10.173Z, 1703.6000331999999, 337.41402159999996
1715407870189, 2024-05-11T06:11:10.189Z, 1701.5936631999998, 333.441818
1715407870218, 2024-05-11T06:11:10.218Z, 1699.7131518, 331.1838272
1715407870235, 2024-05-11T06:11:10.235Z, 1699.2514218000001, 332.4650828
1715407870249, 2024-05-11T06:11:10.249Z, 1698.8360646, 332.6604088
1715407870264, 2024-05-11T06:11:10.264Z, 1696.4528461999998, 333.99696720000003
1715407870280, 2024-05-11T06:11:10.280Z, 1693.1740724, 335.53776619999996
1715407870296, 2024-05-11T06:11:10.296Z, 1687.6855256000003, 337.03678679999996
1715407870311, 2024-05-11T06:11:10.311Z, 1681.4874018000003, 336.9693601999999
1715407870326, 2024-05-11T06:11:10.326Z, 1675.0459154, 336.7096186
1715407870342, 2024-05-11T06:11:10.342Z, 1671.7032666000002, 334.1543818
1715407870357, 2024-05-11T06:11:10.357Z, 1669.627074, 332.3115814
1715407870385, 2024-05-11T06:11:10.385Z, 1670.7180764, 331.5433394
1715407870398, 2024-05-11T06:11:10.398Z, 1670.350722, 332.69350199999997
1715407870414, 2024-05-11T06:11:10.414Z, 1669.8302268, 335.0904666
1715407870429, 2024-05-11T06:11:10.429Z, 1669.2544730000002, 339.411727
1715407870451, 2024-05-11T06:11:10.451Z, 1668.9839319999999, 343.2902894
1715407870466, 2024-05-11T06:11:10.466Z, 1668.2277461999997, 342.9661298
1715407870481, 2024-05-11T06:11:10.481Z, 1672.4046721999998, 338.7092668
1715407870497, 2024-05-11T06:11:10.497Z, 1675.824661, 334.09750700000006
1715407870514, 2024-05-11T06:11:10.514Z, 1679.3300314, 330.009971
1715407870534, 2024-05-11T06:11:10.534Z, 1681.756161, 324.2067218
1715407870547, 2024-05-11T06:11:10.547Z, 1683.6994088, 323.3876636
1715407870560, 2024-05-11T06:11:10.560Z, 1683.7648596, 325.0881056
1715407870576, 2024-05-11T06:11:10.576Z, 1685.2084368, 325.8991574
1715407870591, 2024-05-11T06:11:10.591Z, 1683.829411, 325.2130366
1715407870607, 2024-05-11T06:11:10.607Z, 1682.3990250000002, 325.4301122
1715407870623, 2024-05-11T06:11:10.623Z, 1678.890521, 325.6294514
1715407870640, 2024-05-11T06:11:10.640Z, 1672.8090072, 325.49529999999993
1715407870654, 2024-05-11T06:11:10.654Z, 1664.7450636, 325.1716798
1715407870685, 2024-05-11T06:11:10.685Z, 1653.6146304000001, 326.5924052
1715407870700, 2024-05-11T06:11:10.700Z, 1643.2548562000004, 327.7916396
1715407870716, 2024-05-11T06:11:10.716Z, 1634.4616942, 330.4591252
1715407870731, 2024-05-11T06:11:10.731Z, 1626.6332974000002, 331.4109642
1715407870746, 2024-05-11T06:11:10.746Z, 1618.856522, 337.65450819999995
1715407870761, 2024-05-11T06:11:10.761Z, 1614.646903, 341.3430606
1715407870777, 2024-05-11T06:11:10.777Z, 1610.4128964000001, 346.0305608
1715407870793, 2024-05-11T06:11:10.793Z, 1606.0524586, 347.83931160000003
1715407870808, 2024-05-11T06:11:10.808Z, 1600.7748046000002, 353.0035568
1715407870836, 2024-05-11T06:11:10.836Z, 1599.7098268, 353.02393440000003
1715407870845, 2024-05-11T06:11:10.845Z, 1599.8710984, 354.51543920000006
1715407870860, 2024-05-11T06:11:10.860Z, 1602.778775, 354.4862008
1715407870875, 2024-05-11T06:11:10.875Z, 1597.0373086, 355.7150072
1715407870890, 2024-05-11T06:11:10.890Z, 1600.0599586, 352.04607980000003
1715407870905, 2024-05-11T06:11:10.905Z, 1587.2488475999999, 351.01977
1715407870920, 2024-05-11T06:11:10.920Z, 1510.2559740000002, 360.4437392
1715407870937, 2024-05-11T06:11:10.937Z, 1441.6148713999999, 369.4314816
1715407870950, 2024-05-11T06:11:10.950Z, 1367.8380422, 378.6750808
1715407870981, 2024-05-11T06:11:10.981Z, 1270.8298868, 396.3112224
1715407870997, 2024-05-11T06:11:10.997Z, 1186.3758062000002, 413.31854940000005
1715407871012, 2024-05-11T06:11:11.012Z, 1167.7807881999997, 417.8326814
1715407871029, 2024-05-11T06:11:11.029Z, 1138.0219952, 423.1836824
1715407871045, 2024-05-11T06:11:11.045Z, 1121.7823786, 427.50937380000005
1715407871061, 2024-05-11T06:11:11.061Z, 1120.930688, 426.51321500000006
1715407871076, 2024-05-11T06:11:11.076Z, 1117.35654, 425.0195334
1715407871091, 2024-05-11T06:11:11.091Z, 1114.0928236, 425.612028
1715407871106, 2024-05-11T06:11:11.106Z, 1112.4890576, 428.2652914
1715407871131, 2024-05-11T06:11:11.131Z, 1111.2015244, 434.9436098
1715407871145, 2024-05-11T06:11:11.145Z, 1109.8193509999999, 440.7229891999999
1715407871160, 2024-05-11T06:11:11.160Z, 1118.5989777999998, 446.5326862
1715407871175, 2024-05-11T06:11:11.175Z, 1126.8795341999999, 451.576732
1715407871190, 2024-05-11T06:11:11.190Z, 1133.7582226, 455.7804212
1715407871205, 2024-05-11T06:11:11.205Z, 1141.3479201999999, 455.14538859999993
1715407871220, 2024-05-11T06:11:11.220Z, 1149.3718537999998, 455.2882052
1715407871235, 2024-05-11T06:11:11.235Z, 1150.6958242, 454.6933926
1715407871255, 2024-05-11T06:11:11.255Z, 1150.4709331999998, 455.5703278
1715407871285, 2024-05-11T06:11:11.285Z, 1149.158831, 454.91703859999996
1715407871295, 2024-05-11T06:11:11.295Z, 1147.4241096, 454.8637626
1715407871310, 2024-05-11T06:11:11.310Z, 1147.4657513999998, 455.01416979999993
1715407871325, 2024-05-11T06:11:11.325Z, 1179.2308846, 452.831005
1715407871341, 2024-05-11T06:11:11.341Z, 1213.5104948, 453.5149868
1715407871357, 2024-05-11T06:11:11.357Z, 1249.9690264, 456.58315439999996
1715407871372, 2024-05-11T06:11:11.372Z, 1289.0653309999998, 458.8748614
1715407871388, 2024-05-11T06:11:11.388Z, 1327.026073, 462.0861011999999
1715407871403, 2024-05-11T06:11:11.403Z, 1337.0812566, 461.4489734
1715407871432, 2024-05-11T06:11:11.432Z, 1350.0351104, 454.8641278
1715407871445, 2024-05-11T06:11:11.445Z, 1360.7121002, 447.96564040000004
1715407871460, 2024-05-11T06:11:11.460Z, 1368.2818392, 441.5450336
1715407871475, 2024-05-11T06:11:11.475Z, 1373.8650518, 435.99183819999996
1715407871490, 2024-05-11T06:11:11.490Z, 1376.4906466, 436.10401360000003
1715407871505, 2024-05-11T06:11:11.505Z, 1372.0275544, 438.32872319999996
1715407871520, 2024-05-11T06:11:11.520Z, 1368.3711268000002, 440.239097
1715407871535, 2024-05-11T06:11:11.535Z, 1365.3434616, 441.78042059999996
1715407871550, 2024-05-11T06:11:11.550Z, 1363.6652414, 440.8881614
1715407871581, 2024-05-11T06:11:11.581Z, 1359.4823556, 440.4980706
1715407871595, 2024-05-11T06:11:11.595Z, 1353.7049167999999, 442.6893386
1715407871610, 2024-05-11T06:11:11.610Z, 1345.946531, 443.53853739999994
1715407871625, 2024-05-11T06:11:11.625Z, 1332.4963044, 440.5619842
1715407871640, 2024-05-11T06:11:11.640Z, 1316.0666681999999, 430.05829439999997
1715407871655, 2024-05-11T06:11:11.655Z, 1299.6853184000001, 421.3773754
1715407871675, 2024-05-11T06:11:11.675Z, 1285.9035307999998, 408.7914122
1715407871685, 2024-05-11T06:11:11.685Z, 1273.2402174, 398.1518778
1715407871700, 2024-05-11T06:11:11.700Z, 1262.9167976, 392.1478316
1715407871731, 2024-05-11T06:11:11.731Z, 1253.4450916, 396.2446498
1715407871746, 2024-05-11T06:11:11.746Z, 1245.6012216, 400.6301286
1715407871762, 2024-05-11T06:11:11.762Z, 1237.9563462, 408.347603
1715407871778, 2024-05-11T06:11:11.778Z, 1229.5843272000002, 416.9506407999999
1715407871795, 2024-05-11T06:11:11.795Z, 1221.2896388, 425.6215424
1715407871808, 2024-05-11T06:11:11.808Z, 1209.533655, 429.6802621999999
1715407871823, 2024-05-11T06:11:11.823Z, 1192.7799356, 430.42293600000005
1715407871839, 2024-05-11T06:11:11.839Z, 1177.3180478, 429.97417740000003
1715407871855, 2024-05-11T06:11:11.855Z, 1158.8379994000002, 430.918944
1715407871881, 2024-05-11T06:11:11.881Z, 1138.825286, 434.08650900000004
1715407871895, 2024-05-11T06:11:11.895Z, 1124.6055615999999, 437.82453639999994
1715407871910, 2024-05-11T06:11:11.910Z, 1116.9271042, 439.04481540000006
1715407871925, 2024-05-11T06:11:11.925Z, 1109.526711, 438.63575499999996
1715407871940, 2024-05-11T06:11:11.940Z, 1107.2150254, 434.8207458
1715407871955, 2024-05-11T06:11:11.955Z, 1109.1434678, 428.0411102
1715407871970, 2024-05-11T06:11:11.970Z, 1110.8225082000001, 423.5028242
1715407871985, 2024-05-11T06:11:11.985Z, 1109.4035808, 422.5992276
1715407872000, 2024-05-11T06:11:12.000Z, 1104.7853082, 423.5404602
1715407872036, 2024-05-11T06:11:12.036Z, 1100.9961836, 424.7179394
1715407872058, 2024-05-11T06:11:12.058Z, 1099.8764376, 426.9899058
1715407872074, 2024-05-11T06:11:12.074Z, 1101.1268676, 427.8797616
1715407872090, 2024-05-11T06:11:12.090Z, 1103.8681594, 428.84440380000007
1715407872106, 2024-05-11T06:11:12.106Z, 1104.29226, 429.713611
1715407872122, 2024-05-11T06:11:12.122Z, 1104.502667, 432.8643248
1715407872137, 2024-05-11T06:11:12.137Z, 1103.5320302000002, 434.59872759999996
1715407872152, 2024-05-11T06:11:12.152Z, 1099.750984, 438.4715682
1715407872181, 2024-05-11T06:11:12.181Z, 1097.3317274, 441.658757
1715407872195, 2024-05-11T06:11:12.195Z, 1101.8921248000001, 442.2576364
1715407872210, 2024-05-11T06:11:12.210Z, 1105.780126, 442.0615065999999
1715407872225, 2024-05-11T06:11:12.225Z, 1109.7635714, 441.49894000000006
1715407872240, 2024-05-11T06:11:12.240Z, 1115.797927, 443.63172480000003
1715407872256, 2024-05-11T06:11:12.257Z, 1111.0515536, 443.93781939999997
1715407872285, 2024-05-11T06:11:12.285Z, 1084.6329234, 436.8781954
1715407872300, 2024-05-11T06:11:12.300Z, 1063.7175356, 428.9218318
1715407872331, 2024-05-11T06:11:12.331Z, 957.4229104, 425.2504116
1715407872344, 2024-05-11T06:11:12.344Z, 826.2995384, 417.2232728
1715407872359, 2024-05-11T06:11:12.359Z, 670.0397816, 414.6006463999999
1715407872379, 2024-05-11T06:11:12.379Z, 516.8963434, 420.705641
1715407872394, 2024-05-11T06:11:12.394Z, 355.14228979999996, 422.88971820000006
1715407872407, 2024-05-11T06:11:12.407Z, 274.6818502, 415.16722300000004
1715407872423, 2024-05-11T06:11:12.423Z, 217.47002460000004, 407.563814
1715407872437, 2024-05-11T06:11:12.437Z, 194.0184684, 397.56227699999994
1715407872453, 2024-05-11T06:11:12.453Z, 185.7656846, 386.6172398
1715407872484, 2024-05-11T06:11:12.484Z, 179.914561, 380.146186
1715407872512, 2024-05-11T06:11:12.512Z, 177.23778520000002, 384.4958704
1715407872528, 2024-05-11T06:11:12.528Z, 179.82881500000002, 390.1811106
1715407872544, 2024-05-11T06:11:12.544Z, 183.7834722, 395.132991
1715407872560, 2024-05-11T06:11:12.560Z, 188.2028158, 403.0883656
1715407872576, 2024-05-11T06:11:12.576Z, 194.3576746, 408.8481346
1715407872591, 2024-05-11T06:11:12.591Z, 199.8447316, 408.4743634
1715407872606, 2024-05-11T06:11:12.606Z, 198.879106, 402.87921819999997
1715407872631, 2024-05-11T06:11:12.631Z, 194.60776779999998, 390.5232474
1715407872645, 2024-05-11T06:11:12.645Z, 190.25580159999998, 374.2949968
1715407872660, 2024-05-11T06:11:12.660Z, 201.3816016, 359.46520819999995
1715407872675, 2024-05-11T06:11:12.675Z, 225.59555179999998, 346.48126560000003
1715407872690, 2024-05-11T06:11:12.690Z, 258.0191618, 335.96086
1715407872705, 2024-05-11T06:11:12.705Z, 300.4742312, 334.4664236
1715407872720, 2024-05-11T06:11:12.720Z, 348.960995, 338.1977466
1715407872735, 2024-05-11T06:11:12.735Z, 384.0216704, 342.307776
1715407872750, 2024-05-11T06:11:12.750Z, 407.78762879999994, 345.9851094
1715407872781, 2024-05-11T06:11:12.781Z, 433.579039, 356.2800286
1715407872811, 2024-05-11T06:11:12.811Z, 462.44069579999996, 369.9192774
1715407872825, 2024-05-11T06:11:12.825Z, 485.3604972, 380.91423219999996
1715407872840, 2024-05-11T06:11:12.840Z, 506.85540520000006, 388.6348182
1715407872855, 2024-05-11T06:11:12.855Z, 525.8484974, 395.3319842
1715407872873, 2024-05-11T06:11:12.873Z, 536.3518276000001, 395.9954044
1715407872888, 2024-05-11T06:11:12.888Z, 535.4675154, 390.7926542
1715407872903, 2024-05-11T06:11:12.903Z, 534.521503, 384.7306456
1715407872934, 2024-05-11T06:11:12.934Z, 528.909156, 380.4053
1715407872948, 2024-05-11T06:11:12.948Z, 522.623049, 378.8982116
1715407872964, 2024-05-11T06:11:12.964Z, 514.1782656, 380.89191159999996
1715407872980, 2024-05-11T06:11:12.980Z, 507.2880002, 382.038641
1715407872995, 2024-05-11T06:11:12.995Z, 502.9015872, 384.1897446
1715407873010, 2024-05-11T06:11:13.010Z, 500.63719819999994, 386.36175280000003
1715407873026, 2024-05-11T06:11:13.026Z, 498.0363534, 385.7913094
1715407873042, 2024-05-11T06:11:13.042Z, 496.3043627999999, 382.6061276
1715407873057, 2024-05-11T06:11:13.057Z, 492.9637887999999, 378.4740134
1715407873083, 2024-05-11T06:11:13.083Z, 476.84125439999997, 378.6472104
1715407873098, 2024-05-11T06:11:13.098Z, 459.5918122, 379.5863128
1715407873113, 2024-05-11T06:11:13.113Z, 444.16252940000004, 381.7354706
1715407873128, 2024-05-11T06:11:13.128Z, 429.90044479999995, 384.36878839999997
1715407873143, 2024-05-11T06:11:13.143Z, 418.95855180000007, 390.206238
1715407873159, 2024-05-11T06:11:13.159Z, 418.87349400000005, 391.6562384
1715407873174, 2024-05-11T06:11:13.174Z, 421.2176438, 393.5055094
1715407873189, 2024-05-11T06:11:13.189Z, 424.1290972, 394.34353500000003
1715407873204, 2024-05-11T06:11:13.204Z, 427.94169039999997, 394.3593236
1715407873235, 2024-05-11T06:11:13.235Z, 429.0998962, 391.3051004
1715407873247, 2024-05-11T06:11:13.247Z, 426.9263623999999, 384.6802936
1715407873260, 2024-05-11T06:11:13.260Z, 439.457488, 381.7353164
1715407873275, 2024-05-11T06:11:13.275Z, 455.0368304, 382.5456438
1715407873291, 2024-05-11T06:11:13.291Z, 506.05225659999996, 388.785729
1715407873306, 2024-05-11T06:11:13.306Z, 617.2467162, 401.0973228
1715407873322, 2024-05-11T06:11:13.322Z, 729.1937003999999, 413.30611259999995
1715407873338, 2024-05-11T06:11:13.338Z, 842.1977862, 419.880554
1715407873353, 2024-05-11T06:11:13.353Z, 974.3594515999999, 425.0000596
1715407873381, 2024-05-11T06:11:13.381Z, 1069.124394, 423.3982102
1715407873395, 2024-05-11T06:11:13.395Z, 1104.5863642, 422.0336284
1715407873410, 2024-05-11T06:11:13.410Z, 1142.6930824, 429.276498
1715407873425, 2024-05-11T06:11:13.425Z, 1163.9420638, 440.28394360000004
1715407873440, 2024-05-11T06:11:13.440Z, 1163.6707804000002, 453.252653
1715407873455, 2024-05-11T06:11:13.455Z, 1164.4813606000002, 470.149183
1715407873470, 2024-05-11T06:11:13.470Z, 1164.8019058000002, 482.030218
1715407873485, 2024-05-11T06:11:13.485Z, 1166.1439756000002, 485.0418044
1715407873500, 2024-05-11T06:11:13.500Z, 1168.5660342, 481.84891959999993
1715407873535, 2024-05-11T06:11:13.535Z, 1169.5683644, 477.0560798
1715407873545, 2024-05-11T06:11:13.545Z, 1169.9834166, 469.29895120000003
1715407873561, 2024-05-11T06:11:13.561Z, 1169.8708966, 460.0187578
1715407873574, 2024-05-11T06:11:13.574Z, 1168.9755786, 452.8577888000001
1715407873590, 2024-05-11T06:11:13.590Z, 1161.0157228, 450.79304460000003
1715407873606, 2024-05-11T06:11:13.606Z, 1154.0482894, 446.10755159999997
1715407873621, 2024-05-11T06:11:13.621Z, 1146.6673906, 443.6567172
1715407873637, 2024-05-11T06:11:13.637Z, 1140.3437684, 449.5422930000001
1715407873653, 2024-05-11T06:11:13.653Z, 1133.6197818, 458.05089200000003
1715407873681, 2024-05-11T06:11:13.681Z, 1132.7867074, 463.97353039999996
1715407873695, 2024-05-11T06:11:13.695Z, 1128.4054538, 466.90152499999994
1715407873710, 2024-05-11T06:11:13.710Z, 1124.1837950000001, 469.3237754
1715407873725, 2024-05-11T06:11:13.725Z, 1120.1505804, 463.5430058
1715407873740, 2024-05-11T06:11:13.740Z, 1116.7125476, 457.60235300000005
1715407873775, 2024-05-11T06:11:13.775Z, 1114.1770452, 452.33675800000003
1715407873785, 2024-05-11T06:11:13.785Z, 1114.5719270000002, 454.45694779999997
1715407873800, 2024-05-11T06:11:13.800Z, 1115.7211898, 458.0564534
1715407873831, 2024-05-11T06:11:13.831Z, 1117.3179236, 464.47246359999997
1715407873845, 2024-05-11T06:11:13.845Z, 1146.0336052000002, 470.5332197999999
1715407873860, 2024-05-11T06:11:13.860Z, 1188.2727852, 473.2716622
1715407873875, 2024-05-11T06:11:13.875Z, 1233.1206676000002, 472.540712
1715407873893, 2024-05-11T06:11:13.893Z, 1280.8947670000002, 470.9179398
1715407873905, 2024-05-11T06:11:13.905Z, 1331.8976616, 468.67839960000003
1715407873926, 2024-05-11T06:11:13.926Z, 1360.2268744, 465.51484680000004
1715407873938, 2024-05-11T06:11:13.938Z, 1377.4615724, 463.97267039999997
1715407873953, 2024-05-11T06:11:13.953Z, 1396.5661068000002, 458.869391
1715407873984, 2024-05-11T06:11:13.984Z, 1416.0605716000002, 456.8620786
1715407873997, 2024-05-11T06:11:13.997Z, 1432.5968008, 454.6907916
1715407874012, 2024-05-11T06:11:14.012Z, 1443.9761438, 450.33462799999995
1715407874027, 2024-05-11T06:11:14.027Z, 1452.9217334, 448.2078874
1715407874043, 2024-05-11T06:11:14.043Z, 1457.3344078, 450.6852072
1715407874059, 2024-05-11T06:11:14.059Z, 1455.7013394, 448.29038199999997
1715407874074, 2024-05-11T06:11:14.074Z, 1445.7463860000003, 441.2480320000001
1715407874090, 2024-05-11T06:11:14.090Z, 1436.6060498000002, 438.22059
1715407874105, 2024-05-11T06:11:14.105Z, 1421.9643234000002, 431.99003759999994
1715407874131, 2024-05-11T06:11:14.131Z, 1406.0413578, 426.0403921999999
1715407874145, 2024-05-11T06:11:14.145Z, 1384.1597054, 424.86594700000006
1715407874160, 2024-05-11T06:11:14.160Z, 1368.4903762000001, 429.22704540000007
1715407874175, 2024-05-11T06:11:14.175Z, 1350.4559806000002, 432.88519620000005
1715407874190, 2024-05-11T06:11:14.190Z, 1338.0561232, 441.3952974
1715407874205, 2024-05-11T06:11:14.205Z, 1326.9059496, 451.8133362
1715407874220, 2024-05-11T06:11:14.220Z, 1324.0514402, 455.92006879999997
1715407874235, 2024-05-11T06:11:14.235Z, 1320.9430651999999, 459.7170096
1715407874250, 2024-05-11T06:11:14.250Z, 1320.3475094, 463.40949839999996
1715407874281, 2024-05-11T06:11:14.281Z, 1319.7882566, 465.5123396
1715407874295, 2024-05-11T06:11:14.295Z, 1319.2862396, 463.93166899999994
1715407874315, 2024-05-11T06:11:14.315Z, 1319.7164625999999, 461.76820680000003
1715407874325, 2024-05-11T06:11:14.325Z, 1321.275126, 458.2436916
1715407874343, 2024-05-11T06:11:14.343Z, 1323.2868291999998, 452.4973164
1715407874358, 2024-05-11T06:11:14.358Z, 1325.2182058, 446.536027
1715407874373, 2024-05-11T06:11:14.373Z, 1328.5369601999998, 441.92248980000005
1715407874403, 2024-05-11T06:11:14.403Z, 1334.4107096, 444.68332419999996
1715407874418, 2024-05-11T06:11:14.418Z, 1342.1683206, 447.8020652
1715407874434, 2024-05-11T06:11:14.434Z, 1350.9845822000002, 453.17806279999996
1715407874450, 2024-05-11T06:11:14.450Z, 1359.0090937999998, 459.4545532
1715407874466, 2024-05-11T06:11:14.466Z, 1365.4553190000001, 464.3707050000001
1715407874482, 2024-05-11T06:11:14.482Z, 1367.3631784000002, 463.8000408
1715407874513, 2024-05-11T06:11:14.513Z, 1366.4881964, 462.3979924
1715407874528, 2024-05-11T06:11:14.528Z, 1363.2739670000003, 460.91750620000005
1715407874543, 2024-05-11T06:11:14.543Z, 1360.5824817999999, 459.7296706
1715407874559, 2024-05-11T06:11:14.559Z, 1358.016925, 459.4889954
1715407874596, 2024-05-11T06:11:14.596Z, 1356.1452160000001, 465.5023338
1715407874777, 2024-05-11T06:11:14.777Z, 1317.3069684, 439.03278040000004
1715407874792, 2024-05-11T06:11:14.792Z, 1263.2062574000001, 437.2409818
1715407874807, 2024-05-11T06:11:14.807Z, 1209.3698903999998, 435.2957658
1715407874823, 2024-05-11T06:11:14.823Z, 1155.1673045999999, 434.8582141999999
1715407874838, 2024-05-11T06:11:14.838Z, 1113.653965, 427.78135140000006
1715407874854, 2024-05-11T06:11:14.854Z, 1108.642985, 456.77885200000003
1715407874881, 2024-05-11T06:11:14.881Z, 1117.7275538, 461.57658499999997
1715407874895, 2024-05-11T06:11:14.895Z, 1129.1072784, 462.5483902
1715407874910, 2024-05-11T06:11:14.910Z, 1139.5588338000002, 459.4240654
1715407874925, 2024-05-11T06:11:14.925Z, 1138.621646, 460.378971
1715407874940, 2024-05-11T06:11:14.940Z, 1139.514058, 456.8051426
1715407874955, 2024-05-11T06:11:14.955Z, 1139.9828024000003, 452.1233036
1715407874995, 2024-05-11T06:11:14.995Z, 1136.897302, 449.7832674
1715407875011, 2024-05-11T06:11:15.011Z, 1135.1762304, 450.5073542
1715407875031, 2024-05-11T06:11:15.031Z, 1133.6932828000001, 449.9917076
1715407875045, 2024-05-11T06:11:15.045Z, 1131.4773891999998, 450.8200216
1715407875059, 2024-05-11T06:11:15.059Z, 1131.8273228, 449.3199326
1715407875074, 2024-05-11T06:11:15.074Z, 1132.1019093999998, 444.5563406
1715407875090, 2024-05-11T06:11:15.090Z, 1127.264367, 443.3836956
1715407875104, 2024-05-11T06:11:15.104Z, 1119.954225, 440.7491508
1715407875120, 2024-05-11T06:11:15.120Z, 1117.9141799999998, 437.8547286
1715407875136, 2024-05-11T06:11:15.136Z, 1116.58867, 439.793464
1715407875152, 2024-05-11T06:11:15.152Z, 1122.3727234, 446.6486042
1715407875181, 2024-05-11T06:11:15.181Z, 1142.7159324, 451.5200904
1715407875195, 2024-05-11T06:11:15.195Z, 1172.461561, 457.47243340000006
1715407875210, 2024-05-11T06:11:15.210Z, 1204.5368594, 472.3989126
1715407875225, 2024-05-11T06:11:15.225Z, 1242.6792404, 483.8618652
1715407875240, 2024-05-11T06:11:15.240Z, 1275.4301540000001, 492.48836819999997
1715407875255, 2024-05-11T06:11:15.255Z, 1297.8538274, 497.983446
1715407875270, 2024-05-11T06:11:15.270Z, 1308.3080897999998, 504.9228692
1715407875285, 2024-05-11T06:11:15.285Z, 1311.1165568000001, 504.3043278
1715407875300, 2024-05-11T06:11:15.300Z, 1306.636413, 505.242615
1715407875331, 2024-05-11T06:11:15.331Z, 1298.8940372, 509.0713914
1715407875345, 2024-05-11T06:11:15.345Z, 1292.197893, 512.402116
1715407875360, 2024-05-11T06:11:15.360Z, 1288.582197, 512.6899128
1715407875375, 2024-05-11T06:11:15.375Z, 1289.7391469999998, 508.52268160000006
1715407875390, 2024-05-11T06:11:15.390Z, 1290.7767927999998, 503.94810859999996
1715407875405, 2024-05-11T06:11:15.405Z, 1295.4461238, 498.6446072
1715407875420, 2024-05-11T06:11:15.420Z, 1301.4529578, 494.8622932
1715407875435, 2024-05-11T06:11:15.435Z, 1308.5800778, 492.36027540000003
1715407875450, 2024-05-11T06:11:15.450Z, 1310.3477037999999, 496.0952768
1715407875481, 2024-05-11T06:11:15.481Z, 1311.9830074, 500.3046736
1715407875499, 2024-05-11T06:11:15.499Z, 1312.6514694000002, 503.8007184
1715407875514, 2024-05-11T06:11:15.514Z, 1311.2116660000002, 507.15660859999997
1715407875529, 2024-05-11T06:11:15.529Z, 1307.5450406, 508.61165700000004
1715407875543, 2024-05-11T06:11:15.543Z, 1298.7965102, 507.4183212
1715407875561, 2024-05-11T06:11:15.561Z, 1288.5826892, 504.430211
1715407875574, 2024-05-11T06:11:15.574Z, 1273.5049536000001, 500.35809119999993
1715407875589, 2024-05-11T06:11:15.589Z, 1255.3867156000001, 494.3453578
1715407875603, 2024-05-11T06:11:15.603Z, 1227.5695958000001, 490.6807116
1715407875635, 2024-05-11T06:11:15.635Z, 1202.3768602, 484.05297600000006
1715407875648, 2024-05-11T06:11:15.648Z, 1178.1628724, 479.7881724
1715407875664, 2024-05-11T06:11:15.664Z, 1156.4475186, 479.0592266
1715407875680, 2024-05-11T06:11:15.680Z, 1138.635861, 478.3991056
1715407875711, 2024-05-11T06:11:15.711Z, 1134.4456114, 477.0133758
1715407875727, 2024-05-11T06:11:15.727Z, 1134.6618924, 479.71654440000003
1715407875742, 2024-05-11T06:11:15.742Z, 1135.7786327999997, 480.5707090000001
1715407875758, 2024-05-11T06:11:15.758Z, 1140.329765, 478.85960459999995
1715407875782, 2024-05-11T06:11:15.782Z, 1148.3296396, 480.04374440000004
1715407875796, 2024-05-11T06:11:15.796Z, 1154.5081770000002, 479.8883412
1715407875812, 2024-05-11T06:11:15.812Z, 1157.6900692000002, 479.0132422
1715407875842, 2024-05-11T06:11:15.842Z, 1159.4668114, 480.08154540000004
1715407875856, 2024-05-11T06:11:15.856Z, 1159.3563112, 483.3480476
1715407875874, 2024-05-11T06:11:15.874Z, 1153.1182967999998, 490.41700460000004
1715407875887, 2024-05-11T06:11:15.887Z, 1145.9019522, 501.2329476
1715407875901, 2024-05-11T06:11:15.901Z, 1140.9477278, 511.7081832
1715407875933, 2024-05-11T06:11:15.933Z, 1136.495901, 521.261732
1715407875947, 2024-05-11T06:11:15.947Z, 1133.791885, 527.3752608000001
1715407875977, 2024-05-11T06:11:15.977Z, 1135.1660512, 529.8939972000001
1715407875993, 2024-05-11T06:11:15.993Z, 1136.6895332, 527.8894080000001
1715407876009, 2024-05-11T06:11:16.009Z, 1133.8612, 529.3988750000001
1715407876024, 2024-05-11T06:11:16.024Z, 1130.2785408, 529.7051165999999
1715407876040, 2024-05-11T06:11:16.040Z, 1125.4324314, 531.921959
1715407876056, 2024-05-11T06:11:16.056Z, 1118.5297954000002, 530.791827
1715407876082, 2024-05-11T06:11:16.082Z, 1112.123991, 528.3925876000001
1715407876096, 2024-05-11T06:11:16.096Z, 1112.0112104000002, 518.3733092
1715407876112, 2024-05-11T06:11:16.112Z, 1112.2752024000001, 511.38897959999997
1715407876126, 2024-05-11T06:11:16.126Z, 1112.046801, 505.0372960000001
1715407876141, 2024-05-11T06:11:16.141Z, 1112.1293976000002, 500.14159980000005
1715407876156, 2024-05-11T06:11:16.156Z, 1112.3271516000002, 500.64786979999997
1715407876171, 2024-05-11T06:11:16.171Z, 1110.2279076, 507.1601764
1715407876186, 2024-05-11T06:11:16.186Z, 1110.4492776, 510.86320320000004
1715407876204, 2024-05-11T06:11:16.204Z, 1110.9364357999998, 515.91273
1715407876232, 2024-05-11T06:11:16.232Z, 1113.616732, 519.0122938
1715407876246, 2024-05-11T06:11:16.246Z, 1115.2330106, 521.6622138
1715407876262, 2024-05-11T06:11:16.262Z, 1134.3453968, 524.9580741999999
1715407876276, 2024-05-11T06:11:16.276Z, 1156.197685, 530.4294408
1715407876291, 2024-05-11T06:11:16.291Z, 1188.8165894, 531.3680747999999
1715407876307, 2024-05-11T06:11:16.307Z, 1221.17963, 534.6022788
1715407876322, 2024-05-11T06:11:16.322Z, 1256.155989, 534.1612946
1715407876338, 2024-05-11T06:11:16.338Z, 1275.1741293999999, 530.5277051999999
1715407876354, 2024-05-11T06:11:16.354Z, 1290.9501966, 524.2253069999999
1715407876382, 2024-05-11T06:11:16.382Z, 1296.6961622000001, 518.5088638
1715407876396, 2024-05-11T06:11:16.396Z, 1299.3783466, 511.20659079999996
1715407876410, 2024-05-11T06:11:16.410Z, 1299.5565133999999, 504.05302220000004
1715407876425, 2024-05-11T06:11:16.425Z, 1300.0008742000002, 494.7663350000001
1715407876440, 2024-05-11T06:11:16.440Z, 1299.8662952, 486.6830742
1715407876454, 2024-05-11T06:11:16.454Z, 1300.4219884000001, 480.88788400000004
1715407876470, 2024-05-11T06:11:16.470Z, 1298.6565266000002, 489.83887300000004
1715407876485, 2024-05-11T06:11:16.485Z, 1298.4727708, 501.2277698
1715407876500, 2024-05-11T06:11:16.500Z, 1299.1668776000001, 514.8555964
1715407876531, 2024-05-11T06:11:16.531Z, 1298.6822498, 529.456631
1715407876564, 2024-05-11T06:11:16.564Z, 1299.1306081999999, 539.0268924
1715407876575, 2024-05-11T06:11:16.575Z, 1301.5591268, 534.8084328
1715407876590, 2024-05-11T06:11:16.590Z, 1301.8314083999999, 529.3118572000001
1715407876605, 2024-05-11T06:11:16.605Z, 1297.8409924, 525.781334
1715407876621, 2024-05-11T06:11:16.621Z, 1295.7450578000003, 521.025922
1715407876637, 2024-05-11T06:11:16.637Z, 1291.1818206, 523.5955646
1715407876653, 2024-05-11T06:11:16.653Z, 1286.936707, 527.1115790000001
1715407876681, 2024-05-11T06:11:16.681Z, 1284.5406128, 530.3192632
1715407876695, 2024-05-11T06:11:16.695Z, 1284.8390556, 531.215834
1715407876710, 2024-05-11T06:11:16.710Z, 1286.646734, 528.5920039999999
1715407876740, 2024-05-11T06:11:16.740Z, 1288.4480074, 523.7260479999999
1715407876755, 2024-05-11T06:11:16.755Z, 1291.6370534, 517.9983334
1715407876770, 2024-05-11T06:11:16.770Z, 1295.3197558000002, 511.16786679999996
1715407876785, 2024-05-11T06:11:16.785Z, 1298.1272856, 506.505832
1715407876800, 2024-05-11T06:11:16.800Z, 1297.7373472, 507.42681000000005
1715407876831, 2024-05-11T06:11:16.831Z, 1296.9070808000001, 508.636647
1715407876845, 2024-05-11T06:11:16.845Z, 1296.415446, 510.6621774
1715407876859, 2024-05-11T06:11:16.859Z, 1296.9068302, 512.3654128000001
1715407876874, 2024-05-11T06:11:16.874Z, 1301.8632813999998, 507.7774106
1715407876890, 2024-05-11T06:11:16.890Z, 1302.6184216, 499.97415739999997
1715407876904, 2024-05-11T06:11:16.904Z, 1289.8142673999998, 494.2110666
1715407876924, 2024-05-11T06:11:16.924Z, 1270.8327362, 491.07051900000005
1715407876935, 2024-05-11T06:11:16.935Z, 1245.1258096, 491.66664000000003
1715407876986, 2024-05-11T06:11:16.986Z, 1199.9722542, 506.54322599999995
1715407876995, 2024-05-11T06:11:16.995Z, 1157.0302236, 529.3421936
1715407877010, 2024-05-11T06:11:17.010Z, 1128.7780274000002, 550.7600381999999
1715407877026, 2024-05-11T06:11:17.026Z, 1110.342127, 575.8260798
1715407877041, 2024-05-11T06:11:17.041Z, 1094.9854876, 596.4069906000001
1715407877057, 2024-05-11T06:11:17.057Z, 1096.7352216, 606.144618
1715407877075, 2024-05-11T06:11:17.075Z, 1101.2194524, 605.306474
1715407877088, 2024-05-11T06:11:17.088Z, 1105.0898797999998, 600.136599
1715407877104, 2024-05-11T06:11:17.104Z, 1105.0507198, 587.0119766
1715407877131, 2024-05-11T06:11:17.131Z, 1107.708574, 573.3780424
1715407877145, 2024-05-11T06:11:17.145Z, 1107.6287482, 562.6087112
1715407877160, 2024-05-11T06:11:17.160Z, 1107.522678, 554.5601824
1715407877175, 2024-05-11T06:11:17.175Z, 1107.38955, 549.7464444
1715407877190, 2024-05-11T06:11:17.190Z, 1103.9668462000002, 548.2301743999999
1715407877205, 2024-05-11T06:11:17.205Z, 1080.6407058, 553.7057742
1715407877220, 2024-05-11T06:11:17.220Z, 962.143339, 577.6217307999999
1715407877235, 2024-05-11T06:11:17.235Z, 845.7258712, 604.2502196
1715407877250, 2024-05-11T06:11:17.250Z, 720.7886511999999, 632.145371
1715407877281, 2024-05-11T06:11:17.281Z, 590.8291724, 658.667967
1715407877295, 2024-05-11T06:11:17.295Z, 471.40488619999996, 680.5865098
1715407877310, 2024-05-11T06:11:17.310Z, 434.5521592, 682.3777412000001
1715407877325, 2024-05-11T06:11:17.325Z, 379.6732852, 676.6161066
1715407877340, 2024-05-11T06:11:17.340Z, 339.0749826, 668.5521268
1715407877359, 2024-05-11T06:11:17.359Z, 304.9455712, 663.4185868000001
1715407877374, 2024-05-11T06:11:17.374Z, 279.62894300000005, 659.9277165999999
1715407877390, 2024-05-11T06:11:17.390Z, 271.39409059999997, 663.3347326
1715407877404, 2024-05-11T06:11:17.404Z, 279.9665656, 673.28114
1715407877437, 2024-05-11T06:11:17.437Z, 286.2077306, 687.721383
1715407877451, 2024-05-11T06:11:17.451Z, 293.7353474, 696.4320387999999
1715407877465, 2024-05-11T06:11:17.465Z, 303.09935099999996, 703.2561822
1715407877478, 2024-05-11T06:11:17.478Z, 309.1522762, 701.8520262
1715407877493, 2024-05-11T06:11:17.493Z, 319.39729279999995, 696.7631818
1715407877509, 2024-05-11T06:11:17.509Z, 330.33572139999995, 687.5636981999999
1715407877525, 2024-05-11T06:11:17.525Z, 341.43904399999997, 680.7530294
1715407877540, 2024-05-11T06:11:17.540Z, 349.99385340000003, 670.3265395999999
1715407877556, 2024-05-11T06:11:17.556Z, 358.96939860000003, 661.430111
1715407877583, 2024-05-11T06:11:17.583Z, 364.06209559999996, 657.757481
1715407877597, 2024-05-11T06:11:17.597Z, 365.6109212, 655.0536398
1715407877619, 2024-05-11T06:11:17.619Z, 366.82638099999997, 652.2764626000001
1715407877634, 2024-05-11T06:11:17.634Z, 368.23440619999997, 653.6374264
1715407877650, 2024-05-11T06:11:17.650Z, 369.119027, 656.7542116000001
1715407877665, 2024-05-11T06:11:17.665Z, 368.8595024, 657.2362821999999
1715407877680, 2024-05-11T06:11:17.680Z, 368.007582, 657.0354946
1715407877697, 2024-05-11T06:11:17.697Z, 367.66351819999994, 655.5945945999999
1715407877712, 2024-05-11T06:11:17.712Z, 367.3128266, 654.5393942
1715407877730, 2024-05-11T06:11:17.730Z, 365.6437406, 651.718449
1715407877744, 2024-05-11T06:11:17.744Z, 362.60640279999996, 648.8787027999999
1715407877775, 2024-05-11T06:11:17.775Z, 411.09786779999996, 632.7944286
1715407877791, 2024-05-11T06:11:17.791Z, 529.9169748, 616.711962
1715407877807, 2024-05-11T06:11:17.807Z, 655.0245849999999, 599.5116242
1715407877838, 2024-05-11T06:11:17.838Z, 783.8440566, 583.5649426000001
1715407877854, 2024-05-11T06:11:17.854Z, 932.7360532, 566.1049534
1715407877881, 2024-05-11T06:11:17.881Z, 1037.5969892, 564.9867087999999
1715407877894, 2024-05-11T06:11:17.894Z, 1074.2964627999997, 564.830117
1715407877909, 2024-05-11T06:11:17.909Z, 1106.8476194, 563.681742
1715407877925, 2024-05-11T06:11:17.925Z, 1136.0270056000002, 561.464981
1715407877939, 2024-05-11T06:11:17.939Z, 1146.8415472000002, 562.5857952
1715407877955, 2024-05-11T06:11:17.955Z, 1150.1863112, 560.3602599999999
1715407877974, 2024-05-11T06:11:17.974Z, 1145.205035, 557.154047
1715407877984, 2024-05-11T06:11:17.984Z, 1139.4370478, 555.3311258
1715407878003, 2024-05-11T06:11:18.003Z, 1132.4453312, 554.1188239999999
1715407878034, 2024-05-11T06:11:18.034Z, 1127.2613058, 550.1757954
1715407878047, 2024-05-11T06:11:18.047Z, 1120.7540698, 548.125858
1715407878060, 2024-05-11T06:11:18.060Z, 1119.1293481999999, 549.9145728000001
1715407878075, 2024-05-11T06:11:18.075Z, 1117.6277972, 551.0138704
1715407878089, 2024-05-11T06:11:18.089Z, 1116.8542082, 552.077171
1715407878107, 2024-05-11T06:11:18.107Z, 1115.6702989999999, 552.4732722
1715407878121, 2024-05-11T06:11:18.121Z, 1113.8662216, 551.6490008
1715407878135, 2024-05-11T06:11:18.135Z, 1103.4298068, 547.6110688
1715407878150, 2024-05-11T06:11:18.150Z, 1086.0694432, 546.2544743999999
1715407878181, 2024-05-11T06:11:18.181Z, 1005.8728855999998, 558.5742062
1715407878196, 2024-05-11T06:11:18.196Z, 875.4455003999999, 584.1064303999999
1715407878212, 2024-05-11T06:11:18.212Z, 705.8973840000001, 620.5138122000001
1715407878227, 2024-05-11T06:11:18.227Z, 540.5239466, 658.7438369999999
1715407878243, 2024-05-11T06:11:18.243Z, 378.7236398, 693.978368
1715407878274, 2024-05-11T06:11:18.274Z, 281.1942358, 714.0380506
1715407878289, 2024-05-11T06:11:18.289Z, 233.6249006, 723.498652
1715407878305, 2024-05-11T06:11:18.305Z, 232.0908536, 722.1848198
1715407878331, 2024-05-11T06:11:18.331Z, 240.164035, 720.6157827999999
1715407878345, 2024-05-11T06:11:18.345Z, 249.667677, 719.9298961999999
1715407878360, 2024-05-11T06:11:18.360Z, 257.65402639999996, 720.1074791999998
1715407878375, 2024-05-11T06:11:18.375Z, 264.3574914, 719.9901226
1715407878390, 2024-05-11T06:11:18.390Z, 265.1597502, 718.0302159999999
1715407878405, 2024-05-11T06:11:18.405Z, 260.1248474, 713.7140102000001
1715407878420, 2024-05-11T06:11:18.420Z, 255.8386626, 712.9804836
1715407878435, 2024-05-11T06:11:18.435Z, 238.36034180000001, 710.5089168000001
1715407878450, 2024-05-11T06:11:18.450Z, 222.00076159999998, 708.3606446
1715407878481, 2024-05-11T06:11:18.481Z, 198.9676792, 707.5670653999999
1715407878495, 2024-05-11T06:11:18.495Z, 176.15373799999998, 708.3645374
1715407878514, 2024-05-11T06:11:18.514Z, 154.2456106, 708.1439833999999
1715407878529, 2024-05-11T06:11:18.529Z, 147.6315744, 713.0955058
1715407878545, 2024-05-11T06:11:18.545Z, 139.6470494, 717.8128257999999
1715407878560, 2024-05-11T06:11:18.560Z, 140.476819, 723.2283828
1715407878574, 2024-05-11T06:11:18.574Z, 142.80302700000001, 728.6005696
1715407878589, 2024-05-11T06:11:18.589Z, 143.550451, 732.1621136000001
1715407878605, 2024-05-11T06:11:18.605Z, 143.40200040000002, 733.1548992
1715407878637, 2024-05-11T06:11:18.637Z, 142.2988006, 734.093977
1715407878649, 2024-05-11T06:11:18.649Z, 140.6358768, 734.4166456
1715407878663, 2024-05-11T06:11:18.663Z, 135.1998728, 733.0119142
1715407878679, 2024-05-11T06:11:18.679Z, 129.0092692, 730.7187372
1715407878695, 2024-05-11T06:11:18.695Z, 117.7411592, 723.9233818
1715407878710, 2024-05-11T06:11:18.710Z, 106.92408040000001, 716.7461155999999
1715407878725, 2024-05-11T06:11:18.725Z, 97.2627282, 713.5475546
1715407878741, 2024-05-11T06:11:18.741Z, 91.6005172, 712.1971958
1715407878759, 2024-05-11T06:11:18.759Z, 85.5251556, 710.8180262
1715407878783, 2024-05-11T06:11:18.783Z, 84.5917494, 714.456917
1715407878797, 2024-05-11T06:11:18.797Z, 84.8391038, 718.6158634000001
1715407878818, 2024-05-11T06:11:18.818Z, 84.7083684, 719.4306854
1715407878834, 2024-05-11T06:11:18.834Z, 84.91099119999998, 720.4227214
1715407878849, 2024-05-11T06:11:18.849Z, 86.2506336, 722.3443359999999
1715407878865, 2024-05-11T06:11:18.865Z, 87.3090644, 723.2135673999999
1715407878881, 2024-05-11T06:11:18.881Z, 87.16211799999999, 723.8238193999999
1715407878897, 2024-05-11T06:11:18.897Z, 85.5146738, 723.7226195999999
1715407879146, 2024-05-11T06:11:19.146Z, 306.440798, 705.8181978
1715407879161, 2024-05-11T06:11:19.161Z, 530.1666174, 679.101605
1715407879193, 2024-05-11T06:11:19.193Z, 752.4419922000001, 655.1235492
1715407879231, 2024-05-11T06:11:19.231Z, 978.458286, 632.3353448
1715407879260, 2024-05-11T06:11:19.260Z, 1203.6374204, 609.7696831999999
1715407879275, 2024-05-11T06:11:19.275Z, 1197.5579248, 605.3588862
1715407879320, 2024-05-11T06:11:19.320Z, 1175.9573982, 617.9013312
1715407879335, 2024-05-11T06:11:19.335Z, 1155.8588616, 628.8111288
1715407879350, 2024-05-11T06:11:19.350Z, 1131.5531812, 640.258154
1715407879396, 2024-05-11T06:11:19.396Z, 1109.7098228, 659.7809083999999
1715407879412, 2024-05-11T06:11:19.412Z, 1099.042144, 679.7709848000001
1715407879443, 2024-05-11T06:11:19.443Z, 1099.5364875999999, 692.3404018
1715407879458, 2024-05-11T06:11:19.458Z, 1099.63237, 701.4803218000001
1715407879474, 2024-05-11T06:11:19.474Z, 1100.7674591999998, 709.1072986
1715407879489, 2024-05-11T06:11:19.489Z, 1102.5196979999998, 708.9692488000001
1715407879505, 2024-05-11T06:11:19.505Z, 1102.360269, 707.4395722
1715407879531, 2024-05-11T06:11:19.531Z, 1102.952089, 709.7976364
1715407879545, 2024-05-11T06:11:19.545Z, 1104.6033889999999, 714.2071346
1715407879575, 2024-05-11T06:11:19.575Z, 1116.2952608, 718.317337
1715407879590, 2024-05-11T06:11:19.590Z, 1133.2623304, 720.0616098
1715407879605, 2024-05-11T06:11:19.605Z, 1155.6773546, 723.3666942
1715407879620, 2024-05-11T06:11:19.620Z, 1187.4018896, 721.6135826000001
1715407879635, 2024-05-11T06:11:19.635Z, 1219.4151494000002, 719.6055318000001
1715407879650, 2024-05-11T06:11:19.650Z, 1245.3322210000001, 715.03498
1715407879682, 2024-05-11T06:11:19.682Z, 1270.1613022000001, 711.8382556
1715407879715, 2024-05-11T06:11:19.715Z, 1289.1539588, 706.0320859999999
1715407879725, 2024-05-11T06:11:19.725Z, 1299.895489, 700.6401330000001
1715407879740, 2024-05-11T06:11:19.740Z, 1303.2435891999999, 700.3924076000001
1715407879756, 2024-05-11T06:11:19.756Z, 1305.5142546, 701.6636836
1715407879772, 2024-05-11T06:11:19.772Z, 1300.4353376, 703.2505502
1715407879787, 2024-05-11T06:11:19.787Z, 1294.7705314, 710.9612862
1715407879803, 2024-05-11T06:11:19.803Z, 1290.6472514000002, 718.082027
1715407879831, 2024-05-11T06:11:19.831Z, 1290.9285178, 719.304723
1715407879845, 2024-05-11T06:11:19.845Z, 1281.0776278, 724.4282532
1715407879860, 2024-05-11T06:11:19.860Z, 1268.7210758, 729.8221421999999
1715407879890, 2024-05-11T06:11:19.890Z, 1252.0831092, 731.5470944
1715407879905, 2024-05-11T06:11:19.905Z, 1228.1428674000001, 733.2702674
1715407879920, 2024-05-11T06:11:19.920Z, 1199.6761226, 736.4118698
1715407879935, 2024-05-11T06:11:19.935Z, 1176.2274124, 735.8594946000001
1715407879950, 2024-05-11T06:11:19.950Z, 1152.7736532, 734.6302324000001
1715407879981, 2024-05-11T06:11:19.981Z, 1131.1922393999998, 731.6492296
1715407879995, 2024-05-11T06:11:19.995Z, 1117.2294006, 729.4916254
1715407880010, 2024-05-11T06:11:20.010Z, 1109.1173277999999, 727.0919064
1715407880025, 2024-05-11T06:11:20.025Z, 1108.0865114, 725.9054829999999
1715407880040, 2024-05-11T06:11:20.040Z, 1110.4861474, 725.8709031999999
1715407880055, 2024-05-11T06:11:20.055Z, 1116.7390616, 727.7968404000001
1715407880070, 2024-05-11T06:11:20.070Z, 1122.039386, 729.9143758
1715407880085, 2024-05-11T06:11:20.085Z, 1126.2720844, 733.7895022
1715407880104, 2024-05-11T06:11:20.104Z, 1125.3967128000002, 738.0113724
1715407880131, 2024-05-11T06:11:20.131Z, 1124.2103914, 743.1741626
1715407880145, 2024-05-11T06:11:20.145Z, 1122.067314, 747.0490428
1715407880175, 2024-05-11T06:11:20.175Z, 1118.4108867999998, 750.200167
1715407880190, 2024-05-11T06:11:20.190Z, 1116.970027, 751.394479
1715407880206, 2024-05-11T06:11:20.206Z, 1114.9366999999997, 748.3838318
1715407880224, 2024-05-11T06:11:20.224Z, 1114.1716304000001, 743.9500398
1715407880238, 2024-05-11T06:11:20.238Z, 1114.4110742, 738.6981589999999
1715407880254, 2024-05-11T06:11:20.254Z, 1114.2636232, 732.3788703999999
1715407880284, 2024-05-11T06:11:20.284Z, 1108.0426803999999, 720.2787959999999
1715407880300, 2024-05-11T06:11:20.300Z, 1104.9004592, 713.399334
1715407880317, 2024-05-11T06:11:20.317Z, 1103.3670244, 704.986953
1715407880332, 2024-05-11T06:11:20.332Z, 1100.0346426, 700.8187283999999
1715407880348, 2024-05-11T06:11:20.348Z, 1099.0430552, 698.9055446
1715407880363, 2024-05-11T06:11:20.363Z, 1103.6970634000002, 703.8578614
1715407880378, 2024-05-11T06:11:20.378Z, 1107.2382526000001, 708.3767358
1715407880393, 2024-05-11T06:11:20.393Z, 1108.7213774, 714.8610534
1715407880408, 2024-05-11T06:11:20.408Z, 1107.86013, 718.1522812000001
1715407880435, 2024-05-11T06:11:20.435Z, 1106.8841822, 722.370273
1715407880448, 2024-05-11T06:11:20.448Z, 1106.3893328, 725.3037916000001
1715407880463, 2024-05-11T06:11:20.463Z, 1104.234841, 727.2856326
1715407880486, 2024-05-11T06:11:20.486Z, 1104.3082200000001, 726.5573554
1715407880501, 2024-05-11T06:11:20.501Z, 1107.5204960000003, 724.6644309999999
1715407880517, 2024-05-11T06:11:20.517Z, 1105.6838828, 719.9981596
1715407880532, 2024-05-11T06:11:20.532Z, 1105.3923822000002, 718.0327786
1715407880548, 2024-05-11T06:11:20.548Z, 1104.2205018, 715.662459
1715407880563, 2024-05-11T06:11:20.563Z, 1098.2046778, 719.4969482
1715407880587, 2024-05-11T06:11:20.587Z, 1093.6891552000002, 722.7282348
1715407880600, 2024-05-11T06:11:20.600Z, 1094.8083139999999, 724.9661924
1715407880614, 2024-05-11T06:11:20.614Z, 1093.5800771999998, 725.9558582
1715407880630, 2024-05-11T06:11:20.630Z, 1093.7722116, 726.9665869999999
1715407880644, 2024-05-11T06:11:20.644Z, 1097.2812684, 724.7622058
1715407880659, 2024-05-11T06:11:20.659Z, 1099.5465454, 725.4472680000001
1715407880675, 2024-05-11T06:11:20.675Z, 1099.6144798, 728.31772
1715407880690, 2024-05-11T06:11:20.690Z, 1097.8117186, 729.2220345999999
1715407880706, 2024-05-11T06:11:20.706Z, 1095.4716352, 730.3548498
1715407880735, 2024-05-11T06:11:20.735Z, 1091.9402568, 730.1275058
1715407880748, 2024-05-11T06:11:20.748Z, 1087.0378660000001, 728.2401662
1715407880762, 2024-05-11T06:11:20.762Z, 1083.9748657999999, 726.7974722000001
1715407880776, 2024-05-11T06:11:20.776Z, 1082.4529986, 726.2809314
1715407880792, 2024-05-11T06:11:20.792Z, 1082.119772, 726.4536742
1715407880807, 2024-05-11T06:11:20.807Z, 1082.0822936, 730.1841837999999
1715407880822, 2024-05-11T06:11:20.822Z, 1083.9123335999998, 732.1817188
1715407880837, 2024-05-11T06:11:20.837Z, 1083.9312678, 732.706748
1715407880852, 2024-05-11T06:11:20.852Z, 1085.1686564, 733.3742942
1715407880885, 2024-05-11T06:11:20.885Z, 1095.4734302000002, 733.6036792
1715407880898, 2024-05-11T06:11:20.898Z, 1105.9929242, 730.6312270000001
1715407880927, 2024-05-11T06:11:20.927Z, 1130.3290202, 726.2081878000001
1715407880944, 2024-05-11T06:11:20.944Z, 1157.2825779999998, 723.0380816
1715407880956, 2024-05-11T06:11:20.956Z, 1193.0983466, 717.0001856000001
1715407880972, 2024-05-11T06:11:20.972Z, 1222.2878151999998, 710.2410896
1715407880987, 2024-05-11T06:11:20.987Z, 1254.7316614, 701.9620468
1715407881033, 2024-05-11T06:11:21.033Z, 1276.0436406000001, 696.0604782
1715407881064, 2024-05-11T06:11:21.064Z, 1292.6966588, 690.3416375999999
1715407881079, 2024-05-11T06:11:21.079Z, 1295.9096003999998, 685.5675284
1715407881095, 2024-05-11T06:11:21.095Z, 1296.0646173999999, 681.5211661999999
1715407881110, 2024-05-11T06:11:21.110Z, 1293.190678, 682.804183
1715407881126, 2024-05-11T06:11:21.126Z, 1286.777847, 686.0646724
1715407881157, 2024-05-11T06:11:21.157Z, 1282.8478705999999, 689.4726433999999
1715407881197, 2024-05-11T06:11:21.197Z, 1285.7382658000001, 700.0811265999998
1715407881212, 2024-05-11T06:11:21.212Z, 1287.7195248, 708.4672525999999
1715407881226, 2024-05-11T06:11:21.226Z, 1293.2601654, 708.8264254
1715407881242, 2024-05-11T06:11:21.242Z, 1297.5674026, 704.6940342
1715407881256, 2024-05-11T06:11:21.256Z, 1301.5320132, 701.77719
1715407881391, 2024-05-11T06:11:21.391Z, 1256.6164889999998, 742.0681129999999
1715407881407, 2024-05-11T06:11:21.407Z, 1226.946634, 769.4845022000001
1715407881438, 2024-05-11T06:11:21.438Z, 1194.3447144000002, 804.6530114
1715407881486, 2024-05-11T06:11:21.486Z, 1161.6763468000001, 841.5840125999999
1715407881502, 2024-05-11T06:11:21.502Z, 1128.9243956000003, 875.0335617999999
1715407881518, 2024-05-11T06:11:21.518Z, 1142.5507515999998, 859.6267807999999
1715407881534, 2024-05-11T06:11:21.534Z, 1143.7345348, 853.7210006000001
1715407881581, 2024-05-11T06:11:21.581Z, 1144.9530971999998, 843.5031417999999
1715407881597, 2024-05-11T06:11:21.597Z, 1146.4261692, 832.7663364
1715407881612, 2024-05-11T06:11:21.612Z, 1143.5981834, 824.2091516
1715407881632, 2024-05-11T06:11:21.632Z, 1145.20675, 808.7271362
1715407881647, 2024-05-11T06:11:21.647Z, 1149.5281264, 795.0167454
1715407881662, 2024-05-11T06:11:21.662Z, 1148.2121622, 786.5283241999999
1715407881676, 2024-05-11T06:11:21.676Z, 1147.4152784, 782.2043735999999
1715407881707, 2024-05-11T06:11:21.707Z, 1153.288282, 783.393755
1715407881723, 2024-05-11T06:11:21.723Z, 1150.8942582, 797.9408950000001
1715407881739, 2024-05-11T06:11:21.739Z, 1141.0894846, 812.8356266000001
1715407881754, 2024-05-11T06:11:21.754Z, 1138.85629, 824.7210832000001
1715407881783, 2024-05-11T06:11:21.783Z, 1140.881134, 835.5163644
1715407881797, 2024-05-11T06:11:21.797Z, 1139.6749626, 839.6983748
1715407881812, 2024-05-11T06:11:21.812Z, 1140.7139704, 839.9018566000001
1715407881827, 2024-05-11T06:11:21.827Z, 1142.2844016000001, 844.781488
1715407881842, 2024-05-11T06:11:21.842Z, 1132.6415566, 848.6631106000001
1715407881872, 2024-05-11T06:11:21.872Z, 1119.0413540000002, 851.5214794
1715407881887, 2024-05-11T06:11:21.887Z, 1110.3241922000002, 854.7529222
1715407881934, 2024-05-11T06:11:21.934Z, 1103.1222504000002, 854.3364427999999
1715407881962, 2024-05-11T06:11:21.962Z, 1098.2663349999998, 848.3180182
1715407881977, 2024-05-11T06:11:21.977Z, 1101.9758082, 842.7539002
1715407881994, 2024-05-11T06:11:21.994Z, 1105.1423662, 837.0514948
1715407882007, 2024-05-11T06:11:22.007Z, 1105.9649886, 832.8417378
1715407882022, 2024-05-11T06:11:22.022Z, 1108.5382214, 830.3819378000001
1715407882054, 2024-05-11T06:11:22.054Z, 1112.3288934, 832.1920339999999
1715407882097, 2024-05-11T06:11:22.097Z, 1118.5391964, 832.1438626000001
1715407882114, 2024-05-11T06:11:22.114Z, 1124.3274854000001, 833.4856282000001
1715407882142, 2024-05-11T06:11:22.142Z, 1124.1767978, 832.6857696
1715407882157, 2024-05-11T06:11:22.157Z, 1118.5351546000002, 832.73513
1715407882171, 2024-05-11T06:11:22.171Z, 1111.3092688000002, 833.0400888
1715407882196, 2024-05-11T06:11:22.196Z, 1101.8295635999998, 834.666303
1715407882211, 2024-05-11T06:11:22.211Z, 1095.906312, 834.5771527999999
1715407882237, 2024-05-11T06:11:22.237Z, 1093.9434314, 836.5560183999999
1715407882249, 2024-05-11T06:11:22.249Z, 1095.7403235999998, 835.5030072
1715407882261, 2024-05-11T06:11:22.261Z, 1098.2777678000002, 833.7974462
1715407882277, 2024-05-11T06:11:22.277Z, 1100.3175634000002, 831.5180756
1715407882305, 2024-05-11T06:11:22.305Z, 1099.3360732, 830.2924416
1715407882337, 2024-05-11T06:11:22.337Z, 1099.0451434000001, 826.9351214000001
1715407882352, 2024-05-11T06:11:22.352Z, 1095.5942234000001, 826.895363
1715407882383, 2024-05-11T06:11:22.383Z, 1089.8985406, 825.8906370000001
1715407882415, 2024-05-11T06:11:22.415Z, 1085.8692242, 824.5658817999999
1715407882430, 2024-05-11T06:11:22.430Z, 1084.1558146000002, 823.6891013999999
1715407882445, 2024-05-11T06:11:22.445Z, 1086.6047640000002, 825.0094237999999
1715407882461, 2024-05-11T06:11:22.461Z, 1093.65764, 825.387591
1715407882476, 2024-05-11T06:11:22.476Z, 1101.325953, 827.0098525999999
1715407882492, 2024-05-11T06:11:22.492Z, 1107.5277262000002, 829.8766312
1715407882507, 2024-05-11T06:11:22.507Z, 1107.8063566, 834.0324948
1715407882539, 2024-05-11T06:11:22.539Z, 1100.9146878, 835.9860014
1715407882555, 2024-05-11T06:11:22.555Z, 1091.9440984, 837.3164584
1715407882570, 2024-05-11T06:11:22.570Z, 1086.269599, 837.543548
1715407882602, 2024-05-11T06:11:22.602Z, 1080.745027, 838.8150018
1715407882617, 2024-05-11T06:11:22.617Z, 1083.2791456, 841.2827356
1715407882632, 2024-05-11T06:11:22.632Z, 1084.8199333999999, 838.8203398000002
1715407882648, 2024-05-11T06:11:22.648Z, 1085.5555467999998, 834.9748696
1715407882665, 2024-05-11T06:11:22.665Z, 1087.7105748, 834.215551
1715407882681, 2024-05-11T06:11:22.681Z, 1089.601612, 831.08351
1715407882696, 2024-05-11T06:11:22.696Z, 1087.1167094, 824.8987568
1715407882727, 2024-05-11T06:11:22.727Z, 1076.5930776, 825.5762333999999
1715407882743, 2024-05-11T06:11:22.743Z, 1071.583418, 827.829911
1715407882759, 2024-05-11T06:11:22.759Z, 1057.0438464000001, 828.2534574000001
1715407882774, 2024-05-11T06:11:22.774Z, 1031.0382564, 834.2283334
1715407882790, 2024-05-11T06:11:22.790Z, 1019.8682660000001, 836.5080765999999
1715407882806, 2024-05-11T06:11:22.806Z, 1022.0688, 838.9494176000001
1715407882831, 2024-05-11T06:11:22.831Z, 1017.8465924, 841.9719028
1715407882844, 2024-05-11T06:11:22.844Z, 1028.4661418, 842.3965019999999
1715407882860, 2024-05-11T06:11:22.860Z, 1052.2848638, 841.2462485999998
1715407882875, 2024-05-11T06:11:22.875Z, 1065.1703585999999, 840.6185866
1715407882905, 2024-05-11T06:11:22.905Z, 1074.8012406, 840.4835059999999
1715407882919, 2024-05-11T06:11:22.919Z, 1086.8178308000001, 845.557712
1715407882935, 2024-05-11T06:11:22.935Z, 1090.112995, 851.3198616
1715407882950, 2024-05-11T06:11:22.950Z, 1092.8906134000001, 857.0640034
1715407882980, 2024-05-11T06:11:22.980Z, 1093.0813526, 866.4702436
1715407882997, 2024-05-11T06:11:22.997Z, 1096.2413259999998, 873.0900286
1715407883015, 2024-05-11T06:11:23.015Z, 1100.8670874, 872.3979836000001
1715407883024, 2024-05-11T06:11:23.024Z, 1102.798625, 870.7614191999999
1715407883043, 2024-05-11T06:11:23.043Z, 1103.2059482, 865.9372256
1715407883059, 2024-05-11T06:11:23.059Z, 1102.6733408, 860.7358306
1715407883089, 2024-05-11T06:11:23.089Z, 1101.7854161999999, 857.100224
1715407883103, 2024-05-11T06:11:23.103Z, 1099.760917, 856.0112302
1715407883135, 2024-05-11T06:11:23.135Z, 1098.8813106, 858.1879482
1715407883150, 2024-05-11T06:11:23.150Z, 1102.288054, 860.648165
1715407883165, 2024-05-11T06:11:23.165Z, 1106.1973543999998, 860.2837198000001
1715407883181, 2024-05-11T06:11:23.181Z, 1107.9665645999999, 860.2085751999999
1715407883197, 2024-05-11T06:11:23.197Z, 1105.5265376, 860.0933521999999
1715407883212, 2024-05-11T06:11:23.212Z, 1106.0003296, 860.3237675999999
1715407883227, 2024-05-11T06:11:23.227Z, 1102.0598844, 860.1643527999998
1715407883242, 2024-05-11T06:11:23.242Z, 1098.2254358, 861.6370878
1715407883285, 2024-05-11T06:11:23.285Z, 1097.5259277999999, 860.9492286000001
1715407883305, 2024-05-11T06:11:23.305Z, 1099.866106, 859.2905826
1715407883321, 2024-05-11T06:11:23.321Z, 1100.5837213999998, 856.2417128
1715407883337, 2024-05-11T06:11:23.337Z, 1102.7365106000002, 852.9610221999999
1715407883352, 2024-05-11T06:11:23.352Z, 1104.0829274, 850.7828953999999
1715407883368, 2024-05-11T06:11:23.368Z, 1103.5194782, 851.478154
1715407883385, 2024-05-11T06:11:23.385Z, 1103.6351986000002, 851.2327564
1715407883400, 2024-05-11T06:11:23.400Z, 1104.517593, 848.0878238000001
1715407883415, 2024-05-11T06:11:23.415Z, 1105.6138782, 840.1297521999999
1715407883437, 2024-05-11T06:11:23.437Z, 1106.5545008000001, 832.4234004
1715407883452, 2024-05-11T06:11:23.452Z, 1107.3288687999998, 824.0921925999999
1715407883462, 2024-05-11T06:11:23.462Z, 1109.0422964000002, 818.455726
1715407883476, 2024-05-11T06:11:23.476Z, 1113.2063420000002, 818.4901815999999
1715407883492, 2024-05-11T06:11:23.492Z, 1118.5140592, 825.729284
1715407883508, 2024-05-11T06:11:23.508Z, 1122.8617558, 832.0086987999999
1715407883539, 2024-05-11T06:11:23.539Z, 1128.0990755999999, 835.0138063999999
1715407883554, 2024-05-11T06:11:23.554Z, 1131.5808661999997, 835.5267984
1715407883581, 2024-05-11T06:11:23.581Z, 1132.7229935999999, 832.2681714
1715407883595, 2024-05-11T06:11:23.595Z, 1132.08803, 825.3408302
1715407883609, 2024-05-11T06:11:23.609Z, 1132.326967, 817.1233866
1715407883640, 2024-05-11T06:11:23.640Z, 1132.8979132, 811.418251
1715407883659, 2024-05-11T06:11:23.659Z, 1137.0031666, 805.5019642
1715407883678, 2024-05-11T06:11:23.678Z, 1143.024078, 801.2689084
1715407883694, 2024-05-11T06:11:23.694Z, 1149.9689202, 798.3848114
1715407883734, 2024-05-11T06:11:23.734Z, 1158.632685, 797.8179087999999
1715407883747, 2024-05-11T06:11:23.747Z, 1168.2114907999999, 796.4189217999999
1715407883773, 2024-05-11T06:11:23.773Z, 1176.9446204, 796.1638776
1715407883789, 2024-05-11T06:11:23.789Z, 1183.7270291999998, 795.672143
1715407883805, 2024-05-11T06:11:23.805Z, 1188.705978, 796.0351356
1715407883820, 2024-05-11T06:11:23.820Z, 1192.309366, 795.4710642
1715407883836, 2024-05-11T06:11:23.836Z, 1194.23164, 795.7879734
1715407883867, 2024-05-11T06:11:23.867Z, 1194.403757, 796.1069206
1715407883884, 2024-05-11T06:11:23.884Z, 1192.6987366, 796.3418304
1715407883899, 2024-05-11T06:11:23.899Z, 1188.2912953999999, 797.5534158000002
1715407883914, 2024-05-11T06:11:23.914Z, 1172.0744198, 801.3450783999999
1715407883931, 2024-05-11T06:11:23.931Z, 1154.08259, 804.0029334
1715407883948, 2024-05-11T06:11:23.948Z, 1135.8662638, 806.5615084
1715407883962, 2024-05-11T06:11:23.962Z, 1118.2988618000002, 807.2589648000001
1715407883977, 2024-05-11T06:11:23.977Z, 1101.6143946, 807.4834033999999
1715407883992, 2024-05-11T06:11:23.992Z, 1096.8380442, 805.6235306
1715407884007, 2024-05-11T06:11:24.007Z, 1095.1294189999999, 803.7044957999999
1715407884034, 2024-05-11T06:11:24.034Z, 1094.3746308, 802.3285917999999
1715407884048, 2024-05-11T06:11:24.048Z, 1094.4737882, 803.8580755999999
1715407884063, 2024-05-11T06:11:24.063Z, 1097.0429568, 803.7116596
1715407884079, 2024-05-11T06:11:24.079Z, 1099.8093276, 804.0779244
1715407884093, 2024-05-11T06:11:24.093Z, 1101.7007284, 805.6111004
1715407884108, 2024-05-11T06:11:24.108Z, 1102.9074329999999, 805.5588494
1715407884123, 2024-05-11T06:11:24.123Z, 1104.8673078000002, 804.1301045999999
1715407884140, 2024-05-11T06:11:24.140Z, 1106.1044200000001, 803.1529290000001
1715407884152, 2024-05-11T06:11:24.152Z, 1106.0340193999998, 801.6920692
1715407884187, 2024-05-11T06:11:24.187Z, 1106.9314038, 798.3647296000001
1715407884225, 2024-05-11T06:11:24.225Z, 1106.9966932, 796.2421424
1715407884241, 2024-05-11T06:11:24.241Z, 1105.329464, 794.2839925999999
1715407884257, 2024-05-11T06:11:24.257Z, 1100.6072292000001, 791.2188743999999
1715407884273, 2024-05-11T06:11:24.273Z, 1094.7620030000003, 788.138755
1715407884289, 2024-05-11T06:11:24.289Z, 1090.3735662, 786.9854604
1715407884304, 2024-05-11T06:11:24.304Z, 1087.8425262, 785.8412234
1715407884333, 2024-05-11T06:11:24.333Z, 1087.3102346, 786.334215
1715407884348, 2024-05-11T06:11:24.348Z, 1089.1855211999998, 788.0405654
1715407884364, 2024-05-11T06:11:24.364Z, 1090.7753732, 790.0938942
1715407884379, 2024-05-11T06:11:24.379Z, 1090.615878, 791.603065
1715407884393, 2024-05-11T06:11:24.393Z, 1089.0814774, 792.2416142000001
1715407884408, 2024-05-11T06:11:24.408Z, 1085.2836456, 790.8582842
1715407884422, 2024-05-11T06:11:24.422Z, 1081.0627322, 792.3489482
1715407884438, 2024-05-11T06:11:24.438Z, 1082.2832672, 795.8775632
1715407884454, 2024-05-11T06:11:24.454Z, 1083.4128434, 799.7356586
1715407884486, 2024-05-11T06:11:24.486Z, 1085.2925126000002, 803.225697
1715407884510, 2024-05-11T06:11:24.510Z, 1088.2777062, 807.3841608
1715407884542, 2024-05-11T06:11:24.542Z, 1093.8899314, 807.2835264
1715407884558, 2024-05-11T06:11:24.558Z, 1094.4260368, 804.4890866
1715407884573, 2024-05-11T06:11:24.573Z, 1097.0546944000002, 796.2555467999999
1715407884589, 2024-05-11T06:11:24.589Z, 1099.1637734, 788.7508379999999
1715407884604, 2024-05-11T06:11:24.604Z, 1103.4399698000002, 783.1107856
1715407884631, 2024-05-11T06:11:24.631Z, 1106.2814605999997, 778.4320998
1715407884660, 2024-05-11T06:11:24.660Z, 1104.6991745999999, 775.0028852
1715407884675, 2024-05-11T06:11:24.675Z, 1100.315493, 777.4115484
1715407884705, 2024-05-11T06:11:24.705Z, 1097.5064472, 782.2740754
1715407884719, 2024-05-11T06:11:24.719Z, 1092.1617872000002, 785.9943924
1715407884738, 2024-05-11T06:11:24.738Z, 1086.2044168, 789.6471792
1715407884754, 2024-05-11T06:11:24.754Z, 1086.5470884000001, 793.7275847999999
1715407884795, 2024-05-11T06:11:24.795Z, 1089.0584262, 795.433939
1715407884810, 2024-05-11T06:11:24.810Z, 1089.129307, 793.9721724
1715407884824, 2024-05-11T06:11:24.824Z, 1090.4375166, 792.0812103999999
1715407884855, 2024-05-11T06:11:24.855Z, 1096.8771046, 788.9627652
1715407884903, 2024-05-11T06:11:24.903Z, 1112.4773504, 788.3526394
1715407884933, 2024-05-11T06:11:24.933Z, 1187.7154372, 809.8773344
1715407884964, 2024-05-11T06:11:24.964Z, 1282.1602480000001, 835.4332516000001
1715407884979, 2024-05-11T06:11:24.979Z, 1379.4832952000002, 855.4112266
1715407884994, 2024-05-11T06:11:24.994Z, 1469.7466080000002, 867.8341532000001
1715407885041, 2024-05-11T06:11:25.041Z, 1547.073271, 869.0286414000002
1715407885056, 2024-05-11T06:11:25.056Z, 1558.424895, 851.9098744
1715407885084, 2024-05-11T06:11:25.084Z, 1548.6069132, 838.7704022
1715407885102, 2024-05-11T06:11:25.102Z, 1531.7297202000002, 839.6573228000001
1715407885118, 2024-05-11T06:11:25.118Z, 1518.0692872, 852.7029505999999
1715407885134, 2024-05-11T06:11:25.134Z, 1505.9787468, 875.6359565999999
1715407885166, 2024-05-11T06:11:25.166Z, 1498.5180896, 899.4921168000001
1715407885184, 2024-05-11T06:11:25.184Z, 1491.0274722, 916.1818284000001
1715407885197, 2024-05-11T06:11:25.197Z, 1439.9362394, 894.0489296
1715407885212, 2024-05-11T06:11:25.212Z, 1383.801462, 866.8595776
1715407885236, 2024-05-11T06:11:25.236Z, 1326.7468362, 836.1674372000001
1715407885250, 2024-05-11T06:11:25.250Z, 1268.5171648, 802.7187246
1715407885265, 2024-05-11T06:11:25.265Z, 1211.8393704000002, 772.4533328
1715407885279, 2024-05-11T06:11:25.279Z, 1202.2112902000001, 773.8456838
1715407885295, 2024-05-11T06:11:25.295Z, 1195.8299604, 777.2824708
1715407885310, 2024-05-11T06:11:25.310Z, 1193.507539, 781.3314128
1715407885324, 2024-05-11T06:11:25.324Z, 1192.190333, 785.0457334000001
1715407885340, 2024-05-11T06:11:25.340Z, 1191.1782802, 786.059929
1715407885355, 2024-05-11T06:11:25.355Z, 1189.7376553999998, 785.6666132
1715407885387, 2024-05-11T06:11:25.387Z, 1187.013497, 785.0853411999999
1715407885402, 2024-05-11T06:11:25.402Z, 1182.3966194, 784.6928332
1715407885418, 2024-05-11T06:11:25.418Z, 1177.2880622, 784.9522800000001
1715407885434, 2024-05-11T06:11:25.434Z, 1172.7205024, 785.435906
1715407885449, 2024-05-11T06:11:25.449Z, 1169.3855592, 785.6246632
1715407885464, 2024-05-11T06:11:25.464Z, 1171.4995602000001, 786.614053
1715407885480, 2024-05-11T06:11:25.480Z, 1178.305439, 788.1572796
1715407885496, 2024-05-11T06:11:25.496Z, 1183.6004118, 787.9212486
1715407885533, 2024-05-11T06:11:25.533Z, 1176.6257516, 785.7464510000001
1715407885561, 2024-05-11T06:11:25.561Z, 1167.2056559999999, 782.6761678
1715407885578, 2024-05-11T06:11:25.578Z, 1043.1311787999998, 767.6635754
1715407885591, 2024-05-11T06:11:25.591Z, 892.1631193999999, 752.7433346
1715407885606, 2024-05-11T06:11:25.606Z, 706.2283858000001, 737.1002202000001
1715407885621, 2024-05-11T06:11:25.621Z, 532.1996594, 724.389235
1715407885637, 2024-05-11T06:11:25.637Z, 358.95268999999996, 713.3580704000001
1715407885653, 2024-05-11T06:11:25.653Z, 297.7993362, 714.0624688
1715407885682, 2024-05-11T06:11:25.682Z, 258.757914, 715.8009054