1714477236129, 2024-04-30T11:40:36.129Z, 249.400184, 482.491666
1714477236143, 2024-04-30T11:40:36.143Z, 249.400184, 482.491666
1714477236174, 2024-04-30T11:40:36.174Z, 196.37145933333332, 468.3180926666667
1714477236264, 2024-04-30T11:40:36.264Z, 233.38745699999998, 500.99981975000003
1714477237158, 2024-04-30T11:40:37.158Z, 196.9498758, 476.81167960000005
1714477237248, 2024-04-30T11:40:37.248Z, 156.94973480000004, 455.864097
1714477237564, 2024-04-30T11:40:37.564Z, 129.6382018, 447.7021199999999
1714477237613, 2024-04-30T11:40:37.613Z, 137.035485, 453.4778776
1714477238012, 2024-04-30T11:40:38.012Z, 77.0740858, 423.3193832
1714477238057, 2024-04-30T11:40:38.057Z, 75.75986639999999, 436.95806519999996
1714477238282, 2024-04-30T11:40:38.282Z, 99.92292639999998, 472.0640734
1714477238328, 2024-04-30T11:40:38.328Z, 99.019548, 482.89145440000004
1714477238375, 2024-04-30T11:40:38.375Z, 95.2245882, 488.2852448
1714477238841, 2024-04-30T11:40:38.841Z, 87.2264668, 474.79133
1714477238867, 2024-04-30T11:40:38.867Z, 90.2205656, 470.76473920000007
1714477238881, 2024-04-30T11:40:38.881Z, 65.9895228, 446.32571960000007
1714477239199, 2024-04-30T11:40:39.199Z, 52.4954924, 428.079159
1714477239227, 2024-04-30T11:40:39.227Z, 39.062237200000006, 431.7590454
1714477239243, 2024-04-30T11:40:39.243Z, 40.8814048, 463.1033762
1714477240086, 2024-04-30T11:40:40.086Z, 56.5030536, 499.0443936
1714477240098, 2024-04-30T11:40:40.098Z, 64.725084, 521.3454830000001
1714477240554, 2024-04-30T11:40:40.554Z, 68.06202520000001, 551.5026637999999
1714477240591, 2024-04-30T11:40:40.591Z, 81.56106600000001, 560.904058
1714477240712, 2024-04-30T11:40:40.712Z, 110.22688280000003, 594.3841288
1714477240729, 2024-04-30T11:40:40.729Z, 95.2142782, 590.673013
1714477240757, 2024-04-30T11:40:40.757Z, 78.1668172, 592.7722028000001
1714477240820, 2024-04-30T11:40:40.820Z, 78.0791522, 595.4128914
1714477240847, 2024-04-30T11:40:40.847Z, 118.6985824, 619.8553761999999
1714477240892, 2024-04-30T11:40:40.892Z, 93.07114020000002, 575.6826834
1714477240909, 2024-04-30T11:40:40.909Z, 90.9004914, 546.3475771999999
1714477240937, 2024-04-30T11:40:40.937Z, 100.92091560000001, 526.6717616
1714477241074, 2024-04-30T11:40:41.074Z, 135.357323, 521.1566646
1714477241090, 2024-04-30T11:40:41.090Z, 100.31913399999999, 477.5463747999999
1714477241190, 2024-04-30T11:40:41.190Z, 121.8461746, 473.81528779999996
1714477241207, 2024-04-30T11:40:41.207Z, 142.18308, 476.2855348
1714477241297, 2024-04-30T11:40:41.297Z, 186.41345259999997, 496.67473140000004
1714477241356, 2024-04-30T11:40:41.356Z, 185.88237380000004, 479.05916319999994
1714477241387, 2024-04-30T11:40:41.387Z, 197.00638279999998, 474.898323
1714477241447, 2024-04-30T11:40:41.447Z, 187.35834219999998, 470.3804506
1714477241525, 2024-04-30T11:40:41.525Z, 160.1904006, 477.11589480000004
1714477241540, 2024-04-30T11:40:41.540Z, 108.44515640000002, 467.9156317999999
1714477241568, 2024-04-30T11:40:41.568Z, 68.58661439999999, 486.20374760000004
1714477241612, 2024-04-30T11:40:41.612Z, 39.250768400000005, 506.635097
1714477241629, 2024-04-30T11:40:41.629Z, 32.7039452, 527.1657268
1714477241657, 2024-04-30T11:40:41.657Z, 46.3395544, 534.9629775999999
1714477242216, 2024-04-30T11:40:42.216Z, 241.6538266, 574.0958462000001
1714477242272, 2024-04-30T11:40:42.272Z, 264.5936304, 598.106138
1714477242444, 2024-04-30T11:40:42.444Z, 283.45211059999997, 629.1473174
1714477242620, 2024-04-30T11:40:42.620Z, 312.88828060000003, 643.7839606
1714477242668, 2024-04-30T11:40:42.668Z, 340.2889062, 645.6987108000001
1714477242709, 2024-04-30T11:40:42.709Z, 205.11744040000002, 612.6021064
1714477242782, 2024-04-30T11:40:42.782Z, 260.3484038, 612.8767604000001
1714477242829, 2024-04-30T11:40:42.829Z, 308.6039088, 603.4967774
1714477242845, 2024-04-30T11:40:42.845Z, 344.2647508, 610.7790824
1714477242876, 2024-04-30T11:40:42.876Z, 373.9211338, 644.4507738
1714477242892, 2024-04-30T11:40:42.892Z, 384.87748380000005, 676.7279396
1714477242918, 2024-04-30T11:40:42.918Z, 374.65422800000005, 679.3098324
1714477242934, 2024-04-30T11:40:42.934Z, 369.5834366, 681.9039312
1714477242962, 2024-04-30T11:40:42.962Z, 362.4501394, 681.1614615999999
1714477242979, 2024-04-30T11:40:42.979Z, 352.5016212, 672.2466238
1714477243007, 2024-04-30T11:40:43.007Z, 345.33357620000004, 666.5355802
1714477243024, 2024-04-30T11:40:43.024Z, 345.182899, 666.9404596
1714477243070, 2024-04-30T11:40:43.070Z, 353.8346818, 671.2158506
1714477243097, 2024-04-30T11:40:43.097Z, 372.98985400000004, 678.0916324
1714477243142, 2024-04-30T11:40:43.142Z, 396.9822122, 678.4938452
1714477243164, 2024-04-30T11:40:43.164Z, 417.76670379999996, 674.3965314000001
1714477243233, 2024-04-30T11:40:43.233Z, 424.84751040000003, 660.1566276
1714477243249, 2024-04-30T11:40:43.249Z, 420.73775800000004, 643.0630586
1714477243278, 2024-04-30T11:40:43.278Z, 406.6458238, 627.5624934
1714477243294, 2024-04-30T11:40:43.294Z, 393.878751, 617.7379044000002
1714477243325, 2024-04-30T11:40:43.325Z, 382.2691268, 611.2999958
1714477243341, 2024-04-30T11:40:43.341Z, 378.45982300000003, 613.0954672
1714477243368, 2024-04-30T11:40:43.368Z, 398.7788812, 616.4168007999999
1714477243384, 2024-04-30T11:40:43.384Z, 421.16402619999997, 620.5388968
1714477243412, 2024-04-30T11:40:43.412Z, 443.6313758, 623.0865944
1714477243429, 2024-04-30T11:40:43.429Z, 464.867736, 625.3748840000001
1714477243457, 2024-04-30T11:40:43.457Z, 483.7405811999999, 628.154528
1714477243520, 2024-04-30T11:40:43.520Z, 478.65129459999997, 628.2349214
1714477243564, 2024-04-30T11:40:43.564Z, 461.41245240000006, 626.7067196
1714477243614, 2024-04-30T11:40:43.614Z, 407.3203314, 600.2721824
1714477243637, 2024-04-30T11:40:43.637Z, 335.4717324, 575.8634749999999
1714477243683, 2024-04-30T11:40:43.683Z, 262.5329428, 567.9875463999999
1714477243699, 2024-04-30T11:40:43.699Z, 198.856449, 569.4355487999999
1714477243744, 2024-04-30T11:40:43.744Z, 154.682132, 572.3264856
1714477243790, 2024-04-30T11:40:43.790Z, 147.7407408, 599.2677381999999
1714477243820, 2024-04-30T11:40:43.820Z, 157.5157436, 621.6672174
1714477243838, 2024-04-30T11:40:43.838Z, 190.6290646, 618.6869397999999
1714477243863, 2024-04-30T11:40:43.863Z, 205.18060540000002, 609.1237194
1714477243970, 2024-04-30T11:40:43.970Z, 218.42067419999998, 611.6991888
1714477244042, 2024-04-30T11:40:44.042Z, 287.63860139999997, 613.7111428000001
1714477244225, 2024-04-30T11:40:44.225Z, 368.0913858, 615.9562774
1714477244243, 2024-04-30T11:40:44.243Z, 431.122416, 618.9454476000001
1714477244271, 2024-04-30T11:40:44.271Z, 510.6362494, 613.850784
1714477244582, 2024-04-30T11:40:44.582Z, 604.4008682000001, 618.9687686000001
1714477244643, 2024-04-30T11:40:44.643Z, 561.0901626, 623.4257756
1714477244898, 2024-04-30T11:40:44.898Z, 468.2038552, 641.162652
1714477244917, 2024-04-30T11:40:44.917Z, 372.31748939999994, 663.6180271999999
1714477244944, 2024-04-30T11:40:44.944Z, 273.38465699999995, 696.293073
1714477244963, 2024-04-30T11:40:44.963Z, 153.19851240000003, 703.9649244
1714477244990, 2024-04-30T11:40:44.990Z, 115.19559260000001, 707.061403
1714477245054, 2024-04-30T11:40:45.054Z, 117.52954580000001, 696.3790146000001
1714477245131, 2024-04-30T11:40:45.131Z, 129.37957360000001, 677.8298404
1714477245169, 2024-04-30T11:40:45.169Z, 150.4920368, 660.3784645999999
1714477245188, 2024-04-30T11:40:45.188Z, 181.06664379999998, 642.7727505999999
1714477245216, 2024-04-30T11:40:45.216Z, 215.69250240000002, 632.4120712
1714477245230, 2024-04-30T11:40:45.230Z, 257.3503356, 633.2733724
1714477245260, 2024-04-30T11:40:45.260Z, 290.920019, 645.6545424
1714477245321, 2024-04-30T11:40:45.321Z, 314.0432334, 647.7141844
1714477245349, 2024-04-30T11:40:45.349Z, 322.33609839999997, 651.0530947999999
1714477245365, 2024-04-30T11:40:45.365Z, 320.4774824, 656.4263428
1714477245443, 2024-04-30T11:40:45.443Z, 307.6205956, 655.938253
1714477245485, 2024-04-30T11:40:45.485Z, 299.8905428, 654.6506248
1714477245528, 2024-04-30T11:40:45.528Z, 300.331807, 671.227366
1714477245677, 2024-04-30T11:40:45.677Z, 303.55800800000003, 694.7040685999999
1714477245708, 2024-04-30T11:40:45.708Z, 300.26638660000003, 705.7239735999999
1714477245725, 2024-04-30T11:40:45.725Z, 297.59140560000003, 699.408316
1714477246310, 2024-04-30T11:40:46.310Z, 340.61266400000005, 685.980509
1714477246383, 2024-04-30T11:40:46.383Z, 318.7394016, 661.7786036
1714477246400, 2024-04-30T11:40:46.400Z, 275.00731379999996, 619.4176362000001
1714477246430, 2024-04-30T11:40:46.430Z, 241.2887822, 581.9092336
1714477246443, 2024-04-30T11:40:46.443Z, 241.8772842, 567.3182024
1714477246473, 2024-04-30T11:40:46.473Z, 189.94587919999998, 559.9353312000001
1714477246489, 2024-04-30T11:40:46.489Z, 197.074444, 552.3899176000001
1714477246520, 2024-04-30T11:40:46.520Z, 249.95389759999998, 564.0649817999999
1714477246563, 2024-04-30T11:40:46.563Z, 308.662212, 583.8163738
1714477246579, 2024-04-30T11:40:46.579Z, 337.4208048, 595.515934
1714477246626, 2024-04-30T11:40:46.626Z, 371.8909314, 614.2358305999999
1714477246672, 2024-04-30T11:40:46.672Z, 405.91166699999997, 628.9498384
1714477246704, 2024-04-30T11:40:46.704Z, 417.28828999999996, 636.4142598000001
1714477246749, 2024-04-30T11:40:46.749Z, 425.7238376, 641.1184908
1714477246765, 2024-04-30T11:40:46.765Z, 431.60824219999995, 646.1607475999999
1714477246796, 2024-04-30T11:40:46.796Z, 431.0726194, 640.6944811999999
1714477246844, 2024-04-30T11:40:46.844Z, 429.3410768, 640.5959928
1714477246860, 2024-04-30T11:40:46.860Z, 431.880815, 644.1709060000001
1714477246891, 2024-04-30T11:40:46.891Z, 436.8159497999999, 647.7222432000001
1714477246938, 2024-04-30T11:40:46.939Z, 444.1930188, 649.097744
1714477246970, 2024-04-30T11:40:46.970Z, 452.519402, 656.212666
1714477246986, 2024-04-30T11:40:46.986Z, 462.35019299999993, 662.4902768000001
1714477247016, 2024-04-30T11:40:47.016Z, 471.1571505999999, 665.0793774000001
1714477247031, 2024-04-30T11:40:47.031Z, 474.9030964, 666.7740948000001
1714477247062, 2024-04-30T11:40:47.062Z, 473.02708319999994, 665.488555
1714477247163, 2024-04-30T11:40:47.163Z, 463.5074756, 668.9485262000001
1714477247193, 2024-04-30T11:40:47.193Z, 451.7432548, 664.6385988
1714477247283, 2024-04-30T11:40:47.283Z, 434.6981398, 660.5205493999999
1714477247298, 2024-04-30T11:40:47.298Z, 417.1354472, 657.4302516
1714477247340, 2024-04-30T11:40:47.340Z, 405.59681639999997, 651.3323808
1714477247387, 2024-04-30T11:40:47.387Z, 402.5656282, 639.0398316
1714477247403, 2024-04-30T11:40:47.403Z, 402.7965024, 634.7490696
1714477247419, 2024-04-30T11:40:47.419Z, 419.91016060000004, 634.7227548
1714477247434, 2024-04-30T11:40:47.434Z, 442.9580882, 634.8398122
1714477247466, 2024-04-30T11:40:47.466Z, 452.9284308, 644.1620221999999
1714477247887, 2024-04-30T11:40:47.887Z, 639.7992296, 585.3989112
1714477248198, 2024-04-30T11:40:48.198Z, 633.9096457999999, 587.6360216
1714477248228, 2024-04-30T11:40:48.228Z, 618.222387, 598.0906332000001
1714477248243, 2024-04-30T11:40:48.243Z, 589.9256528, 609.0733280000001
1714477248273, 2024-04-30T11:40:48.273Z, 574.3384547999999, 617.2026118
1714477248288, 2024-04-30T11:40:48.288Z, 376.5509038, 697.8890548
1714477248319, 2024-04-30T11:40:48.319Z, 368.6988616, 722.0557202
1714477248378, 2024-04-30T11:40:48.378Z, 361.2828144, 736.1822632
1714477248411, 2024-04-30T11:40:48.411Z, 358.72546120000004, 748.9995216
1714477248513, 2024-04-30T11:40:48.513Z, 351.4530876, 754.1636814000001
1714477248543, 2024-04-30T11:40:48.543Z, 354.10837159999994, 750.496895
1714477248558, 2024-04-30T11:40:48.558Z, 359.92008979999997, 741.9488795999999
1714477248589, 2024-04-30T11:40:48.589Z, 360.214322, 729.1595864
1714477248633, 2024-04-30T11:40:48.633Z, 355.86514520000003, 716.5979126
1714477248648, 2024-04-30T11:40:48.648Z, 348.7512654, 710.5518073999999
1714477248681, 2024-04-30T11:40:48.681Z, 318.5776934, 701.566539
1714477248723, 2024-04-30T11:40:48.723Z, 283.8590382, 691.9788076
1714477248740, 2024-04-30T11:40:48.740Z, 256.8699102, 691.7230244
1714477248770, 2024-04-30T11:40:48.770Z, 249.9327898, 693.870675
1714477248783, 2024-04-30T11:40:48.783Z, 250.85420340000002, 697.6013594
1714477248813, 2024-04-30T11:40:48.813Z, 272.9073468, 707.2965922
1714477248828, 2024-04-30T11:40:48.828Z, 299.99643580000003, 715.8168082
1714477248858, 2024-04-30T11:40:48.858Z, 321.7604956, 713.302867
1714477248874, 2024-04-30T11:40:48.874Z, 329.2427818, 710.0424532
1714477248937, 2024-04-30T11:40:48.937Z, 316.90806599999996, 700.8257704
1714477248998, 2024-04-30T11:40:48.998Z, 303.0468634, 705.5702226
1714477249082, 2024-04-30T11:40:49.082Z, 320.0004844, 707.5275829999999
1714477249145, 2024-04-30T11:40:49.145Z, 336.3513432, 712.1330424
1714477249187, 2024-04-30T11:40:49.187Z, 353.391889, 715.4917504000001
1714477250031, 2024-04-30T11:40:50.031Z, 343.3695946, 740.9443666000001
1714477250048, 2024-04-30T11:40:50.048Z, 330.1041156, 742.0153736
1714477250075, 2024-04-30T11:40:50.075Z, 285.3361596, 745.8284467999999
1714477250091, 2024-04-30T11:40:50.091Z, 241.35329279999996, 746.5663748
1714477250119, 2024-04-30T11:40:50.119Z, 197.85062720000002, 746.8621821999999
1714477250170, 2024-04-30T11:40:50.170Z, 198.47775959999998, 730.9953122
1714477250185, 2024-04-30T11:40:50.186Z, 201.1859378, 726.5009834
1714477250216, 2024-04-30T11:40:50.216Z, 204.053175, 732.475553
1714477250230, 2024-04-30T11:40:50.230Z, 207.5218954, 739.3759213999999
1714477250271, 2024-04-30T11:40:50.271Z, 209.7141146, 749.1748192
1714477250308, 2024-04-30T11:40:50.308Z, 208.65903880000002, 752.5525792
1714477250324, 2024-04-30T11:40:50.324Z, 208.0546226, 754.9726222
1714477250389, 2024-04-30T11:40:50.389Z, 207.7986676, 743.3015194000001
1714477250435, 2024-04-30T11:40:50.435Z, 208.4942396, 731.3482116
1714477250450, 2024-04-30T11:40:50.450Z, 211.50447100000002, 717.9765354
1714477250481, 2024-04-30T11:40:50.481Z, 218.05254300000001, 713.2768322
1714477250495, 2024-04-30T11:40:50.495Z, 225.1306828, 708.7199326000001
1714477250527, 2024-04-30T11:40:50.527Z, 231.56686720000002, 710.2710129999999
1714477250542, 2024-04-30T11:40:50.542Z, 236.3920436, 715.8973530000001
1714477250570, 2024-04-30T11:40:50.570Z, 242.8646076, 726.1272827999999
1714477250584, 2024-04-30T11:40:50.584Z, 250.30079880000002, 733.128226
1714477250614, 2024-04-30T11:40:50.614Z, 256.65653000000003, 741.1682816
1714477250630, 2024-04-30T11:40:50.630Z, 263.07104999999996, 748.3247365999999
1714477250659, 2024-04-30T11:40:50.659Z, 271.26291019999996, 751.9537684
1714477250674, 2024-04-30T11:40:50.674Z, 276.94449159999994, 747.9542954000001
1714477250720, 2024-04-30T11:40:50.720Z, 279.36089499999997, 745.3921126
1714477250749, 2024-04-30T11:40:50.749Z, 281.8226384, 742.2836728
1714477250767, 2024-04-30T11:40:50.767Z, 252.386095, 732.6358756
1714477251021, 2024-04-30T11:40:51.021Z, 246.66467680000005, 740.7750074
1714477251169, 2024-04-30T11:40:51.169Z, 243.04928200000003, 716.8919018
1714477251202, 2024-04-30T11:40:51.202Z, 246.5795094, 709.2960762
1714477251221, 2024-04-30T11:40:51.221Z, 258.641052, 713.6023668
1714477251248, 2024-04-30T11:40:51.248Z, 306.82426640000006, 724.5143094000001
1714477251263, 2024-04-30T11:40:51.263Z, 339.1701916, 714.3071134
1714477251295, 2024-04-30T11:40:51.295Z, 369.18911080000004, 739.8600074
1714477251354, 2024-04-30T11:40:51.354Z, 389.4223874, 749.4455894
1714477251453, 2024-04-30T11:40:51.453Z, 421.37747060000004, 717.2995868
1714477252282, 2024-04-30T11:40:52.282Z, 352.8796952, 721.7902045999999
1714477252327, 2024-04-30T11:40:52.327Z, 282.2575332, 732.241319
1714477252373, 2024-04-30T11:40:52.373Z, 212.6456804, 741.1460272
1714477252420, 2024-04-30T11:40:52.420Z, 154.7905622, 747.3736988
1714477252437, 2024-04-30T11:40:52.437Z, 79.04059219999999, 782.589086
1714477252471, 2024-04-30T11:40:52.471Z, 99.60961499999999, 778.3390712
1714477252483, 2024-04-30T11:40:52.483Z, 112.33387559999998, 771.1491626
1714477252520, 2024-04-30T11:40:52.520Z, 124.983203, 757.0581342
1714477252548, 2024-04-30T11:40:52.548Z, 130.4330646, 743.590003
1714477252563, 2024-04-30T11:40:52.563Z, 133.71142099999997, 731.691577
1714477252594, 2024-04-30T11:40:52.594Z, 140.70186859999998, 726.306785
1714477252625, 2024-04-30T11:40:52.625Z, 147.61708040000002, 723.3334456
1714477252640, 2024-04-30T11:40:52.640Z, 153.995148, 728.1318898000001
1714477252683, 2024-04-30T11:40:52.683Z, 161.146669, 733.5639103999999
1714477252702, 2024-04-30T11:40:52.702Z, 168.58163299999998, 739.165538
1714477253271, 2024-04-30T11:40:53.271Z, 145.89217920000002, 745.3073982
1714477253384, 2024-04-30T11:40:53.384Z, 148.9627858, 695.4513893999999
1714477256830, 2024-04-30T11:40:56.830Z, 349.1749312, 594.970514
1714477257049, 2024-04-30T11:40:57.049Z, 625.0444369999999, 507.139137
1714477257095, 2024-04-30T11:40:57.095Z, 894.2978428, 417.45118440000005
1714477257141, 2024-04-30T11:40:57.141Z, 1187.3689689999999, 320.9636064
1714477257183, 2024-04-30T11:40:57.183Z, 1449.5812646, 280.94245179999996
1714477257235, 2024-04-30T11:40:57.235Z, 1512.1494473999999, 288.01455400000003
1714477257281, 2024-04-30T11:40:57.281Z, 1500.3824962000003, 283.66581540000004
1714477257323, 2024-04-30T11:40:57.323Z, 1491.6437170000002, 280.70572699999997
1714477257374, 2024-04-30T11:40:57.374Z, 1485.8261998000003, 278.2607754
1714477257421, 2024-04-30T11:40:57.421Z, 1488.3521066, 276.8170666
1714477257502, 2024-04-30T11:40:57.502Z, 1490.1061512, 278.00923520000003
1714477257519, 2024-04-30T11:40:57.519Z, 1490.4704699999998, 278.3907644
1714477257545, 2024-04-30T11:40:57.545Z, 1492.8443858, 287.06516220000003
1714477257592, 2024-04-30T11:40:57.592Z, 1493.3565884, 295.317769
1714477257634, 2024-04-30T11:40:57.634Z, 1489.884937, 296.36452419999995
1714477257679, 2024-04-30T11:40:57.679Z, 1489.2586166, 299.76090039999997
1714477257732, 2024-04-30T11:40:57.732Z, 1485.8656552, 306.28184980000003
1714477258083, 2024-04-30T11:40:58.083Z, 1486.2711004, 316.3617822
1714477258127, 2024-04-30T11:40:58.127Z, 1485.125286, 323.0820142
1714477258173, 2024-04-30T11:40:58.173Z, 1487.5085756, 336.5815484
1714477258233, 2024-04-30T11:40:58.233Z, 1464.4152568000002, 376.15100859999995
1714477258399, 2024-04-30T11:40:58.399Z, 1496.7577442, 383.1660872
1714477258446, 2024-04-30T11:40:58.446Z, 1529.4601472000002, 379.1521196
1714477258493, 2024-04-30T11:40:58.493Z, 1565.503827, 385.8348368
1714477258531, 2024-04-30T11:40:58.531Z, 1596.1260314, 389.087171
1714477258587, 2024-04-30T11:40:58.587Z, 1651.6047138000001, 366.35599319999994
1714477258634, 2024-04-30T11:40:58.634Z, 1653.1328642, 368.41002259999993
1714477258852, 2024-04-30T11:40:58.852Z, 1638.560308, 360.5061592
1714477258899, 2024-04-30T11:40:58.899Z, 1628.4038938, 355.944705
1714477258915, 2024-04-30T11:40:58.915Z, 1620.5411682000001, 353.5542552
1714477258946, 2024-04-30T11:40:58.946Z, 1607.9863090000003, 347.220097
1714477258985, 2024-04-30T11:40:58.985Z, 1596.531508, 345.2739208
1714477259007, 2024-04-30T11:40:59.007Z, 1643.8126289999996, 340.584039
1714477259039, 2024-04-30T11:40:59.039Z, 1647.0140058000002, 339.2153312
1714477259055, 2024-04-30T11:40:59.055Z, 1689.4151072, 327.1137074
1714477259086, 2024-04-30T11:40:59.086Z, 1741.0087386, 311.8243248
1714477259101, 2024-04-30T11:40:59.101Z, 1741.773579, 308.10902339999996
1714477259397, 2024-04-30T11:40:59.397Z, 1663.6968391999999, 328.6182064
1714477259434, 2024-04-30T11:40:59.434Z, 1623.7190526, 339.88062279999997
1714477259480, 2024-04-30T11:40:59.480Z, 1546.6863692, 361.3362124
1714477259537, 2024-04-30T11:40:59.537Z, 1465.8376116, 384.73596499999996
1714477259569, 2024-04-30T11:40:59.569Z, 1431.9086916, 397.2629066
1714477259615, 2024-04-30T11:40:59.615Z, 1433.2395264000002, 396.9193112
1714477259662, 2024-04-30T11:40:59.662Z, 1434.1355090000002, 394.0656272
1714477260198, 2024-04-30T11:41:00.198Z, 1195.4218468, 441.39833200000004
1714477260251, 2024-04-30T11:41:00.251Z, 956.7668344, 459.9763462000001
1714477260297, 2024-04-30T11:41:00.297Z, 722.8226346, 487.58551339999997
1714477260335, 2024-04-30T11:41:00.335Z, 506.97497020000003, 503.14633539999994
1714477260425, 2024-04-30T11:41:00.425Z, 265.0113762, 473.32327559999993
1714477260829, 2024-04-30T11:41:00.829Z, 270.16346899999996, 434.2429306
1714477261100, 2024-04-30T11:41:01.100Z, 593.9624606, 406.0471506
1714477261150, 2024-04-30T11:41:01.150Z, 867.9454519999999, 368.66117219999995
1714477261196, 2024-04-30T11:41:01.196Z, 1116.875764, 345.9033796
1714477261241, 2024-04-30T11:41:01.241Z, 1377.0622114, 366.9485644
1714477261258, 2024-04-30T11:41:01.258Z, 1608.7184002, 358.4104024
1714477261279, 2024-04-30T11:41:01.279Z, 1525.7673953999997, 374.58196239999995
1714477261337, 2024-04-30T11:41:01.337Z, 1500.1656931999999, 391.6272954
1714477261371, 2024-04-30T11:41:01.371Z, 1501.9625695999998, 399.3942596
1714477261385, 2024-04-30T11:41:01.385Z, 1518.2074042000002, 408.677155
1714477261414, 2024-04-30T11:41:01.414Z, 1552.2391302, 397.96041879999996
1714477261459, 2024-04-30T11:41:01.459Z, 1578.1300373999998, 383.9991396
1714477261549, 2024-04-30T11:41:01.549Z, 1564.2251775999998, 380.52533839999995
1714477261594, 2024-04-30T11:41:01.594Z, 1551.8847701999998, 384.3206738
1714477261639, 2024-04-30T11:41:01.639Z, 1542.143688, 388.1020944
1714477261684, 2024-04-30T11:41:01.684Z, 1542.1662568, 396.5671694
1714477261729, 2024-04-30T11:41:01.729Z, 1533.888667, 414.8678014
1714477261774, 2024-04-30T11:41:01.774Z, 1553.4333198, 418.3931458
1714477261820, 2024-04-30T11:41:01.820Z, 1554.364263, 414.0932756
1714477261868, 2024-04-30T11:41:01.868Z, 1577.0461798000001, 408.31459
1714477261971, 2024-04-30T11:41:01.971Z, 1583.8125746, 439.8782656
1714477262000, 2024-04-30T11:41:02.000Z, 1627.7599910000001, 439.09987639999997
1714477262016, 2024-04-30T11:41:02.016Z, 1676.2050488, 460.9824422
1714477262042, 2024-04-30T11:41:02.042Z, 1721.2695175999997, 475.39927580000005
1714477262056, 2024-04-30T11:41:02.056Z, 1742.0170216, 510.8867816
1714477262087, 2024-04-30T11:41:02.087Z, 1764.2098766, 505.1200164
1714477262132, 2024-04-30T11:41:02.132Z, 1756.916597, 502.59703040000005
1714477262193, 2024-04-30T11:41:02.193Z, 1775.5998661999997, 481.3125808
1714477262209, 2024-04-30T11:41:02.209Z, 1797.9640921999999, 477.25559839999994
1714477262224, 2024-04-30T11:41:02.224Z, 1819.5655608000002, 459.3467702
1714477262269, 2024-04-30T11:41:02.269Z, 1844.4858022, 451.79219299999994
1714477262282, 2024-04-30T11:41:02.282Z, 1876.6107676, 461.9982688
1714477262312, 2024-04-30T11:41:02.312Z, 1886.9504602000002, 477.26838799999996
1714477262763, 2024-04-30T11:41:02.763Z, 1735.8181302, 494.83344120000004
1714477262872, 2024-04-30T11:41:02.872Z, 1578.0661340000001, 506.5218672
1714477262909, 2024-04-30T11:41:02.909Z, 1429.3723086, 517.5536002000001
1714477262924, 2024-04-30T11:41:02.924Z, 1284.7439748000002, 526.1849232000001
1714477262956, 2024-04-30T11:41:02.956Z, 1145.3397674, 523.5068246000001
1714477263101, 2024-04-30T11:41:03.101Z, 1143.3943636, 516.4563192
1714477263128, 2024-04-30T11:41:03.129Z, 1151.3492205999999, 504.4577798
1714477263171, 2024-04-30T11:41:03.171Z, 1154.7204912, 488.41856260000003
1714477263186, 2024-04-30T11:41:03.186Z, 1152.0573022, 475.62434279999997
1714477263218, 2024-04-30T11:41:03.218Z, 1144.9474074000002, 461.8627858
1714477263265, 2024-04-30T11:41:03.265Z, 1150.3649558000002, 456.79454339999995
1714477263354, 2024-04-30T11:41:03.354Z, 1071.6989223999997, 443.5329048
1714477263484, 2024-04-30T11:41:03.484Z, 1047.1480496, 419.76989219999996
1714477263498, 2024-04-30T11:41:03.498Z, 1044.8970726, 413.23562899999996
1714477263528, 2024-04-30T11:41:03.528Z, 1025.2709935999999, 410.36032680000005
1714477263544, 2024-04-30T11:41:03.544Z, 1024.3675144, 399.7784716
1714477263587, 2024-04-30T11:41:03.587Z, 1111.1085898, 395.69847819999995
1714477263618, 2024-04-30T11:41:03.618Z, 1127.9843575999998, 407.0892336
1714477263632, 2024-04-30T11:41:03.632Z, 1124.2823369999999, 376.13233299999996
1714477263662, 2024-04-30T11:41:03.662Z, 1133.5059115999998, 352.17788260000003
1714477263677, 2024-04-30T11:41:03.677Z, 1124.3981998, 324.60287639999996
1714477263722, 2024-04-30T11:41:03.722Z, 1091.3746334, 358.0346384
1714477263767, 2024-04-30T11:41:03.767Z, 1084.3467394, 370.2544626
1714477263797, 2024-04-30T11:41:03.797Z, 1114.7428496, 365.01214139999996
1714477263813, 2024-04-30T11:41:03.813Z, 1148.5684158, 355.2049338
1714477263846, 2024-04-30T11:41:03.846Z, 1186.4910605999999, 371.251105
1714477263861, 2024-04-30T11:41:03.861Z, 1242.6083193999998, 322.8147764
1714477263931, 2024-04-30T11:41:03.931Z, 1277.2724278, 303.3327372
1714477263977, 2024-04-30T11:41:03.977Z, 1264.6236463999999, 331.42189859999996
1714477263991, 2024-04-30T11:41:03.991Z, 1247.3482492, 359.8561902
1714477264021, 2024-04-30T11:41:04.021Z, 1253.138108, 366.7009074
1714477264036, 2024-04-30T11:41:04.036Z, 1259.56615, 393.8615124
1714477264067, 2024-04-30T11:41:04.067Z, 1277.265797, 414.3877412
1714477264081, 2024-04-30T11:41:04.081Z, 1301.7442489999999, 437.28031919999995
1714477264111, 2024-04-30T11:41:04.111Z, 1329.4696212000001, 453.8881101999999
1714477264159, 2024-04-30T11:41:04.159Z, 1334.1807454, 476.0477274
1714477264174, 2024-04-30T11:41:04.174Z, 1332.0448703999998, 476.86481779999997
1714477264220, 2024-04-30T11:41:04.220Z, 1325.1939229999998, 473.927509
1714477264251, 2024-04-30T11:41:04.251Z, 1336.3122374, 469.04766179999996
1714477264266, 2024-04-30T11:41:04.266Z, 1343.7373334, 470.1709614
1714477264297, 2024-04-30T11:41:04.297Z, 1356.4847114, 482.0465534000001
1714477264312, 2024-04-30T11:41:04.312Z, 1371.1527832, 503.14841480000007
1714477264343, 2024-04-30T11:41:04.343Z, 1398.6986896000003, 500.0456146
1714477264384, 2024-04-30T11:41:04.384Z, 1413.4631462000002, 489.759494
1714477264427, 2024-04-30T11:41:04.427Z, 1420.6782773999998, 492.47743440000005
1714477264518, 2024-04-30T11:41:04.518Z, 1192.6309560000002, 472.3992356
1714477265376, 2024-04-30T11:41:05.376Z, 1150.6087718, 479.6934112
1714477265389, 2024-04-30T11:41:05.389Z, 1080.5020322, 515.2695654
1714477265422, 2024-04-30T11:41:05.422Z, 1004.1341266000002, 552.9563317999999
1714477265435, 2024-04-30T11:41:05.435Z, 938.9965142000001, 574.0188797999999
1714477265476, 2024-04-30T11:41:05.476Z, 1103.6395192, 598.5770858
1714477265492, 2024-04-30T11:41:05.492Z, 1085.7145822, 596.8937215999999
1714477265507, 2024-04-30T11:41:05.507Z, 1086.1934032000001, 596.3080113999999
1714477265523, 2024-04-30T11:41:05.523Z, 1087.8018924, 594.9987658
1714477265601, 2024-04-30T11:41:05.601Z, 1085.5590359999999, 585.9365634
1714477265613, 2024-04-30T11:41:05.613Z, 1083.0867641999998, 577.7476138
1714477265643, 2024-04-30T11:41:05.643Z, 1079.4430848000002, 577.6782752000001
1714477265658, 2024-04-30T11:41:05.658Z, 1078.2664040000002, 571.4819273999999
1714477265824, 2024-04-30T11:41:05.824Z, 1176.3625332, 552.0712804000001
1714477265838, 2024-04-30T11:41:05.838Z, 1244.5132272, 562.2498038
1714477265869, 2024-04-30T11:41:05.869Z, 1294.1398976, 577.281095
1714477265883, 2024-04-30T11:41:05.883Z, 1346.6168932, 567.9674052
1714477265913, 2024-04-30T11:41:05.913Z, 1370.142334, 515.3046522000001
1714477265929, 2024-04-30T11:41:05.929Z, 1309.1309516000001, 498.6014852
1714477265945, 2024-04-30T11:41:05.945Z, 1260.1015341999998, 458.1229932
1714477265975, 2024-04-30T11:41:05.975Z, 1231.9504318000002, 413.26547740000007
1714477266026, 2024-04-30T11:41:06.026Z, 1196.166887, 402.8888418
1714477266069, 2024-04-30T11:41:06.069Z, 1199.4051786, 458.26697640000003
1714477266115, 2024-04-30T11:41:06.115Z, 1192.8049948, 475.9821602
1714477266147, 2024-04-30T11:41:06.147Z, 1192.700702, 496.00717520000006
1714477266186, 2024-04-30T11:41:06.186Z, 1175.030942, 536.0767206
1714477266208, 2024-04-30T11:41:06.208Z, 1171.354069, 551.4371834000001
1714477266240, 2024-04-30T11:41:06.240Z, 1158.242159, 524.883453
1714477266255, 2024-04-30T11:41:06.255Z, 1142.0774871999997, 507.002351
1714477266287, 2024-04-30T11:41:06.287Z, 1139.8488146000002, 497.27013339999996
1714477266302, 2024-04-30T11:41:06.302Z, 1152.9634567999997, 474.797339
1714477266321, 2024-04-30T11:41:06.321Z, 1157.8468194000002, 457.3063384
1714477266335, 2024-04-30T11:41:06.335Z, 1156.8751752, 459.0520176
1714477266366, 2024-04-30T11:41:06.366Z, 1152.9483484, 466.7678786
1714477266382, 2024-04-30T11:41:06.382Z, 1145.3020434, 469.62630820000004
1714477266413, 2024-04-30T11:41:06.413Z, 1137.5675735999998, 462.4449684
1714477266428, 2024-04-30T11:41:06.428Z, 1137.9288676, 451.28332520000004
1714477266468, 2024-04-30T11:41:06.468Z, 1142.283531, 440.34142460000004
1714477266497, 2024-04-30T11:41:06.497Z, 1185.7165908, 462.4808738
1714477266725, 2024-04-30T11:41:06.725Z, 1047.6810306, 370.1095324
1714477266767, 2024-04-30T11:41:06.767Z, 910.9468852, 280.502617
1714477266811, 2024-04-30T11:41:06.811Z, 767.0835504, 197.09606880000004
1714477273877, 2024-04-30T11:41:13.877Z, 692.9889042000001, 190.3424084
1714477274642, 2024-04-30T11:41:14.642Z, 750.1640952, 122.07566900000002
1714477274686, 2024-04-30T11:41:14.686Z, 1015.4340632, 136.7791226
1714477276533, 2024-04-30T11:41:16.533Z, 1172.018598, 305.6837042
1714477276548, 2024-04-30T11:41:16.548Z, 1324.8362662, 462.11878379999996
1714477276580, 2024-04-30T11:41:16.580Z, 1376.5403018000002, 503.64253599999995
1714477276595, 2024-04-30T11:41:16.595Z, 1252.9099219999998, 575.5810588
1714477276625, 2024-04-30T11:41:16.625Z, 1104.1271384, 680.7538568
1714477276650, 2024-04-30T11:41:16.650Z, 1067.6357836, 633.5237534
1714477276671, 2024-04-30T11:41:16.671Z, 1017.6620713999998, 586.150293
1714477276684, 2024-04-30T11:41:16.684Z, 1009.1778428000001, 587.5182722000001
1714477276714, 2024-04-30T11:41:16.714Z, 1033.1684300000002, 584.405274
1714477276729, 2024-04-30T11:41:16.729Z, 1062.4074814, 575.4277635999999
1714477276761, 2024-04-30T11:41:16.761Z, 1093.3697778, 569.2077744000001
1714477276776, 2024-04-30T11:41:16.776Z, 1135.9929696, 574.0407402
1714477276817, 2024-04-30T11:41:16.818Z, 1160.9895898, 580.3173538
1714477276846, 2024-04-30T11:41:16.846Z, 1168.5958977999999, 569.4819006
1714477276862, 2024-04-30T11:41:16.862Z, 1164.7845413999999, 565.885123
1714477276892, 2024-04-30T11:41:16.892Z, 1156.1670952, 557.7224254
1714477276907, 2024-04-30T11:41:16.907Z, 1149.3709528, 553.8811102000001
1714477276937, 2024-04-30T11:41:16.937Z, 1148.8992246, 542.833643
1714477276994, 2024-04-30T11:41:16.994Z, 1138.87536, 552.8851434000001
1714477277009, 2024-04-30T11:41:17.009Z, 1134.8323509999998, 559.25206
1714477277041, 2024-04-30T11:41:17.041Z, 1139.2545946, 553.6318986
1714477277056, 2024-04-30T11:41:17.056Z, 1146.4167152, 543.2484094
1714477277087, 2024-04-30T11:41:17.087Z, 1152.25573, 528.592193
1714477277103, 2024-04-30T11:41:17.103Z, 1159.112616, 512.5618208
1714477277149, 2024-04-30T11:41:17.149Z, 1167.2252962, 499.06824059999997
1714477277164, 2024-04-30T11:41:17.164Z, 1171.0695828, 530.2555742000001
1714477277180, 2024-04-30T11:41:17.180Z, 1176.1641188, 562.6404938000001
1714477277212, 2024-04-30T11:41:17.212Z, 1172.7778488000001, 622.4218807999999
1714477277227, 2024-04-30T11:41:17.227Z, 1172.7011859999998, 678.8171199999999
1714477277270, 2024-04-30T11:41:17.270Z, 1170.1017178, 736.8038316
1714477277289, 2024-04-30T11:41:17.289Z, 1166.6739946000002, 755.087624
1714477277305, 2024-04-30T11:41:17.305Z, 1170.4784346000001, 763.0136438000001
1714477277321, 2024-04-30T11:41:17.321Z, 1180.960694, 744.6595528
1714477277352, 2024-04-30T11:41:17.352Z, 1187.495067, 730.5762228
1714477277367, 2024-04-30T11:41:17.367Z, 1196.6802184, 714.8230692
1714477277399, 2024-04-30T11:41:17.399Z, 1198.9460359999998, 714.4479872
1714477277447, 2024-04-30T11:41:17.447Z, 1188.4407619999997, 730.973196
1714477277462, 2024-04-30T11:41:17.462Z, 1181.3412772, 746.5808786
1714477277493, 2024-04-30T11:41:17.493Z, 1178.6639018, 757.2519072
1714477277509, 2024-04-30T11:41:17.509Z, 1180.334947, 767.6095994
1714477277524, 2024-04-30T11:41:17.524Z, 1184.8532186, 769.5248313999999
1714477277539, 2024-04-30T11:41:17.539Z, 1190.3052202, 761.4148933999999
1714477277569, 2024-04-30T11:41:17.569Z, 1190.5571272000002, 753.8304777999999
1714477277583, 2024-04-30T11:41:17.583Z, 1178.7548152000002, 746.9408381999999
1714477277613, 2024-04-30T11:41:17.613Z, 1160.938357, 738.6376
1714477277628, 2024-04-30T11:41:17.628Z, 1135.5639062, 729.0381098
1714477277664, 2024-04-30T11:41:17.664Z, 1116.2788328, 717.5789975999999
1714477277679, 2024-04-30T11:41:17.679Z, 1100.9842578, 704.9200854
1714477277721, 2024-04-30T11:41:17.721Z, 1096.9645674, 693.3537584
1714477277757, 2024-04-30T11:41:17.757Z, 1095.8687838, 681.601285
1714477277772, 2024-04-30T11:41:17.772Z, 1101.2138536, 671.1007674
1714477277804, 2024-04-30T11:41:17.804Z, 1100.9956750000001, 670.1277878
1714477277819, 2024-04-30T11:41:17.819Z, 1099.5025834, 672.2520538
1714477277884, 2024-04-30T11:41:17.884Z, 1105.7526374000001, 679.7185856
1714477277899, 2024-04-30T11:41:17.899Z, 1112.7482842000002, 687.044697
1714477277930, 2024-04-30T11:41:17.930Z, 1125.5201272000002, 692.5911984
1714477277946, 2024-04-30T11:41:17.946Z, 1141.2277632, 694.6264916000001
1714477277962, 2024-04-30T11:41:17.962Z, 1159.0905582, 693.9290046
1714477277977, 2024-04-30T11:41:17.977Z, 1160.5607022, 685.3959622
1714477277993, 2024-04-30T11:41:17.993Z, 1157.6348, 678.9784748
1714477278019, 2024-04-30T11:41:18.019Z, 1141.3223682, 671.408742
1714477278033, 2024-04-30T11:41:18.033Z, 1126.6047575999999, 663.7549206
1714477278047, 2024-04-30T11:41:18.047Z, 1116.4560714, 658.6002154
1714477278063, 2024-04-30T11:41:18.063Z, 1110.0506099999998, 659.7385594
1714477278078, 2024-04-30T11:41:18.078Z, 1101.6864602, 657.3844776
1714477278108, 2024-04-30T11:41:18.108Z, 1104.9103462, 660.7777546
1714477278126, 2024-04-30T11:41:18.126Z, 1111.2830172, 665.6926138000001
1714477278181, 2024-04-30T11:41:18.181Z, 1022.5472376, 641.0327110000001
1714477278211, 2024-04-30T11:41:18.211Z, 858.5428247999998, 600.0410758
1714477278227, 2024-04-30T11:41:18.227Z, 681.9897252, 549.4354605999999
1714477278273, 2024-04-30T11:41:18.273Z, 497.2772311999999, 496.06340259999996
1714477278288, 2024-04-30T11:41:18.288Z, 303.339918, 460.5504102000001
1714477278348, 2024-04-30T11:41:18.348Z, 177.5728948, 529.8750624
1714477278444, 2024-04-30T11:41:18.444Z, 378.9643418, 609.2110752000001
1714477278706, 2024-04-30T11:41:18.706Z, 591.8562622, 690.7944296
1714477278810, 2024-04-30T11:41:18.810Z, 796.1980056, 745.4783166
1714477278855, 2024-04-30T11:41:18.855Z, 994.2273324, 774.7192425999999
1714477278871, 2024-04-30T11:41:18.871Z, 1217.3611696, 728.6706757999999
1714477278887, 2024-04-30T11:41:18.887Z, 1194.0805544, 693.5738744
1714477278918, 2024-04-30T11:41:18.918Z, 1167.2667456, 672.9665733999999
1714477278932, 2024-04-30T11:41:18.932Z, 1148.048045, 684.1344271999999
1714477278945, 2024-04-30T11:41:18.945Z, 1144.1798933999999, 699.599214
1714477278961, 2024-04-30T11:41:18.961Z, 1132.5545902, 714.657735
1714477278977, 2024-04-30T11:41:18.977Z, 1120.3795963999996, 722.1538572
1714477278989, 2024-04-30T11:41:18.989Z, 1126.2831193999998, 723.6712754
1714477279006, 2024-04-30T11:41:19.006Z, 1139.1003882, 722.6757952
1714477279023, 2024-04-30T11:41:19.023Z, 1145.1939968, 725.6261234
1714477279035, 2024-04-30T11:41:19.035Z, 1150.573957, 731.6033996
1714477279067, 2024-04-30T11:41:19.067Z, 1150.7273461999998, 741.9273728000001
1714477279080, 2024-04-30T11:41:19.080Z, 1140.7075052, 754.8101904000001
1714477279116, 2024-04-30T11:41:19.116Z, 1125.4711142, 771.0954472
1714477279125, 2024-04-30T11:41:19.125Z, 1113.5772634, 785.2358025999999
1714477279156, 2024-04-30T11:41:19.156Z, 1105.4377098, 785.725382
1714477279171, 2024-04-30T11:41:19.171Z, 1099.7935876, 782.2157933999999
1714477279215, 2024-04-30T11:41:19.215Z, 1095.648009, 769.8330991999999
1714477279232, 2024-04-30T11:41:19.232Z, 1097.3598376000002, 754.9859562
1714477279248, 2024-04-30T11:41:19.248Z, 1097.7979608, 744.0049804
1714477279279, 2024-04-30T11:41:19.279Z, 1097.431523, 743.3518164
1714477279294, 2024-04-30T11:41:19.294Z, 1096.7012166, 741.7733478
1714477279310, 2024-04-30T11:41:19.310Z, 1094.853937, 745.9247346
1714477279324, 2024-04-30T11:41:19.324Z, 1088.0272850000001, 748.8029703999999
1714477279340, 2024-04-30T11:41:19.340Z, 1082.8391892, 748.01477
1714477279381, 2024-04-30T11:41:19.381Z, 1082.6222822, 748.9487512
1714477279394, 2024-04-30T11:41:19.394Z, 1083.8034948, 751.9219569999999
1714477279427, 2024-04-30T11:41:19.427Z, 1092.3715751999998, 755.9983042
1714477279439, 2024-04-30T11:41:19.439Z, 1142.2238888, 764.6452225999999
1714477279456, 2024-04-30T11:41:19.456Z, 1202.3180568, 785.2269036
1714477279471, 2024-04-30T11:41:19.471Z, 1256.0028148, 798.5534482
1714477279561, 2024-04-30T11:41:19.561Z, 1332.9961132, 822.9311326
1714477279592, 2024-04-30T11:41:19.592Z, 1422.8468954, 838.6443962
1714477279608, 2024-04-30T11:41:19.608Z, 1468.9213788000002, 847.7768139999998
1714477279624, 2024-04-30T11:41:19.624Z, 1507.3273012, 844.984447
1714477279639, 2024-04-30T11:41:19.639Z, 1544.1749304, 845.4494168000001
1714477279681, 2024-04-30T11:41:19.681Z, 1515.4779678, 811.7832418