1714476342959, 2024-04-30T11:25:42.959Z, 133.18403, 333.305781
1714476343004, 2024-04-30T11:25:43.004Z, 117.924442, 297.89635050000004
1714476343049, 2024-04-30T11:25:43.049Z, 117.16980699999999, 285.26333900000003
1714476343408, 2024-04-30T11:25:43.408Z, 108.40670999999999, 232.51691300000002
1714476343452, 2024-04-30T11:25:43.452Z, 104.2070588, 202.366993
1714476343497, 2024-04-30T11:25:43.497Z, 93.0879482, 146.58253059999998
1714476343544, 2024-04-30T11:25:43.544Z, 86.24719100000002, 101.4446402
1714476343634, 2024-04-30T11:25:43.634Z, 71.97896060000001, 49.5124428
1714476343814, 2024-04-30T11:25:43.814Z, 64.242136, 38.409706
1714476343857, 2024-04-30T11:25:43.857Z, 67.19548979999999, 26.481751600000003
1714476343902, 2024-04-30T11:25:43.902Z, 83.393248, 22.2486836
1714476343947, 2024-04-30T11:25:43.947Z, 100.7079516, 24.159659599999998
1714476344175, 2024-04-30T11:25:44.175Z, 112.7584222, 41.7854728
1714476344219, 2024-04-30T11:25:44.219Z, 126.47274340000001, 66.6670992
1714476344265, 2024-04-30T11:25:44.265Z, 129.7928182, 94.4087806
1714476344296, 2024-04-30T11:25:44.296Z, 137.5026248, 132.31253
1714476344446, 2024-04-30T11:25:44.446Z, 123.28411980000001, 177.03398779999998
1714476344489, 2024-04-30T11:25:44.489Z, 120.39417640000002, 223.9354538
1714476344534, 2024-04-30T11:25:44.534Z, 117.17444500000002, 259.0213364
1714476344895, 2024-04-30T11:25:44.895Z, 98.11516320000001, 299.61335959999997
1714476344943, 2024-04-30T11:25:44.943Z, 72.4120738, 318.91211919999995
1714476344989, 2024-04-30T11:25:44.989Z, 78.9447318, 322.8805658
1714476345075, 2024-04-30T11:25:45.075Z, 100.632291, 318.5464128
1714476345120, 2024-04-30T11:25:45.120Z, 110.0377158, 335.58529200000004
1714476345210, 2024-04-30T11:25:45.210Z, 117.86520780000001, 347.8604268
1714476345270, 2024-04-30T11:25:45.270Z, 123.74092500000002, 367.6129704
1714476345302, 2024-04-30T11:25:45.302Z, 115.45528760000002, 385.11490939999993
1714476345346, 2024-04-30T11:25:45.346Z, 90.3518104, 399.6351822
1714476345390, 2024-04-30T11:25:45.390Z, 74.506974, 389.1595037999999
1714476345435, 2024-04-30T11:25:45.435Z, 81.686347, 368.4962134
1714476345526, 2024-04-30T11:25:45.526Z, 100.682241, 354.00093239999995
1714476345570, 2024-04-30T11:25:45.570Z, 110.0261876, 367.93223099999994
1714476345615, 2024-04-30T11:25:45.615Z, 115.9615836, 367.94998219999997
1714476345660, 2024-04-30T11:25:45.660Z, 124.0815306, 374.8161798
1714476345706, 2024-04-30T11:25:45.706Z, 126.37369039999999, 395.03811079999997
1714476345753, 2024-04-30T11:25:45.753Z, 109.6376574, 410.47363740000003
1714476345796, 2024-04-30T11:25:45.796Z, 103.8411496, 406.3345362
1714476345840, 2024-04-30T11:25:45.840Z, 98.513449, 415.695449
1714476345885, 2024-04-30T11:25:45.885Z, 89.9972942, 426.224939
1714476345915, 2024-04-30T11:25:45.915Z, 79.41770339999998, 430.9642438000001
1714476345959, 2024-04-30T11:25:45.959Z, 124.33124459999999, 418.91788240000005
1714476345975, 2024-04-30T11:25:45.975Z, 150.62165439999998, 410.48184860000003
1714476346471, 2024-04-30T11:25:46.471Z, 151.51825720000002, 409.37564019999996
1714476346515, 2024-04-30T11:25:46.515Z, 151.8996944, 414.36876359999997
1714476346560, 2024-04-30T11:25:46.560Z, 146.24603299999998, 431.7341061999999
1714476346572, 2024-04-30T11:25:46.572Z, 87.0441236, 464.22782820000003
1714476346654, 2024-04-30T11:25:46.654Z, 54.457278599999995, 482.9059988
1714476346665, 2024-04-30T11:25:46.665Z, 81.0905898, 486.4277986
1714476346695, 2024-04-30T11:25:46.695Z, 92.169724, 491.05326
1714476346740, 2024-04-30T11:25:46.740Z, 92.3874844, 484.3618974
1714476346875, 2024-04-30T11:25:46.875Z, 92.072957, 486.55603
1714476347010, 2024-04-30T11:25:47.010Z, 88.4615466, 501.3233978
1714476347022, 2024-04-30T11:25:47.022Z, 54.390477, 525.0124926000001
1714476347055, 2024-04-30T11:25:47.055Z, 42.992638799999995, 532.1508432
1714476347146, 2024-04-30T11:25:47.146Z, 56.829687, 542.6716518000001
1714476347176, 2024-04-30T11:25:47.176Z, 62.0915268, 573.244423
1714476347235, 2024-04-30T11:25:47.235Z, 65.75615479999999, 575.9546688
1714476347325, 2024-04-30T11:25:47.325Z, 80.0060698, 567.8067587999999
1714476347370, 2024-04-30T11:25:47.370Z, 90.6581336, 575.5996252000001
1714476347414, 2024-04-30T11:25:47.414Z, 108.8488304, 566.5780988
1714476347459, 2024-04-30T11:25:47.459Z, 137.4020788, 532.9337612
1714476347504, 2024-04-30T11:25:47.504Z, 168.95902919999997, 527.046872
1714476347549, 2024-04-30T11:25:47.549Z, 184.5518248, 520.7484782
1714476347595, 2024-04-30T11:25:47.595Z, 193.49424800000003, 497.7184836
1714476347639, 2024-04-30T11:25:47.639Z, 195.87056020000003, 494.2492174
1714476347686, 2024-04-30T11:25:47.686Z, 209.5790656, 470.94812299999995
1714476347775, 2024-04-30T11:25:47.775Z, 224.6022672, 426.5633728000001
1714476347820, 2024-04-30T11:25:47.820Z, 243.36534420000004, 396.443295
1714476347865, 2024-04-30T11:25:47.865Z, 255.45842080000003, 372.7717924
1714476347910, 2024-04-30T11:25:47.910Z, 248.462013, 339.6998198
1714476347955, 2024-04-30T11:25:47.955Z, 225.41747680000003, 324.755677
1714476348000, 2024-04-30T11:25:48.000Z, 195.3686096, 327.7115766
1714476348077, 2024-04-30T11:25:48.077Z, 155.01912520000002, 359.2443958
1714476348092, 2024-04-30T11:25:48.092Z, 128.3287548, 381.13445779999995
1714476348123, 2024-04-30T11:25:48.123Z, 113.8455402, 382.65562539999996
1714476348138, 2024-04-30T11:25:48.138Z, 101.53059540000001, 381.6946774
1714476348154, 2024-04-30T11:25:48.154Z, 102.773982, 377.030077
1714476348170, 2024-04-30T11:25:48.170Z, 124.36830239999999, 344.7852658
1714476348194, 2024-04-30T11:25:48.194Z, 148.1596744, 324.6214962
1714476348208, 2024-04-30T11:25:48.208Z, 171.2207934, 327.0582336
1714476348223, 2024-04-30T11:25:48.223Z, 193.1546196, 328.683574
1714476348237, 2024-04-30T11:25:48.237Z, 202.7702144, 330.37552719999996
1714476348253, 2024-04-30T11:25:48.253Z, 209.100331, 329.8455512
1714476348268, 2024-04-30T11:25:48.268Z, 204.16225359999999, 321.87264519999997
1714476348282, 2024-04-30T11:25:48.282Z, 196.9625708, 310.6660984
1714476348298, 2024-04-30T11:25:48.298Z, 193.4867592, 304.3749118
1714476348314, 2024-04-30T11:25:48.314Z, 193.79709580000002, 301.1432586
1714476348344, 2024-04-30T11:25:48.344Z, 204.5491008, 315.173469
1714476348418, 2024-04-30T11:25:48.418Z, 224.2611234, 335.40709699999996
1714476348433, 2024-04-30T11:25:48.433Z, 233.0683386, 351.5100446
1714476348523, 2024-04-30T11:25:48.523Z, 398.16123639999995, 465.361621
1714476348539, 2024-04-30T11:25:48.539Z, 431.07237560000004, 485.74188539999994
1714476348568, 2024-04-30T11:25:48.568Z, 446.6280554, 483.75862939999996
1714476348613, 2024-04-30T11:25:48.613Z, 461.886643, 480.57454479999996
1714476348658, 2024-04-30T11:25:48.658Z, 484.727356, 482.854206
1714476348674, 2024-04-30T11:25:48.674Z, 341.0808324000001, 383.52390379999997
1714476348703, 2024-04-30T11:25:48.703Z, 328.73118680000005, 389.018405
1714476348718, 2024-04-30T11:25:48.718Z, 317.8618536, 398.3954192
1714476348748, 2024-04-30T11:25:48.748Z, 322.3637802, 390.34178699999995
1714476348764, 2024-04-30T11:25:48.764Z, 328.6997094, 383.03322519999995
1714476348808, 2024-04-30T11:25:48.808Z, 331.6307742, 374.2424052
1714476348854, 2024-04-30T11:25:48.854Z, 294.2164812, 350.1626316
1714476348883, 2024-04-30T11:25:48.883Z, 257.15284280000003, 326.0777376
1714476348899, 2024-04-30T11:25:48.899Z, 201.12510319999998, 318.165982
1714476348915, 2024-04-30T11:25:48.915Z, 154.48416559999998, 309.63876300000004
1714476348945, 2024-04-30T11:25:48.945Z, 114.2535484, 323.712651
1714476348957, 2024-04-30T11:25:48.957Z, 123.74161380000001, 337.4553372
1714476348973, 2024-04-30T11:25:48.973Z, 139.21584479999999, 354.0736266
1714476348989, 2024-04-30T11:25:48.989Z, 145.4607728, 369.6722706
1714476349034, 2024-04-30T11:25:49.034Z, 151.99262, 392.35417
1714476349047, 2024-04-30T11:25:49.047Z, 172.36046900000002, 396.1622062
1714476349093, 2024-04-30T11:25:49.093Z, 205.91300700000002, 411.2458826
1714476349123, 2024-04-30T11:25:49.123Z, 196.0369496, 426.66069120000003
1714476349169, 2024-04-30T11:25:49.169Z, 195.8982214, 447.7873352
1714476349218, 2024-04-30T11:25:49.218Z, 192.8898666, 453.55097879999994
1714476349258, 2024-04-30T11:25:49.258Z, 174.458077, 458.51911920000003
1714476349304, 2024-04-30T11:25:49.304Z, 136.7636432, 468.3539832
1714476349319, 2024-04-30T11:25:49.319Z, 139.5200658, 475.02430139999996
1714476349336, 2024-04-30T11:25:49.336Z, 169.4707662, 482.289988
1714476349354, 2024-04-30T11:25:49.354Z, 185.8510594, 500.3832018
1714476349367, 2024-04-30T11:25:49.367Z, 208.2576074, 522.3487624
1714476349438, 2024-04-30T11:25:49.438Z, 213.4699324, 522.7424235999999
1714476349468, 2024-04-30T11:25:49.468Z, 232.7021644, 541.6059532
1714476349483, 2024-04-30T11:25:49.483Z, 219.96923880000003, 545.5507976
1714476349513, 2024-04-30T11:25:49.513Z, 230.6654406, 560.0341756
1714476349573, 2024-04-30T11:25:49.573Z, 226.47331979999998, 553.5522002
1714476349622, 2024-04-30T11:25:49.622Z, 215.8867194, 535.202323
1714476349649, 2024-04-30T11:25:49.649Z, 198.8837682, 496.8182808
1714476349663, 2024-04-30T11:25:49.663Z, 196.8216578, 470.2448246
1714476349755, 2024-04-30T11:25:49.755Z, 159.51196520000002, 426.45515059999997
1714476349802, 2024-04-30T11:25:49.802Z, 137.8457234, 403.2517932
1714476349845, 2024-04-30T11:25:49.845Z, 146.981391, 398.35172520000003
1714476349888, 2024-04-30T11:25:49.889Z, 153.3817776, 385.4324456
1714476349934, 2024-04-30T11:25:49.934Z, 179.1434856, 372.2926662
1714476350010, 2024-04-30T11:25:50.010Z, 227.0921186, 391.7235028
1714476350025, 2024-04-30T11:25:50.025Z, 271.5765732, 400.690157
1714476350054, 2024-04-30T11:25:50.054Z, 326.540274, 403.03266620000005
1714476350069, 2024-04-30T11:25:50.069Z, 370.5950662, 413.71661780000005
1714476350099, 2024-04-30T11:25:50.099Z, 384.80059659999995, 423.3700086
1714476350114, 2024-04-30T11:25:50.114Z, 399.60303439999996, 406.4376808
1714476350145, 2024-04-30T11:25:50.145Z, 406.4218054, 392.46401879999996
1714476350340, 2024-04-30T11:25:50.340Z, 355.5600642, 394.87080419999995
1714476350369, 2024-04-30T11:25:50.369Z, 356.10698299999996, 467.63800860000003
1714476350458, 2024-04-30T11:25:50.458Z, 311.5712113999999, 471.20045
1714476350518, 2024-04-30T11:25:50.518Z, 512.1756174, 489.2863278
1714476350611, 2024-04-30T11:25:50.611Z, 720.4657623999999, 504.49595279999994
1714476350657, 2024-04-30T11:25:50.657Z, 955.3717145999999, 516.2049248
1714476350704, 2024-04-30T11:25:50.704Z, 1168.8590594, 455.7048128
1714476350745, 2024-04-30T11:25:50.745Z, 1480.0006858, 470.91770699999995
1714476350803, 2024-04-30T11:25:50.803Z, 1560.9143069999998, 472.9209468
1714476354884, 2024-04-30T11:25:54.884Z, 1455.0649664, 545.2631284
1714476354900, 2024-04-30T11:25:54.900Z, 1361.3445041999998, 604.5795404
1714476354915, 2024-04-30T11:25:54.915Z, 1228.376194, 657.0803362
1714476354943, 2024-04-30T11:25:54.943Z, 1016.0612215999997, 681.2711312
1714476354963, 2024-04-30T11:25:54.963Z, 772.874325, 693.5502852000001
1714476354994, 2024-04-30T11:25:54.994Z, 719.4170453999999, 640.9822928000001
1714476355009, 2024-04-30T11:25:55.009Z, 632.2499936, 596.0668204000001
1714476355025, 2024-04-30T11:25:55.025Z, 534.7191676, 552.6847660000001
1714476355055, 2024-04-30T11:25:55.055Z, 464.53181720000003, 526.597029
1714476355071, 2024-04-30T11:25:55.071Z, 401.06450720000004, 508.82872740000005
1714476355095, 2024-04-30T11:25:55.095Z, 322.3621088, 489.1168874
1714476355109, 2024-04-30T11:25:55.109Z, 277.22700580000003, 468.4901398
1714476355139, 2024-04-30T11:25:55.139Z, 250.4671278, 453.3103228
1714476355154, 2024-04-30T11:25:55.154Z, 225.08901139999998, 440.90124699999996
1714476355184, 2024-04-30T11:25:55.184Z, 207.92351560000003, 427.580331
1714476355202, 2024-04-30T11:25:55.202Z, 204.12797360000002, 418.89273840000004
1714476355225, 2024-04-30T11:25:55.225Z, 196.89989800000004, 418.05612499999995
1714476355250, 2024-04-30T11:25:55.250Z, 193.23004339999997, 425.83843459999997
1714476355274, 2024-04-30T11:25:55.274Z, 189.7484288, 438.7780326
1714476355289, 2024-04-30T11:25:55.289Z, 180.04132099999998, 456.1932922
1714476355321, 2024-04-30T11:25:55.321Z, 175.6465392, 471.1661668
1714476355338, 2024-04-30T11:25:55.338Z, 166.14639200000002, 489.6707874
1714476355367, 2024-04-30T11:25:55.367Z, 158.562808, 502.1577956
1714476355409, 2024-04-30T11:25:55.409Z, 149.427313, 525.6965356000001
1714476355425, 2024-04-30T11:25:55.425Z, 146.9294194, 546.7048540000001
1714476355458, 2024-04-30T11:25:55.458Z, 140.1602578, 567.7976871999999
1714476355476, 2024-04-30T11:25:55.476Z, 139.0935728, 582.1022384
1714476355508, 2024-04-30T11:25:55.508Z, 136.8705766, 595.5004832
1714476355524, 2024-04-30T11:25:55.524Z, 138.3135082, 595.1341038
1714476355545, 2024-04-30T11:25:55.545Z, 139.44082799999998, 594.4535664000001
1714476355559, 2024-04-30T11:25:55.559Z, 142.2683886, 595.2628176000001
1714476355589, 2024-04-30T11:25:55.589Z, 146.525558, 592.775919
1714476355634, 2024-04-30T11:25:55.634Z, 150.9268078, 590.3408512
1714476355650, 2024-04-30T11:25:55.650Z, 152.5574732, 588.0313600000001
1714476355695, 2024-04-30T11:25:55.695Z, 152.3543854, 592.2010648
1714476355724, 2024-04-30T11:25:55.724Z, 158.577055, 592.1710638000001
1714476355739, 2024-04-30T11:25:55.739Z, 169.04639899999998, 598.5682694000001
1714476355769, 2024-04-30T11:25:55.769Z, 213.710383, 629.8551620000001
1714476355785, 2024-04-30T11:25:55.785Z, 264.33523679999996, 663.4587538
1714476355814, 2024-04-30T11:25:55.814Z, 321.17108360000003, 696.313457
1714476355859, 2024-04-30T11:25:55.859Z, 372.12161679999997, 731.667574
1714476355878, 2024-04-30T11:25:55.878Z, 416.40867640000005, 763.3143868
1714476355908, 2024-04-30T11:25:55.908Z, 425.5427108, 768.7368644000001
1714476355924, 2024-04-30T11:25:55.924Z, 430.13621320000004, 771.5922728
1714476355950, 2024-04-30T11:25:55.950Z, 429.17057420000003, 767.6529524
1714476355964, 2024-04-30T11:25:55.964Z, 425.1622878, 764.2730349999999
1714476355995, 2024-04-30T11:25:55.995Z, 421.0638876, 761.9109618
1714476356010, 2024-04-30T11:25:56.010Z, 417.5145104, 765.3854354
1714476356040, 2024-04-30T11:25:56.040Z, 414.304447, 768.9221678
1714476356055, 2024-04-30T11:25:56.055Z, 411.8105926, 773.0246893999999
1714476356086, 2024-04-30T11:25:56.086Z, 408.39387619999997, 781.0017879999999
1714476356145, 2024-04-30T11:25:56.145Z, 405.68170979999996, 787.4131888
1714476356174, 2024-04-30T11:25:56.174Z, 402.9808466, 789.0339988000001
1714476356189, 2024-04-30T11:25:56.189Z, 400.3453606, 790.0064116
1714476356219, 2024-04-30T11:25:56.219Z, 399.8550452, 787.5330742
1714476356234, 2024-04-30T11:25:56.234Z, 400.6930134, 781.3191432
1714476356264, 2024-04-30T11:25:56.264Z, 401.81363359999995, 775.4119488
1714476356313, 2024-04-30T11:25:56.313Z, 410.9939114, 764.3687996
1714476356324, 2024-04-30T11:25:56.324Z, 423.68978159999995, 752.2339654
1714476356338, 2024-04-30T11:25:56.338Z, 474.2272578, 730.8349484
1714476356354, 2024-04-30T11:25:56.354Z, 555.4655942, 698.85863
1714476356369, 2024-04-30T11:25:56.369Z, 649.1059339999999, 662.4543633999999
1714476356382, 2024-04-30T11:25:56.382Z, 735.118389, 636.5366263999999
1714476356400, 2024-04-30T11:25:56.400Z, 820.5065846000001, 614.7415934
1714476356414, 2024-04-30T11:25:56.414Z, 866.3724679999999, 604.632085
1714476356538, 2024-04-30T11:25:56.538Z, 877.8414012, 600.166704
1714476356595, 2024-04-30T11:25:56.595Z, 894.2554682, 581.6748222
1714476356638, 2024-04-30T11:25:56.638Z, 919.2035926000001, 557.1188070000001
1714476356684, 2024-04-30T11:25:56.684Z, 990.8428545999999, 531.2713087999999
1714476356865, 2024-04-30T11:25:56.865Z, 1039.1495948, 499.5463354
1714476356954, 2024-04-30T11:25:56.954Z, 1111.57378, 463.2749914
1714476356984, 2024-04-30T11:25:56.984Z, 1181.5750696, 452.4711058
1714476356999, 2024-04-30T11:25:56.999Z, 1254.5456719999997, 443.8802866
1714476357103, 2024-04-30T11:25:57.103Z, 1287.2311948, 434.542397
1714476357120, 2024-04-30T11:25:57.120Z, 1287.4922114, 449.96472300000005
1714476357143, 2024-04-30T11:25:57.143Z, 1230.9284976, 476.908024
1714476357174, 2024-04-30T11:25:57.174Z, 1132.7740924, 500.3132724
1714476357212, 2024-04-30T11:25:57.212Z, 946.5016750000001, 529.0638966
1714476357233, 2024-04-30T11:25:57.233Z, 738.7431396000001, 553.7396354
1714476357275, 2024-04-30T11:25:57.275Z, 540.841141, 553.6258706
1714476357362, 2024-04-30T11:25:57.362Z, 356.170256, 514.5793646
1714476357392, 2024-04-30T11:25:57.392Z, 197.9034306, 472.35674159999996
1714476357526, 2024-04-30T11:25:57.526Z, 129.17367819999998, 485.7949156000001
1714476357539, 2024-04-30T11:25:57.539Z, 66.3912302, 495.99148180000003
1714476357569, 2024-04-30T11:25:57.569Z, 52.6645268, 509.5307710000001
1714476357585, 2024-04-30T11:25:57.585Z, 64.95816540000001, 558.2130166
1714476357624, 2024-04-30T11:25:57.624Z, 77.69845160000001, 606.7607004
1714476357659, 2024-04-30T11:25:57.659Z, 79.3391806, 596.0551006
1714476357754, 2024-04-30T11:25:57.754Z, 111.47169819999999, 602.4070296
1714476357765, 2024-04-30T11:25:57.765Z, 121.4679498, 619.4177538
1714476357796, 2024-04-30T11:25:57.796Z, 131.8559598, 637.5595972
1714476357811, 2024-04-30T11:25:57.811Z, 142.6329514, 650.3379156
1714476357843, 2024-04-30T11:25:57.843Z, 150.866311, 660.1114266
1714476357891, 2024-04-30T11:25:57.891Z, 126.37025999999999, 660.1635242
1714476357907, 2024-04-30T11:25:57.907Z, 117.60766560000002, 655.7674362
1714476358019, 2024-04-30T11:25:58.019Z, 118.96514199999999, 661.958714
1714476358035, 2024-04-30T11:25:58.035Z, 123.79343159999999, 660.7675412
1714476358199, 2024-04-30T11:25:58.199Z, 136.1656222, 647.7946322
1714476358259, 2024-04-30T11:25:58.259Z, 135.8862236, 671.2633008
1714476358289, 2024-04-30T11:25:58.289Z, 142.0566982, 674.1066473999999
1714476358304, 2024-04-30T11:25:58.304Z, 132.82423999999997, 662.7439836000001
1714476358333, 2024-04-30T11:25:58.333Z, 116.38420980000001, 671.6420932000001
1714476358349, 2024-04-30T11:25:58.349Z, 88.40348580000001, 707.2831279999998
1714476358399, 2024-04-30T11:25:58.399Z, 80.2893738, 703.5083022000001
1714476358424, 2024-04-30T11:25:58.424Z, 70.8254384, 681.664127
1714476358442, 2024-04-30T11:25:58.442Z, 64.2595896, 666.5822587999999
1714476358485, 2024-04-30T11:25:58.485Z, 48.8290984, 657.2552422
1714476358604, 2024-04-30T11:25:58.604Z, 55.276477799999995, 602.6476458
1714476358619, 2024-04-30T11:25:58.619Z, 58.94880619999999, 540.6431086
1714476358649, 2024-04-30T11:25:58.649Z, 69.4517266, 540.1861986
1714476358664, 2024-04-30T11:25:58.664Z, 77.0679784, 539.5586448
1714476358695, 2024-04-30T11:25:58.695Z, 95.5458238, 523.043902
1714476358709, 2024-04-30T11:25:58.709Z, 100.13301019999999, 539.4851553999999
1714476358739, 2024-04-30T11:25:58.739Z, 112.93424599999999, 561.4961134
1714476358754, 2024-04-30T11:25:58.754Z, 122.4255046, 562.5869921999999
1714476358784, 2024-04-30T11:25:58.784Z, 135.9462096, 559.8729529999999
1714476358811, 2024-04-30T11:25:58.811Z, 153.2516576, 560.953639
1714476358849, 2024-04-30T11:25:58.849Z, 166.52846599999998, 559.2986266
1714476358874, 2024-04-30T11:25:58.874Z, 177.75670340000002, 563.7628906000001
1714476358889, 2024-04-30T11:25:58.889Z, 183.5223084, 563.1282868000001
1714476358919, 2024-04-30T11:25:58.919Z, 189.8620758, 563.0135358
1714476358938, 2024-04-30T11:25:58.938Z, 196.391934, 561.2447943999999
1714476358967, 2024-04-30T11:25:58.967Z, 203.71999, 560.2781652
1714476359009, 2024-04-30T11:25:59.009Z, 212.21200340000001, 556.8429273999999
1714476359024, 2024-04-30T11:25:59.024Z, 221.42363919999997, 554.8672578
1714476359057, 2024-04-30T11:25:59.057Z, 233.0355384, 553.5008558
1714476359069, 2024-04-30T11:25:59.069Z, 243.60628420000003, 553.1529842
1714476359099, 2024-04-30T11:25:59.099Z, 256.7432856, 551.6005754
1714476359114, 2024-04-30T11:25:59.114Z, 267.1478106, 550.8125834
1714476359159, 2024-04-30T11:25:59.159Z, 285.47482579999996, 553.5417372
1714476359206, 2024-04-30T11:25:59.206Z, 299.76018600000003, 557.2048678
1714476359264, 2024-04-30T11:25:59.264Z, 511.93569320000006, 548.497698
1714476359326, 2024-04-30T11:25:59.326Z, 676.5132818, 523.6963546
1714476359342, 2024-04-30T11:25:59.342Z, 841.2554764, 492.88415960000003
1714476359459, 2024-04-30T11:25:59.459Z, 1058.8132214, 435.92682540000004
1714476359474, 2024-04-30T11:25:59.474Z, 1273.9246692000002, 376.10356
1714476359563, 2024-04-30T11:25:59.563Z, 1289.888759, 326.39883040000007
1714476359578, 2024-04-30T11:25:59.578Z, 1348.6716984, 294.55298
1714476359609, 2024-04-30T11:25:59.609Z, 1410.7095904000003, 259.95679920000003
1714476359657, 2024-04-30T11:25:59.657Z, 1409.7592640000003, 251.48468739999998
1714476359703, 2024-04-30T11:25:59.703Z, 1413.7893416, 264.8673242
1714476359954, 2024-04-30T11:25:59.954Z, 1412.5849694, 267.430483
1714476359970, 2024-04-30T11:25:59.970Z, 1401.058119, 271.16684580000003
1714476360002, 2024-04-30T11:26:00.002Z, 1387.2477562, 282.8032042
1714476360018, 2024-04-30T11:26:00.018Z, 1379.3170246, 291.86517779999997
1714476360089, 2024-04-30T11:26:00.089Z, 1365.5149582000001, 280.14057440000005
1714476360103, 2024-04-30T11:26:00.103Z, 1353.0817446, 279.9517856
1714476360134, 2024-04-30T11:26:00.134Z, 1353.4209434, 277.6256882
1714476360148, 2024-04-30T11:26:00.148Z, 1352.9503266, 275.2801578
1714476360464, 2024-04-30T11:26:00.464Z, 1106.6342221999998, 376.8280316
1714476360508, 2024-04-30T11:26:00.508Z, 862.792537, 467.36688960000004
1714476360538, 2024-04-30T11:26:00.538Z, 633.6036778, 509.04696939999997
1714476360553, 2024-04-30T11:26:00.553Z, 429.48370380000006, 528.5291496
1714476360583, 2024-04-30T11:26:00.583Z, 225.1436742, 546.8491591999999
1714476360614, 2024-04-30T11:26:00.614Z, 256.22254399999997, 459.58992019999994
1714476360722, 2024-04-30T11:26:00.722Z, 274.9057256, 380.959216
1714476360809, 2024-04-30T11:26:00.809Z, 296.5804322, 403.52935260000004
1714476360899, 2024-04-30T11:26:00.899Z, 283.8765244, 428.79949020000004
1714476361500, 2024-04-30T11:26:01.500Z, 528.6060424, 422.31004199999995
1714476361769, 2024-04-30T11:26:01.769Z, 723.456028, 540.9383812
1714476361872, 2024-04-30T11:26:01.872Z, 918.0421612000002, 662.317692
1714476361890, 2024-04-30T11:26:01.890Z, 970.0676702000001, 603.5425184
1714476362107, 2024-04-30T11:26:02.107Z, 1137.263886, 690.1158866
1714476362311, 2024-04-30T11:26:02.311Z, 1134.4090394, 743.7410636
1714476362385, 2024-04-30T11:26:02.385Z, 1175.2744932, 613.048336
1714476362401, 2024-04-30T11:26:02.401Z, 1222.5708627999998, 500.4360326
1714476362446, 2024-04-30T11:26:02.446Z, 1393.1713465999999, 542.2445538
1714476362520, 2024-04-30T11:26:02.520Z, 1482.3604094, 467.67334740000007
1714476362535, 2024-04-30T11:26:02.535Z, 1490.7755652, 464.5068918
1714476362670, 2024-04-30T11:26:02.670Z, 1464.9604868000001, 498.7552442
1714476362725, 2024-04-30T11:26:02.725Z, 1460.8994616, 518.2101136
1714476362769, 2024-04-30T11:26:02.769Z, 1454.435756, 510.6621544000001
1714476362820, 2024-04-30T11:26:02.820Z, 1422.5280108, 493.6135454
1714476362868, 2024-04-30T11:26:02.868Z, 1408.4337904, 494.45474780000006
1714476363165, 2024-04-30T11:26:03.165Z, 1422.0366947999999, 500.19978119999996
1714476363210, 2024-04-30T11:26:03.210Z, 1420.9336469999998, 496.9586282
1714476363257, 2024-04-30T11:26:03.257Z, 1424.8908772000002, 517.822869
1714476363305, 2024-04-30T11:26:03.305Z, 1470.6561746, 547.1842042000001
1714476363444, 2024-04-30T11:26:03.444Z, 1465.1198346, 563.9789155999999
1714476363882, 2024-04-30T11:26:03.882Z, 1447.9449998, 645.910397
1714476363973, 2024-04-30T11:26:03.973Z, 1410.3124072, 637.0635322
1714476364518, 2024-04-30T11:26:04.518Z, 1371.7357842, 636.7316072
1714476364560, 2024-04-30T11:26:04.560Z, 1293.085177, 615.9579630000001
1714476364604, 2024-04-30T11:26:04.604Z, 1235.5908604, 591.6995159999999
1714476364649, 2024-04-30T11:26:04.649Z, 1203.8397565999999, 525.1481329999999
1714476364693, 2024-04-30T11:26:04.693Z, 1184.8466939999998, 549.0260305999999
1714476364710, 2024-04-30T11:26:04.710Z, 1167.3484045999999, 540.3837792
1714476364722, 2024-04-30T11:26:04.722Z, 1155.0026798, 543.8904188
1714476364739, 2024-04-30T11:26:04.739Z, 1144.8516433999998, 564.3032406
1714476364784, 2024-04-30T11:26:04.784Z, 1139.2307420000002, 583.239307
1714476365268, 2024-04-30T11:26:05.268Z, 1002.9430830000001, 573.3653946000001
1714476365322, 2024-04-30T11:26:05.322Z, 848.7223754, 568.5009752000001
1714476365683, 2024-04-30T11:26:05.683Z, 617.3387898000001, 534.6442872
1714476365712, 2024-04-30T11:26:05.712Z, 388.84973720000005, 477.2677372
1714476365804, 2024-04-30T11:26:05.804Z, 160.30025520000004, 415.55935259999995
1714476366347, 2024-04-30T11:26:06.347Z, 151.723232, 465.6038951999999
1714476366659, 2024-04-30T11:26:06.659Z, 181.21436320000004, 499.5425246000001
1714476366674, 2024-04-30T11:26:06.674Z, 256.0683702, 535.777596
1714476366704, 2024-04-30T11:26:06.704Z, 330.8430988, 568.2131756000001
1714476366749, 2024-04-30T11:26:06.749Z, 420.59413000000006, 610.4770122
1714476366795, 2024-04-30T11:26:06.795Z, 491.96703779999996, 644.389672
1714476366945, 2024-04-30T11:26:06.945Z, 563.0659912, 671.6154610000001
1714476366974, 2024-04-30T11:26:06.974Z, 673.5185416, 745.4028724000001
1714476367066, 2024-04-30T11:26:07.066Z, 797.6533544, 820.5707497999999
1714476368777, 2024-04-30T11:26:08.777Z, 973.5012008, 745.8151044000001
1714476368788, 2024-04-30T11:26:08.788Z, 1095.6037572, 613.0703964
1714476368801, 2024-04-30T11:26:08.801Z, 1193.8780808, 511.0288511999999
1714476368832, 2024-04-30T11:26:08.832Z, 1282.7631372, 383.302818
1714476368846, 2024-04-30T11:26:08.846Z, 1351.9294886, 268.9163668
1714476368897, 2024-04-30T11:26:08.897Z, 1346.4201150000001, 292.0602142
1714476368908, 2024-04-30T11:26:08.908Z, 1348.0993692000002, 313.7546748
1714476368922, 2024-04-30T11:26:08.922Z, 1341.9218594000001, 334.9936384
1714476368956, 2024-04-30T11:26:08.956Z, 1341.5899769999999, 359.53496920000003
1714476368980, 2024-04-30T11:26:08.980Z, 1338.8488652, 379.0568778
1714476369012, 2024-04-30T11:26:09.012Z, 1360.8697032, 388.68292579999996
1714476369027, 2024-04-30T11:26:09.027Z, 1363.4246428000001, 396.5402538
1714476369047, 2024-04-30T11:26:09.047Z, 1382.5542596, 390.6446224
1714476369091, 2024-04-30T11:26:09.091Z, 1401.2604904, 372.63845019999997
1714476369106, 2024-04-30T11:26:09.106Z, 1432.7353566, 350.8913656
1714476369153, 2024-04-30T11:26:09.153Z, 1509.713717, 396.9945944
1714476371547, 2024-04-30T11:26:11.547Z, 1489.3585984000001, 449.30162060000004
1714476371672, 2024-04-30T11:26:11.672Z, 1445.6200518, 515.5748968
1714476371703, 2024-04-30T11:26:11.703Z, 1398.9541628000002, 587.6888344
1714476371719, 2024-04-30T11:26:11.719Z, 1351.4192768, 653.4695052000001
1714476371745, 2024-04-30T11:26:11.745Z, 1243.597164, 660.8345852
1714476371804, 2024-04-30T11:26:11.804Z, 1242.8779434, 654.7149828000001
1714476371843, 2024-04-30T11:26:11.843Z, 1280.903431, 613.6356312
1714476371858, 2024-04-30T11:26:11.858Z, 1311.1569673999998, 590.0777886
1714476371895, 2024-04-30T11:26:11.895Z, 1349.2487552, 553.3103985999999
1714476371923, 2024-04-30T11:26:11.923Z, 1388.4865691999998, 519.0434207999999
1714476371938, 2024-04-30T11:26:11.938Z, 1431.8397948000002, 481.63149039999996
1714476372017, 2024-04-30T11:26:12.017Z, 1449.6319718, 476.40830780000005
1714476372060, 2024-04-30T11:26:12.060Z, 1468.565232, 466.0942904
1714476372123, 2024-04-30T11:26:12.123Z, 1451.2714707999999, 466.8511694
1714476372155, 2024-04-30T11:26:12.155Z, 1435.428469, 465.863001
1714476372209, 2024-04-30T11:26:12.209Z, 1417.4577204, 469.8744720000001
1714476372259, 2024-04-30T11:26:12.259Z, 1411.6051747999998, 465.9712968
1714476372294, 2024-04-30T11:26:12.294Z, 1412.8144408, 457.85082839999995
1714476372310, 2024-04-30T11:26:12.310Z, 1441.6951492, 455.6355542
1714476372389, 2024-04-30T11:26:12.389Z, 1464.3502726000002, 456.93841860000003
1714476372434, 2024-04-30T11:26:12.434Z, 1460.9558634, 488.56130140000005
1714476372509, 2024-04-30T11:26:12.509Z, 1472.4910424, 489.9207184
1714476372599, 2024-04-30T11:26:12.599Z, 1508.5220639999998, 473.55322160000003
1714476372645, 2024-04-30T11:26:12.645Z, 1526.8776646, 459.46433479999996
1714476372689, 2024-04-30T11:26:12.689Z, 1545.9838192, 435.7583066
1714476372739, 2024-04-30T11:26:12.739Z, 1581.2888222, 383.5636488
1714476372844, 2024-04-30T11:26:12.844Z, 1564.5021912, 397.29392179999996
1714476372901, 2024-04-30T11:26:12.901Z, 1489.7507832000001, 445.98615040000004
1714476372978, 2024-04-30T11:26:12.978Z, 1445.485132, 500.8783606
1714476373009, 2024-04-30T11:26:13.009Z, 1427.8616944, 543.1402312
1714476373025, 2024-04-30T11:26:13.025Z, 1418.704058, 579.118677
1714476373071, 2024-04-30T11:26:13.071Z, 1439.589896, 576.9657674
1714476373110, 2024-04-30T11:26:13.110Z, 1483.8542401999998, 556.7350168
1714476373141, 2024-04-30T11:26:13.141Z, 1516.3071686, 530.205307
1714476373156, 2024-04-30T11:26:13.156Z, 1524.2504119999999, 523.9688130000001
1714476373186, 2024-04-30T11:26:13.186Z, 1530.2023450000002, 510.42375439999995
1714476373202, 2024-04-30T11:26:13.202Z, 1538.4121238000002, 499.8086606
1714476373248, 2024-04-30T11:26:13.248Z, 1552.499156, 491.7534256
1714476373276, 2024-04-30T11:26:13.276Z, 1568.0443, 480.8309362
1714476373290, 2024-04-30T11:26:13.290Z, 1581.8885174, 470.79409739999994
1714476373322, 2024-04-30T11:26:13.322Z, 1587.8119112000002, 471.8912334
1714476373337, 2024-04-30T11:26:13.337Z, 1601.4351276, 466.9458412
1714476373368, 2024-04-30T11:26:13.368Z, 1602.4123714, 465.841046
1714476373410, 2024-04-30T11:26:13.410Z, 1592.2632274, 473.817689
1714476373426, 2024-04-30T11:26:13.426Z, 1597.0601685999998, 479.7928336
1714476373559, 2024-04-30T11:26:13.559Z, 1523.0051104, 517.7417066
1714476373649, 2024-04-30T11:26:13.649Z, 1458.227355, 541.550829
1714476373711, 2024-04-30T11:26:13.711Z, 1409.479709, 529.079341
1714476373964, 2024-04-30T11:26:13.964Z, 1333.9616818, 488.68745099999995
1714476374008, 2024-04-30T11:26:14.008Z, 1247.9240362, 473.30560260000004
1714476374084, 2024-04-30T11:26:14.084Z, 1150.1284389999998, 414.30444940000007
1714476374263, 2024-04-30T11:26:14.263Z, 890.5519017999999, 334.071343
1714476374308, 2024-04-30T11:26:14.308Z, 633.8641004, 295.39928560000004
1714476374323, 2024-04-30T11:26:14.323Z, 423.35543939999997, 285.80716259999997
1714476374353, 2024-04-30T11:26:14.353Z, 212.8746142, 264.94889120000005
1714476374371, 2024-04-30T11:26:14.371Z, 95.2671132, 251.39182979999995
1714476374399, 2024-04-30T11:26:14.399Z, 118.25694960000001, 280.13150200000007
1714476374415, 2024-04-30T11:26:14.415Z, 121.92353659999999, 292.7325892
1714476374446, 2024-04-30T11:26:14.446Z, 122.69826420000001, 295.15062159999997
1714476374461, 2024-04-30T11:26:14.461Z, 128.213817, 292.1880826
1714476374475, 2024-04-30T11:26:14.475Z, 132.54364460000002, 291.5560858
1714476374491, 2024-04-30T11:26:14.491Z, 137.51807259999998, 289.0834016
1714476374506, 2024-04-30T11:26:14.506Z, 158.94785259999998, 297.9196254
1714476374536, 2024-04-30T11:26:14.536Z, 176.6794, 313.66594939999993
1714476374552, 2024-04-30T11:26:14.552Z, 190.5839546, 329.25309200000004
1714476374597, 2024-04-30T11:26:14.597Z, 215.3416874, 358.9326648
1714476374625, 2024-04-30T11:26:14.625Z, 243.31889420000002, 396.6749484
1714476374641, 2024-04-30T11:26:14.641Z, 266.833322, 429.60644420000006
1714476374671, 2024-04-30T11:26:14.671Z, 287.29009740000004, 456.7224924
1714476374686, 2024-04-30T11:26:14.686Z, 303.15537559999996, 477.734533
1714476374716, 2024-04-30T11:26:14.716Z, 316.5636392, 488.50633500000004
1714476374760, 2024-04-30T11:26:14.760Z, 342.5009992, 469.5576098
1714476374805, 2024-04-30T11:26:14.805Z, 373.965362, 472.454433
1714476374897, 2024-04-30T11:26:14.897Z, 468.6116126, 481.74610040000005
1714476374941, 2024-04-30T11:26:14.941Z, 638.1052152, 483.62016140000003
1714476374956, 2024-04-30T11:26:14.956Z, 789.4537788, 482.26686480000006
1714476375002, 2024-04-30T11:26:15.002Z, 922.2133342, 501.8910068
1714476375047, 2024-04-30T11:26:15.047Z, 1031.443661, 484.1848556000001
1714476375076, 2024-04-30T11:26:15.076Z, 1068.43837, 456.1073012
1714476375091, 2024-04-30T11:26:15.091Z, 1027.781681, 429.4706228
1714476375119, 2024-04-30T11:26:15.119Z, 1006.0227709999999, 402.6228426
1714476375164, 2024-04-30T11:26:15.164Z, 989.8102154000001, 372.9507692
1714476375209, 2024-04-30T11:26:15.209Z, 978.4006573999999, 357.32835079999995
1714476375226, 2024-04-30T11:26:15.226Z, 968.3093794, 342.2928936
1714476375453, 2024-04-30T11:26:15.453Z, 1057.4622352000001, 345.23113220000005
1714476375494, 2024-04-30T11:26:15.494Z, 1094.1391462, 324.62501519999995
1714476375540, 2024-04-30T11:26:15.540Z, 1138.2917094, 300.30493320000005
1714476375842, 2024-04-30T11:26:15.842Z, 1330.6129563999998, 373.2953518
1714476375904, 2024-04-30T11:26:15.904Z, 1447.194551, 361.702175
1714476375943, 2024-04-30T11:26:15.943Z, 1468.6969238000001, 340.40855419999997
1714476375974, 2024-04-30T11:26:15.974Z, 1533.3544724000003, 348.254855
1714476375988, 2024-04-30T11:26:15.988Z, 1591.7933719999999, 364.1479088
1714476376124, 2024-04-30T11:26:16.124Z, 1536.5135089999999, 311.58875179999995
1714476376202, 2024-04-30T11:26:16.202Z, 1560.9597292, 346.9443436
1714476376217, 2024-04-30T11:26:16.217Z, 1583.7232606000002, 379.725996
1714476376245, 2024-04-30T11:26:16.245Z, 1607.9348464, 408.514587
1714476376259, 2024-04-30T11:26:16.259Z, 1631.433973, 436.40366000000006
1714476382569, 2024-04-30T11:26:22.569Z, 1542.0383426, 448.09846980000003
1714476382586, 2024-04-30T11:26:22.586Z, 1452.7755299999997, 461.9831012000001
1714476382602, 2024-04-30T11:26:22.602Z, 1364.340829, 474.49079240000003
1714476382617, 2024-04-30T11:26:22.617Z, 1279.6248627999998, 486.4045765999999
1714476382680, 2024-04-30T11:26:22.680Z, 1201.4831665999998, 499.31422599999996
1714476382699, 2024-04-30T11:26:22.699Z, 1222.6982555999998, 501.85095139999993
1714476382711, 2024-04-30T11:26:22.711Z, 1223.466835, 501.8694643999999
1714476382774, 2024-04-30T11:26:22.774Z, 1237.0879995999999, 501.4895098
1714476382789, 2024-04-30T11:26:22.789Z, 1252.5409406, 504.7219302
1714476382883, 2024-04-30T11:26:22.883Z, 1263.4748868, 515.6040172
1714476382904, 2024-04-30T11:26:22.904Z, 1285.9249322, 502.2858488
1714476382919, 2024-04-30T11:26:22.919Z, 1331.8536142, 487.9727662
1714476382970, 2024-04-30T11:26:22.970Z, 1363.9553386, 475.4695002
1714476383054, 2024-04-30T11:26:23.054Z, 1378.5973662000001, 484.2947784
1714476383100, 2024-04-30T11:26:23.100Z, 1385.2866016000003, 486.2506219999999
1714476383145, 2024-04-30T11:26:23.145Z, 1371.7283388, 499.9976816
1714476383188, 2024-04-30T11:26:23.188Z, 1361.156065, 516.4857841999999
1714476383218, 2024-04-30T11:26:23.218Z, 1366.450136, 527.4651431999999
1714476383234, 2024-04-30T11:26:23.234Z, 1397.0926534, 508.5388172
1714476383309, 2024-04-30T11:26:23.309Z, 1428.9429274, 496.50827799999996
1714476383324, 2024-04-30T11:26:23.324Z, 1459.8371936, 499.2529619999999
1714476383353, 2024-04-30T11:26:23.353Z, 1491.9020478, 502.67453939999996
1714476383368, 2024-04-30T11:26:23.368Z, 1511.3753478, 511.56123820000005
1714476383398, 2024-04-30T11:26:23.398Z, 1530.2363288000001, 520.7960519999999
1714476383413, 2024-04-30T11:26:23.413Z, 1558.0304404, 520.162978
1714476383445, 2024-04-30T11:26:23.445Z, 1581.0604922, 518.0074614
1714476383459, 2024-04-30T11:26:23.459Z, 1573.15667, 520.772458
1714476383506, 2024-04-30T11:26:23.506Z, 1524.4465830000001, 503.57207980000004
1714476383552, 2024-04-30T11:26:23.552Z, 1465.9008096000002, 480.3006934
1714476383593, 2024-04-30T11:26:23.593Z, 1410.5126584000002, 447.7856183999999
1714476383637, 2024-04-30T11:26:23.637Z, 1357.0446448, 416.3518314
1714476383667, 2024-04-30T11:26:23.667Z, 1324.3631196000001, 382.86489859999995
1714476383772, 2024-04-30T11:26:23.772Z, 1334.3684148, 367.80726560000005
1714476383791, 2024-04-30T11:26:23.791Z, 1328.343311, 386.0534526
1714476383821, 2024-04-30T11:26:23.821Z, 1324.4551026, 407.9735034
1714476383863, 2024-04-30T11:26:23.863Z, 1324.0720108, 438.38137820000003
1714476383908, 2024-04-30T11:26:23.908Z, 1327.2892405999999, 472.7066782
1714476383955, 2024-04-30T11:26:23.955Z, 1339.5606784, 485.61920840000005
1714476384001, 2024-04-30T11:26:24.001Z, 1352.9486854000002, 470.2386566
1714476384043, 2024-04-30T11:26:24.043Z, 1348.9072786, 461.2657650000001
1714476384073, 2024-04-30T11:26:24.073Z, 1335.4376313999999, 440.6510382
1714476384087, 2024-04-30T11:26:24.087Z, 1317.6571904, 409.8895326
1714476384132, 2024-04-30T11:26:24.132Z, 1282.561709, 401.8378048
1714476384222, 2024-04-30T11:26:24.222Z, 1275.1514998, 403.2397488
1714476384237, 2024-04-30T11:26:24.237Z, 1275.6328166, 404.99986119999994
1714476384267, 2024-04-30T11:26:24.267Z, 1281.3574376000001, 418.5931643999999
1714476384312, 2024-04-30T11:26:24.312Z, 1305.6762598, 430.5327762
1714476384343, 2024-04-30T11:26:24.343Z, 1326.3368213999997, 445.29099160000004
1714476384358, 2024-04-30T11:26:24.358Z, 1323.1030474, 456.3363413999999
1714476384402, 2024-04-30T11:26:24.402Z, 1282.4573799999998, 459.3938826
1714476384434, 2024-04-30T11:26:24.434Z, 1146.169313, 421.8006296
1714476384449, 2024-04-30T11:26:24.449Z, 951.0631966000001, 395.249744
1714476384495, 2024-04-30T11:26:24.495Z, 695.4627004, 368.4493752
1714476384522, 2024-04-30T11:26:24.522Z, 457.518866, 323.2898946
1714476384537, 2024-04-30T11:26:24.537Z, 261.06056120000005, 285.5665622
1714476384567, 2024-04-30T11:26:24.567Z, 162.1500622, 300.4878426
1714476384597, 2024-04-30T11:26:24.597Z, 107.4442852, 305.9440302
1714476385332, 2024-04-30T11:26:25.332Z, 108.36962760000002, 366.0671444000001
1714476385559, 2024-04-30T11:26:25.559Z, 327.0933982, 434.57430780000004
1714476385607, 2024-04-30T11:26:25.607Z, 552.6386084, 487.14834899999994
1714476385650, 2024-04-30T11:26:25.650Z, 787.7910737999999, 545.0123958
1714476385665, 2024-04-30T11:26:25.665Z, 1022.7820912, 607.5005502
1714476385711, 2024-04-30T11:26:25.711Z, 1257.828193, 605.3112944
1714476385758, 2024-04-30T11:26:25.758Z, 1261.1156292, 663.5421651999999
1714476385846, 2024-04-30T11:26:25.846Z, 1253.2827174, 687.1609318000001
1714476385891, 2024-04-30T11:26:25.891Z, 1235.9828524, 691.9943082
1714476385947, 2024-04-30T11:26:25.947Z, 1232.4278272, 678.275196
1714476385963, 2024-04-30T11:26:25.963Z, 1253.8427874, 660.9262866
1714476386008, 2024-04-30T11:26:26.008Z, 1280.405357, 592.6614452000001
1714476386023, 2024-04-30T11:26:26.023Z, 1306.6083014, 575.8924756
1714476386068, 2024-04-30T11:26:26.068Z, 1306.9641482000002, 570.9002436000001
1714476386113, 2024-04-30T11:26:26.113Z, 1299.0430882, 595.4898994
1714476386144, 2024-04-30T11:26:26.144Z, 1278.8282308000003, 626.7543417999999
1714476386158, 2024-04-30T11:26:26.158Z, 1257.5732667999998, 656.7418082
1714476386188, 2024-04-30T11:26:26.188Z, 1234.9963886, 682.5067808000001
1714476386203, 2024-04-30T11:26:26.203Z, 1240.3883568, 685.0635694
1714476386233, 2024-04-30T11:26:26.233Z, 1243.9506574000002, 675.2263317999999
1714476386248, 2024-04-30T11:26:26.248Z, 1246.647861, 668.9097462
1714476386294, 2024-04-30T11:26:26.294Z, 1253.5453686, 667.314168
1714476386307, 2024-04-30T11:26:26.307Z, 1259.6265250000001, 665.616141
1714476386323, 2024-04-30T11:26:26.323Z, 1253.0604072, 644.1499742
1714476386338, 2024-04-30T11:26:26.338Z, 1240.2405210000002, 618.0031974000001
1714476386370, 2024-04-30T11:26:26.370Z, 1226.4501594, 596.0924714
1714476386386, 2024-04-30T11:26:26.386Z, 1204.418753, 573.3648182000001
1714476386418, 2024-04-30T11:26:26.418Z, 1181.5972416, 554.9408592
1714476386458, 2024-04-30T11:26:26.458Z, 1167.8813968, 559.7194726
1714476386473, 2024-04-30T11:26:26.473Z, 1154.2982426, 566.9955990000001
1714476386490, 2024-04-30T11:26:26.490Z, 1140.57441, 571.0980138000001
1714476386526, 2024-04-30T11:26:26.526Z, 1122.583339, 583.09325
1714476386573, 2024-04-30T11:26:26.573Z, 1107.2125558, 590.6158686000001
1714476386638, 2024-04-30T11:26:26.638Z, 1113.9424083999997, 597.7039054
1714476386773, 2024-04-30T11:26:26.773Z, 1111.795154, 589.6886074
1714476386788, 2024-04-30T11:26:26.788Z, 1109.7758417999999, 585.4152942
1714476386818, 2024-04-30T11:26:26.818Z, 1119.0453106, 581.6476212
1714476386833, 2024-04-30T11:26:26.833Z, 1127.0033982, 588.6115378000001
1714476386863, 2024-04-30T11:26:26.863Z, 1116.9561853999999, 594.7074848
1714476386908, 2024-04-30T11:26:26.908Z, 1113.9991616, 636.1126218
1714476387057, 2024-04-30T11:26:27.057Z, 1126.8004766, 628.5579762
1714476387105, 2024-04-30T11:26:27.105Z, 1124.7062712000002, 616.7279888
1714476387120, 2024-04-30T11:26:27.120Z, 1124.816427, 598.2612928
1714476387194, 2024-04-30T11:26:27.194Z, 1129.5607636, 593.2166984
1714476387242, 2024-04-30T11:26:27.242Z, 1135.2273728, 568.2369746
1714476387276, 2024-04-30T11:26:27.276Z, 1133.0538278, 580.3486651999999
1714476387292, 2024-04-30T11:26:27.292Z, 1146.3864992, 582.8924368
1714476387324, 2024-04-30T11:26:27.324Z, 1157.742865, 584.8141370000001
1714476387597, 2024-04-30T11:26:27.597Z, 1249.3201880000001, 617.6666602
1714476387644, 2024-04-30T11:26:27.644Z, 1281.1318668, 620.0909330000001
1714476387687, 2024-04-30T11:26:27.687Z, 1278.6052472, 623.6470376
1714476387730, 2024-04-30T11:26:27.730Z, 1261.6744981999998, 623.7461366
1714476387745, 2024-04-30T11:26:27.745Z, 1239.7665098, 624.481528
1714476388001, 2024-04-30T11:26:28.001Z, 1146.4710201999999, 589.9328631999999
1714476388047, 2024-04-30T11:26:28.047Z, 1106.362958, 582.8850497999999
1714476388093, 2024-04-30T11:26:28.093Z, 1092.1814378, 609.7227932
1714476388122, 2024-04-30T11:26:28.122Z, 1094.4988693999999, 632.2808082
1714476388137, 2024-04-30T11:26:28.137Z, 1099.3521044000001, 672.0736476
1714476388151, 2024-04-30T11:26:28.151Z, 1092.3890352, 689.800078
1714476388169, 2024-04-30T11:26:28.169Z, 1102.8554146000001, 686.0106872
1714476388182, 2024-04-30T11:26:28.182Z, 1114.2183162000001, 658.2482656
1714476388217, 2024-04-30T11:26:28.217Z, 1120.5729822, 633.5465382
1714476388260, 2024-04-30T11:26:28.260Z, 1142.3138888, 587.9935291999999
1714476388274, 2024-04-30T11:26:28.274Z, 1160.9952742, 554.2705567999999
1714476388407, 2024-04-30T11:26:28.407Z, 1145.9598878, 580.1170199999999
1714476388441, 2024-04-30T11:26:28.441Z, 1146.7014818, 564.4007702000001
1714476388456, 2024-04-30T11:26:28.456Z, 1145.1086424, 568.291057
1714476388482, 2024-04-30T11:26:28.482Z, 1132.685215, 574.791266
1714476388497, 2024-04-30T11:26:28.497Z, 1126.5183744, 581.6238315999999
1714476388547, 2024-04-30T11:26:28.547Z, 1145.9176092000002, 552.5944958
1714476388571, 2024-04-30T11:26:28.571Z, 1153.4403378000002, 563.0730329999999
1714476388587, 2024-04-30T11:26:28.587Z, 1166.2513918, 558.9478686
1714476388603, 2024-04-30T11:26:28.603Z, 1186.635575, 575.7779108
1714476388634, 2024-04-30T11:26:28.634Z, 1202.0701388, 595.4632118000001
1714476388650, 2024-04-30T11:26:28.650Z, 1217.5028364, 633.9157739999999
1714476388725, 2024-04-30T11:26:28.725Z, 1231.0219892, 667.575933
1714476388755, 2024-04-30T11:26:28.755Z, 1257.7941886, 698.3629808
1714476388770, 2024-04-30T11:26:28.770Z, 1271.8652, 709.0330436
1714476388800, 2024-04-30T11:26:28.800Z, 1287.3876896, 716.6451559999999
1714476388815, 2024-04-30T11:26:28.815Z, 1297.2620744, 708.3321276
1714476388846, 2024-04-30T11:26:28.846Z, 1302.6077168, 704.2507745999999
1714476388860, 2024-04-30T11:26:28.860Z, 1294.0705905999998, 706.6245262
1714476388889, 2024-04-30T11:26:28.889Z, 1290.317434, 709.9902048
1714476388916, 2024-04-30T11:26:28.916Z, 1284.762202, 714.4879062
1714476388947, 2024-04-30T11:26:28.947Z, 1283.042836, 715.0756252
1714476388963, 2024-04-30T11:26:28.963Z, 1283.9480902, 713.5049716000001
1714476388996, 2024-04-30T11:26:28.996Z, 1278.0298808000002, 708.3498910000001
1714476389042, 2024-04-30T11:26:29.042Z, 1265.6550596000002, 704.1455967999999
1714476389058, 2024-04-30T11:26:29.058Z, 1251.424315, 699.2071051999999
1714476389073, 2024-04-30T11:26:29.073Z, 1235.061587, 699.3636332
1714476389089, 2024-04-30T11:26:29.089Z, 1219.3131232, 701.7029052
1714476389103, 2024-04-30T11:26:29.103Z, 1206.8731785999998, 708.5166315999999
1714476389119, 2024-04-30T11:26:29.119Z, 1200.4732522, 715.024324
1714476389162, 2024-04-30T11:26:29.162Z, 1198.3446288, 719.6526779999999
1714476389182, 2024-04-30T11:26:29.182Z, 1199.1406324000002, 722.1026998
1714476389212, 2024-04-30T11:26:29.212Z, 1200.0547038, 723.003588
1714476389228, 2024-04-30T11:26:29.228Z, 1202.6211736, 727.1700526000001
1714476389275, 2024-04-30T11:26:29.275Z, 1216.728549, 740.7657706
1714476389310, 2024-04-30T11:26:29.310Z, 1235.88899, 747.8153137999999
1714476389341, 2024-04-30T11:26:29.341Z, 1263.6384536, 745.389242
1714476389355, 2024-04-30T11:26:29.355Z, 1295.1899835999998, 744.4892016
1714476389385, 2024-04-30T11:26:29.385Z, 1331.7510508, 743.772321
1714476389400, 2024-04-30T11:26:29.400Z, 1357.6031396000003, 733.5178262
1714476389414, 2024-04-30T11:26:29.414Z, 1375.0179673999999, 732.5283284
1714476389449, 2024-04-30T11:26:29.449Z, 1382.0603476000001, 739.9952526
1714476389461, 2024-04-30T11:26:29.461Z, 1383.7982138, 746.9927491999999
1714476389478, 2024-04-30T11:26:29.478Z, 1380.20301, 749.3811404
1714476389492, 2024-04-30T11:26:29.492Z, 1376.9848572, 747.7740266000001
1714476389523, 2024-04-30T11:26:29.523Z, 1382.962774, 740.2480330000001
1714476389539, 2024-04-30T11:26:29.539Z, 1387.0326922, 732.5443702
1714476389570, 2024-04-30T11:26:29.570Z, 1416.4831849999998, 724.5601878
1714476389610, 2024-04-30T11:26:29.610Z, 1437.8921260000002, 736.2807898
1714476389625, 2024-04-30T11:26:29.625Z, 1458.2415446, 750.7976477999999
1714476389656, 2024-04-30T11:26:29.656Z, 1466.4695424, 775.5827357999999
1714476389670, 2024-04-30T11:26:29.670Z, 1489.5562821999997, 796.1719214
1714476389701, 2024-04-30T11:26:29.701Z, 1485.4518463999998, 818.8523216
1714476389717, 2024-04-30T11:26:29.717Z, 1486.2542692, 817.3311228
1714476389757, 2024-04-30T11:26:29.757Z, 1482.569039, 820.6957279999999
1714476389802, 2024-04-30T11:26:29.802Z, 1488.5316004000001, 804.1681292
1714476389848, 2024-04-30T11:26:29.848Z, 1495.6500138, 800.2297342000002
1714476389893, 2024-04-30T11:26:29.893Z, 1515.7031094, 780.4056158000001
1714476389922, 2024-04-30T11:26:29.922Z, 1537.136158, 780.8355574000001
1714476389937, 2024-04-30T11:26:29.937Z, 1561.7315494, 782.0303034000001
1714476389967, 2024-04-30T11:26:29.967Z, 1578.222967, 798.7150674000001
1714476389982, 2024-04-30T11:26:29.982Z, 1588.0849484, 799.8139066
1714476390075, 2024-04-30T11:26:30.075Z, 1518.608528, 816.5683842
1714476390104, 2024-04-30T11:26:30.104Z, 1441.6162064, 811.42872
1714476390120, 2024-04-30T11:26:30.120Z, 1364.7943448, 802.2748234000001
1714476390150, 2024-04-30T11:26:30.150Z, 1287.93715, 788.5007346
1714476390167, 2024-04-30T11:26:30.167Z, 1204.2454670000002, 774.1325280000001
1714476390197, 2024-04-30T11:26:30.197Z, 1185.9862744, 756.3340122
1714476390210, 2024-04-30T11:26:30.210Z, 1176.0285582000001, 743.13677
1714476390237, 2024-04-30T11:26:30.237Z, 1168.2731626, 727.7797926
1714476390252, 2024-04-30T11:26:30.252Z, 1160.7007908, 714.8005688000001
1714476390268, 2024-04-30T11:26:30.268Z, 1156.2612046000002, 707.3132738
1714476390300, 2024-04-30T11:26:30.300Z, 1156.8017408, 701.334456
1714476390316, 2024-04-30T11:26:30.316Z, 1159.8922946000002, 698.4673948000001
1714476390346, 2024-04-30T11:26:30.346Z, 1161.6519056000002, 698.1143164
1714476390376, 2024-04-30T11:26:30.376Z, 1168.2147032, 700.5705372
1714476390390, 2024-04-30T11:26:30.390Z, 1180.7760102000002, 712.3223280000001
1714476390420, 2024-04-30T11:26:30.420Z, 1198.9606600000002, 730.0778966
1714476390435, 2024-04-30T11:26:30.435Z, 1218.320305, 749.2296445999999
1714476390510, 2024-04-30T11:26:30.510Z, 1234.8825016, 759.6529691999999
1714476390525, 2024-04-30T11:26:30.525Z, 1247.808482, 769.7148066
1714476390541, 2024-04-30T11:26:30.541Z, 1241.521453, 760.635945
1714476390555, 2024-04-30T11:26:30.555Z, 1228.402019, 748.1874808
1714476390570, 2024-04-30T11:26:30.570Z, 1211.578981, 731.8670614
1714476390617, 2024-04-30T11:26:30.617Z, 1197.8844342000002, 719.5898818
1714476390646, 2024-04-30T11:26:30.646Z, 1189.5778575999998, 709.4788643999999
1714476390660, 2024-04-30T11:26:30.660Z, 1193.6688583999999, 710.6158646
1714476390690, 2024-04-30T11:26:30.690Z, 1201.1652676, 706.6478298
1714476390705, 2024-04-30T11:26:30.705Z, 1210.8506136, 707.6114875999999
1714476390751, 2024-04-30T11:26:30.751Z, 1221.629462, 711.4852924
1714476390796, 2024-04-30T11:26:30.796Z, 1228.3361472000001, 713.0844854000001
1714476390825, 2024-04-30T11:26:30.825Z, 1229.4697232, 725.321767
1714476390840, 2024-04-30T11:26:30.840Z, 1229.6976928, 743.4493107999999
1714476390886, 2024-04-30T11:26:30.886Z, 1229.6781784, 770.7101918000001
1714476390915, 2024-04-30T11:26:30.915Z, 1230.227272, 796.2055816
1714476390961, 2024-04-30T11:26:30.961Z, 1227.1306920000002, 803.6433438
1714476390990, 2024-04-30T11:26:30.990Z, 1229.6228726000002, 805.1540339999999
1714476391006, 2024-04-30T11:26:31.006Z, 1233.6180174, 796.721696
1714476391022, 2024-04-30T11:26:31.022Z, 1235.3089158, 778.3714491999999
1714476391054, 2024-04-30T11:26:31.054Z, 1236.5277628, 761.2038881999999
1714476391069, 2024-04-30T11:26:31.069Z, 1238.6130844, 763.4427903999999
1714476391097, 2024-04-30T11:26:31.097Z, 1239.0022498, 756.4146624000001
1714476391110, 2024-04-30T11:26:31.110Z, 1237.9390005999999, 756.0911428000002
1714476391140, 2024-04-30T11:26:31.140Z, 1238.0663278, 749.2753909999999
1714476391155, 2024-04-30T11:26:31.155Z, 1242.3532808, 742.509705
1714476391185, 2024-04-30T11:26:31.185Z, 1248.391689, 733.1638838000001
1714476391200, 2024-04-30T11:26:31.200Z, 1250.4327793999998, 727.1841924
1714476391245, 2024-04-30T11:26:31.245Z, 1241.1124346000001, 730.8880558
1714476391274, 2024-04-30T11:26:31.274Z, 1229.8572058, 739.2630434
1714476391289, 2024-04-30T11:26:31.289Z, 1217.3191208, 744.5007608
1714476391319, 2024-04-30T11:26:31.319Z, 1211.3506928000002, 748.8666784
1714476391334, 2024-04-30T11:26:31.334Z, 1213.6732236, 756.2166266
1714476391364, 2024-04-30T11:26:31.364Z, 1221.178681, 754.0344128
1714476391394, 2024-04-30T11:26:31.394Z, 1218.6759379999999, 748.6634277999999
1714476391409, 2024-04-30T11:26:31.409Z, 1214.0727112, 746.6234913999999
1714476391423, 2024-04-30T11:26:31.423Z, 1202.3163303999997, 745.1706647999999
1714476391453, 2024-04-30T11:26:31.453Z, 1183.0447694, 742.6690628
1714476391469, 2024-04-30T11:26:31.469Z, 1162.77084, 742.0353134000001
1714476391499, 2024-04-30T11:26:31.499Z, 1154.6688274, 738.0837681999999
1714476391514, 2024-04-30T11:26:31.514Z, 1142.9594975999998, 732.3005538
1714476391545, 2024-04-30T11:26:31.545Z, 1129.9330212, 726.4444926
1714476391558, 2024-04-30T11:26:31.558Z, 1120.0130646, 720.8890814
1714476391588, 2024-04-30T11:26:31.588Z, 1116.7243232, 712.7302034
1714476391603, 2024-04-30T11:26:31.603Z, 1111.8377283999998, 710.5040178000002
1714476391636, 2024-04-30T11:26:31.637Z, 1110.8686954, 716.5950472000001
1714476391648, 2024-04-30T11:26:31.648Z, 1110.5788426, 725.497426
1714476391694, 2024-04-30T11:26:31.695Z, 1113.0287544, 733.3199916
1714476391724, 2024-04-30T11:26:31.724Z, 1115.0265889999998, 740.8843254
1714476391739, 2024-04-30T11:26:31.739Z, 1118.7843701999998, 745.280738
1714476391753, 2024-04-30T11:26:31.753Z, 1120.1813688, 743.6844136
1714476391769, 2024-04-30T11:26:31.769Z, 1121.7931906, 742.5209756
1714476391787, 2024-04-30T11:26:31.787Z, 1123.293952, 742.1979444000001
1714476391817, 2024-04-30T11:26:31.817Z, 1122.9389334000002, 743.2081096000001
1714476391857, 2024-04-30T11:26:31.857Z, 1092.7848284, 734.7769608000001
1714476391872, 2024-04-30T11:26:31.872Z, 1056.1191368, 722.6990392
1714476391902, 2024-04-30T11:26:31.902Z, 940.89882, 690.2129285999999
1714476391917, 2024-04-30T11:26:31.917Z, 775.9255203999999, 639.0893334
1714476391947, 2024-04-30T11:26:31.947Z, 609.9396132, 589.8050618
1714476391962, 2024-04-30T11:26:31.962Z, 496.79592979999995, 563.4723318
1714476391993, 2024-04-30T11:26:31.993Z, 360.724764, 536.3763856
1714476392007, 2024-04-30T11:26:32.007Z, 302.2812958, 522.0199990000001
1714476392041, 2024-04-30T11:26:32.041Z, 298.8999582, 550.9913960000001
1714476392052, 2024-04-30T11:26:32.052Z, 296.25755200000003, 574.4951911999999
1714476392082, 2024-04-30T11:26:32.082Z, 301.32750200000004, 593.1694074000001
1714476392097, 2024-04-30T11:26:32.097Z, 341.7434362, 612.6692198000001
1714476392144, 2024-04-30T11:26:32.144Z, 409.7233788, 644.2142172
1714476392175, 2024-04-30T11:26:32.175Z, 584.6871986, 654.6860592
1714476392190, 2024-04-30T11:26:32.190Z, 753.5073983999999, 669.8525752
1714476392221, 2024-04-30T11:26:32.221Z, 902.2107027999998, 681.6559354
1714476392237, 2024-04-30T11:26:32.237Z, 1047.0518447999998, 697.5861128
1714476392268, 2024-04-30T11:26:32.268Z, 1167.8980405999998, 705.3914998
1714476392307, 2024-04-30T11:26:32.307Z, 1177.2199544, 706.229217
1714476392322, 2024-04-30T11:26:32.322Z, 1192.8542788, 707.0752150000001
1714476392352, 2024-04-30T11:26:32.352Z, 1191.4805698, 703.2542071999999
1714476392367, 2024-04-30T11:26:32.367Z, 1184.176625, 699.3633122
1714476392381, 2024-04-30T11:26:32.381Z, 1174.1583204, 696.203101
1714476392401, 2024-04-30T11:26:32.401Z, 1161.7398328, 697.1907536
1714476392424, 2024-04-30T11:26:32.424Z, 1147.5903422, 698.3055968
1714476392565, 2024-04-30T11:26:32.565Z, 1117.5529834, 714.7654006
1714476392601, 2024-04-30T11:26:32.601Z, 1115.8938328, 722.0647944
1714476392627, 2024-04-30T11:26:32.627Z, 1116.7443256000001, 727.5830208
1714476392642, 2024-04-30T11:26:32.642Z, 1118.1273818, 729.4023658
1714476392658, 2024-04-30T11:26:32.658Z, 1121.7319898, 729.3918
1714476392673, 2024-04-30T11:26:32.673Z, 1146.90443, 715.740187
1714476392688, 2024-04-30T11:26:32.688Z, 1148.1843624, 706.0120918
1714476392720, 2024-04-30T11:26:32.720Z, 1148.0806984, 692.2382997999999
1714476392744, 2024-04-30T11:26:32.744Z, 1148.6592402, 682.2456978
1714476392759, 2024-04-30T11:26:32.759Z, 1149.2196086, 674.9292766
1714476392774, 2024-04-30T11:26:32.774Z, 1146.2621506, 670.5250830000001
1714476392830, 2024-04-30T11:26:32.830Z, 1141.7285908, 692.2856062000001
1714476392845, 2024-04-30T11:26:32.845Z, 1132.4338462, 713.509398
1714476392861, 2024-04-30T11:26:32.861Z, 1122.6765810000002, 732.4305019999999
1714476392876, 2024-04-30T11:26:32.876Z, 1130.2758278, 767.4198228
1714476392893, 2024-04-30T11:26:32.893Z, 1140.7335334000002, 796.1865829999999
1714476392908, 2024-04-30T11:26:32.908Z, 1152.395775, 804.367311
1714476392924, 2024-04-30T11:26:32.924Z, 1167.0114936, 811.5459306
1714476392940, 2024-04-30T11:26:32.940Z, 1180.810009, 816.7023168
1714476392956, 2024-04-30T11:26:32.956Z, 1178.7769288, 804.5397416
1714476393003, 2024-04-30T11:26:33.003Z, 1174.2323118, 795.550678
1714476393019, 2024-04-30T11:26:33.019Z, 1169.843098, 783.2578094
1714476393066, 2024-04-30T11:26:33.066Z, 1164.796314, 770.8693682
1714476393081, 2024-04-30T11:26:33.081Z, 1161.15798, 760.9064347999999
1714476393096, 2024-04-30T11:26:33.096Z, 1157.0571056, 749.3672856
1714476393128, 2024-04-30T11:26:33.128Z, 1154.4296086, 740.1985109999999
1714476393143, 2024-04-30T11:26:33.143Z, 1152.4015146, 732.3563604000001
1714476393174, 2024-04-30T11:26:33.174Z, 1153.9493294, 729.2639886
1714476393196, 2024-04-30T11:26:33.196Z, 1152.7308712, 725.0945696
1714476393211, 2024-04-30T11:26:33.211Z, 1150.1341280000001, 721.3467
1714476393227, 2024-04-30T11:26:33.227Z, 1152.4379715999999, 720.434118
1714476393286, 2024-04-30T11:26:33.286Z, 1154.695612, 722.5883314
1714476393317, 2024-04-30T11:26:33.317Z, 1172.7162865999999, 708.9949276
1714476393357, 2024-04-30T11:26:33.357Z, 1172.5170131999998, 731.6469121999999
1714476393410, 2024-04-30T11:26:33.410Z, 1181.3622665999999, 747.1407565999999
1714476393440, 2024-04-30T11:26:33.440Z, 1210.9689092, 751.2905154
1714476393455, 2024-04-30T11:26:33.455Z, 1241.1663119999998, 752.5947364
1714476393493, 2024-04-30T11:26:33.493Z, 1251.361685, 771.6689966
1714476393522, 2024-04-30T11:26:33.522Z, 1283.7426838, 755.9878728000001
1714476393537, 2024-04-30T11:26:33.537Z, 1315.1657364, 747.813171
1714476393567, 2024-04-30T11:26:33.567Z, 1318.5110058, 742.2753542
1714476393583, 2024-04-30T11:26:33.583Z, 1318.0328924, 740.6832624
1714476393615, 2024-04-30T11:26:33.615Z, 1318.8439328, 738.3577094
1714476393676, 2024-04-30T11:26:33.676Z, 1320.0839074, 764.0771294
1714476393706, 2024-04-30T11:26:33.706Z, 1312.0156844, 780.4380446
1714476393722, 2024-04-30T11:26:33.722Z, 1302.7021155999998, 793.0051882
1714476393769, 2024-04-30T11:26:33.769Z, 1290.7553666, 788.7483964
1714476393810, 2024-04-30T11:26:33.810Z, 1285.1004226, 783.7915618
1714476393845, 2024-04-30T11:26:33.845Z, 1279.6474422, 758.5851594000001
1714476393860, 2024-04-30T11:26:33.860Z, 1277.3751628000002, 745.0477004
1714476393892, 2024-04-30T11:26:33.892Z, 1283.0057232000001, 738.5841424
1714476393907, 2024-04-30T11:26:33.907Z, 1300.9244353999998, 744.9529482
1714476393923, 2024-04-30T11:26:33.923Z, 1312.3237122, 756.5412210000001
1714476393947, 2024-04-30T11:26:33.947Z, 1316.7614319999998, 765.1134708
1714476393960, 2024-04-30T11:26:33.960Z, 1311.9346414, 764.3176888
1714476393977, 2024-04-30T11:26:33.977Z, 1298.3793351999998, 767.9378224
1714476393990, 2024-04-30T11:26:33.990Z, 1275.2770349999998, 773.1894961999999
1714476394005, 2024-04-30T11:26:34.005Z, 1245.5532232, 778.61505
1714476394035, 2024-04-30T11:26:34.035Z, 1216.3569454, 780.9513742
1714476394066, 2024-04-30T11:26:34.066Z, 1197.4591572000002, 783.0419958
1714476394111, 2024-04-30T11:26:34.111Z, 1180.7582648, 783.5928754
1714476394127, 2024-04-30T11:26:34.127Z, 1168.1541448, 786.2579355999999
1714476394159, 2024-04-30T11:26:34.159Z, 1165.4441259999999, 797.6361880000001
1714476394174, 2024-04-30T11:26:34.174Z, 1167.1858732, 809.7870408
1714476394205, 2024-04-30T11:26:34.205Z, 1156.1494396, 827.4760395999999
1714476394220, 2024-04-30T11:26:34.220Z, 1150.4276032, 839.0696363999999
1714476394244, 2024-04-30T11:26:34.244Z, 1132.489301, 847.264596
1714476394258, 2024-04-30T11:26:34.258Z, 1088.9560957999997, 861.0676542000001
1714476394298, 2024-04-30T11:26:34.298Z, 1045.9483612, 871.8575594
1714476394313, 2024-04-30T11:26:34.313Z, 1022.7186740000001, 866.0632472
1714476394329, 2024-04-30T11:26:34.329Z, 1009.51633, 855.7398410000002
1714476394344, 2024-04-30T11:26:34.344Z, 1012.6605595999999, 837.4603386000001
1714476394360, 2024-04-30T11:26:34.360Z, 1040.1854506, 800.9182842
1714476394375, 2024-04-30T11:26:34.375Z, 1079.5313870000002, 759.8854816
1714476394394, 2024-04-30T11:26:34.394Z, 1107.2352096, 736.94262
1714476394408, 2024-04-30T11:26:34.408Z, 1121.9251351999999, 715.7845062
1714476394423, 2024-04-30T11:26:34.423Z, 1134.3367574, 707.6967526
1714476394442, 2024-04-30T11:26:34.442Z, 1146.8385104, 701.9750718
1714476394453, 2024-04-30T11:26:34.453Z, 1146.8375418, 701.2148078
1714476394468, 2024-04-30T11:26:34.468Z, 1149.5545676, 699.4576822
1714476394485, 2024-04-30T11:26:34.485Z, 1153.9447662, 705.6519194
1714476394514, 2024-04-30T11:26:34.514Z, 1151.4822104, 701.8142546
1714476394544, 2024-04-30T11:26:34.544Z, 1149.3668487999998, 695.3188078000001
1714476394560, 2024-04-30T11:26:34.560Z, 1144.7129146, 687.7474502
1714476394576, 2024-04-30T11:26:34.576Z, 1137.1026636, 686.5933652
1714476394608, 2024-04-30T11:26:34.608Z, 1129.5593246, 684.8367304
1714476394623, 2024-04-30T11:26:34.623Z, 1126.0771516, 687.3996662
1714476394638, 2024-04-30T11:26:34.638Z, 1119.6607006, 687.9668985999999
1714476394654, 2024-04-30T11:26:34.654Z, 1117.0751907999997, 689.7600902
1714476394669, 2024-04-30T11:26:34.669Z, 1120.1017674, 685.8183287999999
1714476394694, 2024-04-30T11:26:34.694Z, 1124.1268708, 679.2385740000001
1714476394708, 2024-04-30T11:26:34.708Z, 1127.1497494, 671.8552987999999
1714476394722, 2024-04-30T11:26:34.722Z, 1132.25212, 666.911205
1714476394747, 2024-04-30T11:26:34.747Z, 1135.9078451999999, 661.2502091999999
1714476394763, 2024-04-30T11:26:34.763Z, 1137.0813956, 655.8731192
1714476394778, 2024-04-30T11:26:34.778Z, 1136.7462048, 652.8020938
1714476394794, 2024-04-30T11:26:34.794Z, 1137.9203866, 651.242237
1714476394809, 2024-04-30T11:26:34.809Z, 1139.2903176, 650.256453
1714476394843, 2024-04-30T11:26:34.843Z, 1136.4425436000001, 650.6588506
1714476394856, 2024-04-30T11:26:34.856Z, 1134.7871956, 652.4394556
1714476394872, 2024-04-30T11:26:34.872Z, 1130.5594, 658.0580236000001
1714476394888, 2024-04-30T11:26:34.888Z, 1123.3182124, 666.1827719999999
1714476394919, 2024-04-30T11:26:34.919Z, 1116.2860686, 675.3992362
1714476394935, 2024-04-30T11:26:34.935Z, 1114.6115232, 684.7768292
1714476394950, 2024-04-30T11:26:34.950Z, 1109.8657066, 692.3838045999998
1714476394965, 2024-04-30T11:26:34.965Z, 1106.9782804000001, 696.2690292
1714476395007, 2024-04-30T11:26:35.007Z, 1110.6304734, 694.1393731999999
1714476395022, 2024-04-30T11:26:35.022Z, 1116.5212554, 690.0066604
1714476395052, 2024-04-30T11:26:35.052Z, 1120.5364101999999, 685.0967410000001
1714476395068, 2024-04-30T11:26:35.068Z, 1125.1277592000001, 679.8261582000001
1714476395097, 2024-04-30T11:26:35.097Z, 1131.0584410000001, 673.2205104
1714476395112, 2024-04-30T11:26:35.112Z, 1131.4270688000001, 669.3143464
1714476395143, 2024-04-30T11:26:35.143Z, 1130.9027486, 665.3371380000001
1714476395156, 2024-04-30T11:26:35.156Z, 1136.3837706, 661.2002312000001
1714476395186, 2024-04-30T11:26:35.186Z, 1138.9089154, 656.1332808
1714476395201, 2024-04-30T11:26:35.201Z, 1139.3529272, 650.7301556
1714476395245, 2024-04-30T11:26:35.245Z, 1140.8530488000001, 647.8427552
1714476395261, 2024-04-30T11:26:35.261Z, 1141.5237376, 644.9384766
1714476395309, 2024-04-30T11:26:35.309Z, 1132.3289748000002, 647.5880684
1714476395324, 2024-04-30T11:26:35.324Z, 1127.2764998, 653.4104196000001
1714476395339, 2024-04-30T11:26:35.339Z, 1124.5768990000001, 660.269505
1714476395355, 2024-04-30T11:26:35.355Z, 1123.0773548000002, 658.7075153999999
1714476395371, 2024-04-30T11:26:35.371Z, 1121.3427066, 661.1107804
1714476395387, 2024-04-30T11:26:35.387Z, 1128.2214748000001, 660.7260905999999
1714476395418, 2024-04-30T11:26:35.418Z, 1142.3287598, 660.0319324
1714476395457, 2024-04-30T11:26:35.457Z, 1205.7282138, 682.4050086
1714476395472, 2024-04-30T11:26:35.472Z, 1271.715704, 712.5394775999999
1714476395511, 2024-04-30T11:26:35.511Z, 1340.3418576, 738.8311964
1714476395526, 2024-04-30T11:26:35.526Z, 1411.7027406, 760.118385
1714476395558, 2024-04-30T11:26:35.558Z, 1482.4682716, 779.4606744
1714476395573, 2024-04-30T11:26:35.573Z, 1502.1623066, 778.0486799999999
1714476395593, 2024-04-30T11:26:35.593Z, 1519.5041142000002, 776.2085672
1714476395611, 2024-04-30T11:26:35.611Z, 1534.3243056, 777.2211492
1714476395621, 2024-04-30T11:26:35.621Z, 1543.8367394000002, 781.753829
1714476395637, 2024-04-30T11:26:35.637Z, 1545.9477714, 785.076779
1714476395657, 2024-04-30T11:26:35.657Z, 1549.3582304, 785.710086
1714476395666, 2024-04-30T11:26:35.666Z, 1544.889662, 781.9487352
1714476395682, 2024-04-30T11:26:35.682Z, 1537.7373665999999, 778.6540272
1714476395698, 2024-04-30T11:26:35.698Z, 1527.1340906, 777.2137771999999
1714476395714, 2024-04-30T11:26:35.714Z, 1516.5708792, 778.0799692
1714476395743, 2024-04-30T11:26:35.743Z, 1503.109551, 783.4147820000001
1714476395776, 2024-04-30T11:26:35.776Z, 1496.2828264, 795.7584803999999
1714476395791, 2024-04-30T11:26:35.791Z, 1496.2903686000002, 805.10429
1714476395807, 2024-04-30T11:26:35.807Z, 1498.2013648, 811.671895