1714477162684, 2024-04-30T11:39:22.685Z, 25.48359, 570.394007
1714477162701, 2024-04-30T11:39:22.701Z, 25.48359, 570.394007
1714477162791, 2024-04-30T11:39:22.791Z, 114.47429233333332, 553.7095083333334
1714477162840, 2024-04-30T11:39:22.840Z, 129.99287049999998, 506.1943615
1714477162930, 2024-04-30T11:39:22.930Z, 130.01394499999998, 460.45616920000003
1714477163031, 2024-04-30T11:39:23.031Z, 172.9951924, 425.2912276
1714477163062, 2024-04-30T11:39:23.062Z, 234.66201999999998, 376.188821
1714477163150, 2024-04-30T11:39:23.150Z, 240.40048659999997, 368.39544220000005
1714477163195, 2024-04-30T11:39:23.195Z, 261.4169888, 378.0335892
1714477163240, 2024-04-30T11:39:23.240Z, 289.8077518, 417.33628680000004
1714477163290, 2024-04-30T11:39:23.290Z, 276.976937, 427.1954616000001
1714477163372, 2024-04-30T11:39:23.372Z, 277.992351, 469.44830520000005
1714477163453, 2024-04-30T11:39:23.453Z, 291.3791756, 510.66250520000006
1714477163499, 2024-04-30T11:39:23.499Z, 327.6076204, 520.5455902
1714477163631, 2024-04-30T11:39:23.631Z, 353.302317, 510.3335472
1714477163690, 2024-04-30T11:39:23.690Z, 381.21151, 497.42939880000006
1714477163811, 2024-04-30T11:39:23.811Z, 384.9557392, 482.4468178
1714477163994, 2024-04-30T11:39:23.994Z, 388.457518, 476.39133819999995
1714477164036, 2024-04-30T11:39:24.036Z, 377.00977399999994, 505.65510720000003
1714477164051, 2024-04-30T11:39:24.051Z, 378.0115898, 542.5785578
1714477164096, 2024-04-30T11:39:24.096Z, 439.08219339999994, 521.8745262
1714477164126, 2024-04-30T11:39:24.126Z, 446.67541259999996, 538.3186404
1714477164221, 2024-04-30T11:39:24.221Z, 429.2129492, 540.707263
1714477164260, 2024-04-30T11:39:24.260Z, 374.7000154, 551.1744924000001
1714477164275, 2024-04-30T11:39:24.275Z, 296.40587960000005, 555.6019386
1714477164322, 2024-04-30T11:39:24.322Z, 226.68578580000002, 576.2827126
1714477164368, 2024-04-30T11:39:24.368Z, 232.5476546, 514.8285103999999
1714477164818, 2024-04-30T11:39:24.818Z, 202.17809780000002, 492.3585752
1714477164849, 2024-04-30T11:39:24.849Z, 275.6264274, 444.0357632
1714477164864, 2024-04-30T11:39:24.864Z, 384.42153099999996, 396.4592618
1714477164934, 2024-04-30T11:39:24.934Z, 388.58805259999997, 461.69046779999996
1714477164979, 2024-04-30T11:39:24.979Z, 386.9182666, 599.059592
1714477164994, 2024-04-30T11:39:24.994Z, 459.3451422, 623.0188742
1714477165024, 2024-04-30T11:39:25.024Z, 420.57206720000005, 689.3012630000001
1714477165040, 2024-04-30T11:39:25.040Z, 343.050985, 749.6368021999999
1714477165178, 2024-04-30T11:39:25.178Z, 405.5323522, 688.153741
1714477165266, 2024-04-30T11:39:25.266Z, 448.94813780000004, 584.5317834
1714477165282, 2024-04-30T11:39:25.282Z, 468.07338360000006, 527.7355558
1714477165453, 2024-04-30T11:39:25.453Z, 539.2988532, 468.78494579999995
1714477165524, 2024-04-30T11:39:25.524Z, 637.706758, 421.074658
1714477165842, 2024-04-30T11:39:25.842Z, 569.0447858, 488.0015858
1714477165888, 2024-04-30T11:39:25.888Z, 486.7225002, 546.8701138
1714477165903, 2024-04-30T11:39:25.903Z, 398.9507452, 606.871972
1714477165934, 2024-04-30T11:39:25.934Z, 305.416885, 653.95929
1714477165949, 2024-04-30T11:39:25.949Z, 210.8432444, 705.2035592
1714477165971, 2024-04-30T11:39:25.971Z, 194.93007079999998, 700.2374186
1714477165985, 2024-04-30T11:39:25.985Z, 185.96011140000002, 699.968384
1714477166018, 2024-04-30T11:39:26.018Z, 181.60588560000002, 697.5107896
1714477166031, 2024-04-30T11:39:26.031Z, 168.9352644, 684.0164729999999
1714477166074, 2024-04-30T11:39:26.074Z, 155.11515019999996, 668.9936236000001
1714477166089, 2024-04-30T11:39:26.089Z, 142.5018004, 655.2266066
1714477166122, 2024-04-30T11:39:26.122Z, 130.66665559999998, 645.0502416
1714477166151, 2024-04-30T11:39:26.151Z, 158.4254972, 615.04874
1714477166167, 2024-04-30T11:39:26.167Z, 181.0080734, 610.7639442
1714477166198, 2024-04-30T11:39:26.198Z, 210.9519768, 599.4948630000001
1714477166213, 2024-04-30T11:39:26.213Z, 240.2985292, 608.5005196
1714477166244, 2024-04-30T11:39:26.244Z, 268.8550238, 623.0617512
1714477166285, 2024-04-30T11:39:26.285Z, 279.3776802, 644.478078
1714477166300, 2024-04-30T11:39:26.300Z, 321.0538074, 634.0039112
1714477166330, 2024-04-30T11:39:26.330Z, 359.87442, 620.6151401999999
1714477166345, 2024-04-30T11:39:26.345Z, 361.977047, 609.4593998
1714477166376, 2024-04-30T11:39:26.376Z, 396.681005, 572.9054042
1714477166424, 2024-04-30T11:39:26.424Z, 417.2144846, 549.815372
1714477166468, 2024-04-30T11:39:26.468Z, 416.7328754, 542.5421702
1714477166512, 2024-04-30T11:39:26.512Z, 444.2324282000001, 543.6616010000001
1714477166601, 2024-04-30T11:39:26.601Z, 453.628622, 565.5627216
1714477166617, 2024-04-30T11:39:26.617Z, 431.5829026, 605.6872016
1714477166648, 2024-04-30T11:39:26.648Z, 464.5147548000001, 611.860603
1714477166694, 2024-04-30T11:39:26.694Z, 474.316842, 630.3971578000001
1714477166735, 2024-04-30T11:39:26.735Z, 438.2655344, 651.9379931999999
1714477166780, 2024-04-30T11:39:26.780Z, 459.402851, 630.8587596
1714477166826, 2024-04-30T11:39:26.826Z, 493.5036682, 591.2853586
1714477166872, 2024-04-30T11:39:26.872Z, 477.56744760000004, 578.023534
1714477166916, 2024-04-30T11:39:26.916Z, 485.98774979999996, 559.2166384
1714477166962, 2024-04-30T11:39:26.962Z, 520.1743324, 545.4386462
1714477167023, 2024-04-30T11:39:27.023Z, 522.0897656, 541.0121052000001
1714477167049, 2024-04-30T11:39:27.049Z, 499.3747120000001, 555.5206286
1714477167064, 2024-04-30T11:39:27.064Z, 460.21955420000006, 577.1638828
1714477167111, 2024-04-30T11:39:27.111Z, 399.58659539999996, 595.6606162
1714477167142, 2024-04-30T11:39:27.142Z, 347.7323878, 597.2069042
1714477167288, 2024-04-30T11:39:27.288Z, 364.1843936, 551.8174518
1714477167319, 2024-04-30T11:39:27.319Z, 386.6640128, 492.9646220000001
1714477167408, 2024-04-30T11:39:27.408Z, 443.35253140000003, 452.7659038
1714477167532, 2024-04-30T11:39:27.532Z, 478.8986484, 374.18378540000003
1714477167563, 2024-04-30T11:39:27.563Z, 638.8536922, 433.5155124000001
1714477168417, 2024-04-30T11:39:28.417Z, 589.1075378, 458.98132960000004
1714477168431, 2024-04-30T11:39:28.431Z, 550.8636398000001, 494.76537499999995
1714477168463, 2024-04-30T11:39:28.463Z, 483.2634537999999, 515.3692954
1714477168868, 2024-04-30T11:39:28.868Z, 462.8825986, 561.7579568
1714477168914, 2024-04-30T11:39:28.914Z, 322.67073419999997, 473.48996460000006
1714477168945, 2024-04-30T11:39:28.945Z, 354.7507946, 462.1802952000001
1714477168984, 2024-04-30T11:39:28.984Z, 380.36076599999996, 454.46406820000004
1714477168998, 2024-04-30T11:39:28.998Z, 408.77228819999993, 444.6941992
1714477169029, 2024-04-30T11:39:29.029Z, 431.82491719999996, 446.8271384000001
1714477169044, 2024-04-30T11:39:29.044Z, 429.2532056, 457.65145620000004
1714477169073, 2024-04-30T11:39:29.073Z, 427.7786604, 462.6377314
1714477169088, 2024-04-30T11:39:29.088Z, 427.67390779999994, 471.9098293999999
1714477169122, 2024-04-30T11:39:29.122Z, 421.7914336, 496.78890779999995
1714477169133, 2024-04-30T11:39:29.133Z, 417.60066720000003, 520.7372384
1714477169164, 2024-04-30T11:39:29.164Z, 413.4390292, 544.733615
1714477169751, 2024-04-30T11:39:29.751Z, 503.90327640000004, 579.9856468
1714477169892, 2024-04-30T11:39:29.892Z, 731.7944854, 508.6949056
1714477169931, 2024-04-30T11:39:29.931Z, 933.9604336, 437.01078820000004
1714477169976, 2024-04-30T11:39:29.976Z, 1145.3440534000001, 358.98823020000003
1714477170023, 2024-04-30T11:39:30.023Z, 1367.4768156, 271.3765986
1714477170191, 2024-04-30T11:39:30.191Z, 1479.7492776, 181.5641704
1714477170253, 2024-04-30T11:39:30.253Z, 1525.5142426, 325.6051098
1714477170268, 2024-04-30T11:39:30.268Z, 1538.6274806000001, 345.313145
1714477170298, 2024-04-30T11:39:30.298Z, 1516.2579162, 358.88078740000003
1714477170441, 2024-04-30T11:39:30.441Z, 1511.6685063999998, 344.43806759999995
1714477171246, 2024-04-30T11:39:31.246Z, 1528.3361462, 381.0041692
1714477171261, 2024-04-30T11:39:31.261Z, 1459.721642, 270.8808454
1714477171762, 2024-04-30T11:39:31.762Z, 1482.2102352, 253.48721519999998
1714477171798, 2024-04-30T11:39:31.798Z, 1520.346746, 238.60368480000002
1714477171826, 2024-04-30T11:39:31.826Z, 1531.5150202, 259.2123932
1714477171841, 2024-04-30T11:39:31.841Z, 1535.7492926, 216.88668980000003
1714477171871, 2024-04-30T11:39:31.871Z, 1563.2264948, 186.7582628
1714477171916, 2024-04-30T11:39:31.916Z, 1563.0907862, 176.082804
1714477173486, 2024-04-30T11:39:33.486Z, 1350.5441606, 225.93921540000002
1714477174974, 2024-04-30T11:39:34.974Z, 1079.5755476, 283.1887118
1714477175065, 2024-04-30T11:39:35.065Z, 808.1601292000001, 342.3943272
1714477175746, 2024-04-30T11:39:35.746Z, 558.0579694, 411.2408644
1714477176473, 2024-04-30T11:39:36.473Z, 495.86139999999995, 495.3093162
1714477176518, 2024-04-30T11:39:36.518Z, 636.0817537999999, 534.4680086000001
1714477176548, 2024-04-30T11:39:36.548Z, 824.8403785999999, 561.766392
1714477176564, 2024-04-30T11:39:36.564Z, 1019.2730808, 587.4591872
1714477176742, 2024-04-30T11:39:36.742Z, 1180.7231878, 628.2265916
1714477176770, 2024-04-30T11:39:36.770Z, 1147.4880832000001, 584.5460392
1714477176785, 2024-04-30T11:39:36.785Z, 1134.5509914, 532.2461584
1714477176830, 2024-04-30T11:39:36.830Z, 1134.8308040000002, 480.85956079999994
1714477176859, 2024-04-30T11:39:36.859Z, 1131.9830174, 441.12320719999997
1714477176922, 2024-04-30T11:39:36.922Z, 1152.4964472, 419.94314599999996
1714477176968, 2024-04-30T11:39:36.968Z, 1178.8002944000002, 469.2127074
1714477176999, 2024-04-30T11:39:36.999Z, 1209.8897166000002, 528.4129412
1714477177014, 2024-04-30T11:39:37.014Z, 1241.5708948, 591.2841510000001
1714477177046, 2024-04-30T11:39:37.046Z, 1271.0313184, 643.0239676
1714477177085, 2024-04-30T11:39:37.085Z, 1280.5899654, 643.917377
1714477177537, 2024-04-30T11:39:37.537Z, 1269.3662728, 626.7110632
1714477177555, 2024-04-30T11:39:37.555Z, 1242.7902892, 623.6129272000001
1714477177588, 2024-04-30T11:39:37.588Z, 1213.7195576, 617.7832700000001
1714477177673, 2024-04-30T11:39:37.673Z, 1184.3613656, 612.500175
1714477177850, 2024-04-30T11:39:37.850Z, 1162.8275176, 604.1044654
1714477177867, 2024-04-30T11:39:37.867Z, 1154.3542886, 626.9225471999999
1714477178075, 2024-04-30T11:39:38.075Z, 994.5950273999999, 670.4421536
1714477178165, 2024-04-30T11:39:38.165Z, 871.8531495999999, 703.0990363999999
1714477178345, 2024-04-30T11:39:38.345Z, 749.0240367999999, 681.1935791999999
1714477178361, 2024-04-30T11:39:38.361Z, 775.5214576000001, 724.583655
1714477178436, 2024-04-30T11:39:38.436Z, 808.9093522000001, 742.3838165999999
1714477178494, 2024-04-30T11:39:38.494Z, 1007.4707892, 714.5917718000001
1714477178524, 2024-04-30T11:39:38.524Z, 1168.5575496000001, 697.9200914
1714477178569, 2024-04-30T11:39:38.569Z, 1329.5241178, 729.5687762
1714477178613, 2024-04-30T11:39:38.613Z, 1329.9558896000003, 705.8625422
1714477178629, 2024-04-30T11:39:38.629Z, 1332.7617836000002, 691.7080968
1714477178658, 2024-04-30T11:39:38.658Z, 1338.8786918, 673.6695034
1714477178674, 2024-04-30T11:39:38.674Z, 1350.0151522, 659.6523846
1714477178770, 2024-04-30T11:39:38.770Z, 1371.4677188, 656.6455798
1714477178803, 2024-04-30T11:39:38.803Z, 1398.4075387999999, 658.0467212
1714477178819, 2024-04-30T11:39:38.819Z, 1422.5236676, 661.5778924
1714477178850, 2024-04-30T11:39:38.850Z, 1429.502242, 671.9531933999999
1714477178887, 2024-04-30T11:39:38.887Z, 1431.1967928, 678.635226
1714477178901, 2024-04-30T11:39:38.901Z, 1425.0456292000001, 682.7519872
1714477178931, 2024-04-30T11:39:38.931Z, 1418.5206994, 687.2056690000001
1714477178946, 2024-04-30T11:39:38.946Z, 1415.4686998, 696.5326534
1714477178977, 2024-04-30T11:39:38.977Z, 1422.8739376, 708.0899168
1714477179020, 2024-04-30T11:39:39.020Z, 1430.2681368, 721.6766124
1714477179035, 2024-04-30T11:39:39.035Z, 1434.0506624000002, 728.4701842
1714477179067, 2024-04-30T11:39:39.067Z, 1430.0404720000001, 728.0098708
1714477179109, 2024-04-30T11:39:39.109Z, 1418.3474434, 715.6497978000001
1714477179202, 2024-04-30T11:39:39.202Z, 1399.3057324, 706.3458278
1714477179247, 2024-04-30T11:39:39.247Z, 1379.9234102, 688.3942912
1714477179302, 2024-04-30T11:39:39.302Z, 1354.1713482, 661.7564724000001
1714477179338, 2024-04-30T11:39:39.338Z, 1332.2235219999998, 642.9683162000001
1714477179350, 2024-04-30T11:39:39.350Z, 1328.2389405999998, 646.8767712000001
1714477179382, 2024-04-30T11:39:39.382Z, 1317.9927022, 636.6522388000001
1714477179427, 2024-04-30T11:39:39.427Z, 1310.8697915999999, 635.7761242
1714477179473, 2024-04-30T11:39:39.473Z, 1318.4245708, 649.0151418
1714477179489, 2024-04-30T11:39:39.489Z, 1322.0799802000001, 660.5243034
1714477179520, 2024-04-30T11:39:39.520Z, 1305.3064982, 652.2309058
1714477179626, 2024-04-30T11:39:39.626Z, 1318.6512017999999, 662.0181021999999
1714477179651, 2024-04-30T11:39:39.651Z, 1327.794588, 682.4366418000001
1714477179665, 2024-04-30T11:39:39.665Z, 1323.9171354, 712.8897088000001
1714477179696, 2024-04-30T11:39:39.696Z, 1321.510047, 737.033352
1714477179710, 2024-04-30T11:39:39.710Z, 1323.6809506, 771.8984674000001
1714477179832, 2024-04-30T11:39:39.832Z, 1297.7515664, 791.9279214000001
1714477179848, 2024-04-30T11:39:39.848Z, 1271.6743934, 793.6180372
1714477179883, 2024-04-30T11:39:39.883Z, 1253.2984184000002, 784.788061
1714477179895, 2024-04-30T11:39:39.895Z, 1238.3791410000001, 782.3151258
1714477179934, 2024-04-30T11:39:39.934Z, 1228.1493104, 774.7337231999999
1714477179965, 2024-04-30T11:39:39.965Z, 1230.4013582, 776.4491642
1714477180008, 2024-04-30T11:39:40.008Z, 1239.3759784, 773.6647672
1714477180144, 2024-04-30T11:39:40.144Z, 1233.5918417999999, 778.874856
1714477180191, 2024-04-30T11:39:40.191Z, 1234.2506713999999, 800.4754826
1714477180235, 2024-04-30T11:39:40.235Z, 1248.2922674, 801.6508633999999
1714477180281, 2024-04-30T11:39:40.281Z, 1257.3818838000002, 799.8363766
1714477180294, 2024-04-30T11:39:40.294Z, 1253.775924, 815.8302501999999
1714477180328, 2024-04-30T11:39:40.328Z, 1257.0582136, 829.7006451999999
1714477180339, 2024-04-30T11:39:40.339Z, 1255.2906638, 824.0047613999999
1714477180370, 2024-04-30T11:39:40.370Z, 1244.1406892, 842.8666384
1714477180383, 2024-04-30T11:39:40.383Z, 1239.7221024, 863.8718812
1714477180418, 2024-04-30T11:39:40.418Z, 1243.711442, 876.4107721999999
1714477180428, 2024-04-30T11:39:40.428Z, 1247.5836032000002, 876.7306752000001
1714477180458, 2024-04-30T11:39:40.458Z, 1245.9763732000001, 876.4853649999999
1714477180475, 2024-04-30T11:39:40.475Z, 1240.2125284, 871.1954695999999
1714477180520, 2024-04-30T11:39:40.520Z, 1226.3338302000002, 869.4875108
1714477180553, 2024-04-30T11:39:40.553Z, 1212.9350972, 863.997608
1714477180582, 2024-04-30T11:39:40.582Z, 1211.3802018, 864.6723516
1714477180598, 2024-04-30T11:39:40.598Z, 1212.3345986, 873.9549176
1714477180614, 2024-04-30T11:39:40.614Z, 1212.7152099999998, 886.7151296
1714477180645, 2024-04-30T11:39:40.645Z, 1219.7479417999998, 891.227457
1714477180687, 2024-04-30T11:39:40.687Z, 1228.7522138, 899.5469089999999
1714477180701, 2024-04-30T11:39:40.701Z, 1231.4602535999998, 907.8431201999999
1714477180731, 2024-04-30T11:39:40.731Z, 1236.4514655999997, 909.603635
1714477180778, 2024-04-30T11:39:40.778Z, 1242.5325208, 900.0624464
1714477180823, 2024-04-30T11:39:40.823Z, 1248.3280862, 886.8281522
1714477180837, 2024-04-30T11:39:40.837Z, 1253.5573140000001, 870.6500426
1714477180867, 2024-04-30T11:39:40.867Z, 1258.1754622, 862.1767692000001
1714477180882, 2024-04-30T11:39:40.882Z, 1261.7463771999999, 859.0091122
1714477180912, 2024-04-30T11:39:40.912Z, 1264.2105053999999, 861.2497063999999
1714477180927, 2024-04-30T11:39:40.927Z, 1260.059879, 868.4522710000001
1714477180972, 2024-04-30T11:39:40.972Z, 1251.6071802, 886.0167290000002
1714477181004, 2024-04-30T11:39:41.004Z, 1244.4973518, 896.2458192
1714477181020, 2024-04-30T11:39:41.020Z, 1237.7966092, 900.9152656
1714477181052, 2024-04-30T11:39:41.052Z, 1231.8742494, 902.2323899999999
1714477181067, 2024-04-30T11:39:41.067Z, 1231.2535062000002, 904.1443302000001
1714477181099, 2024-04-30T11:39:41.099Z, 1231.6503552, 896.6361516000001
1714477181137, 2024-04-30T11:39:41.137Z, 1229.3526820000002, 897.3165005999999
1714477181153, 2024-04-30T11:39:41.153Z, 1227.8182726, 895.1441216
1714477181191, 2024-04-30T11:39:41.191Z, 1229.7388594, 902.4764958
1714477181206, 2024-04-30T11:39:41.206Z, 1233.3271384, 901.6327002
1714477181238, 2024-04-30T11:39:41.238Z, 1237.3841466, 907.7439584
1714477181253, 2024-04-30T11:39:41.253Z, 1240.8747331999998, 902.5433102000001
1714477181272, 2024-04-30T11:39:41.272Z, 1240.3129675999999, 898.0335434000001
1714477181285, 2024-04-30T11:39:41.285Z, 1231.8191418000001, 891.2737178
1714477181315, 2024-04-30T11:39:41.315Z, 1226.0460048, 897.5771128
1714477181330, 2024-04-30T11:39:41.330Z, 1223.0018354, 900.2039619999999
1714477181360, 2024-04-30T11:39:41.360Z, 1221.9670086, 901.5266498000001
1714477181376, 2024-04-30T11:39:41.376Z, 1224.7311982, 905.4674102000001
1714477181424, 2024-04-30T11:39:41.424Z, 1227.3565893999998, 905.897243
1714477181454, 2024-04-30T11:39:41.454Z, 1220.7237314, 904.7034548000001
1714477181470, 2024-04-30T11:39:41.470Z, 1210.9917268, 901.6748709999999
1714477181500, 2024-04-30T11:39:41.500Z, 1203.107548, 900.9086697999999
1714477181516, 2024-04-30T11:39:41.516Z, 1193.9763891999999, 900.2710543999999
1714477181548, 2024-04-30T11:39:41.548Z, 1187.2162234, 897.6092728
1714477181584, 2024-04-30T11:39:41.584Z, 1180.7080428, 886.5832393999999
1714477181641, 2024-04-30T11:39:41.641Z, 1175.3544014, 878.630545
1714477181656, 2024-04-30T11:39:41.656Z, 1171.6686648, 873.885354
1714477181688, 2024-04-30T11:39:41.688Z, 1167.4216822, 867.0795099999999
1714477181703, 2024-04-30T11:39:41.703Z, 1165.8534126, 864.1263286
1714477181722, 2024-04-30T11:39:41.722Z, 1171.2695356, 867.2915215999999
1714477181736, 2024-04-30T11:39:41.736Z, 1178.9967554, 867.4966093999999
1714477181767, 2024-04-30T11:39:41.767Z, 1187.5878122, 867.5607395999999
1714477181814, 2024-04-30T11:39:41.814Z, 1206.7198104000001, 863.0272541999999
1714477181829, 2024-04-30T11:39:41.829Z, 1224.2574553999998, 857.2681034000001
1714477181899, 2024-04-30T11:39:41.899Z, 1240.3869266, 848.69608
1714477181913, 2024-04-30T11:39:41.913Z, 1253.7120876, 842.6711028
1714477181944, 2024-04-30T11:39:41.944Z, 1265.5573988, 832.2640248
1714477181959, 2024-04-30T11:39:41.959Z, 1267.9257904, 827.2271628000001
1714477181989, 2024-04-30T11:39:41.989Z, 1270.574661, 820.9090914000001
1714477182038, 2024-04-30T11:39:42.038Z, 1273.6753858, 819.2999786
1714477182053, 2024-04-30T11:39:42.053Z, 1281.0297593999999, 823.3247107999999
1714477182083, 2024-04-30T11:39:42.083Z, 1288.0202184, 828.2910933999999
1714477182097, 2024-04-30T11:39:42.097Z, 1293.4015212000002, 833.9436567999999
1714477182125, 2024-04-30T11:39:42.125Z, 1299.1730282, 842.296803
1714477182141, 2024-04-30T11:39:42.141Z, 1304.8437144000002, 849.8445867999999
1714477182171, 2024-04-30T11:39:42.171Z, 1303.7464596, 847.8139165999999
1714477182185, 2024-04-30T11:39:42.185Z, 1300.5115612, 848.267622
1714477182220, 2024-04-30T11:39:42.220Z, 1300.4569470000001, 849.9890132
1714477182236, 2024-04-30T11:39:42.236Z, 1301.8301246, 849.1210738
1714477182268, 2024-04-30T11:39:42.268Z, 1302.5348840000001, 845.698308
1714477182282, 2024-04-30T11:39:42.282Z, 1302.555728, 844.5125382
1714477182362, 2024-04-30T11:39:42.362Z, 1321.2600112, 836.715547
1714477182375, 2024-04-30T11:39:42.375Z, 1338.4119701999998, 833.482977