1714477088006, 2024-04-30T11:38:08.006Z, 227.601392, 432.352256
1714477088036, 2024-04-30T11:38:08.036Z, 230.37532850000002, 434.5262035
1714477088051, 2024-04-30T11:38:08.051Z, 237.11783200000002, 400.145963
1714477088082, 2024-04-30T11:38:08.082Z, 251.007339, 366.05494175
1714477088124, 2024-04-30T11:38:08.124Z, 259.89806, 339.1568256
1714477088138, 2024-04-30T11:38:08.138Z, 273.9833088, 297.39981
1714477088171, 2024-04-30T11:38:08.171Z, 284.8086924, 244.84531479999995
1714477088213, 2024-04-30T11:38:08.213Z, 308.68088539999997, 232.10351060000002
1714477088228, 2024-04-30T11:38:08.228Z, 325.2591364, 233.10558980000002
1714477088275, 2024-04-30T11:38:08.275Z, 338.9884396, 254.24467140000002
1714477088321, 2024-04-30T11:38:08.321Z, 353.85492139999997, 274.0839222
1714477088348, 2024-04-30T11:38:08.348Z, 364.5018756, 314.58255340000005
1714477088363, 2024-04-30T11:38:08.363Z, 355.206116, 303.15433540000004
1714477088393, 2024-04-30T11:38:08.393Z, 341.9076984, 282.1944928
1714477088438, 2024-04-30T11:38:08.438Z, 334.9607964, 254.88622880000003
1714477088454, 2024-04-30T11:38:08.454Z, 324.4846398, 231.75312119999998
1714477088486, 2024-04-30T11:38:08.486Z, 321.1193594, 204.8888294
1714477088501, 2024-04-30T11:38:08.501Z, 324.7378002, 216.32351319999998
1714477088533, 2024-04-30T11:38:08.533Z, 331.8369778, 238.59957640000002
1714477088548, 2024-04-30T11:38:08.548Z, 335.8278804, 250.89678400000003
1714477088633, 2024-04-30T11:38:08.633Z, 346.6838626, 278.9553854
1714477088678, 2024-04-30T11:38:08.678Z, 346.9530142, 279.6492082
1714477088724, 2024-04-30T11:38:08.724Z, 334.1084186, 277.8559892
1714477088753, 2024-04-30T11:38:08.753Z, 324.5373956, 282.9548396
1714477088768, 2024-04-30T11:38:08.768Z, 323.7478908, 303.080396
1714477088797, 2024-04-30T11:38:08.797Z, 320.23173479999997, 309.9571234
1714477088813, 2024-04-30T11:38:08.813Z, 326.29769680000004, 338.9072218
1714477088844, 2024-04-30T11:38:08.844Z, 341.7922274, 368.4438978
1714477088888, 2024-04-30T11:38:08.888Z, 350.8270232, 388.1109148
1714477088903, 2024-04-30T11:38:08.903Z, 349.8311138, 396.2814194
1714477088933, 2024-04-30T11:38:08.933Z, 345.12484499999994, 400.75864260000003
1714477088948, 2024-04-30T11:38:08.948Z, 339.92334719999997, 396.9211488
1714477088978, 2024-04-30T11:38:08.978Z, 333.890866, 388.9097858
1714477088993, 2024-04-30T11:38:08.993Z, 330.3586094, 378.3508628
1714477089024, 2024-04-30T11:38:09.024Z, 326.5998072, 363.79848400000003
1714477089038, 2024-04-30T11:38:09.038Z, 325.59178460000004, 349.0621946
1714477089068, 2024-04-30T11:38:09.068Z, 327.46307659999997, 340.11430379999996
1714477089083, 2024-04-30T11:38:09.083Z, 332.36050800000004, 330.52549280000005
1714477089113, 2024-04-30T11:38:09.113Z, 337.5983472, 324.7371882
1714477089128, 2024-04-30T11:38:09.128Z, 342.64135560000005, 322.90189879999997
1714477089174, 2024-04-30T11:38:09.174Z, 347.4623904, 326.71612100000004
1714477089202, 2024-04-30T11:38:09.202Z, 349.974873, 324.622091
1714477089250, 2024-04-30T11:38:09.250Z, 351.71676379999997, 326.5564882
1714477089265, 2024-04-30T11:38:09.265Z, 353.06089940000004, 328.2676946
1714477089295, 2024-04-30T11:38:09.295Z, 356.52571760000006, 340.1625728
1714477089339, 2024-04-30T11:38:09.339Z, 361.85037, 345.6430836
1714477089354, 2024-04-30T11:38:09.354Z, 371.60353640000005, 352.7156888
1714477089384, 2024-04-30T11:38:09.384Z, 387.9760668, 357.4701354
1714477089429, 2024-04-30T11:38:09.429Z, 400.1681002000001, 360.939875
1714477089491, 2024-04-30T11:38:09.491Z, 411.4557704, 355.63697979999995
1714477089537, 2024-04-30T11:38:09.537Z, 417.5358512000001, 347.9460954
1714477089570, 2024-04-30T11:38:09.570Z, 419.3294932, 341.49286679999994
1714477089624, 2024-04-30T11:38:09.624Z, 402.8864075999999, 351.13889539999997
1714477089653, 2024-04-30T11:38:09.653Z, 369.531368, 370.69384840000004
1714477089668, 2024-04-30T11:38:09.668Z, 333.81102380000004, 401.55254279999997
1714477089705, 2024-04-30T11:38:09.705Z, 316.88299820000003, 456.07883139999996
1714477089713, 2024-04-30T11:38:09.713Z, 297.6295594, 512.4300834
1714477089742, 2024-04-30T11:38:09.742Z, 284.8287966, 547.7995618
1714477089787, 2024-04-30T11:38:09.787Z, 272.88386240000006, 546.0391396
1714477089802, 2024-04-30T11:38:09.802Z, 264.62164160000003, 529.9916298
1714477089833, 2024-04-30T11:38:09.833Z, 241.04107740000003, 493.02868019999994
1714477089849, 2024-04-30T11:38:09.849Z, 219.6022628, 459.41143780000004
1714477089880, 2024-04-30T11:38:09.880Z, 201.98521639999998, 429.87773159999995
1714477089896, 2024-04-30T11:38:09.896Z, 204.9398976, 429.4972354
1714477089923, 2024-04-30T11:38:09.923Z, 207.68039999999996, 435.46145479999996
1714477089937, 2024-04-30T11:38:09.937Z, 208.81044459999998, 441.3074872
1714477089968, 2024-04-30T11:38:09.968Z, 210.958094, 445.48188759999994
1714477089983, 2024-04-30T11:38:09.983Z, 211.607596, 449.18443360000003
1714477090013, 2024-04-30T11:38:10.013Z, 214.50355759999997, 455.35361759999995
1714477090028, 2024-04-30T11:38:10.028Z, 219.5655526, 459.03592019999996
1714477090103, 2024-04-30T11:38:10.103Z, 226.27263119999998, 464.4883892
1714477090118, 2024-04-30T11:38:10.118Z, 231.6031314, 473.0654684
1714477090148, 2024-04-30T11:38:10.148Z, 240.5323258, 486.46232180000004
1714477090170, 2024-04-30T11:38:10.170Z, 249.41258079999997, 497.2251408
1714477090197, 2024-04-30T11:38:10.197Z, 257.25551260000003, 499.13682200000005
1714477090238, 2024-04-30T11:38:10.238Z, 266.3289196, 498.50466320000004
1714477090253, 2024-04-30T11:38:10.253Z, 275.79361719999997, 496.4858432000001
1714477090283, 2024-04-30T11:38:10.283Z, 276.2792568, 495.2471072
1714477090330, 2024-04-30T11:38:10.330Z, 272.2256796, 495.01343660000003
1714477090344, 2024-04-30T11:38:10.344Z, 263.2849562, 501.02289559999997
1714477090374, 2024-04-30T11:38:10.374Z, 250.1242308, 506.9039274
1714477090391, 2024-04-30T11:38:10.391Z, 233.8296734, 503.32958899999994
1714477090421, 2024-04-30T11:38:10.421Z, 225.12805900000004, 496.424844
1714477090436, 2024-04-30T11:38:10.436Z, 214.25539740000005, 489.194395
1714477090467, 2024-04-30T11:38:10.467Z, 206.8648988, 483.0484392
1714477090482, 2024-04-30T11:38:10.482Z, 197.66147059999997, 477.641298
1714477090524, 2024-04-30T11:38:10.524Z, 192.1622354, 479.50076980000006
1714477090553, 2024-04-30T11:38:10.553Z, 188.66110980000002, 477.2013412
1714477090568, 2024-04-30T11:38:10.568Z, 193.8479364, 471.8395762
1714477090596, 2024-04-30T11:38:10.596Z, 201.89536040000002, 463.6890654
1714477090613, 2024-04-30T11:38:10.613Z, 218.678132, 457.6575640000001
1714477090643, 2024-04-30T11:38:10.643Z, 238.19132879999998, 450.1107238000001
1714477090688, 2024-04-30T11:38:10.688Z, 249.8065454, 445.94069979999995
1714477090733, 2024-04-30T11:38:10.733Z, 262.0870802, 449.4680822
1714477090752, 2024-04-30T11:38:10.752Z, 273.2036614, 460.46741600000007
1714477090785, 2024-04-30T11:38:10.785Z, 278.64019640000004, 468.67125619999996
1714477090827, 2024-04-30T11:38:10.827Z, 272.2070924, 473.7740234
1714477090841, 2024-04-30T11:38:10.841Z, 275.0381980000001, 483.01268319999997
1714477090870, 2024-04-30T11:38:10.870Z, 278.6900972, 482.39882180000006
1714477090885, 2024-04-30T11:38:10.885Z, 290.09709780000003, 476.48169039999993
1714477090916, 2024-04-30T11:38:10.916Z, 302.30251480000004, 469.10744000000005
1714477090974, 2024-04-30T11:38:10.974Z, 332.17076000000003, 466.52446800000007
1714477091003, 2024-04-30T11:38:11.003Z, 362.900569, 463.9076384
1714477091018, 2024-04-30T11:38:11.018Z, 387.52123960000006, 466.5781435999999
1714477091048, 2024-04-30T11:38:11.048Z, 396.26507860000004, 468.496194
1714477091093, 2024-04-30T11:38:11.093Z, 399.115724, 472.1044632
1714477091138, 2024-04-30T11:38:11.138Z, 389.1251416, 464.6973088
1714477091183, 2024-04-30T11:38:11.183Z, 385.8208066, 463.3078042
1714477091198, 2024-04-30T11:38:11.198Z, 394.19998180000005, 472.5363534
1714477091228, 2024-04-30T11:38:11.228Z, 411.78812400000004, 477.05378199999996
1714477091243, 2024-04-30T11:38:11.243Z, 433.48322340000004, 481.5622042
1714477091274, 2024-04-30T11:38:11.274Z, 456.5215356, 496.0013672
1714477091424, 2024-04-30T11:38:11.424Z, 576.6863665999999, 439.98736720000005
1714477091498, 2024-04-30T11:38:11.498Z, 625.1152915999999, 416.0388998
1714477091543, 2024-04-30T11:38:11.543Z, 623.1013762, 428.353291
1714477091588, 2024-04-30T11:38:11.588Z, 623.1247506, 446.17883980000005
1714477091648, 2024-04-30T11:38:11.648Z, 625.9872444, 467.6447352
1714477091678, 2024-04-30T11:38:11.678Z, 593.3844065999999, 502.625194
1714477091724, 2024-04-30T11:38:11.724Z, 645.351392, 476.5510628
1714477091768, 2024-04-30T11:38:11.768Z, 731.3198138, 427.4727237999999
1714477091783, 2024-04-30T11:38:11.783Z, 794.7138824000001, 381.07133699999997
1714477091813, 2024-04-30T11:38:11.813Z, 880.3588774, 321.724607
1714477091902, 2024-04-30T11:38:11.902Z, 851.9137852, 328.8195176
1714477091916, 2024-04-30T11:38:11.916Z, 816.7766404, 349.771345
1714477091947, 2024-04-30T11:38:11.947Z, 792.4741271999999, 370.3000986
1714477091962, 2024-04-30T11:38:11.962Z, 769.1136782, 383.16342899999995
1714477091992, 2024-04-30T11:38:11.992Z, 713.8556120000001, 408.23467420000003
1714477092037, 2024-04-30T11:38:12.037Z, 657.7696714000001, 417.3145054
1714477092081, 2024-04-30T11:38:12.081Z, 574.4123751999999, 438.6614918
1714477092126, 2024-04-30T11:38:12.126Z, 498.6002938, 483.72877560000006
1714477092176, 2024-04-30T11:38:12.176Z, 437.94326639999997, 540.8651308000001
1714477092216, 2024-04-30T11:38:12.216Z, 386.69266580000004, 596.3396844000001
1714477092231, 2024-04-30T11:38:12.231Z, 368.7459754, 641.848209
1714477092263, 2024-04-30T11:38:12.263Z, 354.7878164, 671.209216
1714477092279, 2024-04-30T11:38:12.279Z, 330.692326, 659.7341902000001
1714477092322, 2024-04-30T11:38:12.322Z, 311.5738006, 640.439076
1714477092367, 2024-04-30T11:38:12.367Z, 288.6028304, 616.6059032000001
1714477092396, 2024-04-30T11:38:12.396Z, 294.42042720000006, 601.5228342
1714477092411, 2024-04-30T11:38:12.411Z, 305.4642196, 591.5197022
1714477092579, 2024-04-30T11:38:12.579Z, 330.75165100000004, 608.024598
1714477092654, 2024-04-30T11:38:12.654Z, 431.92333019999995, 648.5566860000001
1714477092669, 2024-04-30T11:38:12.669Z, 511.8657864, 658.4792738
1714477092684, 2024-04-30T11:38:12.684Z, 536.0908746, 636.996997
1714477092714, 2024-04-30T11:38:12.714Z, 536.7366706, 596.5991147999999
1714477092775, 2024-04-30T11:38:12.775Z, 529.3148996, 543.8436154000001
1714477092807, 2024-04-30T11:38:12.807Z, 447.64796820000004, 463.2581262
1714477092822, 2024-04-30T11:38:12.822Z, 389.891498, 428.243714
1714477092999, 2024-04-30T11:38:12.999Z, 353.57304020000004, 404.1169096
1714477093074, 2024-04-30T11:38:13.074Z, 362.584289, 420.8361346
1714477093088, 2024-04-30T11:38:13.088Z, 363.6349614, 413.4125446
1714477093134, 2024-04-30T11:38:13.134Z, 344.573454, 371.1533222
1714477093178, 2024-04-30T11:38:13.178Z, 339.44093280000004, 322.4035334
1714477093252, 2024-04-30T11:38:13.252Z, 356.5135482, 293.8850664
1714477093387, 2024-04-30T11:38:13.387Z, 378.1399346, 301.5086166
1714477093432, 2024-04-30T11:38:13.432Z, 367.1848564, 301.34698779999997
1714477093447, 2024-04-30T11:38:13.447Z, 364.8935917999999, 333.57019660000003
1714477093480, 2024-04-30T11:38:13.480Z, 352.44123019999995, 373.6801084
1714477093537, 2024-04-30T11:38:13.537Z, 330.0575702, 418.38190539999994
1714477093567, 2024-04-30T11:38:13.567Z, 284.2311886, 390.7942386
1714477093582, 2024-04-30T11:38:13.582Z, 284.7081074, 377.231955
1714477093613, 2024-04-30T11:38:13.613Z, 297.5424618, 370.253114
1714477093629, 2024-04-30T11:38:13.629Z, 309.9908646, 344.02658080000003
1714477093673, 2024-04-30T11:38:13.673Z, 313.26918, 316.311645
1714477093702, 2024-04-30T11:38:13.702Z, 306.34071400000005, 332.2985838
1714477093717, 2024-04-30T11:38:13.717Z, 296.97644240000005, 346.4235044
1714477093747, 2024-04-30T11:38:13.747Z, 282.1123396, 367.65778220000004
1714477093852, 2024-04-30T11:38:13.852Z, 264.96487779999995, 401.5863844
1714477093881, 2024-04-30T11:38:13.881Z, 255.92365, 417.8823154
1714477093900, 2024-04-30T11:38:13.900Z, 254.69054319999995, 392.614821
1714477093942, 2024-04-30T11:38:13.942Z, 238.9521114, 390.25617159999996
1714477094152, 2024-04-30T11:38:14.152Z, 190.1772832, 396.7523623999999
1714477094167, 2024-04-30T11:38:14.167Z, 142.4991532, 393.6094268
1714477094197, 2024-04-30T11:38:14.197Z, 98.508709, 400.3935424
1714477094212, 2024-04-30T11:38:14.212Z, 59.216015600000006, 421.7547982
1714477094242, 2024-04-30T11:38:14.242Z, 24.1912114, 435.2908538
1714477094286, 2024-04-30T11:38:14.286Z, 23.1633058, 427.6744732
1714477094302, 2024-04-30T11:38:14.302Z, 24.828008200000003, 425.1291222
1714477094335, 2024-04-30T11:38:14.335Z, 24.572155799999997, 431.86838
1714477094347, 2024-04-30T11:38:14.347Z, 21.9607958, 436.3133180000001
1714477094377, 2024-04-30T11:38:14.377Z, 26.5528292, 441.0512202
1714477094423, 2024-04-30T11:38:14.423Z, 38.380585999999994, 453.15644000000003
1714477094438, 2024-04-30T11:38:14.438Z, 53.010407400000005, 468.1925484
1714477094469, 2024-04-30T11:38:14.469Z, 72.709822, 480.91774560000005
1714477094516, 2024-04-30T11:38:14.516Z, 92.1909918, 494.60007299999995
1714477094531, 2024-04-30T11:38:14.531Z, 110.71098260000001, 509.33675299999993
1714477094573, 2024-04-30T11:38:14.573Z, 115.82986840000001, 510.08571660000007
1714477094602, 2024-04-30T11:38:14.602Z, 121.4465156, 503.6739272
1714477094617, 2024-04-30T11:38:14.617Z, 124.68522499999999, 493.5313102
1714477094646, 2024-04-30T11:38:14.646Z, 138.1145158, 487.2136316
1714477094662, 2024-04-30T11:38:14.662Z, 156.9265786, 487.93655939999996
1714477094692, 2024-04-30T11:38:14.692Z, 183.788403, 495.20477759999994
1714477094741, 2024-04-30T11:38:14.741Z, 204.274694, 506.73245799999995
1714477094752, 2024-04-30T11:38:14.752Z, 221.33509640000003, 516.4674551999999
1714477094782, 2024-04-30T11:38:14.782Z, 239.74848980000002, 542.1683576
1714477094797, 2024-04-30T11:38:14.797Z, 251.40505779999998, 555.4001694000001
1714477094827, 2024-04-30T11:38:14.827Z, 267.9249326, 570.9287154
1714477094873, 2024-04-30T11:38:14.873Z, 297.3760122, 588.8392324
1714477094920, 2024-04-30T11:38:14.920Z, 321.375022, 603.084201
1714477094966, 2024-04-30T11:38:14.966Z, 340.6492908, 593.4049011999999
1714477094982, 2024-04-30T11:38:14.982Z, 361.9846936, 586.0283766
1714477095056, 2024-04-30T11:38:15.056Z, 393.0075766, 583.4018217999999
1714477095067, 2024-04-30T11:38:15.067Z, 410.95896919999996, 582.4832226
1714477095097, 2024-04-30T11:38:15.097Z, 432.1298441999999, 583.462412
1714477095142, 2024-04-30T11:38:15.142Z, 439.8410484, 595.6337924
1714477095187, 2024-04-30T11:38:15.187Z, 442.83474800000005, 605.7053478
1714477095232, 2024-04-30T11:38:15.232Z, 453.97827959999995, 601.0119946000001
1714477095277, 2024-04-30T11:38:15.277Z, 468.799146, 599.840237
1714477095323, 2024-04-30T11:38:15.323Z, 487.1937986, 604.8067542
1714477095370, 2024-04-30T11:38:15.370Z, 514.4099692, 608.1909109999999
1714477095415, 2024-04-30T11:38:15.415Z, 552.7305916, 609.9536404
1714477095517, 2024-04-30T11:38:15.517Z, 547.8563856, 611.310295
1714477095547, 2024-04-30T11:38:15.547Z, 539.8192958, 598.5523650000001
1714477095592, 2024-04-30T11:38:15.592Z, 530.787328, 584.1162042
1714477095637, 2024-04-30T11:38:15.637Z, 517.5347912, 568.6107706
1714477095652, 2024-04-30T11:38:15.652Z, 495.79933600000004, 557.904493
1714477095685, 2024-04-30T11:38:15.685Z, 503.3796004000001, 559.6514682
1714477095727, 2024-04-30T11:38:15.727Z, 513.9692511999999, 566.5624516
1714477095773, 2024-04-30T11:38:15.773Z, 543.376533, 573.6076542000001
1714477095788, 2024-04-30T11:38:15.788Z, 570.6325272, 574.9790888
1714477095819, 2024-04-30T11:38:15.819Z, 597.1631886000001, 576.2336364
1714477095867, 2024-04-30T11:38:15.867Z, 609.3904526, 567.5696974
1714477095923, 2024-04-30T11:38:15.923Z, 645.2526231999999, 554.7094692000001
1714477095967, 2024-04-30T11:38:15.967Z, 673.068782, 525.7051802
1714477096012, 2024-04-30T11:38:16.012Z, 697.1529141999999, 501.97872100000006
1714477096042, 2024-04-30T11:38:16.042Z, 697.1379296, 498.24808859999996
1714477096087, 2024-04-30T11:38:16.087Z, 704.9985062, 502.0369494
1714477096132, 2024-04-30T11:38:16.132Z, 689.4407458, 510.6791913999999
1714477096179, 2024-04-30T11:38:16.179Z, 680.7294562000001, 536.6121088
1714477096223, 2024-04-30T11:38:16.223Z, 689.9448268, 564.2700704
1714477096237, 2024-04-30T11:38:16.237Z, 719.9695042000001, 569.4482748
1714477096270, 2024-04-30T11:38:16.270Z, 750.1869856000001, 574.390807
1714477096288, 2024-04-30T11:38:16.288Z, 774.5662388000001, 572.3552662
1714477096319, 2024-04-30T11:38:16.319Z, 780.3057812, 563.2771915999999
1714477096334, 2024-04-30T11:38:16.334Z, 772.9425699999999, 548.3084200000001
1714477096373, 2024-04-30T11:38:16.373Z, 771.6802316000001, 531.4852552
1714477096402, 2024-04-30T11:38:16.402Z, 788.0427672, 502.0315144
1714477096417, 2024-04-30T11:38:16.417Z, 791.1730056, 496.81280699999996
1714477096447, 2024-04-30T11:38:16.447Z, 791.7629006000001, 502.6948042
1714477096537, 2024-04-30T11:38:16.537Z, 783.604378, 508.23636939999994
1714477096552, 2024-04-30T11:38:16.552Z, 776.8193795999999, 512.2891214
1714477096582, 2024-04-30T11:38:16.582Z, 754.5863802, 529.5099872
1714477096599, 2024-04-30T11:38:16.599Z, 749.1603248, 530.3236478000001
1714477096630, 2024-04-30T11:38:16.630Z, 750.205749, 523.0992693999999
1714477096645, 2024-04-30T11:38:16.645Z, 761.7062202, 517.3351418
1714477096687, 2024-04-30T11:38:16.687Z, 781.6679578, 505.1154344
1714477096717, 2024-04-30T11:38:16.717Z, 789.1227696, 505.7817524
1714477096732, 2024-04-30T11:38:16.732Z, 796.2679449999999, 504.326851
1714477096777, 2024-04-30T11:38:16.777Z, 808.4969447999999, 500.1082214
1714477096823, 2024-04-30T11:38:16.823Z, 832.5397307999999, 483.3803306
1714477096852, 2024-04-30T11:38:16.852Z, 845.0098854, 475.27659559999995
1714477096867, 2024-04-30T11:38:16.867Z, 782.5916388, 474.47313599999995
1714477096896, 2024-04-30T11:38:16.896Z, 692.0194874, 480.54379040000003
1714477096942, 2024-04-30T11:38:16.942Z, 589.6888014, 488.4589258
1714477096990, 2024-04-30T11:38:16.990Z, 473.02936639999996, 507.91021679999994
1714477097032, 2024-04-30T11:38:17.032Z, 354.69134760000003, 530.9648559999999
1714477097077, 2024-04-30T11:38:17.077Z, 320.5680632, 537.1210804
1714477097092, 2024-04-30T11:38:17.092Z, 313.4010164, 539.9917433999999
1714477097123, 2024-04-30T11:38:17.123Z, 272.7796382, 535.3157314
1714477097139, 2024-04-30T11:38:17.139Z, 229.7503426, 540.1079184
1714477097170, 2024-04-30T11:38:17.170Z, 187.33735539999998, 545.7914586
1714477097216, 2024-04-30T11:38:17.216Z, 144.5604134, 553.4022104
1714477097232, 2024-04-30T11:38:17.232Z, 98.06853279999999, 556.826894
1714477097273, 2024-04-30T11:38:17.273Z, 100.5239382, 575.6651698000001
1714477097302, 2024-04-30T11:38:17.302Z, 108.1078244, 586.9322194
1714477097316, 2024-04-30T11:38:17.316Z, 115.2458976, 597.0227394
1714477097347, 2024-04-30T11:38:17.347Z, 124.55113180000001, 598.7298722000002
1714477097395, 2024-04-30T11:38:17.395Z, 143.0642836, 602.8568356000001
1714477097441, 2024-04-30T11:38:17.441Z, 153.9690462, 601.2482677999999
1714477097455, 2024-04-30T11:38:17.455Z, 164.263244, 598.6532714
1714477097485, 2024-04-30T11:38:17.485Z, 181.21384940000002, 592.802515
1714477097501, 2024-04-30T11:38:17.501Z, 196.1526928, 591.2279364
1714477097531, 2024-04-30T11:38:17.531Z, 209.465186, 593.5327596
1714477097547, 2024-04-30T11:38:17.547Z, 220.6018728, 594.2210264
1714477097574, 2024-04-30T11:38:17.574Z, 238.9010404, 591.5341638
1714477097587, 2024-04-30T11:38:17.587Z, 252.50487359999997, 593.4220666
1714477097616, 2024-04-30T11:38:17.616Z, 268.48696039999993, 594.3186594000001
1714477097661, 2024-04-30T11:38:17.661Z, 286.5049986, 595.606884
1714477097676, 2024-04-30T11:38:17.676Z, 304.33002980000003, 597.8213904
1714477097760, 2024-04-30T11:38:17.760Z, 316.2360718, 606.275988
1714477097797, 2024-04-30T11:38:17.797Z, 326.50321699999995, 610.5141796
1714477097812, 2024-04-30T11:38:17.812Z, 334.8317094, 615.4144307999999
1714477097842, 2024-04-30T11:38:17.842Z, 334.39932819999996, 618.283145
1714477097887, 2024-04-30T11:38:17.887Z, 333.19408280000005, 621.5781676
1714477097904, 2024-04-30T11:38:17.904Z, 330.5762228, 621.2250452000001
1714477097935, 2024-04-30T11:38:17.935Z, 321.357814, 619.8938548
1714477097950, 2024-04-30T11:38:17.950Z, 314.44471319999997, 616.4723542
1714477097982, 2024-04-30T11:38:17.982Z, 311.70342659999994, 611.8634145999999
1714477098024, 2024-04-30T11:38:18.024Z, 313.5890202, 609.6730712000001
1714477098038, 2024-04-30T11:38:18.038Z, 313.7035318, 603.2091457999999
1714477098067, 2024-04-30T11:38:18.067Z, 323.8826232, 594.6366994
1714477098083, 2024-04-30T11:38:18.083Z, 330.78218920000006, 588.4959476000001
1714477098112, 2024-04-30T11:38:18.112Z, 334.9443298, 585.6519206
1714477098202, 2024-04-30T11:38:18.202Z, 334.66530140000003, 580.8867222000001
1714477098247, 2024-04-30T11:38:18.247Z, 348.4360372, 590.2396757999999
1714477098293, 2024-04-30T11:38:18.293Z, 372.3932508, 603.4085886
1714477098338, 2024-04-30T11:38:18.338Z, 397.0665784, 615.6218435999999
1714477098385, 2024-04-30T11:38:18.385Z, 461.091501, 606.9053461999999
1714477098401, 2024-04-30T11:38:18.401Z, 532.9827342000001, 590.1477762000001
1714477098431, 2024-04-30T11:38:18.431Z, 587.5198766000001, 537.2931176
1714477098486, 2024-04-30T11:38:18.486Z, 596.0697106, 510.4514452
1714477098516, 2024-04-30T11:38:18.516Z, 577.6976674, 501.80971740000007
1714477098531, 2024-04-30T11:38:18.531Z, 524.569431, 509.02467099999996
1714477098561, 2024-04-30T11:38:18.561Z, 464.06759360000007, 522.0291422
1714477098579, 2024-04-30T11:38:18.579Z, 410.9681068, 562.0177512
1714477098651, 2024-04-30T11:38:18.651Z, 398.8607376, 572.2981834
1714477098669, 2024-04-30T11:38:18.669Z, 413.6430856, 562.6230124
1714477098699, 2024-04-30T11:38:18.699Z, 518.8650663999999, 513.4665162
1714477098714, 2024-04-30T11:38:18.714Z, 620.6872316000001, 467.23796400000003
1714477098744, 2024-04-30T11:38:18.744Z, 702.8420628, 430.70433299999996
1714477098790, 2024-04-30T11:38:18.790Z, 709.5035151999999, 438.591102
1714477098806, 2024-04-30T11:38:18.806Z, 715.6536606, 448.88473159999995
1714477098838, 2024-04-30T11:38:18.838Z, 628.1253325999999, 499.94289119999996
1714477098853, 2024-04-30T11:38:18.853Z, 544.2656784000001, 549.2351138
1714477098884, 2024-04-30T11:38:18.884Z, 490.99912720000003, 582.11672
1714477098900, 2024-04-30T11:38:18.900Z, 547.8238982, 559.802361
1714477098925, 2024-04-30T11:38:18.925Z, 592.0525802, 542.3806456
1714477098939, 2024-04-30T11:38:18.939Z, 663.0310818, 511.5955766
1714477098969, 2024-04-30T11:38:18.969Z, 736.0473736, 480.0332316
1714477098985, 2024-04-30T11:38:18.985Z, 759.027369, 475.448892
1714477099015, 2024-04-30T11:38:19.015Z, 736.2502348, 489.5483682
1714477099031, 2024-04-30T11:38:19.031Z, 727.7349768, 494.28112380000005
1714477099106, 2024-04-30T11:38:19.106Z, 675.1538748, 517.999552
1714477099120, 2024-04-30T11:38:19.120Z, 624.3012832, 543.0885304
1714477099151, 2024-04-30T11:38:19.151Z, 618.6924628, 550.538863
1714477099167, 2024-04-30T11:38:19.167Z, 619.3179334, 554.4905944
1714477099198, 2024-04-30T11:38:19.198Z, 618.4798972000001, 558.6595228
1714477099238, 2024-04-30T11:38:19.238Z, 634.937132, 554.9669332000001
1714477099253, 2024-04-30T11:38:19.253Z, 646.5515582, 551.3517294000001
1714477099283, 2024-04-30T11:38:19.283Z, 653.2578272, 546.6781122
1714477099312, 2024-04-30T11:38:19.312Z, 662.4733222000001, 548.3913808
1714477099327, 2024-04-30T11:38:19.327Z, 698.558482, 574.6450886
1714477099376, 2024-04-30T11:38:19.376Z, 728.253256, 598.3714904
1714477099389, 2024-04-30T11:38:19.389Z, 722.2744576, 596.9394758
1714477099465, 2024-04-30T11:38:19.465Z, 710.7363914, 595.9421626000001
1714477099480, 2024-04-30T11:38:19.480Z, 694.0932895999999, 590.322826
1714477099526, 2024-04-30T11:38:19.526Z, 641.2436548, 565.3852112000001
1714477099572, 2024-04-30T11:38:19.572Z, 640.805583, 528.9083164000001
1714477099618, 2024-04-30T11:38:19.618Z, 718.7188663999999, 525.5376564000001
1714477099650, 2024-04-30T11:38:19.650Z, 745.0505306, 531.1907544
1714477099687, 2024-04-30T11:38:19.687Z, 774.560003, 529.7439962000001
1714477099701, 2024-04-30T11:38:19.701Z, 791.1488274, 531.2706366
1714477099731, 2024-04-30T11:38:19.731Z, 788.6377902000002, 542.5621638
1714477099777, 2024-04-30T11:38:19.777Z, 791.214718, 534.6051126000001
1714477099791, 2024-04-30T11:38:19.791Z, 831.9165585999999, 519.9167412
1714477099822, 2024-04-30T11:38:19.822Z, 870.458981, 512.4939792
1714477099837, 2024-04-30T11:38:19.837Z, 875.2252308, 514.1905972000001
1714477099853, 2024-04-30T11:38:19.853Z, 852.9794488, 521.4913086
1714477099869, 2024-04-30T11:38:19.869Z, 782.8959884, 539.2567924
1714477099915, 2024-04-30T11:38:19.915Z, 728.9236794000001, 552.4255037999999
1714477100002, 2024-04-30T11:38:20.002Z, 710.5336774, 543.1204580000001
1714477100017, 2024-04-30T11:38:20.017Z, 749.4393521999999, 516.9921414
1714477100047, 2024-04-30T11:38:20.047Z, 744.568734, 503.4378848
1714477100061, 2024-04-30T11:38:20.061Z, 703.1893554000001, 501.28679339999997
1714477100101, 2024-04-30T11:38:20.101Z, 620.1588452, 505.1353892
1714477100136, 2024-04-30T11:38:20.136Z, 479.96557659999996, 534.8899292
1714477100181, 2024-04-30T11:38:20.181Z, 342.39209800000003, 571.9014996
1714477100196, 2024-04-30T11:38:20.196Z, 249.379142, 598.5045670000001
1714477100227, 2024-04-30T11:38:20.227Z, 197.77687400000002, 620.2931983999999
1714477100241, 2024-04-30T11:38:20.241Z, 185.7732794, 638.2248922
1714477100272, 2024-04-30T11:38:20.272Z, 190.23328020000002, 651.4428608000001
1714477100318, 2024-04-30T11:38:20.319Z, 184.1115244, 657.4139228
1714477100334, 2024-04-30T11:38:20.334Z, 177.003175, 661.8428384
1714477100364, 2024-04-30T11:38:20.364Z, 165.3519938, 659.7966554000001
1714477100380, 2024-04-30T11:38:20.380Z, 157.63696280000002, 655.7965212000001
1714477100422, 2024-04-30T11:38:20.422Z, 154.059776, 654.7457804
1714477100452, 2024-04-30T11:38:20.452Z, 155.4851328, 653.195821
1714477100466, 2024-04-30T11:38:20.466Z, 155.6463646, 650.8140252000001
1714477100496, 2024-04-30T11:38:20.496Z, 171.460473, 657.5910184
1714477100512, 2024-04-30T11:38:20.512Z, 184.6582194, 662.537955
1714477100541, 2024-04-30T11:38:20.541Z, 199.42217720000002, 665.4845892
1714477100587, 2024-04-30T11:38:20.587Z, 216.670559, 669.808696
1714477100602, 2024-04-30T11:38:20.602Z, 234.282458, 676.0309669999999
1714477100637, 2024-04-30T11:38:20.637Z, 233.83218000000002, 672.2749652
1714477100648, 2024-04-30T11:38:20.648Z, 233.289694, 671.4845158
1714477100678, 2024-04-30T11:38:20.678Z, 232.2654384, 670.581999
1714477100724, 2024-04-30T11:38:20.724Z, 230.50334859999998, 668.4254248
1714477100768, 2024-04-30T11:38:20.768Z, 229.53604479999998, 664.3510089999999
1714477100784, 2024-04-30T11:38:20.784Z, 231.19695480000001, 661.4771441999999
1714477100816, 2024-04-30T11:38:20.816Z, 243.418543, 665.4624504000001
1714477100831, 2024-04-30T11:38:20.831Z, 252.87195979999996, 667.78804
1714477100903, 2024-04-30T11:38:20.903Z, 255.77123820000003, 664.9701046
1714477100918, 2024-04-30T11:38:20.918Z, 263.5195116, 664.5355942
1714477100947, 2024-04-30T11:38:20.947Z, 290.63623820000004, 664.0159264
1714477100992, 2024-04-30T11:38:20.992Z, 305.0731852, 653.1057674
1714477101037, 2024-04-30T11:38:21.037Z, 314.1768104, 639.7397538
1714477101082, 2024-04-30T11:38:21.082Z, 330.95577119999996, 634.6031622
1714477101097, 2024-04-30T11:38:21.098Z, 340.356471, 627.433671
1714477101127, 2024-04-30T11:38:21.127Z, 312.4501652, 623.4337656
1714477101149, 2024-04-30T11:38:21.149Z, 283.94092820000003, 623.745456
1714477101173, 2024-04-30T11:38:21.173Z, 260.8656006, 628.6481940000001
1714477101187, 2024-04-30T11:38:21.187Z, 227.0310832, 633.0569582
1714477101217, 2024-04-30T11:38:21.217Z, 193.607167, 638.8177063999999
1714477101232, 2024-04-30T11:38:21.232Z, 178.36479300000002, 642.0398826
1714477101264, 2024-04-30T11:38:21.264Z, 167.00325100000003, 645.525751
1714477101280, 2024-04-30T11:38:21.280Z, 156.7914484, 648.536287
1714477101352, 2024-04-30T11:38:21.352Z, 157.685223, 647.5197268
1714477101367, 2024-04-30T11:38:21.367Z, 162.8685562, 647.943841
1714477101381, 2024-04-30T11:38:21.381Z, 169.20798019999998, 648.5581756
1714477101397, 2024-04-30T11:38:21.397Z, 176.5238954, 653.5766336
1714477101412, 2024-04-30T11:38:21.412Z, 184.0303948, 660.553978
1714477101442, 2024-04-30T11:38:21.442Z, 193.07230380000001, 669.509459
1714477101487, 2024-04-30T11:38:21.487Z, 200.9772758, 678.2346622000001
1714477101502, 2024-04-30T11:38:21.502Z, 208.9714246, 683.6386038
1714477101546, 2024-04-30T11:38:21.546Z, 216.8830332, 681.6377471999999
1714477101577, 2024-04-30T11:38:21.577Z, 221.6539492, 673.9773855999999
1714477101623, 2024-04-30T11:38:21.623Z, 220.76885900000002, 670.8932609999999
1714477101637, 2024-04-30T11:38:21.637Z, 219.3496784, 666.6217852
1714477101667, 2024-04-30T11:38:21.667Z, 227.23321679999998, 667.6201954000001
1714477101714, 2024-04-30T11:38:21.714Z, 233.6235416, 669.8127496
1714477101730, 2024-04-30T11:38:21.730Z, 243.37373260000004, 676.1222504
1714477101745, 2024-04-30T11:38:21.745Z, 255.845507, 679.3230736
1714477101773, 2024-04-30T11:38:21.773Z, 267.1952554, 678.7399360000001
1714477101802, 2024-04-30T11:38:21.802Z, 267.583418, 675.1344748
1714477101817, 2024-04-30T11:38:21.817Z, 266.487498, 670.5651978
1714477101847, 2024-04-30T11:38:21.847Z, 262.271214, 661.4453948
1714477101862, 2024-04-30T11:38:21.862Z, 252.98872619999997, 637.591968
1714477101892, 2024-04-30T11:38:21.892Z, 247.92004219999998, 590.6409052
1714477101937, 2024-04-30T11:38:21.937Z, 249.5151774, 519.6386218
1714477101952, 2024-04-30T11:38:21.952Z, 258.025808, 468.5707624
1714477102032, 2024-04-30T11:38:22.032Z, 270.016583, 431.65367779999997
1714477102073, 2024-04-30T11:38:22.073Z, 287.44704740000003, 388.8110374
1714477102165, 2024-04-30T11:38:22.165Z, 312.356309, 370.31537059999994
1714477102236, 2024-04-30T11:38:22.236Z, 330.67068780000005, 376.21894499999996
1714477102267, 2024-04-30T11:38:22.267Z, 338.5182508, 358.5829252
1714477102311, 2024-04-30T11:38:22.311Z, 331.8944992, 338.4334128
1714477102454, 2024-04-30T11:38:22.454Z, 297.79474760000005, 333.8290338
1714477102524, 2024-04-30T11:38:22.524Z, 263.6720878, 365.66603219999996
1714477102570, 2024-04-30T11:38:22.570Z, 227.53410119999998, 395.52300120000007
1714477102616, 2024-04-30T11:38:22.616Z, 199.77953920000002, 442.97809000000007
1714477102631, 2024-04-30T11:38:22.631Z, 187.1940286, 489.27080079999996
1714477102647, 2024-04-30T11:38:22.647Z, 202.828309, 544.4712294
1714477102672, 2024-04-30T11:38:22.672Z, 207.7840804, 570.4958436
1714477102701, 2024-04-30T11:38:22.701Z, 217.439367, 595.0380814
1714477102716, 2024-04-30T11:38:22.716Z, 227.85038060000002, 608.8560098
1714477102746, 2024-04-30T11:38:22.746Z, 243.23111280000003, 603.6748228
1714477102761, 2024-04-30T11:38:22.761Z, 253.75205620000003, 603.5553779999999
1714477102796, 2024-04-30T11:38:22.796Z, 253.98627820000002, 602.5667834
1714477102837, 2024-04-30T11:38:22.837Z, 243.3543224, 606.3970596
1714477102851, 2024-04-30T11:38:22.851Z, 229.7056768, 608.8124086
1714477102881, 2024-04-30T11:38:22.881Z, 210.90258239999997, 625.0271409999999
1714477102896, 2024-04-30T11:38:22.896Z, 197.0894854, 634.3980962
1714477102927, 2024-04-30T11:38:22.927Z, 195.090422, 638.9310939999999
1714477102943, 2024-04-30T11:38:22.943Z, 207.10550700000005, 645.7171126000001
1714477102972, 2024-04-30T11:38:22.972Z, 217.5933994, 652.0539592
1714477102986, 2024-04-30T11:38:22.986Z, 225.2414906, 655.8675472
1714477103016, 2024-04-30T11:38:23.016Z, 226.64772000000002, 656.7925998
1714477103031, 2024-04-30T11:38:23.031Z, 213.4331072, 656.7522466
1714477103061, 2024-04-30T11:38:23.061Z, 191.1888986, 652.0809304
1714477103080, 2024-04-30T11:38:23.080Z, 171.17556960000002, 648.4539686
1714477103125, 2024-04-30T11:38:23.125Z, 143.31474839999998, 636.3386246
1714477103154, 2024-04-30T11:38:23.154Z, 124.4279796, 629.9695926
1714477103169, 2024-04-30T11:38:23.169Z, 120.9374808, 627.922112
1714477103199, 2024-04-30T11:38:23.199Z, 127.87636940000002, 640.9352602
1714477103214, 2024-04-30T11:38:23.214Z, 136.066617, 654.5779772
1714477103244, 2024-04-30T11:38:23.244Z, 164.76180159999998, 676.214567
1714477103291, 2024-04-30T11:38:23.291Z, 192.6607164, 692.75515
1714477103304, 2024-04-30T11:38:23.304Z, 225.75450220000002, 709.7190707999999
1714477103334, 2024-04-30T11:38:23.334Z, 252.6007626, 710.9791793999999
1714477103349, 2024-04-30T11:38:23.349Z, 273.2638372, 709.0408838
1714477103383, 2024-04-30T11:38:23.383Z, 277.1096622, 704.6453714
1714477103394, 2024-04-30T11:38:23.394Z, 274.47819880000003, 698.8492566000001
1714477103425, 2024-04-30T11:38:23.425Z, 263.6201216, 688.9546964
1714477103471, 2024-04-30T11:38:23.471Z, 253.63740099999995, 680.7322419999999
1714477103487, 2024-04-30T11:38:23.487Z, 245.105316, 673.6536208
1714477103517, 2024-04-30T11:38:23.517Z, 273.444848, 671.5854248
1714477103532, 2024-04-30T11:38:23.532Z, 308.1743312, 673.2171496
1714477103575, 2024-04-30T11:38:23.575Z, 368.6375044, 669.7007318
1714477103589, 2024-04-30T11:38:23.589Z, 446.20150720000004, 650.3134592
1714477103604, 2024-04-30T11:38:23.604Z, 533.860454, 631.6515112
1714477103619, 2024-04-30T11:38:23.619Z, 572.3784212, 622.0722288
1714477103649, 2024-04-30T11:38:23.649Z, 584.999914, 622.9256396000001
1714477103694, 2024-04-30T11:38:23.694Z, 569.4674896, 630.9736244000001
1714477103740, 2024-04-30T11:38:23.740Z, 542.3325404, 651.2787072000001
1714477103751, 2024-04-30T11:38:23.751Z, 505.36602000000005, 670.4732204
1714477103781, 2024-04-30T11:38:23.781Z, 482.6145206, 676.618517
1714477103827, 2024-04-30T11:38:23.827Z, 479.3852728, 668.2185716
1714477103886, 2024-04-30T11:38:23.886Z, 482.52075060000004, 658.6240686
1714477103917, 2024-04-30T11:38:23.917Z, 478.29814180000005, 652.6358772
1714477103931, 2024-04-30T11:38:23.931Z, 433.47727159999994, 652.7554136
1714477103961, 2024-04-30T11:38:23.961Z, 379.94328859999996, 660.4092774
1714477103976, 2024-04-30T11:38:23.976Z, 320.79150500000003, 672.1898831999999
1714477104022, 2024-04-30T11:38:24.022Z, 256.64815400000003, 680.4180182
1714477104051, 2024-04-30T11:38:24.051Z, 188.92376299999998, 689.0027594000001
1714477104066, 2024-04-30T11:38:24.066Z, 162.80654859999999, 691.9948398
1714477104096, 2024-04-30T11:38:24.096Z, 151.8386756, 689.1507316
1714477104111, 2024-04-30T11:38:24.111Z, 155.9949414, 683.1965416
1714477104141, 2024-04-30T11:38:24.141Z, 164.53260759999998, 678.5183326
1714477104186, 2024-04-30T11:38:24.186Z, 182.4791582, 671.6720647999999
1714477104201, 2024-04-30T11:38:24.201Z, 201.2390234, 669.0716718
1714477104231, 2024-04-30T11:38:24.231Z, 219.8732102, 669.7297838000001
1714477104246, 2024-04-30T11:38:24.246Z, 232.35425760000004, 672.0078254
1714477104276, 2024-04-30T11:38:24.276Z, 242.63115900000003, 675.4951907999999
1714477104291, 2024-04-30T11:38:24.291Z, 247.21657020000004, 680.7728239999999
1714477104322, 2024-04-30T11:38:24.322Z, 252.22286079999998, 684.0408098
1714477104338, 2024-04-30T11:38:24.338Z, 254.6892586, 685.275425
1714477104369, 2024-04-30T11:38:24.369Z, 252.26314739999998, 684.4774007999999
1714477104385, 2024-04-30T11:38:24.385Z, 243.9384826, 684.7517548
1714477104415, 2024-04-30T11:38:24.415Z, 234.181496, 687.040419
1714477104431, 2024-04-30T11:38:24.431Z, 214.84729120000003, 693.3546664
1714477104475, 2024-04-30T11:38:24.475Z, 195.74378199999998, 705.3986812
1714477104502, 2024-04-30T11:38:24.502Z, 180.9138562, 720.437041
1714477104517, 2024-04-30T11:38:24.517Z, 170.651324, 732.7170966000001
1714477104547, 2024-04-30T11:38:24.547Z, 162.612879, 743.9343426
1714477104562, 2024-04-30T11:38:24.562Z, 162.6689992, 747.4116236
1714477104593, 2024-04-30T11:38:24.593Z, 166.6627476, 751.2571982000001
1714477104638, 2024-04-30T11:38:24.638Z, 172.6219506, 757.4537978
1714477104653, 2024-04-30T11:38:24.653Z, 176.3441836, 762.3762928
1714477104682, 2024-04-30T11:38:24.682Z, 180.7419222, 770.5655434
1714477104702, 2024-04-30T11:38:24.702Z, 183.3505576, 778.937791
1714477104727, 2024-04-30T11:38:24.727Z, 174.43914639999997, 779.0051852
1714477104743, 2024-04-30T11:38:24.743Z, 162.9347066, 776.5797052
1714477104774, 2024-04-30T11:38:24.774Z, 155.3124698, 777.3259598
1714477104788, 2024-04-30T11:38:24.788Z, 145.53021859999998, 774.247761
1714477104818, 2024-04-30T11:38:24.818Z, 139.9459976, 774.7912396
1714477104834, 2024-04-30T11:38:24.834Z, 141.54217260000001, 777.9360378
1714477104864, 2024-04-30T11:38:24.864Z, 159.9631376, 775.8438236
1714477104879, 2024-04-30T11:38:24.879Z, 178.3458812, 772.0481002
1714477104924, 2024-04-30T11:38:24.924Z, 198.49246320000003, 766.5932088000001
1714477104952, 2024-04-30T11:38:24.952Z, 217.9735964, 760.1657792
1714477104968, 2024-04-30T11:38:24.968Z, 238.8991406, 753.8528556
1714477104998, 2024-04-30T11:38:24.998Z, 246.37873600000003, 754.0529300000001
1714477105012, 2024-04-30T11:38:25.012Z, 253.53661400000001, 760.7817674
1714477105042, 2024-04-30T11:38:25.042Z, 257.8420156, 767.5206506
1714477105088, 2024-04-30T11:38:25.088Z, 256.872715, 764.8063807999999
1714477105103, 2024-04-30T11:38:25.103Z, 260.2943528, 761.2591316
1714477105137, 2024-04-30T11:38:25.137Z, 262.0263884, 755.462055
1714477105154, 2024-04-30T11:38:25.154Z, 271.0096882, 746.2977235999999
1714477105178, 2024-04-30T11:38:25.178Z, 282.187177, 738.5378135999999
1714477105193, 2024-04-30T11:38:25.193Z, 294.11949599999997, 739.4107241999999
1714477105224, 2024-04-30T11:38:25.224Z, 300.60741500000006, 743.3527013999999
1714477105238, 2024-04-30T11:38:25.238Z, 306.1431476, 746.9981339999998
1714477105268, 2024-04-30T11:38:25.268Z, 303.3637334, 743.6674679999999
1714477105284, 2024-04-30T11:38:25.284Z, 300.8810032, 740.9688612
1714477105315, 2024-04-30T11:38:25.315Z, 306.5298208, 735.4902108
1714477105330, 2024-04-30T11:38:25.330Z, 314.906992, 727.7863426000001
1714477105372, 2024-04-30T11:38:25.372Z, 325.5231294, 721.5525960000001
1714477105401, 2024-04-30T11:38:25.401Z, 335.0605904, 722.6240212
1714477105416, 2024-04-30T11:38:25.416Z, 343.59371319999997, 723.0522295999999
1714477105446, 2024-04-30T11:38:25.446Z, 348.0161012, 728.7460588
1714477105461, 2024-04-30T11:38:25.461Z, 351.20283599999993, 733.8205594
1714477105492, 2024-04-30T11:38:25.492Z, 353.30471579999994, 737.5882566
1714477105536, 2024-04-30T11:38:25.536Z, 358.4413042, 745.2705188
1714477105551, 2024-04-30T11:38:25.551Z, 363.266301, 751.3982742000001
1714477105581, 2024-04-30T11:38:25.581Z, 365.99686379999997, 758.1018016
1714477105596, 2024-04-30T11:38:25.596Z, 363.2671864, 759.8530738
1714477105626, 2024-04-30T11:38:25.626Z, 361.55163899999997, 762.2005196
1714477105642, 2024-04-30T11:38:25.642Z, 359.750948, 758.2982408
1714477105672, 2024-04-30T11:38:25.672Z, 358.969672, 753.6851254000001
1714477105716, 2024-04-30T11:38:25.716Z, 357.78350439999997, 746.1800778
1714477105731, 2024-04-30T11:38:25.731Z, 361.7169848, 743.7827516000001
1714477105761, 2024-04-30T11:38:25.761Z, 363.209584, 739.8812484000001
1714477105776, 2024-04-30T11:38:25.776Z, 363.5283948, 736.6018662
1714477105822, 2024-04-30T11:38:25.822Z, 363.4290876, 736.8547236
1714477105851, 2024-04-30T11:38:25.851Z, 365.1686972, 736.1614426000001
1714477105866, 2024-04-30T11:38:25.866Z, 368.76190119999995, 734.105582
1714477105896, 2024-04-30T11:38:25.896Z, 374.93691060000003, 735.1215533999999
1714477105911, 2024-04-30T11:38:25.911Z, 381.1716346, 738.8972292000001
1714477105942, 2024-04-30T11:38:25.942Z, 387.80548039999996, 741.5261075999999
1714477105986, 2024-04-30T11:38:25.986Z, 405.6395944, 750.593347
1714477106001, 2024-04-30T11:38:26.001Z, 416.56009400000005, 758.0232228000001
1714477106032, 2024-04-30T11:38:26.032Z, 425.223023, 758.7698876000001
1714477106048, 2024-04-30T11:38:26.048Z, 431.8074246, 755.6057722
1714477106079, 2024-04-30T11:38:26.079Z, 437.14284699999996, 747.8090847999999
1714477106095, 2024-04-30T11:38:26.095Z, 435.249269, 731.1913605999999
1714477106122, 2024-04-30T11:38:26.122Z, 437.6125612000001, 716.9135666
1714477106136, 2024-04-30T11:38:26.136Z, 442.157523, 706.5939676
1714477106166, 2024-04-30T11:38:26.166Z, 450.3091396, 698.1210799999999
1714477106181, 2024-04-30T11:38:26.181Z, 461.58613239999994, 693.0672345999999
1714477106211, 2024-04-30T11:38:26.211Z, 463.32528579999996, 691.1259662
1714477106226, 2024-04-30T11:38:26.226Z, 449.60344299999997, 689.8650946
1714477106272, 2024-04-30T11:38:26.272Z, 419.95546640000003, 693.3630084
1714477106301, 2024-04-30T11:38:26.301Z, 345.1922304, 709.9258504000001
1714477106316, 2024-04-30T11:38:26.316Z, 267.2352334, 727.0334596
1714477106351, 2024-04-30T11:38:26.351Z, 194.7474154, 742.7064332
1714477106365, 2024-04-30T11:38:26.365Z, 139.25891659999996, 757.624786
1714477106395, 2024-04-30T11:38:26.395Z, 96.8441456, 768.8072757999998
1714477106438, 2024-04-30T11:38:26.438Z, 104.95165119999999, 768.2629039999999
1714477106453, 2024-04-30T11:38:26.453Z, 113.71611579999998, 768.6806352
1714477106483, 2024-04-30T11:38:26.483Z, 114.83303259999998, 766.5980816
1714477106500, 2024-04-30T11:38:26.500Z, 113.3441194, 765.7788049999999
1714477106530, 2024-04-30T11:38:26.530Z, 113.6575986, 765.528299
1714477106546, 2024-04-30T11:38:26.546Z, 106.51158799999999, 762.5024672000001
1714477106574, 2024-04-30T11:38:26.574Z, 101.16852259999999, 760.0710068000001
1714477106588, 2024-04-30T11:38:26.588Z, 104.0767238, 761.0618270000001
1714477106618, 2024-04-30T11:38:26.618Z, 109.9450126, 762.1181288
1714477106633, 2024-04-30T11:38:26.633Z, 116.9042808, 761.4273546000001
1714477106663, 2024-04-30T11:38:26.663Z, 128.8481144, 759.5251691999999
1714477106678, 2024-04-30T11:38:26.678Z, 141.4424458, 757.6081532
1714477106724, 2024-04-30T11:38:26.724Z, 153.1835468, 754.6753302
1714477106751, 2024-04-30T11:38:26.751Z, 161.17105740000002, 756.9610660000001
1714477106798, 2024-04-30T11:38:26.798Z, 167.3482732, 757.8679706
1714477106814, 2024-04-30T11:38:26.814Z, 169.2415502, 760.9474392
1714477106844, 2024-04-30T11:38:26.844Z, 171.30176260000002, 762.021585
1714477106889, 2024-04-30T11:38:26.889Z, 178.4119246, 764.136398
1714477106904, 2024-04-30T11:38:26.904Z, 185.2715612, 761.8175772
1714477106935, 2024-04-30T11:38:26.935Z, 201.8515054, 756.8932846
1714477106952, 2024-04-30T11:38:26.952Z, 222.7966454, 748.9594668
1714477106981, 2024-04-30T11:38:26.981Z, 242.19552119999997, 742.768969
1714477106997, 2024-04-30T11:38:26.997Z, 256.7119304, 736.6984212
1714477107038, 2024-04-30T11:38:27.038Z, 273.26729020000005, 730.159961
1714477107069, 2024-04-30T11:38:27.069Z, 285.64135360000006, 730.5981834
1714477107082, 2024-04-30T11:38:27.082Z, 292.24467980000003, 736.1359758000001
1714477107112, 2024-04-30T11:38:27.112Z, 367.2019892, 728.6899262
1714477107127, 2024-04-30T11:38:27.127Z, 386.2925174, 730.8930578
1714477107173, 2024-04-30T11:38:27.173Z, 451.37049499999995, 724.4466176
1714477107202, 2024-04-30T11:38:27.202Z, 429.7539298, 730.4377742
1714477107247, 2024-04-30T11:38:27.247Z, 404.77133760000004, 735.2774963999999
1714477107262, 2024-04-30T11:38:27.262Z, 309.88848559999997, 750.384835
1714477107292, 2024-04-30T11:38:27.292Z, 272.0294982, 754.6570616
1714477107337, 2024-04-30T11:38:27.337Z, 191.1874956, 766.2827282000001
1714477107354, 2024-04-30T11:38:27.354Z, 192.8424984, 764.0663332
1714477107384, 2024-04-30T11:38:27.384Z, 203.7809158, 769.1343348
1714477107400, 2024-04-30T11:38:27.400Z, 215.31294099999997, 776.437009
1714477107431, 2024-04-30T11:38:27.431Z, 228.99889740000003, 780.4131766
1714477107447, 2024-04-30T11:38:27.447Z, 239.06415499999997, 785.010046
1714477107472, 2024-04-30T11:38:27.472Z, 246.6499862, 789.4645656
1714477107487, 2024-04-30T11:38:27.487Z, 251.052116, 785.3720274000001
1714477107516, 2024-04-30T11:38:27.516Z, 263.274862, 778.0954914
1714477107561, 2024-04-30T11:38:27.561Z, 272.4156354, 775.0619604000001
1714477107577, 2024-04-30T11:38:27.577Z, 281.8483032, 772.2473846
1714477107628, 2024-04-30T11:38:27.628Z, 298.749939, 764.3268716
1714477107652, 2024-04-30T11:38:27.652Z, 313.5629374, 756.688664
1714477107667, 2024-04-30T11:38:27.667Z, 320.141945, 752.0425382
1714477107697, 2024-04-30T11:38:27.697Z, 326.8967092, 748.9695142
1714477107713, 2024-04-30T11:38:27.713Z, 333.3771492, 746.2298788
1714477107745, 2024-04-30T11:38:27.745Z, 334.0100334, 746.7639948
1714477107772, 2024-04-30T11:38:27.772Z, 334.85263480000003, 746.8957630000001
1714477107787, 2024-04-30T11:38:27.787Z, 337.67082560000006, 745.4787878000001
1714477107802, 2024-04-30T11:38:27.802Z, 348.6257304, 749.1702066
1714477107832, 2024-04-30T11:38:27.832Z, 361.485289, 751.8834926
1714477107846, 2024-04-30T11:38:27.846Z, 375.650022, 754.8475902
1714477107876, 2024-04-30T11:38:27.876Z, 394.6193488, 756.8664834
1714477107891, 2024-04-30T11:38:27.891Z, 413.5754498, 759.4440441999999
1714477107922, 2024-04-30T11:38:27.922Z, 421.82405159999996, 757.6659832
1714477107936, 2024-04-30T11:38:27.936Z, 430.42060899999996, 756.331163
1714477107966, 2024-04-30T11:38:27.966Z, 440.9751644, 756.6833458
1714477107981, 2024-04-30T11:38:27.981Z, 444.283619, 758.2861018
1714477108011, 2024-04-30T11:38:28.011Z, 455.5738464, 760.4207484000001
1714477108026, 2024-04-30T11:38:28.026Z, 470.2434638, 762.4522801999999
1714477108040, 2024-04-30T11:38:28.040Z, 484.1888666, 764.6359544
1714477108072, 2024-04-30T11:38:28.072Z, 498.68431279999993, 765.7797781999999
1714477108101, 2024-04-30T11:38:28.101Z, 516.9818606, 765.2906776
1714477108116, 2024-04-30T11:38:28.116Z, 527.472859, 765.4571286
1714477108146, 2024-04-30T11:38:28.146Z, 536.3791168, 762.140186
1714477108162, 2024-04-30T11:38:28.162Z, 538.889089, 750.4012544
1714477108193, 2024-04-30T11:38:28.193Z, 536.0533822, 753.611262
1714477108236, 2024-04-30T11:38:28.236Z, 531.801605, 769.9316827999999
1714477108281, 2024-04-30T11:38:28.281Z, 544.31228, 777.1794629999999
1714477108296, 2024-04-30T11:38:28.296Z, 561.4442237999999, 777.6525144
1714477108326, 2024-04-30T11:38:28.326Z, 584.3757522, 784.7650154
1714477108341, 2024-04-30T11:38:28.341Z, 603.494259, 773.3240748
1714477108372, 2024-04-30T11:38:28.372Z, 622.4794494, 750.1515302
1714477108386, 2024-04-30T11:38:28.386Z, 624.5387502, 737.6954366
1714477108400, 2024-04-30T11:38:28.400Z, 622.214463, 733.0706028
1714477108416, 2024-04-30T11:38:28.416Z, 620.0932088000001, 728.9099428
1714477108431, 2024-04-30T11:38:28.431Z, 625.4472188, 723.7191774
1714477108445, 2024-04-30T11:38:28.445Z, 631.5108550000001, 719.7286988
1714477108461, 2024-04-30T11:38:28.461Z, 637.1696078, 711.6286262000001
1714477108478, 2024-04-30T11:38:28.478Z, 643.8343662, 703.7534742
1714477108522, 2024-04-30T11:38:28.522Z, 653.2847752, 697.484095
1714477108551, 2024-04-30T11:38:28.551Z, 662.5727106, 698.0183668000001
1714477108567, 2024-04-30T11:38:28.567Z, 676.405463, 703.9329212
1714477108598, 2024-04-30T11:38:28.598Z, 690.852169, 714.3175254
1714477108614, 2024-04-30T11:38:28.614Z, 703.4480981999999, 724.7068164
1714477108630, 2024-04-30T11:38:28.630Z, 712.2844282, 734.2317579999999
1714477108645, 2024-04-30T11:38:28.645Z, 725.2448250000001, 744.8645172
1714477108686, 2024-04-30T11:38:28.686Z, 719.0588294000001, 747.1353185999999
1714477108701, 2024-04-30T11:38:28.701Z, 706.4501096, 746.4520074
1714477108731, 2024-04-30T11:38:28.731Z, 661.3826167999999, 748.4435208000001
1714477108746, 2024-04-30T11:38:28.746Z, 568.2712363999999, 759.5272566000001
1714477108776, 2024-04-30T11:38:28.776Z, 464.4982904, 767.0547991999999
1714477108791, 2024-04-30T11:38:28.791Z, 370.3271228, 777.3373276
1714477108822, 2024-04-30T11:38:28.822Z, 267.88931940000003, 789.425274
1714477108840, 2024-04-30T11:38:28.840Z, 198.98078320000002, 798.8869972
1714477108871, 2024-04-30T11:38:28.871Z, 176.23296180000003, 799.4343448
1714477108885, 2024-04-30T11:38:28.885Z, 151.41915540000002, 798.4447496
1714477108925, 2024-04-30T11:38:28.925Z, 131.4985284, 796.5431532
1714477108941, 2024-04-30T11:38:28.941Z, 127.6644452, 794.9520325999999
1714477108978, 2024-04-30T11:38:28.978Z, 130.5379576, 799.0557308
1714477109021, 2024-04-30T11:38:29.021Z, 148.73441739999998, 809.0827428
1714477109052, 2024-04-30T11:38:29.052Z, 177.1996042, 818.5742738
1714477109067, 2024-04-30T11:38:29.067Z, 208.78562780000001, 825.8386402
1714477109100, 2024-04-30T11:38:29.100Z, 243.0945878, 830.9088484
1714477109139, 2024-04-30T11:38:29.139Z, 269.8301782, 830.0089834
1714477109162, 2024-04-30T11:38:29.162Z, 285.574499, 823.7425618000001
1714477109193, 2024-04-30T11:38:29.193Z, 299.2398506, 816.9489964
1714477109209, 2024-04-30T11:38:29.209Z, 312.7165102, 813.3382504
1714477109239, 2024-04-30T11:38:29.239Z, 321.36638300000004, 810.2089234
1714477109255, 2024-04-30T11:38:29.255Z, 331.642635, 806.5368646
1714477109273, 2024-04-30T11:38:29.273Z, 342.5773656, 801.1504848000001
1714477109287, 2024-04-30T11:38:29.287Z, 355.88445920000004, 797.4552028
1714477109318, 2024-04-30T11:38:29.318Z, 364.1742608, 793.3719435999999
1714477109333, 2024-04-30T11:38:29.333Z, 372.3949394, 788.548978
1714477109365, 2024-04-30T11:38:29.365Z, 379.2221628, 784.7514438000001
1714477109380, 2024-04-30T11:38:29.380Z, 383.1288994, 783.0442054000001
1714477109424, 2024-04-30T11:38:29.424Z, 384.0296394, 779.5560706
1714477109458, 2024-04-30T11:38:29.458Z, 388.8328716, 775.4120252
1714477109474, 2024-04-30T11:38:29.474Z, 397.47467459999996, 769.413974
1714477109504, 2024-04-30T11:38:29.504Z, 405.7564886, 763.0919374
1714477109552, 2024-04-30T11:38:29.552Z, 405.70162360000006, 751.9044931999999
1714477109598, 2024-04-30T11:38:29.598Z, 404.85200480000003, 741.5399238
1714477109614, 2024-04-30T11:38:29.614Z, 401.8875528, 731.0235764
1714477109646, 2024-04-30T11:38:29.646Z, 406.725231, 708.6801078000001
1714477109661, 2024-04-30T11:38:29.661Z, 413.34442900000005, 686.3841926000001
1714477109692, 2024-04-30T11:38:29.692Z, 428.4238176, 668.3948142000002
1714477109708, 2024-04-30T11:38:29.708Z, 442.91403340000005, 652.3401484
1714477109724, 2024-04-30T11:38:29.724Z, 457.239984, 637.0403546
1714477109770, 2024-04-30T11:38:29.770Z, 460.97455019999995, 630.4565026
1714477109816, 2024-04-30T11:38:29.816Z, 463.2410608, 623.7488866000001
1714477109872, 2024-04-30T11:38:29.872Z, 471.47669720000005, 618.6695954
1714477109901, 2024-04-30T11:38:29.901Z, 479.378639, 612.8028986000002
1714477109917, 2024-04-30T11:38:29.917Z, 487.6234316, 607.1834226
1714477109947, 2024-04-30T11:38:29.947Z, 499.3281342, 607.4896024
1714477109962, 2024-04-30T11:38:29.962Z, 511.13230480000004, 607.8085186000001
1714477109992, 2024-04-30T11:38:29.992Z, 522.6686652, 605.7449624
1714477110043, 2024-04-30T11:38:30.043Z, 535.234195, 604.3283125999999
1714477110096, 2024-04-30T11:38:30.096Z, 543.8076392, 601.7697366
1714477110112, 2024-04-30T11:38:30.112Z, 464.0683212, 633.9819090000001
1714477110127, 2024-04-30T11:38:30.127Z, 389.27532299999996, 670.2107908
1714477110143, 2024-04-30T11:38:30.143Z, 311.98884079999993, 698.5980900000001
1714477110179, 2024-04-30T11:38:30.179Z, 234.6018822, 727.0020907999999
1714477110205, 2024-04-30T11:38:30.205Z, 162.88097539999998, 759.1200552
1714477110221, 2024-04-30T11:38:30.221Z, 172.30589400000002, 757.6751756
1714477110236, 2024-04-30T11:38:30.236Z, 173.16932780000002, 754.6707338
1714477110267, 2024-04-30T11:38:30.267Z, 175.6896592, 763.2085537999999
1714477110283, 2024-04-30T11:38:30.283Z, 178.41760000000002, 771.7324818
1714477110327, 2024-04-30T11:38:30.327Z, 181.78722080000003, 777.1048027999999
1714477110356, 2024-04-30T11:38:30.356Z, 184.7688128, 781.5206674
1714477110368, 2024-04-30T11:38:30.368Z, 192.39005660000004, 784.0181106
1714477110398, 2024-04-30T11:38:30.398Z, 197.5150156, 782.3455389999999
1714477110413, 2024-04-30T11:38:30.413Z, 202.19449279999998, 780.9532842
1714477110444, 2024-04-30T11:38:30.444Z, 208.79040920000003, 778.5772774
1714477110488, 2024-04-30T11:38:30.488Z, 221.5837174, 776.527533
1714477110503, 2024-04-30T11:38:30.503Z, 231.52081619999998, 773.7819916000001
1714477110533, 2024-04-30T11:38:30.533Z, 238.28989060000004, 771.8101049999999
1714477110548, 2024-04-30T11:38:30.548Z, 245.95746719999997, 770.0131055999999
1714477110579, 2024-04-30T11:38:30.579Z, 248.6416562, 770.2661668
1714477110595, 2024-04-30T11:38:30.595Z, 245.03491960000002, 770.4578874
1714477110625, 2024-04-30T11:38:30.625Z, 243.46058080000003, 771.1436808000001
1714477110639, 2024-04-30T11:38:30.639Z, 240.9668752, 771.4086694
1714477110668, 2024-04-30T11:38:30.668Z, 236.18684939999997, 771.965244
1714477110684, 2024-04-30T11:38:30.684Z, 232.113063, 771.96683
1714477110713, 2024-04-30T11:38:30.713Z, 230.798088, 765.289262
1714477110735, 2024-04-30T11:38:30.735Z, 320.51391240000004, 727.3508525999999
1714477110773, 2024-04-30T11:38:30.773Z, 409.5832944, 689.2584279999999
1714477110802, 2024-04-30T11:38:30.802Z, 486.3662412, 657.7851438
1714477110817, 2024-04-30T11:38:30.817Z, 548.2516276, 632.9195868
1714477110850, 2024-04-30T11:38:30.850Z, 609.4598194, 619.8398738
1714477110862, 2024-04-30T11:38:30.862Z, 572.7900638, 641.376219
1714477110892, 2024-04-30T11:38:30.892Z, 519.5852314000001, 672.334698
1714477110937, 2024-04-30T11:38:30.937Z, 483.2255228, 701.1619800000001
1714477110952, 2024-04-30T11:38:30.952Z, 462.51891480000006, 723.4838218
1714477110982, 2024-04-30T11:38:30.982Z, 442.54876540000004, 740.6737995999999
1714477111029, 2024-04-30T11:38:31.029Z, 431.401239, 756.1171830000001
1714477111044, 2024-04-30T11:38:31.044Z, 438.11721900000003, 762.741651
1714477111072, 2024-04-30T11:38:31.072Z, 441.06401040000003, 765.5127582
1714477111087, 2024-04-30T11:38:31.087Z, 442.252171, 766.9158874000001
1714477111117, 2024-04-30T11:38:31.117Z, 445.01055940000003, 769.0672316
1714477111132, 2024-04-30T11:38:31.132Z, 451.7908446, 765.0322712
1714477111165, 2024-04-30T11:38:31.165Z, 449.951015, 761.9026976
1714477111177, 2024-04-30T11:38:31.177Z, 455.8811364, 756.0246682
1714477111223, 2024-04-30T11:38:31.223Z, 468.67387840000004, 749.0509770000001
1714477111255, 2024-04-30T11:38:31.255Z, 472.9895246, 745.6468294
1714477111297, 2024-04-30T11:38:31.297Z, 468.8852078, 745.702555
1714477111312, 2024-04-30T11:38:31.312Z, 471.9269069999999, 744.3879268
1714477111342, 2024-04-30T11:38:31.342Z, 466.5014926, 744.4533847999999
1714477111389, 2024-04-30T11:38:31.389Z, 452.3481718, 746.9840128000001
1714477111404, 2024-04-30T11:38:31.404Z, 440.74886719999995, 746.3367453999999
1714477111435, 2024-04-30T11:38:31.435Z, 385.39160119999997, 772.0127638
1714477111451, 2024-04-30T11:38:31.451Z, 328.9604724, 800.7171056000001
1714477111483, 2024-04-30T11:38:31.483Z, 269.65754180000005, 832.3144282000001
1714477111497, 2024-04-30T11:38:31.497Z, 211.1357312, 865.2894840000001
1714477111523, 2024-04-30T11:38:31.523Z, 155.65621400000003, 900.5303885999999
1714477111537, 2024-04-30T11:38:31.537Z, 146.23614, 910.6070659999999
1714477111566, 2024-04-30T11:38:31.566Z, 139.939696, 919.2030122
1714477111581, 2024-04-30T11:38:31.581Z, 135.59315180000002, 924.9550004
1714477111611, 2024-04-30T11:38:31.611Z, 132.440085, 928.4723023999999
1714477111627, 2024-04-30T11:38:31.627Z, 129.65299339999999, 927.9996116
1714477111673, 2024-04-30T11:38:31.673Z, 128.8278594, 927.9513358
1714477111702, 2024-04-30T11:38:31.702Z, 133.8669756, 928.3408327999999
1714477111717, 2024-04-30T11:38:31.717Z, 141.4082254, 929.4197098000001
1714477111747, 2024-04-30T11:38:31.747Z, 149.5287682, 930.1943636
1714477111762, 2024-04-30T11:38:31.762Z, 157.8758768, 931.2598736
1714477111777, 2024-04-30T11:38:31.777Z, 163.7185376, 931.9141901999999
1714477111793, 2024-04-30T11:38:31.793Z, 176.15705680000002, 933.3202672
1714477111838, 2024-04-30T11:38:31.838Z, 193.4733038, 936.1053778000002
1714477111885, 2024-04-30T11:38:31.885Z, 214.8409756, 938.1777626
1714477111901, 2024-04-30T11:38:31.901Z, 245.09100640000003, 937.5888444
1714477111932, 2024-04-30T11:38:31.932Z, 275.566619, 939.1982862000001
1714477111948, 2024-04-30T11:38:31.948Z, 294.64568380000003, 936.7782728
1714477111973, 2024-04-30T11:38:31.973Z, 304.8287268, 927.2405884
1714477111986, 2024-04-30T11:38:31.986Z, 309.6660758, 918.1364262
1714477112699, 2024-04-30T11:38:32.699Z, 302.4406828, 746.5830377999999
1714477113403, 2024-04-30T11:38:33.403Z, 472.8421784, 593.8762439999999
1714477113435, 2024-04-30T11:38:33.435Z, 631.1662686, 445.7744618
1714477113451, 2024-04-30T11:38:33.451Z, 792.551288, 303.362461
1714477113490, 2024-04-30T11:38:33.490Z, 955.2714008, 161.72975079999998
1714477113575, 2024-04-30T11:38:33.575Z, 1222.363588, 244.20125519999996
1714477113700, 2024-04-30T11:38:33.700Z, 1283.0470905999998, 305.2632052
1714477113808, 2024-04-30T11:38:33.808Z, 1354.9293917999998, 364.2307072
1714477113925, 2024-04-30T11:38:33.925Z, 1480.1212024, 421.22611459999996
1714477113979, 2024-04-30T11:38:33.979Z, 1613.615265, 475.92090879999995
1714477114026, 2024-04-30T11:38:34.026Z, 1656.1307268, 465.52643
1714477114418, 2024-04-30T11:38:34.418Z, 1583.0333364, 484.48743419999994
1714477115543, 2024-04-30T11:38:35.543Z, 1525.0200602, 507.4956214
1714477115771, 2024-04-30T11:38:35.771Z, 1406.3145552, 507.1587463999999
1714477115802, 2024-04-30T11:38:35.802Z, 1137.8865772000001, 536.4799685999999
1714477115817, 2024-04-30T11:38:35.817Z, 860.7664308000001, 572.8730242
1714477115904, 2024-04-30T11:38:35.904Z, 729.6703104000001, 581.1409535999999
1714477115986, 2024-04-30T11:38:35.986Z, 761.3713822, 542.813825
1714477116479, 2024-04-30T11:38:36.479Z, 761.9474657999999, 560.5331838
1714477117004, 2024-04-30T11:38:37.004Z, 844.7628938, 523.1836684
1714477117194, 2024-04-30T11:38:37.194Z, 994.8966846, 519.5756684
1714477117240, 2024-04-30T11:38:37.240Z, 1153.2502716, 570.309895
1714477117419, 2024-04-30T11:38:37.419Z, 1126.3876696, 555.0996302
1714477117433, 2024-04-30T11:38:37.433Z, 1127.4356077999998, 572.5822003999999
1714477117463, 2024-04-30T11:38:37.463Z, 1181.9559278, 671.2388966000001
1714477117523, 2024-04-30T11:38:37.523Z, 1168.4785322, 735.6766157999999
1714477117565, 2024-04-30T11:38:37.565Z, 1147.0820734000001, 737.9710538
1714477117581, 2024-04-30T11:38:37.581Z, 1137.786864, 831.6931887999999
1714477117613, 2024-04-30T11:38:37.613Z, 1139.890143, 860.6073034000001
1714477117645, 2024-04-30T11:38:37.645Z, 1151.9176074000002, 832.9429051999999
1714477117688, 2024-04-30T11:38:37.688Z, 1159.5247004, 804.1036711999999
1714477117701, 2024-04-30T11:38:37.701Z, 1159.7521256, 781.6169198
1714477117731, 2024-04-30T11:38:37.731Z, 1157.7476154, 764.5278083999999
1714477117746, 2024-04-30T11:38:37.746Z, 1157.9181348, 743.1859286
1714477117776, 2024-04-30T11:38:37.776Z, 1153.4051002, 726.4236486
1714477117791, 2024-04-30T11:38:37.791Z, 1152.9512591999999, 711.5309244
1714477117823, 2024-04-30T11:38:37.823Z, 1159.9140658000001, 697.1096001999999
1714477117841, 2024-04-30T11:38:37.841Z, 1163.7774886000002, 694.0584359999999
1714477117868, 2024-04-30T11:38:37.868Z, 1163.2184206, 696.27275
1714477117884, 2024-04-30T11:38:37.884Z, 1162.7924778, 694.8365568
1714477117911, 2024-04-30T11:38:37.911Z, 1161.4471808, 690.6617914000001
1714477117926, 2024-04-30T11:38:37.926Z, 1159.705681, 686.5537453999999
1714477118052, 2024-04-30T11:38:38.052Z, 1150.5691486, 727.7496800000001
1714477118098, 2024-04-30T11:38:38.098Z, 1137.116266, 756.6313326
1714477118136, 2024-04-30T11:38:38.136Z, 1125.9923862, 789.4821846000001
1714477118275, 2024-04-30T11:38:38.275Z, 1123.8635808000001, 828.1248640000001
1714477118289, 2024-04-30T11:38:38.289Z, 1134.1318336, 842.4291178
1714477118332, 2024-04-30T11:38:38.332Z, 1150.3502216000002, 826.3305412
1714477118348, 2024-04-30T11:38:38.348Z, 1173.9275096, 811.4927961999999
1714477118379, 2024-04-30T11:38:38.379Z, 1190.035255, 807.5747838
1714477118395, 2024-04-30T11:38:38.395Z, 1202.240756, 791.6370668000001
1714477118458, 2024-04-30T11:38:38.458Z, 1193.8622066, 814.5555504
1714477118473, 2024-04-30T11:38:38.473Z, 1189.6044016, 810.769243
1714477118504, 2024-04-30T11:38:38.504Z, 1185.5744796, 803.7148953999999
1714477118519, 2024-04-30T11:38:38.519Z, 1186.1326014, 784.8743573999999
1714477118550, 2024-04-30T11:38:38.550Z, 1192.5683298, 778.42158
1714477118588, 2024-04-30T11:38:38.588Z, 1195.4337348000001, 757.3067619999999
1714477118603, 2024-04-30T11:38:38.603Z, 1194.2768615999998, 747.0367726000001
1714477118724, 2024-04-30T11:38:38.724Z, 1226.2595604, 788.3970512
1714477118924, 2024-04-30T11:38:38.924Z, 1331.7439474, 773.3509772
1714477118954, 2024-04-30T11:38:38.954Z, 1341.9418959999998, 789.4255702
1714477118970, 2024-04-30T11:38:38.970Z, 1345.7183762, 792.7874382
1714477119001, 2024-04-30T11:38:39.001Z, 1344.8178291999998, 797.3072454
1714477119038, 2024-04-30T11:38:39.038Z, 1306.3326368, 771.6425316
1714477119055, 2024-04-30T11:38:39.055Z, 1196.673877, 793.4921392
1714477119108, 2024-04-30T11:38:39.108Z, 1178.1229864000002, 783.372929
1714477119140, 2024-04-30T11:38:39.140Z, 1177.0477686, 784.4405762
1714477119155, 2024-04-30T11:38:39.155Z, 1184.995547, 792.8584474
1714477119188, 2024-04-30T11:38:39.188Z, 1188.5525413999999, 775.6500988
1714477119219, 2024-04-30T11:38:39.219Z, 1187.276102, 757.06231
1714477119238, 2024-04-30T11:38:39.238Z, 1179.8771875999998, 733.8733365999999
1714477119266, 2024-04-30T11:38:39.266Z, 1170.2275507999998, 717.1667825999999
1714477119282, 2024-04-30T11:38:39.282Z, 1157.2453205999998, 695.6517188
1714477119324, 2024-04-30T11:38:39.324Z, 1150.4449024, 694.6449784
1714477119368, 2024-04-30T11:38:39.368Z, 1148.1466662, 689.5541358
1714477119398, 2024-04-30T11:38:39.398Z, 1146.6660828, 684.5897607999999
1714477119413, 2024-04-30T11:38:39.413Z, 1149.4510764000001, 673.0490508
1714477119445, 2024-04-30T11:38:39.445Z, 1154.901137, 662.6345273999999
1714477119488, 2024-04-30T11:38:39.488Z, 1166.1672296000002, 670.6516251999999
1714477119503, 2024-04-30T11:38:39.503Z, 1175.6764594, 688.0715115999999
1714477119533, 2024-04-30T11:38:39.533Z, 1188.7260986, 724.806268
1714477119579, 2024-04-30T11:38:39.579Z, 1200.2092434, 772.3625436
1714477119623, 2024-04-30T11:38:39.623Z, 1208.9975061999999, 788.5151888
1714477119668, 2024-04-30T11:38:39.668Z, 1201.5710964, 772.3867199999999
1714477119713, 2024-04-30T11:38:39.713Z, 1189.1801953999998, 754.3165845999999
1714477119803, 2024-04-30T11:38:39.803Z, 1185.6305939999997, 727.0943181999999
1714477119848, 2024-04-30T11:38:39.848Z, 1169.6960164, 718.7995664
1714477119894, 2024-04-30T11:38:39.894Z, 1149.4360941999998, 732.553449
1714477119938, 2024-04-30T11:38:39.938Z, 1145.4790304, 763.4541456000001
1714477119984, 2024-04-30T11:38:39.984Z, 1159.7969257999998, 778.1425296
1714477120000, 2024-04-30T11:38:40.000Z, 1159.8036201999998, 778.9963775999998
1714477120030, 2024-04-30T11:38:40.030Z, 1132.7082806, 756.3253161999999
1714477120046, 2024-04-30T11:38:40.046Z, 1058.7354374, 741.4225896
1714477120074, 2024-04-30T11:38:40.074Z, 967.6692966, 721.9898516
1714477120088, 2024-04-30T11:38:40.088Z, 856.3364914000001, 725.050086
1714477120118, 2024-04-30T11:38:40.118Z, 677.91278, 734.2349324
1714477120132, 2024-04-30T11:38:40.132Z, 540.2184811999999, 742.3986324
1714477120163, 2024-04-30T11:38:40.163Z, 455.05704120000007, 754.3978910000001
1714477120178, 2024-04-30T11:38:40.178Z, 380.4963476, 788.5463748
1714477120298, 2024-04-30T11:38:40.298Z, 312.88659399999995, 795.0378896
1714477120313, 2024-04-30T11:38:40.313Z, 315.0212184, 801.0458958000002
1714477120343, 2024-04-30T11:38:40.343Z, 316.42065279999997, 802.9708964
1714477120388, 2024-04-30T11:38:40.388Z, 317.848952, 797.8228544
1714477120480, 2024-04-30T11:38:40.480Z, 320.8835832, 768.3599338
1714477120496, 2024-04-30T11:38:40.496Z, 324.5706988, 766.2517167999999
1714477120567, 2024-04-30T11:38:40.567Z, 311.17387859999997, 736.0411297999999
1714477120581, 2024-04-30T11:38:40.581Z, 296.60306860000003, 705.2440715999999
1714477120611, 2024-04-30T11:38:40.611Z, 281.7720374, 674.5524170000001
1714477120822, 2024-04-30T11:38:40.822Z, 285.3634856, 582.0493126
1714477120883, 2024-04-30T11:38:40.883Z, 290.41007079999997, 514.5458512000001
1714477120929, 2024-04-30T11:38:40.929Z, 310.25011200000006, 475.9404262
1714477120972, 2024-04-30T11:38:40.972Z, 329.6635696, 439.52453
1714477121016, 2024-04-30T11:38:41.016Z, 361.6913626, 427.00544439999993
1714477121331, 2024-04-30T11:38:41.331Z, 529.5960268000001, 502.136978
1714477121424, 2024-04-30T11:38:41.424Z, 698.4095826, 550.7448892
1714477121467, 2024-04-30T11:38:41.467Z, 863.9539012000001, 606.236192
1714477121481, 2024-04-30T11:38:41.481Z, 1029.8091334, 668.9624454
1714477121512, 2024-04-30T11:38:41.512Z, 1183.1814556000002, 708.7196464
1714477121526, 2024-04-30T11:38:41.526Z, 1180.4780966, 725.738528
1714477121576, 2024-04-30T11:38:41.576Z, 1174.7869759999999, 750.3633538
1714477121601, 2024-04-30T11:38:41.601Z, 1161.9644444, 761.6934816
1714477121616, 2024-04-30T11:38:41.616Z, 1148.6952052, 764.4980308
1714477121647, 2024-04-30T11:38:41.647Z, 1145.9551822, 773.3817614000002
1714477121692, 2024-04-30T11:38:41.692Z, 1152.7505814, 785.2909314000001
1714477121737, 2024-04-30T11:38:41.737Z, 1161.3307869999999, 790.6733736
1714477121787, 2024-04-30T11:38:41.787Z, 1179.4951654000001, 797.7971696000001