1701423681298, 2023-12-01T09:41:21.298Z, 70.199933, 299.046813
1701423681328, 2023-12-01T09:41:21.328Z, 67.7329885, 297.0988395
1701423681344, 2023-12-01T09:41:21.344Z, 69.62585200000001, 307.047331
1701423681363, 2023-12-01T09:41:21.363Z, 60.91367425000001, 306.65160125
1701423681390, 2023-12-01T09:41:21.390Z, 68.1842804, 310.9430258
1701423681406, 2023-12-01T09:41:21.406Z, 66.11939479999998, 311.53918519999996
1701423681423, 2023-12-01T09:41:21.423Z, 77.39593399999998, 318.0393418
1701423681454, 2023-12-01T09:41:21.454Z, 80.581462, 313.0979788
1701423681469, 2023-12-01T09:41:21.469Z, 102.07626640000001, 318.860898
1701423681514, 2023-12-01T09:41:21.514Z, 92.84023900000001, 310.0752972
1701423681549, 2023-12-01T09:41:21.549Z, 83.16606879999999, 309.7371338
1701423681564, 2023-12-01T09:41:21.564Z, 62.444747799999995, 304.7745942
1701423681595, 2023-12-01T09:41:21.595Z, 46.0217392, 305.8572046
1701423681610, 2023-12-01T09:41:21.610Z, 31.451134200000002, 305.288672
1701423681642, 2023-12-01T09:41:21.642Z, 31.963234, 312.9958716
1701423681689, 2023-12-01T09:41:21.689Z, 32.2758802, 312.3031816
1701423681704, 2023-12-01T09:41:21.704Z, 47.041611599999996, 316.8885786
1701423681723, 2023-12-01T09:41:21.723Z, 45.844608199999996, 314.3070748
1701423681736, 2023-12-01T09:41:21.736Z, 39.813934999999994, 307.2421084
1701423681767, 2023-12-01T09:41:21.767Z, 30.8907278, 301.90233180000007
1701423681784, 2023-12-01T09:41:21.784Z, 37.571383600000004, 302.4402318
1701423681812, 2023-12-01T09:41:21.812Z, 24.141262599999997, 297.56967399999996
1701423681826, 2023-12-01T09:41:21.826Z, 41.05655, 300.28229139999996
1701423681862, 2023-12-01T09:41:21.862Z, 42.8147096, 303.014834
1701423681877, 2023-12-01T09:41:21.877Z, 63.614950799999995, 312.7177606
1701423681909, 2023-12-01T09:41:21.909Z, 68.33827579999999, 319.2859098
1701423681924, 2023-12-01T09:41:21.924Z, 87.8808936, 327.3178846
1701423681963, 2023-12-01T09:41:21.963Z, 85.84765340000001, 331.2631902
1701423682016, 2023-12-01T09:41:22.016Z, 79.64031240000001, 338.55430420000005
1701423682064, 2023-12-01T09:41:22.064Z, 73.01562340000001, 339.3710016
1701423682095, 2023-12-01T09:41:22.095Z, 71.6990988, 340.0365628
1701423682145, 2023-12-01T09:41:22.145Z, 47.9553502, 336.31155980000005
1701423682172, 2023-12-01T09:41:22.172Z, 33.790638, 332.96442360000003
1701423682188, 2023-12-01T09:41:22.188Z, 41.7942048, 329.5124752
1701423682220, 2023-12-01T09:41:22.220Z, 41.438547, 325.03216660000004
1701423682236, 2023-12-01T09:41:22.236Z, 56.2227136, 327.3388834
1701423682262, 2023-12-01T09:41:22.262Z, 69.32647240000001, 326.5607164
1701423682284, 2023-12-01T09:41:22.284Z, 88.861222, 332.115222
1701423682314, 2023-12-01T09:41:22.314Z, 93.2725074, 330.6238722
1701423682332, 2023-12-01T09:41:22.332Z, 100.92383199999999, 332.6267026
1701423682362, 2023-12-01T09:41:22.362Z, 90.87540960000001, 329.6451326
1701423682379, 2023-12-01T09:41:22.379Z, 101.2941588, 336.17131159999997
1701423682413, 2023-12-01T09:41:22.413Z, 88.80859559999999, 333.8700336
1701423682471, 2023-12-01T09:41:22.471Z, 73.35449679999999, 338.9144618
1701423682580, 2023-12-01T09:41:22.580Z, 54.6051526, 332.87860480000006
1701423682596, 2023-12-01T09:41:22.596Z, 40.9474242, 330.0712596
1701423682627, 2023-12-01T09:41:22.627Z, 16.5342562, 326.98957920000004
1701423682643, 2023-12-01T09:41:22.643Z, 18.549319, 332.1797114
1701423682674, 2023-12-01T09:41:22.674Z, 33.2129374, 335.3669302
1701423682688, 2023-12-01T09:41:22.688Z, 52.992575599999995, 348.8208044
1701423682712, 2023-12-01T09:41:22.712Z, 69.6307932, 354.3156888
1701423682735, 2023-12-01T09:41:22.735Z, 99.48203240000001, 363.38835439999997
1701423682766, 2023-12-01T09:41:22.766Z, 110.31841159999999, 359.410681
1701423682782, 2023-12-01T09:41:22.782Z, 123.744179, 356.3079122
1701423682800, 2023-12-01T09:41:22.800Z, 120.35101879999999, 351.36977920000004
1701423682829, 2023-12-01T09:41:22.829Z, 130.8326248, 356.7017864
1701423682861, 2023-12-01T09:41:22.861Z, 165.09328019999998, 347.9460848
1701423682891, 2023-12-01T09:41:22.891Z, 227.3780194, 347.5011262
1701423682907, 2023-12-01T09:41:22.907Z, 284.821229, 344.633014
1701423682938, 2023-12-01T09:41:22.938Z, 352.8199346, 341.1075696
1701423682954, 2023-12-01T09:41:22.954Z, 410.0682348, 333.194895
1701423682985, 2023-12-01T09:41:22.985Z, 433.55491240000003, 333.48459080000003
1701423683032, 2023-12-01T09:41:23.032Z, 437.3320086, 337.0876628
1701423683047, 2023-12-01T09:41:23.047Z, 410.32581, 339.14338160000005
1701423683078, 2023-12-01T09:41:23.078Z, 344.9372426, 335.6766028
1701423683095, 2023-12-01T09:41:23.095Z, 298.90054019999997, 333.16146180000004
1701423683126, 2023-12-01T09:41:23.126Z, 241.79018820000002, 328.690821
1701423683142, 2023-12-01T09:41:23.142Z, 189.94724379999997, 320.92408320000004
1701423683162, 2023-12-01T09:41:23.162Z, 162.626746, 313.8186274
1701423683178, 2023-12-01T09:41:23.178Z, 171.4567856, 314.67772
1701423683220, 2023-12-01T09:41:23.220Z, 148.7710296, 312.7217144
1701423683235, 2023-12-01T09:41:23.235Z, 131.7703122, 327.72986639999993
1701423683250, 2023-12-01T09:41:23.250Z, 99.18552960000001, 348.84178280000003
1701423683408, 2023-12-01T09:41:23.408Z, 88.9672558, 343.0656744
1701423683502, 2023-12-01T09:41:23.502Z, 60.281358999999995, 341.3265742
1701423683533, 2023-12-01T09:41:23.533Z, 65.8483198, 345.1185474
1701423683548, 2023-12-01T09:41:23.548Z, 74.80214559999999, 330.8654566000001
1701423683580, 2023-12-01T09:41:23.580Z, 81.9672364, 308.75231
1701423683596, 2023-12-01T09:41:23.596Z, 69.204781, 314.0330516
1701423683612, 2023-12-01T09:41:23.612Z, 87.03166119999999, 308.5274066
1701423683630, 2023-12-01T09:41:23.630Z, 91.0975638, 294.07107499999995
1701423683660, 2023-12-01T09:41:23.660Z, 96.132501, 278.6371756
1701423683675, 2023-12-01T09:41:23.675Z, 111.13416600000001, 271.1601166
1701423683704, 2023-12-01T09:41:23.704Z, 122.8464056, 264.1511962
1701423683720, 2023-12-01T09:41:23.720Z, 119.10902719999999, 269.3288222
1701423683736, 2023-12-01T09:41:23.736Z, 107.30688500000001, 281.932849
1701423683763, 2023-12-01T09:41:23.763Z, 102.72011459999999, 320.92868039999996
1701423683799, 2023-12-01T09:41:23.799Z, 91.38091419999999, 339.74533979999995
1701423683815, 2023-12-01T09:41:23.815Z, 84.62587020000001, 358.010873
1701423683830, 2023-12-01T09:41:23.830Z, 81.5228128, 369.81504839999997
1701423683847, 2023-12-01T09:41:23.847Z, 79.8116656, 379.62431900000007
1701423683863, 2023-12-01T09:41:23.863Z, 72.66225519999999, 368.33225460000006
1701423683943, 2023-12-01T09:41:23.943Z, 87.19064399999999, 387.1703996
1701423683958, 2023-12-01T09:41:23.958Z, 103.5366884, 411.7689926
1701423683975, 2023-12-01T09:41:23.975Z, 117.73363079999999, 437.52185900000006
1701423683989, 2023-12-01T09:41:23.989Z, 131.40152959999998, 461.97573919999996
1701423684018, 2023-12-01T09:41:24.018Z, 127.9539006, 472.10886819999996
1701423684035, 2023-12-01T09:41:24.035Z, 105.61585400000001, 462.0451547999999
1701423684062, 2023-12-01T09:41:24.062Z, 85.60350759999999, 446.07270580000005
1701423684082, 2023-12-01T09:41:24.082Z, 60.28339880000001, 424.88794899999994
1701423684112, 2023-12-01T09:41:24.112Z, 35.240361400000005, 402.4676636
1701423684128, 2023-12-01T09:41:24.128Z, 26.413909, 390.4390032
1701423684161, 2023-12-01T09:41:24.161Z, 24.3358208, 384.0226885999999
1701423684176, 2023-12-01T09:41:24.176Z, 17.2823518, 376.97273499999994
1701423684214, 2023-12-01T09:41:24.214Z, 15.5375908, 384.1902646
1701423684241, 2023-12-01T09:41:24.241Z, 24.0311172, 394.00853820000003
1701423684269, 2023-12-01T09:41:24.269Z, 74.1923564, 409.7418434
1701423684286, 2023-12-01T09:41:24.286Z, 150.69977079999998, 424.0589202
1701423684301, 2023-12-01T09:41:24.301Z, 229.66693139999998, 438.71389579999993
1701423684332, 2023-12-01T09:41:24.332Z, 310.7073904, 441.4905626
1701423684379, 2023-12-01T09:41:24.379Z, 363.4065402, 442.7861572
1701423684395, 2023-12-01T09:41:24.395Z, 314.2880712, 448.7844196
1701423684425, 2023-12-01T09:41:24.425Z, 235.66064839999999, 454.2314014
1701423684442, 2023-12-01T09:41:24.442Z, 170.0026582, 457.21757260000004
1701423684476, 2023-12-01T09:41:24.476Z, 98.03756999999999, 457.71372120000007
1701423684492, 2023-12-01T09:41:24.492Z, 44.0921824, 461.05254720000005
1701423684511, 2023-12-01T09:41:24.511Z, 85.5306426, 459.34820020000006
1701423684537, 2023-12-01T09:41:24.537Z, 135.5277206, 460.3533232
1701423684568, 2023-12-01T09:41:24.568Z, 181.7950524, 468.670294
1701423684582, 2023-12-01T09:41:24.582Z, 226.98095659999998, 487.4381646
1701423684614, 2023-12-01T09:41:24.614Z, 269.1823438, 506.224513
1701423684630, 2023-12-01T09:41:24.630Z, 277.4818454, 524.1797128000001
1701423684678, 2023-12-01T09:41:24.678Z, 284.825201, 547.217784
1701423684693, 2023-12-01T09:41:24.693Z, 277.0474698, 568.7897046
1701423684710, 2023-12-01T09:41:24.710Z, 276.114736, 581.149455
1701423684742, 2023-12-01T09:41:24.742Z, 278.18179799999996, 589.5501704000001
1701423684758, 2023-12-01T09:41:24.758Z, 279.9518908, 592.3911158
1701423684787, 2023-12-01T09:41:24.787Z, 278.3239376, 591.9350846
1701423684837, 2023-12-01T09:41:24.837Z, 269.3179338, 591.2100732
1701423684850, 2023-12-01T09:41:24.850Z, 217.98178240000001, 599.2099843999999
1701423684865, 2023-12-01T09:41:24.865Z, 170.1392754, 606.3889859999999
1701423684881, 2023-12-01T09:41:24.881Z, 120.654792, 614.5962038
1701423684896, 2023-12-01T09:41:24.896Z, 86.0866804, 619.7989862000001
1701423684927, 2023-12-01T09:41:24.927Z, 62.5366308, 620.8102988
1701423684943, 2023-12-01T09:41:24.943Z, 85.0323632, 617.2277256000001
1701423684962, 2023-12-01T09:41:24.962Z, 134.6998726, 617.4636151999999
1701423684991, 2023-12-01T09:41:24.991Z, 193.1481636, 617.9204542
1701423685007, 2023-12-01T09:41:25.007Z, 243.9794708, 620.3086136
1701423685035, 2023-12-01T09:41:25.035Z, 294.1587086, 626.6964842
1701423685050, 2023-12-01T09:41:25.050Z, 339.51065259999996, 632.5430058
1701423685086, 2023-12-01T09:41:25.086Z, 355.81116059999994, 637.2979376000001
1701423685114, 2023-12-01T09:41:25.114Z, 367.0807183999999, 646.7486706000001
1701423685129, 2023-12-01T09:41:25.129Z, 369.3070816, 654.179212
1701423685144, 2023-12-01T09:41:25.144Z, 374.12626860000006, 660.8078156
1701423685161, 2023-12-01T09:41:25.161Z, 380.5649636, 665.7962315999999
1701423685175, 2023-12-01T09:41:25.175Z, 384.6336436, 670.7433278000001
1701423685199, 2023-12-01T09:41:25.199Z, 387.6489220000001, 672.3365282000001
1701423685233, 2023-12-01T09:41:25.233Z, 389.34437280000003, 675.1623706
1701423685239, 2023-12-01T09:41:25.239Z, 391.73552, 674.8840938
1701423685285, 2023-12-01T09:41:25.285Z, 392.1182544, 675.0635724
1701423685301, 2023-12-01T09:41:25.301Z, 380.4546588, 674.4380092
1701423685317, 2023-12-01T09:41:25.317Z, 327.78079020000007, 671.7241218
1701423685337, 2023-12-01T09:41:25.337Z, 251.22104180000002, 666.217717
1701423685348, 2023-12-01T09:41:25.348Z, 194.30260159999997, 664.5744276
1701423685365, 2023-12-01T09:41:25.365Z, 133.1559506, 660.9612938
1701423685380, 2023-12-01T09:41:25.380Z, 79.5629744, 657.0758711999999
1701423685412, 2023-12-01T09:41:25.412Z, 118.999954, 655.308236
1701423685443, 2023-12-01T09:41:25.443Z, 182.58895360000002, 657.8215034
1701423685459, 2023-12-01T09:41:25.459Z, 225.9699454, 663.907497
1701423685509, 2023-12-01T09:41:25.509Z, 278.5111386, 667.3139386
1701423685524, 2023-12-01T09:41:25.524Z, 336.16389, 671.7446892
1701423685563, 2023-12-01T09:41:25.563Z, 345.1714652, 673.683181
1701423685573, 2023-12-01T09:41:25.573Z, 355.48811140000004, 673.0929326
1701423685600, 2023-12-01T09:41:25.600Z, 364.865213, 672.3197630000001
1701423685616, 2023-12-01T09:41:25.616Z, 373.8394614, 681.7504348
1701423685631, 2023-12-01T09:41:25.631Z, 381.6153012, 689.2569546
1701423685650, 2023-12-01T09:41:25.650Z, 384.0760906, 697.5285636000001
1701423685663, 2023-12-01T09:41:25.663Z, 386.6828876, 705.7845132
1701423685683, 2023-12-01T09:41:25.683Z, 389.6692422, 710.2683509999999
1701423685741, 2023-12-01T09:41:25.741Z, 386.0103298, 702.0101096000001
1701423685758, 2023-12-01T09:41:25.758Z, 383.12065820000004, 695.8402958
1701423685775, 2023-12-01T09:41:25.775Z, 360.8017562, 685.1546756
1701423685790, 2023-12-01T09:41:25.790Z, 365.0835654, 663.2434166
1701423685913, 2023-12-01T09:41:25.913Z, 609.1750966, 573.4272934
1701423685960, 2023-12-01T09:41:25.960Z, 787.0264341999999, 489.8552574
1701423685976, 2023-12-01T09:41:25.976Z, 976.4088433999999, 406.91413
1701423686058, 2023-12-01T09:41:26.058Z, 1237.4809268, 337.25081919999997
1701423686072, 2023-12-01T09:41:26.072Z, 1492.1768663999999, 290.8551162
1701423686089, 2023-12-01T09:41:26.089Z, 1513.3920053999998, 314.50385859999994
1701423686134, 2023-12-01T09:41:26.134Z, 1603.8134753999998, 339.8116694
1701423686181, 2023-12-01T09:41:26.181Z, 1681.788894, 364.9335996
1701423686197, 2023-12-01T09:41:26.197Z, 1666.6542912, 367.76918299999994
1701423686228, 2023-12-01T09:41:26.228Z, 1612.49195, 356.99372719999997
1701423686245, 2023-12-01T09:41:26.245Z, 1565.1910462, 347.7572738
1701423686275, 2023-12-01T09:41:26.275Z, 1511.4502382, 335.3493058
1701423686290, 2023-12-01T09:41:26.290Z, 1471.5592768000001, 324.39674279999997
1701423686315, 2023-12-01T09:41:26.315Z, 1476.8227074000001, 334.3671356
1701423686340, 2023-12-01T09:41:26.340Z, 1499.9945228000001, 346.7811146
1701423686373, 2023-12-01T09:41:26.373Z, 1503.2538122, 354.84208040000004
1701423686387, 2023-12-01T09:41:26.387Z, 1517.205409, 363.76603080000007
1701423686403, 2023-12-01T09:41:26.403Z, 1518.5896242, 372.4783332
1701423686418, 2023-12-01T09:41:26.418Z, 1525.8464814, 374.3282054
1701423686462, 2023-12-01T09:41:26.462Z, 1534.9407755999998, 381.0002182
1701423686497, 2023-12-01T09:41:26.497Z, 1565.4138638, 381.7589854
1701423686512, 2023-12-01T09:41:26.512Z, 1593.086378, 381.797538
1701423686544, 2023-12-01T09:41:26.544Z, 1617.2520106, 383.56331520000003
1701423686561, 2023-12-01T09:41:26.561Z, 1630.8685946, 386.5125362
1701423686594, 2023-12-01T09:41:26.594Z, 1622.8890545999998, 385.167846
1701423686641, 2023-12-01T09:41:26.641Z, 1581.2652243999999, 388.85074460000004
1701423686657, 2023-12-01T09:41:26.657Z, 1531.2756056, 391.94779900000003
1701423686673, 2023-12-01T09:41:26.673Z, 1475.882201, 391.03790399999997
1701423686689, 2023-12-01T09:41:26.689Z, 1402.0597682, 391.005565
1701423686719, 2023-12-01T09:41:26.719Z, 1345.9371212, 387.3224224
1701423686732, 2023-12-01T09:41:26.732Z, 1314.3982728, 380.71144459999994
1701423686763, 2023-12-01T09:41:26.763Z, 1297.2564208, 364.1939624
1701423686781, 2023-12-01T09:41:26.781Z, 1284.5176164, 346.38627759999997
1701423686812, 2023-12-01T09:41:26.812Z, 1293.1947186, 325.64531
1701423686828, 2023-12-01T09:41:26.828Z, 1305.0521899999999, 307.868674
1701423686860, 2023-12-01T09:41:26.860Z, 1309.8796776, 294.6477956
1701423686875, 2023-12-01T09:41:26.875Z, 1306.7554984, 292.3907486
1701423686911, 2023-12-01T09:41:26.911Z, 1314.5327292, 292.64611419999994
1701423686953, 2023-12-01T09:41:26.953Z, 1331.1684416, 302.76842999999997
1701423686969, 2023-12-01T09:41:26.969Z, 1352.7421982, 311.69067540000003
1701423686986, 2023-12-01T09:41:26.986Z, 1376.3787582, 318.85417820000004
1701423687016, 2023-12-01T09:41:27.016Z, 1402.0003437999999, 326.915749
1701423687032, 2023-12-01T09:41:27.032Z, 1423.1145702, 333.0811676
1701423687094, 2023-12-01T09:41:27.094Z, 1429.5384922, 336.1012954
1701423687110, 2023-12-01T09:41:27.110Z, 1429.5819728000001, 340.1526908
1701423687126, 2023-12-01T09:41:27.126Z, 1420.8777962, 341.848669
1701423687140, 2023-12-01T09:41:27.140Z, 1399.4269288, 336.3359562
1701423687172, 2023-12-01T09:41:27.172Z, 1375.3749818000001, 332.71681279999996
1701423687188, 2023-12-01T09:41:27.188Z, 1360.1200110000002, 325.2868712
1701423687211, 2023-12-01T09:41:27.211Z, 1349.3331982, 319.8370612
1701423687236, 2023-12-01T09:41:27.236Z, 1338.2055354, 315.7109806
1701423687266, 2023-12-01T09:41:27.266Z, 1338.6967954000002, 320.07687339999995
1701423687282, 2023-12-01T09:41:27.282Z, 1340.264684, 325.4038836
1701423687300, 2023-12-01T09:41:27.300Z, 1335.6188816000001, 329.35282079999996
1701423687316, 2023-12-01T09:41:27.316Z, 1327.9056079999998, 330.6698574
1701423687361, 2023-12-01T09:41:27.361Z, 1330.4952223999999, 333.45847960000003
1701423687391, 2023-12-01T09:41:27.391Z, 1345.8422081999997, 339.98702599999996
1701423687407, 2023-12-01T09:41:27.407Z, 1359.3940576, 342.873484
1701423687439, 2023-12-01T09:41:27.439Z, 1375.2926648, 346.21228340000005
1701423687455, 2023-12-01T09:41:27.455Z, 1389.86902, 349.2967728
1701423687487, 2023-12-01T09:41:27.487Z, 1399.7817404, 352.71030099999996
1701423687533, 2023-12-01T09:41:27.533Z, 1395.9496273999998, 356.2790148
1701423687549, 2023-12-01T09:41:27.549Z, 1393.7484296, 361.90164980000003
1701423687583, 2023-12-01T09:41:27.583Z, 1404.8868708, 365.0644504
1701423687595, 2023-12-01T09:41:27.595Z, 1424.200093, 369.70751980000006
1701423687628, 2023-12-01T09:41:27.628Z, 1464.1133812, 372.84827260000003
1701423687643, 2023-12-01T09:41:27.643Z, 1517.3369094, 370.1964878
1701423687665, 2023-12-01T09:41:27.665Z, 1565.894383, 365.3656774
1701423687690, 2023-12-01T09:41:27.690Z, 1595.2997454000001, 364.8667466
1701423687721, 2023-12-01T09:41:27.721Z, 1616.6381024, 362.560432
1701423687752, 2023-12-01T09:41:27.752Z, 1619.1246356, 358.199244
1701423687768, 2023-12-01T09:41:27.768Z, 1607.795744, 354.10872700000004
1701423687813, 2023-12-01T09:41:27.813Z, 1601.3863532, 351.28882660000005
1701423687846, 2023-12-01T09:41:27.846Z, 1606.7627393999999, 347.237243
1701423687863, 2023-12-01T09:41:27.863Z, 1623.2292828, 344.42813379999996
1701423687894, 2023-12-01T09:41:27.894Z, 1622.9688004, 355.56939819999997
1701423687910, 2023-12-01T09:41:27.910Z, 1618.4429212, 370.532254
1701423687941, 2023-12-01T09:41:27.941Z, 1611.3750384, 386.95094400000005
1701423687990, 2023-12-01T09:41:27.990Z, 1567.2982769999999, 409.22656500000005
1701423688005, 2023-12-01T09:41:28.005Z, 1513.8742912, 430.10928720000004
1701423688034, 2023-12-01T09:41:28.034Z, 1482.458874, 434.3603132
1701423688050, 2023-12-01T09:41:28.050Z, 1466.2906553999999, 431.1322476
1701423688082, 2023-12-01T09:41:28.082Z, 1444.8793748, 430.90672700000005
1701423688099, 2023-12-01T09:41:28.099Z, 1451.7117158, 424.4162974000001
1701423688115, 2023-12-01T09:41:28.115Z, 1454.0130550000001, 419.2210652
1701423688129, 2023-12-01T09:41:28.129Z, 1445.9651878, 419.59075620000004
1701423688160, 2023-12-01T09:41:28.160Z, 1422.705946, 423.993294
1701423688176, 2023-12-01T09:41:28.176Z, 1413.1616685999998, 422.382988
1701423688191, 2023-12-01T09:41:28.191Z, 1406.0984990000002, 419.8672485999999
1701423688207, 2023-12-01T09:41:28.207Z, 1397.0964976, 416.31176159999995
1701423688224, 2023-12-01T09:41:28.224Z, 1390.623489, 412.46868059999997
1701423688263, 2023-12-01T09:41:28.263Z, 1388.4753784, 410.52869439999995
1701423688303, 2023-12-01T09:41:28.303Z, 1383.7683518000001, 415.6431882
1701423688317, 2023-12-01T09:41:28.317Z, 1378.4478786000002, 420.50915259999994
1701423688349, 2023-12-01T09:41:28.349Z, 1386.2942042, 428.919406
1701423688365, 2023-12-01T09:41:28.365Z, 1397.8644356, 436.1434576
1701423688381, 2023-12-01T09:41:28.381Z, 1407.4163778, 440.8752198
1701423688412, 2023-12-01T09:41:28.412Z, 1397.5987042000002, 443.51551980000005
1701423688442, 2023-12-01T09:41:28.442Z, 1387.1199152, 446.4656414
1701423688458, 2023-12-01T09:41:28.458Z, 1367.4570112000001, 446.5830624
1701423688489, 2023-12-01T09:41:28.489Z, 1342.694399, 447.1014032
1701423688505, 2023-12-01T09:41:28.505Z, 1314.8345214, 447.2288078
1701423688523, 2023-12-01T09:41:28.523Z, 1316.4687758000002, 445.99790620000005
1701423688539, 2023-12-01T09:41:28.539Z, 1337.954214, 445.8758172
1701423688564, 2023-12-01T09:41:28.564Z, 1353.4719816000002, 443.9069904
1701423688584, 2023-12-01T09:41:28.584Z, 1375.870498, 444.148458
1701423688598, 2023-12-01T09:41:28.598Z, 1405.6013158, 446.4922396
1701423688614, 2023-12-01T09:41:28.614Z, 1401.254648, 443.223619
1701423688630, 2023-12-01T09:41:28.630Z, 1379.8886567999998, 440.16098200000005
1701423688647, 2023-12-01T09:41:28.647Z, 1356.8306518000002, 434.0851918
1701423688660, 2023-12-01T09:41:28.660Z, 1328.7114856, 427.95945599999993
1701423688676, 2023-12-01T09:41:28.676Z, 1299.5554130000003, 421.0099727999999
1701423688692, 2023-12-01T09:41:28.692Z, 1289.9324166000001, 422.480365
1701423688712, 2023-12-01T09:41:28.712Z, 1278.6338492, 421.84460920000004
1701423688740, 2023-12-01T09:41:28.740Z, 1280.350067, 426.93369739999997
1701423688756, 2023-12-01T09:41:28.756Z, 1289.1953177999999, 431.238739
1701423688772, 2023-12-01T09:41:28.772Z, 1297.5128100000002, 435.4880434
1701423688807, 2023-12-01T09:41:28.807Z, 1284.9984774, 440.5435082
1701423688838, 2023-12-01T09:41:28.838Z, 1258.8409576, 448.23269459999995
1701423688863, 2023-12-01T09:41:28.863Z, 1211.7266902, 453.133944
1701423688882, 2023-12-01T09:41:28.882Z, 1151.5799444, 457.29975720000004
1701423688898, 2023-12-01T09:41:28.898Z, 1105.5857787999998, 462.0850316
1701423688931, 2023-12-01T09:41:28.931Z, 1073.536894, 460.7091668
1701423688947, 2023-12-01T09:41:28.947Z, 1065.093233, 464.67716060000004
1701423688977, 2023-12-01T09:41:28.977Z, 1073.5191395999998, 470.3068944
1701423688993, 2023-12-01T09:41:28.993Z, 1086.8113188, 475.1210012
1701423689014, 2023-12-01T09:41:29.014Z, 1084.9695233999998, 479.29239800000005
1701423689040, 2023-12-01T09:41:29.040Z, 1088.6617156, 480.31358660000006
1701423689273, 2023-12-01T09:41:29.273Z, 1073.2262492, 510.16065580000003
1701423689288, 2023-12-01T09:41:29.288Z, 1058.4116432, 516.7228232
1701423689313, 2023-12-01T09:41:29.313Z, 1049.3649633999999, 519.5119404
1701423689337, 2023-12-01T09:41:29.337Z, 1043.2296906, 521.5218364
1701423689353, 2023-12-01T09:41:29.353Z, 1041.5732666, 527.1536441999999
1701423689368, 2023-12-01T09:41:29.368Z, 1050.5816284, 485.9704086
1701423689383, 2023-12-01T09:41:29.383Z, 1063.8263352, 467.46250820000006
1701423689399, 2023-12-01T09:41:29.399Z, 1073.3111316, 458.1656019999999
1701423689414, 2023-12-01T09:41:29.414Z, 1071.4461159999998, 453.36838580000006
1701423689431, 2023-12-01T09:41:29.431Z, 1069.607886, 451.48677660000004
1701423689447, 2023-12-01T09:41:29.447Z, 1066.9842008, 461.0409872
1701423689478, 2023-12-01T09:41:29.478Z, 1055.8800148, 473.8365364
1701423689494, 2023-12-01T09:41:29.494Z, 1042.4201108000002, 486.5751478
1701423689526, 2023-12-01T09:41:29.526Z, 1043.7579764000002, 495.9511198
1701423689543, 2023-12-01T09:41:29.543Z, 1042.6281372, 503.0239976
1701423689573, 2023-12-01T09:41:29.573Z, 1041.4127783999998, 510.094139
1701423689590, 2023-12-01T09:41:29.590Z, 1046.1120128, 515.0006301999999
1701423689613, 2023-12-01T09:41:29.613Z, 1055.1246544, 515.7774406000001
1701423689637, 2023-12-01T09:41:29.637Z, 1074.2470616, 514.2522203999999
1701423689652, 2023-12-01T09:41:29.652Z, 1098.2344474, 513.3871754
1701423689665, 2023-12-01T09:41:29.665Z, 1125.9790162000002, 511.65123439999996
1701423689681, 2023-12-01T09:41:29.681Z, 1150.1380743999998, 510.35780839999995
1701423689697, 2023-12-01T09:41:29.697Z, 1171.0930184000001, 509.3515368
1701423689712, 2023-12-01T09:41:29.712Z, 1176.0862653999998, 510.46041540000004
1701423689729, 2023-12-01T09:41:29.729Z, 1171.0854451999999, 515.8182388
1701423689744, 2023-12-01T09:41:29.744Z, 1158.515299, 525.8889320000001
1701423689791, 2023-12-01T09:41:29.791Z, 1145.7697828, 537.407973
1701423689810, 2023-12-01T09:41:29.810Z, 1133.7981718, 549.4716695999999
1701423689839, 2023-12-01T09:41:29.839Z, 1119.1494891999998, 559.944851
1701423689839, 2023-12-01T09:41:29.839Z, 1109.7720116, 564.9609394
1701423689853, 2023-12-01T09:41:29.853Z, 1102.265967, 561.9268146
1701423689869, 2023-12-01T09:41:29.869Z, 1097.8307360000003, 555.8800394
1701423689884, 2023-12-01T09:41:29.884Z, 1096.1827038000001, 549.8571216
1701423689912, 2023-12-01T09:41:29.912Z, 1098.5197137999999, 543.4455357999999
1701423689931, 2023-12-01T09:41:29.931Z, 1101.2257663999999, 538.3385038
1701423689947, 2023-12-01T09:41:29.947Z, 1102.3539708, 536.5384157999999
1701423689962, 2023-12-01T09:41:29.962Z, 1087.9726580000001, 532.4856476
1701423689978, 2023-12-01T09:41:29.978Z, 1073.9517968, 527.4964446
1701423689993, 2023-12-01T09:41:29.993Z, 1061.3544527999998, 524.6553248
1701423690009, 2023-12-01T09:41:30.009Z, 1052.0361978, 520.909513
1701423690024, 2023-12-01T09:41:30.024Z, 1044.754351, 518.1490526
1701423690039, 2023-12-01T09:41:30.039Z, 1049.1661822, 518.3843704
1701423690062, 2023-12-01T09:41:30.062Z, 1053.1137368, 513.9375273999999
1701423690102, 2023-12-01T09:41:30.102Z, 1059.725854, 502.04732939999997
1701423690117, 2023-12-01T09:41:30.117Z, 1062.20674, 490.22291939999997
1701423690148, 2023-12-01T09:41:30.148Z, 1071.4826701999998, 471.1673884
1701423690164, 2023-12-01T09:41:30.164Z, 1085.1194566, 449.98609139999996
1701423690181, 2023-12-01T09:41:30.181Z, 1098.3469328, 429.26213800000005
1701423690211, 2023-12-01T09:41:30.211Z, 1102.2199252, 400.551264
1701423690227, 2023-12-01T09:41:30.227Z, 1111.518452, 374.5554768
1701423690243, 2023-12-01T09:41:30.243Z, 1114.7838477999999, 355.0189952
1701423690274, 2023-12-01T09:41:30.274Z, 1128.7629768000002, 340.8896604
1701423690289, 2023-12-01T09:41:30.289Z, 1152.11283, 331.9865514
1701423690306, 2023-12-01T09:41:30.306Z, 1180.2460262, 334.02047699999997
1701423690320, 2023-12-01T09:41:30.320Z, 1203.5939456, 329.6786128
1701423690336, 2023-12-01T09:41:30.336Z, 1229.7152238, 323.12625579999997
1701423690361, 2023-12-01T09:41:30.361Z, 1243.4962724000002, 312.3151562
1701423690382, 2023-12-01T09:41:30.382Z, 1249.5829268000002, 300.59036000000003
1701423690414, 2023-12-01T09:41:30.414Z, 1245.4341215999998, 285.691068
1701423690429, 2023-12-01T09:41:30.429Z, 1240.0563072, 274.51016999999996
1701423690461, 2023-12-01T09:41:30.461Z, 1258.4545844, 271.2054992
1701423690476, 2023-12-01T09:41:30.476Z, 1281.518163, 271.6674832
1701423690513, 2023-12-01T09:41:30.513Z, 1330.6673512000002, 274.5818772
1701423690553, 2023-12-01T09:41:30.553Z, 1428.0471843999999, 292.46263899999997
1701423690569, 2023-12-01T09:41:30.569Z, 1526.6779147999998, 310.2141978
1701423690586, 2023-12-01T09:41:30.586Z, 1598.0468832, 319.7447086
1701423690601, 2023-12-01T09:41:30.601Z, 1665.2078604000003, 329.06418279999997
1701423690632, 2023-12-01T09:41:30.632Z, 1691.9606408, 336.4636534
1701423690678, 2023-12-01T09:41:30.678Z, 1685.3873826, 335.6276268
1701423690694, 2023-12-01T09:41:30.694Z, 1682.7256618, 335.80824139999993
1701423690725, 2023-12-01T09:41:30.725Z, 1678.7189290000001, 340.1073594
1701423690741, 2023-12-01T09:41:30.741Z, 1671.6012735999998, 343.13926360000005
1701423690772, 2023-12-01T09:41:30.772Z, 1673.6813485999999, 349.5885052
1701423690788, 2023-12-01T09:41:30.788Z, 1658.6348974, 364.8829066
1701423690810, 2023-12-01T09:41:30.810Z, 1562.0683886000002, 394.13243939999995
1701423690835, 2023-12-01T09:41:30.835Z, 1458.4876800000002, 424.95061880000003
1701423690867, 2023-12-01T09:41:30.867Z, 1342.6102698000002, 458.5465098000001
1701423690885, 2023-12-01T09:41:30.885Z, 1230.8985062, 492.02152000000007
1701423690912, 2023-12-01T09:41:30.912Z, 1127.2212216, 521.2073132
1701423690928, 2023-12-01T09:41:30.928Z, 1099.6315835999999, 535.8805594
1701423690962, 2023-12-01T09:41:30.962Z, 1076.5603784, 549.2416208000001
1701423690992, 2023-12-01T09:41:30.992Z, 1070.4483822, 552.1234694
1701423691021, 2023-12-01T09:41:31.021Z, 1064.1064264000001, 551.2871666
1701423691038, 2023-12-01T09:41:31.038Z, 1061.2550654, 545.6142388000001
1701423691053, 2023-12-01T09:41:31.053Z, 1060.2912608, 540.4039042
1701423691084, 2023-12-01T09:41:31.084Z, 1062.6376857999999, 534.6883538
1701423691126, 2023-12-01T09:41:31.126Z, 1062.855798, 534.84005
1701423691146, 2023-12-01T09:41:31.146Z, 1061.1213665999999, 535.3372886
1701423691162, 2023-12-01T09:41:31.162Z, 1061.6442512, 535.2197344000001
1701423691177, 2023-12-01T09:41:31.177Z, 1063.8741176, 535.4626307999999
1701423691192, 2023-12-01T09:41:31.192Z, 1067.9622328, 532.0693068
1701423691209, 2023-12-01T09:41:31.209Z, 1069.3746876, 529.7466806
1701423691224, 2023-12-01T09:41:31.224Z, 1076.8522472, 528.3433132
1701423691240, 2023-12-01T09:41:31.240Z, 1088.297282, 531.7883214
1701423691275, 2023-12-01T09:41:31.275Z, 1091.5307936000002, 535.7567788
1701423691303, 2023-12-01T09:41:31.303Z, 1076.1855786, 534.7571976
1701423691334, 2023-12-01T09:41:31.334Z, 1062.1438264, 536.090293
1701423691351, 2023-12-01T09:41:31.351Z, 1057.9598270000001, 533.572784
1701423691366, 2023-12-01T09:41:31.366Z, 1060.6542746, 527.7242552
1701423691381, 2023-12-01T09:41:31.381Z, 1072.1678134, 520.5796222
1701423691411, 2023-12-01T09:41:31.411Z, 1121.5919675999999, 523.474236
1701423691446, 2023-12-01T09:41:31.446Z, 1171.660259, 526.1505186000002
1701423691460, 2023-12-01T09:41:31.460Z, 1217.9868802, 537.663554
1701423691475, 2023-12-01T09:41:31.475Z, 1251.6034778, 548.4434826
1701423691492, 2023-12-01T09:41:31.492Z, 1284.100907, 564.0103948
1701423691508, 2023-12-01T09:41:31.508Z, 1295.9018707999999, 573.230652
1701423691538, 2023-12-01T09:41:31.538Z, 1310.9717062, 582.8617864
1701423691585, 2023-12-01T09:41:31.585Z, 1319.025956, 589.0568473999999
1701423691601, 2023-12-01T09:41:31.601Z, 1332.0519405999999, 596.7832034
1701423691633, 2023-12-01T09:41:31.633Z, 1340.8385064, 599.6776632000001
1701423691648, 2023-12-01T09:41:31.648Z, 1348.3812764, 606.3465326
1701423691680, 2023-12-01T09:41:31.680Z, 1349.917304, 607.8800784000001
1701423691696, 2023-12-01T09:41:31.696Z, 1345.393931, 606.8344128000001
1701423691712, 2023-12-01T09:41:31.712Z, 1336.3780470000002, 604.6904922
1701423691728, 2023-12-01T09:41:31.728Z, 1326.7363389999998, 602.5177472
1701423691760, 2023-12-01T09:41:31.760Z, 1310.161913, 597.2456450000001
1701423691775, 2023-12-01T09:41:31.775Z, 1285.5495172, 590.2198728000001
1701423691791, 2023-12-01T09:41:31.791Z, 1257.999951, 580.5123422
1701423691808, 2023-12-01T09:41:31.808Z, 1219.2716078, 568.1940898
1701423691824, 2023-12-01T09:41:31.824Z, 1173.8875398, 558.5757791999999
1701423691839, 2023-12-01T09:41:31.839Z, 1133.4639074000002, 550.3174322
1701423691865, 2023-12-01T09:41:31.865Z, 1102.194105, 547.3474623999999
1701423691885, 2023-12-01T09:41:31.885Z, 1072.1182858, 543.8478355999999
1701423691902, 2023-12-01T09:41:31.902Z, 1054.5256666, 544.3747852
1701423691917, 2023-12-01T09:41:31.917Z, 1048.5039924, 541.8183546
1701423691936, 2023-12-01T09:41:31.936Z, 1043.2402518, 540.7066234
1701423691949, 2023-12-01T09:41:31.949Z, 1046.1490185999999, 538.0737946
1701423691966, 2023-12-01T09:41:31.966Z, 1052.4284377999998, 538.4101549999999
1701423691981, 2023-12-01T09:41:31.981Z, 1052.1249751999999, 537.0001708
1701423691997, 2023-12-01T09:41:31.997Z, 1050.0915956000001, 537.2256140000001
1701423692013, 2023-12-01T09:41:32.013Z, 1048.5149058, 537.3712056
1701423692029, 2023-12-01T09:41:32.029Z, 1041.9983316000003, 538.5652156
1701423692045, 2023-12-01T09:41:32.045Z, 1035.108468, 539.996449
1701423692061, 2023-12-01T09:41:32.061Z, 1032.3713961999997, 541.207042
1701423692077, 2023-12-01T09:41:32.077Z, 1031.2467516000002, 541.307198
1701423692092, 2023-12-01T09:41:32.092Z, 1036.572404, 541.615101
1701423692108, 2023-12-01T09:41:32.108Z, 1038.1230108000002, 539.2239674
1701423692124, 2023-12-01T09:41:32.124Z, 1042.5810764, 536.495334
1701423692139, 2023-12-01T09:41:32.139Z, 1048.2250902, 534.9614202
1701423692163, 2023-12-01T09:41:32.163Z, 1060.2641554, 537.5199394000001
1701423692188, 2023-12-01T09:41:32.188Z, 1074.2632112000001, 538.2801016000001
1701423692207, 2023-12-01T09:41:32.207Z, 1092.0730114000003, 541.9142994000001
1701423692236, 2023-12-01T09:41:32.236Z, 1116.0247012, 552.1755598000001
1701423692267, 2023-12-01T09:41:32.267Z, 1138.9877703999998, 562.7085538
1701423692313, 2023-12-01T09:41:32.313Z, 1141.3915226, 567.623736
1701423692344, 2023-12-01T09:41:32.344Z, 1139.652268, 574.9573462000001
1701423692361, 2023-12-01T09:41:32.361Z, 1146.287858, 581.9675056
1701423692391, 2023-12-01T09:41:32.391Z, 1145.6493196, 581.9086788
1701423692408, 2023-12-01T09:41:32.408Z, 1149.6210174, 582.464338
1701423692438, 2023-12-01T09:41:32.438Z, 1163.5011642, 582.5988284
1701423692459, 2023-12-01T09:41:32.459Z, 1174.8023558, 584.6206467999999
1701423692486, 2023-12-01T09:41:32.486Z, 1161.6340594, 597.6608512
1701423692502, 2023-12-01T09:41:32.502Z, 1165.5813589999998, 605.9658164
1701423692534, 2023-12-01T09:41:32.534Z, 1170.835579, 610.5698698
1701423692550, 2023-12-01T09:41:32.550Z, 1190.8631248, 613.5419794000001
1701423692550, 2023-12-01T09:41:32.550Z, 1213.6933014, 612.1300666000001
1701423692566, 2023-12-01T09:41:32.566Z, 1235.9782220000002, 609.4794636
1701423692583, 2023-12-01T09:41:32.583Z, 1242.2663989999996, 605.4149302
1701423692613, 2023-12-01T09:41:32.613Z, 1244.125702, 603.405568
1701423692628, 2023-12-01T09:41:32.628Z, 1233.9645122, 604.6579714000001
1701423692644, 2023-12-01T09:41:32.644Z, 1218.3084414, 605.5199856
1701423692659, 2023-12-01T09:41:32.659Z, 1223.6138136, 596.4157046
1701423692675, 2023-12-01T09:41:32.675Z, 1230.0900748, 594.5880872
1701423692690, 2023-12-01T09:41:32.690Z, 1235.8400352, 593.2652556
1701423692706, 2023-12-01T09:41:32.706Z, 1240.9208618, 592.5656818
1701423692721, 2023-12-01T09:41:32.721Z, 1249.6702792, 594.828068
1701423692762, 2023-12-01T09:41:32.762Z, 1246.9285658000001, 598.8648892
1701423692801, 2023-12-01T09:41:32.801Z, 1231.9572794, 605.4461193999999
1701423692816, 2023-12-01T09:41:32.816Z, 1213.5223464, 613.7363104
1701423692848, 2023-12-01T09:41:32.848Z, 1191.9575796000001, 616.7500144
1701423692862, 2023-12-01T09:41:32.862Z, 1169.8463762000001, 619.9376356
1701423692896, 2023-12-01T09:41:32.896Z, 1152.9189434, 623.7174048
1701423692911, 2023-12-01T09:41:32.911Z, 1145.1571233999998, 620.7125192
1701423692940, 2023-12-01T09:41:32.940Z, 1125.0844762000002, 620.5148069999999
1701423692957, 2023-12-01T09:41:32.957Z, 1116.9283262000001, 625.5157758
1701423692973, 2023-12-01T09:41:32.973Z, 1105.9791518, 629.2267294000001
1701423692987, 2023-12-01T09:41:32.987Z, 1098.0651402, 627.4081944
1701423693019, 2023-12-01T09:41:33.019Z, 1081.0359942, 627.9449748
1701423693034, 2023-12-01T09:41:33.034Z, 1079.8979448000002, 624.5004276
1701423693063, 2023-12-01T09:41:33.063Z, 1065.7405386, 620.193313
1701423693083, 2023-12-01T09:41:33.083Z, 1058.7554296, 616.1004806
1701423693112, 2023-12-01T09:41:33.112Z, 1053.3888376, 613.4078244
1701423693128, 2023-12-01T09:41:33.128Z, 1058.5391064, 611.1516794
1701423693163, 2023-12-01T09:41:33.163Z, 1063.8430614, 608.281508
1701423693175, 2023-12-01T09:41:33.175Z, 1073.1401759999999, 606.7294436
1701423693192, 2023-12-01T09:41:33.192Z, 1076.4142550000001, 607.4712321999999
1701423693211, 2023-12-01T09:41:33.211Z, 1068.2520250000002, 610.2904871999999
1701423693223, 2023-12-01T09:41:33.223Z, 1053.5065854, 611.4170614000001
1701423693240, 2023-12-01T09:41:33.240Z, 1030.1359858, 608.8005822
1701423693271, 2023-12-01T09:41:33.271Z, 1020.3609849999999, 609.5243452000001
1701423693288, 2023-12-01T09:41:33.288Z, 1043.866921, 618.922883
1701423693302, 2023-12-01T09:41:33.302Z, 1079.8093880000001, 630.9191948
1701423693319, 2023-12-01T09:41:33.319Z, 1119.7015108, 643.1609592
1701423693334, 2023-12-01T09:41:33.334Z, 1167.5175324, 662.1622864000001
1701423693360, 2023-12-01T09:41:33.360Z, 1204.202052, 676.1976043999999
1701423693381, 2023-12-01T09:41:33.381Z, 1203.9462362, 670.3324882
1701423693396, 2023-12-01T09:41:33.396Z, 1196.8192880000001, 658.6649842
1701423693412, 2023-12-01T09:41:33.412Z, 1195.9679036000002, 651.6433188
1701423693428, 2023-12-01T09:41:33.428Z, 1191.8447566, 637.1813179999999
1701423693443, 2023-12-01T09:41:33.443Z, 1202.843041, 629.3551866
1701423693459, 2023-12-01T09:41:33.459Z, 1218.704948, 630.5963622
1701423693475, 2023-12-01T09:41:33.475Z, 1232.9912610000001, 630.268808
1701423693491, 2023-12-01T09:41:33.491Z, 1243.2137906, 626.3804711999999
1701423693538, 2023-12-01T09:41:33.538Z, 1259.8490352000001, 625.641871
1701423693557, 2023-12-01T09:41:33.557Z, 1263.9127092, 617.7734692
1701423693619, 2023-12-01T09:41:33.619Z, 1253.8222124000001, 616.7760685999999
1701423693661, 2023-12-01T09:41:33.661Z, 1242.3869408000003, 621.9410419999999
1701423693699, 2023-12-01T09:41:33.699Z, 1230.3796664000001, 627.6124694
1701423693712, 2023-12-01T09:41:33.712Z, 1216.0277306, 634.6815617999999
1701423693728, 2023-12-01T09:41:33.728Z, 1196.676305, 644.6270258
1701423693744, 2023-12-01T09:41:33.744Z, 1188.7018412000002, 649.5335155999999
1701423693760, 2023-12-01T09:41:33.760Z, 1175.5651642, 649.9376996000001
1701423693775, 2023-12-01T09:41:33.775Z, 1156.9727228, 648.9203531999999
1701423693790, 2023-12-01T09:41:33.790Z, 1130.3836772000002, 649.600007
1701423693809, 2023-12-01T09:41:33.809Z, 1112.9962706000001, 649.5609618000001
1701423693838, 2023-12-01T09:41:33.838Z, 1097.2178958, 647.3203820000001
1701423693854, 2023-12-01T09:41:33.854Z, 1094.3081962, 649.17698
1701423693872, 2023-12-01T09:41:33.872Z, 1082.6867746, 646.3145376
1701423693887, 2023-12-01T09:41:33.887Z, 1077.4859228, 641.2976492
1701423693900, 2023-12-01T09:41:33.900Z, 1063.704847, 635.7063566
1701423693917, 2023-12-01T09:41:33.917Z, 1051.5015346, 631.0158978000001
1701423693933, 2023-12-01T09:41:33.933Z, 1036.8870212, 624.5312454
1701423693961, 2023-12-01T09:41:33.961Z, 1029.7689724000002, 626.9088384
1701423693979, 2023-12-01T09:41:33.979Z, 1020.2056888000001, 624.7678336
1701423693995, 2023-12-01T09:41:33.995Z, 1009.8512694000001, 620.4366148000001
1701423694011, 2023-12-01T09:41:34.011Z, 1001.6368749999999, 615.9334274
1701423694026, 2023-12-01T09:41:34.026Z, 993.5292394, 610.8808336
1701423694058, 2023-12-01T09:41:34.058Z, 995.5154476, 604.5541924000001
1701423694074, 2023-12-01T09:41:34.074Z, 1004.598929, 607.5858056
1701423694112, 2023-12-01T09:41:34.112Z, 1024.4743365999998, 620.2462464
1701423694135, 2023-12-01T09:41:34.135Z, 1041.2675098, 634.1890696
1701423694151, 2023-12-01T09:41:34.151Z, 1060.694295, 654.7847838
1701423694170, 2023-12-01T09:41:34.170Z, 1076.847418, 684.4376007999999
1701423694183, 2023-12-01T09:41:34.183Z, 1088.9780572, 710.7396065999999
1701423694198, 2023-12-01T09:41:34.198Z, 1089.4435394, 731.0239389999999
1701423694214, 2023-12-01T09:41:34.214Z, 1090.9568474, 749.2010038000001
1701423694232, 2023-12-01T09:41:34.232Z, 1092.158345, 760.4447075999999
1701423694260, 2023-12-01T09:41:34.260Z, 1092.8531322, 761.819518
1701423694293, 2023-12-01T09:41:34.293Z, 1094.8835488, 761.1264738
1701423694307, 2023-12-01T09:41:34.307Z, 1097.9344198, 759.0025032
1701423694325, 2023-12-01T09:41:34.325Z, 1100.7541968, 761.4399933999999
1701423694355, 2023-12-01T09:41:34.355Z, 1102.9900722, 765.8721048
1701423694386, 2023-12-01T09:41:34.386Z, 1104.118274, 770.0352498
1701423694402, 2023-12-01T09:41:34.402Z, 1105.3053352, 776.0242138000001
1701423694418, 2023-12-01T09:41:34.418Z, 1106.7575284, 782.7659
1701423694435, 2023-12-01T09:41:34.435Z, 1109.6369468, 784.1168968
1701423694450, 2023-12-01T09:41:34.450Z, 1109.4841174, 784.7478464
1701423694468, 2023-12-01T09:41:34.468Z, 1111.3875926, 784.1743198
1701423694484, 2023-12-01T09:41:34.484Z, 1113.3852230000002, 782.9113921999999
1701423694499, 2023-12-01T09:41:34.499Z, 1114.1648318000002, 781.0691535999999
1701423694515, 2023-12-01T09:41:34.515Z, 1113.2335600000001, 780.8715542
1701423694532, 2023-12-01T09:41:34.532Z, 1118.691755, 780.5064512
1701423694548, 2023-12-01T09:41:34.548Z, 1129.5676156000002, 779.1087832000001
1701423694564, 2023-12-01T09:41:34.564Z, 1141.1444884, 777.3707538000001
1701423694576, 2023-12-01T09:41:34.576Z, 1154.2257958000002, 776.4289775999999
1701423694593, 2023-12-01T09:41:34.593Z, 1177.8646918, 774.2529922
1701423694623, 2023-12-01T09:41:34.623Z, 1197.3973996, 772.3617984
1701423694639, 2023-12-01T09:41:34.639Z, 1210.539991, 775.2969327999999
1701423694654, 2023-12-01T09:41:34.654Z, 1222.6826524, 779.925058
1701423694670, 2023-12-01T09:41:34.670Z, 1233.9261522000002, 783.8836404
1701423694686, 2023-12-01T09:41:34.686Z, 1230.8731328, 792.0568758000001
1701423694708, 2023-12-01T09:41:34.708Z, 1227.7582562, 799.7641950000001
1701423694733, 2023-12-01T09:41:34.733Z, 1222.9652546, 805.1931873999999
1701423694749, 2023-12-01T09:41:34.749Z, 1217.559561, 807.6160894
1701423694764, 2023-12-01T09:41:34.764Z, 1212.4844871999999, 809.3737881999999
1701423694780, 2023-12-01T09:41:34.780Z, 1211.8328724, 807.4751108
1701423694795, 2023-12-01T09:41:34.795Z, 1208.169256, 803.7254804
1701423694810, 2023-12-01T09:41:34.810Z, 1204.0907884, 799.6586436
1701423694825, 2023-12-01T09:41:34.825Z, 1198.5780068, 798.1675855999999
1701423694841, 2023-12-01T09:41:34.841Z, 1192.7233902, 797.3433146
1701423694863, 2023-12-01T09:41:34.863Z, 1183.8691827999999, 797.5405370000001
1701423694886, 2023-12-01T09:41:34.886Z, 1176.0427874000002, 800.4515191999999
1701423694903, 2023-12-01T09:41:34.903Z, 1167.8687284, 802.5808191999998
1701423694918, 2023-12-01T09:41:34.918Z, 1160.150596, 804.5717998
1701423694934, 2023-12-01T09:41:34.934Z, 1151.2959358, 806.597767
1701423694950, 2023-12-01T09:41:34.950Z, 1145.0278832, 808.0903584
1701423694966, 2023-12-01T09:41:34.966Z, 1140.9310593999999, 808.4858058
1701423694983, 2023-12-01T09:41:34.983Z, 1134.6379537999999, 807.5525336000001
1701423695015, 2023-12-01T09:41:35.015Z, 1125.5702394, 798.8055880000001
1701423695027, 2023-12-01T09:41:35.027Z, 1117.9412242, 788.1864276
1701423695043, 2023-12-01T09:41:35.043Z, 1108.6059208000001, 777.5241578
1701423695060, 2023-12-01T09:41:35.060Z, 1099.0773852000002, 769.8037318
1701423695075, 2023-12-01T09:41:35.075Z, 1095.0726280000001, 764.8261716
1701423695090, 2023-12-01T09:41:35.090Z, 1096.9284796000002, 768.5818664000001
1701423695107, 2023-12-01T09:41:35.107Z, 1096.7773708, 772.5807016000001
1701423695122, 2023-12-01T09:41:35.122Z, 1097.467746, 776.5500726000001
1701423695138, 2023-12-01T09:41:35.138Z, 1096.4230158000003, 778.3729344
1701423695159, 2023-12-01T09:41:35.159Z, 1091.1164244, 777.2048120000001
1701423695186, 2023-12-01T09:41:35.186Z, 1082.5765866, 772.643905
1701423695202, 2023-12-01T09:41:35.202Z, 1075.9571288000002, 768.7316635999999
1701423695217, 2023-12-01T09:41:35.217Z, 1070.0881966000002, 766.1587256
1701423695233, 2023-12-01T09:41:35.233Z, 1059.0334910000001, 763.8163442
1701423695252, 2023-12-01T09:41:35.252Z, 1053.2091944, 766.3885677999999
1701423695271, 2023-12-01T09:41:35.271Z, 1053.3918416000001, 775.879788
1701423695283, 2023-12-01T09:41:35.284Z, 1056.0532954, 787.444135
1701423695299, 2023-12-01T09:41:35.299Z, 1061.4567948, 798.465442
1701423695319, 2023-12-01T09:41:35.319Z, 1079.3905074, 811.2949332000001
1701423695344, 2023-12-01T09:41:35.344Z, 1092.1294454, 821.5639605999999
1701423695361, 2023-12-01T09:41:35.361Z, 1099.2295374, 827.89581
1701423695377, 2023-12-01T09:41:35.377Z, 1105.2605592, 831.3833054
1701423695391, 2023-12-01T09:41:35.391Z, 1108.8770200000001, 834.0282208000001
1701423695407, 2023-12-01T09:41:35.407Z, 1106.6466492000002, 832.7910464
1701423695423, 2023-12-01T09:41:35.423Z, 1106.5343968000002, 831.1297124
1701423695438, 2023-12-01T09:41:35.438Z, 1107.5504098000001, 826.5097578000001
1701423695462, 2023-12-01T09:41:35.462Z, 1107.8889994, 820.8020886
1701423695488, 2023-12-01T09:41:35.488Z, 1107.5869678000001, 816.5731112000001
1701423695502, 2023-12-01T09:41:35.502Z, 1105.1780518, 814.1552468
1701423695516, 2023-12-01T09:41:35.516Z, 1098.0149926000001, 815.7877268
1701423695532, 2023-12-01T09:41:35.532Z, 1092.1901806, 819.3906072
1701423695551, 2023-12-01T09:41:35.551Z, 1087.6812602, 826.2513321999999
1701423695566, 2023-12-01T09:41:35.566Z, 1084.615875, 832.097497
1701423695581, 2023-12-01T09:41:35.581Z, 1080.9126436000001, 839.2017819999999
1701423695595, 2023-12-01T09:41:35.595Z, 1081.5889804, 841.7877012000001
1701423695615, 2023-12-01T09:41:35.615Z, 1083.0108518000002, 845.2751946000001
1701423695626, 2023-12-01T09:41:35.626Z, 1082.1192724, 847.7561495999998
1701423695656, 2023-12-01T09:41:35.656Z, 1077.3735106000001, 846.7096872
1701423695688, 2023-12-01T09:41:35.688Z, 1075.1113652000001, 842.7776701999999
1701423695702, 2023-12-01T09:41:35.702Z, 1076.2341202000002, 841.8412094000001
1701423695718, 2023-12-01T09:41:35.718Z, 1075.6217164000002, 838.8506594
1701423695734, 2023-12-01T09:41:35.734Z, 1077.1935394, 837.1680577999999
1701423695764, 2023-12-01T09:41:35.764Z, 1084.7958182000002, 835.914581
1701423695783, 2023-12-01T09:41:35.783Z, 1091.8157062000002, 832.6736584
1701423695798, 2023-12-01T09:41:35.798Z, 1097.4372486, 824.7331872000001
1701423695820, 2023-12-01T09:41:35.820Z, 1102.9509401999999, 816.9244056
1701423695831, 2023-12-01T09:41:35.831Z, 1105.9554064, 804.8060178
1701423695848, 2023-12-01T09:41:35.848Z, 1104.816773, 793.559309
1701423695862, 2023-12-01T09:41:35.862Z, 1104.5463838, 784.116674
1701423695877, 2023-12-01T09:41:35.877Z, 1103.2035552, 777.0086222
1701423695893, 2023-12-01T09:41:35.893Z, 1101.5915232, 770.370679
1701423695915, 2023-12-01T09:41:35.915Z, 1101.4169612, 764.3935818
1701423695941, 2023-12-01T09:41:35.941Z, 1102.6201676, 760.1407922000001
1701423695956, 2023-12-01T09:41:35.956Z, 1101.8154418, 761.950377
1701423695970, 2023-12-01T09:41:35.970Z, 1100.4889542, 763.9261824
1701423695986, 2023-12-01T09:41:35.986Z, 1098.4507346, 765.2272498
1701423696006, 2023-12-01T09:41:36.006Z, 1097.213476, 769.5173806
1701423696017, 2023-12-01T09:41:36.017Z, 1101.7420326, 776.8556268
1701423696034, 2023-12-01T09:41:36.034Z, 1105.6110156, 778.6946797999999
1701423696058, 2023-12-01T09:41:36.058Z, 1108.1883258, 781.2779463999999
1701423696076, 2023-12-01T09:41:36.076Z, 1105.6245664, 785.5792954000001
1701423696090, 2023-12-01T09:41:36.090Z, 1099.8519972, 789.8986189999999
1701423696103, 2023-12-01T09:41:36.103Z, 1087.8588288, 790.9817306
1701423696127, 2023-12-01T09:41:36.127Z, 1080.1734104000002, 791.9591760000001
1701423696142, 2023-12-01T09:41:36.142Z, 1073.0220881999999, 792.2427535999999
1701423696158, 2023-12-01T09:41:36.158Z, 1068.6132616, 792.8475738
1701423696173, 2023-12-01T09:41:36.173Z, 1065.1656859999998, 793.8824407999999
1701423696188, 2023-12-01T09:41:36.188Z, 1061.9546108, 796.4345028
1701423696214, 2023-12-01T09:41:36.214Z, 1055.9535131999999, 799.5013716
1701423696228, 2023-12-01T09:41:36.228Z, 1050.8616559999998, 801.4513162000001
1701423696253, 2023-12-01T09:41:36.253Z, 1051.1056728, 802.8793556
1701423696268, 2023-12-01T09:41:36.268Z, 1052.120459, 801.9749144
1701423696286, 2023-12-01T09:41:36.286Z, 1054.6137262, 802.1189238
1701423696300, 2023-12-01T09:41:36.300Z, 1057.6976022000003, 802.3309313999999
1701423696317, 2023-12-01T09:41:36.317Z, 1060.3718939999999, 803.3730453999999
1701423696332, 2023-12-01T09:41:36.332Z, 1060.0154102000001, 802.5151037999999
1701423696364, 2023-12-01T09:41:36.364Z, 1055.9101491999998, 802.2988314
1701423696382, 2023-12-01T09:41:36.382Z, 1050.8156715999999, 800.2447765999999
1701423696396, 2023-12-01T09:41:36.396Z, 1043.0099394000001, 800.2278942
1701423696412, 2023-12-01T09:41:36.412Z, 1040.4766548, 799.432677
1701423696426, 2023-12-01T09:41:36.426Z, 1038.6609113999998, 799.9845692000001
1701423696443, 2023-12-01T09:41:36.443Z, 1040.9008808, 800.7983458000001
1701423696458, 2023-12-01T09:41:36.458Z, 1041.89205, 804.0075804
1701423696475, 2023-12-01T09:41:36.475Z, 1045.5413038, 804.9526416000001
1701423696489, 2023-12-01T09:41:36.489Z, 1046.3135166, 805.8677936
1701423696509, 2023-12-01T09:41:36.509Z, 1045.6760920000002, 806.4761679999999
1701423696537, 2023-12-01T09:41:36.537Z, 1043.542808, 808.4133914
1701423696552, 2023-12-01T09:41:36.552Z, 1016.7124799999999, 802.8386725999999
1701423696568, 2023-12-01T09:41:36.568Z, 954.2276711999999, 789.2608452
1701423696583, 2023-12-01T09:41:36.583Z, 836.9361934000001, 772.950576
1701423696599, 2023-12-01T09:41:36.599Z, 726.4267372, 757.3778208000001
1701423696619, 2023-12-01T09:41:36.619Z, 587.1878236, 735.8068172000001
1701423696647, 2023-12-01T09:41:36.647Z, 457.17479620000006, 711.2003754
1701423696662, 2023-12-01T09:41:36.662Z, 364.00165119999997, 699.308633
1701423696677, 2023-12-01T09:41:36.677Z, 322.95533399999994, 691.3928982
1701423696692, 2023-12-01T09:41:36.692Z, 272.080945, 676.9527
1701423696708, 2023-12-01T09:41:36.708Z, 250.15000519999998, 671.8204866
1701423696723, 2023-12-01T09:41:36.723Z, 240.8642366, 671.8629973999999
1701423696739, 2023-12-01T09:41:36.739Z, 222.89563040000002, 664.249411
1701423696754, 2023-12-01T09:41:36.754Z, 203.82292180000002, 655.8765094
1701423696771, 2023-12-01T09:41:36.771Z, 186.0455448, 652.3199196
1701423696786, 2023-12-01T09:41:36.786Z, 145.49898360000003, 642.0965444
1701423696943, 2023-12-01T09:41:36.943Z, 105.624339, 635.6083174
1701423696977, 2023-12-01T09:41:36.977Z, 70.6136618, 632.0761168
1701423697264, 2023-12-01T09:41:37.264Z, 39.2916918, 621.3801040000001
1701423697301, 2023-12-01T09:41:37.301Z, 11.294448800000001, 610.220855
1701423697317, 2023-12-01T09:41:37.317Z, 7.352204, 601.6150784
1701423697348, 2023-12-01T09:41:37.348Z, 20.7087004, 600.4309214
1701423697365, 2023-12-01T09:41:37.365Z, 34.328314, 598.2697873999999
1701423697380, 2023-12-01T09:41:37.380Z, 36.7385366, 601.9698286
1701423697396, 2023-12-01T09:41:37.396Z, 38.973344600000004, 606.7015011999999
1701423697427, 2023-12-01T09:41:37.427Z, 38.2155868, 607.652464
1701423697444, 2023-12-01T09:41:37.444Z, 40.3187048, 602.2331356
1701423697459, 2023-12-01T09:41:37.459Z, 63.477452199999995, 600.3397648
1701423697474, 2023-12-01T09:41:37.474Z, 101.53945719999999, 600.7912322
1701423697490, 2023-12-01T09:41:37.490Z, 140.0091472, 601.6888768
1701423697504, 2023-12-01T09:41:37.504Z, 163.86015840000002, 604.9241222
1701423697519, 2023-12-01T09:41:37.519Z, 174.4874236, 606.6108312
1701423697536, 2023-12-01T09:41:37.536Z, 167.72292080000003, 605.4117092
1701423697568, 2023-12-01T09:41:37.568Z, 162.0646706, 600.8917346000001
1701423697579, 2023-12-01T09:41:37.579Z, 157.16537039999997, 597.0199916
1701423697600, 2023-12-01T09:41:37.600Z, 161.2398194, 593.9221566
1701423697617, 2023-12-01T09:41:37.617Z, 166.658834, 591.7360224
1701423697632, 2023-12-01T09:41:37.632Z, 157.77984640000003, 592.591944
1701423697666, 2023-12-01T09:41:37.666Z, 151.12049259999998, 595.444972
1701423697682, 2023-12-01T09:41:37.682Z, 151.36181620000002, 599.3770052
1701423697729, 2023-12-01T09:41:37.729Z, 151.94075560000002, 605.1856184
1701423697744, 2023-12-01T09:41:37.744Z, 147.854614, 609.3919755999999
1701423697758, 2023-12-01T09:41:37.758Z, 160.95797599999997, 610.7349124
1701423697774, 2023-12-01T09:41:37.774Z, 156.230761, 612.8948538
1701423697790, 2023-12-01T09:41:37.790Z, 140.2163068, 613.083199
1701423697805, 2023-12-01T09:41:37.805Z, 127.79292560000002, 608.740294
1701423697820, 2023-12-01T09:41:37.820Z, 113.194679, 603.7363337999999
1701423697836, 2023-12-01T09:41:37.836Z, 90.36954, 599.4153696000001
1701423697883, 2023-12-01T09:41:37.883Z, 71.1383986, 595.3321868
1701423697899, 2023-12-01T09:41:37.899Z, 61.46290380000001, 591.3809384
1701423697914, 2023-12-01T09:41:37.914Z, 64.77771340000001, 591.697426
1701423697929, 2023-12-01T09:41:37.929Z, 71.4375914, 595.2421228000001
1701423697945, 2023-12-01T09:41:37.945Z, 83.1079652, 596.8869082
1701423697961, 2023-12-01T09:41:37.961Z, 115.70178920000001, 598.5808474
1701423697976, 2023-12-01T09:41:37.976Z, 150.8257486, 602.6490308
1701423697991, 2023-12-01T09:41:37.991Z, 223.5980396, 617.25082
1701423698014, 2023-12-01T09:41:38.014Z, 358.3241426, 638.2723786
1701423698039, 2023-12-01T09:41:38.039Z, 467.3977186, 658.3809284
1701423698071, 2023-12-01T09:41:38.071Z, 596.6271730000001, 684.0921458
1701423698086, 2023-12-01T09:41:38.086Z, 747.734335, 709.7860534
1701423698102, 2023-12-01T09:41:38.102Z, 869.9707412, 726.4523768
1701423698118, 2023-12-01T09:41:38.118Z, 927.958569, 734.8255064
1701423698133, 2023-12-01T09:41:38.133Z, 1012.9294829999999, 745.80165
1701423698164, 2023-12-01T09:41:38.164Z, 1057.4342712000002, 745.0815863999999
1701423698179, 2023-12-01T09:41:38.179Z, 1067.8400106000001, 735.650326
1701423698195, 2023-12-01T09:41:38.195Z, 1060.8990170000002, 721.7921196
1701423698211, 2023-12-01T09:41:38.211Z, 1057.5734754, 704.6760499999999
1701423698227, 2023-12-01T09:41:38.227Z, 1051.0907184, 687.3934632
1701423698242, 2023-12-01T09:41:38.242Z, 1048.5859266, 681.2914408
1701423698257, 2023-12-01T09:41:38.257Z, 1051.4721214, 683.5338528
1701423698272, 2023-12-01T09:41:38.272Z, 1055.2285025999997, 691.1726242000001
1701423698287, 2023-12-01T09:41:38.287Z, 1055.8519128, 705.668205
1701423698310, 2023-12-01T09:41:38.310Z, 1054.0343632, 725.572822
1701423698335, 2023-12-01T09:41:38.335Z, 1049.97642, 743.2252464
1701423698350, 2023-12-01T09:41:38.350Z, 1046.1349174000002, 756.9213358000001
1701423698365, 2023-12-01T09:41:38.365Z, 1044.6426408, 763.9359202
1701423698381, 2023-12-01T09:41:38.381Z, 1044.1558135999999, 765.8615462
1701423698396, 2023-12-01T09:41:38.396Z, 1047.1032352, 762.4215684000001
1701423698431, 2023-12-01T09:41:38.431Z, 1056.1211126, 753.6767586
1701423698446, 2023-12-01T09:41:38.446Z, 1060.9320586, 748.5741108
1701423698465, 2023-12-01T09:41:38.465Z, 1067.4322456, 743.2803488
1701423698491, 2023-12-01T09:41:38.491Z, 1073.3488412000002, 739.2262831999999
1701423698523, 2023-12-01T09:41:38.523Z, 1080.148375, 738.2244628
1701423698539, 2023-12-01T09:41:38.539Z, 1077.0429606000002, 742.6502469999999
1701423698557, 2023-12-01T09:41:38.557Z, 1076.6544512, 746.6809636
1701423698587, 2023-12-01T09:41:38.587Z, 1072.8480768000002, 753.4093231999999
1701423698601, 2023-12-01T09:41:38.601Z, 1067.2125712000002, 761.5436113999999
1701423698620, 2023-12-01T09:41:38.620Z, 1060.5553931999998, 767.1887714000001
1701423698633, 2023-12-01T09:41:38.633Z, 1056.8372763999998, 766.3890144000001
1701423698648, 2023-12-01T09:41:38.648Z, 1051.6523602, 759.2080692000001
1701423698664, 2023-12-01T09:41:38.664Z, 1045.8814188, 752.3467062000001
1701423698680, 2023-12-01T09:41:38.680Z, 1040.688438, 745.9623308
1701423698696, 2023-12-01T09:41:38.696Z, 1033.1777161999998, 734.0676792
1701423698710, 2023-12-01T09:41:38.710Z, 1031.7048487999998, 727.0295917999999
1701423698726, 2023-12-01T09:41:38.726Z, 1032.4307231999999, 726.2875816000001
1701423698742, 2023-12-01T09:41:38.742Z, 1034.407824, 727.9132604
1701423698791, 2023-12-01T09:41:38.791Z, 1035.9097649999999, 726.8003774000001
1701423698808, 2023-12-01T09:41:38.808Z, 1039.8169194, 732.1147688
1701423698839, 2023-12-01T09:41:38.839Z, 1041.3148, 738.7988688
1701423698854, 2023-12-01T09:41:38.854Z, 1039.3948248000002, 743.4523038
1701423698883, 2023-12-01T09:41:38.883Z, 1032.0904698000002, 749.5413380000001
1701423698913, 2023-12-01T09:41:38.913Z, 1021.9286064000001, 762.9512666
1701423698930, 2023-12-01T09:41:38.930Z, 1015.1973842, 774.2028928
1701423698946, 2023-12-01T09:41:38.946Z, 1009.672897, 782.5031958
1701423698967, 2023-12-01T09:41:38.967Z, 1005.0529412, 788.0581878
1701423698980, 2023-12-01T09:41:38.980Z, 1002.4540526000001, 787.9784182
1701423698996, 2023-12-01T09:41:38.996Z, 1002.9083178000001, 785.0211764
1701423699012, 2023-12-01T09:41:39.012Z, 998.7508452, 783.3234076
1701423699027, 2023-12-01T09:41:39.027Z, 995.4166246000001, 779.4187701999999
1701423699041, 2023-12-01T09:41:39.041Z, 998.2130300000001, 777.1999802
1701423699089, 2023-12-01T09:41:39.089Z, 1002.4312127999999, 772.5824482
1701423699105, 2023-12-01T09:41:39.105Z, 1011.6084473999999, 764.1697792000001
1701423699123, 2023-12-01T09:41:39.123Z, 1020.5366006, 754.9413662
1701423699138, 2023-12-01T09:41:39.138Z, 1019.8164952, 750.6444776
1701423699157, 2023-12-01T09:41:39.157Z, 1020.0834846, 749.268612
1701423699170, 2023-12-01T09:41:39.170Z, 1021.9411889999999, 752.4359651999999
1701423699185, 2023-12-01T09:41:39.185Z, 1010.3272506, 755.1059984
1701423699212, 2023-12-01T09:41:39.212Z, 998.3150478, 757.6271374
1701423699232, 2023-12-01T09:41:39.232Z, 995.3838618, 758.5054698
1701423699251, 2023-12-01T09:41:39.251Z, 989.9593176000001, 761.7640537999999
1701423699264, 2023-12-01T09:41:39.264Z, 990.1908068, 771.189991
1701423699281, 2023-12-01T09:41:39.281Z, 999.3843514, 784.3148858
1701423699296, 2023-12-01T09:41:39.296Z, 1010.5230975999999, 798.1506652
1701423699312, 2023-12-01T09:41:39.312Z, 1021.3094877999999, 809.6117488
1701423699328, 2023-12-01T09:41:39.328Z, 1021.1664726000001, 815.0209456
1701423699344, 2023-12-01T09:41:39.344Z, 1012.9532972000001, 812.7826008
1701423699531, 2023-12-01T09:41:39.531Z, 1013.0979084, 800.2130811999999
1701423699551, 2023-12-01T09:41:39.551Z, 1002.8308473999999, 789.4280962
1701423699563, 2023-12-01T09:41:39.563Z, 998.3525821999999, 781.1020178000001
1701423699579, 2023-12-01T09:41:39.579Z, 1005.3468322000001, 774.9252807999999
1701423699593, 2023-12-01T09:41:39.593Z, 1009.9584689999999, 770.7070625999999
1701423699628, 2023-12-01T09:41:39.628Z, 1005.032168, 776.2762554
1701423699641, 2023-12-01T09:41:39.641Z, 1009.1820267999999, 780.796258
1701423699695, 2023-12-01T09:41:39.695Z, 1006.6711284, 786.7218416
1701423699712, 2023-12-01T09:41:39.712Z, 1007.8853548, 788.1839276000001
1701423699721, 2023-12-01T09:41:39.721Z, 1011.9824935999999, 788.9786345999999
1701423699740, 2023-12-01T09:41:39.740Z, 1021.5681212, 786.7435752
1701423699750, 2023-12-01T09:41:39.750Z, 1032.888938, 783.7491012
1701423699787, 2023-12-01T09:41:39.787Z, 1045.7353546, 779.307933
1701423699798, 2023-12-01T09:41:39.798Z, 1049.1490796, 784.6650734
1701423699817, 2023-12-01T09:41:39.817Z, 1047.9495419999998, 787.481493
1701423699857, 2023-12-01T09:41:39.857Z, 1037.1449068, 787.5551286
1701423699887, 2023-12-01T09:41:39.887Z, 1030.7448107999999, 787.8059000000001
1701423699895, 2023-12-01T09:41:39.895Z, 1023.6272757999999, 785.2577034
1701423699909, 2023-12-01T09:41:39.909Z, 1019.7727406, 773.820067
1701423699939, 2023-12-01T09:41:39.939Z, 1021.7839464000001, 764.4621658
1701423699974, 2023-12-01T09:41:39.974Z, 1027.4888124, 761.0471782000001
1701423699984, 2023-12-01T09:41:39.984Z, 1029.1435038, 755.6745082
1701423700009, 2023-12-01T09:41:40.009Z, 1028.1462124, 759.6398796
1701423700032, 2023-12-01T09:41:40.032Z, 1026.5684524, 766.6469397999999
1701423700055, 2023-12-01T09:41:40.055Z, 1022.9853730000001, 774.933404
1701423700112, 2023-12-01T09:41:40.112Z, 1019.625036, 779.9262105999999
1701423700112, 2023-12-01T09:41:40.112Z, 1013.6100587999999, 783.0919623999999
1701423700134, 2023-12-01T09:41:40.134Z, 1008.927298, 778.5630457999999
1701423700182, 2023-12-01T09:41:40.182Z, 1008.5054462, 774.8112424
1701423700189, 2023-12-01T09:41:40.189Z, 1012.4740010000002, 771.8699428
1701423700202, 2023-12-01T09:41:40.202Z, 1018.4472828, 770.9086758000001
1701423700240, 2023-12-01T09:41:40.240Z, 1029.0133532, 774.3823456
1701423700277, 2023-12-01T09:41:40.277Z, 1042.1900516, 779.7334858
1701423700327, 2023-12-01T09:41:40.327Z, 1049.9454538, 785.229925
1701423700351, 2023-12-01T09:41:40.351Z, 1054.4773968000002, 787.6802102
1701423700444, 2023-12-01T09:41:40.444Z, 1059.4656786, 787.2297182
1701423700505, 2023-12-01T09:41:40.505Z, 1064.043889, 783.7736556000001
1701423700525, 2023-12-01T09:41:40.525Z, 1067.356178, 778.0858096
1701423700555, 2023-12-01T09:41:40.555Z, 1071.2047496, 774.0077530000001
1701423700555, 2023-12-01T09:41:40.555Z, 1078.5774812, 771.1283106000001
1701423700558, 2023-12-01T09:41:40.558Z, 1073.3482152000001, 769.6592582
1701423700584, 2023-12-01T09:41:40.584Z, 1068.5615448, 770.0697700000001
1701423700612, 2023-12-01T09:41:40.612Z, 1070.0581883999998, 776.692891
1701423700651, 2023-12-01T09:41:40.651Z, 1083.0433444, 786.1171606
1701423700661, 2023-12-01T09:41:40.661Z, 1095.4227641999998, 799.4003058000001
1701423700688, 2023-12-01T09:41:40.688Z, 1119.7302499999998, 812.2928939999999
1701423700696, 2023-12-01T09:41:40.696Z, 1140.8859217999998, 822.6022274
1701423700713, 2023-12-01T09:41:40.713Z, 1156.4059272, 827.4816594
1701423700736, 2023-12-01T09:41:40.736Z, 1163.379772, 831.4456640000001
1701423700768, 2023-12-01T09:41:40.768Z, 1171.3379174, 836.0630391999999
1701423700798, 2023-12-01T09:41:40.798Z, 1214.1628734, 841.7858333999999
1701423701229, 2023-12-01T09:41:41.229Z, 1270.5998762000002, 857.998061
1701423701249, 2023-12-01T09:41:41.249Z, 1269.5176698, 854.9743036
1701423701257, 2023-12-01T09:41:41.257Z, 1266.4360840000002, 853.7334226
1701423701273, 2023-12-01T09:41:41.273Z, 1258.5411918, 847.7338484000002
1701423701288, 2023-12-01T09:41:41.288Z, 1214.9878826, 840.846851
1701423701313, 2023-12-01T09:41:41.313Z, 1156.5273308, 827.3194943999999
1701423701352, 2023-12-01T09:41:41.352Z, 1157.3289266000002, 833.73102
1701423701375, 2023-12-01T09:41:41.375Z, 1175.3648388, 839.500873
1701423701409, 2023-12-01T09:41:41.409Z, 1202.9645744000002, 847.5308046
1701423701432, 2023-12-01T09:41:41.432Z, 1230.5098664000002, 855.956813