1701423588857, 2023-12-01T09:39:48.857Z, 309.005043, 361.523555
1701423588873, 2023-12-01T09:39:48.873Z, 332.6731585, 369.09995849999996
1701423588935, 2023-12-01T09:39:48.935Z, 343.3358533333333, 389.056012
1701423589018, 2023-12-01T09:39:49.018Z, 339.9220585, 414.65982525000004
1701423589036, 2023-12-01T09:39:49.036Z, 345.03774880000003, 429.33535040000004
1701423589116, 2023-12-01T09:39:49.116Z, 374.25975220000004, 453.7441594
1701423589801, 2023-12-01T09:39:49.801Z, 433.6100132, 474.4870436
1701423589846, 2023-12-01T09:39:49.846Z, 489.58101400000004, 477.49881000000005
1701423589887, 2023-12-01T09:39:49.887Z, 552.5481286, 468.0099472
1701423589909, 2023-12-01T09:39:49.909Z, 562.6162854, 462.9135608
1701423589926, 2023-12-01T09:39:49.926Z, 551.5576518, 487.1432804
1701423589941, 2023-12-01T09:39:49.941Z, 484.7630336, 494.2820290000001
1701423589990, 2023-12-01T09:39:49.990Z, 426.1514662000001, 505.26237499999996
1701423589998, 2023-12-01T09:39:49.998Z, 372.84283020000004, 511.2912308
1701423590007, 2023-12-01T09:39:50.007Z, 373.050233, 511.27451920000004
1701423590088, 2023-12-01T09:39:50.088Z, 441.73967759999994, 487.580306
1701423590128, 2023-12-01T09:39:50.128Z, 528.2603312, 481.843779
1701423590184, 2023-12-01T09:39:50.184Z, 606.1793942, 482.378556
1701423590196, 2023-12-01T09:39:50.196Z, 679.4154844000001, 487.0396468
1701423590205, 2023-12-01T09:39:50.205Z, 743.4143707999999, 495.54230100000007
1701423590293, 2023-12-01T09:39:50.293Z, 738.5034357999999, 496.132276
1701423590382, 2023-12-01T09:39:50.382Z, 647.2235017999999, 489.4727016
1701423590389, 2023-12-01T09:39:50.389Z, 573.4708913999999, 479.3386162
1701423590396, 2023-12-01T09:39:50.396Z, 496.9229726, 469.37573740000005
1701423590404, 2023-12-01T09:39:50.404Z, 438.8824222, 458.0715462
1701423590428, 2023-12-01T09:39:50.428Z, 389.3658258, 457.318577
1701423590435, 2023-12-01T09:39:50.435Z, 443.0258038, 469.32492220000006
1701423590452, 2023-12-01T09:39:50.452Z, 479.0890838, 482.453362
1701423590576, 2023-12-01T09:39:50.576Z, 560.4018538, 500.39253859999997
1701423590587, 2023-12-01T09:39:50.587Z, 648.2124160000001, 501.5986388
1701423590593, 2023-12-01T09:39:50.593Z, 728.598873, 497.7796166
1701423590681, 2023-12-01T09:39:50.681Z, 788.8533246000001, 489.76910699999996
1701423590732, 2023-12-01T09:39:50.732Z, 846.4242026, 483.78920020000004
1701423590747, 2023-12-01T09:39:50.747Z, 865.9991844, 474.48487020000005
1701423590810, 2023-12-01T09:39:50.810Z, 816.2400006, 458.36898540000004
1701423590842, 2023-12-01T09:39:50.842Z, 764.9083453999999, 456.05382760000003
1701423590857, 2023-12-01T09:39:50.857Z, 714.456691, 459.03452980000003
1701423590875, 2023-12-01T09:39:50.875Z, 665.3616178, 456.7639878
1701423590888, 2023-12-01T09:39:50.888Z, 612.657332, 455.05521200000004
1701423590966, 2023-12-01T09:39:50.966Z, 647.7207138, 473.1187616
1701423590993, 2023-12-01T09:39:50.993Z, 708.2030339999999, 473.59027940000004
1701423591030, 2023-12-01T09:39:51.030Z, 758.9030809999999, 466.1350672
1701423591068, 2023-12-01T09:39:51.068Z, 776.4161733999999, 463.38565579999994
1701423591127, 2023-12-01T09:39:51.127Z, 752.6587274, 458.1987234
1701423591154, 2023-12-01T09:39:51.154Z, 663.5057159999999, 458.55475800000005
1701423591234, 2023-12-01T09:39:51.234Z, 553.441571, 455.79180019999995
1701423591250, 2023-12-01T09:39:51.250Z, 453.33130200000005, 453.6083122
1701423591298, 2023-12-01T09:39:51.298Z, 385.3520932, 447.27466699999997
1701423591315, 2023-12-01T09:39:51.315Z, 359.744004, 443.2043808
1701423591327, 2023-12-01T09:39:51.327Z, 353.1025878, 435.17862619999994
1701423591342, 2023-12-01T09:39:51.342Z, 344.4895118, 433.0361196
1701423591440, 2023-12-01T09:39:51.440Z, 338.97029299999997, 440.8659356
1701423591476, 2023-12-01T09:39:51.476Z, 349.49415600000003, 451.2052292
1701423591498, 2023-12-01T09:39:51.498Z, 375.489062, 461.57291960000003
1701423592164, 2023-12-01T09:39:52.164Z, 359.0118736, 479.35928540000003
1701423592184, 2023-12-01T09:39:52.184Z, 320.707093, 484.16629240000003
1701423592645, 2023-12-01T09:39:52.645Z, 367.7540568, 494.2755458
1701423592668, 2023-12-01T09:39:52.668Z, 365.78408759999996, 507.2859794
1701423592679, 2023-12-01T09:39:52.679Z, 304.25388259999994, 508.9647566
1701423592722, 2023-12-01T09:39:52.722Z, 296.7182764, 514.293523
1701423592729, 2023-12-01T09:39:52.729Z, 307.18813859999995, 533.5903178000001
1701423592746, 2023-12-01T09:39:52.746Z, 237.5162788, 544.0817593999999
1701423592788, 2023-12-01T09:39:52.788Z, 203.39196880000003, 553.4913468
1701423592807, 2023-12-01T09:39:52.807Z, 217.9492554, 576.0266462
1701423592826, 2023-12-01T09:39:52.826Z, 226.3058916, 589.4760704
1701423592860, 2023-12-01T09:39:52.860Z, 235.2669124, 598.9330656
1701423592906, 2023-12-01T09:39:52.906Z, 251.05325700000003, 608.3418184
1701423593311, 2023-12-01T09:39:53.311Z, 211.6036662, 593.6064557999999
1701423593345, 2023-12-01T09:39:53.345Z, 166.4254214, 573.8524101999999
1701423593372, 2023-12-01T09:39:53.372Z, 120.20015459999999, 554.1712647999999
1701423593387, 2023-12-01T09:39:53.387Z, 75.4915346, 541.0907442
1701423593506, 2023-12-01T09:39:53.506Z, 14.5926766, 508.66277460000003
1701423593514, 2023-12-01T09:39:53.514Z, 11.343775599999999, 498.404095
1701423593537, 2023-12-01T09:39:53.537Z, 42.4634768, 503.25125280000003
1701423593578, 2023-12-01T09:39:53.578Z, 106.70653039999999, 514.5899126
1701423593612, 2023-12-01T09:39:53.612Z, 167.6672254, 520.6270012
1701423593612, 2023-12-01T09:39:53.612Z, 234.66658040000002, 538.767478
1701423593623, 2023-12-01T09:39:53.623Z, 300.0421539999999, 556.3146846
1701423593670, 2023-12-01T09:39:53.670Z, 322.9688948, 560.9554880000001
1701423593687, 2023-12-01T09:39:53.687Z, 314.129638, 555.3492924
1701423593739, 2023-12-01T09:39:53.739Z, 311.93129280000005, 550.8720812
1701423593758, 2023-12-01T09:39:53.758Z, 305.352533, 547.8389304
1701423593782, 2023-12-01T09:39:53.782Z, 284.3096858, 550.9479702
1701423593801, 2023-12-01T09:39:53.801Z, 267.0128448, 542.2965288
1701423593825, 2023-12-01T09:39:53.825Z, 229.50683519999998, 512.7756638
1701423593865, 2023-12-01T09:39:53.865Z, 178.6567002, 463.2042174
1701423593875, 2023-12-01T09:39:53.875Z, 128.1995844, 412.3248116
1701423593887, 2023-12-01T09:39:53.887Z, 93.0341956, 356.4213002
1701423593961, 2023-12-01T09:39:53.961Z, 70.51384820000001, 311.695916
1701423593975, 2023-12-01T09:39:53.975Z, 75.7828988, 293.493535
1701423594045, 2023-12-01T09:39:54.045Z, 125.74518440000001, 299.5100016
1701423594073, 2023-12-01T09:39:54.073Z, 183.6494228, 307.789979
1701423594098, 2023-12-01T09:39:54.098Z, 245.8265586, 317.46163379999996
1701423594130, 2023-12-01T09:39:54.130Z, 294.28025679999996, 344.7658568
1701423594141, 2023-12-01T09:39:54.141Z, 338.99906419999996, 362.7571524
1701423594161, 2023-12-01T09:39:54.161Z, 348.82113899999996, 376.6511486
1701423594200, 2023-12-01T09:39:54.200Z, 349.4964182, 384.1473806
1701423594206, 2023-12-01T09:39:54.206Z, 355.7502624, 377.1653018
1701423594230, 2023-12-01T09:39:54.230Z, 362.8991056, 348.5366594
1701423594247, 2023-12-01T09:39:54.247Z, 359.40122299999996, 326.5111062
1701423594263, 2023-12-01T09:39:54.263Z, 358.13568580000003, 303.371967
1701423594272, 2023-12-01T09:39:54.272Z, 359.2071858, 289.96446219999996
1701423594277, 2023-12-01T09:39:54.277Z, 349.7313044, 288.476617
1701423594311, 2023-12-01T09:39:54.311Z, 342.733084, 290.2099032
1701423594327, 2023-12-01T09:39:54.327Z, 341.02389600000004, 293.04628199999996
1701423594341, 2023-12-01T09:39:54.341Z, 335.92121000000003, 298.7525852
1701423594370, 2023-12-01T09:39:54.370Z, 326.1507232, 300.697658
1701423594483, 2023-12-01T09:39:54.483Z, 317.59719000000007, 304.1101482
1701423594518, 2023-12-01T09:39:54.518Z, 305.6835774, 312.71303179999995
1701423594527, 2023-12-01T09:39:54.527Z, 338.21875539999996, 334.1299886
1701423594555, 2023-12-01T09:39:54.555Z, 392.8353986, 349.1829522
1701423594628, 2023-12-01T09:39:54.628Z, 596.1382209999999, 365.35504900000007
1701423594669, 2023-12-01T09:39:54.669Z, 797.984691, 378.2043596
1701423594711, 2023-12-01T09:39:54.711Z, 1011.2039394, 378.008186
1701423594723, 2023-12-01T09:39:54.723Z, 1184.480275, 364.603931
1701423594754, 2023-12-01T09:39:54.754Z, 1340.7982413999998, 353.71825060000003
1701423594770, 2023-12-01T09:39:54.770Z, 1351.412474, 342.63720320000004
1701423594835, 2023-12-01T09:39:54.835Z, 1365.4088351999999, 337.3986816
1701423594851, 2023-12-01T09:39:54.851Z, 1370.7549629999999, 339.0864294
1701423594886, 2023-12-01T09:39:54.886Z, 1370.8261154, 344.1595138
1701423594894, 2023-12-01T09:39:54.894Z, 1372.0653058, 349.11967519999996
1701423594925, 2023-12-01T09:39:54.925Z, 1366.0479016, 352.2299358
1701423594942, 2023-12-01T09:39:54.942Z, 1352.4750757999998, 349.61145179999994
1701423594970, 2023-12-01T09:39:54.970Z, 1321.4665866, 345.50514719999995
1701423594989, 2023-12-01T09:39:54.989Z, 1291.1880838, 337.1511544
1701423595019, 2023-12-01T09:39:55.019Z, 1257.3261183999998, 329.287866
1701423595036, 2023-12-01T09:39:55.036Z, 1249.7183949999999, 324.9530584
1701423595068, 2023-12-01T09:39:55.068Z, 1256.6615452, 321.71574880000003
1701423595084, 2023-12-01T09:39:55.084Z, 1289.4797661999999, 325.1953652
1701423595117, 2023-12-01T09:39:55.117Z, 1317.9968142000002, 326.3475376
1701423595147, 2023-12-01T09:39:55.147Z, 1346.5544726, 334.1138144
1701423595163, 2023-12-01T09:39:55.163Z, 1360.0383080000001, 337.6774626
1701423595194, 2023-12-01T09:39:55.194Z, 1359.8128530000001, 331.8010892
1701423595210, 2023-12-01T09:39:55.210Z, 1358.0171654, 323.64815179999994
1701423595241, 2023-12-01T09:39:55.241Z, 1359.917271, 323.7060404
1701423595290, 2023-12-01T09:39:55.290Z, 1359.1374885999999, 320.327263
1701423595305, 2023-12-01T09:39:55.305Z, 1356.0133634000001, 317.4552348
1701423595336, 2023-12-01T09:39:55.336Z, 1354.5430254, 324.4179334
1701423595352, 2023-12-01T09:39:55.352Z, 1363.2169898, 328.75568400000003
1701423595383, 2023-12-01T09:39:55.383Z, 1361.9541726, 329.95000200000004
1701423595398, 2023-12-01T09:39:55.398Z, 1368.7626882000002, 330.22586739999997
1701423595417, 2023-12-01T09:39:55.417Z, 1370.8586074, 333.1653224
1701423595430, 2023-12-01T09:39:55.430Z, 1383.4395124, 335.8289428
1701423595461, 2023-12-01T09:39:55.461Z, 1374.4919676000002, 340.5311272
1701423595480, 2023-12-01T09:39:55.480Z, 1368.6108302, 344.6444706
1701423595508, 2023-12-01T09:39:55.508Z, 1358.8739741999998, 347.5297984
1701423595533, 2023-12-01T09:39:55.533Z, 1352.1930295999998, 348.2735576
1701423595577, 2023-12-01T09:39:55.577Z, 1347.5113256, 350.8764296
1701423595601, 2023-12-01T09:39:55.601Z, 1350.7678348000002, 351.280398
1701423595617, 2023-12-01T09:39:55.617Z, 1356.9608276000001, 347.91960739999996
1701423595649, 2023-12-01T09:39:55.649Z, 1362.7445942, 343.2377488
1701423595663, 2023-12-01T09:39:55.663Z, 1375.5267772000002, 339.7232744
1701423595696, 2023-12-01T09:39:55.696Z, 1384.8671458000001, 335.79841960000005
1701423595747, 2023-12-01T09:39:55.747Z, 1387.41607, 335.2641696
1701423595760, 2023-12-01T09:39:55.760Z, 1383.7360584000003, 340.1868068
1701423595776, 2023-12-01T09:39:55.776Z, 1375.3390232, 340.72509379999997
1701423595806, 2023-12-01T09:39:55.806Z, 1374.1649413999999, 339.49799219999994
1701423595821, 2023-12-01T09:39:55.821Z, 1358.744355, 335.00871739999997
1701423595838, 2023-12-01T09:39:55.838Z, 1354.4682426, 329.51065120000004
1701423595884, 2023-12-01T09:39:55.884Z, 1356.9629842, 320.1829174
1701423595916, 2023-12-01T09:39:55.916Z, 1393.269459, 310.4746586
1701423595934, 2023-12-01T09:39:55.934Z, 1424.9797956, 296.4975244
1701423595963, 2023-12-01T09:39:55.963Z, 1457.6489346, 289.6784814
1701423595978, 2023-12-01T09:39:55.978Z, 1455.5091618000001, 283.083598
1701423596015, 2023-12-01T09:39:56.015Z, 1452.9676074, 287.33600659999996
1701423596056, 2023-12-01T09:39:56.056Z, 1390.97207, 296.99556099999995
1701423596073, 2023-12-01T09:39:56.073Z, 1321.6784219999997, 308.80892479999994
1701423596106, 2023-12-01T09:39:56.106Z, 1258.6080468, 316.51110320000004
1701423596123, 2023-12-01T09:39:56.123Z, 1222.6256546, 323.8372602
1701423596155, 2023-12-01T09:39:56.155Z, 1188.3829054, 317.442916
1701423596168, 2023-12-01T09:39:56.168Z, 1184.1025359999999, 310.59928279999997
1701423596184, 2023-12-01T09:39:56.184Z, 1166.2525638, 296.3858746
1701423596200, 2023-12-01T09:39:56.200Z, 1152.8542691999999, 285.90702880000003
1701423596231, 2023-12-01T09:39:56.231Z, 1139.8339732, 274.70874319999996
1701423596246, 2023-12-01T09:39:56.246Z, 1138.8271568, 278.32919180000005
1701423596278, 2023-12-01T09:39:56.278Z, 1138.8049287999997, 282.9541466
1701423596293, 2023-12-01T09:39:56.293Z, 1150.3618116, 297.6446486
1701423596325, 2023-12-01T09:39:56.325Z, 1159.0002863999998, 308.03616519999997
1701423596341, 2023-12-01T09:39:56.341Z, 1168.5377456, 319.647928
1701423596357, 2023-12-01T09:39:56.357Z, 1167.527868, 320.73108779999995
1701423596373, 2023-12-01T09:39:56.373Z, 1166.1938335999998, 321.712447
1701423596389, 2023-12-01T09:39:56.389Z, 1164.6508674, 321.9349158
1701423596420, 2023-12-01T09:39:56.420Z, 1177.9752782, 328.6061856
1701423596437, 2023-12-01T09:39:56.437Z, 1184.2265474, 332.1692994
1701423596470, 2023-12-01T09:39:56.470Z, 1219.8384544, 346.26009
1701423596500, 2023-12-01T09:39:56.500Z, 1274.4101686, 368.5357792
1701423596516, 2023-12-01T09:39:56.516Z, 1329.577058, 391.21205640000005
1701423596529, 2023-12-01T09:39:56.529Z, 1369.4198902, 407.7396688
1701423596547, 2023-12-01T09:39:56.547Z, 1399.6598156, 421.82758720000004
1701423596563, 2023-12-01T09:39:56.563Z, 1404.7335102000002, 427.09103999999996
1701423596585, 2023-12-01T09:39:56.585Z, 1383.7579654, 426.1687932
1701423596593, 2023-12-01T09:39:56.593Z, 1363.7190050000002, 426.4370964
1701423596639, 2023-12-01T09:39:56.639Z, 1346.7130064, 429.11292139999995
1701423596654, 2023-12-01T09:39:56.654Z, 1350.9085218, 439.0214326
1701423596686, 2023-12-01T09:39:56.686Z, 1358.8511913999998, 450.0209184
1701423596719, 2023-12-01T09:39:56.719Z, 1376.1616232000001, 457.6175182
1701423596762, 2023-12-01T09:39:56.762Z, 1390.3874766000001, 464.4185244
1701423596774, 2023-12-01T09:39:56.774Z, 1395.7451612, 463.06820260000006
1701423596789, 2023-12-01T09:39:56.789Z, 1402.5927076000003, 458.7194858
1701423596823, 2023-12-01T09:39:56.823Z, 1406.2937960000002, 451.17542940000004
1701423596845, 2023-12-01T09:39:56.845Z, 1414.029929, 447.6307346
1701423596858, 2023-12-01T09:39:56.858Z, 1423.6617546000002, 445.67049180000004
1701423596871, 2023-12-01T09:39:56.871Z, 1439.1314659999998, 449.7644824
1701423596888, 2023-12-01T09:39:56.888Z, 1440.6032042, 457.7583856
1701423596925, 2023-12-01T09:39:56.925Z, 1432.6652992, 464.10153019999996
1701423596942, 2023-12-01T09:39:56.942Z, 1422.209865, 467.04715559999994
1701423596954, 2023-12-01T09:39:56.954Z, 1412.0256244, 463.75735960000003
1701423596972, 2023-12-01T09:39:56.972Z, 1401.0075902, 460.916612
1701423596990, 2023-12-01T09:39:56.990Z, 1399.0965402, 455.848456
1701423597001, 2023-12-01T09:39:57.001Z, 1405.8221576, 453.04600339999996
1701423597017, 2023-12-01T09:39:57.017Z, 1399.1451234, 453.983209
1701423597041, 2023-12-01T09:39:57.041Z, 1393.7345946, 458.67797980000006
1701423597054, 2023-12-01T09:39:57.054Z, 1393.1562761999999, 466.037794
1701423597112, 2023-12-01T09:39:57.112Z, 1390.6741168, 472.5439472
1701423597140, 2023-12-01T09:39:57.140Z, 1384.3456211999999, 482.1193636
1701423597171, 2023-12-01T09:39:57.171Z, 1381.7025973999998, 486.248495
1701423597204, 2023-12-01T09:39:57.204Z, 1384.2731663999998, 495.0452048
1701423597228, 2023-12-01T09:39:57.228Z, 1381.2380696, 501.91344979999997
1701423597256, 2023-12-01T09:39:57.256Z, 1378.6831564, 508.6561389999999
1701423597283, 2023-12-01T09:39:57.283Z, 1380.6139511999997, 506.439172
1701423597301, 2023-12-01T09:39:57.301Z, 1386.473034, 507.028269
1701423597306, 2023-12-01T09:39:57.306Z, 1374.8375752, 502.4468522
1701423597311, 2023-12-01T09:39:57.311Z, 1364.7497046, 496.1668992
1701423597325, 2023-12-01T09:39:57.325Z, 1356.3839796, 486.94399539999995
1701423597340, 2023-12-01T09:39:57.340Z, 1344.1746408, 483.16269300000005
1701423597345, 2023-12-01T09:39:57.345Z, 1334.4228339999997, 480.433579
1701423597350, 2023-12-01T09:39:57.350Z, 1335.8381372, 479.9479542
1701423597382, 2023-12-01T09:39:57.382Z, 1338.0430614000002, 479.9678632
1701423597403, 2023-12-01T09:39:57.403Z, 1333.7927338, 485.50708160000005
1701423597413, 2023-12-01T09:39:57.413Z, 1343.1947708000002, 489.0252804
1701423597428, 2023-12-01T09:39:57.428Z, 1351.8392834, 491.1315412
1701423597445, 2023-12-01T09:39:57.445Z, 1362.7241534, 485.70732340000006
1701423597468, 2023-12-01T09:39:57.468Z, 1372.5656874000001, 480.8021428
1701423597476, 2023-12-01T09:39:57.476Z, 1386.531957, 472.7619866
1701423597491, 2023-12-01T09:39:57.491Z, 1385.4043678000003, 465.47074039999995
1701423597539, 2023-12-01T09:39:57.539Z, 1399.7794506, 465.56774079999997
1701423597554, 2023-12-01T09:39:57.554Z, 1423.1836936, 471.21726880000006
1701423597572, 2023-12-01T09:39:57.572Z, 1458.0436118, 477.0935234
1701423597584, 2023-12-01T09:39:57.584Z, 1513.2535312, 484.5195074
1701423597600, 2023-12-01T09:39:57.600Z, 1562.340354, 491.11816740000006
1701423597616, 2023-12-01T09:39:57.616Z, 1611.3551916000001, 488.1717632
1701423597633, 2023-12-01T09:39:57.633Z, 1643.1606102, 491.8102238
1701423597647, 2023-12-01T09:39:57.647Z, 1664.194739, 495.01152940000003
1701423597669, 2023-12-01T09:39:57.669Z, 1661.0076922, 497.653157
1701423597699, 2023-12-01T09:39:57.699Z, 1671.3610608, 500.11841160000006
1701423597709, 2023-12-01T09:39:57.709Z, 1687.5541506000002, 501.0430018
1701423597726, 2023-12-01T09:39:57.726Z, 1701.2915822, 498.33437540000006
1701423597742, 2023-12-01T09:39:57.742Z, 1712.5770734000002, 496.9311409999999
1701423597776, 2023-12-01T09:39:57.776Z, 1727.9461191999999, 495.39937519999995
1701423597790, 2023-12-01T09:39:57.790Z, 1741.7829616, 497.10509199999996
1701423597824, 2023-12-01T09:39:57.824Z, 1731.0286625999997, 505.37571959999997
1701423597854, 2023-12-01T09:39:57.854Z, 1719.221435, 510.33538580000004
1701423597869, 2023-12-01T09:39:57.869Z, 1716.0859666000001, 512.2880044
1701423597899, 2023-12-01T09:39:57.899Z, 1704.8062508000003, 516.2269291999999
1701423597917, 2023-12-01T09:39:57.917Z, 1698.1301687999999, 517.1179613999999
1701423597947, 2023-12-01T09:39:57.947Z, 1691.6698239999998, 516.8606649999999
1701423597995, 2023-12-01T09:39:57.995Z, 1691.673662, 518.1739648
1701423598009, 2023-12-01T09:39:58.009Z, 1688.5651572, 518.3774209999999
1701423598041, 2023-12-01T09:39:58.041Z, 1707.4892673999998, 513.374693
1701423598075, 2023-12-01T09:39:58.075Z, 1684.5971054000001, 522.0820550000001
1701423598105, 2023-12-01T09:39:58.105Z, 1638.8399138, 537.17722
1701423598136, 2023-12-01T09:39:58.136Z, 1570.4407598, 559.4622238
1701423598151, 2023-12-01T09:39:58.151Z, 1501.4841066000001, 586.1760770000001
1701423598169, 2023-12-01T09:39:58.169Z, 1419.8743762, 616.5323880000001
1701423598186, 2023-12-01T09:39:58.186Z, 1362.8446876, 638.4574182
1701423598198, 2023-12-01T09:39:58.198Z, 1330.721905, 652.4261478000001
1701423598212, 2023-12-01T09:39:58.212Z, 1322.9953724000002, 659.168248
1701423598230, 2023-12-01T09:39:58.230Z, 1312.002621, 663.755087
1701423598274, 2023-12-01T09:39:58.274Z, 1304.0198784, 671.360783
1701423598306, 2023-12-01T09:39:58.306Z, 1307.3327204000002, 677.2777169999999
1701423598321, 2023-12-01T09:39:58.321Z, 1311.8914639999998, 682.6272816000001
1701423598352, 2023-12-01T09:39:58.352Z, 1308.653229, 685.569809
1701423598369, 2023-12-01T09:39:58.369Z, 1308.6481594000002, 688.0908569999999
1701423598402, 2023-12-01T09:39:58.402Z, 1303.9490197999999, 685.6661217999999
1701423598433, 2023-12-01T09:39:58.433Z, 1292.3131618, 677.0744754
1701423598451, 2023-12-01T09:39:58.451Z, 1281.0411339999998, 672.3248542000001
1701423598478, 2023-12-01T09:39:58.478Z, 1273.8717490000001, 671.6147274
1701423598498, 2023-12-01T09:39:58.498Z, 1262.6544364000001, 672.151473
1701423598510, 2023-12-01T09:39:58.510Z, 1253.3325926000002, 674.6062668000001
1701423598527, 2023-12-01T09:39:58.527Z, 1248.4802658, 682.431792
1701423598541, 2023-12-01T09:39:58.541Z, 1242.7885364, 689.5859826000001
1701423598568, 2023-12-01T09:39:58.568Z, 1241.6475564, 694.7844094
1701423598593, 2023-12-01T09:39:58.593Z, 1242.366333, 698.152888
1701423598605, 2023-12-01T09:39:58.605Z, 1241.3454496, 701.0616511999999
1701423598624, 2023-12-01T09:39:58.624Z, 1237.5836168, 703.7929484
1701423598638, 2023-12-01T09:39:58.638Z, 1228.0201148, 708.2192222000001
1701423598652, 2023-12-01T09:39:58.652Z, 1216.2739268, 714.1770826
1701423598671, 2023-12-01T09:39:58.671Z, 1207.4787036, 720.0898943999999
1701423598685, 2023-12-01T09:39:58.685Z, 1195.691148, 726.7907304
1701423598701, 2023-12-01T09:39:58.701Z, 1187.8801794, 732.1413368000001
1701423598717, 2023-12-01T09:39:58.717Z, 1190.1582026, 730.9622740000001
1701423598731, 2023-12-01T09:39:58.731Z, 1202.7688726000001, 723.5683418000001
1701423598748, 2023-12-01T09:39:58.748Z, 1206.6193862, 713.8544284
1701423598763, 2023-12-01T09:39:58.763Z, 1214.3913384, 698.937193
1701423598779, 2023-12-01T09:39:58.779Z, 1227.5195076, 680.2743628000001
1701423598797, 2023-12-01T09:39:58.797Z, 1237.3242264, 663.0211668000001
1701423598817, 2023-12-01T09:39:58.817Z, 1234.6036442, 651.529205
1701423598826, 2023-12-01T09:39:58.826Z, 1234.0524148, 642.633742
1701423598841, 2023-12-01T09:39:58.841Z, 1228.1253929999998, 635.8892828
1701423598874, 2023-12-01T09:39:58.874Z, 1212.2601246, 635.5690918
1701423598888, 2023-12-01T09:39:58.888Z, 1194.2090168, 637.7827591999999
1701423598904, 2023-12-01T09:39:58.904Z, 1181.5007736, 637.2800692
1701423598920, 2023-12-01T09:39:58.920Z, 1157.796021, 637.0914908
1701423598941, 2023-12-01T09:39:58.941Z, 1140.5729938, 640.7679903999999
1701423598953, 2023-12-01T09:39:58.953Z, 1122.953125, 640.2144758
1701423598968, 2023-12-01T09:39:58.968Z, 1115.2269376, 639.5397725999999
1701423598984, 2023-12-01T09:39:58.984Z, 1106.7793728, 640.8714098
1701423599001, 2023-12-01T09:39:59.001Z, 1110.3649381999999, 641.7986355999999
1701423599017, 2023-12-01T09:39:59.017Z, 1121.984742, 643.1725862
1701423599031, 2023-12-01T09:39:59.031Z, 1136.0868514000001, 646.6989925999999
1701423599046, 2023-12-01T09:39:59.046Z, 1141.6195914, 647.1714924
1701423599062, 2023-12-01T09:39:59.062Z, 1139.710586, 644.0517550000001
1701423599077, 2023-12-01T09:39:59.077Z, 1137.8457687999999, 640.8473994
1701423599094, 2023-12-01T09:39:59.094Z, 1128.2117556, 635.944197
1701423599108, 2023-12-01T09:39:59.108Z, 1126.7146594, 633.0723290000001
1701423599125, 2023-12-01T09:39:59.125Z, 1131.7426614, 633.2955479999999
1701423599140, 2023-12-01T09:39:59.140Z, 1149.1855101999997, 638.2372760000001
1701423599166, 2023-12-01T09:39:59.166Z, 1185.3335584000001, 638.5644284
1701423599188, 2023-12-01T09:39:59.188Z, 1219.310426, 638.5707178
1701423599204, 2023-12-01T09:39:59.204Z, 1245.1214822, 637.0961416
1701423599220, 2023-12-01T09:39:59.220Z, 1265.3948724, 633.8016316
1701423599235, 2023-12-01T09:39:59.235Z, 1281.674381, 628.6111576
1701423599251, 2023-12-01T09:39:59.251Z, 1272.7061662, 629.9584881999999
1701423599266, 2023-12-01T09:39:59.266Z, 1264.3894998, 630.0249114000001
1701423599282, 2023-12-01T09:39:59.282Z, 1262.4852614, 629.7935864000001
1701423599298, 2023-12-01T09:39:59.298Z, 1270.2780086000002, 632.116338
1701423599315, 2023-12-01T09:39:59.315Z, 1268.6767691999999, 633.4164388
1701423599331, 2023-12-01T09:39:59.331Z, 1249.8131016000002, 634.9349537999999
1701423599349, 2023-12-01T09:39:59.349Z, 1230.8102053999999, 638.1461694
1701423599365, 2023-12-01T09:39:59.365Z, 1204.3773022, 640.8911602000001
1701423599395, 2023-12-01T09:39:59.395Z, 1176.6789775999998, 641.8491434
1701423599426, 2023-12-01T09:39:59.426Z, 1157.1305737999999, 643.3704668
1701423599442, 2023-12-01T09:39:59.442Z, 1161.6418776, 643.1747468
1701423599467, 2023-12-01T09:39:59.467Z, 1164.6710818000001, 642.1920904000001
1701423599491, 2023-12-01T09:39:59.491Z, 1170.4140534, 641.083701
1701423599507, 2023-12-01T09:39:59.507Z, 1164.7546568000002, 641.0271706
1701423599522, 2023-12-01T09:39:59.523Z, 1150.6214355999998, 644.2312393999998
1701423599537, 2023-12-01T09:39:59.537Z, 1138.9503009999999, 648.5489966
1701423599552, 2023-12-01T09:39:59.552Z, 1125.6707542, 650.792992
1701423599574, 2023-12-01T09:39:59.574Z, 1112.0015534, 653.9409464
1701423599584, 2023-12-01T09:39:59.584Z, 1101.5026301999999, 656.0930994
1701423599599, 2023-12-01T09:39:59.599Z, 1100.6200742, 653.5698715999999
1701423599632, 2023-12-01T09:39:59.632Z, 1094.3100262, 652.9368666
1701423599647, 2023-12-01T09:39:59.647Z, 1093.5807838, 652.7752916000001
1701423599663, 2023-12-01T09:39:59.663Z, 1092.3689645999998, 648.8191438
1701423599676, 2023-12-01T09:39:59.676Z, 1092.4083004000001, 642.1562328
1701423599691, 2023-12-01T09:39:59.691Z, 1087.1620526, 638.0231312
1701423599708, 2023-12-01T09:39:59.708Z, 1085.2303348, 631.5157722
1701423599722, 2023-12-01T09:39:59.722Z, 1081.0284508, 627.1253694
1701423599738, 2023-12-01T09:39:59.738Z, 1072.7049652, 627.6428082
1701423599765, 2023-12-01T09:39:59.765Z, 1063.8176177999999, 630.2666200000001
1701423599786, 2023-12-01T09:39:59.786Z, 1056.2599764000001, 634.1244072000001
1701423599800, 2023-12-01T09:39:59.800Z, 1051.9220826, 637.26357
1701423599817, 2023-12-01T09:39:59.817Z, 1044.8285956, 638.7962623999999
1701423599833, 2023-12-01T09:39:59.833Z, 1042.813491, 638.4609924
1701423599849, 2023-12-01T09:39:59.849Z, 1039.1458264, 638.2386546
1701423599865, 2023-12-01T09:39:59.865Z, 1040.766711, 637.7275184
1701423599881, 2023-12-01T09:39:59.881Z, 1041.6582471999998, 638.3143996000001
1701423599898, 2023-12-01T09:39:59.898Z, 1044.1219268, 639.629267
1701423599933, 2023-12-01T09:39:59.933Z, 1044.8688378, 641.2282676
1701423599945, 2023-12-01T09:39:59.945Z, 1043.3456256000002, 643.371192
1701423599962, 2023-12-01T09:39:59.962Z, 1037.8253282, 644.6899179999999
1701423599975, 2023-12-01T09:39:59.975Z, 1032.108903, 644.3689870000001
1701423599990, 2023-12-01T09:39:59.990Z, 1030.7555797999999, 643.2138206
1701423600005, 2023-12-01T09:40:00.005Z, 1031.3368704, 641.96667
1701423600042, 2023-12-01T09:40:00.042Z, 1033.9921468, 639.5665317999999
1701423600084, 2023-12-01T09:40:00.084Z, 1037.8053552, 640.5230726
1701423600099, 2023-12-01T09:40:00.099Z, 1045.2789782, 643.6571013999999
1701423600115, 2023-12-01T09:40:00.115Z, 1051.1427632, 647.6066250000001
1701423600131, 2023-12-01T09:40:00.131Z, 1056.4724032, 649.6596681999999
1701423600147, 2023-12-01T09:40:00.147Z, 1062.3684852, 652.0895115999999
1701423600163, 2023-12-01T09:40:00.163Z, 1067.7326734, 651.8299289999999
1701423600180, 2023-12-01T09:40:00.180Z, 1065.1981468, 650.6314866
1701423600193, 2023-12-01T09:40:00.193Z, 1059.306206, 648.345256
1701423600239, 2023-12-01T09:40:00.239Z, 1052.3964297999999, 652.3234898
1701423600255, 2023-12-01T09:40:00.255Z, 1046.8724294, 657.8937822
1701423600271, 2023-12-01T09:40:00.271Z, 1043.3033764000002, 662.6535656
1701423600286, 2023-12-01T09:40:00.287Z, 1044.9997316000001, 673.4134876
1701423600302, 2023-12-01T09:40:00.302Z, 1045.9394334, 685.5633764
1701423600335, 2023-12-01T09:40:00.335Z, 1047.7273367999999, 690.9555852000001
1701423600353, 2023-12-01T09:40:00.353Z, 1048.8304648, 694.3692638
1701423600374, 2023-12-01T09:40:00.374Z, 1046.532772, 697.6627918
1701423600399, 2023-12-01T09:40:00.399Z, 1038.9285958, 694.3172648000001
1701423600413, 2023-12-01T09:40:00.413Z, 1036.1874016000002, 692.3790788
1701423600429, 2023-12-01T09:40:00.429Z, 1031.6505726, 692.1349567999999
1701423600462, 2023-12-01T09:40:00.462Z, 1032.6084698, 687.9980596
1701423600475, 2023-12-01T09:40:00.475Z, 1040.1542454, 685.4414766
1701423600516, 2023-12-01T09:40:00.516Z, 1054.3356526, 688.907202
1701423600553, 2023-12-01T09:40:00.553Z, 1070.7196787999999, 692.6793594
1701423600569, 2023-12-01T09:40:00.569Z, 1091.0002658, 697.2359214
1701423600622, 2023-12-01T09:40:00.622Z, 1113.4153198, 705.4256675999999
1701423600639, 2023-12-01T09:40:00.639Z, 1131.9724714000001, 712.0461382
1701423600668, 2023-12-01T09:40:00.668Z, 1149.8451989999999, 713.1343418
1701423600678, 2023-12-01T09:40:00.678Z, 1160.2800353999999, 710.2751812
1701423600694, 2023-12-01T09:40:00.694Z, 1162.0817039999997, 705.2961016000002
1701423600708, 2023-12-01T09:40:00.708Z, 1161.9440958, 701.2975990000001
1701423600725, 2023-12-01T09:40:00.725Z, 1170.6917462000001, 696.4495529999999
1701423600739, 2023-12-01T09:40:00.739Z, 1170.5669462, 692.4870451999999
1701423600771, 2023-12-01T09:40:00.771Z, 1174.9654344, 694.7414413999999
1701423600787, 2023-12-01T09:40:00.787Z, 1183.6530613999998, 699.7657218
1701423600814, 2023-12-01T09:40:00.814Z, 1184.9108254, 703.4685378
1701423600834, 2023-12-01T09:40:00.834Z, 1186.1054986, 702.321096
1701423600850, 2023-12-01T09:40:00.850Z, 1202.3863264, 701.8355524
1701423600864, 2023-12-01T09:40:00.864Z, 1217.0078858, 696.9088224
1701423600881, 2023-12-01T09:40:00.881Z, 1234.7145004, 691.502835
1701423600897, 2023-12-01T09:40:00.897Z, 1253.1657054, 684.6630200000001
1701423600915, 2023-12-01T09:40:00.915Z, 1263.1553639999997, 684.098667
1701423600929, 2023-12-01T09:40:00.929Z, 1263.6663836, 679.8639502
1701423600944, 2023-12-01T09:40:00.944Z, 1264.5967484, 675.9952585999999
1701423600965, 2023-12-01T09:40:00.965Z, 1270.5753206000002, 667.2684161999999
1701423600991, 2023-12-01T09:40:00.991Z, 1275.1595084, 660.5188655999999
1701423601007, 2023-12-01T09:40:01.007Z, 1275.5830798000002, 654.8081354
1701423601023, 2023-12-01T09:40:01.023Z, 1281.3995054000002, 651.5913222
1701423601040, 2023-12-01T09:40:01.040Z, 1288.8436218000002, 644.5650393999999
1701423601069, 2023-12-01T09:40:01.069Z, 1288.3061672, 639.1348914
1701423601085, 2023-12-01T09:40:01.085Z, 1289.435483, 633.0610366
1701423601113, 2023-12-01T09:40:01.113Z, 1294.6599404, 625.4536803999999
1701423601133, 2023-12-01T09:40:01.133Z, 1290.412921, 615.3722372
1701423601148, 2023-12-01T09:40:01.148Z, 1286.7613636, 609.2788777999999
1701423601163, 2023-12-01T09:40:01.163Z, 1282.8915352, 606.0481229999999
1701423601180, 2023-12-01T09:40:01.180Z, 1261.7596678, 611.4395692
1701423601196, 2023-12-01T09:40:01.196Z, 1240.2600556, 614.2667170000001
1701423601212, 2023-12-01T09:40:01.212Z, 1225.9397872000002, 613.5521328
1701423601229, 2023-12-01T09:40:01.229Z, 1211.1561553999998, 609.3994176
1701423601243, 2023-12-01T09:40:01.243Z, 1195.9882149999999, 607.4894962
1701423601265, 2023-12-01T09:40:01.265Z, 1199.7586741999999, 596.90175
1701423601290, 2023-12-01T09:40:01.290Z, 1203.7684172, 588.9156492
1701423601308, 2023-12-01T09:40:01.308Z, 1216.419993, 587.8789039999999
1701423601590, 2023-12-01T09:40:01.590Z, 1214.5547624, 564.4518983999999
1701423601605, 2023-12-01T09:40:01.605Z, 1239.0650799999999, 545.4198107999999
1701423601638, 2023-12-01T09:40:01.638Z, 1258.6120058, 529.7280573999999
1701423601652, 2023-12-01T09:40:01.652Z, 1275.2856022, 516.0525178
1701423601668, 2023-12-01T09:40:01.668Z, 1277.530717, 510.5183884
1701423601684, 2023-12-01T09:40:01.684Z, 1294.2486688000001, 528.1307929999999
1701423601700, 2023-12-01T09:40:01.700Z, 1289.3069684000002, 537.3657992000001
1701423601715, 2023-12-01T09:40:01.715Z, 1279.028014, 546.8760422
1701423601731, 2023-12-01T09:40:01.731Z, 1273.1556332, 554.9734158
1701423601747, 2023-12-01T09:40:01.747Z, 1228.8559344, 545.9423482
1701423601762, 2023-12-01T09:40:01.762Z, 1140.517985, 533.6604130000001
1701423601778, 2023-12-01T09:40:01.778Z, 1047.9211898, 523.8927516
1701423601795, 2023-12-01T09:40:01.795Z, 948.0508475999999, 513.0047284000001
1701423601811, 2023-12-01T09:40:01.811Z, 843.2289406, 501.0263328
1701423601828, 2023-12-01T09:40:01.828Z, 782.3955684, 496.65079619999995
1701423601841, 2023-12-01T09:40:01.841Z, 762.8105428000001, 497.7395136
1701423601866, 2023-12-01T09:40:01.866Z, 731.9513184, 498.7115192
1701423601889, 2023-12-01T09:40:01.889Z, 703.6806554, 496.0590356000001
1701423601905, 2023-12-01T09:40:01.906Z, 667.4236418, 493.123038
1701423601921, 2023-12-01T09:40:01.921Z, 601.2180404000001, 481.9031712
1701423601938, 2023-12-01T09:40:01.938Z, 526.1948764000001, 466.289023
1701423601956, 2023-12-01T09:40:01.956Z, 463.52467820000004, 449.3421636
1701423601984, 2023-12-01T09:40:01.984Z, 414.2647266, 433.0665494
1701423601998, 2023-12-01T09:40:01.998Z, 377.17237059999997, 413.7849824000001
1701423602016, 2023-12-01T09:40:02.016Z, 364.11184299999996, 403.9974776
1701423602032, 2023-12-01T09:40:02.032Z, 357.3553978, 399.8785886
1701423602060, 2023-12-01T09:40:02.060Z, 344.0386608, 385.29184440000006
1701423602077, 2023-12-01T09:40:02.077Z, 322.7601524, 366.54719140000003
1701423602091, 2023-12-01T09:40:02.091Z, 302.3773318, 355.8186364
1701423602106, 2023-12-01T09:40:02.106Z, 280.954933, 341.1813138
1701423602121, 2023-12-01T09:40:02.121Z, 264.8870638, 329.273542
1701423602153, 2023-12-01T09:40:02.153Z, 257.23559140000003, 330.90070679999997
1701423602169, 2023-12-01T09:40:02.169Z, 260.19539580000003, 341.8166152
1701423602185, 2023-12-01T09:40:02.185Z, 261.59688600000004, 349.120839
1701423602200, 2023-12-01T09:40:02.200Z, 265.274838, 356.3997538
1701423602216, 2023-12-01T09:40:02.216Z, 267.4496538, 353.96946979999996
1701423602232, 2023-12-01T09:40:02.232Z, 277.33550720000005, 352.78414699999996
1701423602263, 2023-12-01T09:40:02.263Z, 286.1626428, 347.7569786
1701423602278, 2023-12-01T09:40:02.278Z, 291.68022, 338.65350279999996
1701423602316, 2023-12-01T09:40:02.316Z, 299.0834562, 328.0498796
1701423602359, 2023-12-01T09:40:02.359Z, 306.1527582, 309.8482458
1701423602374, 2023-12-01T09:40:02.374Z, 313.782638, 292.8954866
1701423602390, 2023-12-01T09:40:02.390Z, 311.2441284, 275.9377134
1701423602406, 2023-12-01T09:40:02.406Z, 322.3629214, 265.5248748
1701423602438, 2023-12-01T09:40:02.438Z, 355.2449036, 272.6662596
1701423602486, 2023-12-01T09:40:02.486Z, 444.4202066, 318.2972302
1701423602501, 2023-12-01T09:40:02.501Z, 535.326221, 362.9914374
1701423602534, 2023-12-01T09:40:02.534Z, 664.4507140000001, 415.50419980000004
1701423602549, 2023-12-01T09:40:02.549Z, 825.6201782, 474.888826
1701423602585, 2023-12-01T09:40:02.585Z, 966.8423210000001, 524.0740586
1701423602599, 2023-12-01T09:40:02.599Z, 1051.4084368, 549.6414528
1701423602629, 2023-12-01T09:40:02.629Z, 1124.122587, 572.3694200000001
1701423602646, 2023-12-01T09:40:02.646Z, 1161.7367218, 585.7483236
1701423602663, 2023-12-01T09:40:02.663Z, 1150.2705908, 578.9165164
1701423602678, 2023-12-01T09:40:02.678Z, 1133.5122228, 565.3390186
1701423602710, 2023-12-01T09:40:02.710Z, 1113.883652, 549.1243724
1701423602723, 2023-12-01T09:40:02.723Z, 1095.1584802, 532.6059416
1701423602766, 2023-12-01T09:40:02.766Z, 1080.9942323999999, 520.6871814
1701423602801, 2023-12-01T09:40:02.801Z, 1071.9253688, 517.5507592
1701423602817, 2023-12-01T09:40:02.817Z, 1065.7399184, 518.0355483999999
1701423602833, 2023-12-01T09:40:02.833Z, 1060.2361372, 521.3833726
1701423602849, 2023-12-01T09:40:02.849Z, 1054.657137, 524.2014158000001
1701423602864, 2023-12-01T09:40:02.864Z, 1049.060951, 524.6053738
1701423602881, 2023-12-01T09:40:02.881Z, 1042.9406308000002, 526.5376590000001
1701423602897, 2023-12-01T09:40:02.897Z, 1037.7452104000001, 528.1695688
1701423602913, 2023-12-01T09:40:02.913Z, 1032.9835908, 524.1340566
1701423602944, 2023-12-01T09:40:02.944Z, 1029.2808037999998, 520.5963038000001
1701423602959, 2023-12-01T09:40:02.959Z, 1030.4107900000001, 517.9882096
1701423602976, 2023-12-01T09:40:02.976Z, 1035.9013161999999, 518.5729806
1701423602991, 2023-12-01T09:40:02.991Z, 1042.1212532000002, 520.7931454000001
1701423603023, 2023-12-01T09:40:03.023Z, 1048.7950288, 528.0379258
1701423603038, 2023-12-01T09:40:03.038Z, 1055.6006453999998, 535.538617
1701423603066, 2023-12-01T09:40:03.066Z, 1054.0074564, 539.4347536
1701423603084, 2023-12-01T09:40:03.084Z, 1052.2297584, 540.8768032
1701423603132, 2023-12-01T09:40:03.132Z, 1052.8620706000002, 547.9614506
1701423603139, 2023-12-01T09:40:03.139Z, 1058.0459898000001, 559.2901479999999
1701423603185, 2023-12-01T09:40:03.185Z, 1063.6825021999998, 571.3787361999999
1701423603219, 2023-12-01T09:40:03.219Z, 1071.2741006, 587.9283012
1701423603256, 2023-12-01T09:40:03.256Z, 1080.03754, 601.4865818000001
1701423603271, 2023-12-01T09:40:03.271Z, 1086.8827159999998, 608.395118
1701423603294, 2023-12-01T09:40:03.294Z, 1088.332686, 610.8520074
1701423603319, 2023-12-01T09:40:03.319Z, 1090.1637776, 610.8910024
1701423603335, 2023-12-01T09:40:03.335Z, 1102.3487724000001, 610.8803678
1701423603381, 2023-12-01T09:40:03.381Z, 1121.1148642, 613.305162
1701423603398, 2023-12-01T09:40:03.398Z, 1149.5896882000002, 614.6311758
1701423603427, 2023-12-01T09:40:03.427Z, 1200.0218608, 610.1843576000001
1701423603444, 2023-12-01T09:40:03.444Z, 1253.6981772, 606.0367527999999
1701423603476, 2023-12-01T09:40:03.476Z, 1299.4060636, 600.6401377999999
1701423603490, 2023-12-01T09:40:03.490Z, 1334.3879026, 595.0458356
1701423603517, 2023-12-01T09:40:03.517Z, 1357.079003, 594.2091318
1701423603536, 2023-12-01T09:40:03.536Z, 1363.5692272000001, 604.5921448
1701423603569, 2023-12-01T09:40:03.569Z, 1348.2674954000001, 611.4580587999999
1701423603584, 2023-12-01T09:40:03.584Z, 1336.1762084, 618.0214857999999
1701423603618, 2023-12-01T09:40:03.618Z, 1327.0425534, 622.3053636000001
1701423603631, 2023-12-01T09:40:03.631Z, 1322.1131584, 624.1154750000001
1701423603665, 2023-12-01T09:40:03.665Z, 1315.3726324000002, 621.3047532
1701423603710, 2023-12-01T09:40:03.710Z, 1317.5566484, 625.1389426000001
1701423603741, 2023-12-01T09:40:03.741Z, 1314.5738198000001, 626.1266584000001
1701423603757, 2023-12-01T09:40:03.757Z, 1309.9025324, 628.1682681999999
1701423603789, 2023-12-01T09:40:03.789Z, 1304.096757, 627.7306558
1701423603837, 2023-12-01T09:40:03.837Z, 1294.6366400000002, 622.5341020000001
1701423603851, 2023-12-01T09:40:03.851Z, 1293.5454418000002, 614.4618706
1701423603884, 2023-12-01T09:40:03.884Z, 1297.2990373999999, 609.2067854
1701423603900, 2023-12-01T09:40:03.900Z, 1299.3142312, 604.9762956000001
1701423603931, 2023-12-01T09:40:03.931Z, 1298.4540972, 603.295598
1701423603946, 2023-12-01T09:40:03.946Z, 1295.4418124, 606.9265318
1701423603979, 2023-12-01T09:40:03.979Z, 1288.8243256, 609.463718
1701423603996, 2023-12-01T09:40:03.996Z, 1279.867339, 611.4284048000001
1701423604011, 2023-12-01T09:40:04.011Z, 1272.6988358, 612.118219
1701423604041, 2023-12-01T09:40:04.041Z, 1265.059056, 608.8488062
1701423604056, 2023-12-01T09:40:04.056Z, 1260.8622962, 601.6471456
1701423604073, 2023-12-01T09:40:04.073Z, 1262.6415278, 591.2074077999999
1701423604127, 2023-12-01T09:40:04.127Z, 1262.3068250000001, 581.3237638
1701423604156, 2023-12-01T09:40:04.156Z, 1258.5469912, 569.8010088
1701423604171, 2023-12-01T09:40:04.171Z, 1255.8864377999998, 560.8915966000001
1701423604199, 2023-12-01T09:40:04.199Z, 1252.0383454, 561.5382523999999
1701423604216, 2023-12-01T09:40:04.216Z, 1245.6679359999998, 568.3397802000001
1701423604278, 2023-12-01T09:40:04.278Z, 1241.7637889999999, 575.6039138
1701423604311, 2023-12-01T09:40:04.311Z, 1241.3931183999998, 584.532863
1701423604329, 2023-12-01T09:40:04.329Z, 1241.8372885999997, 595.4178802
1701423604341, 2023-12-01T09:40:04.341Z, 1244.7359637999998, 601.8879199999999
1701423604372, 2023-12-01T09:40:04.372Z, 1247.2191924, 606.826675
1701423604387, 2023-12-01T09:40:04.387Z, 1248.9669179999999, 610.6212136
1701423604415, 2023-12-01T09:40:04.415Z, 1216.8368796, 616.855132
1701423604435, 2023-12-01T09:40:04.435Z, 1179.3536028, 620.3094602
1701423604465, 2023-12-01T09:40:04.465Z, 1140.5493306, 620.4906526000001
1701423604481, 2023-12-01T09:40:04.481Z, 1100.1821398000002, 615.9215216
1701423604511, 2023-12-01T09:40:04.511Z, 1060.0935576, 611.7833788
1701423604529, 2023-12-01T09:40:04.529Z, 1055.936983, 605.6482252000001
1701423604564, 2023-12-01T09:40:04.564Z, 1052.963139, 602.1310987999999
1701423604605, 2023-12-01T09:40:04.605Z, 1045.9106728, 594.3407778
1701423604625, 2023-12-01T09:40:04.625Z, 1040.5819814, 592.0206821999999
1701423604643, 2023-12-01T09:40:04.643Z, 1032.9762699999999, 589.0178816
1701423604655, 2023-12-01T09:40:04.655Z, 1022.1503102, 586.0331393999999
1701423604687, 2023-12-01T09:40:04.687Z, 1014.034562, 573.1160214
1701423604732, 2023-12-01T09:40:04.732Z, 1012.4765464, 563.30062
1701423604749, 2023-12-01T09:40:04.749Z, 1012.9650272000001, 554.9357362
1701423604780, 2023-12-01T09:40:04.780Z, 1015.7512888000001, 545.3168641999999
1701423604795, 2023-12-01T09:40:04.795Z, 1017.3081833999998, 536.0824397999999
1701423604810, 2023-12-01T09:40:04.810Z, 1019.5459222, 535.1438373999999
1701423604827, 2023-12-01T09:40:04.827Z, 1019.0532636, 537.1601128
1701423604869, 2023-12-01T09:40:04.869Z, 1017.5019409999999, 540.7915311999999
1701423604883, 2023-12-01T09:40:04.883Z, 1015.6814048, 546.852002
1701423604891, 2023-12-01T09:40:04.891Z, 1013.4503194000001, 555.612053
1701423604934, 2023-12-01T09:40:04.934Z, 1011.4087024, 564.5073478
1701423604938, 2023-12-01T09:40:04.938Z, 1009.7909438, 571.6419472
1701423604958, 2023-12-01T09:40:04.958Z, 1010.5942176000001, 572.348669
1701423604985, 2023-12-01T09:40:04.985Z, 1013.0795558000002, 572.6445272
1701423605222, 2023-12-01T09:40:05.222Z, 897.8658856, 554.7682982
1701423605236, 2023-12-01T09:40:05.236Z, 771.7791512000001, 514.8718988
1701423605252, 2023-12-01T09:40:05.252Z, 647.8233392, 475.8554836
1701423605268, 2023-12-01T09:40:05.268Z, 511.2935234, 439.6205298
1701423605298, 2023-12-01T09:40:05.298Z, 370.4860944, 402.64279999999997
1701423605319, 2023-12-01T09:40:05.319Z, 338.0449072, 374.18337779999996
1701423605347, 2023-12-01T09:40:05.347Z, 308.79612800000007, 364.7430882
1701423605378, 2023-12-01T09:40:05.378Z, 279.4687424, 369.04259840000003
1701423605394, 2023-12-01T09:40:05.394Z, 258.6622588, 371.2532106
1701423605429, 2023-12-01T09:40:05.429Z, 237.92927920000002, 366.2705576
1701423605465, 2023-12-01T09:40:05.465Z, 232.58952960000002, 379.347532
1701423605504, 2023-12-01T09:40:05.504Z, 220.37109479999998, 394.11707400000006
1701423605521, 2023-12-01T09:40:05.521Z, 206.6346188, 394.1502472
1701423605554, 2023-12-01T09:40:05.554Z, 181.26876220000003, 396.009231
1701423605570, 2023-12-01T09:40:05.570Z, 158.5767314, 409.8625672
1701423605585, 2023-12-01T09:40:05.585Z, 126.73596760000001, 414.40228899999994
1701423605632, 2023-12-01T09:40:05.632Z, 108.61748579999998, 420.83721660000003
1701423605649, 2023-12-01T09:40:05.649Z, 90.3142292, 426.5890088
1701423605663, 2023-12-01T09:40:05.663Z, 83.7348236, 424.91801139999995
1701423605679, 2023-12-01T09:40:05.679Z, 75.6918688, 415.1872754
1701423605696, 2023-12-01T09:40:05.696Z, 74.5152026, 406.06589759999997
1701423605726, 2023-12-01T09:40:05.726Z, 74.9420322, 395.86490939999993
1701423605742, 2023-12-01T09:40:05.742Z, 71.5270498, 394.5516607999999
1701423605764, 2023-12-01T09:40:05.764Z, 59.55921479999999, 398.38157
1701423605781, 2023-12-01T09:40:05.781Z, 49.850064999999994, 407.875989
1701423605820, 2023-12-01T09:40:05.820Z, 38.91848159999999, 422.212875
1701423605836, 2023-12-01T09:40:05.836Z, 25.752176, 438.69282480000004
1701423605858, 2023-12-01T09:40:05.858Z, 16.3945562, 449.16481379999993
1701423605875, 2023-12-01T09:40:05.875Z, 17.808438000000002, 463.50706479999997
1701423605884, 2023-12-01T09:40:05.884Z, 19.9873326, 476.19913280000003
1701423605914, 2023-12-01T09:40:05.914Z, 34.700163399999994, 486.5872228
1701423605944, 2023-12-01T09:40:05.944Z, 50.16876, 488.09871439999995
1701423605960, 2023-12-01T09:40:05.960Z, 62.7440292, 485.102927
1701423605991, 2023-12-01T09:40:05.991Z, 68.360106, 481.1568966000001
1701423606008, 2023-12-01T09:40:06.008Z, 69.34606679999999, 481.53912479999997
1701423606021, 2023-12-01T09:40:06.021Z, 55.2966232, 477.7556044
1701423606111, 2023-12-01T09:40:06.111Z, 61.768409199999994, 490.4394354
1701423606125, 2023-12-01T09:40:06.125Z, 76.9029978, 508.7052368000001
1701423606131, 2023-12-01T09:40:06.131Z, 132.4265098, 525.1317556
1701423606149, 2023-12-01T09:40:06.149Z, 177.3922268, 539.2031961999999
1701423606178, 2023-12-01T09:40:06.178Z, 232.16326639999997, 549.6992653999998
1701423606192, 2023-12-01T09:40:06.192Z, 274.6119952, 545.9662788
1701423606214, 2023-12-01T09:40:06.214Z, 321.1619678, 533.3583438
1701423606242, 2023-12-01T09:40:06.242Z, 325.8882668, 515.4742876
1701423606257, 2023-12-01T09:40:06.257Z, 355.044634, 499.572671
1701423606270, 2023-12-01T09:40:06.270Z, 388.127362, 480.6550174
1701423606286, 2023-12-01T09:40:06.286Z, 415.2463394, 465.658728
1701423606302, 2023-12-01T09:40:06.302Z, 434.53690020000005, 455.82047679999994
1701423606318, 2023-12-01T09:40:06.318Z, 465.553028, 450.5782114
1701423606334, 2023-12-01T09:40:06.334Z, 486.6998395999999, 445.7023118
1701423606366, 2023-12-01T09:40:06.366Z, 491.56130299999995, 432.72297820000006
1701423606381, 2023-12-01T09:40:06.381Z, 495.6241594, 421.60625980000003
1701423606396, 2023-12-01T09:40:06.396Z, 504.58072139999996, 419.0295278
1701423606412, 2023-12-01T09:40:06.412Z, 506.3918454000001, 414.18764419999997
1701423606443, 2023-12-01T09:40:06.443Z, 529.9154688000001, 413.4847184
1701423606491, 2023-12-01T09:40:06.491Z, 577.6373136, 436.2145714
1701423606512, 2023-12-01T09:40:06.512Z, 652.6333092000001, 476.470811
1701423606541, 2023-12-01T09:40:06.541Z, 735.5919922, 520.1899426
1701423606570, 2023-12-01T09:40:06.570Z, 806.4361744, 555.9557542
1701423606584, 2023-12-01T09:40:06.584Z, 872.7172678000001, 588.1324023999999
1701423606599, 2023-12-01T09:40:06.599Z, 936.8849738000001, 609.5773700000001
1701423606632, 2023-12-01T09:40:06.632Z, 1001.0335849999999, 613.1827196
1701423606648, 2023-12-01T09:40:06.648Z, 1051.9918878, 605.6386742000001
1701423606664, 2023-12-01T09:40:06.664Z, 1117.1093045999999, 609.3576718
1701423606695, 2023-12-01T09:40:06.695Z, 1164.8364932, 608.6105838000001
1701423606728, 2023-12-01T09:40:06.728Z, 1199.4156774, 612.2978154
1701423606776, 2023-12-01T09:40:06.776Z, 1208.1458177999998, 614.1047496000001
1701423606818, 2023-12-01T09:40:06.818Z, 1221.4999144, 626.0744686
1701423606857, 2023-12-01T09:40:06.857Z, 1228.1921326, 636.6788972
1701423606867, 2023-12-01T09:40:06.867Z, 1234.822947, 643.4776423999999
1701423606913, 2023-12-01T09:40:06.913Z, 1234.1196298, 642.9603881999999
1701423606946, 2023-12-01T09:40:06.946Z, 1233.6057084, 646.9065201999999
1701423606963, 2023-12-01T09:40:06.963Z, 1229.3808022, 644.7257794
1701423606992, 2023-12-01T09:40:06.992Z, 1232.0974196, 646.3765096
1701423607011, 2023-12-01T09:40:07.011Z, 1230.2387305999998, 664.1024082
1701423607024, 2023-12-01T09:40:07.024Z, 1227.9827988, 694.2327137999999
1701423607041, 2023-12-01T09:40:07.041Z, 1216.3634734, 723.5300664
1701423607070, 2023-12-01T09:40:07.070Z, 1191.69856, 753.0474802000001
1701423607085, 2023-12-01T09:40:07.085Z, 1163.825528, 781.2502264000001
1701423607114, 2023-12-01T09:40:07.114Z, 1133.235384, 794.9620502
1701423607133, 2023-12-01T09:40:07.133Z, 1087.4135242, 795.1955192
1701423607150, 2023-12-01T09:40:07.150Z, 1053.744404, 792.8153606000001
1701423607165, 2023-12-01T09:40:07.165Z, 1032.7605286, 784.0521648
1701423607182, 2023-12-01T09:40:07.182Z, 1043.6519223999999, 791.134464
1701423607228, 2023-12-01T09:40:07.228Z, 1073.1255864, 800.7192597999999
1701423607274, 2023-12-01T09:40:07.274Z, 1110.2245805999999, 804.7684821999999
1701423607307, 2023-12-01T09:40:07.307Z, 1127.4952898000001, 801.2963616
1701423607322, 2023-12-01T09:40:07.322Z, 1147.1319048, 800.6526624
1701423607353, 2023-12-01T09:40:07.353Z, 1137.6026082, 787.6691285999999
1701423607369, 2023-12-01T09:40:07.369Z, 1117.5951302, 774.872916
1701423607385, 2023-12-01T09:40:07.385Z, 1120.7442652000002, 778.0008202
1701423607414, 2023-12-01T09:40:07.414Z, 1133.3749192, 789.1070483999999
1701423607431, 2023-12-01T09:40:07.431Z, 1134.5339915999998, 798.5025641999999
1701423607447, 2023-12-01T09:40:07.447Z, 1138.6063952, 804.2499396000001
1701423607479, 2023-12-01T09:40:07.479Z, 1131.2383786, 806.4786776
1701423607495, 2023-12-01T09:40:07.495Z, 1114.1286064, 805.0021902000001
1701423607513, 2023-12-01T09:40:07.513Z, 1105.905946, 803.9713783999999
1701423607527, 2023-12-01T09:40:07.527Z, 1111.1077558000002, 808.8765624
1701423607542, 2023-12-01T09:40:07.542Z, 1113.8492828, 815.373508
1701423607765, 2023-12-01T09:40:07.765Z, 1128.9490062, 837.2007568000001
1701423607796, 2023-12-01T09:40:07.796Z, 1128.8904226, 851.0759596
1701423607812, 2023-12-01T09:40:07.812Z, 1120.377852, 860.3698630000001
1701423607845, 2023-12-01T09:40:07.845Z, 1106.9739688, 864.9329561999999
1701423607863, 2023-12-01T09:40:07.863Z, 1084.7422686, 871.7037518
1701423607892, 2023-12-01T09:40:07.892Z, 1050.4294888, 869.3704722
1701423607907, 2023-12-01T09:40:07.907Z, 1034.4156348000001, 876.5110306
1701423607971, 2023-12-01T09:40:07.971Z, 1023.4077898000002, 887.3400324
1701423608017, 2023-12-01T09:40:08.017Z, 1008.2811924, 898.2577758
1701423608051, 2023-12-01T09:40:08.051Z, 1002.1314421999999, 905.253715
1701423608206, 2023-12-01T09:40:08.206Z, 1002.8188744000001, 907.6791948
1701423608222, 2023-12-01T09:40:08.222Z, 991.4634376, 905.5455953999999
1701423608240, 2023-12-01T09:40:08.240Z, 985.2851584, 904.9312424
1701423608254, 2023-12-01T09:40:08.254Z, 982.0800808, 903.9790036
1701423608270, 2023-12-01T09:40:08.270Z, 982.1633760000001, 902.2791728
1701423608311, 2023-12-01T09:40:08.311Z, 985.3212068, 902.4750839999999
1701423608333, 2023-12-01T09:40:08.333Z, 995.8705737999999, 905.1571962
1701423608367, 2023-12-01T09:40:08.367Z, 1002.9317962000001, 905.9716661999998
1701423608381, 2023-12-01T09:40:08.381Z, 1000.6652332000001, 897.9254094
1701423608395, 2023-12-01T09:40:08.395Z, 995.665034, 890.2887978000001
1701423608429, 2023-12-01T09:40:08.429Z, 997.8681313999999, 888.8181447999999
1701423608445, 2023-12-01T09:40:08.445Z, 996.3337944000001, 883.3138581999999
1701423608490, 2023-12-01T09:40:08.490Z, 992.9073298, 877.6659749999999
1701423608509, 2023-12-01T09:40:08.509Z, 1001.9049078, 880.9374918
1701423608538, 2023-12-01T09:40:08.538Z, 1014.3349160000001, 883.4303452
1701423608572, 2023-12-01T09:40:08.572Z, 1018.6459416000001, 881.9273866
1701423608585, 2023-12-01T09:40:08.585Z, 1023.4230713999999, 884.2001147999999
1701423608631, 2023-12-01T09:40:08.631Z, 1031.9751246, 888.3676439999999
1701423608694, 2023-12-01T09:40:08.694Z, 1030.7048342, 894.0386244000001
1701423608709, 2023-12-01T09:40:08.709Z, 1025.9171423999999, 899.8979385999999
1701423608724, 2023-12-01T09:40:08.724Z, 1016.7642818, 899.9351639999999
1701423608741, 2023-12-01T09:40:08.741Z, 1007.4242988, 899.0176412000001
1701423608760, 2023-12-01T09:40:08.760Z, 992.3483326000002, 897.7961949999999
1701423608806, 2023-12-01T09:40:08.806Z, 994.4883154000001, 892.2639872
1701423608818, 2023-12-01T09:40:08.818Z, 994.4201432000002, 885.888356
1701423608834, 2023-12-01T09:40:08.834Z, 997.6660784, 879.7726422000002
1701423608849, 2023-12-01T09:40:08.849Z, 1012.221031, 870.0374373999999
1701423608865, 2023-12-01T09:40:08.865Z, 1026.6186248, 864.8163134
1701423608880, 2023-12-01T09:40:08.880Z, 1028.6682260000002, 863.5959998000001
1701423608896, 2023-12-01T09:40:08.896Z, 1040.5637801999999, 864.5717248000001
1701423609161, 2023-12-01T09:40:09.161Z, 1048.4919342, 871.8858491999999
1701423609192, 2023-12-01T09:40:09.192Z, 1042.0404853999999, 884.0937138000002
1701423609241, 2023-12-01T09:40:09.241Z, 1041.5662562, 889.4703574000001
1701423609258, 2023-12-01T09:40:09.258Z, 1039.9343448, 896.3847726
1701423609288, 2023-12-01T09:40:09.288Z, 1020.1365154000002, 896.2293362
1701423609302, 2023-12-01T09:40:09.302Z, 1007.2317150000001, 893.00329
1701423609317, 2023-12-01T09:40:09.317Z, 992.9534238, 889.6079366
1701423609332, 2023-12-01T09:40:09.332Z, 974.6254261999999, 888.1100339999999
1701423609347, 2023-12-01T09:40:09.347Z, 962.1603083999998, 883.5699976
1701423609378, 2023-12-01T09:40:09.378Z, 956.2007396000001, 889.6394616
1701423609427, 2023-12-01T09:40:09.427Z, 952.5336496, 893.4882502
1701423609458, 2023-12-01T09:40:09.458Z, 974.360556, 897.4802287999998
1701423609475, 2023-12-01T09:40:09.475Z, 1070.5009263999998, 900.1195834
1701423609753, 2023-12-01T09:40:09.753Z, 1122.7889876, 883.520812
1701423609769, 2023-12-01T09:40:09.769Z, 1194.2864826, 870.0760844
1701423609800, 2023-12-01T09:40:09.800Z, 1263.6022613999999, 857.4124976
1701423609831, 2023-12-01T09:40:09.831Z, 1319.5661182, 849.9662152000001